0.0 0.0 0.00 60.0 1.0
0.0 1.4842839 0.00 60.0 1.0
0.0 1.4842839 0.01 59.0 2.0
0.0 2.9685678 0.01 59.0 2.0
0.0 2.9685678 0.02 58.0 3.0
0.0 4.452852 0.02 58.0 3.0
0.0 4.452852 0.03 57.0 4.0
0.0 5.9371357 0.03 57.0 4.0
0.0 5.9371357 0.04 56.0 5.0
0.0 7.4214196 0.04 56.0 5.0
0.0 7.4214196 0.05 55.0 6.0
0.0 8.905704 0.05 55.0 6.0
0.0 8.905704 0.06 54.0 7.0
0.0 10.389988 0.06 54.0 7.0
0.0 10.389988 0.07 53.0 8.0
0.0 11.874271 0.07 53.0 8.0
0.0 11.874271 0.08 52.0 9.0
0.0 13.358555 0.08 52.0 9.0
0.0 13.358555 0.09 51.0 10.0
0.0 14.842838 0.09 51.0 10.0
0.0 14.842838 0.010 50.0 11.0
0.0 16.327122 0.010 50.0 11.0
0.0 16.327122 0.011 49.0 12.0
0.0 17.811405 0.011 49.0 12.0
0.0 17.811405 0.012 48.0 13.0
0.0 19.295689 0.012 48.0 13.0
0.0 19.295689 0.013 47.0 14.0
0.0 20.779972 0.013 47.0 14.0
0.0 20.779972 0.014 46.0 15.0
0.0 22.264256 0.014 46.0 15.0
0.0 22.264256 0.015 45.0 16.0
0.0 23.748539 0.015 45.0 16.0
0.0 23.748539 0.016 28.0 17.0
-0.6190549 25.049356 0.357411516 28.0 17.0
-0.6190549 25.049356 0.357411517 27.0 18.0
-1.2381098 26.350174 0.71482317 27.0 18.0
-1.2381098 26.350174 0.71482318 26.0 19.0
-1.8571647 27.650991 1.072234518 26.0 19.0
-1.8571647 27.650991 1.072234519 25.0 20.0
-2.4762197 28.951809 1.42964619 25.0 20.0
-2.4762197 28.951809 1.42964620 24.0 21.0
-3.0952744 30.252626 1.787057520 24.0 21.0
-3.0952744 30.252626 1.787057521 23.0 22.0
-3.7143292 31.553444 2.14446921 23.0 22.0
-3.7143292 31.553444 2.14446922 22.0 23.0
-4.333384 32.854263 2.501880622 22.0 23.0
-4.333384 32.854263 2.501880623 21.0 24.0
-4.952439 34.155083 2.85929223 21.0 24.0
-4.952439 34.155083 2.85929224 12.0 25.0
-4.952439 35.639366 2.85929224 12.0 25.0
-4.952439 35.639366 2.85929225 11.0 26.0
-4.952439 37.12365 2.85929225 11.0 26.0
-4.952439 37.12365 2.85929226 10.0 27.0
-4.952439 38.607933 2.85929226 10.0 27.0
-4.952439 38.607933 2.85929227 9.0 28.0
-4.952439 40.092216 2.85929227 9.0 28.0
-4.952439 40.092216 2.85929228 4.0 29.0
-4.333384 41.393036 2.501880628 4.0 29.0
-4.333384 41.393036 2.501880629 3.0 30.0
-3.7143292 42.693855 2.144469329 3.0 30.0
-3.7143292 42.693855 2.144469330 0.0 31.0
-3.7143292 44.17814 2.144469330 0.0 31.0
-3.7143292 44.17814 2.144469331 0.0 32.0
-3.7143292 45.662422 2.144469331 0.0 32.0
-3.7143292 42.693855 2.144469332 2.0 31.0
-2.9995062 43.994675 2.144469332 2.0 31.0
-2.9995062 43.994675 2.144469333 1.0 32.0
-2.2846832 45.295494 2.144469333 1.0 32.0
-2.2846832 45.295494 2.144469334 0.0 33.0
-1.1996111 46.091267 1.518002534 0.0 33.0
-1.1996111 46.091267 1.518002535 0.0 34.0
0.053322315 46.88704 1.518002535 0.0 34.0
-2.2846832 45.295494 2.144469336 0.0 33.0
-2.2846832 46.779778 2.144469336 0.0 33.0
-2.2846832 46.779778 2.144469337 0.0 34.0
-2.2846832 48.26406 2.144469337 0.0 34.0
-4.952439 40.092216 2.85929238 8.0 29.0
-4.952439 41.5765 2.85929238 8.0 29.0
-4.952439 41.5765 2.85929239 7.0 30.0
-4.952439 43.060783 2.85929239 7.0 30.0
-4.952439 43.060783 2.85929240 6.0 31.0
-4.952439 44.545067 2.85929240 6.0 31.0
-4.952439 44.545067 2.85929241 5.0 32.0
-4.952439 46.02935 2.85929241 5.0 32.0
-4.952439 46.02935 2.85929242 4.0 33.0
-4.333384 47.33017 2.501880642 4.0 33.0
-4.333384 47.33017 2.501880643 3.0 34.0
-3.7143292 48.63099 2.144469343 3.0 34.0
-3.7143292 48.63099 2.144469344 0.0 35.0
-3.7143292 50.115273 2.144469344 0.0 35.0
-3.7143292 50.115273 2.144469345 0.0 36.0
-3.7143292 51.599556 2.144469345 0.0 36.0
-3.7143292 48.63099 2.144469346 2.0 35.0
-2.9995062 49.93181 2.144469346 2.0 35.0
-2.9995062 49.93181 2.144469347 1.0 36.0
-2.2846832 51.232628 2.144469347 1.0 36.0
-2.2846832 51.232628 2.144469348 0.0 37.0
-1.1996111 52.0284 1.518002548 0.0 37.0
-1.1996111 52.0284 1.518002549 0.0 38.0
0.053322315 52.824173 1.518002549 0.0 38.0
-2.2846832 51.232628 2.144469350 0.0 37.0
-2.2846832 52.71691 2.144469350 0.0 37.0
-2.2846832 52.71691 2.144469351 0.0 38.0
-2.2846832 54.201195 2.144469351 0.0 38.0
-4.952439 46.02935 2.85929252 4.0 33.0
-5.667262 47.33017 2.85929252 4.0 33.0
-5.667262 47.33017 2.85929253 3.0 34.0
-6.382085 48.63099 2.85929253 3.0 34.0
-6.382085 48.63099 2.85929254 0.0 35.0
-7.467157 49.42676 3.485758854 0.0 35.0
-7.467157 49.42676 3.485758855 0.0 36.0
-8.72009 50.222534 3.485758855 0.0 36.0
-6.382085 48.63099 2.85929256 2.0 35.0
-7.0969076 49.93181 2.85929256 2.0 35.0
-7.0969076 49.93181 2.85929257 1.0 36.0
-7.8117304 51.232628 2.85929257 1.0 36.0
-7.8117304 51.232628 2.85929258 0.0 37.0
-7.8117304 52.71691 2.85929258 0.0 37.0
-7.8117304 52.71691 2.85929259 0.0 38.0
-7.8117304 54.201195 2.85929259 0.0 38.0
-7.8117304 51.232628 2.85929260 0.0 37.0
-9.064664 52.0284 2.85929260 0.0 37.0
-9.064664 52.0284 2.85929261 0.0 38.0
-10.317597 52.824173 2.85929261 0.0 38.0
-4.952439 34.155083 2.85929262 20.0 25.0
-5.667262 35.455902 2.85929262 20.0 25.0
-5.667262 35.455902 2.85929263 19.0 26.0
-6.382085 36.75672 2.85929263 19.0 26.0
-6.382085 36.75672 2.85929264 18.0 27.0
-7.0969076 38.05754 2.85929264 18.0 27.0
-7.0969076 38.05754 2.85929265 17.0 28.0
-7.8117304 39.35836 2.85929265 17.0 28.0
-7.8117304 39.35836 2.85929266 16.0 29.0
-8.526553 40.65918 2.85929266 16.0 29.0
-8.526553 40.65918 2.85929267 15.0 30.0
-9.241376 41.96 2.85929267 15.0 30.0
-9.241376 41.96 2.85929268 14.0 31.0
-9.956199 43.26082 2.85929268 14.0 31.0
-9.956199 43.26082 2.85929269 13.0 32.0
-10.671021 44.561638 2.85929269 13.0 32.0
-10.671021 44.561638 2.85929270 12.0 33.0
-10.671021 46.04592 2.85929270 12.0 33.0
-10.671021 46.04592 2.85929271 11.0 34.0
-10.671021 47.530205 2.85929271 11.0 34.0
-10.671021 47.530205 2.85929272 10.0 35.0
-10.671021 49.01449 2.85929272 10.0 35.0
-10.671021 49.01449 2.85929273 9.0 36.0
-10.671021 50.49877 2.85929273 9.0 36.0
-10.671021 50.49877 2.85929274 4.0 37.0
-10.051967 51.79959 2.501880674 4.0 37.0
-10.051967 51.79959 2.501880675 3.0 38.0
-9.432912 53.10041 2.144469375 3.0 38.0
-9.432912 53.10041 2.144469376 0.0 39.0
-9.432912 54.584694 2.144469376 0.0 39.0
-9.432912 54.584694 2.144469377 0.0 40.0
-9.432912 56.068977 2.144469377 0.0 40.0
-9.432912 53.10041 2.144469378 2.0 39.0
-8.718089 54.40123 2.144469378 2.0 39.0
-8.718089 54.40123 2.144469379 1.0 40.0
-8.003266 55.70205 2.144469379 1.0 40.0
-8.003266 55.70205 2.144469380 0.0 41.0
-6.9181943 56.49782 1.518002580 0.0 41.0
-6.9181943 56.49782 1.518002581 0.0 42.0
-5.665261 57.293594 1.518002581 0.0 42.0
-8.003266 55.70205 2.144469382 0.0 41.0
-8.003266 57.186333 2.144469382 0.0 41.0
-8.003266 57.186333 2.144469383 0.0 42.0
-8.003266 58.670616 2.144469383 0.0 42.0
-10.671021 50.49877 2.85929284 8.0 37.0
-10.671021 51.983055 2.85929284 8.0 37.0
-10.671021 51.983055 2.85929285 7.0 38.0
-10.671021 53.46734 2.85929285 7.0 38.0
-10.671021 53.46734 2.85929286 6.0 39.0
-10.671021 54.951622 2.85929286 6.0 39.0
-10.671021 54.951622 2.85929287 5.0 40.0
-10.671021 56.435905 2.85929287 5.0 40.0
-10.671021 56.435905 2.85929288 4.0 41.0
-10.051967 57.736725 2.501880688 4.0 41.0
-10.051967 57.736725 2.501880689 3.0 42.0
-9.432912 59.037544 2.144469389 3.0 42.0
-9.432912 59.037544 2.144469390 0.0 43.0
-9.432912 60.521828 2.144469390 0.0 43.0
-9.432912 60.521828 2.144469391 0.0 44.0
-9.432912 62.00611 2.144469391 0.0 44.0
-9.432912 59.037544 2.144469392 2.0 43.0
-8.718089 60.338364 2.144469392 2.0 43.0
-8.718089 60.338364 2.144469393 1.0 44.0
-8.003266 61.639183 2.144469393 1.0 44.0
-8.003266 61.639183 2.144469394 0.0 45.0
-6.9181943 62.434956 1.518002594 0.0 45.0
-6.9181943 62.434956 1.518002595 0.0 46.0
-5.665261 63.23073 1.518002595 0.0 46.0
-8.003266 61.639183 2.144469396 0.0 45.0
-8.003266 63.123466 2.144469396 0.0 45.0
-8.003266 63.123466 2.144469397 0.0 46.0
-8.003266 64.60775 2.144469397 0.0 46.0
-10.671021 56.435905 2.85929298 4.0 41.0
-11.385844 57.736725 2.85929298 4.0 41.0
-11.385844 57.736725 2.85929299 3.0 42.0
-12.100667 59.037544 2.85929299 3.0 42.0
-12.100667 59.037544 2.859292100 0.0 43.0
-13.1857395 59.833317 3.4857588100 0.0 43.0
-13.1857395 59.833317 3.4857588101 0.0 44.0
-14.438673 60.62909 3.4857588101 0.0 44.0
-12.100667 59.037544 2.859292102 2.0 43.0
-12.81549 60.338364 2.859292102 2.0 43.0
-12.81549 60.338364 2.859292103 1.0 44.0
-13.530313 61.639183 2.859292103 1.0 44.0
-13.530313 61.639183 2.859292104 0.0 45.0
-13.530313 63.123466 2.859292104 0.0 45.0
-13.530313 63.123466 2.859292105 0.0 46.0
-13.530313 64.60775 2.859292105 0.0 46.0
-13.530313 61.639183 2.859292106 0.0 45.0
-14.783246 62.434956 2.859292106 0.0 45.0
-14.783246 62.434956 2.859292107 0.0 46.0
-16.036179 63.23073 2.859292107 0.0 46.0
-10.671021 44.561638 2.859292108 12.0 33.0
-11.923955 45.35741 2.859292108 12.0 33.0
-11.923955 45.35741 2.859292109 11.0 34.0
-13.176888 46.153183 2.859292109 11.0 34.0
-13.176888 46.153183 2.859292110 10.0 35.0
-14.429822 46.948956 2.859292110 10.0 35.0
-14.429822 46.948956 2.859292111 9.0 36.0
-15.682755 47.744728 2.859292111 9.0 36.0
-15.682755 47.744728 2.859292112 4.0 37.0
-16.301811 49.045547 3.2167034112 4.0 37.0
-16.301811 49.045547 3.2167034113 3.0 38.0
-16.920866 50.346367 3.5741148113 3.0 38.0
-16.920866 50.346367 3.5741148114 0.0 39.0
-18.005938 51.14214 4.2005816114 0.0 39.0
-18.005938 51.14214 4.2005816115 0.0 40.0
-19.258871 51.937912 4.2005816115 0.0 40.0
-16.920866 50.346367 3.5741148116 2.0 39.0
-17.635689 51.647186 3.5741148116 2.0 39.0
-17.635689 51.647186 3.5741148117 1.0 40.0
-18.350512 52.948006 3.5741148117 1.0 40.0
-18.350512 52.948006 3.5741148118 0.0 41.0
-18.350512 54.43229 3.5741148118 0.0 41.0
-18.350512 54.43229 3.5741148119 0.0 42.0
-18.350512 55.916573 3.5741148119 0.0 42.0
-18.350512 52.948006 3.5741148120 0.0 41.0
-19.603445 53.74378 3.5741148120 0.0 41.0
-19.603445 53.74378 3.5741148121 0.0 42.0
-20.856379 54.53955 3.5741148121 0.0 42.0
-15.682755 47.744728 2.859292122 8.0 37.0
-16.935688 48.5405 2.859292122 8.0 37.0
-16.935688 48.5405 2.859292123 7.0 38.0
-18.188622 49.336273 2.859292123 7.0 38.0
-18.188622 49.336273 2.859292124 6.0 39.0
-19.441555 50.132046 2.859292124 6.0 39.0
-19.441555 50.132046 2.859292125 5.0 40.0
-20.694489 50.92782 2.859292125 5.0 40.0
-20.694489 50.92782 2.859292126 4.0 41.0
-21.313543 52.228638 3.2167034126 4.0 41.0
-21.313543 52.228638 3.2167034127 3.0 42.0
-21.932598 53.529457 3.5741148127 3.0 42.0
-21.932598 53.529457 3.5741148128 0.0 43.0
-23.01767 54.32523 4.2005816128 0.0 43.0
-23.01767 54.32523 4.2005816129 0.0 44.0
-24.270603 55.121002 4.2005816129 0.0 44.0
-21.932598 53.529457 3.5741148130 2.0 43.0
-22.64742 54.830276 3.5741148130 2.0 43.0
-22.64742 54.830276 3.5741148131 1.0 44.0
-23.362244 56.131096 3.5741148131 1.0 44.0
-23.362244 56.131096 3.5741148132 0.0 45.0
-23.362244 57.61538 3.5741148132 0.0 45.0
-23.362244 57.61538 3.5741148133 0.0 46.0
-23.362244 59.099663 3.5741148133 0.0 46.0
-23.362244 56.131096 3.5741148134 0.0 45.0
-24.615177 56.92687 3.5741148134 0.0 45.0
-24.615177 56.92687 3.5741148135 0.0 46.0
-25.86811 57.72264 3.5741148135 0.0 46.0
-20.694489 50.92782 2.859292136 4.0 41.0
-22.175793 51.021824 2.859292136 4.0 41.0
-22.175793 51.021824 2.859292137 3.0 42.0
-23.657097 51.11583 2.859292137 3.0 42.0
-23.657097 51.11583 2.859292138 0.0 43.0
-24.820583 50.48483 3.5310316138 0.0 43.0
-24.820583 50.48483 3.5310316139 0.0 44.0
-26.164062 49.85383 3.5310316139 0.0 44.0
-23.657097 51.11583 2.859292140 2.0 43.0
-25.138401 51.209835 2.859292140 2.0 43.0
-25.138401 51.209835 2.859292141 1.0 44.0
-26.619705 51.30384 2.859292141 1.0 44.0
-26.619705 51.30384 2.859292142 0.0 45.0
-27.704777 52.099613 3.4857588142 0.0 45.0
-27.704777 52.099613 3.4857588143 0.0 46.0
-28.95771 52.895386 3.4857588143 0.0 46.0
-26.619705 51.30384 2.859292144 0.0 45.0
-27.963184 50.67284 2.859292144 0.0 45.0
-27.963184 50.67284 2.859292145 0.0 46.0
-29.306664 50.04184 2.859292145 0.0 46.0
0.0 23.748539 0.0146 44.0 17.0
0.0 25.232822 0.0146 44.0 17.0
0.0 25.232822 0.0147 43.0 18.0
0.0 26.717106 0.0147 43.0 18.0
0.0 26.717106 0.0148 42.0 19.0
0.0 28.20139 0.0148 42.0 19.0
0.0 28.20139 0.0149 41.0 20.0
0.0 29.685673 0.0149 41.0 20.0
0.0 29.685673 0.0150 40.0 21.0
0.0 31.169956 0.0150 40.0 21.0
0.0 31.169956 0.0151 39.0 22.0
0.0 32.65424 0.0151 39.0 22.0
0.0 32.65424 0.0152 38.0 23.0
0.0 34.138523 0.0152 38.0 23.0
0.0 34.138523 0.0153 37.0 24.0
0.0 35.622807 0.0153 37.0 24.0
0.0 35.622807 0.0154 36.0 25.0
0.0 37.10709 0.0154 36.0 25.0
0.0 37.10709 0.0155 35.0 26.0
0.0 38.591373 0.0155 35.0 26.0
0.0 38.591373 0.0156 34.0 27.0
0.0 40.075657 0.0156 34.0 27.0
0.0 40.075657 0.0157 33.0 28.0
0.0 41.55994 0.0157 33.0 28.0
0.0 41.55994 0.0158 32.0 29.0
0.0 43.044224 0.0158 32.0 29.0
0.0 43.044224 0.0159 31.0 30.0
0.0 44.528507 0.0159 31.0 30.0
0.0 44.528507 0.0160 30.0 31.0
0.0 46.01279 0.0160 30.0 31.0
0.0 46.01279 0.0161 29.0 32.0
0.0 47.497074 0.0161 29.0 32.0
0.0 47.497074 0.0162 28.0 33.0
0.6190549 48.797894 -0.3574115162 28.0 33.0
0.6190549 48.797894 -0.3574115163 27.0 34.0
1.2381098 50.098713 -0.714823163 27.0 34.0
1.2381098 50.098713 -0.714823164 26.0 35.0
1.8571647 51.399532 -1.0722345164 26.0 35.0
1.8571647 51.399532 -1.0722345165 25.0 36.0
2.4762197 52.70035 -1.429646165 25.0 36.0
2.4762197 52.70035 -1.429646166 24.0 37.0
3.0952744 54.00117 -1.7870575166 24.0 37.0
3.0952744 54.00117 -1.7870575167 23.0 38.0
3.7143292 55.30199 -2.144469167 23.0 38.0
3.7143292 55.30199 -2.144469168 22.0 39.0
4.333384 56.60281 -2.5018806168 22.0 39.0
4.333384 56.60281 -2.5018806169 21.0 40.0
4.952439 57.90363 -2.859292169 21.0 40.0
4.952439 57.90363 -2.859292170 12.0 41.0
6.037511 58.6994 -3.4857588170 12.0 41.0
6.037511 58.6994 -3.4857588171 11.0 42.0
7.122583 59.495174 -4.1122255171 11.0 42.0
7.122583 59.495174 -4.1122255172 10.0 43.0
8.207655 60.290947 -4.7386923172 10.0 43.0
8.207655 60.290947 -4.7386923173 9.0 44.0
9.292727 61.08672 -5.365159173 9.0 44.0
9.292727 61.08672 -5.365159174 4.0 45.0
10.575575 61.180725 -6.105811174 4.0 45.0
10.575575 61.180725 -6.105811175 3.0 46.0
11.858421 61.27473 -6.846463175 3.0 46.0
11.858421 61.27473 -6.846463176 0.0 47.0
12.943494 62.070503 -7.47293176 0.0 47.0
12.943494 62.070503 -7.47293177 0.0 48.0
14.196427 62.866276 -7.47293177 0.0 48.0
11.858421 61.27473 -6.846463178 2.0 47.0
13.3397255 61.368736 -6.846463178 2.0 47.0
13.3397255 61.368736 -6.846463179 1.0 48.0
14.82103 61.46274 -6.846463179 1.0 48.0
14.82103 61.46274 -6.846463180 0.0 49.0
15.984516 60.83174 -7.518203180 0.0 49.0
15.984516 60.83174 -7.518203181 0.0 50.0
17.327995 60.20074 -7.518203181 0.0 50.0
14.82103 61.46274 -6.846463182 0.0 49.0
16.073963 62.258514 -6.846463182 0.0 49.0
16.073963 62.258514 -6.846463183 0.0 50.0
17.326897 63.054287 -6.846463183 0.0 50.0
9.292727 61.08672 -5.365159184 8.0 45.0
10.545661 61.882492 -5.365159184 8.0 45.0
10.545661 61.882492 -5.365159185 7.0 46.0
11.798594 62.678265 -5.365159185 7.0 46.0
11.798594 62.678265 -5.365159186 6.0 47.0
13.051528 63.474037 -5.365159186 6.0 47.0
13.051528 63.474037 -5.365159187 5.0 48.0
14.3044615 64.26981 -5.365159187 5.0 48.0
14.3044615 64.26981 -5.365159188 4.0 49.0
15.587309 64.36382 -6.105811188 4.0 49.0
15.587309 64.36382 -6.105811189 3.0 50.0
16.870155 64.45783 -6.846463189 3.0 50.0
16.870155 64.45783 -6.846463190 0.0 51.0
17.955227 65.25361 -7.47293190 0.0 51.0
17.955227 65.25361 -7.47293191 0.0 52.0
19.20816 66.049385 -7.47293191 0.0 52.0
16.870155 64.45783 -6.846463192 2.0 51.0
18.35146 64.55184 -6.846463192 2.0 51.0
18.35146 64.55184 -6.846463193 1.0 52.0
19.832764 64.64585 -6.846463193 1.0 52.0
19.832764 64.64585 -6.846463194 0.0 53.0
20.99625 64.01485 -7.518203194 0.0 53.0
20.99625 64.01485 -7.518203195 0.0 54.0
22.33973 63.383846 -7.518203195 0.0 54.0
19.832764 64.64585 -6.846463196 0.0 53.0
21.085697 65.44163 -6.846463196 0.0 53.0
21.085697 65.44163 -6.846463197 0.0 54.0
22.33863 66.237404 -6.846463197 0.0 54.0
14.3044615 64.26981 -5.365159198 4.0 49.0
15.019284 65.57063 -5.365159198 4.0 49.0
15.019284 65.57063 -5.365159199 3.0 50.0
15.734107 66.87145 -5.365159199 3.0 50.0
15.734107 66.87145 -5.365159200 0.0 51.0
15.734107 68.355736 -5.365159200 0.0 51.0
15.734107 68.355736 -5.365159201 0.0 52.0
15.734107 69.84002 -5.365159201 0.0 52.0
15.734107 66.87145 -5.365159202 2.0 51.0
16.44893 68.17227 -5.365159202 2.0 51.0
16.44893 68.17227 -5.365159203 1.0 52.0
17.163754 69.47309 -5.365159203 1.0 52.0
17.163754 69.47309 -5.365159204 0.0 53.0
18.248825 70.26887 -5.991626204 0.0 53.0
18.248825 70.26887 -5.991626205 0.0 54.0
19.501759 71.064644 -5.991626205 0.0 54.0
17.163754 69.47309 -5.365159206 0.0 53.0
17.163754 70.957375 -5.365159206 0.0 53.0
17.163754 70.957375 -5.365159207 0.0 54.0
17.163754 72.44166 -5.365159207 0.0 54.0
4.952439 57.90363 -2.859292208 20.0 41.0
5.667262 59.20445 -2.859292208 20.0 41.0
5.667262 59.20445 -2.859292209 19.0 42.0
6.382085 60.50527 -2.859292209 19.0 42.0
6.382085 60.50527 -2.859292210 18.0 43.0
7.0969076 61.806087 -2.859292210 18.0 43.0
7.0969076 61.806087 -2.859292211 17.0 44.0
7.8117304 63.106907 -2.859292211 17.0 44.0
7.8117304 63.106907 -2.859292212 16.0 45.0
8.526553 64.40772 -2.859292212 16.0 45.0
8.526553 64.40772 -2.859292213 15.0 46.0
9.241376 65.70854 -2.859292213 15.0 46.0
9.241376 65.70854 -2.859292214 14.0 47.0
9.956199 67.00936 -2.859292214 14.0 47.0
9.956199 67.00936 -2.859292215 13.0 48.0
10.671021 68.31018 -2.859292215 13.0 48.0
10.671021 68.31018 -2.859292216 12.0 49.0
11.756094 69.10596 -3.4857588216 12.0 49.0
11.756094 69.10596 -3.4857588217 11.0 50.0
12.8411665 69.90173 -4.1122255217 11.0 50.0
12.8411665 69.90173 -4.1122255218 10.0 51.0
13.926239 70.69751 -4.7386923218 10.0 51.0
13.926239 70.69751 -4.7386923219 9.0 52.0
15.011312 71.493286 -5.365159219 9.0 52.0
15.011312 71.493286 -5.365159220 4.0 53.0
16.294159 71.587296 -6.105811220 4.0 53.0
16.294159 71.587296 -6.105811221 3.0 54.0
17.577005 71.681305 -6.846463221 3.0 54.0
17.577005 71.681305 -6.846463222 0.0 55.0
18.662077 72.47708 -7.47293222 0.0 55.0
18.662077 72.47708 -7.47293223 0.0 56.0
19.91501 73.27286 -7.47293223 0.0 56.0
17.577005 71.681305 -6.846463224 2.0 55.0
19.05831 71.775314 -6.846463224 2.0 55.0
19.05831 71.775314 -6.846463225 1.0 56.0
20.539614 71.86932 -6.846463225 1.0 56.0
20.539614 71.86932 -6.846463226 0.0 57.0
21.7031 71.23832 -7.518203226 0.0 57.0
21.7031 71.23832 -7.518203227 0.0 58.0
23.04658 70.607315 -7.518203227 0.0 58.0
20.539614 71.86932 -6.846463228 0.0 57.0
21.792547 72.6651 -6.846463228 0.0 57.0
21.792547 72.6651 -6.846463229 0.0 58.0
23.04548 73.46088 -6.846463229 0.0 58.0
15.011312 71.493286 -5.365159230 8.0 53.0
16.264244 72.28906 -5.365159230 8.0 53.0
16.264244 72.28906 -5.365159231 7.0 54.0
17.517178 73.08484 -5.365159231 7.0 54.0
17.517178 73.08484 -5.365159232 6.0 55.0
18.770111 73.880615 -5.365159232 6.0 55.0
18.770111 73.880615 -5.365159233 5.0 56.0
20.023045 74.67639 -5.365159233 5.0 56.0
20.023045 74.67639 -5.365159234 4.0 57.0
21.305891 74.7704 -6.105811234 4.0 57.0
21.305891 74.7704 -6.105811235 3.0 58.0
22.588737 74.86441 -6.846463235 3.0 58.0
22.588737 74.86441 -6.846463236 0.0 59.0
23.67381 75.66019 -7.47293236 0.0 59.0
23.67381 75.66019 -7.47293237 0.0 60.0
24.926743 76.45596 -7.47293237 0.0 60.0
22.588737 74.86441 -6.846463238 2.0 59.0
24.070042 74.95842 -6.846463238 2.0 59.0
24.070042 74.95842 -6.846463239 1.0 60.0
25.551346 75.05243 -6.846463239 1.0 60.0
25.551346 75.05243 -6.846463240 0.0 61.0
26.714832 74.421425 -7.518203240 0.0 61.0
26.714832 74.421425 -7.518203241 0.0 62.0
28.058311 73.79042 -7.518203241 0.0 62.0
25.551346 75.05243 -6.846463242 0.0 61.0
26.80428 75.848206 -6.846463242 0.0 61.0
26.80428 75.848206 -6.846463243 0.0 62.0
28.057213 76.64398 -6.846463243 0.0 62.0
20.023045 74.67639 -5.365159244 4.0 57.0
20.737867 75.97721 -5.365159244 4.0 57.0
20.737867 75.97721 -5.365159245 3.0 58.0
21.45269 77.27803 -5.365159245 3.0 58.0
21.45269 77.27803 -5.365159246 0.0 59.0
21.45269 78.762314 -5.365159246 0.0 59.0
21.45269 78.762314 -5.365159247 0.0 60.0
21.45269 80.2466 -5.365159247 0.0 60.0
21.45269 77.27803 -5.365159248 2.0 59.0
22.167513 78.57885 -5.365159248 2.0 59.0
22.167513 78.57885 -5.365159249 1.0 60.0
22.882336 79.87967 -5.365159249 1.0 60.0
22.882336 79.87967 -5.365159250 0.0 61.0
23.967407 80.675446 -5.991626250 0.0 61.0
23.967407 80.675446 -5.991626251 0.0 62.0
25.22034 81.47122 -5.991626251 0.0 62.0
22.882336 79.87967 -5.365159252 0.0 61.0
22.882336 81.36395 -5.365159252 0.0 61.0
22.882336 81.36395 -5.365159253 0.0 62.0
22.882336 82.848236 -5.365159253 0.0 62.0
10.671021 68.31018 -2.859292254 12.0 49.0
10.671021 69.794464 -2.859292254 12.0 49.0
10.671021 69.794464 -2.859292255 11.0 50.0
10.671021 71.27875 -2.859292255 11.0 50.0
10.671021 71.27875 -2.859292256 10.0 51.0
10.671021 72.76303 -2.859292256 10.0 51.0
10.671021 72.76303 -2.859292257 9.0 52.0
10.671021 74.247314 -2.859292257 9.0 52.0
10.671021 74.247314 -2.859292258 4.0 53.0
11.290076 75.548134 -3.2167034258 4.0 53.0
11.290076 75.548134 -3.2167034259 3.0 54.0
11.909131 76.84895 -3.5741148259 3.0 54.0
11.909131 76.84895 -3.5741148260 0.0 55.0
11.909131 78.33324 -3.5741148260 0.0 55.0
11.909131 78.33324 -3.5741148261 0.0 56.0
11.909131 79.81752 -3.5741148261 0.0 56.0
11.909131 76.84895 -3.5741148262 2.0 55.0
12.623954 78.14977 -3.5741148262 2.0 55.0
12.623954 78.14977 -3.5741148263 1.0 56.0
13.338777 79.45059 -3.5741148263 1.0 56.0
13.338777 79.45059 -3.5741148264 0.0 57.0
14.423849 80.24637 -4.2005816264 0.0 57.0
14.423849 80.24637 -4.2005816265 0.0 58.0
15.676783 81.042145 -4.2005816265 0.0 58.0
13.338777 79.45059 -3.5741148266 0.0 57.0
13.338777 80.934875 -3.5741148266 0.0 57.0
13.338777 80.934875 -3.5741148267 0.0 58.0
13.338777 82.41916 -3.5741148267 0.0 58.0
10.671021 74.247314 -2.859292268 8.0 53.0
10.671021 75.7316 -2.859292268 8.0 53.0
10.671021 75.7316 -2.859292269 7.0 54.0
10.671021 77.21588 -2.859292269 7.0 54.0
10.671021 77.21588 -2.859292270 6.0 55.0
10.671021 78.700165 -2.859292270 6.0 55.0
10.671021 78.700165 -2.859292271 5.0 56.0
10.671021 80.18445 -2.859292271 5.0 56.0
10.671021 80.18445 -2.859292272 4.0 57.0
11.290076 81.48527 -3.2167034272 4.0 57.0
11.290076 81.48527 -3.2167034273 3.0 58.0
11.909131 82.78609 -3.5741148273 3.0 58.0
11.909131 82.78609 -3.5741148274 0.0 59.0
11.909131 84.27037 -3.5741148274 0.0 59.0
11.909131 84.27037 -3.5741148275 0.0 60.0
11.909131 85.754654 -3.5741148275 0.0 60.0
11.909131 82.78609 -3.5741148276 2.0 59.0
12.623954 84.08691 -3.5741148276 2.0 59.0
12.623954 84.08691 -3.5741148277 1.0 60.0
13.338777 85.387726 -3.5741148277 1.0 60.0
13.338777 85.387726 -3.5741148278 0.0 61.0
14.423849 86.1835 -4.2005816278 0.0 61.0
14.423849 86.1835 -4.2005816279 0.0 62.0
15.676783 86.97928 -4.2005816279 0.0 62.0
13.338777 85.387726 -3.5741148280 0.0 61.0
13.338777 86.87201 -3.5741148280 0.0 61.0
13.338777 86.87201 -3.5741148281 0.0 62.0
13.338777 88.35629 -3.5741148281 0.0 62.0
10.671021 80.18445 -2.859292282 4.0 57.0
9.956199 81.48527 -2.859292282 4.0 57.0
9.956199 81.48527 -2.859292283 3.0 58.0
9.241376 82.78609 -2.859292283 3.0 58.0
9.241376 82.78609 -2.859292284 0.0 59.0
8.156303 83.58186 -2.2328253284 0.0 59.0
8.156303 83.58186 -2.2328253285 0.0 60.0
6.90337 84.37764 -2.2328253285 0.0 60.0
9.241376 82.78609 -2.859292286 2.0 59.0
8.526553 84.08691 -2.859292286 2.0 59.0
8.526553 84.08691 -2.859292287 1.0 60.0
7.8117304 85.387726 -2.859292287 1.0 60.0
7.8117304 85.387726 -2.859292288 0.0 61.0
7.8117304 86.87201 -2.859292288 0.0 61.0
7.8117304 86.87201 -2.859292289 0.0 62.0
7.8117304 88.35629 -2.859292289 0.0 62.0
7.8117304 85.387726 -2.859292290 0.0 61.0
6.558797 86.1835 -2.859292290 0.0 61.0
6.558797 86.1835 -2.859292291 0.0 62.0
5.3058634 86.97928 -2.859292291 0.0 62.0
0.0 47.497074 0.0292 28.0 33.0
-0.714823 48.797894 0.0292 28.0 33.0
-0.714823 48.797894 0.0293 27.0 34.0
-1.429646 50.098713 0.0293 27.0 34.0
-1.429646 50.098713 0.0294 26.0 35.0
-2.144469 51.399532 0.0294 26.0 35.0
-2.144469 51.399532 0.0295 25.0 36.0
-2.859292 52.70035 0.0295 25.0 36.0
-2.859292 52.70035 0.0296 24.0 37.0
-3.574115 54.00117 0.0296 24.0 37.0
-3.574115 54.00117 0.0297 23.0 38.0
-4.288938 55.30199 0.0297 23.0 38.0
-4.288938 55.30199 0.0298 22.0 39.0
-5.0037613 56.60281 0.0298 22.0 39.0
-5.0037613 56.60281 0.0299 21.0 40.0
-5.718584 57.90363 0.0299 21.0 40.0
-5.718584 57.90363 0.0300 12.0 41.0
-5.718584 59.387913 0.0300 12.0 41.0
-5.718584 59.387913 0.0301 11.0 42.0
-5.718584 60.872196 0.0301 11.0 42.0
-5.718584 60.872196 0.0302 10.0 43.0
-5.718584 62.35648 0.0302 10.0 43.0
-5.718584 62.35648 0.0303 9.0 44.0
-5.718584 63.840763 0.0303 9.0 44.0
-5.718584 63.840763 0.0304 4.0 45.0
-5.0995293 65.14158 -0.3574115304 4.0 45.0
-5.0995293 65.14158 -0.3574115305 3.0 46.0
-4.4804745 66.4424 -0.714823305 3.0 46.0
-4.4804745 66.4424 -0.714823306 0.0 47.0
-4.4804745 67.92668 -0.714823306 0.0 47.0
-4.4804745 67.92668 -0.714823307 0.0 48.0
-4.4804745 69.410965 -0.714823307 0.0 48.0
-4.4804745 66.4424 -0.714823308 2.0 47.0
-3.7656515 67.74322 -0.714823308 2.0 47.0
-3.7656515 67.74322 -0.714823309 1.0 48.0
-3.0508285 69.04404 -0.714823309 1.0 48.0
-3.0508285 69.04404 -0.714823310 0.0 49.0
-1.9657563 69.83981 -1.3412898310 0.0 49.0
-1.9657563 69.83981 -1.3412898311 0.0 50.0
-0.7128229 70.63559 -1.3412898311 0.0 50.0
-3.0508285 69.04404 -0.714823312 0.0 49.0
-3.0508285 70.52832 -0.714823312 0.0 49.0
-3.0508285 70.52832 -0.714823313 0.0 50.0
-3.0508285 72.0126 -0.714823313 0.0 50.0
-5.718584 63.840763 0.0314 8.0 45.0
-5.718584 65.32505 0.0314 8.0 45.0
-5.718584 65.32505 0.0315 7.0 46.0
-5.718584 66.80933 0.0315 7.0 46.0
-5.718584 66.80933 0.0316 6.0 47.0
-5.718584 68.29362 0.0316 6.0 47.0
-5.718584 68.29362 0.0317 5.0 48.0
-5.718584 69.7779 0.0317 5.0 48.0
-5.718584 69.7779 0.0318 4.0 49.0
-5.0995293 71.07872 -0.3574115318 4.0 49.0
-5.0995293 71.07872 -0.3574115319 3.0 50.0
-4.4804745 72.37954 -0.714823319 3.0 50.0
-4.4804745 72.37954 -0.714823320 0.0 51.0
-4.4804745 73.86382 -0.714823320 0.0 51.0
-4.4804745 73.86382 -0.714823321 0.0 52.0
-4.4804745 75.34811 -0.714823321 0.0 52.0
-4.4804745 72.37954 -0.714823322 2.0 51.0
-3.7656515 73.68036 -0.714823322 2.0 51.0
-3.7656515 73.68036 -0.714823323 1.0 52.0
-3.0508285 74.98118 -0.714823323 1.0 52.0
-3.0508285 74.98118 -0.714823324 0.0 53.0
-1.9657563 75.776955 -1.3412898324 0.0 53.0
-1.9657563 75.776955 -1.3412898325 0.0 54.0
-0.7128229 76.57273 -1.3412898325 0.0 54.0
-3.0508285 74.98118 -0.714823326 0.0 53.0
-3.0508285 76.46546 -0.714823326 0.0 53.0
-3.0508285 76.46546 -0.714823327 0.0 54.0
-3.0508285 77.949745 -0.714823327 0.0 54.0
-5.718584 69.7779 0.0328 4.0 49.0
-6.433407 71.07872 0.0328 4.0 49.0
-6.433407 71.07872 0.0329 3.0 50.0
-7.1482296 72.37954 0.0329 3.0 50.0
-7.1482296 72.37954 0.0330 0.0 51.0
-8.233302 73.175316 0.6264667330 0.0 51.0
-8.233302 73.175316 0.6264667331 0.0 52.0
-9.486236 73.97109 0.6264667331 0.0 52.0
-7.1482296 72.37954 0.0332 2.0 51.0
-7.8630524 73.68036 0.0332 2.0 51.0
-7.8630524 73.68036 0.0333 1.0 52.0
-8.577875 74.98118 0.0333 1.0 52.0
-8.577875 74.98118 0.0334 0.0 53.0
-8.577875 76.46546 0.0334 0.0 53.0
-8.577875 76.46546 0.0335 0.0 54.0
-8.577875 77.949745 0.0335 0.0 54.0
-8.577875 74.98118 0.0336 0.0 53.0
-9.830809 75.776955 0.0336 0.0 53.0
-9.830809 75.776955 0.0337 0.0 54.0
-11.083742 76.57273 0.0337 0.0 54.0
-5.718584 57.90363 0.0338 20.0 41.0
-6.433407 59.20445 0.0338 20.0 41.0
-6.433407 59.20445 0.0339 19.0 42.0
-7.1482296 60.50527 0.0339 19.0 42.0
-7.1482296 60.50527 0.0340 18.0 43.0
-7.8630524 61.806087 0.0340 18.0 43.0
-7.8630524 61.806087 0.0341 17.0 44.0
-8.577875 63.106907 0.0341 17.0 44.0
-8.577875 63.106907 0.0342 16.0 45.0
-9.292698 64.40772 0.0342 16.0 45.0
-9.292698 64.40772 0.0343 15.0 46.0
-10.007521 65.70854 0.0343 15.0 46.0
-10.007521 65.70854 0.0344 14.0 47.0
-10.722343 67.00936 0.0344 14.0 47.0
-10.722343 67.00936 0.0345 13.0 48.0
-11.437166 68.31018 0.0345 13.0 48.0
-11.437166 68.31018 0.0346 12.0 49.0
-11.437166 69.794464 0.0346 12.0 49.0
-11.437166 69.794464 0.0347 11.0 50.0
-11.437166 71.27875 0.0347 11.0 50.0
-11.437166 71.27875 0.0348 10.0 51.0
-11.437166 72.76303 0.0348 10.0 51.0
-11.437166 72.76303 0.0349 9.0 52.0
-11.437166 74.247314 0.0349 9.0 52.0
-11.437166 74.247314 0.0350 4.0 53.0
-10.818111 75.548134 -0.3574115350 4.0 53.0
-10.818111 75.548134 -0.3574115351 3.0 54.0
-10.199057 76.84895 -0.714823351 3.0 54.0
-10.199057 76.84895 -0.714823352 0.0 55.0
-10.199057 78.33324 -0.714823352 0.0 55.0
-10.199057 78.33324 -0.714823353 0.0 56.0
-10.199057 79.81752 -0.714823353 0.0 56.0
-10.199057 76.84895 -0.714823354 2.0 55.0
-9.484234 78.14977 -0.714823354 2.0 55.0
-9.484234 78.14977 -0.714823355 1.0 56.0
-8.769411 79.45059 -0.714823355 1.0 56.0
-8.769411 79.45059 -0.714823356 0.0 57.0
-7.684339 80.24637 -1.3412898356 0.0 57.0
-7.684339 80.24637 -1.3412898357 0.0 58.0
-6.4314055 81.042145 -1.3412898357 0.0 58.0
-8.769411 79.45059 -0.714823358 0.0 57.0
-8.769411 80.934875 -0.714823358 0.0 57.0
-8.769411 80.934875 -0.714823359 0.0 58.0
-8.769411 82.41916 -0.714823359 0.0 58.0
-11.437166 74.247314 0.0360 8.0 53.0
-11.437166 75.7316 0.0360 8.0 53.0
-11.437166 75.7316 0.0361 7.0 54.0
-11.437166 77.21588 0.0361 7.0 54.0
-11.437166 77.21588 0.0362 6.0 55.0
-11.437166 78.700165 0.0362 6.0 55.0
-11.437166 78.700165 0.0363 5.0 56.0
-11.437166 80.18445 0.0363 5.0 56.0
-11.437166 80.18445 0.0364 4.0 57.0
-10.818111 81.48527 -0.3574115364 4.0 57.0
-10.818111 81.48527 -0.3574115365 3.0 58.0
-10.199057 82.78609 -0.714823365 3.0 58.0
-10.199057 82.78609 -0.714823366 0.0 59.0
-10.199057 84.27037 -0.714823366 0.0 59.0
-10.199057 84.27037 -0.714823367 0.0 60.0
-10.199057 85.754654 -0.714823367 0.0 60.0
-10.199057 82.78609 -0.714823368 2.0 59.0
-9.484234 84.08691 -0.714823368 2.0 59.0
-9.484234 84.08691 -0.714823369 1.0 60.0
-8.769411 85.387726 -0.714823369 1.0 60.0
-8.769411 85.387726 -0.714823370 0.0 61.0
-7.684339 86.1835 -1.3412898370 0.0 61.0
-7.684339 86.1835 -1.3412898371 0.0 62.0
-6.4314055 86.97928 -1.3412898371 0.0 62.0
-8.769411 85.387726 -0.714823372 0.0 61.0
-8.769411 86.87201 -0.714823372 0.0 61.0
-8.769411 86.87201 -0.714823373 0.0 62.0
-8.769411 88.35629 -0.714823373 0.0 62.0
-11.437166 80.18445 0.0374 4.0 57.0
-12.151989 81.48527 0.0374 4.0 57.0
-12.151989 81.48527 0.0375 3.0 58.0
-12.866812 82.78609 0.0375 3.0 58.0
-12.866812 82.78609 0.0376 0.0 59.0
-13.951884 83.58186 0.6264667376 0.0 59.0
-13.951884 83.58186 0.6264667377 0.0 60.0
-15.204818 84.37764 0.6264667377 0.0 60.0
-12.866812 82.78609 0.0378 2.0 59.0
-13.5816345 84.08691 0.0378 2.0 59.0
-13.5816345 84.08691 0.0379 1.0 60.0
-14.296457 85.387726 0.0379 1.0 60.0
-14.296457 85.387726 0.0380 0.0 61.0
-14.296457 86.87201 0.0380 0.0 61.0
-14.296457 86.87201 0.0381 0.0 62.0
-14.296457 88.35629 0.0381 0.0 62.0
-14.296457 85.387726 0.0382 0.0 61.0
-15.549391 86.1835 0.0382 0.0 61.0
-15.549391 86.1835 0.0383 0.0 62.0
-16.802324 86.97928 0.0383 0.0 62.0
-11.437166 68.31018 0.0384 12.0 49.0
-12.6901 69.10596 0.0384 12.0 49.0
-12.6901 69.10596 0.0385 11.0 50.0
-13.943033 69.90173 0.0385 11.0 50.0
-13.943033 69.90173 0.0386 10.0 51.0
-15.195967 70.69751 0.0386 10.0 51.0
-15.195967 70.69751 0.0387 9.0 52.0
-16.4489 71.493286 0.0387 9.0 52.0
-16.4489 71.493286 0.0388 4.0 53.0
-17.067955 72.794106 0.3574115388 4.0 53.0
-17.067955 72.794106 0.3574115389 3.0 54.0
-17.68701 74.094925 0.714823389 3.0 54.0
-17.68701 74.094925 0.714823390 0.0 55.0
-18.772081 74.8907 1.3412898390 0.0 55.0
-18.772081 74.8907 1.3412898391 0.0 56.0
-20.025015 75.68648 1.3412898391 0.0 56.0
-17.68701 74.094925 0.714823392 2.0 55.0
-18.401833 75.395744 0.714823392 2.0 55.0
-18.401833 75.395744 0.714823393 1.0 56.0
-19.116655 76.69656 0.714823393 1.0 56.0
-19.116655 76.69656 0.714823394 0.0 57.0
-19.116655 78.18085 0.714823394 0.0 57.0
-19.116655 78.18085 0.714823395 0.0 58.0
-19.116655 79.66513 0.714823395 0.0 58.0
-19.116655 76.69656 0.714823396 0.0 57.0
-20.369589 77.49234 0.714823396 0.0 57.0
-20.369589 77.49234 0.714823397 0.0 58.0
-21.622522 78.28812 0.714823397 0.0 58.0
-16.4489 71.493286 0.0398 8.0 53.0
-17.701834 72.28906 0.0398 8.0 53.0
-17.701834 72.28906 0.0399 7.0 54.0
-18.954767 73.08484 0.0399 7.0 54.0
-18.954767 73.08484 0.0400 6.0 55.0
-20.2077 73.880615 0.0400 6.0 55.0
-20.2077 73.880615 0.0401 5.0 56.0
-21.460634 74.67639 0.0401 5.0 56.0
-21.460634 74.67639 0.0402 4.0 57.0
-22.079689 75.97721 0.3574115402 4.0 57.0
-22.079689 75.97721 0.3574115403 3.0 58.0
-22.698744 77.27803 0.714823403 3.0 58.0
-22.698744 77.27803 0.714823404 0.0 59.0
-23.783815 78.07381 1.3412898404 0.0 59.0
-23.783815 78.07381 1.3412898405 0.0 60.0
-25.036749 78.86958 1.3412898405 0.0 60.0
-22.698744 77.27803 0.714823406 2.0 59.0
-23.413567 78.57885 0.714823406 2.0 59.0
-23.413567 78.57885 0.714823407 1.0 60.0
-24.12839 79.87967 0.714823407 1.0 60.0
-24.12839 79.87967 0.714823408 0.0 61.0
-24.12839 81.36395 0.714823408 0.0 61.0
-24.12839 81.36395 0.714823409 0.0 62.0
-24.12839 82.848236 0.714823409 0.0 62.0
-24.12839 79.87967 0.714823410 0.0 61.0
-25.381323 80.675446 0.714823410 0.0 61.0
-25.381323 80.675446 0.714823411 0.0 62.0
-26.634256 81.47122 0.714823411 0.0 62.0
-21.460634 74.67639 0.0412 4.0 57.0
-22.941938 74.7704 0.0412 4.0 57.0
-22.941938 74.7704 0.0413 3.0 58.0
-24.423243 74.86441 0.0413 3.0 58.0
-24.423243 74.86441 0.0414 0.0 59.0
-25.58673 74.233406 0.67173946414 0.0 59.0
-25.58673 74.233406 0.67173946415 0.0 60.0
-26.930208 73.6024 0.67173946415 0.0 60.0
-24.423243 74.86441 0.0416 2.0 59.0
-25.904547 74.95842 0.0416 2.0 59.0
-25.904547 74.95842 0.0417 1.0 60.0
-27.38585 75.05243 0.0417 1.0 60.0
-27.38585 75.05243 0.0418 0.0 61.0
-28.470922 75.848206 0.6264667418 0.0 61.0
-28.470922 75.848206 0.6264667419 0.0 62.0
-29.723856 76.64398 0.6264667419 0.0 62.0
-27.38585 75.05243 0.0420 0.0 61.0
-28.72933 74.421425 0.0420 0.0 61.0
-28.72933 74.421425 0.0421 0.0 62.0
-30.07281 73.79042 0.0421 0.0 62.0
