0.0 0.0 0.00 28.0 1.0
0.0 1.92016 0.00 28.0 1.0
0.0 1.92016 0.01 27.0 2.0
0.0 3.84032 0.01 27.0 2.0
0.0 3.84032 0.02 26.0 3.0
0.0 5.76048 0.02 26.0 3.0
0.0 5.76048 0.03 25.0 4.0
0.0 7.68064 0.03 25.0 4.0
0.0 7.68064 0.04 24.0 5.0
0.0 9.6008005 0.04 24.0 5.0
0.0 9.6008005 0.05 23.0 6.0
0.0 11.520961 0.05 23.0 6.0
0.0 11.520961 0.06 22.0 7.0
0.0 13.441121 0.06 22.0 7.0
0.0 13.441121 0.07 21.0 8.0
0.0 15.361281 0.07 21.0 8.0
0.0 15.361281 0.08 12.0 9.0
-0.4350913 17.214552 0.251200088 12.0 9.0
-0.4350913 17.214552 0.251200089 11.0 10.0
-0.8701826 19.067822 0.502400169 11.0 10.0
-0.8701826 19.067822 0.5024001610 10.0 11.0
-1.3052739 20.921091 0.7536002410 10.0 11.0
-1.3052739 20.921091 0.7536002411 9.0 12.0
-1.7403651 22.77436 1.004800311 9.0 12.0
-1.7403651 22.77436 1.004800312 4.0 13.0
-2.580234 24.43162 1.489698912 4.0 13.0
-2.580234 24.43162 1.489698913 3.0 14.0
-3.420103 26.088879 1.974597513 3.0 14.0
-3.420103 26.088879 1.974597514 0.0 15.0
-4.606235 27.434664 2.65941114 0.0 15.0
-4.606235 27.434664 2.65941115 0.0 16.0
-5.975862 28.780449 2.65941115 0.0 16.0
-3.420103 26.088879 1.974597516 0.0 15.0
-3.8551943 27.942148 2.225797716 0.0 15.0
-3.8551943 27.942148 2.225797717 0.0 16.0
-4.3575945 29.795418 2.225797717 0.0 16.0
-3.420103 26.088879 1.974597518 2.0 15.0
-4.3899 27.746138 1.974597518 2.0 15.0
-4.3899 27.746138 1.974597519 1.0 16.0
-5.3596973 29.403397 1.974597519 1.0 16.0
-5.3596973 29.403397 1.974597520 0.0 17.0
-6.3294945 31.060656 1.974597520 0.0 17.0
-6.3294945 31.060656 1.974597521 0.0 18.0
-7.2992916 32.717915 1.974597521 0.0 18.0
-1.7403651 22.77436 1.004800322 4.0 13.0
-1.7403651 24.69452 1.004800322 4.0 13.0
-1.7403651 24.69452 1.004800323 3.0 14.0
-1.7403651 26.614681 1.004800323 3.0 14.0
-1.7403651 26.614681 1.004800324 0.0 15.0
-2.1754565 28.46795 1.256000424 0.0 15.0
-2.1754565 28.46795 1.256000425 0.0 16.0
-2.6778567 30.32122 1.256000425 0.0 16.0
-1.7403651 26.614681 1.004800326 0.0 15.0
-1.3052739 28.46795 0.7536002426 0.0 15.0
-1.3052739 28.46795 0.7536002427 0.0 16.0
-0.80287373 30.32122 0.7536002427 0.0 16.0
-1.7403651 26.614681 1.004800328 2.0 15.0
-1.7403651 28.534842 1.004800328 2.0 15.0
-1.7403651 28.534842 1.004800329 1.0 16.0
-1.7403651 30.455002 1.004800329 1.0 16.0
-1.7403651 30.455002 1.004800330 0.0 17.0
-1.7403651 32.37516 1.004800330 0.0 17.0
-1.7403651 32.37516 1.004800331 0.0 18.0
-1.7403651 34.29532 1.004800331 0.0 18.0
-1.7403651 22.77436 1.004800332 8.0 13.0
-2.2427654 24.62763 1.004800332 8.0 13.0
-2.2427654 24.62763 1.004800333 7.0 14.0
-2.7451656 26.4809 1.004800333 7.0 14.0
-2.7451656 26.4809 1.004800334 6.0 15.0
-3.2475657 28.33417 1.004800334 6.0 15.0
-3.2475657 28.33417 1.004800335 5.0 16.0
-3.749966 30.187439 1.004800335 5.0 16.0
-3.749966 30.187439 1.004800336 4.0 17.0
-4.252366 32.04071 1.004800336 4.0 17.0
-4.252366 32.04071 1.004800337 3.0 18.0
-4.7547665 33.893982 1.004800337 3.0 18.0
-4.7547665 33.893982 1.004800338 0.0 19.0
-5.5946355 35.551243 1.489698938 0.0 19.0
-5.5946355 35.551243 1.489698939 0.0 20.0
-6.5644326 37.208504 1.489698939 0.0 20.0
-4.7547665 33.893982 1.004800340 0.0 19.0
-4.7547665 35.81414 1.004800340 0.0 19.0
-4.7547665 35.81414 1.004800341 0.0 20.0
-4.7547665 37.7343 1.004800341 0.0 20.0
-4.7547665 33.893982 1.004800342 2.0 19.0
-5.257167 35.747253 1.004800342 2.0 19.0
-5.257167 35.747253 1.004800343 1.0 20.0
-5.7595673 37.600525 1.004800343 1.0 20.0
-5.7595673 37.600525 1.004800344 0.0 21.0
-6.2619677 39.453796 1.004800344 0.0 21.0
-6.2619677 39.453796 1.004800345 0.0 22.0
-6.764368 41.307068 1.004800345 0.0 22.0
0.0 15.361281 0.046 12.0 9.0
0.4350913 17.214552 -0.2512000846 12.0 9.0
0.4350913 17.214552 -0.2512000847 11.0 10.0
0.8701826 19.067822 -0.5024001647 11.0 10.0
0.8701826 19.067822 -0.5024001648 10.0 11.0
1.3052739 20.921091 -0.7536002448 10.0 11.0
1.3052739 20.921091 -0.7536002449 9.0 12.0
1.7403651 22.77436 -1.004800349 9.0 12.0
1.7403651 22.77436 -1.004800350 4.0 13.0
1.7403651 24.69452 -1.004800350 4.0 13.0
1.7403651 24.69452 -1.004800351 3.0 14.0
1.7403651 26.614681 -1.004800351 3.0 14.0
1.7403651 26.614681 -1.004800352 0.0 15.0
1.3052739 28.46795 -0.7536002452 0.0 15.0
1.3052739 28.46795 -0.7536002453 0.0 16.0
0.80287373 30.32122 -0.7536002453 0.0 16.0
1.7403651 26.614681 -1.004800354 0.0 15.0
2.1754565 28.46795 -1.256000454 0.0 15.0
2.1754565 28.46795 -1.256000455 0.0 16.0
2.6778567 30.32122 -1.256000455 0.0 16.0
1.7403651 26.614681 -1.004800356 2.0 15.0
1.7403651 28.534842 -1.004800356 2.0 15.0
1.7403651 28.534842 -1.004800357 1.0 16.0
1.7403651 30.455002 -1.004800357 1.0 16.0
1.7403651 30.455002 -1.004800358 0.0 17.0
1.7403651 32.37516 -1.004800358 0.0 17.0
1.7403651 32.37516 -1.004800359 0.0 18.0
1.7403651 34.29532 -1.004800359 0.0 18.0
1.7403651 22.77436 -1.004800360 4.0 13.0
2.580234 24.43162 -1.489698960 4.0 13.0
2.580234 24.43162 -1.489698961 3.0 14.0
3.420103 26.088879 -1.974597561 3.0 14.0
3.420103 26.088879 -1.974597562 0.0 15.0
3.8551943 27.942148 -2.225797762 0.0 15.0
3.8551943 27.942148 -2.225797763 0.0 16.0
4.3575945 29.795418 -2.225797763 0.0 16.0
3.420103 26.088879 -1.974597564 0.0 15.0
4.606235 27.434664 -2.65941164 0.0 15.0
4.606235 27.434664 -2.65941165 0.0 16.0
5.975862 28.780449 -2.65941165 0.0 16.0
3.420103 26.088879 -1.974597566 2.0 15.0
4.3899 27.746138 -1.974597566 2.0 15.0
4.3899 27.746138 -1.974597567 1.0 16.0
5.3596973 29.403397 -1.974597567 1.0 16.0
5.3596973 29.403397 -1.974597568 0.0 17.0
6.3294945 31.060656 -1.974597568 0.0 17.0
6.3294945 31.060656 -1.974597569 0.0 18.0
7.2992916 32.717915 -1.974597569 0.0 18.0
1.7403651 22.77436 -1.004800370 8.0 13.0
2.2427654 24.62763 -1.004800370 8.0 13.0
2.2427654 24.62763 -1.004800371 7.0 14.0
2.7451656 26.4809 -1.004800371 7.0 14.0
2.7451656 26.4809 -1.004800372 6.0 15.0
3.2475657 28.33417 -1.004800372 6.0 15.0
3.2475657 28.33417 -1.004800373 5.0 16.0
3.749966 30.187439 -1.004800373 5.0 16.0
3.749966 30.187439 -1.004800374 4.0 17.0
4.252366 32.04071 -1.004800374 4.0 17.0
4.252366 32.04071 -1.004800375 3.0 18.0
4.7547665 33.893982 -1.004800375 3.0 18.0
4.7547665 33.893982 -1.004800376 0.0 19.0
4.7547665 35.81414 -1.004800376 0.0 19.0
4.7547665 35.81414 -1.004800377 0.0 20.0
4.7547665 37.7343 -1.004800377 0.0 20.0
4.7547665 33.893982 -1.004800378 0.0 19.0
5.5946355 35.551243 -1.489698978 0.0 19.0
5.5946355 35.551243 -1.489698979 0.0 20.0
6.5644326 37.208504 -1.489698979 0.0 20.0
4.7547665 33.893982 -1.004800380 2.0 19.0
5.257167 35.747253 -1.004800380 2.0 19.0
5.257167 35.747253 -1.004800381 1.0 20.0
5.7595673 37.600525 -1.004800381 1.0 20.0
5.7595673 37.600525 -1.004800382 0.0 21.0
6.2619677 39.453796 -1.004800382 0.0 21.0
6.2619677 39.453796 -1.004800383 0.0 22.0
6.764368 41.307068 -1.004800383 0.0 22.0
0.0 15.361281 0.084 20.0 9.0
0.0 17.28144 0.084 20.0 9.0
0.0 17.28144 0.085 19.0 10.0
0.0 19.201601 0.085 19.0 10.0
0.0 19.201601 0.086 18.0 11.0
0.0 21.121761 0.086 18.0 11.0
0.0 21.121761 0.087 17.0 12.0
0.0 23.041922 0.087 17.0 12.0
0.0 23.041922 0.088 16.0 13.0
0.0 24.962082 0.088 16.0 13.0
0.0 24.962082 0.089 15.0 14.0
0.0 26.882242 0.089 15.0 14.0
0.0 26.882242 0.090 14.0 15.0
0.0 28.802402 0.090 14.0 15.0
0.0 28.802402 0.091 13.0 16.0
0.0 30.722563 0.091 13.0 16.0
0.0 30.722563 0.092 12.0 17.0
0.0 32.642723 0.092 12.0 17.0
0.0 32.642723 0.093 11.0 18.0
0.0 34.56288 0.093 11.0 18.0
0.0 34.56288 0.094 10.0 19.0
0.0 36.48304 0.094 10.0 19.0
0.0 36.48304 0.095 9.0 20.0
0.0 38.4032 0.095 9.0 20.0
0.0 38.4032 0.096 4.0 21.0
-0.4350913 40.25647 0.2512000896 4.0 21.0
-0.4350913 40.25647 0.2512000897 3.0 22.0
-0.8701826 42.10974 0.5024001697 3.0 22.0
-0.8701826 42.10974 0.5024001698 0.0 23.0
-1.7100515 43.767002 0.987298798 0.0 23.0
-1.7100515 43.767002 0.987298799 0.0 24.0
-2.6798487 45.424263 0.987298799 0.0 24.0
-0.8701826 42.10974 0.50240016100 0.0 23.0
-0.8701826 44.0299 0.50240016100 0.0 23.0
-0.8701826 44.0299 0.50240016101 0.0 24.0
-0.8701826 45.950058 0.50240016101 0.0 24.0
-0.8701826 42.10974 0.50240016102 2.0 23.0
-1.3725827 43.963013 0.50240016102 2.0 23.0
-1.3725827 43.963013 0.50240016103 1.0 24.0
-1.8749828 45.816284 0.50240016103 1.0 24.0
-1.8749828 45.816284 0.50240016104 0.0 25.0
-2.377383 47.669556 0.50240016104 0.0 25.0
-2.377383 47.669556 0.50240016105 0.0 26.0
-2.8797832 49.522827 0.50240016105 0.0 26.0
0.0 38.4032 0.0106 4.0 21.0
0.4350913 40.25647 -0.25120008106 4.0 21.0
0.4350913 40.25647 -0.25120008107 3.0 22.0
0.8701826 42.10974 -0.50240016107 3.0 22.0
0.8701826 42.10974 -0.50240016108 0.0 23.0
0.8701826 44.0299 -0.50240016108 0.0 23.0
0.8701826 44.0299 -0.50240016109 0.0 24.0
0.8701826 45.950058 -0.50240016109 0.0 24.0
0.8701826 42.10974 -0.50240016110 0.0 23.0
1.7100515 43.767002 -0.9872987110 0.0 23.0
1.7100515 43.767002 -0.9872987111 0.0 24.0
2.6798487 45.424263 -0.9872987111 0.0 24.0
0.8701826 42.10974 -0.50240016112 2.0 23.0
1.3725827 43.963013 -0.50240016112 2.0 23.0
1.3725827 43.963013 -0.50240016113 1.0 24.0
1.8749828 45.816284 -0.50240016113 1.0 24.0
1.8749828 45.816284 -0.50240016114 0.0 25.0
2.377383 47.669556 -0.50240016114 0.0 25.0
2.377383 47.669556 -0.50240016115 0.0 26.0
2.8797832 49.522827 -0.50240016115 0.0 26.0
0.0 38.4032 0.0116 8.0 21.0
0.0 40.323357 0.0116 8.0 21.0
0.0 40.323357 0.0117 7.0 22.0
0.0 42.243515 0.0117 7.0 22.0
0.0 42.243515 0.0118 6.0 23.0
0.0 44.163673 0.0118 6.0 23.0
0.0 44.163673 0.0119 5.0 24.0
0.0 46.08383 0.0119 5.0 24.0
0.0 46.08383 0.0120 4.0 25.0
0.0 48.00399 0.0120 4.0 25.0
0.0 48.00399 0.0121 3.0 26.0
0.0 49.92415 0.0121 3.0 26.0
0.0 49.92415 0.0122 0.0 27.0
-0.4350913 51.77742 0.25120008122 0.0 27.0
-0.4350913 51.77742 0.25120008123 0.0 28.0
-0.9374914 53.63069 0.25120008123 0.0 28.0
0.0 49.92415 0.0124 0.0 27.0
0.4350913 51.77742 -0.25120008124 0.0 27.0
0.4350913 51.77742 -0.25120008125 0.0 28.0
0.9374914 53.63069 -0.25120008125 0.0 28.0
0.0 49.92415 0.0126 2.0 27.0
0.0 51.844307 0.0126 2.0 27.0
0.0 51.844307 0.0127 1.0 28.0
0.0 53.764465 0.0127 1.0 28.0
0.0 53.764465 0.0128 0.0 29.0
0.0 55.684624 0.0128 0.0 29.0
0.0 55.684624 0.0129 0.0 30.0
0.0 57.604782 0.0129 0.0 30.0
