0.0 0.0 0.00 11.0 1.0
0.0 3.5260763 0.00 11.0 1.0
0.0 3.5260763 0.01 10.0 2.0
0.0 7.0521526 0.01 10.0 2.0
0.0 7.0521526 0.02 1.0 3.0
0.0 10.578229 0.02 1.0 3.0
0.0 10.578229 0.03 0.0 4.0
-1.6061385 13.577168 0.92730453 0.0 4.0
-1.6061385 13.577168 0.92730454 0.0 5.0
-4.338191 15.152308 2.50465584 0.0 5.0
0.0 7.0521526 0.05 1.0 3.0
-3.041101 6.732537 1.75578055 1.0 3.0
-3.041101 6.732537 1.75578056 0.0 4.0
-5.7731533 8.307676 3.33313186 0.0 4.0
-5.7731533 8.307676 3.33313187 0.0 5.0
-7.3792925 11.306616 4.26043657 0.0 5.0
0.0 7.0521526 0.08 9.0 3.0
-3.1547024 8.627293 0.08 9.0 3.0
-3.1547024 8.627293 0.09 8.0 4.0
-6.309405 10.202433 0.09 8.0 4.0
-6.309405 10.202433 0.010 1.0 5.0
-9.041457 11.777573 1.577351210 1.0 5.0
-9.041457 11.777573 1.577351211 0.0 6.0
-12.082558 11.457957 3.333131811 0.0 6.0
-12.082558 11.457957 3.333131812 0.0 7.0
-14.523438 9.339149 4.74237512 0.0 7.0
-6.309405 10.202433 0.013 1.0 5.0
-7.4202585 6.917941 0.641351713 1.0 5.0
-7.4202585 6.917941 0.641351714 0.0 6.0
-9.861139 4.799133 2.050594814 0.0 6.0
-9.861139 4.799133 2.050594815 0.0 7.0
-12.902241 4.479517 3.806375315 0.0 7.0
-6.309405 10.202433 0.016 7.0 5.0
-9.041457 11.777573 1.577351216 7.0 5.0
-9.041457 11.777573 1.577351217 6.0 6.0
-11.77351 13.352713 3.154702417 6.0 6.0
-11.77351 13.352713 3.154702418 1.0 7.0
-14.505563 14.927853 4.732053818 1.0 7.0
-14.505563 14.927853 4.732053819 0.0 8.0
-17.546663 14.608237 6.48783419 0.0 8.0
-17.546663 14.608237 6.48783420 0.0 9.0
-19.987545 12.489429 7.89707720 0.0 9.0
-11.77351 13.352713 3.154702421 1.0 7.0
-12.884363 10.068221 3.796054121 1.0 7.0
-12.884363 10.068221 3.796054122 0.0 8.0
-15.325244 7.949413 5.205297522 0.0 8.0
-15.325244 7.949413 5.205297523 0.0 9.0
-18.366344 7.629797 6.961077723 0.0 9.0
-11.77351 13.352713 3.154702424 5.0 7.0
-13.056213 10.068221 3.154702424 5.0 7.0
-13.056213 10.068221 3.154702425 4.0 8.0
-14.338917 6.7837296 3.154702425 4.0 8.0
-14.338917 6.7837296 3.154702426 1.0 9.0
-15.44977 3.4992378 3.796054126 1.0 9.0
-15.44977 3.4992378 3.796054127 0.0 10.0
-14.898459 0.031103373 3.477754627 0.0 10.0
-14.898459 0.031103373 3.477754628 0.0 11.0
-12.849822 -2.5837247 2.294973128 0.0 11.0
-14.338917 6.7837296 3.154702429 1.0 9.0
-11.405481 5.804024 1.461082729 1.0 9.0
-11.405481 5.804024 1.461082730 0.0 10.0
-9.356843 3.1891963 0.27830130 0.0 10.0
-9.356843 3.1891963 0.27830131 0.0 11.0
-8.8055315 -0.27893782 -0.0399989531 0.0 11.0
-14.338917 6.7837296 3.154702432 3.0 9.0
-10.951677 5.804024 3.154702432 3.0 9.0
-10.951677 5.804024 3.154702433 2.0 10.0
-7.564438 4.824319 3.154702433 2.0 10.0
-7.564438 4.824319 3.154702434 1.0 11.0
-4.6310024 3.8446133 1.461082734 1.0 11.0
-4.6310024 3.8446133 1.461082735 0.0 12.0
-1.689847 4.7929564 -0.2369941535 0.0 12.0
-1.689847 4.7929564 -0.2369941536 0.0 13.0
0.379642 7.3857994 -1.431814236 0.0 13.0
-7.564438 4.824319 3.154702437 1.0 11.0
-6.9853787 8.286419 2.820382637 1.0 11.0
-6.9853787 8.286419 2.820382638 0.0 12.0
-4.9158897 10.879262 1.625562538 0.0 12.0
-4.9158897 10.879262 1.625562539 0.0 13.0
-1.9747343 11.827605 -0.07251429639 0.0 13.0
-6.309405 10.202433 0.040 7.0 5.0
-7.4202585 6.917941 0.641351740 7.0 5.0
-7.4202585 6.917941 0.641351741 6.0 6.0
-8.531113 3.6334493 1.282703441 6.0 6.0
-8.531113 3.6334493 1.282703442 1.0 7.0
-9.641966 0.34895754 1.924055142 1.0 7.0
-9.641966 0.34895754 1.924055143 0.0 8.0
-9.090655 -3.1191769 1.605755643 0.0 8.0
-9.090655 -3.1191769 1.605755644 0.0 9.0
-7.042018 -5.734005 0.422974144 0.0 9.0
-8.531113 3.6334493 1.282703445 1.0 7.0
-5.597677 2.6537437 -0.4109163345 1.0 7.0
-5.597677 2.6537437 -0.4109163346 0.0 8.0
-3.5490391 0.038915873 -1.59369846 0.0 8.0
-3.5490391 0.038915873 -1.59369847 0.0 9.0
-2.9977274 -3.4292183 -1.91199847 0.0 9.0
-8.531113 3.6334493 1.282703448 5.0 7.0
-7.8945136 0.16531491 1.282703448 5.0 7.0
-7.8945136 0.16531491 1.282703449 4.0 8.0
-7.2579145 -3.3028195 1.282703449 4.0 8.0
-7.2579145 -3.3028195 1.282703450 1.0 9.0
-6.7066035 -6.770954 0.9644038750 1.0 9.0
-6.7066035 -6.770954 0.9644038751 0.0 10.0
-4.657966 -9.385782 -0.2183775951 0.0 10.0
-4.657966 -9.385782 -0.2183775952 0.0 11.0
-1.7245307 -10.365488 -1.911997352 0.0 11.0
-7.2579145 -3.3028195 1.282703453 1.0 9.0
-4.316759 -2.3544765 -0.4153734453 1.0 9.0
-4.316759 -2.3544765 -0.4153734454 0.0 10.0
-1.3833237 -3.334182 -2.10899354 0.0 10.0
-1.3833237 -3.334182 -2.10899355 0.0 11.0
0.66531444 -5.94901 -3.291774755 0.0 11.0
-7.2579145 -3.3028195 1.282703456 3.0 9.0
-4.892351 -5.9176474 1.282703456 3.0 9.0
-4.892351 -5.9176474 1.282703457 2.0 10.0
-2.5267878 -8.532475 1.282703457 2.0 10.0
-2.5267878 -8.532475 1.282703458 1.0 11.0
-0.47814965 -11.147304 0.099921758 1.0 11.0
-0.47814965 -11.147304 0.099921759 0.0 12.0
2.4552858 -12.127009 -1.59369859 0.0 12.0
2.4552858 -12.127009 -1.59369860 0.0 13.0
5.3964415 -11.178666 -3.291774760 0.0 13.0
-2.5267878 -8.532475 1.282703461 1.0 11.0
-0.45729876 -5.9396324 0.0878833561 1.0 11.0
-0.45729876 -5.9396324 0.0878833562 0.0 12.0
2.4838567 -4.9912896 -1.610193562 0.0 12.0
2.4838567 -4.9912896 -1.610193563 0.0 13.0
5.417292 -5.970995 -3.303813263 0.0 13.0
