0.0 0.0 0.00 28.0 1.0
0.0 2.0612133 0.00 28.0 1.0
0.0 2.0612133 0.01 27.0 2.0
0.0 4.1224265 0.01 27.0 2.0
0.0 4.1224265 0.02 26.0 3.0
0.0 6.1836395 0.02 26.0 3.0
0.0 6.1836395 0.03 25.0 4.0
0.0 8.244853 0.03 25.0 4.0
0.0 8.244853 0.04 24.0 5.0
0.0 10.3060665 0.04 24.0 5.0
0.0 10.3060665 0.05 23.0 6.0
0.0 12.36728 0.05 23.0 6.0
0.0 12.36728 0.06 22.0 7.0
0.0 14.4284935 0.06 22.0 7.0
0.0 14.4284935 0.07 21.0 8.0
0.0 16.489706 0.07 21.0 8.0
0.0 16.489706 0.08 12.0 9.0
-0.52403414 18.4601 0.302551278 12.0 9.0
-0.52403414 18.4601 0.302551279 11.0 10.0
-1.0480683 20.430494 0.605102549 11.0 10.0
-1.0480683 20.430494 0.6051025410 10.0 11.0
-1.5721024 22.400888 0.907653810 10.0 11.0
-1.5721024 22.400888 0.907653811 9.0 12.0
-2.0961366 24.371283 1.210205111 9.0 12.0
-2.0961366 24.371283 1.210205112 4.0 13.0
-3.0980258 26.07722 1.78864612 4.0 13.0
-3.0980258 26.07722 1.78864613 3.0 14.0
-4.099915 27.78316 2.36708713 3.0 14.0
-4.099915 27.78316 2.36708714 0.0 15.0
-5.49137 29.07431 3.170443814 0.0 15.0
-5.49137 29.07431 3.170443815 0.0 16.0
-7.098084 30.365461 3.170443815 0.0 16.0
-4.099915 27.78316 2.36708716 0.0 15.0
-4.623949 29.753553 2.669638216 0.0 15.0
-4.623949 29.753553 2.669638217 0.0 16.0
-5.2290516 31.723948 2.669638217 0.0 16.0
-4.099915 27.78316 2.36708718 2.0 15.0
-5.256797 29.489098 2.36708718 2.0 15.0
-5.256797 29.489098 2.36708719 1.0 16.0
-6.4136786 31.195036 2.36708719 1.0 16.0
-6.4136786 31.195036 2.36708720 0.0 17.0
-7.5705605 32.900974 2.36708720 0.0 17.0
-7.5705605 32.900974 2.36708721 0.0 18.0
-8.727443 34.60691 2.36708721 0.0 18.0
-2.0961366 24.371283 1.210205122 4.0 13.0
-2.0961366 26.432495 1.210205122 4.0 13.0
-2.0961366 26.432495 1.210205123 3.0 14.0
-2.0961366 28.493708 1.210205123 3.0 14.0
-2.0961366 28.493708 1.210205124 0.0 15.0
-2.6201706 30.464102 1.512756324 0.0 15.0
-2.6201706 30.464102 1.512756325 0.0 16.0
-3.2252731 32.434494 1.512756325 0.0 16.0
-2.0961366 28.493708 1.210205126 0.0 15.0
-1.5721024 30.464102 0.907653826 0.0 15.0
-1.5721024 30.464102 0.907653827 0.0 16.0
-0.9669999 32.434494 0.907653827 0.0 16.0
-2.0961366 28.493708 1.210205128 2.0 15.0
-2.0961366 30.55492 1.210205128 2.0 15.0
-2.0961366 30.55492 1.210205129 1.0 16.0
-2.0961366 32.616135 1.210205129 1.0 16.0
-2.0961366 32.616135 1.210205130 0.0 17.0
-2.0961366 34.67735 1.210205130 0.0 17.0
-2.0961366 34.67735 1.210205131 0.0 18.0
-2.0961366 36.738564 1.210205131 0.0 18.0
-2.0961366 24.371283 1.210205132 8.0 13.0
-2.701239 26.341677 1.210205132 8.0 13.0
-2.701239 26.341677 1.210205133 7.0 14.0
-3.3063416 28.31207 1.210205133 7.0 14.0
-3.3063416 28.31207 1.210205134 6.0 15.0
-3.9114442 30.282465 1.210205134 6.0 15.0
-3.9114442 30.282465 1.210205135 5.0 16.0
-4.5165467 32.252857 1.210205135 5.0 16.0
-4.5165467 32.252857 1.210205136 4.0 17.0
-5.1216493 34.22325 1.210205136 4.0 17.0
-5.1216493 34.22325 1.210205137 3.0 18.0
-5.726752 36.193645 1.210205137 3.0 18.0
-5.726752 36.193645 1.210205138 0.0 19.0
-6.728641 37.899582 1.78864638 0.0 19.0
-6.728641 37.899582 1.78864639 0.0 20.0
-7.885523 39.60552 1.78864639 0.0 20.0
-5.726752 36.193645 1.210205140 0.0 19.0
-5.726752 38.25486 1.210205140 0.0 19.0
-5.726752 38.25486 1.210205141 0.0 20.0
-5.726752 40.316074 1.210205141 0.0 20.0
-5.726752 36.193645 1.210205142 2.0 19.0
-6.3318543 38.16404 1.210205142 2.0 19.0
-6.3318543 38.16404 1.210205143 1.0 20.0
-6.936957 40.134434 1.210205143 1.0 20.0
-6.936957 40.134434 1.210205144 0.0 21.0
-7.5420594 42.104828 1.210205144 0.0 21.0
-7.5420594 42.104828 1.210205145 0.0 22.0
-8.1471615 44.075222 1.210205145 0.0 22.0
0.0 16.489706 0.046 12.0 9.0
0.52403414 18.4601 -0.3025512746 12.0 9.0
0.52403414 18.4601 -0.3025512747 11.0 10.0
1.0480683 20.430494 -0.6051025447 11.0 10.0
1.0480683 20.430494 -0.6051025448 10.0 11.0
1.5721024 22.400888 -0.907653848 10.0 11.0
1.5721024 22.400888 -0.907653849 9.0 12.0
2.0961366 24.371283 -1.210205149 9.0 12.0
2.0961366 24.371283 -1.210205150 4.0 13.0
2.0961366 26.432495 -1.210205150 4.0 13.0
2.0961366 26.432495 -1.210205151 3.0 14.0
2.0961366 28.493708 -1.210205151 3.0 14.0
2.0961366 28.493708 -1.210205152 0.0 15.0
1.5721024 30.464102 -0.907653852 0.0 15.0
1.5721024 30.464102 -0.907653853 0.0 16.0
0.9669999 32.434494 -0.907653853 0.0 16.0
2.0961366 28.493708 -1.210205154 0.0 15.0
2.6201706 30.464102 -1.512756354 0.0 15.0
2.6201706 30.464102 -1.512756355 0.0 16.0
3.2252731 32.434494 -1.512756355 0.0 16.0
2.0961366 28.493708 -1.210205156 2.0 15.0
2.0961366 30.55492 -1.210205156 2.0 15.0
2.0961366 30.55492 -1.210205157 1.0 16.0
2.0961366 32.616135 -1.210205157 1.0 16.0
2.0961366 32.616135 -1.210205158 0.0 17.0
2.0961366 34.67735 -1.210205158 0.0 17.0
2.0961366 34.67735 -1.210205159 0.0 18.0
2.0961366 36.738564 -1.210205159 0.0 18.0
2.0961366 24.371283 -1.210205160 4.0 13.0
3.0980258 26.07722 -1.78864660 4.0 13.0
3.0980258 26.07722 -1.78864661 3.0 14.0
4.099915 27.78316 -2.36708761 3.0 14.0
4.099915 27.78316 -2.36708762 0.0 15.0
4.623949 29.753553 -2.669638262 0.0 15.0
4.623949 29.753553 -2.669638263 0.0 16.0
5.2290516 31.723948 -2.669638263 0.0 16.0
4.099915 27.78316 -2.36708764 0.0 15.0
5.49137 29.07431 -3.170443864 0.0 15.0
5.49137 29.07431 -3.170443865 0.0 16.0
7.098084 30.365461 -3.170443865 0.0 16.0
4.099915 27.78316 -2.36708766 2.0 15.0
5.256797 29.489098 -2.36708766 2.0 15.0
5.256797 29.489098 -2.36708767 1.0 16.0
6.4136786 31.195036 -2.36708767 1.0 16.0
6.4136786 31.195036 -2.36708768 0.0 17.0
7.5705605 32.900974 -2.36708768 0.0 17.0
7.5705605 32.900974 -2.36708769 0.0 18.0
8.727443 34.60691 -2.36708769 0.0 18.0
2.0961366 24.371283 -1.210205170 8.0 13.0
2.701239 26.341677 -1.210205170 8.0 13.0
2.701239 26.341677 -1.210205171 7.0 14.0
3.3063416 28.31207 -1.210205171 7.0 14.0
3.3063416 28.31207 -1.210205172 6.0 15.0
3.9114442 30.282465 -1.210205172 6.0 15.0
3.9114442 30.282465 -1.210205173 5.0 16.0
4.5165467 32.252857 -1.210205173 5.0 16.0
4.5165467 32.252857 -1.210205174 4.0 17.0
5.1216493 34.22325 -1.210205174 4.0 17.0
5.1216493 34.22325 -1.210205175 3.0 18.0
5.726752 36.193645 -1.210205175 3.0 18.0
5.726752 36.193645 -1.210205176 0.0 19.0
5.726752 38.25486 -1.210205176 0.0 19.0
5.726752 38.25486 -1.210205177 0.0 20.0
5.726752 40.316074 -1.210205177 0.0 20.0
5.726752 36.193645 -1.210205178 0.0 19.0
6.728641 37.899582 -1.78864678 0.0 19.0
6.728641 37.899582 -1.78864679 0.0 20.0
7.885523 39.60552 -1.78864679 0.0 20.0
5.726752 36.193645 -1.210205180 2.0 19.0
6.3318543 38.16404 -1.210205180 2.0 19.0
6.3318543 38.16404 -1.210205181 1.0 20.0
6.936957 40.134434 -1.210205181 1.0 20.0
6.936957 40.134434 -1.210205182 0.0 21.0
7.5420594 42.104828 -1.210205182 0.0 21.0
7.5420594 42.104828 -1.210205183 0.0 22.0
8.1471615 44.075222 -1.210205183 0.0 22.0
0.0 16.489706 0.084 20.0 9.0
0.0 18.550919 0.084 20.0 9.0
0.0 18.550919 0.085 19.0 10.0
0.0 20.612131 0.085 19.0 10.0
0.0 20.612131 0.086 18.0 11.0
0.0 22.673344 0.086 18.0 11.0
0.0 22.673344 0.087 17.0 12.0
0.0 24.734556 0.087 17.0 12.0
0.0 24.734556 0.088 16.0 13.0
0.0 26.795769 0.088 16.0 13.0
0.0 26.795769 0.089 15.0 14.0
0.0 28.856981 0.089 15.0 14.0
0.0 28.856981 0.090 14.0 15.0
0.0 30.918194 0.090 14.0 15.0
0.0 30.918194 0.091 13.0 16.0
0.0 32.97941 0.091 13.0 16.0
0.0 32.97941 0.092 12.0 17.0
0.0 35.040623 0.092 12.0 17.0
0.0 35.040623 0.093 11.0 18.0
0.0 37.101837 0.093 11.0 18.0
0.0 37.101837 0.094 10.0 19.0
0.0 39.16305 0.094 10.0 19.0
0.0 39.16305 0.095 9.0 20.0
0.0 41.224266 0.095 9.0 20.0
0.0 41.224266 0.096 4.0 21.0
-0.52403414 43.19466 0.3025512796 4.0 21.0
-0.52403414 43.19466 0.3025512797 3.0 22.0
-1.0480683 45.165054 0.6051025497 3.0 22.0
-1.0480683 45.165054 0.6051025498 0.0 23.0
-2.0499573 46.87099 1.183543498 0.0 23.0
-2.0499573 46.87099 1.183543499 0.0 24.0
-3.206839 48.576927 1.183543499 0.0 24.0
-1.0480683 45.165054 0.60510254100 0.0 23.0
-1.0480683 47.22627 0.60510254100 0.0 23.0
-1.0480683 47.22627 0.60510254101 0.0 24.0
-1.0480683 49.287483 0.60510254101 0.0 24.0
-1.0480683 45.165054 0.60510254102 2.0 23.0
-1.6531708 47.13545 0.60510254102 2.0 23.0
-1.6531708 47.13545 0.60510254103 1.0 24.0
-2.2582734 49.105843 0.60510254103 1.0 24.0
-2.2582734 49.105843 0.60510254104 0.0 25.0
-2.863376 51.076237 0.60510254104 0.0 25.0
-2.863376 51.076237 0.60510254105 0.0 26.0
-3.4684784 53.04663 0.60510254105 0.0 26.0
0.0 41.224266 0.0106 4.0 21.0
0.52403414 43.19466 -0.30255127106 4.0 21.0
0.52403414 43.19466 -0.30255127107 3.0 22.0
1.0480683 45.165054 -0.60510254107 3.0 22.0
1.0480683 45.165054 -0.60510254108 0.0 23.0
1.0480683 47.22627 -0.60510254108 0.0 23.0
1.0480683 47.22627 -0.60510254109 0.0 24.0
1.0480683 49.287483 -0.60510254109 0.0 24.0
1.0480683 45.165054 -0.60510254110 0.0 23.0
2.0499573 46.87099 -1.1835434110 0.0 23.0
2.0499573 46.87099 -1.1835434111 0.0 24.0
3.206839 48.576927 -1.1835434111 0.0 24.0
1.0480683 45.165054 -0.60510254112 2.0 23.0
1.6531708 47.13545 -0.60510254112 2.0 23.0
1.6531708 47.13545 -0.60510254113 1.0 24.0
2.2582734 49.105843 -0.60510254113 1.0 24.0
2.2582734 49.105843 -0.60510254114 0.0 25.0
2.863376 51.076237 -0.60510254114 0.0 25.0
2.863376 51.076237 -0.60510254115 0.0 26.0
3.4684784 53.04663 -0.60510254115 0.0 26.0
0.0 41.224266 0.0116 8.0 21.0
0.0 43.28548 0.0116 8.0 21.0
0.0 43.28548 0.0117 7.0 22.0
0.0 45.346695 0.0117 7.0 22.0
0.0 45.346695 0.0118 6.0 23.0
0.0 47.40791 0.0118 6.0 23.0
0.0 47.40791 0.0119 5.0 24.0
0.0 49.469124 0.0119 5.0 24.0
0.0 49.469124 0.0120 4.0 25.0
0.0 51.53034 0.0120 4.0 25.0
0.0 51.53034 0.0121 3.0 26.0
0.0 53.591553 0.0121 3.0 26.0
0.0 53.591553 0.0122 0.0 27.0
-0.52403414 55.561947 0.30255127122 0.0 27.0
-0.52403414 55.561947 0.30255127123 0.0 28.0
-1.1291367 57.53234 0.30255127123 0.0 28.0
0.0 53.591553 0.0124 0.0 27.0
0.52403414 55.561947 -0.30255127124 0.0 27.0
0.52403414 55.561947 -0.30255127125 0.0 28.0
1.1291367 57.53234 -0.30255127125 0.0 28.0
0.0 53.591553 0.0126 2.0 27.0
0.0 55.652767 0.0126 2.0 27.0
0.0 55.652767 0.0127 1.0 28.0
0.0 57.71398 0.0127 1.0 28.0
0.0 57.71398 0.0128 0.0 29.0
0.0 59.775196 0.0128 0.0 29.0
0.0 59.775196 0.0129 0.0 30.0
0.0 61.83641 0.0129 0.0 30.0
