0.0 0.0 0.00 28.0 1.0
0.0 2.6778255 0.00 28.0 1.0
0.0 2.6778255 0.01 27.0 2.0
0.0 5.355651 0.01 27.0 2.0
0.0 5.355651 0.02 26.0 3.0
0.0 8.033476 0.02 26.0 3.0
0.0 8.033476 0.03 25.0 4.0
0.0 10.711302 0.03 25.0 4.0
0.0 10.711302 0.04 24.0 5.0
0.0 13.389128 0.04 24.0 5.0
0.0 13.389128 0.05 23.0 6.0
0.0 16.066954 0.05 23.0 6.0
0.0 16.066954 0.06 22.0 7.0
0.0 18.74478 0.06 22.0 7.0
0.0 18.74478 0.07 21.0 8.0
0.0 21.422606 0.07 21.0 8.0
0.0 21.422606 0.08 12.0 9.0
-0.80117595 23.935553 0.462559138 12.0 9.0
-0.80117595 23.935553 0.462559139 11.0 10.0
-1.6023519 26.4485 0.925118279 11.0 10.0
-1.6023519 26.4485 0.9251182710 10.0 11.0
-2.4035277 28.961447 1.387677410 10.0 11.0
-2.4035277 28.961447 1.387677411 9.0 12.0
-3.2047038 31.474394 1.850236511 9.0 12.0
-3.2047038 31.474394 1.850236512 4.0 13.0
-4.7083964 33.513012 2.718393812 4.0 13.0
-4.7083964 33.513012 2.718393813 3.0 14.0
-6.212089 35.55163 3.586551213 3.0 14.0
-6.212089 35.55163 3.586551214 0.0 15.0
-8.233129 36.864872 4.75339914 0.0 15.0
-8.233129 36.864872 4.75339915 0.0 16.0
-10.566824 38.178116 4.75339915 0.0 16.0
-6.212089 35.55163 3.586551216 0.0 15.0
-7.013265 38.064575 4.049110416 0.0 15.0
-7.013265 38.064575 4.049110417 0.0 16.0
-7.9383836 40.577522 4.049110417 0.0 16.0
-6.212089 35.55163 3.586551218 2.0 15.0
-7.948404 37.590244 3.586551218 2.0 15.0
-7.948404 37.590244 3.586551219 1.0 16.0
-9.684718 39.62886 3.586551219 1.0 16.0
-9.684718 39.62886 3.586551220 0.0 17.0
-11.421033 41.667477 3.586551220 0.0 17.0
-11.421033 41.667477 3.586551221 0.0 18.0
-13.157348 43.706093 3.586551221 0.0 18.0
-3.2047038 31.474394 1.850236522 4.0 13.0
-3.2047038 34.152218 1.850236522 4.0 13.0
-3.2047038 34.152218 1.850236523 3.0 14.0
-3.2047038 36.830044 1.850236523 3.0 14.0
-3.2047038 36.830044 1.850236524 0.0 15.0
-4.00588 39.34299 2.312795624 0.0 15.0
-4.00588 39.34299 2.312795625 0.0 16.0
-4.9309983 41.855938 2.312795625 0.0 16.0
-3.2047038 36.830044 1.850236526 0.0 15.0
-2.4035277 39.34299 1.387677426 0.0 15.0
-2.4035277 39.34299 1.387677427 0.0 16.0
-1.4784095 41.855938 1.387677427 0.0 16.0
-3.2047038 36.830044 1.850236528 2.0 15.0
-3.2047038 39.50787 1.850236528 2.0 15.0
-3.2047038 39.50787 1.850236529 1.0 16.0
-3.2047038 42.185696 1.850236529 1.0 16.0
-3.2047038 42.185696 1.850236530 0.0 17.0
-3.2047038 44.86352 1.850236530 0.0 17.0
-3.2047038 44.86352 1.850236531 0.0 18.0
-3.2047038 47.541348 1.850236531 0.0 18.0
-3.2047038 31.474394 1.850236532 8.0 13.0
-4.1298223 33.987343 1.850236532 8.0 13.0
-4.1298223 33.987343 1.850236533 7.0 14.0
-5.0549407 36.50029 1.850236533 7.0 14.0
-5.0549407 36.50029 1.850236534 6.0 15.0
-5.980059 39.013237 1.850236534 6.0 15.0
-5.980059 39.013237 1.850236535 5.0 16.0
-6.9051776 41.526184 1.850236535 5.0 16.0
-6.9051776 41.526184 1.850236536 4.0 17.0
-7.830296 44.03913 1.850236536 4.0 17.0
-7.830296 44.03913 1.850236537 3.0 18.0
-8.755414 46.55208 1.850236537 3.0 18.0
-8.755414 46.55208 1.850236538 0.0 19.0
-10.259107 48.590694 2.718393838 0.0 19.0
-10.259107 48.590694 2.718393839 0.0 20.0
-11.995421 50.62931 2.718393839 0.0 20.0
-8.755414 46.55208 1.850236540 0.0 19.0
-8.755414 49.229904 1.850236540 0.0 19.0
-8.755414 49.229904 1.850236541 0.0 20.0
-8.755414 51.90773 1.850236541 0.0 20.0
-8.755414 46.55208 1.850236542 2.0 19.0
-9.680532 49.065025 1.850236542 2.0 19.0
-9.680532 49.065025 1.850236543 1.0 20.0
-10.605651 51.577972 1.850236543 1.0 20.0
-10.605651 51.577972 1.850236544 0.0 21.0
-11.530769 54.09092 1.850236544 0.0 21.0
-11.530769 54.09092 1.850236545 0.0 22.0
-12.455888 56.603867 1.850236545 0.0 22.0
0.0 21.422606 0.046 12.0 9.0
0.80117595 23.935553 -0.4625591346 12.0 9.0
0.80117595 23.935553 -0.4625591347 11.0 10.0
1.6023519 26.4485 -0.9251182747 11.0 10.0
1.6023519 26.4485 -0.9251182748 10.0 11.0
2.4035277 28.961447 -1.387677448 10.0 11.0
2.4035277 28.961447 -1.387677449 9.0 12.0
3.2047038 31.474394 -1.850236549 9.0 12.0
3.2047038 31.474394 -1.850236550 4.0 13.0
3.2047038 34.152218 -1.850236550 4.0 13.0
3.2047038 34.152218 -1.850236551 3.0 14.0
3.2047038 36.830044 -1.850236551 3.0 14.0
3.2047038 36.830044 -1.850236552 0.0 15.0
2.4035277 39.34299 -1.387677452 0.0 15.0
2.4035277 39.34299 -1.387677453 0.0 16.0
1.4784095 41.855938 -1.387677453 0.0 16.0
3.2047038 36.830044 -1.850236554 0.0 15.0
4.00588 39.34299 -2.312795654 0.0 15.0
4.00588 39.34299 -2.312795655 0.0 16.0
4.9309983 41.855938 -2.312795655 0.0 16.0
3.2047038 36.830044 -1.850236556 2.0 15.0
3.2047038 39.50787 -1.850236556 2.0 15.0
3.2047038 39.50787 -1.850236557 1.0 16.0
3.2047038 42.185696 -1.850236557 1.0 16.0
3.2047038 42.185696 -1.850236558 0.0 17.0
3.2047038 44.86352 -1.850236558 0.0 17.0
3.2047038 44.86352 -1.850236559 0.0 18.0
3.2047038 47.541348 -1.850236559 0.0 18.0
3.2047038 31.474394 -1.850236560 4.0 13.0
4.7083964 33.513012 -2.718393860 4.0 13.0
4.7083964 33.513012 -2.718393861 3.0 14.0
6.212089 35.55163 -3.586551261 3.0 14.0
6.212089 35.55163 -3.586551262 0.0 15.0
7.013265 38.064575 -4.049110462 0.0 15.0
7.013265 38.064575 -4.049110463 0.0 16.0
7.9383836 40.577522 -4.049110463 0.0 16.0
6.212089 35.55163 -3.586551264 0.0 15.0
8.233129 36.864872 -4.75339964 0.0 15.0
8.233129 36.864872 -4.75339965 0.0 16.0
10.566824 38.178116 -4.75339965 0.0 16.0
6.212089 35.55163 -3.586551266 2.0 15.0
7.948404 37.590244 -3.586551266 2.0 15.0
7.948404 37.590244 -3.586551267 1.0 16.0
9.684718 39.62886 -3.586551267 1.0 16.0
9.684718 39.62886 -3.586551268 0.0 17.0
11.421033 41.667477 -3.586551268 0.0 17.0
11.421033 41.667477 -3.586551269 0.0 18.0
13.157348 43.706093 -3.586551269 0.0 18.0
3.2047038 31.474394 -1.850236570 8.0 13.0
4.1298223 33.987343 -1.850236570 8.0 13.0
4.1298223 33.987343 -1.850236571 7.0 14.0
5.0549407 36.50029 -1.850236571 7.0 14.0
5.0549407 36.50029 -1.850236572 6.0 15.0
5.980059 39.013237 -1.850236572 6.0 15.0
5.980059 39.013237 -1.850236573 5.0 16.0
6.9051776 41.526184 -1.850236573 5.0 16.0
6.9051776 41.526184 -1.850236574 4.0 17.0
7.830296 44.03913 -1.850236574 4.0 17.0
7.830296 44.03913 -1.850236575 3.0 18.0
8.755414 46.55208 -1.850236575 3.0 18.0
8.755414 46.55208 -1.850236576 0.0 19.0
8.755414 49.229904 -1.850236576 0.0 19.0
8.755414 49.229904 -1.850236577 0.0 20.0
8.755414 51.90773 -1.850236577 0.0 20.0
8.755414 46.55208 -1.850236578 0.0 19.0
10.259107 48.590694 -2.718393878 0.0 19.0
10.259107 48.590694 -2.718393879 0.0 20.0
11.995421 50.62931 -2.718393879 0.0 20.0
8.755414 46.55208 -1.850236580 2.0 19.0
9.680532 49.065025 -1.850236580 2.0 19.0
9.680532 49.065025 -1.850236581 1.0 20.0
10.605651 51.577972 -1.850236581 1.0 20.0
10.605651 51.577972 -1.850236582 0.0 21.0
11.530769 54.09092 -1.850236582 0.0 21.0
11.530769 54.09092 -1.850236583 0.0 22.0
12.455888 56.603867 -1.850236583 0.0 22.0
0.0 21.422606 0.084 20.0 9.0
0.0 24.100431 0.084 20.0 9.0
0.0 24.100431 0.085 19.0 10.0
0.0 26.778257 0.085 19.0 10.0
0.0 26.778257 0.086 18.0 11.0
0.0 29.456083 0.086 18.0 11.0
0.0 29.456083 0.087 17.0 12.0
0.0 32.133907 0.087 17.0 12.0
0.0 32.133907 0.088 16.0 13.0
0.0 34.811733 0.088 16.0 13.0
0.0 34.811733 0.089 15.0 14.0
0.0 37.48956 0.089 15.0 14.0
0.0 37.48956 0.090 14.0 15.0
0.0 40.167385 0.090 14.0 15.0
0.0 40.167385 0.091 13.0 16.0
0.0 42.84521 0.091 13.0 16.0
0.0 42.84521 0.092 12.0 17.0
0.0 45.523037 0.092 12.0 17.0
0.0 45.523037 0.093 11.0 18.0
0.0 48.200863 0.093 11.0 18.0
0.0 48.200863 0.094 10.0 19.0
0.0 50.87869 0.094 10.0 19.0
0.0 50.87869 0.095 9.0 20.0
0.0 53.556515 0.095 9.0 20.0
0.0 53.556515 0.096 4.0 21.0
-0.80117595 56.06946 0.4625591396 4.0 21.0
-0.80117595 56.06946 0.4625591397 3.0 22.0
-1.6023519 58.58241 0.9251182797 3.0 22.0
-1.6023519 58.58241 0.9251182798 0.0 23.0
-3.1060443 60.621025 1.793275698 0.0 23.0
-3.1060443 60.621025 1.793275699 0.0 24.0
-4.842359 62.65964 1.793275699 0.0 24.0
-1.6023519 58.58241 0.92511827100 0.0 23.0
-1.6023519 61.260235 0.92511827100 0.0 23.0
-1.6023519 61.260235 0.92511827101 0.0 24.0
-1.6023519 63.93806 0.92511827101 0.0 24.0
-1.6023519 58.58241 0.92511827102 2.0 23.0
-2.52747 61.095356 0.92511827102 2.0 23.0
-2.52747 61.095356 0.92511827103 1.0 24.0
-3.4525883 63.608303 0.92511827103 1.0 24.0
-3.4525883 63.608303 0.92511827104 0.0 25.0
-4.3777065 66.121254 0.92511827104 0.0 25.0
-4.3777065 66.121254 0.92511827105 0.0 26.0
-5.302825 68.6342 0.92511827105 0.0 26.0
0.0 53.556515 0.0106 4.0 21.0
0.80117595 56.06946 -0.46255913106 4.0 21.0
0.80117595 56.06946 -0.46255913107 3.0 22.0
1.6023519 58.58241 -0.92511827107 3.0 22.0
1.6023519 58.58241 -0.92511827108 0.0 23.0
1.6023519 61.260235 -0.92511827108 0.0 23.0
1.6023519 61.260235 -0.92511827109 0.0 24.0
1.6023519 63.93806 -0.92511827109 0.0 24.0
1.6023519 58.58241 -0.92511827110 0.0 23.0
3.1060443 60.621025 -1.7932756110 0.0 23.0
3.1060443 60.621025 -1.7932756111 0.0 24.0
4.842359 62.65964 -1.7932756111 0.0 24.0
1.6023519 58.58241 -0.92511827112 2.0 23.0
2.52747 61.095356 -0.92511827112 2.0 23.0
2.52747 61.095356 -0.92511827113 1.0 24.0
3.4525883 63.608303 -0.92511827113 1.0 24.0
3.4525883 63.608303 -0.92511827114 0.0 25.0
4.3777065 66.121254 -0.92511827114 0.0 25.0
4.3777065 66.121254 -0.92511827115 0.0 26.0
5.302825 68.6342 -0.92511827115 0.0 26.0
0.0 53.556515 0.0116 8.0 21.0
0.0 56.23434 0.0116 8.0 21.0
0.0 56.23434 0.0117 7.0 22.0
0.0 58.912167 0.0117 7.0 22.0
0.0 58.912167 0.0118 6.0 23.0
0.0 61.589993 0.0118 6.0 23.0
0.0 61.589993 0.0119 5.0 24.0
0.0 64.267815 0.0119 5.0 24.0
0.0 64.267815 0.0120 4.0 25.0
0.0 66.94564 0.0120 4.0 25.0
0.0 66.94564 0.0121 3.0 26.0
0.0 69.62347 0.0121 3.0 26.0
0.0 69.62347 0.0122 0.0 27.0
-0.80117595 72.13641 0.46255913122 0.0 27.0
-0.80117595 72.13641 0.46255913123 0.0 28.0
-1.7262943 74.64936 0.46255913123 0.0 28.0
0.0 69.62347 0.0124 0.0 27.0
0.80117595 72.13641 -0.46255913124 0.0 27.0
0.80117595 72.13641 -0.46255913125 0.0 28.0
1.7262943 74.64936 -0.46255913125 0.0 28.0
0.0 69.62347 0.0126 2.0 27.0
0.0 72.30129 0.0126 2.0 27.0
0.0 72.30129 0.0127 1.0 28.0
0.0 74.97912 0.0127 1.0 28.0
0.0 74.97912 0.0128 0.0 29.0
0.0 77.656944 0.0128 0.0 29.0
0.0 77.656944 0.0129 0.0 30.0
0.0 80.33477 0.0129 0.0 30.0
