0.0 0.0 0.00 11.0 1.0
0.0 3.8646755 0.00 11.0 1.0
0.0 3.8646755 0.01 10.0 2.0
0.0 7.729351 0.01 10.0 2.0
0.0 7.729351 0.02 1.0 3.0
3.3401136 7.975461 -1.92841552 1.0 3.0
3.3401136 7.975461 -1.92841553 0.0 4.0
5.6301394 10.793869 -3.25056243 0.0 4.0
5.6301394 10.793869 -3.25056244 0.0 5.0
5.6301394 14.658545 -3.25056244 0.0 5.0
0.0 7.729351 0.05 1.0 3.0
-2.2900257 10.54776 1.32214695 1.0 3.0
-2.2900257 10.54776 1.32214696 0.0 4.0
-2.2900257 14.412436 1.32214696 0.0 4.0
-2.2900257 14.412436 1.32214697 0.0 5.0
0.0 17.230844 0.07 0.0 5.0
0.0 7.729351 0.08 9.0 3.0
0.0 11.594027 0.08 9.0 3.0
0.0 11.594027 0.09 8.0 4.0
0.0 15.458702 0.09 8.0 4.0
0.0 15.458702 0.010 1.0 5.0
3.3401136 15.704812 -1.928415510 1.0 5.0
3.3401136 15.704812 -1.928415511 0.0 6.0
5.6301394 18.52322 -3.250562411 0.0 6.0
5.6301394 18.52322 -3.250562412 0.0 7.0
5.6301394 22.387896 -3.250562412 0.0 7.0
0.0 15.458702 0.013 1.0 5.0
-2.2900257 18.277111 1.322146913 1.0 5.0
-2.2900257 18.277111 1.322146914 0.0 6.0
-2.2900257 22.141787 1.322146914 0.0 6.0
-2.2900257 22.141787 1.322146915 0.0 7.0
0.0 24.960196 0.015 0.0 7.0
0.0 15.458702 0.016 7.0 5.0
3.3401136 15.704812 -1.928415516 7.0 5.0
3.3401136 15.704812 -1.928415517 6.0 6.0
6.6802273 15.950922 -3.85683117 6.0 6.0
6.6802273 15.950922 -3.85683118 1.0 7.0
7.105637 12.117592 -4.10244218 1.0 7.0
7.105637 12.117592 -4.10244219 0.0 8.0
9.687329 9.658147 -5.59298319 0.0 8.0
9.687329 9.658147 -5.59298320 0.0 9.0
13.027443 9.904258 -7.521398520 0.0 9.0
6.6802273 15.950922 -3.85683121 1.0 7.0
8.970253 18.769331 -5.17897821 1.0 7.0
8.970253 18.769331 -5.17897822 0.0 8.0
12.310367 19.015442 -7.107393322 0.0 8.0
12.310367 19.015442 -7.107393323 0.0 9.0
14.892059 16.555998 -8.59793423 0.0 9.0
6.6802273 15.950922 -3.85683124 5.0 7.0
9.324521 18.769331 -3.85683124 5.0 7.0
9.324521 18.769331 -3.85683125 4.0 8.0
11.968815 21.58774 -3.85683125 4.0 8.0
11.968815 21.58774 -3.85683126 1.0 9.0
14.550508 19.128296 -5.34737226 1.0 9.0
14.550508 19.128296 -5.34737227 0.0 10.0
17.890621 19.374407 -7.275787427 0.0 10.0
17.890621 19.374407 -7.275787428 0.0 11.0
20.180647 22.192816 -8.59793428 0.0 11.0
11.968815 21.58774 -3.85683129 1.0 9.0
11.968815 25.452415 -3.856830829 1.0 9.0
11.968815 25.452415 -3.856830830 0.0 10.0
14.258841 28.270824 -5.178977530 0.0 10.0
14.258841 28.270824 -5.178977531 0.0 11.0
17.598953 28.516935 -7.107393331 0.0 11.0
11.968815 21.58774 -3.85683132 3.0 9.0
11.968815 25.452415 -3.85683132 3.0 9.0
11.968815 25.452415 -3.85683133 2.0 10.0
11.968815 29.317091 -3.85683133 2.0 10.0
11.968815 29.317091 -3.85683134 1.0 11.0
15.3089285 29.563202 -5.78524734 1.0 11.0
15.3089285 29.563202 -5.78524735 0.0 12.0
17.598953 32.38161 -7.107393735 0.0 12.0
17.598953 32.38161 -7.107393736 0.0 13.0
17.598953 36.246284 -7.107393736 0.0 13.0
11.968815 29.317091 -3.85683137 1.0 11.0
9.678789 32.135498 -2.53468437 1.0 11.0
9.678789 32.135498 -2.53468438 0.0 12.0
9.678789 36.000175 -2.534683738 0.0 12.0
9.678789 36.000175 -2.534683739 0.0 13.0
11.968815 38.818584 -3.856830639 0.0 13.0
0.0 15.458702 0.040 7.0 5.0
-2.2900257 18.277111 1.322146940 7.0 5.0
-2.2900257 18.277111 1.322146941 6.0 6.0
-4.5800514 21.09552 2.644293841 6.0 6.0
-4.5800514 21.09552 2.644293842 1.0 7.0
-2.2900257 23.913929 1.322146942 1.0 7.0
-2.2900257 23.913929 1.322146943 0.0 8.0
-2.2900257 27.778605 1.322146943 0.0 8.0
-2.2900257 27.778605 1.322146944 0.0 9.0
-4.5800514 30.597013 2.644293844 0.0 9.0
-4.5800514 21.09552 2.644293845 1.0 7.0
-7.920165 21.34163 4.57270945 1.0 7.0
-7.920165 21.34163 4.57270946 0.0 8.0
-10.210191 24.16004 5.89485646 0.0 8.0
-10.210191 24.16004 5.89485647 0.0 9.0
-10.210191 28.024715 5.89485647 0.0 9.0
-4.5800514 21.09552 2.644293848 5.0 7.0
-4.5800514 24.960196 2.644293848 5.0 7.0
-4.5800514 24.960196 2.644293849 4.0 8.0
-4.5800514 28.824871 2.644293849 4.0 8.0
-4.5800514 28.824871 2.644293850 1.0 9.0
-1.2399378 29.070982 0.7158782550 1.0 9.0
-1.2399378 29.070982 0.7158782551 0.0 10.0
1.0500879 31.88939 -0.6062686451 0.0 10.0
1.0500879 31.88939 -0.6062686452 0.0 11.0
1.0500879 35.754066 -0.6062686452 0.0 11.0
-4.5800514 28.824871 2.644293853 1.0 9.0
-6.870077 31.64328 3.966440753 1.0 9.0
-6.870077 31.64328 3.966440754 0.0 10.0
-6.870077 35.507957 3.966440754 0.0 10.0
-6.870077 35.507957 3.966440755 0.0 11.0
-4.5800514 38.326366 2.644293855 0.0 11.0
-4.5800514 28.824871 2.644293856 3.0 9.0
-1.9357576 31.64328 2.644293856 3.0 9.0
-1.9357576 31.64328 2.644293857 2.0 10.0
0.70853615 34.46169 2.644293857 2.0 10.0
0.70853615 34.46169 2.644293858 1.0 11.0
3.2902286 32.002243 1.153752958 1.0 11.0
3.2902286 32.002243 1.153752959 0.0 12.0
6.6303425 32.248352 -0.774662659 0.0 12.0
6.6303425 32.248352 -0.774662660 0.0 13.0
8.920368 35.06676 -2.096809460 0.0 13.0
0.70853615 34.46169 2.644293861 1.0 11.0
0.70853615 38.326363 2.644293861 1.0 11.0
0.70853615 38.326363 2.644293862 0.0 12.0
2.9985619 41.14477 1.322146962 0.0 12.0
2.9985619 41.14477 1.322146963 0.0 13.0
6.3386755 41.39088 -0.6062686463 0.0 13.0
