0.0 0.0 0.00 60.0 1.0
0.0 1.8538021 0.00 60.0 1.0
0.0 1.8538021 0.01 59.0 2.0
0.0 3.7076042 0.01 59.0 2.0
0.0 3.7076042 0.02 58.0 3.0
0.0 5.561406 0.02 58.0 3.0
0.0 5.561406 0.03 57.0 4.0
0.0 7.4152083 0.03 57.0 4.0
0.0 7.4152083 0.04 56.0 5.0
0.0 9.269011 0.04 56.0 5.0
0.0 9.269011 0.05 55.0 6.0
0.0 11.122812 0.05 55.0 6.0
0.0 11.122812 0.06 54.0 7.0
0.0 12.976614 0.06 54.0 7.0
0.0 12.976614 0.07 53.0 8.0
0.0 14.830416 0.07 53.0 8.0
0.0 14.830416 0.08 52.0 9.0
0.0 16.684217 0.08 52.0 9.0
0.0 16.684217 0.09 51.0 10.0
0.0 18.53802 0.09 51.0 10.0
0.0 18.53802 0.010 50.0 11.0
0.0 20.39182 0.010 50.0 11.0
0.0 20.39182 0.011 49.0 12.0
0.0 22.245623 0.011 49.0 12.0
0.0 22.245623 0.012 48.0 13.0
0.0 24.099424 0.012 48.0 13.0
0.0 24.099424 0.013 47.0 14.0
0.0 25.953226 0.013 47.0 14.0
0.0 25.953226 0.014 46.0 15.0
0.0 27.807028 0.014 46.0 15.0
0.0 27.807028 0.015 45.0 16.0
0.0 29.66083 0.015 45.0 16.0
0.0 29.66083 0.016 28.0 17.0
-0.9054441 31.191671 0.5227583616 28.0 17.0
-0.9054441 31.191671 0.5227583617 27.0 18.0
-1.8108882 32.72251 1.045516717 27.0 18.0
-1.8108882 32.72251 1.045516718 26.0 19.0
-2.7163322 34.253353 1.568275118 26.0 19.0
-2.7163322 34.253353 1.568275119 25.0 20.0
-3.6217763 35.784195 2.091033519 25.0 20.0
-3.6217763 35.784195 2.091033520 24.0 21.0
-4.5272202 37.315037 2.61379220 24.0 21.0
-4.5272202 37.315037 2.61379221 23.0 22.0
-5.4326644 38.84588 3.136550421 23.0 22.0
-5.4326644 38.84588 3.136550422 22.0 23.0
-6.3381085 40.37672 3.65930922 22.0 23.0
-6.3381085 40.37672 3.65930923 21.0 24.0
-7.2435527 41.907562 4.182067423 21.0 24.0
-7.2435527 41.907562 4.182067424 12.0 25.0
-7.2435527 43.761364 4.182067424 12.0 25.0
-7.2435527 43.761364 4.182067425 11.0 26.0
-7.2435527 45.615166 4.182067425 11.0 26.0
-7.2435527 45.615166 4.182067426 10.0 27.0
-7.2435527 47.468967 4.182067426 10.0 27.0
-7.2435527 47.468967 4.182067427 9.0 28.0
-7.2435527 49.32277 4.182067427 9.0 28.0
-7.2435527 49.32277 4.182067428 4.0 29.0
-6.3381085 50.85361 3.65930928 4.0 29.0
-6.3381085 50.85361 3.65930929 3.0 30.0
-5.4326644 52.384453 3.136550429 3.0 30.0
-5.4326644 52.384453 3.136550430 0.0 31.0
-5.4326644 54.238255 3.136550430 0.0 31.0
-5.4326644 54.238255 3.136550431 0.0 32.0
-5.4326644 56.092056 3.136550431 0.0 32.0
-5.4326644 52.384453 3.136550432 2.0 31.0
-4.387148 53.915295 3.136550432 2.0 31.0
-4.387148 53.915295 3.136550433 1.0 32.0
-3.3416312 55.446136 3.136550433 1.0 32.0
-3.3416312 55.446136 3.136550434 0.0 33.0
-1.8462269 56.12063 2.273178334 0.0 33.0
-1.8462269 56.12063 2.273178335 0.0 34.0
-0.119482875 56.79512 2.273178335 0.0 34.0
-3.3416312 55.446136 3.136550436 0.0 33.0
-3.3416312 57.29994 3.136550436 0.0 33.0
-3.3416312 57.29994 3.136550437 0.0 34.0
-3.3416312 59.15374 3.136550437 0.0 34.0
-7.2435527 49.32277 4.182067438 8.0 29.0
-7.2435527 51.17657 4.182067438 8.0 29.0
-7.2435527 51.17657 4.182067439 7.0 30.0
-7.2435527 53.030373 4.182067439 7.0 30.0
-7.2435527 53.030373 4.182067440 6.0 31.0
-7.2435527 54.884174 4.182067440 6.0 31.0
-7.2435527 54.884174 4.182067441 5.0 32.0
-7.2435527 56.737976 4.182067441 5.0 32.0
-7.2435527 56.737976 4.182067442 4.0 33.0
-6.3381085 58.268818 3.65930942 4.0 33.0
-6.3381085 58.268818 3.65930943 3.0 34.0
-5.4326644 59.79966 3.136550443 3.0 34.0
-5.4326644 59.79966 3.136550444 0.0 35.0
-5.4326644 61.65346 3.136550444 0.0 35.0
-5.4326644 61.65346 3.136550445 0.0 36.0
-5.4326644 63.507263 3.136550445 0.0 36.0
-5.4326644 59.79966 3.136550446 2.0 35.0
-4.387148 61.3305 3.136550446 2.0 35.0
-4.387148 61.3305 3.136550447 1.0 36.0
-3.3416312 62.861343 3.136550447 1.0 36.0
-3.3416312 62.861343 3.136550448 0.0 37.0
-1.8462269 63.535835 2.273178348 0.0 37.0
-1.8462269 63.535835 2.273178349 0.0 38.0
-0.119482875 64.21033 2.273178349 0.0 38.0
-3.3416312 62.861343 3.136550450 0.0 37.0
-3.3416312 64.71515 3.136550450 0.0 37.0
-3.3416312 64.71515 3.136550451 0.0 38.0
-3.3416312 66.568954 3.136550451 0.0 38.0
-7.2435527 56.737976 4.182067452 4.0 33.0
-8.289069 58.268818 4.182067452 4.0 33.0
-8.289069 58.268818 4.182067453 3.0 34.0
-9.334586 59.79966 4.182067453 3.0 34.0
-9.334586 59.79966 4.182067454 0.0 35.0
-10.82999 60.47415 5.045439254 0.0 35.0
-10.82999 60.47415 5.045439255 0.0 36.0
-12.556734 61.148643 5.045439255 0.0 36.0
-9.334586 59.79966 4.182067456 2.0 35.0
-10.380103 61.3305 4.182067456 2.0 35.0
-10.380103 61.3305 4.182067457 1.0 36.0
-11.42562 62.861343 4.182067457 1.0 36.0
-11.42562 62.861343 4.182067458 0.0 37.0
-11.42562 64.71515 4.182067458 0.0 37.0
-11.42562 64.71515 4.182067459 0.0 38.0
-11.42562 66.568954 4.182067459 0.0 38.0
-11.42562 62.861343 4.182067460 0.0 37.0
-13.152364 63.535835 4.182067460 0.0 37.0
-13.152364 63.535835 4.182067461 0.0 38.0
-14.879107 64.21033 4.182067461 0.0 38.0
-7.2435527 41.907562 4.182067462 20.0 25.0
-8.289069 43.438404 4.182067462 20.0 25.0
-8.289069 43.438404 4.182067463 19.0 26.0
-9.334586 44.969246 4.182067463 19.0 26.0
-9.334586 44.969246 4.182067464 18.0 27.0
-10.380103 46.500088 4.182067464 18.0 27.0
-10.380103 46.500088 4.182067465 17.0 28.0
-11.42562 48.03093 4.182067465 17.0 28.0
-11.42562 48.03093 4.182067466 16.0 29.0
-12.471137 49.56177 4.182067466 16.0 29.0
-12.471137 49.56177 4.182067467 15.0 30.0
-13.516654 51.092613 4.182067467 15.0 30.0
-13.516654 51.092613 4.182067468 14.0 31.0
-14.562171 52.623455 4.182067468 14.0 31.0
-14.562171 52.623455 4.182067469 13.0 32.0
-15.607688 54.154297 4.182067469 13.0 32.0
-15.607688 54.154297 4.182067470 12.0 33.0
-15.607688 56.0081 4.182067470 12.0 33.0
-15.607688 56.0081 4.182067471 11.0 34.0
-15.607688 57.8619 4.182067471 11.0 34.0
-15.607688 57.8619 4.182067472 10.0 35.0
-15.607688 59.715702 4.182067472 10.0 35.0
-15.607688 59.715702 4.182067473 9.0 36.0
-15.607688 61.569504 4.182067473 9.0 36.0
-15.607688 61.569504 4.182067474 4.0 37.0
-14.702244 63.100346 3.65930974 4.0 37.0
-14.702244 63.100346 3.65930975 3.0 38.0
-13.7968 64.63119 3.136550475 3.0 38.0
-13.7968 64.63119 3.136550476 0.0 39.0
-13.7968 66.48499 3.136550476 0.0 39.0
-13.7968 66.48499 3.136550477 0.0 40.0
-13.7968 68.3388 3.136550477 0.0 40.0
-13.7968 64.63119 3.136550478 2.0 39.0
-12.751283 66.16203 3.136550478 2.0 39.0
-12.751283 66.16203 3.136550479 1.0 40.0
-11.705766 67.69287 3.136550479 1.0 40.0
-11.705766 67.69287 3.136550480 0.0 41.0
-10.2103615 68.36736 2.273178380 0.0 41.0
-10.2103615 68.36736 2.273178381 0.0 42.0
-8.483618 69.041855 2.273178381 0.0 42.0
-11.705766 67.69287 3.136550482 0.0 41.0
-11.705766 69.54668 3.136550482 0.0 41.0
-11.705766 69.54668 3.136550483 0.0 42.0
-11.705766 71.40048 3.136550483 0.0 42.0
-15.607688 61.569504 4.182067484 8.0 37.0
-15.607688 63.423306 4.182067484 8.0 37.0
-15.607688 63.423306 4.182067485 7.0 38.0
-15.607688 65.27711 4.182067485 7.0 38.0
-15.607688 65.27711 4.182067486 6.0 39.0
-15.607688 67.13091 4.182067486 6.0 39.0
-15.607688 67.13091 4.182067487 5.0 40.0
-15.607688 68.98472 4.182067487 5.0 40.0
-15.607688 68.98472 4.182067488 4.0 41.0
-14.702244 70.515564 3.65930988 4.0 41.0
-14.702244 70.515564 3.65930989 3.0 42.0
-13.7968 72.0464 3.136550489 3.0 42.0
-13.7968 72.0464 3.136550490 0.0 43.0
-13.7968 73.90021 3.136550490 0.0 43.0
-13.7968 73.90021 3.136550491 0.0 44.0
-13.7968 75.75401 3.136550491 0.0 44.0
-13.7968 72.0464 3.136550492 2.0 43.0
-12.751283 73.57724 3.136550492 2.0 43.0
-12.751283 73.57724 3.136550493 1.0 44.0
-11.705766 75.10808 3.136550493 1.0 44.0
-11.705766 75.10808 3.136550494 0.0 45.0
-10.2103615 75.78257 2.273178394 0.0 45.0
-10.2103615 75.78257 2.273178395 0.0 46.0
-8.483618 76.45706 2.273178395 0.0 46.0
-11.705766 75.10808 3.136550496 0.0 45.0
-11.705766 76.96188 3.136550496 0.0 45.0
-11.705766 76.96188 3.136550497 0.0 46.0
-11.705766 78.81569 3.136550497 0.0 46.0
-15.607688 68.98472 4.182067498 4.0 41.0
-16.653204 70.515564 4.182067498 4.0 41.0
-16.653204 70.515564 4.182067499 3.0 42.0
-17.69872 72.0464 4.182067499 3.0 42.0
-17.69872 72.0464 4.1820674100 0.0 43.0
-19.194126 72.720894 5.0454392100 0.0 43.0
-19.194126 72.720894 5.0454392101 0.0 44.0
-20.92087 73.395386 5.0454392101 0.0 44.0
-17.69872 72.0464 4.1820674102 2.0 43.0
-18.744238 73.57724 4.1820674102 2.0 43.0
-18.744238 73.57724 4.1820674103 1.0 44.0
-19.789755 75.10808 4.1820674103 1.0 44.0
-19.789755 75.10808 4.1820674104 0.0 45.0
-19.789755 76.96188 4.1820674104 0.0 45.0
-19.789755 76.96188 4.1820674105 0.0 46.0
-19.789755 78.81569 4.1820674105 0.0 46.0
-19.789755 75.10808 4.1820674106 0.0 45.0
-21.516499 75.78257 4.1820674106 0.0 45.0
-21.516499 75.78257 4.1820674107 0.0 46.0
-23.243242 76.45706 4.1820674107 0.0 46.0
-15.607688 54.154297 4.1820674108 12.0 33.0
-17.334433 54.82879 4.1820674108 12.0 33.0
-17.334433 54.82879 4.1820674109 11.0 34.0
-19.061176 55.50328 4.1820674109 11.0 34.0
-19.061176 55.50328 4.1820674110 10.0 35.0
-20.78792 56.177773 4.1820674110 10.0 35.0
-20.78792 56.177773 4.1820674111 9.0 36.0
-22.514664 56.852264 4.1820674111 9.0 36.0
-22.514664 56.852264 4.1820674112 4.0 37.0
-23.420107 58.383106 4.704826112 4.0 37.0
-23.420107 58.383106 4.704826113 3.0 38.0
-24.32555 59.913948 5.2275844113 3.0 38.0
-24.32555 59.913948 5.2275844114 0.0 39.0
-25.820953 60.58844 6.090956114 0.0 39.0
-25.820953 60.58844 6.090956115 0.0 40.0
-27.547697 61.26293 6.090956115 0.0 40.0
-24.32555 59.913948 5.2275844116 2.0 39.0
-25.371067 61.44479 5.2275844116 2.0 39.0
-25.371067 61.44479 5.2275844117 1.0 40.0
-26.416584 62.97563 5.2275844117 1.0 40.0
-26.416584 62.97563 5.2275844118 0.0 41.0
-26.416584 64.82944 5.2275844118 0.0 41.0
-26.416584 64.82944 5.2275844119 0.0 42.0
-26.416584 66.68324 5.2275844119 0.0 42.0
-26.416584 62.97563 5.2275844120 0.0 41.0
-28.143328 63.650124 5.2275844120 0.0 41.0
-28.143328 63.650124 5.2275844121 0.0 42.0
-29.870071 64.324615 5.2275844121 0.0 42.0
-22.514664 56.852264 4.1820674122 8.0 37.0
-24.241407 57.526756 4.1820674122 8.0 37.0
-24.241407 57.526756 4.1820674123 7.0 38.0
-25.968151 58.20125 4.1820674123 7.0 38.0
-25.968151 58.20125 4.1820674124 6.0 39.0
-27.694895 58.87574 4.1820674124 6.0 39.0
-27.694895 58.87574 4.1820674125 5.0 40.0
-29.421638 59.550232 4.1820674125 5.0 40.0
-29.421638 59.550232 4.1820674126 4.0 41.0
-30.327082 61.081074 4.704826126 4.0 41.0
-30.327082 61.081074 4.704826127 3.0 42.0
-31.232525 62.611916 5.2275844127 3.0 42.0
-31.232525 62.611916 5.2275844128 0.0 43.0
-32.72793 63.286407 6.090956128 0.0 43.0
-32.72793 63.286407 6.090956129 0.0 44.0
-34.454674 63.9609 6.090956129 0.0 44.0
-31.232525 62.611916 5.2275844130 2.0 43.0
-32.27804 64.14276 5.2275844130 2.0 43.0
-32.27804 64.14276 5.2275844131 1.0 44.0
-33.32356 65.6736 5.2275844131 1.0 44.0
-33.32356 65.6736 5.2275844132 0.0 45.0
-33.32356 67.527405 5.2275844132 0.0 45.0
-33.32356 67.527405 5.2275844133 0.0 46.0
-33.32356 69.38121 5.2275844133 0.0 46.0
-33.32356 65.6736 5.2275844134 0.0 45.0
-35.050304 66.34809 5.2275844134 0.0 45.0
-35.050304 66.34809 5.2275844135 0.0 46.0
-36.77705 67.02258 5.2275844135 0.0 46.0
-29.421638 59.550232 4.1820674136 4.0 41.0
-31.22796 59.133358 4.1820674136 4.0 41.0
-31.22796 59.133358 4.1820674137 3.0 42.0
-33.034283 58.716484 4.1820674137 3.0 42.0
-33.034283 58.716484 4.1820674138 0.0 43.0
-34.122463 57.353497 4.8103285138 0.0 43.0
-34.122463 57.353497 4.8103285139 0.0 44.0
-35.378986 55.99051 4.8103285139 0.0 44.0
-33.034283 58.716484 4.1820674140 2.0 43.0
-34.840603 58.29961 4.1820674140 2.0 43.0
-34.840603 58.29961 4.1820674141 1.0 44.0
-36.646923 57.882736 4.1820674141 1.0 44.0
-36.646923 57.882736 4.1820674142 0.0 45.0
-38.142326 58.557228 5.0454392142 0.0 45.0
-38.142326 58.557228 5.0454392143 0.0 46.0
-39.869072 59.23172 5.0454392143 0.0 46.0
-36.646923 57.882736 4.1820674144 0.0 45.0
-37.903446 56.51975 4.1820674144 0.0 45.0
-37.903446 56.51975 4.1820674145 0.0 46.0
-39.15997 55.15676 4.1820674145 0.0 46.0
0.0 29.66083 0.0146 44.0 17.0
0.0 31.514631 0.0146 44.0 17.0
0.0 31.514631 0.0147 43.0 18.0
0.0 33.368435 0.0147 43.0 18.0
0.0 33.368435 0.0148 42.0 19.0
0.0 35.222237 0.0148 42.0 19.0
0.0 35.222237 0.0149 41.0 20.0
0.0 37.07604 0.0149 41.0 20.0
0.0 37.07604 0.0150 40.0 21.0
0.0 38.92984 0.0150 40.0 21.0
0.0 38.92984 0.0151 39.0 22.0
0.0 40.78364 0.0151 39.0 22.0
0.0 40.78364 0.0152 38.0 23.0
0.0 42.637444 0.0152 38.0 23.0
0.0 42.637444 0.0153 37.0 24.0
0.0 44.491245 0.0153 37.0 24.0
0.0 44.491245 0.0154 36.0 25.0
0.0 46.345047 0.0154 36.0 25.0
0.0 46.345047 0.0155 35.0 26.0
0.0 48.19885 0.0155 35.0 26.0
0.0 48.19885 0.0156 34.0 27.0
0.0 50.05265 0.0156 34.0 27.0
0.0 50.05265 0.0157 33.0 28.0
0.0 51.906452 0.0157 33.0 28.0
0.0 51.906452 0.0158 32.0 29.0
0.0 53.760254 0.0158 32.0 29.0
0.0 53.760254 0.0159 31.0 30.0
0.0 55.614056 0.0159 31.0 30.0
0.0 55.614056 0.0160 30.0 31.0
0.0 57.467857 0.0160 30.0 31.0
0.0 57.467857 0.0161 29.0 32.0
0.0 59.32166 0.0161 29.0 32.0
0.0 59.32166 0.0162 28.0 33.0
0.9054441 60.8525 -0.52275836162 28.0 33.0
0.9054441 60.8525 -0.52275836163 27.0 34.0
1.8108882 62.383343 -1.0455167163 27.0 34.0
1.8108882 62.383343 -1.0455167164 26.0 35.0
2.7163322 63.914185 -1.5682751164 26.0 35.0
2.7163322 63.914185 -1.5682751165 25.0 36.0
3.6217763 65.44502 -2.0910335165 25.0 36.0
3.6217763 65.44502 -2.0910335166 24.0 37.0
4.5272202 66.97586 -2.613792166 24.0 37.0
4.5272202 66.97586 -2.613792167 23.0 38.0
5.4326644 68.5067 -3.1365504167 23.0 38.0
5.4326644 68.5067 -3.1365504168 22.0 39.0
6.3381085 70.03754 -3.659309168 22.0 39.0
6.3381085 70.03754 -3.659309169 21.0 40.0
7.2435527 71.568375 -4.1820674169 21.0 40.0
7.2435527 71.568375 -4.1820674170 12.0 41.0
8.738956 72.24287 -5.0454392170 12.0 41.0
8.738956 72.24287 -5.0454392171 11.0 42.0
10.234361 72.91736 -5.908811171 11.0 42.0
10.234361 72.91736 -5.908811172 10.0 43.0
11.729765 73.59185 -6.772183172 10.0 43.0
11.729765 73.59185 -6.772183173 9.0 44.0
13.225169 74.26634 -7.635555173 9.0 44.0
13.225169 74.26634 -7.635555174 4.0 45.0
14.78949 73.849464 -8.538715174 4.0 45.0
14.78949 73.849464 -8.538715175 3.0 46.0
16.35381 73.43259 -9.441876175 3.0 46.0
16.35381 73.43259 -9.441876176 0.0 47.0
17.849213 74.10708 -10.305248176 0.0 47.0
17.849213 74.10708 -10.305248177 0.0 48.0
19.575956 74.78157 -10.305248177 0.0 48.0
16.35381 73.43259 -9.441876178 2.0 47.0
18.160131 73.01571 -9.441876178 2.0 47.0
18.160131 73.01571 -9.441876179 1.0 48.0
19.966454 72.59883 -9.441876179 1.0 48.0
19.966454 72.59883 -9.441876180 0.0 49.0
21.054634 71.23585 -10.070138180 0.0 49.0
21.054634 71.23585 -10.070138181 0.0 50.0
22.311157 69.87286 -10.070138181 0.0 50.0
19.966454 72.59883 -9.441876182 0.0 49.0
21.693197 73.27332 -9.441876182 0.0 49.0
21.693197 73.27332 -9.441876183 0.0 50.0
23.41994 73.947815 -9.441876183 0.0 50.0
13.225169 74.26634 -7.635555184 8.0 45.0
14.951913 74.940834 -7.635555184 8.0 45.0
14.951913 74.940834 -7.635555185 7.0 46.0
16.678658 75.615326 -7.635555185 7.0 46.0
16.678658 75.615326 -7.635555186 6.0 47.0
18.405401 76.28982 -7.635555186 6.0 47.0
18.405401 76.28982 -7.635555187 5.0 48.0
20.132145 76.96431 -7.635555187 5.0 48.0
20.132145 76.96431 -7.635555188 4.0 49.0
21.696465 76.54743 -8.538715188 4.0 49.0
21.696465 76.54743 -8.538715189 3.0 50.0
23.260784 76.130554 -9.441876189 3.0 50.0
23.260784 76.130554 -9.441876190 0.0 51.0
24.756187 76.805046 -10.305248190 0.0 51.0
24.756187 76.805046 -10.305248191 0.0 52.0
26.482931 77.47954 -10.305248191 0.0 52.0
23.260784 76.130554 -9.441876192 2.0 51.0
25.067106 75.71368 -9.441876192 2.0 51.0
25.067106 75.71368 -9.441876193 1.0 52.0
26.873428 75.2968 -9.441876193 1.0 52.0
26.873428 75.2968 -9.441876194 0.0 53.0
27.961609 73.933815 -10.070138194 0.0 53.0
27.961609 73.933815 -10.070138195 0.0 54.0
29.218132 72.57083 -10.070138195 0.0 54.0
26.873428 75.2968 -9.441876196 0.0 53.0
28.600172 75.97129 -9.441876196 0.0 53.0
28.600172 75.97129 -9.441876197 0.0 54.0
30.326916 76.64578 -9.441876197 0.0 54.0
20.132145 76.96431 -7.635555198 4.0 49.0
21.177662 78.49515 -7.635555198 4.0 49.0
21.177662 78.49515 -7.635555199 3.0 50.0
22.223179 80.025986 -7.635555199 3.0 50.0
22.223179 80.025986 -7.635555200 0.0 51.0
22.223179 81.87979 -7.635555200 0.0 51.0
22.223179 81.87979 -7.635555201 0.0 52.0
22.223179 83.7336 -7.635555201 0.0 52.0
22.223179 80.025986 -7.635555202 2.0 51.0
23.268696 81.55682 -7.635555202 2.0 51.0
23.268696 81.55682 -7.635555203 1.0 52.0
24.314213 83.08766 -7.635555203 1.0 52.0
24.314213 83.08766 -7.635555204 0.0 53.0
25.809616 83.76215 -8.498927204 0.0 53.0
25.809616 83.76215 -8.498927205 0.0 54.0
27.53636 84.436646 -8.498927205 0.0 54.0
24.314213 83.08766 -7.635555206 0.0 53.0
24.314213 84.94147 -7.635555206 0.0 53.0
24.314213 84.94147 -7.635555207 0.0 54.0
24.314213 86.79527 -7.635555207 0.0 54.0
7.2435527 71.568375 -4.1820674208 20.0 41.0
8.289069 73.09921 -4.1820674208 20.0 41.0
8.289069 73.09921 -4.1820674209 19.0 42.0
9.334586 74.63005 -4.1820674209 19.0 42.0
9.334586 74.63005 -4.1820674210 18.0 43.0
10.380103 76.16089 -4.1820674210 18.0 43.0
10.380103 76.16089 -4.1820674211 17.0 44.0
11.42562 77.69173 -4.1820674211 17.0 44.0
11.42562 77.69173 -4.1820674212 16.0 45.0
12.471137 79.222565 -4.1820674212 16.0 45.0
12.471137 79.222565 -4.1820674213 15.0 46.0
13.516654 80.7534 -4.1820674213 15.0 46.0
13.516654 80.7534 -4.1820674214 14.0 47.0
14.562171 82.28424 -4.1820674214 14.0 47.0
14.562171 82.28424 -4.1820674215 13.0 48.0
15.607688 83.81508 -4.1820674215 13.0 48.0
15.607688 83.81508 -4.1820674216 12.0 49.0
17.103092 84.48957 -5.0454392216 12.0 49.0
17.103092 84.48957 -5.0454392217 11.0 50.0
18.598495 85.16406 -5.908811217 11.0 50.0
18.598495 85.16406 -5.908811218 10.0 51.0
20.093899 85.838554 -6.772183218 10.0 51.0
20.093899 85.838554 -6.772183219 9.0 52.0
21.589302 86.51305 -7.635555219 9.0 52.0
21.589302 86.51305 -7.635555220 4.0 53.0
23.153622 86.09617 -8.538715220 4.0 53.0
23.153622 86.09617 -8.538715221 3.0 54.0
24.717941 85.67929 -9.441876221 3.0 54.0
24.717941 85.67929 -9.441876222 0.0 55.0
26.213345 86.35378 -10.305248222 0.0 55.0
26.213345 86.35378 -10.305248223 0.0 56.0
27.940088 87.028275 -10.305248223 0.0 56.0
24.717941 85.67929 -9.441876224 2.0 55.0
26.524263 85.26241 -9.441876224 2.0 55.0
26.524263 85.26241 -9.441876225 1.0 56.0
28.330585 84.845535 -9.441876225 1.0 56.0
28.330585 84.845535 -9.441876226 0.0 57.0
29.418766 83.48255 -10.070138226 0.0 57.0
29.418766 83.48255 -10.070138227 0.0 58.0
30.67529 82.11957 -10.070138227 0.0 58.0
28.330585 84.845535 -9.441876228 0.0 57.0
30.05733 85.52003 -9.441876228 0.0 57.0
30.05733 85.52003 -9.441876229 0.0 58.0
31.784073 86.19452 -9.441876229 0.0 58.0
21.589302 86.51305 -7.635555230 8.0 53.0
23.316046 87.18754 -7.635555230 8.0 53.0
23.316046 87.18754 -7.635555231 7.0 54.0
25.04279 87.86203 -7.635555231 7.0 54.0
25.04279 87.86203 -7.635555232 6.0 55.0
26.769533 88.53652 -7.635555232 6.0 55.0
26.769533 88.53652 -7.635555233 5.0 56.0
28.496277 89.21101 -7.635555233 5.0 56.0
28.496277 89.21101 -7.635555234 4.0 57.0
30.060596 88.794136 -8.538715234 4.0 57.0
30.060596 88.794136 -8.538715235 3.0 58.0
31.624916 88.37726 -9.441876235 3.0 58.0
31.624916 88.37726 -9.441876236 0.0 59.0
33.12032 89.05175 -10.305248236 0.0 59.0
33.12032 89.05175 -10.305248237 0.0 60.0
34.847065 89.72624 -10.305248237 0.0 60.0
31.624916 88.37726 -9.441876238 2.0 59.0
33.431236 87.96038 -9.441876238 2.0 59.0
33.431236 87.96038 -9.441876239 1.0 60.0
35.237556 87.5435 -9.441876239 1.0 60.0
35.237556 87.5435 -9.441876240 0.0 61.0
36.325737 86.18052 -10.070138240 0.0 61.0
36.325737 86.18052 -10.070138241 0.0 62.0
37.58226 84.817535 -10.070138241 0.0 62.0
35.237556 87.5435 -9.441876242 0.0 61.0
36.964302 88.217995 -9.441876242 0.0 61.0
36.964302 88.217995 -9.441876243 0.0 62.0
38.691048 88.89249 -9.441876243 0.0 62.0
28.496277 89.21101 -7.635555244 4.0 57.0
29.541794 90.74185 -7.635555244 4.0 57.0
29.541794 90.74185 -7.635555245 3.0 58.0
30.58731 92.27269 -7.635555245 3.0 58.0
30.58731 92.27269 -7.635555246 0.0 59.0
30.58731 94.126495 -7.635555246 0.0 59.0
30.58731 94.126495 -7.635555247 0.0 60.0
30.58731 95.9803 -7.635555247 0.0 60.0
30.58731 92.27269 -7.635555248 2.0 59.0
31.632828 93.80353 -7.635555248 2.0 59.0
31.632828 93.80353 -7.635555249 1.0 60.0
32.678345 95.334366 -7.635555249 1.0 60.0
32.678345 95.334366 -7.635555250 0.0 61.0
34.173748 96.00886 -8.498927250 0.0 61.0
34.173748 96.00886 -8.498927251 0.0 62.0
35.900494 96.68335 -8.498927251 0.0 62.0
32.678345 95.334366 -7.635555252 0.0 61.0
32.678345 97.18817 -7.635555252 0.0 61.0
32.678345 97.18817 -7.635555253 0.0 62.0
32.678345 99.04198 -7.635555253 0.0 62.0
15.607688 83.81508 -4.1820674254 12.0 49.0
15.607688 85.668884 -4.1820674254 12.0 49.0
15.607688 85.668884 -4.1820674255 11.0 50.0
15.607688 87.52269 -4.1820674255 11.0 50.0
15.607688 87.52269 -4.1820674256 10.0 51.0
15.607688 89.376495 -4.1820674256 10.0 51.0
15.607688 89.376495 -4.1820674257 9.0 52.0
15.607688 91.2303 -4.1820674257 9.0 52.0
15.607688 91.2303 -4.1820674258 4.0 53.0
16.513132 92.76114 -4.704826258 4.0 53.0
16.513132 92.76114 -4.704826259 3.0 54.0
17.418575 94.29198 -5.2275844259 3.0 54.0
17.418575 94.29198 -5.2275844260 0.0 55.0
17.418575 96.14578 -5.2275844260 0.0 55.0
17.418575 96.14578 -5.2275844261 0.0 56.0
17.418575 97.99959 -5.2275844261 0.0 56.0
17.418575 94.29198 -5.2275844262 2.0 55.0
18.464092 95.822815 -5.2275844262 2.0 55.0
18.464092 95.822815 -5.2275844263 1.0 56.0
19.50961 97.35365 -5.2275844263 1.0 56.0
19.50961 97.35365 -5.2275844264 0.0 57.0
21.005013 98.028145 -6.090956264 0.0 57.0
21.005013 98.028145 -6.090956265 0.0 58.0
22.731756 98.70264 -6.090956265 0.0 58.0
19.50961 97.35365 -5.2275844266 0.0 57.0
19.50961 99.20746 -5.2275844266 0.0 57.0
19.50961 99.20746 -5.2275844267 0.0 58.0
19.50961 101.061264 -5.2275844267 0.0 58.0
15.607688 91.2303 -4.1820674268 8.0 53.0
15.607688 93.08411 -4.1820674268 8.0 53.0
15.607688 93.08411 -4.1820674269 7.0 54.0
15.607688 94.93791 -4.1820674269 7.0 54.0
15.607688 94.93791 -4.1820674270 6.0 55.0
15.607688 96.79172 -4.1820674270 6.0 55.0
15.607688 96.79172 -4.1820674271 5.0 56.0
15.607688 98.64552 -4.1820674271 5.0 56.0
15.607688 98.64552 -4.1820674272 4.0 57.0
16.513132 100.17636 -4.704826272 4.0 57.0
16.513132 100.17636 -4.704826273 3.0 58.0
17.418575 101.7072 -5.2275844273 3.0 58.0
17.418575 101.7072 -5.2275844274 0.0 59.0
17.418575 103.561005 -5.2275844274 0.0 59.0
17.418575 103.561005 -5.2275844275 0.0 60.0
17.418575 105.41481 -5.2275844275 0.0 60.0
17.418575 101.7072 -5.2275844276 2.0 59.0
18.464092 103.23804 -5.2275844276 2.0 59.0
18.464092 103.23804 -5.2275844277 1.0 60.0
19.50961 104.768875 -5.2275844277 1.0 60.0
19.50961 104.768875 -5.2275844278 0.0 61.0
21.005013 105.44337 -6.090956278 0.0 61.0
21.005013 105.44337 -6.090956279 0.0 62.0
22.731756 106.11786 -6.090956279 0.0 62.0
19.50961 104.768875 -5.2275844280 0.0 61.0
19.50961 106.62268 -5.2275844280 0.0 61.0
19.50961 106.62268 -5.2275844281 0.0 62.0
19.50961 108.47649 -5.2275844281 0.0 62.0
15.607688 98.64552 -4.1820674282 4.0 57.0
14.562171 100.17636 -4.1820674282 4.0 57.0
14.562171 100.17636 -4.1820674283 3.0 58.0
13.516654 101.7072 -4.1820674283 3.0 58.0
13.516654 101.7072 -4.1820674284 0.0 59.0
12.02125 102.38169 -3.3186953284 0.0 59.0
12.02125 102.38169 -3.3186953285 0.0 60.0
10.294506 103.05618 -3.3186953285 0.0 60.0
13.516654 101.7072 -4.1820674286 2.0 59.0
12.471137 103.23804 -4.1820674286 2.0 59.0
12.471137 103.23804 -4.1820674287 1.0 60.0
11.42562 104.768875 -4.1820674287 1.0 60.0
11.42562 104.768875 -4.1820674288 0.0 61.0
11.42562 106.62268 -4.1820674288 0.0 61.0
11.42562 106.62268 -4.1820674289 0.0 62.0
11.42562 108.47649 -4.1820674289 0.0 62.0
11.42562 104.768875 -4.1820674290 0.0 61.0
9.698876 105.44337 -4.1820674290 0.0 61.0
9.698876 105.44337 -4.1820674291 0.0 62.0
7.972132 106.11786 -4.1820674291 0.0 62.0
0.0 59.32166 0.0292 28.0 33.0
-1.0455167 60.8525 0.0292 28.0 33.0
-1.0455167 60.8525 0.0293 27.0 34.0
-2.0910335 62.383343 0.0293 27.0 34.0
-2.0910335 62.383343 0.0294 26.0 35.0
-3.1365502 63.914185 0.0294 26.0 35.0
-3.1365502 63.914185 0.0295 25.0 36.0
-4.182067 65.44502 0.0295 25.0 36.0
-4.182067 65.44502 0.0296 24.0 37.0
-5.227584 66.97586 0.0296 24.0 37.0
-5.227584 66.97586 0.0297 23.0 38.0
-6.273101 68.5067 0.0297 23.0 38.0
-6.273101 68.5067 0.0298 22.0 39.0
-7.318618 70.03754 0.0298 22.0 39.0
-7.318618 70.03754 0.0299 21.0 40.0
-8.364135 71.568375 0.0299 21.0 40.0
-8.364135 71.568375 0.0300 12.0 41.0
-8.364135 73.42218 0.0300 12.0 41.0
-8.364135 73.42218 0.0301 11.0 42.0
-8.364135 75.275986 0.0301 11.0 42.0
-8.364135 75.275986 0.0302 10.0 43.0
-8.364135 77.12979 0.0302 10.0 43.0
-8.364135 77.12979 0.0303 9.0 44.0
-8.364135 78.9836 0.0303 9.0 44.0
-8.364135 78.9836 0.0304 4.0 45.0
-7.4586906 80.514435 -0.52275836304 4.0 45.0
-7.4586906 80.514435 -0.52275836305 3.0 46.0
-6.5532465 82.04527 -1.0455167305 3.0 46.0
-6.5532465 82.04527 -1.0455167306 0.0 47.0
-6.5532465 83.89908 -1.0455167306 0.0 47.0
-6.5532465 83.89908 -1.0455167307 0.0 48.0
-6.5532465 85.752884 -1.0455167307 0.0 48.0
-6.5532465 82.04527 -1.0455167308 2.0 47.0
-5.5077295 83.57611 -1.0455167308 2.0 47.0
-5.5077295 83.57611 -1.0455167309 1.0 48.0
-4.4622126 85.10695 -1.0455167309 1.0 48.0
-4.4622126 85.10695 -1.0455167310 0.0 49.0
-2.9668083 85.78144 -1.9088888310 0.0 49.0
-2.9668083 85.78144 -1.9088888311 0.0 50.0
-1.2400643 86.45593 -1.9088888311 0.0 50.0
-4.4622126 85.10695 -1.0455167312 0.0 49.0
-4.4622126 86.960754 -1.0455167312 0.0 49.0
-4.4622126 86.960754 -1.0455167313 0.0 50.0
-4.4622126 88.81456 -1.0455167313 0.0 50.0
-8.364135 78.9836 0.0314 8.0 45.0
-8.364135 80.8374 0.0314 8.0 45.0
-8.364135 80.8374 0.0315 7.0 46.0
-8.364135 82.69121 0.0315 7.0 46.0
-8.364135 82.69121 0.0316 6.0 47.0
-8.364135 84.54501 0.0316 6.0 47.0
-8.364135 84.54501 0.0317 5.0 48.0
-8.364135 86.39882 0.0317 5.0 48.0
-8.364135 86.39882 0.0318 4.0 49.0
-7.4586906 87.92966 -0.52275836318 4.0 49.0
-7.4586906 87.92966 -0.52275836319 3.0 50.0
-6.5532465 89.460495 -1.0455167319 3.0 50.0
-6.5532465 89.460495 -1.0455167320 0.0 51.0
-6.5532465 91.3143 -1.0455167320 0.0 51.0
-6.5532465 91.3143 -1.0455167321 0.0 52.0
-6.5532465 93.168106 -1.0455167321 0.0 52.0
-6.5532465 89.460495 -1.0455167322 2.0 51.0
-5.5077295 90.99133 -1.0455167322 2.0 51.0
-5.5077295 90.99133 -1.0455167323 1.0 52.0
-4.4622126 92.52217 -1.0455167323 1.0 52.0
-4.4622126 92.52217 -1.0455167324 0.0 53.0
-2.9668083 93.19666 -1.9088888324 0.0 53.0
-2.9668083 93.19666 -1.9088888325 0.0 54.0
-1.2400643 93.871155 -1.9088888325 0.0 54.0
-4.4622126 92.52217 -1.0455167326 0.0 53.0
-4.4622126 94.37598 -1.0455167326 0.0 53.0
-4.4622126 94.37598 -1.0455167327 0.0 54.0
-4.4622126 96.22978 -1.0455167327 0.0 54.0
-8.364135 86.39882 0.0328 4.0 49.0
-9.409652 87.92966 0.0328 4.0 49.0
-9.409652 87.92966 0.0329 3.0 50.0
-10.455169 89.460495 0.0329 3.0 50.0
-10.455169 89.460495 0.0330 0.0 51.0
-11.950573 90.13499 0.863372330 0.0 51.0
-11.950573 90.13499 0.863372331 0.0 52.0
-13.677317 90.80948 0.863372331 0.0 52.0
-10.455169 89.460495 0.0332 2.0 51.0
-11.500686 90.99133 0.0332 2.0 51.0
-11.500686 90.99133 0.0333 1.0 52.0
-12.546203 92.52217 0.0333 1.0 52.0
-12.546203 92.52217 0.0334 0.0 53.0
-12.546203 94.37598 0.0334 0.0 53.0
-12.546203 94.37598 0.0335 0.0 54.0
-12.546203 96.22978 0.0335 0.0 54.0
-12.546203 92.52217 0.0336 0.0 53.0
-14.272946 93.19666 0.0336 0.0 53.0
-14.272946 93.19666 0.0337 0.0 54.0
-15.99969 93.871155 0.0337 0.0 54.0
-8.364135 71.568375 0.0338 20.0 41.0
-9.409652 73.09921 0.0338 20.0 41.0
-9.409652 73.09921 0.0339 19.0 42.0
-10.455169 74.63005 0.0339 19.0 42.0
-10.455169 74.63005 0.0340 18.0 43.0
-11.500686 76.16089 0.0340 18.0 43.0
-11.500686 76.16089 0.0341 17.0 44.0
-12.546203 77.69173 0.0341 17.0 44.0
-12.546203 77.69173 0.0342 16.0 45.0
-13.59172 79.222565 0.0342 16.0 45.0
-13.59172 79.222565 0.0343 15.0 46.0
-14.637237 80.7534 0.0343 15.0 46.0
-14.637237 80.7534 0.0344 14.0 47.0
-15.682754 82.28424 0.0344 14.0 47.0
-15.682754 82.28424 0.0345 13.0 48.0
-16.72827 83.81508 0.0345 13.0 48.0
-16.72827 83.81508 0.0346 12.0 49.0
-16.72827 85.668884 0.0346 12.0 49.0
-16.72827 85.668884 0.0347 11.0 50.0
-16.72827 87.52269 0.0347 11.0 50.0
-16.72827 87.52269 0.0348 10.0 51.0
-16.72827 89.376495 0.0348 10.0 51.0
-16.72827 89.376495 0.0349 9.0 52.0
-16.72827 91.2303 0.0349 9.0 52.0
-16.72827 91.2303 0.0350 4.0 53.0
-15.822825 92.76114 -0.52275836350 4.0 53.0
-15.822825 92.76114 -0.52275836351 3.0 54.0
-14.917381 94.29198 -1.0455167351 3.0 54.0
-14.917381 94.29198 -1.0455167352 0.0 55.0
-14.917381 96.14578 -1.0455167352 0.0 55.0
-14.917381 96.14578 -1.0455167353 0.0 56.0
-14.917381 97.99959 -1.0455167353 0.0 56.0
-14.917381 94.29198 -1.0455167354 2.0 55.0
-13.871864 95.822815 -1.0455167354 2.0 55.0
-13.871864 95.822815 -1.0455167355 1.0 56.0
-12.826347 97.35365 -1.0455167355 1.0 56.0
-12.826347 97.35365 -1.0455167356 0.0 57.0
-11.330943 98.028145 -1.9088888356 0.0 57.0
-11.330943 98.028145 -1.9088888357 0.0 58.0
-9.604199 98.70264 -1.9088888357 0.0 58.0
-12.826347 97.35365 -1.0455167358 0.0 57.0
-12.826347 99.20746 -1.0455167358 0.0 57.0
-12.826347 99.20746 -1.0455167359 0.0 58.0
-12.826347 101.061264 -1.0455167359 0.0 58.0
-16.72827 91.2303 0.0360 8.0 53.0
-16.72827 93.08411 0.0360 8.0 53.0
-16.72827 93.08411 0.0361 7.0 54.0
-16.72827 94.93791 0.0361 7.0 54.0
-16.72827 94.93791 0.0362 6.0 55.0
-16.72827 96.79172 0.0362 6.0 55.0
-16.72827 96.79172 0.0363 5.0 56.0
-16.72827 98.64552 0.0363 5.0 56.0
-16.72827 98.64552 0.0364 4.0 57.0
-15.822825 100.17636 -0.52275836364 4.0 57.0
-15.822825 100.17636 -0.52275836365 3.0 58.0
-14.917381 101.7072 -1.0455167365 3.0 58.0
-14.917381 101.7072 -1.0455167366 0.0 59.0
-14.917381 103.561005 -1.0455167366 0.0 59.0
-14.917381 103.561005 -1.0455167367 0.0 60.0
-14.917381 105.41481 -1.0455167367 0.0 60.0
-14.917381 101.7072 -1.0455167368 2.0 59.0
-13.871864 103.23804 -1.0455167368 2.0 59.0
-13.871864 103.23804 -1.0455167369 1.0 60.0
-12.826347 104.768875 -1.0455167369 1.0 60.0
-12.826347 104.768875 -1.0455167370 0.0 61.0
-11.330943 105.44337 -1.9088888370 0.0 61.0
-11.330943 105.44337 -1.9088888371 0.0 62.0
-9.604199 106.11786 -1.9088888371 0.0 62.0
-12.826347 104.768875 -1.0455167372 0.0 61.0
-12.826347 106.62268 -1.0455167372 0.0 61.0
-12.826347 106.62268 -1.0455167373 0.0 62.0
-12.826347 108.47649 -1.0455167373 0.0 62.0
-16.72827 98.64552 0.0374 4.0 57.0
-17.773787 100.17636 0.0374 4.0 57.0
-17.773787 100.17636 0.0375 3.0 58.0
-18.819304 101.7072 0.0375 3.0 58.0
-18.819304 101.7072 0.0376 0.0 59.0
-20.314709 102.38169 0.863372376 0.0 59.0
-20.314709 102.38169 0.863372377 0.0 60.0
-22.041452 103.05618 0.863372377 0.0 60.0
-18.819304 101.7072 0.0378 2.0 59.0
-19.86482 103.23804 0.0378 2.0 59.0
-19.86482 103.23804 0.0379 1.0 60.0
-20.910337 104.768875 0.0379 1.0 60.0
-20.910337 104.768875 0.0380 0.0 61.0
-20.910337 106.62268 0.0380 0.0 61.0
-20.910337 106.62268 0.0381 0.0 62.0
-20.910337 108.47649 0.0381 0.0 62.0
-20.910337 104.768875 0.0382 0.0 61.0
-22.637081 105.44337 0.0382 0.0 61.0
-22.637081 105.44337 0.0383 0.0 62.0
-24.363825 106.11786 0.0383 0.0 62.0
-16.72827 83.81508 0.0384 12.0 49.0
-18.455013 84.48957 0.0384 12.0 49.0
-18.455013 84.48957 0.0385 11.0 50.0
-20.181757 85.16406 0.0385 11.0 50.0
-20.181757 85.16406 0.0386 10.0 51.0
-21.9085 85.838554 0.0386 10.0 51.0
-21.9085 85.838554 0.0387 9.0 52.0
-23.635244 86.51305 0.0387 9.0 52.0
-23.635244 86.51305 0.0388 4.0 53.0
-24.540688 88.043884 0.52275836388 4.0 53.0
-24.540688 88.043884 0.52275836389 3.0 54.0
-25.44613 89.57472 1.0455167389 3.0 54.0
-25.44613 89.57472 1.0455167390 0.0 55.0
-26.941536 90.249214 1.9088888390 0.0 55.0
-26.941536 90.249214 1.9088888391 0.0 56.0
-28.66828 90.923706 1.9088888391 0.0 56.0
-25.44613 89.57472 1.0455167392 2.0 55.0
-26.491648 91.10556 1.0455167392 2.0 55.0
-26.491648 91.10556 1.0455167393 1.0 56.0
-27.537165 92.6364 1.0455167393 1.0 56.0
-27.537165 92.6364 1.0455167394 0.0 57.0
-27.537165 94.490204 1.0455167394 0.0 57.0
-27.537165 94.490204 1.0455167395 0.0 58.0
-27.537165 96.34401 1.0455167395 0.0 58.0
-27.537165 92.6364 1.0455167396 0.0 57.0
-29.263908 93.31089 1.0455167396 0.0 57.0
-29.263908 93.31089 1.0455167397 0.0 58.0
-30.990652 93.98538 1.0455167397 0.0 58.0
-23.635244 86.51305 0.0398 8.0 53.0
-25.361988 87.18754 0.0398 8.0 53.0
-25.361988 87.18754 0.0399 7.0 54.0
-27.088732 87.86203 0.0399 7.0 54.0
-27.088732 87.86203 0.0400 6.0 55.0
-28.815475 88.53652 0.0400 6.0 55.0
-28.815475 88.53652 0.0401 5.0 56.0
-30.54222 89.21101 0.0401 5.0 56.0
-30.54222 89.21101 0.0402 4.0 57.0
-31.447662 90.74185 0.52275836402 4.0 57.0
-31.447662 90.74185 0.52275836403 3.0 58.0
-32.353107 92.27269 1.0455167403 3.0 58.0
-32.353107 92.27269 1.0455167404 0.0 59.0
-33.84851 92.94718 1.9088888404 0.0 59.0
-33.84851 92.94718 1.9088888405 0.0 60.0
-35.575256 93.62167 1.9088888405 0.0 60.0
-32.353107 92.27269 1.0455167406 2.0 59.0
-33.398624 93.80353 1.0455167406 2.0 59.0
-33.398624 93.80353 1.0455167407 1.0 60.0
-34.44414 95.334366 1.0455167407 1.0 60.0
-34.44414 95.334366 1.0455167408 0.0 61.0
-34.44414 97.18817 1.0455167408 0.0 61.0
-34.44414 97.18817 1.0455167409 0.0 62.0
-34.44414 99.04198 1.0455167409 0.0 62.0
-34.44414 95.334366 1.0455167410 0.0 61.0
-36.170887 96.00886 1.0455167410 0.0 61.0
-36.170887 96.00886 1.0455167411 0.0 62.0
-37.897633 96.68335 1.0455167411 0.0 62.0
-30.54222 89.21101 0.0412 4.0 57.0
-32.34854 88.794136 0.0412 4.0 57.0
-32.34854 88.794136 0.0413 3.0 58.0
-34.15486 88.37726 0.0413 3.0 58.0
-34.15486 88.37726 0.0414 0.0 59.0
-35.243042 87.014275 0.6282612414 0.0 59.0
-35.243042 87.014275 0.6282612415 0.0 60.0
-36.499565 85.65129 0.6282612415 0.0 60.0
-34.15486 88.37726 0.0416 2.0 59.0
-35.96118 87.96038 0.0416 2.0 59.0
-35.96118 87.96038 0.0417 1.0 60.0
-37.7675 87.5435 0.0417 1.0 60.0
-37.7675 87.5435 0.0418 0.0 61.0
-39.262905 88.217995 0.86337197418 0.0 61.0
-39.262905 88.217995 0.86337197419 0.0 62.0
-40.98965 88.89249 0.86337197419 0.0 62.0
-37.7675 87.5435 0.0420 0.0 61.0
-39.024025 86.18052 0.0420 0.0 61.0
-39.024025 86.18052 0.0421 0.0 62.0
-40.28055 84.817535 0.0421 0.0 62.0
