0.0 0.0 0.00 28.0 1.0
-1.2613027 2.4834492 0.00 28.0 1.0
-1.2613027 2.4834492 0.01 27.0 2.0
-2.5226054 4.9668984 0.01 27.0 2.0
-2.5226054 4.9668984 0.02 26.0 3.0
-3.7839081 7.450348 0.02 26.0 3.0
-3.7839081 7.450348 0.03 25.0 4.0
-5.045211 9.933797 0.03 25.0 4.0
-5.045211 9.933797 0.04 24.0 5.0
-6.306514 12.417246 0.04 24.0 5.0
-6.306514 12.417246 0.05 23.0 6.0
-7.5678167 14.900695 0.05 23.0 6.0
-7.5678167 14.900695 0.06 22.0 7.0
-8.82912 17.384144 0.06 22.0 7.0
-8.82912 17.384144 0.07 21.0 8.0
-10.090423 19.867594 0.07 21.0 8.0
-10.090423 19.867594 0.08 12.0 9.0
-12.183378 21.387672 1.03310438 12.0 9.0
-12.183378 21.387672 1.03310439 11.0 10.0
-14.276333 22.907751 2.06620869 11.0 10.0
-14.276333 22.907751 2.066208610 10.0 11.0
-16.369287 24.42783 3.099312810 10.0 11.0
-16.369287 24.42783 3.099312811 9.0 12.0
-18.462242 25.947908 4.13241711 9.0 12.0
-18.462242 25.947908 4.13241712 4.0 13.0
-21.129236 26.097313 4.92186612 4.0 13.0
-21.129236 26.097313 4.92186613 3.0 14.0
-23.79623 26.246717 5.711314713 3.0 14.0
-23.79623 26.246717 5.711314714 0.0 15.0
-26.042355 24.985415 6.77076914 0.0 15.0
-26.042355 24.985415 6.77076915 0.0 16.0
-28.525803 23.724112 6.77076915 0.0 16.0
-23.79623 26.246717 5.711314716 0.0 15.0
-25.918514 27.766796 6.68274516 0.0 15.0
-25.918514 27.766796 6.68274517 0.0 16.0
-28.25256 29.286875 6.68274517 0.0 16.0
-23.79623 26.246717 5.711314718 2.0 15.0
-26.577612 26.396122 5.711314718 2.0 15.0
-26.577612 26.396122 5.711314719 1.0 16.0
-29.358994 26.545527 5.711314719 1.0 16.0
-29.358994 26.545527 5.711314720 0.0 17.0
-32.140373 26.694931 5.711314720 0.0 17.0
-32.140373 26.694931 5.711314721 0.0 18.0
-34.921753 26.844336 5.711314721 0.0 18.0
-18.462242 25.947908 4.13241722 4.0 13.0
-19.599281 28.431358 4.678336622 4.0 13.0
-19.599281 28.431358 4.678336623 3.0 14.0
-20.73632 30.914808 5.22425623 3.0 14.0
-20.73632 30.914808 5.22425624 0.0 15.0
-22.835352 32.434887 6.244958424 0.0 15.0
-22.835352 32.434887 6.244958425 0.0 16.0
-25.169397 33.954967 6.244958425 0.0 16.0
-20.73632 30.914808 5.22425626 0.0 15.0
-20.603718 33.69619 5.155420326 0.0 15.0
-20.603718 33.69619 5.155420327 0.0 16.0
-20.454313 36.47757 5.155420327 0.0 16.0
-20.73632 30.914808 5.22425628 2.0 15.0
-21.997623 33.39826 5.22425628 2.0 15.0
-21.997623 33.39826 5.22425629 1.0 16.0
-23.258926 35.881706 5.22425629 1.0 16.0
-23.258926 35.881706 5.22425630 0.0 17.0
-24.52023 38.365154 5.22425630 0.0 17.0
-24.52023 38.365154 5.22425631 0.0 18.0
-25.781532 40.848602 5.22425631 0.0 18.0
-18.462242 25.947908 4.13241732 8.0 13.0
-20.796288 27.467987 4.13241732 8.0 13.0
-20.796288 27.467987 4.13241733 7.0 14.0
-23.130333 28.988066 4.13241733 7.0 14.0
-23.130333 28.988066 4.13241734 6.0 15.0
-25.464378 30.508144 4.13241734 6.0 15.0
-25.464378 30.508144 4.13241735 5.0 16.0
-27.798424 32.028225 4.13241735 5.0 16.0
-27.798424 32.028225 4.13241736 4.0 17.0
-30.13247 33.548306 4.13241736 4.0 17.0
-30.13247 33.548306 4.13241737 3.0 18.0
-32.466515 35.068386 4.13241737 3.0 18.0
-32.466515 35.068386 4.13241738 0.0 19.0
-34.945534 35.21779 5.393588538 0.0 19.0
-34.945534 35.21779 5.393588539 0.0 20.0
-37.726913 35.36719 5.393588539 0.0 20.0
-32.466515 35.068386 4.13241740 0.0 19.0
-33.583935 37.551834 4.717444440 0.0 19.0
-33.583935 37.551834 4.717444441 0.0 20.0
-34.845238 40.035282 4.717444441 0.0 20.0
-32.466515 35.068386 4.13241742 2.0 19.0
-34.80056 36.588467 4.13241742 2.0 19.0
-34.80056 36.588467 4.13241743 1.0 20.0
-37.134605 38.108547 4.13241743 1.0 20.0
-37.134605 38.108547 4.13241744 0.0 21.0
-39.46865 39.628628 4.13241744 0.0 21.0
-39.46865 39.628628 4.13241745 0.0 22.0
-41.802696 41.14871 4.13241745 0.0 22.0
-10.090423 19.867594 0.046 12.0 9.0
-9.946111 22.648975 -0.038674746 12.0 9.0
-9.946111 22.648975 -0.038674747 11.0 10.0
-9.801799 25.430357 -0.077349447 11.0 10.0
-9.801799 25.430357 -0.077349448 10.0 11.0
-9.657487 28.211739 -0.1160241148 10.0 11.0
-9.657487 28.211739 -0.1160241149 9.0 12.0
-9.513175 30.99312 -0.154698849 9.0 12.0
-9.513175 30.99312 -0.154698850 4.0 13.0
-10.661903 33.47657 0.366172850 4.0 13.0
-10.661903 33.47657 0.366172851 3.0 14.0
-11.810632 35.96002 0.8870443751 3.0 14.0
-11.810632 35.96002 0.8870443752 0.0 15.0
-13.993271 37.4801 1.713996352 0.0 15.0
-13.993271 37.4801 1.713996353 0.0 16.0
-16.327316 39.00018 1.713996353 0.0 16.0
-11.810632 35.96002 0.8870443754 0.0 15.0
-11.678338 38.7414 0.81761854 0.0 15.0
-11.678338 38.7414 0.81761855 0.0 16.0
-11.528934 41.52278 0.81761855 0.0 16.0
-11.810632 35.96002 0.8870443756 2.0 15.0
-13.071935 38.443466 0.8870443756 2.0 15.0
-13.071935 38.443466 0.8870443757 1.0 16.0
-14.333238 40.926914 0.8870443757 1.0 16.0
-14.333238 40.926914 0.8870443758 0.0 17.0
-15.594541 43.410362 0.8870443758 0.0 17.0
-15.594541 43.410362 0.8870443759 0.0 18.0
-16.855843 45.89381 0.8870443759 0.0 18.0
-9.513175 30.99312 -0.154698860 4.0 13.0
-8.146638 33.327164 -0.820442660 4.0 13.0
-8.146638 33.327164 -0.820442661 3.0 14.0
-6.7801003 35.66121 -1.486186561 3.0 14.0
-6.7801003 35.66121 -1.486186562 0.0 15.0
-6.646823 38.44259 -1.553705962 0.0 15.0
-6.646823 38.44259 -1.553705963 0.0 16.0
-6.4974184 41.22397 -1.553705963 0.0 16.0
-6.7801003 35.66121 -1.486186564 0.0 15.0
-4.4359374 36.922512 -2.306198864 0.0 15.0
-4.4359374 36.922512 -2.306198865 0.0 16.0
-1.9524882 38.183815 -2.306198865 0.0 16.0
-6.7801003 35.66121 -1.486186566 2.0 15.0
-5.2600217 37.995255 -1.486186566 2.0 15.0
-5.2600217 37.995255 -1.486186567 1.0 16.0
-3.739943 40.3293 -1.486186567 1.0 16.0
-3.739943 40.3293 -1.486186568 0.0 17.0
-2.2198644 42.663345 -1.486186568 0.0 17.0
-2.2198644 42.663345 -1.486186569 0.0 18.0
-0.6997856 44.99739 -1.486186569 0.0 18.0
-9.513175 30.99312 -0.154698870 8.0 13.0
-9.3637705 33.7745 -0.154698870 8.0 13.0
-9.3637705 33.7745 -0.154698871 7.0 14.0
-9.214366 36.555885 -0.154698871 7.0 14.0
-9.214366 36.555885 -0.154698872 6.0 15.0
-9.064961 39.337265 -0.154698872 6.0 15.0
-9.064961 39.337265 -0.154698873 5.0 16.0
-8.915557 42.118645 -0.154698873 5.0 16.0
-8.915557 42.118645 -0.154698874 4.0 17.0
-8.766152 44.900024 -0.154698874 4.0 17.0
-8.766152 44.900024 -0.154698875 3.0 18.0
-8.616748 47.681404 -0.154698875 3.0 18.0
-8.616748 47.681404 -0.154698876 0.0 19.0
-9.758268 50.164852 0.3817849876 0.0 19.0
-9.758268 50.164852 0.3817849877 0.0 20.0
-11.019571 52.6483 0.3817849877 0.0 20.0
-8.616748 47.681404 -0.154698878 0.0 19.0
-7.2081733 50.01545 -0.7261506378 0.0 19.0
-7.2081733 50.01545 -0.7261506379 0.0 20.0
-5.6880946 52.349495 -0.7261506379 0.0 20.0
-8.616748 47.681404 -0.154698880 2.0 19.0
-8.467343 50.462784 -0.154698880 2.0 19.0
-8.467343 50.462784 -0.154698881 1.0 20.0
-8.317939 53.244164 -0.154698881 1.0 20.0
-8.317939 53.244164 -0.154698882 0.0 21.0
-8.168534 56.025543 -0.154698882 0.0 21.0
-8.168534 56.025543 -0.154698883 0.0 22.0
-8.01913 58.806923 -0.154698883 0.0 22.0
-10.090423 19.867594 0.084 20.0 9.0
-11.351726 22.351044 0.084 20.0 9.0
-11.351726 22.351044 0.085 19.0 10.0
-12.613029 24.834494 0.085 19.0 10.0
-12.613029 24.834494 0.086 18.0 11.0
-13.874331 27.317944 0.086 18.0 11.0
-13.874331 27.317944 0.087 17.0 12.0
-15.135634 29.801394 0.087 17.0 12.0
-15.135634 29.801394 0.088 16.0 13.0
-16.396936 32.284843 0.088 16.0 13.0
-16.396936 32.284843 0.089 15.0 14.0
-17.65824 34.76829 0.089 15.0 14.0
-17.65824 34.76829 0.090 14.0 15.0
-18.919542 37.25174 0.090 14.0 15.0
-18.919542 37.25174 0.091 13.0 16.0
-20.180845 39.735188 0.091 13.0 16.0
-20.180845 39.735188 0.092 12.0 17.0
-21.442148 42.218636 0.092 12.0 17.0
-21.442148 42.218636 0.093 11.0 18.0
-22.703451 44.702084 0.093 11.0 18.0
-22.703451 44.702084 0.094 10.0 19.0
-23.964754 47.18553 0.094 10.0 19.0
-23.964754 47.18553 0.095 9.0 20.0
-25.226057 49.66898 0.095 9.0 20.0
-25.226057 49.66898 0.096 4.0 21.0
-27.357737 51.18906 0.950635196 4.0 21.0
-27.357737 51.18906 0.950635197 3.0 22.0
-29.489416 52.70914 1.901270297 3.0 22.0
-29.489416 52.70914 1.901270298 0.0 23.0
-31.962646 52.858543 3.173754298 0.0 23.0
-31.962646 52.858543 3.173754299 0.0 24.0
-34.744026 53.007946 3.173754299 0.0 24.0
-29.489416 52.70914 1.9012702100 0.0 23.0
-30.655514 55.19259 2.3820014100 0.0 23.0
-30.655514 55.19259 2.3820014101 0.0 24.0
-31.916817 57.676037 2.3820014101 0.0 24.0
-29.489416 52.70914 1.9012702102 2.0 23.0
-31.823462 54.22922 1.9012702102 2.0 23.0
-31.823462 54.22922 1.9012702103 1.0 24.0
-34.157505 55.749302 1.9012702103 1.0 24.0
-34.157505 55.749302 1.9012702104 0.0 25.0
-36.49155 57.269382 1.9012702104 0.0 25.0
-36.49155 57.269382 1.9012702105 0.0 26.0
-38.825596 58.789463 1.9012702105 0.0 26.0
-25.226057 49.66898 0.0106 4.0 21.0
-25.093565 52.450363 -0.06904903106 4.0 21.0
-25.093565 52.450363 -0.06904903107 3.0 22.0
-24.961073 55.231743 -0.13809806107 3.0 22.0
-24.961073 55.231743 -0.13809806108 0.0 23.0
-26.11794 57.71519 0.36443794108 0.0 23.0
-26.11794 57.71519 0.36443794109 0.0 24.0
-27.379244 60.19864 0.36443794109 0.0 24.0
-24.961073 55.231743 -0.13809806110 0.0 23.0
-23.499134 57.56579 -0.55448365110 0.0 23.0
-23.499134 57.56579 -0.55448365111 0.0 24.0
-21.979055 59.899834 -0.55448365111 0.0 24.0
-24.961073 55.231743 -0.13809806112 2.0 23.0
-24.811668 58.013123 -0.13809806112 2.0 23.0
-24.811668 58.013123 -0.13809806113 1.0 24.0
-24.662264 60.794502 -0.13809806113 1.0 24.0
-24.662264 60.794502 -0.13809806114 0.0 25.0
-24.51286 63.575882 -0.13809806114 0.0 25.0
-24.51286 63.575882 -0.13809806115 0.0 26.0
-24.363455 66.35726 -0.13809806115 0.0 26.0
-25.226057 49.66898 0.0116 8.0 21.0
-26.48736 52.152428 0.0116 8.0 21.0
-26.48736 52.152428 0.0117 7.0 22.0
-27.748663 54.635876 0.0117 7.0 22.0
-27.748663 54.635876 0.0118 6.0 23.0
-29.009966 57.119324 0.0118 6.0 23.0
-29.009966 57.119324 0.0119 5.0 24.0
-30.271269 59.60277 0.0119 5.0 24.0
-30.271269 59.60277 0.0120 4.0 25.0
-31.532572 62.08622 0.0120 4.0 25.0
-31.532572 62.08622 0.0121 3.0 26.0
-32.793873 64.56967 0.0121 3.0 26.0
-32.793873 64.56967 0.0122 0.0 27.0
-34.98902 66.08975 0.79314697122 0.0 27.0
-34.98902 66.08975 0.79314697123 0.0 28.0
-37.323067 67.60983 0.79314697123 0.0 28.0
-32.793873 64.56967 0.0124 0.0 27.0
-32.661846 67.35105 -0.06993127124 0.0 27.0
-32.661846 67.35105 -0.06993127125 0.0 28.0
-32.512444 70.13243 -0.06993127125 0.0 28.0
-32.793873 64.56967 0.0126 2.0 27.0
-34.055176 67.05312 0.0126 2.0 27.0
-34.055176 67.05312 0.0127 1.0 28.0
-35.31648 69.536575 0.0127 1.0 28.0
-35.31648 69.536575 0.0128 0.0 29.0
-36.57778 72.02003 0.0128 0.0 29.0
-36.57778 72.02003 0.0129 0.0 30.0
-37.839085 74.50348 0.0129 0.0 30.0
