0.0 0.0 0.00 14.0 1.0
0.0 4.3457465 0.00 14.0 1.0
0.0 4.3457465 0.01 0.0 2.0
-0.6936196 8.61705 0.40046151 0.0 2.0
0.0 4.3457465 0.02 13.0 2.0
0.0 8.691493 0.02 13.0 2.0
0.0 8.691493 0.03 0.0 3.0
0.6936196 12.962797 -0.40046153 0.0 3.0
0.6936196 12.962797 -0.40046154 0.0 4.0
0.6936196 17.308544 -0.40046154 0.0 4.0
0.6936196 12.962797 -0.40046155 0.0 4.0
1.4945426 17.2341 -0.40046155 0.0 4.0
0.0 8.691493 0.06 12.0 3.0
0.0 13.037239 0.06 12.0 3.0
0.0 13.037239 0.07 0.0 4.0
-0.6936196 17.308542 0.40046157 0.0 4.0
0.0 13.037239 0.08 11.0 4.0
0.0 17.382986 0.08 11.0 4.0
0.0 17.382986 0.09 2.0 5.0
0.6936196 21.65429 -0.40046159 2.0 5.0
0.6936196 21.65429 -0.400461510 0.0 6.0
0.6936196 26.000036 -0.400461510 0.0 6.0
0.6936196 21.65429 -0.400461511 1.0 6.0
1.4945426 25.925592 -0.400461511 1.0 6.0
1.4945426 25.925592 -0.400461512 0.0 7.0
2.8580184 29.976118 -1.187664612 0.0 7.0
2.8580184 29.976118 -1.187664613 0.0 8.0
3.5516381 34.24742 -1.588126213 0.0 8.0
2.8580184 29.976118 -1.187664614 0.0 8.0
4.4324245 34.02664 -1.187664614 0.0 8.0
1.4945426 25.925592 -0.400461515 0.0 7.0
2.2954655 30.196896 -0.400461515 0.0 7.0
2.2954655 30.196896 -0.400461516 0.0 8.0
2.2954655 34.54264 -0.400461516 0.0 8.0
2.2954655 30.196896 -0.400461517 0.0 8.0
3.0963883 34.4682 -0.400461517 0.0 8.0
0.0 17.382986 0.018 10.0 5.0
0.0 21.728733 0.018 10.0 5.0
0.0 21.728733 0.019 0.0 6.0
-0.6936196 26.000036 0.400461519 0.0 6.0
0.0 21.728733 0.020 9.0 6.0
0.0 26.07448 0.020 9.0 6.0
0.0 26.07448 0.021 0.0 7.0
0.6936196 30.345783 -0.400461521 0.0 7.0
0.6936196 30.345783 -0.400461522 0.0 8.0
0.6936196 34.69153 -0.400461522 0.0 8.0
0.6936196 30.345783 -0.400461523 0.0 8.0
1.4945426 34.61709 -0.400461523 0.0 8.0
0.0 26.07448 0.024 8.0 7.0
0.0 30.420227 0.024 8.0 7.0
0.0 30.420227 0.025 0.0 8.0
-0.6936196 34.691532 0.400461525 0.0 8.0
0.0 30.420227 0.026 7.0 8.0
0.0 34.765972 0.026 7.0 8.0
0.0 34.765972 0.027 6.0 9.0
0.6936196 39.037277 -0.400461527 6.0 9.0
0.6936196 39.037277 -0.400461528 0.0 10.0
0.6936196 43.383022 -0.400461528 0.0 10.0
0.6936196 39.037277 -0.400461529 5.0 10.0
1.4945426 43.308582 -0.400461529 5.0 10.0
1.4945426 43.308582 -0.400461530 0.0 11.0
2.8580184 47.359108 -1.187664630 0.0 11.0
2.8580184 47.359108 -1.187664631 0.0 12.0
3.5516381 51.630413 -1.588126231 0.0 12.0
2.8580184 47.359108 -1.187664632 0.0 12.0
4.4324245 51.409634 -1.187664632 0.0 12.0
1.4945426 43.308582 -0.400461533 4.0 11.0
2.2954655 47.579887 -0.400461533 4.0 11.0
2.2954655 47.579887 -0.400461534 0.0 12.0
2.2954655 51.925632 -0.400461534 0.0 12.0
2.2954655 47.579887 -0.400461535 3.0 12.0
3.0963883 51.851192 -0.400461535 3.0 12.0
3.0963883 51.851192 -0.400461536 2.0 13.0
4.459864 55.90172 -1.187664636 2.0 13.0
4.459864 55.90172 -1.187664637 0.0 14.0
5.153484 60.173023 -1.588126237 0.0 14.0
4.459864 55.90172 -1.187664638 1.0 14.0
6.0342703 59.952244 -1.187664638 1.0 14.0
6.0342703 59.952244 -1.187664639 0.0 15.0
8.020889 63.64322 -2.334639539 0.0 15.0
8.020889 63.64322 -2.334639540 0.0 16.0
9.384365 67.69374 -3.121842640 0.0 16.0
8.020889 63.64322 -2.334639541 0.0 16.0
10.314839 67.3342 -2.334639541 0.0 16.0
6.0342703 59.952244 -1.187664642 0.0 15.0
7.6086764 64.00277 -1.187664642 0.0 15.0
7.6086764 64.00277 -1.187664643 0.0 16.0
8.302296 68.27407 -1.588126243 0.0 16.0
7.6086764 64.00277 -1.187664644 0.0 16.0
9.183083 68.0533 -1.187664644 0.0 16.0
3.0963883 51.851192 -0.400461545 2.0 13.0
3.8973112 56.122498 -0.400461545 2.0 13.0
3.8973112 56.122498 -0.400461546 0.0 14.0
3.8973112 60.468243 -0.400461546 0.0 14.0
3.8973112 56.122498 -0.400461547 1.0 14.0
4.698234 60.393803 -0.400461547 1.0 14.0
4.698234 60.393803 -0.400461548 0.0 15.0
6.06171 64.44433 -1.187664648 0.0 15.0
6.06171 64.44433 -1.187664649 0.0 16.0
6.7553296 68.71563 -1.588126249 0.0 16.0
6.06171 64.44433 -1.187664650 0.0 16.0
7.636116 68.49486 -1.187664650 0.0 16.0
4.698234 60.393803 -0.400461551 0.0 15.0
5.499157 64.66511 -0.400461551 0.0 15.0
5.499157 64.66511 -0.400461552 0.0 16.0
5.499157 69.01086 -0.400461552 0.0 16.0
5.499157 64.66511 -0.400461553 0.0 16.0
6.30008 68.93641 -0.400461553 0.0 16.0
0.0 34.765972 0.054 6.0 9.0
0.0 39.111717 0.054 6.0 9.0
0.0 39.111717 0.055 0.0 10.0
-0.6936196 43.383022 0.400461555 0.0 10.0
0.0 39.111717 0.056 5.0 10.0
0.0 43.457462 0.056 5.0 10.0
0.0 43.457462 0.057 0.0 11.0
0.6936196 47.728767 -0.400461557 0.0 11.0
0.6936196 47.728767 -0.400461558 0.0 12.0
0.6936196 52.074512 -0.400461558 0.0 12.0
0.6936196 47.728767 -0.400461559 0.0 12.0
1.4945426 52.000072 -0.400461559 0.0 12.0
0.0 43.457462 0.060 4.0 11.0
0.0 47.803207 0.060 4.0 11.0
0.0 47.803207 0.061 0.0 12.0
-0.6936196 52.074512 0.400461561 0.0 12.0
0.0 47.803207 0.062 3.0 12.0
0.0 52.148952 0.062 3.0 12.0
0.0 52.148952 0.063 2.0 13.0
0.6936196 56.420258 -0.400461563 2.0 13.0
0.6936196 56.420258 -0.400461564 0.0 14.0
0.6936196 60.766003 -0.400461564 0.0 14.0
0.6936196 56.420258 -0.400461565 1.0 14.0
1.4945426 60.691563 -0.400461565 1.0 14.0
1.4945426 60.691563 -0.400461566 0.0 15.0
2.8580184 64.74209 -1.187664666 0.0 15.0
2.8580184 64.74209 -1.187664667 0.0 16.0
3.5516381 69.01339 -1.588126267 0.0 16.0
2.8580184 64.74209 -1.187664668 0.0 16.0
4.4324245 68.79262 -1.187664668 0.0 16.0
1.4945426 60.691563 -0.400461569 0.0 15.0
2.2954655 64.96287 -0.400461569 0.0 15.0
2.2954655 64.96287 -0.400461570 0.0 16.0
2.2954655 69.30862 -0.400461570 0.0 16.0
2.2954655 64.96287 -0.400461571 0.0 16.0
3.0963883 69.23417 -0.400461571 0.0 16.0
0.0 52.148952 0.072 2.0 13.0
0.0 56.494698 0.072 2.0 13.0
0.0 56.494698 0.073 0.0 14.0
-0.6936196 60.766003 0.400461573 0.0 14.0
0.0 56.494698 0.074 1.0 14.0
0.0 60.840443 0.074 1.0 14.0
0.0 60.840443 0.075 0.0 15.0
0.6936196 65.11175 -0.400461575 0.0 15.0
0.6936196 65.11175 -0.400461576 0.0 16.0
0.6936196 69.4575 -0.400461576 0.0 16.0
0.6936196 65.11175 -0.400461577 0.0 16.0
1.4945426 69.38305 -0.400461577 0.0 16.0
0.0 60.840443 0.078 0.0 15.0
0.0 65.18619 0.078 0.0 15.0
0.0 65.18619 0.079 0.0 16.0
-0.6936196 69.45749 0.400461579 0.0 16.0
0.0 65.18619 0.080 0.0 16.0
0.0 69.53194 0.080 0.0 16.0
