0.0 0.0 0.00 14.0 1.0
0.0 4.8166237 0.00 14.0 1.0
0.0 4.8166237 0.01 0.0 2.0
0.6529756 9.573867 -0.376995681 0.0 2.0
0.0 4.8166237 0.02 13.0 2.0
0.0 9.633247 0.02 13.0 2.0
0.0 9.633247 0.03 0.0 3.0
0.6529756 14.390491 -0.376995683 0.0 3.0
0.6529756 14.390491 -0.376995684 0.0 4.0
1.9428267 18.971056 -1.12169164 0.0 4.0
0.6529756 14.390491 -0.376995685 0.0 4.0
1.4069669 19.147734 -0.376995685 0.0 4.0
0.0 9.633247 0.06 12.0 3.0
0.0 14.449871 0.06 12.0 3.0
0.0 14.449871 0.07 0.0 4.0
0.6529756 19.207115 -0.376995687 0.0 4.0
0.0 14.449871 0.08 11.0 4.0
0.0 19.266495 0.08 11.0 4.0
0.0 19.266495 0.09 2.0 5.0
-0.6529756 24.023739 0.376995689 2.0 5.0
-0.6529756 24.023739 0.3769956810 0.0 6.0
-0.6529756 28.840363 0.3769956810 0.0 6.0
-0.6529756 24.023739 0.3769956811 1.0 6.0
-1.4069669 28.780983 0.3769956811 1.0 6.0
-1.4069669 28.780983 0.3769956812 0.0 7.0
-1.4069669 33.597607 0.3769956812 0.0 7.0
-1.4069669 33.597607 0.3769956813 0.0 8.0
-0.7539913 38.35485 0.013 0.0 8.0
-1.4069669 33.597607 0.3769956814 0.0 8.0
-1.4069669 38.41423 0.3769956814 0.0 8.0
-1.4069669 28.780983 0.3769956815 0.0 7.0
-2.1609583 33.538227 0.3769956815 0.0 7.0
-2.1609583 33.538227 0.3769956816 0.0 8.0
-2.1609583 38.35485 0.3769956816 0.0 8.0
-2.1609583 33.538227 0.3769956817 0.0 8.0
-2.9149497 38.29547 0.3769956817 0.0 8.0
0.0 19.266495 0.018 10.0 5.0
0.0 24.083118 0.018 10.0 5.0
0.0 24.083118 0.019 0.0 6.0
0.6529756 28.840363 -0.3769956819 0.0 6.0
0.0 24.083118 0.020 9.0 6.0
0.0 28.899742 0.020 9.0 6.0
0.0 28.899742 0.021 0.0 7.0
0.6529756 33.656986 -0.3769956821 0.0 7.0
0.6529756 33.656986 -0.3769956822 0.0 8.0
1.9428267 38.237553 -1.121691622 0.0 8.0
0.6529756 33.656986 -0.3769956823 0.0 8.0
1.4069669 38.41423 -0.3769956823 0.0 8.0
0.0 28.899742 0.024 8.0 7.0
0.0 33.716366 0.024 8.0 7.0
0.0 33.716366 0.025 0.0 8.0
0.6529756 38.47361 -0.3769956825 0.0 8.0
0.0 33.716366 0.026 7.0 8.0
0.0 38.53299 0.026 7.0 8.0
0.0 38.53299 0.027 6.0 9.0
0.6529756 43.290234 -0.3769956827 6.0 9.0
0.6529756 43.290234 -0.3769956828 0.0 10.0
1.9428267 47.8708 -1.121691628 0.0 10.0
0.6529756 43.290234 -0.3769956829 5.0 10.0
1.4069669 48.047478 -0.3769956829 5.0 10.0
1.4069669 48.047478 -0.3769956830 0.0 11.0
2.696818 52.628044 -1.121691630 0.0 11.0
2.696818 52.628044 -1.121691631 0.0 12.0
4.5917416 56.91899 -2.215726131 0.0 12.0
2.696818 52.628044 -1.121691632 0.0 12.0
4.1862097 57.20861 -1.121691632 0.0 12.0
1.4069669 48.047478 -0.3769956833 4.0 11.0
2.1609583 52.80472 -0.3769956833 4.0 11.0
2.1609583 52.80472 -0.3769956834 0.0 12.0
3.4508095 57.38529 -1.121691634 0.0 12.0
2.1609583 52.80472 -0.3769956835 3.0 12.0
2.9149497 57.561966 -0.3769956835 3.0 12.0
2.9149497 57.561966 -0.3769956836 2.0 13.0
2.9149497 62.37859 -0.3769956836 2.0 13.0
2.9149497 62.37859 -0.3769956837 0.0 14.0
3.5679252 67.13583 -0.7539913737 0.0 14.0
2.9149497 62.37859 -0.3769956838 1.0 14.0
2.9149497 67.19521 -0.3769956838 1.0 14.0
2.9149497 67.19521 -0.3769956839 0.0 15.0
3.5679252 71.95245 -0.7539913739 0.0 15.0
3.5679252 71.95245 -0.7539913740 0.0 16.0
4.8577766 76.53302 -1.498687340 0.0 16.0
3.5679252 71.95245 -0.7539913741 0.0 16.0
4.3219166 76.709694 -0.7539913741 0.0 16.0
2.9149497 67.19521 -0.3769956842 0.0 15.0
2.9149497 72.01184 -0.3769956842 0.0 15.0
2.9149497 72.01184 -0.3769956843 0.0 16.0
3.5679252 76.76908 -0.7539913743 0.0 16.0
2.9149497 72.01184 -0.3769956844 0.0 16.0
2.9149497 76.82846 -0.3769956844 0.0 16.0
2.9149497 57.561966 -0.3769956845 2.0 13.0
3.668941 62.31921 -0.3769956845 2.0 13.0
3.668941 62.31921 -0.3769956846 0.0 14.0
4.958792 66.89977 -1.121691646 0.0 14.0
3.668941 62.31921 -0.3769956847 1.0 14.0
4.4229326 67.076454 -0.3769956847 1.0 14.0
4.4229326 67.076454 -0.3769956848 0.0 15.0
5.712784 71.65702 -1.121691648 0.0 15.0
5.712784 71.65702 -1.121691649 0.0 16.0
7.607707 75.94797 -2.215726149 0.0 16.0
5.712784 71.65702 -1.121691650 0.0 16.0
7.2021756 76.23759 -1.121691650 0.0 16.0
4.4229326 67.076454 -0.3769956851 0.0 15.0
5.1769238 71.833694 -0.3769956851 0.0 15.0
5.1769238 71.833694 -0.3769956852 0.0 16.0
6.466775 76.41426 -1.121691652 0.0 16.0
5.1769238 71.833694 -0.3769956853 0.0 16.0
5.930915 76.590935 -0.3769956853 0.0 16.0
0.0 38.53299 0.054 6.0 9.0
0.0 43.349613 0.054 6.0 9.0
0.0 43.349613 0.055 0.0 10.0
0.6529756 48.106857 -0.3769956855 0.0 10.0
0.0 43.349613 0.056 5.0 10.0
0.0 48.166237 0.056 5.0 10.0
0.0 48.166237 0.057 0.0 11.0
0.6529756 52.92348 -0.3769956857 0.0 11.0
0.6529756 52.92348 -0.3769956858 0.0 12.0
1.9428267 57.504047 -1.121691658 0.0 12.0
0.6529756 52.92348 -0.3769956859 0.0 12.0
1.4069669 57.680725 -0.3769956859 0.0 12.0
0.0 48.166237 0.060 4.0 11.0
0.0 52.98286 0.060 4.0 11.0
0.0 52.98286 0.061 0.0 12.0
0.6529756 57.740105 -0.3769956861 0.0 12.0
0.0 52.98286 0.062 3.0 12.0
0.0 57.799484 0.062 3.0 12.0
0.0 57.799484 0.063 2.0 13.0
-0.6529756 62.55673 0.3769956863 2.0 13.0
-0.6529756 62.55673 0.3769956864 0.0 14.0
-0.6529756 67.37335 0.3769956864 0.0 14.0
-0.6529756 62.55673 0.3769956865 1.0 14.0
-1.4069669 67.31397 0.3769956865 1.0 14.0
-1.4069669 67.31397 0.3769956866 0.0 15.0
-1.4069669 72.1306 0.3769956866 0.0 15.0
-1.4069669 72.1306 0.3769956867 0.0 16.0
-0.7539913 76.88784 0.067 0.0 16.0
-1.4069669 72.1306 0.3769956868 0.0 16.0
-1.4069669 76.94722 0.3769956868 0.0 16.0
-1.4069669 67.31397 0.3769956869 0.0 15.0
-2.1609583 72.07121 0.3769956869 0.0 15.0
-2.1609583 72.07121 0.3769956870 0.0 16.0
-2.1609583 76.88783 0.3769956870 0.0 16.0
-2.1609583 72.07121 0.3769956871 0.0 16.0
-2.9149497 76.82845 0.3769956871 0.0 16.0
0.0 57.799484 0.072 2.0 13.0
0.0 62.616108 0.072 2.0 13.0
0.0 62.616108 0.073 0.0 14.0
0.6529756 67.37335 -0.3769956873 0.0 14.0
0.0 62.616108 0.074 1.0 14.0
0.0 67.43273 0.074 1.0 14.0
0.0 67.43273 0.075 0.0 15.0
0.6529756 72.18997 -0.3769956875 0.0 15.0
0.6529756 72.18997 -0.3769956876 0.0 16.0
1.9428267 76.77054 -1.121691676 0.0 16.0
0.6529756 72.18997 -0.3769956877 0.0 16.0
1.4069669 76.94721 -0.3769956877 0.0 16.0
0.0 67.43273 0.078 0.0 15.0
0.0 72.24936 0.078 0.0 15.0
0.0 72.24936 0.079 0.0 16.0
0.6529756 77.0066 -0.3769956879 0.0 16.0
0.0 72.24936 0.080 0.0 16.0
0.0 77.06598 0.080 0.0 16.0
