0.0 0.0 0.00 28.0 1.0
0.0 0.5381805 0.00 28.0 1.0
0.0 0.5381805 0.01 27.0 2.0
0.0 1.076361 0.01 27.0 2.0
0.0 1.076361 0.02 26.0 3.0
0.0 1.6145414 0.02 26.0 3.0
0.0 1.6145414 0.03 25.0 4.0
0.0 2.152722 0.03 25.0 4.0
0.0 2.152722 0.04 24.0 5.0
0.0 2.6909022 0.04 24.0 5.0
0.0 2.6909022 0.05 23.0 6.0
0.0 3.2290826 0.05 23.0 6.0
0.0 3.2290826 0.06 22.0 7.0
0.0 3.767263 0.06 22.0 7.0
0.0 3.767263 0.07 21.0 8.0
0.0 4.3054433 0.07 21.0 8.0
0.0 4.3054433 0.08 12.0 9.0
-0.20779866 4.787174 0.119972628 12.0 9.0
-0.20779866 4.787174 0.119972629 11.0 10.0
-0.41559732 5.268905 0.239945239 11.0 10.0
-0.41559732 5.268905 0.2399452310 10.0 11.0
-0.623396 5.750636 0.3599178510 10.0 11.0
-0.623396 5.750636 0.3599178511 9.0 12.0
-0.83119464 6.232367 0.4798904711 9.0 12.0
-0.83119464 6.232367 0.4798904712 4.0 13.0
-1.2032 6.5565906 0.694667812 4.0 13.0
-1.2032 6.5565906 0.694667813 3.0 14.0
-1.5752053 6.880814 0.9094451713 3.0 14.0
-1.5752053 6.880814 0.9094451714 0.0 15.0
-2.0333781 6.979515 1.173971314 0.0 15.0
-2.0333781 6.979515 1.173971315 0.0 16.0
-2.5624304 7.078216 1.173971315 0.0 16.0
-1.5752053 6.880814 0.9094451716 0.0 15.0
-1.783004 7.362545 1.029417816 0.0 15.0
-1.783004 7.362545 1.029417817 0.0 16.0
-2.0229492 7.844276 1.029417817 0.0 16.0
-1.5752053 6.880814 0.9094451718 2.0 15.0
-2.00476 7.2050376 0.9094451718 2.0 15.0
-2.00476 7.2050376 0.9094451719 1.0 16.0
-2.4343147 7.529261 0.9094451719 1.0 16.0
-2.4343147 7.529261 0.9094451720 0.0 17.0
-2.8638694 7.8534846 0.9094451720 0.0 17.0
-2.8638694 7.8534846 0.9094451721 0.0 18.0
-3.2934241 8.177709 0.9094451721 0.0 18.0
-0.83119464 6.232367 0.4798904722 4.0 13.0
-0.83119464 6.7705474 0.4798904722 4.0 13.0
-0.83119464 6.7705474 0.4798904723 3.0 14.0
-0.83119464 7.3087277 0.4798904723 3.0 14.0
-0.83119464 7.3087277 0.4798904724 0.0 15.0
-1.0389934 7.7904587 0.5998630524 0.0 15.0
-1.0389934 7.7904587 0.5998630525 0.0 16.0
-1.2789385 8.272189 0.5998630525 0.0 16.0
-0.83119464 7.3087277 0.4798904726 0.0 15.0
-0.623396 7.7904587 0.3599178526 0.0 15.0
-0.623396 7.7904587 0.3599178527 0.0 16.0
-0.38345075 8.272189 0.3599178527 0.0 16.0
-0.83119464 7.3087277 0.4798904728 2.0 15.0
-0.83119464 7.846908 0.4798904728 2.0 15.0
-0.83119464 7.846908 0.4798904729 1.0 16.0
-0.83119464 8.385089 0.4798904729 1.0 16.0
-0.83119464 8.385089 0.4798904730 0.0 17.0
-0.83119464 8.923269 0.4798904730 0.0 17.0
-0.83119464 8.923269 0.4798904731 0.0 18.0
-0.83119464 9.46145 0.4798904731 0.0 18.0
-0.83119464 6.232367 0.4798904732 8.0 13.0
-1.0711398 6.714098 0.4798904732 8.0 13.0
-1.0711398 6.714098 0.4798904733 7.0 14.0
-1.311085 7.195829 0.4798904733 7.0 14.0
-1.311085 7.195829 0.4798904734 6.0 15.0
-1.5510302 7.67756 0.4798904734 6.0 15.0
-1.5510302 7.67756 0.4798904735 5.0 16.0
-1.7909753 8.15929 0.4798904735 5.0 16.0
-1.7909753 8.15929 0.4798904736 4.0 17.0
-2.0309205 8.641021 0.4798904736 4.0 17.0
-2.0309205 8.641021 0.4798904737 3.0 18.0
-2.2708657 9.122751 0.4798904737 3.0 18.0
-2.2708657 9.122751 0.4798904738 0.0 19.0
-2.642871 9.446975 0.694667838 0.0 19.0
-2.642871 9.446975 0.694667839 0.0 20.0
-3.0724256 9.771198 0.694667839 0.0 20.0
-2.2708657 9.122751 0.4798904740 0.0 19.0
-2.2708657 9.660932 0.4798904740 0.0 19.0
-2.2708657 9.660932 0.4798904741 0.0 20.0
-2.2708657 10.199112 0.4798904741 0.0 20.0
-2.2708657 9.122751 0.4798904742 2.0 19.0
-2.5108109 9.604482 0.4798904742 2.0 19.0
-2.5108109 9.604482 0.4798904743 1.0 20.0
-2.750756 10.086212 0.4798904743 1.0 20.0
-2.750756 10.086212 0.4798904744 0.0 21.0
-2.9907012 10.567943 0.4798904744 0.0 21.0
-2.9907012 10.567943 0.4798904745 0.0 22.0
-3.2306464 11.049673 0.4798904745 0.0 22.0
0.0 4.3054433 0.046 12.0 9.0
0.20779866 4.787174 -0.1199726246 12.0 9.0
0.20779866 4.787174 -0.1199726247 11.0 10.0
0.41559732 5.268905 -0.2399452347 11.0 10.0
0.41559732 5.268905 -0.2399452348 10.0 11.0
0.623396 5.750636 -0.3599178548 10.0 11.0
0.623396 5.750636 -0.3599178549 9.0 12.0
0.83119464 6.232367 -0.4798904749 9.0 12.0
0.83119464 6.232367 -0.4798904750 4.0 13.0
0.83119464 6.7705474 -0.4798904750 4.0 13.0
0.83119464 6.7705474 -0.4798904751 3.0 14.0
0.83119464 7.3087277 -0.4798904751 3.0 14.0
0.83119464 7.3087277 -0.4798904752 0.0 15.0
0.623396 7.7904587 -0.3599178552 0.0 15.0
0.623396 7.7904587 -0.3599178553 0.0 16.0
0.38345075 8.272189 -0.3599178553 0.0 16.0
0.83119464 7.3087277 -0.4798904754 0.0 15.0
1.0389934 7.7904587 -0.5998630554 0.0 15.0
1.0389934 7.7904587 -0.5998630555 0.0 16.0
1.2789385 8.272189 -0.5998630555 0.0 16.0
0.83119464 7.3087277 -0.4798904756 2.0 15.0
0.83119464 7.846908 -0.4798904756 2.0 15.0
0.83119464 7.846908 -0.4798904757 1.0 16.0
0.83119464 8.385089 -0.4798904757 1.0 16.0
0.83119464 8.385089 -0.4798904758 0.0 17.0
0.83119464 8.923269 -0.4798904758 0.0 17.0
0.83119464 8.923269 -0.4798904759 0.0 18.0
0.83119464 9.46145 -0.4798904759 0.0 18.0
0.83119464 6.232367 -0.4798904760 4.0 13.0
1.2032 6.5565906 -0.694667860 4.0 13.0
1.2032 6.5565906 -0.694667861 3.0 14.0
1.5752053 6.880814 -0.9094451761 3.0 14.0
1.5752053 6.880814 -0.9094451762 0.0 15.0
1.783004 7.362545 -1.029417862 0.0 15.0
1.783004 7.362545 -1.029417863 0.0 16.0
2.0229492 7.844276 -1.029417863 0.0 16.0
1.5752053 6.880814 -0.9094451764 0.0 15.0
2.0333781 6.979515 -1.173971364 0.0 15.0
2.0333781 6.979515 -1.173971365 0.0 16.0
2.5624304 7.078216 -1.173971365 0.0 16.0
1.5752053 6.880814 -0.9094451766 2.0 15.0
2.00476 7.2050376 -0.9094451766 2.0 15.0
2.00476 7.2050376 -0.9094451767 1.0 16.0
2.4343147 7.529261 -0.9094451767 1.0 16.0
2.4343147 7.529261 -0.9094451768 0.0 17.0
2.8638694 7.8534846 -0.9094451768 0.0 17.0
2.8638694 7.8534846 -0.9094451769 0.0 18.0
3.2934241 8.177709 -0.9094451769 0.0 18.0
0.83119464 6.232367 -0.4798904770 8.0 13.0
1.0711398 6.714098 -0.4798904770 8.0 13.0
1.0711398 6.714098 -0.4798904771 7.0 14.0
1.311085 7.195829 -0.4798904771 7.0 14.0
1.311085 7.195829 -0.4798904772 6.0 15.0
1.5510302 7.67756 -0.4798904772 6.0 15.0
1.5510302 7.67756 -0.4798904773 5.0 16.0
1.7909753 8.15929 -0.4798904773 5.0 16.0
1.7909753 8.15929 -0.4798904774 4.0 17.0
2.0309205 8.641021 -0.4798904774 4.0 17.0
2.0309205 8.641021 -0.4798904775 3.0 18.0
2.2708657 9.122751 -0.4798904775 3.0 18.0
2.2708657 9.122751 -0.4798904776 0.0 19.0
2.2708657 9.660932 -0.4798904776 0.0 19.0
2.2708657 9.660932 -0.4798904777 0.0 20.0
2.2708657 10.199112 -0.4798904777 0.0 20.0
2.2708657 9.122751 -0.4798904778 0.0 19.0
2.642871 9.446975 -0.694667878 0.0 19.0
2.642871 9.446975 -0.694667879 0.0 20.0
3.0724256 9.771198 -0.694667879 0.0 20.0
2.2708657 9.122751 -0.4798904780 2.0 19.0
2.5108109 9.604482 -0.4798904780 2.0 19.0
2.5108109 9.604482 -0.4798904781 1.0 20.0
2.750756 10.086212 -0.4798904781 1.0 20.0
2.750756 10.086212 -0.4798904782 0.0 21.0
2.9907012 10.567943 -0.4798904782 0.0 21.0
2.9907012 10.567943 -0.4798904783 0.0 22.0
3.2306464 11.049673 -0.4798904783 0.0 22.0
0.0 4.3054433 0.084 20.0 9.0
0.0 4.8436236 0.084 20.0 9.0
0.0 4.8436236 0.085 19.0 10.0
0.0 5.381804 0.085 19.0 10.0
0.0 5.381804 0.086 18.0 11.0
0.0 5.9199843 0.086 18.0 11.0
0.0 5.9199843 0.087 17.0 12.0
0.0 6.4581647 0.087 17.0 12.0
0.0 6.4581647 0.088 16.0 13.0
0.0 6.996345 0.088 16.0 13.0
0.0 6.996345 0.089 15.0 14.0
0.0 7.5345254 0.089 15.0 14.0
0.0 7.5345254 0.090 14.0 15.0
0.0 8.072706 0.090 14.0 15.0
0.0 8.072706 0.091 13.0 16.0
0.0 8.610887 0.091 13.0 16.0
0.0 8.610887 0.092 12.0 17.0
0.0 9.149067 0.092 12.0 17.0
0.0 9.149067 0.093 11.0 18.0
0.0 9.687247 0.093 11.0 18.0
0.0 9.687247 0.094 10.0 19.0
0.0 10.225428 0.094 10.0 19.0
0.0 10.225428 0.095 9.0 20.0
0.0 10.763608 0.095 9.0 20.0
0.0 10.763608 0.096 4.0 21.0
-0.20779866 11.245338 0.1199726296 4.0 21.0
-0.20779866 11.245338 0.1199726297 3.0 22.0
-0.41559732 11.727069 0.2399452397 3.0 22.0
-0.41559732 11.727069 0.2399452398 0.0 23.0
-0.78760266 12.051292 0.454722698 0.0 23.0
-0.78760266 12.051292 0.454722699 0.0 24.0
-1.2171574 12.375516 0.454722699 0.0 24.0
-0.41559732 11.727069 0.23994523100 0.0 23.0
-0.41559732 12.265249 0.23994523100 0.0 23.0
-0.41559732 12.265249 0.23994523101 0.0 24.0
-0.41559732 12.80343 0.23994523101 0.0 24.0
-0.41559732 11.727069 0.23994523102 2.0 23.0
-0.65554255 12.208799 0.23994523102 2.0 23.0
-0.65554255 12.208799 0.23994523103 1.0 24.0
-0.8954878 12.69053 0.23994523103 1.0 24.0
-0.8954878 12.69053 0.23994523104 0.0 25.0
-1.135433 13.17226 0.23994523104 0.0 25.0
-1.135433 13.17226 0.23994523105 0.0 26.0
-1.3753781 13.653991 0.23994523105 0.0 26.0
0.0 10.763608 0.0106 4.0 21.0
0.20779866 11.245338 -0.11997262106 4.0 21.0
0.20779866 11.245338 -0.11997262107 3.0 22.0
0.41559732 11.727069 -0.23994523107 3.0 22.0
0.41559732 11.727069 -0.23994523108 0.0 23.0
0.41559732 12.265249 -0.23994523108 0.0 23.0
0.41559732 12.265249 -0.23994523109 0.0 24.0
0.41559732 12.80343 -0.23994523109 0.0 24.0
0.41559732 11.727069 -0.23994523110 0.0 23.0
0.78760266 12.051292 -0.4547226110 0.0 23.0
0.78760266 12.051292 -0.4547226111 0.0 24.0
1.2171574 12.375516 -0.4547226111 0.0 24.0
0.41559732 11.727069 -0.23994523112 2.0 23.0
0.65554255 12.208799 -0.23994523112 2.0 23.0
0.65554255 12.208799 -0.23994523113 1.0 24.0
0.8954878 12.69053 -0.23994523113 1.0 24.0
0.8954878 12.69053 -0.23994523114 0.0 25.0
1.135433 13.17226 -0.23994523114 0.0 25.0
1.135433 13.17226 -0.23994523115 0.0 26.0
1.3753781 13.653991 -0.23994523115 0.0 26.0
0.0 10.763608 0.0116 8.0 21.0
0.0 11.301788 0.0116 8.0 21.0
0.0 11.301788 0.0117 7.0 22.0
0.0 11.839969 0.0117 7.0 22.0
0.0 11.839969 0.0118 6.0 23.0
0.0 12.378149 0.0118 6.0 23.0
0.0 12.378149 0.0119 5.0 24.0
0.0 12.916329 0.0119 5.0 24.0
0.0 12.916329 0.0120 4.0 25.0
0.0 13.45451 0.0120 4.0 25.0
0.0 13.45451 0.0121 3.0 26.0
0.0 13.99269 0.0121 3.0 26.0
0.0 13.99269 0.0122 0.0 27.0
-0.20779866 14.474421 0.11997262122 0.0 27.0
-0.20779866 14.474421 0.11997262123 0.0 28.0
-0.4477439 14.956151 0.11997262123 0.0 28.0
0.0 13.99269 0.0124 0.0 27.0
0.20779866 14.474421 -0.11997262124 0.0 27.0
0.20779866 14.474421 -0.11997262125 0.0 28.0
0.4477439 14.956151 -0.11997262125 0.0 28.0
0.0 13.99269 0.0126 2.0 27.0
0.0 14.53087 0.0126 2.0 27.0
0.0 14.53087 0.0127 1.0 28.0
0.0 15.069051 0.0127 1.0 28.0
0.0 15.069051 0.0128 0.0 29.0
0.0 15.607231 0.0128 0.0 29.0
0.0 15.607231 0.0129 0.0 30.0
0.0 16.145412 0.0129 0.0 30.0
