0.0 0.0 0.00 11.0 1.0
0.0 4.370616 0.00 11.0 1.0
0.0 4.370616 0.01 10.0 2.0
0.0 8.741232 0.01 10.0 2.0
0.0 8.741232 0.02 1.0 3.0
0.0 13.111848 0.02 1.0 3.0
0.0 13.111848 0.03 0.0 4.0
-2.6276927 16.257627 1.51709913 0.0 4.0
-2.6276927 16.257627 1.51709914 0.0 5.0
-6.41029 16.415401 3.70098284 0.0 5.0
0.0 8.741232 0.05 1.0 3.0
-2.8174047 5.8225694 1.62662945 1.0 3.0
-2.8174047 5.8225694 1.62662946 0.0 4.0
-6.6000023 5.9803424 3.8105136 0.0 4.0
-6.6000023 5.9803424 3.8105137 0.0 5.0
-9.227695 9.1261215 5.3276127 0.0 5.0
0.0 8.741232 0.08 9.0 3.0
-4.3677673 8.899005 0.08 9.0 3.0
-4.3677673 8.899005 0.09 8.0 4.0
-8.735535 9.056778 0.09 8.0 4.0
-8.735535 9.056778 0.010 1.0 5.0
-12.518132 9.214551 2.183883710 1.0 5.0
-12.518132 9.214551 2.183883711 0.0 6.0
-15.335537 6.2958884 3.81051311 0.0 6.0
-15.335537 6.2958884 3.81051312 0.0 7.0
-15.60863 1.9366632 3.968183312 0.0 7.0
-8.735535 9.056778 0.013 1.0 5.0
-6.3112507 5.70028 -1.399661213 1.0 5.0
-6.3112507 5.70028 -1.399661214 0.0 6.0
-6.5843434 1.3410549 -1.24199114 0.0 6.0
-6.5843434 1.3410549 -1.24199115 0.0 7.0
-9.401749 -1.5776076 0.384638315 0.0 7.0
-8.735535 9.056778 0.016 7.0 5.0
-12.518132 9.214551 2.183883716 7.0 5.0
-12.518132 9.214551 2.183883717 6.0 6.0
-16.30073 9.372324 4.367767317 6.0 6.0
-16.30073 9.372324 4.367767318 1.0 7.0
-20.083326 9.530097 6.55165118 1.0 7.0
-20.083326 9.530097 6.55165119 0.0 8.0
-22.90073 6.6114345 8.1782819 0.0 8.0
-22.90073 6.6114345 8.1782820 0.0 9.0
-23.173822 2.2522092 8.3359520 0.0 9.0
-16.30073 9.372324 4.367767321 1.0 7.0
-13.876446 6.015826 2.968106321 1.0 7.0
-13.876446 6.015826 2.968106322 0.0 8.0
-14.149539 1.656601 3.125776522 0.0 8.0
-14.149539 1.656601 3.125776523 0.0 9.0
-16.966944 -1.2620616 4.75240623 0.0 9.0
-16.30073 9.372324 4.367767324 5.0 7.0
-13.501408 6.015826 4.367767324 5.0 7.0
-13.501408 6.015826 4.367767325 4.0 8.0
-10.7020855 2.6593285 4.367767325 4.0 8.0
-10.7020855 2.6593285 4.367767326 1.0 9.0
-8.2778015 -0.6971693 2.968106326 1.0 9.0
-8.2778015 -0.6971693 2.968106327 0.0 10.0
-4.5149207 -1.169666 0.795605927 0.0 10.0
-4.5149207 -1.169666 0.795605928 0.0 11.0
-1.5224895 1.5066667 -0.93207528 0.0 11.0
-10.7020855 2.6593285 4.367767329 1.0 9.0
-10.157324 6.984441 4.05324929 1.0 9.0
-10.157324 6.984441 4.05324930 0.0 10.0
-7.1648927 9.660773 2.32556830 0.0 10.0
-7.1648927 9.660773 2.32556831 0.0 11.0
-3.4020119 9.188276 0.1530675931 0.0 11.0
-10.7020855 2.6593285 4.367767332 3.0 9.0
-10.073049 6.984441 4.367767332 3.0 9.0
-10.073049 6.984441 4.367767333 2.0 10.0
-9.444012 11.309553 4.367767333 2.0 10.0
-9.444012 11.309553 4.367767334 1.0 11.0
-8.89925 15.6346655 4.05324934 1.0 11.0
-8.89925 15.6346655 4.05324935 0.0 12.0
-11.107489 19.184387 5.328176535 0.0 12.0
-11.107489 19.184387 5.328176536 0.0 13.0
-14.831039 19.969145 7.477969636 0.0 13.0
-9.444012 11.309553 4.367767337 1.0 11.0
-12.595872 8.889502 6.18749537 1.0 11.0
-12.595872 8.889502 6.18749538 0.0 12.0
-16.319422 9.674261 8.33728838 0.0 12.0
-16.319422 9.674261 8.33728839 0.0 13.0
-18.52766 13.223984 9.61221539 0.0 13.0
-8.735535 9.056778 0.040 7.0 5.0
-6.3112507 5.70028 -1.399661240 7.0 5.0
-6.3112507 5.70028 -1.399661241 6.0 6.0
-3.8869667 2.3437824 -2.799322441 6.0 6.0
-3.8869667 2.3437824 -2.799322442 1.0 7.0
-1.4626827 -1.0127153 -4.198983742 1.0 7.0
-1.4626827 -1.0127153 -4.198983743 0.0 8.0
2.300198 -1.4852121 -6.37148443 0.0 8.0
2.300198 -1.4852121 -6.37148444 0.0 9.0
5.2926292 1.1911206 -8.09916544 0.0 9.0
-3.8869667 2.3437824 -2.799322445 1.0 7.0
-3.3422046 6.668895 -3.113840845 1.0 7.0
-3.3422046 6.668895 -3.113840846 0.0 8.0
-0.3497734 9.345227 -4.841521746 0.0 8.0
-0.3497734 9.345227 -4.841521747 0.0 9.0
3.4131074 8.87273 -7.01402247 0.0 9.0
-3.8869667 2.3437824 -2.799322448 5.0 7.0
0.45803404 1.8712857 -2.799322448 5.0 7.0
0.45803404 1.8712857 -2.799322449 4.0 8.0
4.803035 1.3987889 -2.799322449 4.0 8.0
4.803035 1.3987889 -2.799322450 1.0 9.0
8.565916 0.92629224 -4.971822750 1.0 9.0
8.565916 0.92629224 -4.971822751 0.0 10.0
11.558348 3.602625 -6.69950451 0.0 10.0
11.558348 3.602625 -6.69950452 0.0 11.0
12.103109 7.927737 -7.014022452 0.0 11.0
4.803035 1.3987889 -2.799322453 1.0 9.0
2.5947957 4.94851 -1.524394953 1.0 9.0
2.5947957 4.94851 -1.524394954 0.0 10.0
3.1395578 9.2736225 -1.838913454 0.0 10.0
3.1395578 9.2736225 -1.838913455 0.0 11.0
6.131989 11.949955 -3.566594455 0.0 11.0
4.803035 1.3987889 -2.799322456 3.0 9.0
8.258396 4.075122 -2.799322456 3.0 9.0
8.258396 4.075122 -2.799322457 2.0 10.0
11.713758 6.7514544 -2.799322457 2.0 10.0
11.713758 6.7514544 -2.799322458 1.0 11.0
14.70619 9.427787 -4.527003358 1.0 11.0
14.70619 9.427787 -4.527003359 0.0 12.0
15.250952 13.752899 -4.841521759 0.0 12.0
15.250952 13.752899 -4.841521760 0.0 13.0
13.042713 17.30262 -3.566594160 0.0 13.0
11.713758 6.7514544 -2.799322461 1.0 11.0
7.9902077 7.536212 -0.649529261 1.0 11.0
7.9902077 7.536212 -0.649529262 0.0 12.0
5.7819686 11.085934 0.625398362 0.0 12.0
5.7819686 11.085934 0.625398363 0.0 13.0
6.3267307 15.411046 0.3108797463 0.0 13.0
