0.0 0.0 0.00 14.0 1.0
0.0 4.9469476 0.00 14.0 1.0
0.0 4.9469476 0.01 0.0 2.0
-2.0527782 9.28904 1.18517211 0.0 2.0
0.0 4.9469476 0.02 13.0 2.0
0.0 9.893895 0.02 13.0 2.0
0.0 9.893895 0.03 0.0 3.0
2.0527782 14.235987 -1.18517213 0.0 3.0
2.0527782 14.235987 -1.18517214 0.0 4.0
2.0527782 19.182934 -1.18517214 0.0 4.0
2.0527782 14.235987 -1.18517215 0.0 4.0
4.4231224 18.57808 -1.18517215 0.0 4.0
0.0 9.893895 0.06 12.0 3.0
0.0 14.840843 0.06 12.0 3.0
0.0 14.840843 0.07 0.0 4.0
-2.0527782 19.182934 1.18517217 0.0 4.0
0.0 14.840843 0.08 11.0 4.0
0.0 19.78779 0.08 11.0 4.0
0.0 19.78779 0.09 2.0 5.0
-2.0527782 24.129883 1.18517219 2.0 5.0
-2.0527782 24.129883 1.185172110 0.0 6.0
-5.656354 26.805317 3.265697710 0.0 6.0
-2.0527782 24.129883 1.185172111 1.0 6.0
-4.4231224 28.471973 1.185172111 1.0 6.0
-4.4231224 28.471973 1.185172112 0.0 7.0
-4.4231224 33.418922 1.185172112 0.0 7.0
-4.4231224 33.418922 1.185172113 0.0 8.0
-6.4759007 37.761013 2.370344213 0.0 8.0
-4.4231224 33.418922 1.185172114 0.0 8.0
-4.4231224 38.36587 1.185172114 0.0 8.0
-4.4231224 28.471973 1.185172115 0.0 7.0
-6.7934666 32.814064 1.185172115 0.0 7.0
-6.7934666 32.814064 1.185172116 0.0 8.0
-10.397042 35.4895 3.265697716 0.0 8.0
-6.7934666 32.814064 1.185172117 0.0 8.0
-9.163811 37.156155 1.185172117 0.0 8.0
0.0 19.78779 0.018 10.0 5.0
0.0 24.734737 0.018 10.0 5.0
0.0 24.734737 0.019 0.0 6.0
-2.0527782 29.076828 1.185172119 0.0 6.0
0.0 24.734737 0.020 9.0 6.0
0.0 29.681684 0.020 9.0 6.0
0.0 29.681684 0.021 0.0 7.0
2.0527782 34.023777 -1.185172121 0.0 7.0
2.0527782 34.023777 -1.185172122 0.0 8.0
2.0527782 38.970726 -1.185172122 0.0 8.0
2.0527782 34.023777 -1.185172123 0.0 8.0
4.4231224 38.365868 -1.185172123 0.0 8.0
0.0 29.681684 0.024 8.0 7.0
0.0 34.62863 0.024 8.0 7.0
0.0 34.62863 0.025 0.0 8.0
-2.0527782 38.970722 1.185172125 0.0 8.0
0.0 34.62863 0.026 7.0 8.0
0.0 39.57558 0.026 7.0 8.0
0.0 39.57558 0.027 6.0 9.0
2.0527782 43.91767 -1.185172127 6.0 9.0
2.0527782 43.91767 -1.185172128 0.0 10.0
2.0527782 48.86462 -1.185172128 0.0 10.0
2.0527782 43.91767 -1.185172129 5.0 10.0
4.4231224 48.25976 -1.185172129 5.0 10.0
4.4231224 48.25976 -1.185172130 0.0 11.0
8.026698 50.935196 -3.265697730 0.0 11.0
8.026698 50.935196 -3.265697731 0.0 12.0
10.079476 55.277287 -4.450869631 0.0 12.0
8.026698 50.935196 -3.265697732 0.0 12.0
12.18775 53.61063 -3.265697732 0.0 12.0
4.4231224 48.25976 -1.185172133 4.0 11.0
6.7934666 52.601852 -1.185172133 4.0 11.0
6.7934666 52.601852 -1.185172134 0.0 12.0
6.7934666 57.5488 -1.185172134 0.0 12.0
6.7934666 52.601852 -1.185172135 3.0 12.0
9.163811 56.943943 -1.185172135 3.0 12.0
9.163811 56.943943 -1.185172136 2.0 13.0
9.163811 61.890892 -1.185172136 2.0 13.0
9.163811 61.890892 -1.185172137 0.0 14.0
7.1110325 66.23299 0.037 0.0 14.0
9.163811 61.890892 -1.185172138 1.0 14.0
9.163811 66.83784 -1.185172138 1.0 14.0
9.163811 66.83784 -1.185172139 0.0 15.0
11.216589 71.17993 -2.370344239 0.0 15.0
11.216589 71.17993 -2.370344240 0.0 16.0
11.216589 76.12688 -2.370344240 0.0 16.0
11.216589 71.17993 -2.370344241 0.0 16.0
13.586933 75.522026 -2.370344241 0.0 16.0
9.163811 66.83784 -1.185172142 0.0 15.0
9.163811 71.78478 -1.185172142 0.0 15.0
9.163811 71.78478 -1.185172143 0.0 16.0
7.1110325 76.12688 0.043 0.0 16.0
9.163811 71.78478 -1.185172144 0.0 16.0
9.163811 76.73173 -1.185172144 0.0 16.0
9.163811 56.943943 -1.185172145 2.0 13.0
11.534155 61.286034 -1.185172145 2.0 13.0
11.534155 61.286034 -1.185172146 0.0 14.0
11.534155 66.23298 -1.185172146 0.0 14.0
11.534155 61.286034 -1.185172147 1.0 14.0
13.904499 65.62813 -1.185172147 1.0 14.0
13.904499 65.62813 -1.185172148 0.0 15.0
17.508076 68.30356 -3.265697748 0.0 15.0
17.508076 68.30356 -3.265697749 0.0 16.0
19.560854 72.64565 -4.450869649 0.0 16.0
17.508076 68.30356 -3.265697750 0.0 16.0
21.669127 70.97899 -3.265697750 0.0 16.0
13.904499 65.62813 -1.185172151 0.0 15.0
16.274843 69.97022 -1.185172151 0.0 15.0
16.274843 69.97022 -1.185172152 0.0 16.0
16.274843 74.91717 -1.185172152 0.0 16.0
16.274843 69.97022 -1.185172153 0.0 16.0
18.645187 74.31232 -1.185172153 0.0 16.0
0.0 39.57558 0.054 6.0 9.0
0.0 44.52253 0.054 6.0 9.0
0.0 44.52253 0.055 0.0 10.0
-2.0527782 48.86462 1.185172155 0.0 10.0
0.0 44.52253 0.056 5.0 10.0
0.0 49.46948 0.056 5.0 10.0
0.0 49.46948 0.057 0.0 11.0
2.0527782 53.81157 -1.185172157 0.0 11.0
2.0527782 53.81157 -1.185172158 0.0 12.0
2.0527782 58.75852 -1.185172158 0.0 12.0
2.0527782 53.81157 -1.185172159 0.0 12.0
4.4231224 58.15366 -1.185172159 0.0 12.0
0.0 49.46948 0.060 4.0 11.0
0.0 54.416428 0.060 4.0 11.0
0.0 54.416428 0.061 0.0 12.0
-2.0527782 58.75852 1.185172161 0.0 12.0
0.0 54.416428 0.062 3.0 12.0
0.0 59.363377 0.062 3.0 12.0
0.0 59.363377 0.063 2.0 13.0
-2.0527782 63.705467 1.185172163 2.0 13.0
-2.0527782 63.705467 1.185172164 0.0 14.0
-5.656354 66.3809 3.265697764 0.0 14.0
-2.0527782 63.705467 1.185172165 1.0 14.0
-4.4231224 68.04756 1.185172165 1.0 14.0
-4.4231224 68.04756 1.185172166 0.0 15.0
-4.4231224 72.99451 1.185172166 0.0 15.0
-4.4231224 72.99451 1.185172167 0.0 16.0
-6.4759007 77.3366 2.370344267 0.0 16.0
-4.4231224 72.99451 1.185172168 0.0 16.0
-4.4231224 77.94145 1.185172168 0.0 16.0
-4.4231224 68.04756 1.185172169 0.0 15.0
-6.7934666 72.389656 1.185172169 0.0 15.0
-6.7934666 72.389656 1.185172170 0.0 16.0
-10.397042 75.06509 3.265697770 0.0 16.0
-6.7934666 72.389656 1.185172171 0.0 16.0
-9.163811 76.73175 1.185172171 0.0 16.0
0.0 59.363377 0.072 2.0 13.0
0.0 64.310326 0.072 2.0 13.0
0.0 64.310326 0.073 0.0 14.0
-2.0527782 68.65242 1.185172173 0.0 14.0
0.0 64.310326 0.074 1.0 14.0
0.0 69.25727 0.074 1.0 14.0
0.0 69.25727 0.075 0.0 15.0
2.0527782 73.599365 -1.185172175 0.0 15.0
2.0527782 73.599365 -1.185172176 0.0 16.0
2.0527782 78.54631 -1.185172176 0.0 16.0
2.0527782 73.599365 -1.185172177 0.0 16.0
4.4231224 77.94146 -1.185172177 0.0 16.0
0.0 69.25727 0.078 0.0 15.0
0.0 74.204216 0.078 0.0 15.0
0.0 74.204216 0.079 0.0 16.0
-2.0527782 78.54631 1.185172179 0.0 16.0
0.0 74.204216 0.080 0.0 16.0
0.0 79.15116 0.080 0.0 16.0
