0.0 0.0 0.00 60.0 1.0
0.0 1.0417536 0.00 60.0 1.0
0.0 1.0417536 0.01 59.0 2.0
0.0 2.0835073 0.01 59.0 2.0
0.0 2.0835073 0.02 58.0 3.0
0.0 3.1252608 0.02 58.0 3.0
0.0 3.1252608 0.03 57.0 4.0
0.0 4.1670146 0.03 57.0 4.0
0.0 4.1670146 0.04 56.0 5.0
0.0 5.2087684 0.04 56.0 5.0
0.0 5.2087684 0.05 55.0 6.0
0.0 6.250522 0.05 55.0 6.0
0.0 6.250522 0.06 54.0 7.0
0.0 7.292276 0.06 54.0 7.0
0.0 7.292276 0.07 53.0 8.0
0.0 8.334029 0.07 53.0 8.0
0.0 8.334029 0.08 52.0 9.0
0.0 9.375783 0.08 52.0 9.0
0.0 9.375783 0.09 51.0 10.0
0.0 10.417537 0.09 51.0 10.0
0.0 10.417537 0.010 50.0 11.0
0.0 11.4592905 0.010 50.0 11.0
0.0 11.4592905 0.011 49.0 12.0
0.0 12.501044 0.011 49.0 12.0
0.0 12.501044 0.012 48.0 13.0
0.0 13.542798 0.012 48.0 13.0
0.0 13.542798 0.013 47.0 14.0
0.0 14.584552 0.013 47.0 14.0
0.0 14.584552 0.014 46.0 15.0
0.0 15.626306 0.014 46.0 15.0
0.0 15.626306 0.015 45.0 16.0
0.0 16.668058 0.015 45.0 16.0
0.0 16.668058 0.016 28.0 17.0
0.5444914 17.498693 -0.3143622616 28.0 17.0
0.5444914 17.498693 -0.3143622617 27.0 18.0
1.0889828 18.329329 -0.628724517 27.0 18.0
1.0889828 18.329329 -0.628724518 26.0 19.0
1.6334742 19.159964 -0.9430867418 26.0 19.0
1.6334742 19.159964 -0.9430867419 25.0 20.0
2.1779656 19.990599 -1.25744919 25.0 20.0
2.1779656 19.990599 -1.25744920 24.0 21.0
2.722457 20.821234 -1.571811320 24.0 21.0
2.722457 20.821234 -1.571811321 23.0 22.0
3.2669482 21.651869 -1.886173621 23.0 22.0
3.2669482 21.651869 -1.886173622 22.0 23.0
3.8114395 22.482504 -2.200535822 22.0 23.0
3.8114395 22.482504 -2.200535823 21.0 24.0
4.355931 23.313139 -2.51489823 21.0 24.0
4.355931 23.313139 -2.51489824 12.0 25.0
4.355931 24.354893 -2.51489824 12.0 25.0
4.355931 24.354893 -2.51489825 11.0 26.0
4.355931 25.396646 -2.51489825 11.0 26.0
4.355931 25.396646 -2.51489826 10.0 27.0
4.355931 26.4384 -2.51489826 10.0 27.0
4.355931 26.4384 -2.51489827 9.0 28.0
4.355931 27.480154 -2.51489827 9.0 28.0
4.355931 27.480154 -2.51489828 4.0 29.0
3.8114395 28.31079 -2.200535828 4.0 29.0
3.8114395 28.31079 -2.200535829 3.0 30.0
3.2669482 29.141424 -1.886173529 3.0 30.0
3.2669482 29.141424 -1.886173530 0.0 31.0
2.3986545 29.424276 -1.384863930 0.0 31.0
2.3986545 29.424276 -1.384863931 0.0 32.0
1.3960351 29.707129 -1.384863931 0.0 32.0
3.2669482 29.141424 -1.886173532 2.0 31.0
2.6382236 29.97206 -1.886173532 2.0 31.0
2.6382236 29.97206 -1.886173533 1.0 32.0
2.009499 30.802694 -1.886173533 1.0 32.0
2.009499 30.802694 -1.886173534 0.0 33.0
2.009499 31.844448 -1.886173534 0.0 33.0
2.009499 31.844448 -1.886173535 0.0 34.0
2.009499 32.8862 -1.886173535 0.0 34.0
2.009499 30.802694 -1.886173536 0.0 33.0
1.0068797 31.085546 -1.886173536 0.0 33.0
1.0068797 31.085546 -1.886173537 0.0 34.0
0.0042603016 31.368399 -1.886173537 0.0 34.0
4.355931 27.480154 -2.51489838 8.0 29.0
4.355931 28.521908 -2.51489838 8.0 29.0
4.355931 28.521908 -2.51489839 7.0 30.0
4.355931 29.563662 -2.51489839 7.0 30.0
4.355931 29.563662 -2.51489840 6.0 31.0
4.355931 30.605415 -2.51489840 6.0 31.0
4.355931 30.605415 -2.51489841 5.0 32.0
4.355931 31.64717 -2.51489841 5.0 32.0
4.355931 31.64717 -2.51489842 4.0 33.0
4.900422 32.477806 -2.829260342 4.0 33.0
4.900422 32.477806 -2.829260343 3.0 34.0
5.4449134 33.30844 -3.143622643 3.0 34.0
5.4449134 33.30844 -3.143622644 0.0 35.0
5.4449134 34.350193 -3.143622644 0.0 35.0
5.4449134 34.350193 -3.143622645 0.0 36.0
5.4449134 35.391945 -3.143622645 0.0 36.0
5.4449134 33.30844 -3.143622646 2.0 35.0
6.073638 34.139076 -3.143622646 2.0 35.0
6.073638 34.139076 -3.143622647 1.0 36.0
6.7023625 34.96971 -3.143622647 1.0 36.0
6.7023625 34.96971 -3.143622648 0.0 37.0
7.5706563 35.252563 -3.644932348 0.0 37.0
7.5706563 35.252563 -3.644932349 0.0 38.0
8.573276 35.535416 -3.644932349 0.0 38.0
6.7023625 34.96971 -3.143622650 0.0 37.0
6.7023625 36.011463 -3.143622650 0.0 37.0
6.7023625 36.011463 -3.143622651 0.0 38.0
6.7023625 37.053215 -3.143622651 0.0 38.0
4.355931 31.64717 -2.51489852 4.0 33.0
3.7272062 32.477806 -2.51489852 4.0 33.0
3.7272062 32.477806 -2.51489853 3.0 34.0
3.0984817 33.30844 -2.51489853 3.0 34.0
3.0984817 33.30844 -2.51489854 0.0 35.0
2.230188 33.591293 -2.013588454 0.0 35.0
2.230188 33.591293 -2.013588455 0.0 36.0
1.2275685 33.874146 -2.013588455 0.0 36.0
3.0984817 33.30844 -2.51489856 2.0 35.0
2.469757 34.139076 -2.51489856 2.0 35.0
2.469757 34.139076 -2.51489857 1.0 36.0
1.8410325 34.96971 -2.51489857 1.0 36.0
1.8410325 34.96971 -2.51489858 0.0 37.0
1.8410325 36.011463 -2.51489858 0.0 37.0
1.8410325 36.011463 -2.51489859 0.0 38.0
1.8410325 37.053215 -2.51489859 0.0 38.0
1.8410325 34.96971 -2.51489860 0.0 37.0
0.8384131 35.252563 -2.51489860 0.0 37.0
0.8384131 35.252563 -2.51489861 0.0 38.0
-0.16420627 35.535416 -2.51489861 0.0 38.0
4.355931 23.313139 -2.51489862 20.0 25.0
4.9846554 24.143774 -2.51489862 20.0 25.0
4.9846554 24.143774 -2.51489863 19.0 26.0
5.61338 24.97441 -2.51489863 19.0 26.0
5.61338 24.97441 -2.51489864 18.0 27.0
6.2421045 25.805044 -2.51489864 18.0 27.0
6.2421045 25.805044 -2.51489865 17.0 28.0
6.870829 26.63568 -2.51489865 17.0 28.0
6.870829 26.63568 -2.51489866 16.0 29.0
7.4995537 27.466314 -2.51489866 16.0 29.0
7.4995537 27.466314 -2.51489867 15.0 30.0
8.128278 28.29695 -2.51489867 15.0 30.0
8.128278 28.29695 -2.51489868 14.0 31.0
8.757002 29.127584 -2.51489868 14.0 31.0
8.757002 29.127584 -2.51489869 13.0 32.0
9.385726 29.95822 -2.51489869 13.0 32.0
9.385726 29.95822 -2.51489870 12.0 33.0
10.25402 30.241072 -3.016207770 12.0 33.0
10.25402 30.241072 -3.016207771 11.0 34.0
11.1223135 30.523924 -3.517517371 11.0 34.0
11.1223135 30.523924 -3.517517372 10.0 35.0
11.990607 30.806776 -4.01882772 10.0 35.0
11.990607 30.806776 -4.01882773 9.0 36.0
12.858901 31.089628 -4.52013773 9.0 36.0
12.858901 31.089628 -4.52013774 4.0 37.0
13.403393 31.920263 -4.83449974 4.0 37.0
13.403393 31.920263 -4.83449975 3.0 38.0
13.947885 32.7509 -5.14886175 3.0 38.0
13.947885 32.7509 -5.14886176 0.0 39.0
13.947885 33.792652 -5.14886176 0.0 39.0
13.947885 33.792652 -5.14886177 0.0 40.0
13.947885 34.834404 -5.14886177 0.0 40.0
13.947885 32.7509 -5.14886178 2.0 39.0
14.576609 33.581535 -5.14886178 2.0 39.0
14.576609 33.581535 -5.14886179 1.0 40.0
15.205333 34.41217 -5.14886179 1.0 40.0
15.205333 34.41217 -5.14886180 0.0 41.0
16.073627 34.695023 -5.65017180 0.0 41.0
16.073627 34.695023 -5.65017181 0.0 42.0
17.076246 34.977875 -5.65017181 0.0 42.0
15.205333 34.41217 -5.14886182 0.0 41.0
15.205333 35.453922 -5.14886182 0.0 41.0
15.205333 35.453922 -5.14886183 0.0 42.0
15.205333 36.495674 -5.14886183 0.0 42.0
12.858901 31.089628 -4.52013784 8.0 37.0
13.861521 31.37248 -4.52013784 8.0 37.0
13.861521 31.37248 -4.52013785 7.0 38.0
14.8641405 31.655333 -4.52013785 7.0 38.0
14.8641405 31.655333 -4.52013786 6.0 39.0
15.86676 31.938185 -4.52013786 6.0 39.0
15.86676 31.938185 -4.52013787 5.0 40.0
16.869379 32.221035 -4.52013787 5.0 40.0
16.869379 32.221035 -4.52013788 4.0 41.0
17.709545 31.84146 -5.00520788 4.0 41.0
17.709545 31.84146 -5.00520789 3.0 42.0
18.549711 31.461884 -5.490277389 3.0 42.0
18.549711 31.461884 -5.490277390 0.0 43.0
19.418005 31.744736 -5.99158790 0.0 43.0
19.418005 31.744736 -5.99158791 0.0 44.0
20.420624 32.027588 -5.99158791 0.0 44.0
18.549711 31.461884 -5.490277392 2.0 43.0
19.519852 31.082308 -5.490277392 2.0 43.0
19.519852 31.082308 -5.490277393 1.0 44.0
20.489992 30.702732 -5.490277393 1.0 44.0
20.489992 30.702732 -5.490277394 0.0 45.0
20.961502 29.814575 -5.76250394 0.0 45.0
20.961502 29.814575 -5.76250395 0.0 46.0
21.505955 28.926418 -5.76250395 0.0 46.0
20.489992 30.702732 -5.490277396 0.0 45.0
21.49261 30.985584 -5.490277396 0.0 45.0
21.49261 30.985584 -5.490277397 0.0 46.0
22.49523 31.268436 -5.490277397 0.0 46.0
16.869379 32.221035 -4.52013798 4.0 41.0
17.498104 33.05167 -4.52013798 4.0 41.0
17.498104 33.05167 -4.52013799 3.0 42.0
18.12683 33.882305 -4.52013799 3.0 42.0
18.12683 33.882305 -4.520137100 0.0 43.0
18.12683 34.924057 -4.520137100 0.0 43.0
18.12683 34.924057 -4.520137101 0.0 44.0
18.12683 35.96581 -4.520137101 0.0 44.0
18.12683 33.882305 -4.520137102 2.0 43.0
18.755554 34.71294 -4.520137102 2.0 43.0
18.755554 34.71294 -4.520137103 1.0 44.0
19.38428 35.543575 -4.520137103 1.0 44.0
19.38428 35.543575 -4.520137104 0.0 45.0
20.252573 35.826427 -5.0214467104 0.0 45.0
20.252573 35.826427 -5.0214467105 0.0 46.0
21.255192 36.10928 -5.0214467105 0.0 46.0
19.38428 35.543575 -4.520137106 0.0 45.0
19.38428 36.585327 -4.520137106 0.0 45.0
19.38428 36.585327 -4.520137107 0.0 46.0
19.38428 37.62708 -4.520137107 0.0 46.0
9.385726 29.95822 -2.514898108 12.0 33.0
9.385726 30.999973 -2.514898108 12.0 33.0
9.385726 30.999973 -2.514898109 11.0 34.0
9.385726 32.041725 -2.514898109 11.0 34.0
9.385726 32.041725 -2.514898110 10.0 35.0
9.385726 33.083477 -2.514898110 10.0 35.0
9.385726 33.083477 -2.514898111 9.0 36.0
9.385726 34.12523 -2.514898111 9.0 36.0
9.385726 34.12523 -2.514898112 4.0 37.0
8.841234 34.955864 -2.2005358112 4.0 37.0
8.841234 34.955864 -2.2005358113 3.0 38.0
8.296742 35.7865 -1.8861735113 3.0 38.0
8.296742 35.7865 -1.8861735114 0.0 39.0
7.4284487 36.06935 -1.3848639114 0.0 39.0
7.4284487 36.06935 -1.3848639115 0.0 40.0
6.4258294 36.352203 -1.3848639115 0.0 40.0
8.296742 35.7865 -1.8861735116 2.0 39.0
7.668018 36.617134 -1.8861735116 2.0 39.0
7.668018 36.617134 -1.8861735117 1.0 40.0
7.0392933 37.44777 -1.8861735117 1.0 40.0
7.0392933 37.44777 -1.8861735118 0.0 41.0
7.0392933 38.48952 -1.8861735118 0.0 41.0
7.0392933 38.48952 -1.8861735119 0.0 42.0
7.0392933 39.531273 -1.8861735119 0.0 42.0
7.0392933 37.44777 -1.8861735120 0.0 41.0
6.036674 37.73062 -1.8861735120 0.0 41.0
6.036674 37.73062 -1.8861735121 0.0 42.0
5.0340548 38.013474 -1.8861735121 0.0 42.0
9.385726 34.12523 -2.514898122 8.0 37.0
9.385726 35.16698 -2.514898122 8.0 37.0
9.385726 35.16698 -2.514898123 7.0 38.0
9.385726 36.208733 -2.514898123 7.0 38.0
9.385726 36.208733 -2.514898124 6.0 39.0
9.385726 37.250484 -2.514898124 6.0 39.0
9.385726 37.250484 -2.514898125 5.0 40.0
9.385726 38.292236 -2.514898125 5.0 40.0
9.385726 38.292236 -2.514898126 4.0 41.0
9.930218 39.12287 -2.8292603126 4.0 41.0
9.930218 39.12287 -2.8292603127 3.0 42.0
10.4747095 39.953506 -3.1436226127 3.0 42.0
10.4747095 39.953506 -3.1436226128 0.0 43.0
10.4747095 40.99526 -3.1436226128 0.0 43.0
10.4747095 40.99526 -3.1436226129 0.0 44.0
10.4747095 42.03701 -3.1436226129 0.0 44.0
10.4747095 39.953506 -3.1436226130 2.0 43.0
11.103434 40.78414 -3.1436226130 2.0 43.0
11.103434 40.78414 -3.1436226131 1.0 44.0
11.732158 41.614777 -3.1436226131 1.0 44.0
11.732158 41.614777 -3.1436226132 0.0 45.0
12.600451 41.89763 -3.6449323132 0.0 45.0
12.600451 41.89763 -3.6449323133 0.0 46.0
13.603071 42.18048 -3.6449323133 0.0 46.0
11.732158 41.614777 -3.1436226134 0.0 45.0
11.732158 42.65653 -3.1436226134 0.0 45.0
11.732158 42.65653 -3.1436226135 0.0 46.0
11.732158 43.69828 -3.1436226135 0.0 46.0
9.385726 38.292236 -2.514898136 4.0 41.0
8.757002 39.12287 -2.514898136 4.0 41.0
8.757002 39.12287 -2.514898137 3.0 42.0
8.128278 39.953506 -2.514898137 3.0 42.0
8.128278 39.953506 -2.514898138 0.0 43.0
7.259984 40.23636 -2.0135884138 0.0 43.0
7.259984 40.23636 -2.0135884139 0.0 44.0
6.2573647 40.51921 -2.0135884139 0.0 44.0
8.128278 39.953506 -2.514898140 2.0 43.0
7.499553 40.78414 -2.514898140 2.0 43.0
7.499553 40.78414 -2.514898141 1.0 44.0
6.8708286 41.614777 -2.514898141 1.0 44.0
6.8708286 41.614777 -2.514898142 0.0 45.0
6.8708286 42.65653 -2.514898142 0.0 45.0
6.8708286 42.65653 -2.514898143 0.0 46.0
6.8708286 43.69828 -2.514898143 0.0 46.0
6.8708286 41.614777 -2.514898144 0.0 45.0
5.8682094 41.89763 -2.514898144 0.0 45.0
5.8682094 41.89763 -2.514898145 0.0 46.0
4.86559 42.18048 -2.514898145 0.0 46.0
0.0 16.668058 0.0146 44.0 17.0
0.0 17.709812 0.0146 44.0 17.0
0.0 17.709812 0.0147 43.0 18.0
0.0 18.751566 0.0147 43.0 18.0
0.0 18.751566 0.0148 42.0 19.0
0.0 19.79332 0.0148 42.0 19.0
0.0 19.79332 0.0149 41.0 20.0
0.0 20.835073 0.0149 41.0 20.0
0.0 20.835073 0.0150 40.0 21.0
0.0 21.876827 0.0150 40.0 21.0
0.0 21.876827 0.0151 39.0 22.0
0.0 22.918581 0.0151 39.0 22.0
0.0 22.918581 0.0152 38.0 23.0
0.0 23.960335 0.0152 38.0 23.0
0.0 23.960335 0.0153 37.0 24.0
0.0 25.002089 0.0153 37.0 24.0
0.0 25.002089 0.0154 36.0 25.0
0.0 26.043842 0.0154 36.0 25.0
0.0 26.043842 0.0155 35.0 26.0
0.0 27.085596 0.0155 35.0 26.0
0.0 27.085596 0.0156 34.0 27.0
0.0 28.12735 0.0156 34.0 27.0
0.0 28.12735 0.0157 33.0 28.0
0.0 29.169104 0.0157 33.0 28.0
0.0 29.169104 0.0158 32.0 29.0
0.0 30.210857 0.0158 32.0 29.0
0.0 30.210857 0.0159 31.0 30.0
0.0 31.252611 0.0159 31.0 30.0
0.0 31.252611 0.0160 30.0 31.0
0.0 32.294365 0.0160 30.0 31.0
0.0 32.294365 0.0161 29.0 32.0
0.0 33.336117 0.0161 29.0 32.0
0.0 33.336117 0.0162 28.0 33.0
0.5444914 34.16675 -0.31436226162 28.0 33.0
0.5444914 34.16675 -0.31436226163 27.0 34.0
1.0889828 34.997387 -0.6287245163 27.0 34.0
1.0889828 34.997387 -0.6287245164 26.0 35.0
1.6334742 35.828022 -0.94308674164 26.0 35.0
1.6334742 35.828022 -0.94308674165 25.0 36.0
2.1779656 36.658657 -1.257449165 25.0 36.0
2.1779656 36.658657 -1.257449166 24.0 37.0
2.722457 37.489292 -1.5718113166 24.0 37.0
2.722457 37.489292 -1.5718113167 23.0 38.0
3.2669482 38.319927 -1.8861736167 23.0 38.0
3.2669482 38.319927 -1.8861736168 22.0 39.0
3.8114395 39.150562 -2.2005358168 22.0 39.0
3.8114395 39.150562 -2.2005358169 21.0 40.0
4.355931 39.981197 -2.514898169 21.0 40.0
4.355931 39.981197 -2.514898170 12.0 41.0
4.355931 41.02295 -2.514898170 12.0 41.0
4.355931 41.02295 -2.514898171 11.0 42.0
4.355931 42.0647 -2.514898171 11.0 42.0
4.355931 42.0647 -2.514898172 10.0 43.0
4.355931 43.106453 -2.514898172 10.0 43.0
4.355931 43.106453 -2.514898173 9.0 44.0
4.355931 44.148205 -2.514898173 9.0 44.0
4.355931 44.148205 -2.514898174 4.0 45.0
3.8114395 44.97884 -2.2005358174 4.0 45.0
3.8114395 44.97884 -2.2005358175 3.0 46.0
3.2669482 45.809475 -1.8861735175 3.0 46.0
3.2669482 45.809475 -1.8861735176 0.0 47.0
2.3986545 46.092327 -1.3848639176 0.0 47.0
2.3986545 46.092327 -1.3848639177 0.0 48.0
1.3960351 46.37518 -1.3848639177 0.0 48.0
3.2669482 45.809475 -1.8861735178 2.0 47.0
2.6382236 46.64011 -1.8861735178 2.0 47.0
2.6382236 46.64011 -1.8861735179 1.0 48.0
2.009499 47.470745 -1.8861735179 1.0 48.0
2.009499 47.470745 -1.8861735180 0.0 49.0
2.009499 48.512497 -1.8861735180 0.0 49.0
2.009499 48.512497 -1.8861735181 0.0 50.0
2.009499 49.55425 -1.8861735181 0.0 50.0
2.009499 47.470745 -1.8861735182 0.0 49.0
1.0068797 47.753597 -1.8861735182 0.0 49.0
1.0068797 47.753597 -1.8861735183 0.0 50.0
0.0042603016 48.03645 -1.8861735183 0.0 50.0
4.355931 44.148205 -2.514898184 8.0 45.0
4.355931 45.189957 -2.514898184 8.0 45.0
4.355931 45.189957 -2.514898185 7.0 46.0
4.355931 46.23171 -2.514898185 7.0 46.0
4.355931 46.23171 -2.514898186 6.0 47.0
4.355931 47.27346 -2.514898186 6.0 47.0
4.355931 47.27346 -2.514898187 5.0 48.0
4.355931 48.315212 -2.514898187 5.0 48.0
4.355931 48.315212 -2.514898188 4.0 49.0
4.900422 49.145847 -2.8292603188 4.0 49.0
4.900422 49.145847 -2.8292603189 3.0 50.0
5.4449134 49.976482 -3.1436226189 3.0 50.0
5.4449134 49.976482 -3.1436226190 0.0 51.0
5.4449134 51.018234 -3.1436226190 0.0 51.0
5.4449134 51.018234 -3.1436226191 0.0 52.0
5.4449134 52.059986 -3.1436226191 0.0 52.0
5.4449134 49.976482 -3.1436226192 2.0 51.0
6.073638 50.807117 -3.1436226192 2.0 51.0
6.073638 50.807117 -3.1436226193 1.0 52.0
6.7023625 51.637753 -3.1436226193 1.0 52.0
6.7023625 51.637753 -3.1436226194 0.0 53.0
7.5706563 51.920605 -3.6449323194 0.0 53.0
7.5706563 51.920605 -3.6449323195 0.0 54.0
8.573276 52.203457 -3.6449323195 0.0 54.0
6.7023625 51.637753 -3.1436226196 0.0 53.0
6.7023625 52.679504 -3.1436226196 0.0 53.0
6.7023625 52.679504 -3.1436226197 0.0 54.0
6.7023625 53.721256 -3.1436226197 0.0 54.0
4.355931 48.315212 -2.514898198 4.0 49.0
3.7272062 49.145847 -2.514898198 4.0 49.0
3.7272062 49.145847 -2.514898199 3.0 50.0
3.0984817 49.976482 -2.514898199 3.0 50.0
3.0984817 49.976482 -2.514898200 0.0 51.0
2.230188 50.259335 -2.0135884200 0.0 51.0
2.230188 50.259335 -2.0135884201 0.0 52.0
1.2275685 50.542187 -2.0135884201 0.0 52.0
3.0984817 49.976482 -2.514898202 2.0 51.0
2.469757 50.807117 -2.514898202 2.0 51.0
2.469757 50.807117 -2.514898203 1.0 52.0
1.8410325 51.637753 -2.514898203 1.0 52.0
1.8410325 51.637753 -2.514898204 0.0 53.0
1.8410325 52.679504 -2.514898204 0.0 53.0
1.8410325 52.679504 -2.514898205 0.0 54.0
1.8410325 53.721256 -2.514898205 0.0 54.0
1.8410325 51.637753 -2.514898206 0.0 53.0
0.8384131 51.920605 -2.514898206 0.0 53.0
0.8384131 51.920605 -2.514898207 0.0 54.0
-0.16420627 52.203457 -2.514898207 0.0 54.0
4.355931 39.981197 -2.514898208 20.0 41.0
4.9846554 40.811832 -2.514898208 20.0 41.0
4.9846554 40.811832 -2.514898209 19.0 42.0
5.61338 41.642467 -2.514898209 19.0 42.0
5.61338 41.642467 -2.514898210 18.0 43.0
6.2421045 42.473103 -2.514898210 18.0 43.0
6.2421045 42.473103 -2.514898211 17.0 44.0
6.870829 43.303738 -2.514898211 17.0 44.0
6.870829 43.303738 -2.514898212 16.0 45.0
7.4995537 44.134373 -2.514898212 16.0 45.0
7.4995537 44.134373 -2.514898213 15.0 46.0
8.128278 44.965008 -2.514898213 15.0 46.0
8.128278 44.965008 -2.514898214 14.0 47.0
8.757002 45.795643 -2.514898214 14.0 47.0
8.757002 45.795643 -2.514898215 13.0 48.0
9.385726 46.626278 -2.514898215 13.0 48.0
9.385726 46.626278 -2.514898216 12.0 49.0
10.25402 46.90913 -3.0162077216 12.0 49.0
10.25402 46.90913 -3.0162077217 11.0 50.0
11.1223135 47.191982 -3.5175173217 11.0 50.0
11.1223135 47.191982 -3.5175173218 10.0 51.0
11.990607 47.474834 -4.018827218 10.0 51.0
11.990607 47.474834 -4.018827219 9.0 52.0
12.858901 47.757687 -4.520137219 9.0 52.0
12.858901 47.757687 -4.520137220 4.0 53.0
13.403393 48.58832 -4.834499220 4.0 53.0
13.403393 48.58832 -4.834499221 3.0 54.0
13.947885 49.418957 -5.148861221 3.0 54.0
13.947885 49.418957 -5.148861222 0.0 55.0
13.947885 50.46071 -5.148861222 0.0 55.0
13.947885 50.46071 -5.148861223 0.0 56.0
13.947885 51.50246 -5.148861223 0.0 56.0
13.947885 49.418957 -5.148861224 2.0 55.0
14.576609 50.24959 -5.148861224 2.0 55.0
14.576609 50.24959 -5.148861225 1.0 56.0
15.205333 51.080227 -5.148861225 1.0 56.0
15.205333 51.080227 -5.148861226 0.0 57.0
16.073627 51.36308 -5.650171226 0.0 57.0
16.073627 51.36308 -5.650171227 0.0 58.0
17.076246 51.64593 -5.650171227 0.0 58.0
15.205333 51.080227 -5.148861228 0.0 57.0
15.205333 52.12198 -5.148861228 0.0 57.0
15.205333 52.12198 -5.148861229 0.0 58.0
15.205333 53.16373 -5.148861229 0.0 58.0
12.858901 47.757687 -4.520137230 8.0 53.0
13.861521 48.04054 -4.520137230 8.0 53.0
13.861521 48.04054 -4.520137231 7.0 54.0
14.8641405 48.32339 -4.520137231 7.0 54.0
14.8641405 48.32339 -4.520137232 6.0 55.0
15.86676 48.606243 -4.520137232 6.0 55.0
15.86676 48.606243 -4.520137233 5.0 56.0
16.869379 48.889095 -4.520137233 5.0 56.0
16.869379 48.889095 -4.520137234 4.0 57.0
17.709545 48.509518 -5.005207234 4.0 57.0
17.709545 48.509518 -5.005207235 3.0 58.0
18.549711 48.12994 -5.4902773235 3.0 58.0
18.549711 48.12994 -5.4902773236 0.0 59.0
19.418005 48.412792 -5.991587236 0.0 59.0
19.418005 48.412792 -5.991587237 0.0 60.0
20.420624 48.695644 -5.991587237 0.0 60.0
18.549711 48.12994 -5.4902773238 2.0 59.0
19.519852 47.750362 -5.4902773238 2.0 59.0
19.519852 47.750362 -5.4902773239 1.0 60.0
20.489992 47.370785 -5.4902773239 1.0 60.0
20.489992 47.370785 -5.4902773240 0.0 61.0
20.961502 46.482628 -5.762503240 0.0 61.0
20.961502 46.482628 -5.762503241 0.0 62.0
21.505955 45.59447 -5.762503241 0.0 62.0
20.489992 47.370785 -5.4902773242 0.0 61.0
21.49261 47.653637 -5.4902773242 0.0 61.0
21.49261 47.653637 -5.4902773243 0.0 62.0
22.49523 47.93649 -5.4902773243 0.0 62.0
16.869379 48.889095 -4.520137244 4.0 57.0
17.498104 49.71973 -4.520137244 4.0 57.0
17.498104 49.71973 -4.520137245 3.0 58.0
18.12683 50.550365 -4.520137245 3.0 58.0
18.12683 50.550365 -4.520137246 0.0 59.0
18.12683 51.592117 -4.520137246 0.0 59.0
18.12683 51.592117 -4.520137247 0.0 60.0
18.12683 52.63387 -4.520137247 0.0 60.0
18.12683 50.550365 -4.520137248 2.0 59.0
18.755554 51.381 -4.520137248 2.0 59.0
18.755554 51.381 -4.520137249 1.0 60.0
19.38428 52.211636 -4.520137249 1.0 60.0
19.38428 52.211636 -4.520137250 0.0 61.0
20.252573 52.494488 -5.0214467250 0.0 61.0
20.252573 52.494488 -5.0214467251 0.0 62.0
21.255192 52.77734 -5.0214467251 0.0 62.0
19.38428 52.211636 -4.520137252 0.0 61.0
19.38428 53.253387 -4.520137252 0.0 61.0
19.38428 53.253387 -4.520137253 0.0 62.0
19.38428 54.29514 -4.520137253 0.0 62.0
9.385726 46.626278 -2.514898254 12.0 49.0
9.385726 47.66803 -2.514898254 12.0 49.0
9.385726 47.66803 -2.514898255 11.0 50.0
9.385726 48.70978 -2.514898255 11.0 50.0
9.385726 48.70978 -2.514898256 10.0 51.0
9.385726 49.751534 -2.514898256 10.0 51.0
9.385726 49.751534 -2.514898257 9.0 52.0
9.385726 50.793285 -2.514898257 9.0 52.0
9.385726 50.793285 -2.514898258 4.0 53.0
8.841234 51.62392 -2.2005358258 4.0 53.0
8.841234 51.62392 -2.2005358259 3.0 54.0
8.296742 52.454556 -1.8861735259 3.0 54.0
8.296742 52.454556 -1.8861735260 0.0 55.0
7.4284487 52.737408 -1.3848639260 0.0 55.0
7.4284487 52.737408 -1.3848639261 0.0 56.0
6.4258294 53.02026 -1.3848639261 0.0 56.0
8.296742 52.454556 -1.8861735262 2.0 55.0
7.668018 53.28519 -1.8861735262 2.0 55.0
7.668018 53.28519 -1.8861735263 1.0 56.0
7.0392933 54.115826 -1.8861735263 1.0 56.0
7.0392933 54.115826 -1.8861735264 0.0 57.0
7.0392933 55.157578 -1.8861735264 0.0 57.0
7.0392933 55.157578 -1.8861735265 0.0 58.0
7.0392933 56.19933 -1.8861735265 0.0 58.0
7.0392933 54.115826 -1.8861735266 0.0 57.0
6.036674 54.398678 -1.8861735266 0.0 57.0
6.036674 54.398678 -1.8861735267 0.0 58.0
5.0340548 54.68153 -1.8861735267 0.0 58.0
9.385726 50.793285 -2.514898268 8.0 53.0
9.385726 51.835037 -2.514898268 8.0 53.0
9.385726 51.835037 -2.514898269 7.0 54.0
9.385726 52.87679 -2.514898269 7.0 54.0
9.385726 52.87679 -2.514898270 6.0 55.0
9.385726 53.91854 -2.514898270 6.0 55.0
9.385726 53.91854 -2.514898271 5.0 56.0
9.385726 54.960293 -2.514898271 5.0 56.0
9.385726 54.960293 -2.514898272 4.0 57.0
9.930218 55.790928 -2.8292603272 4.0 57.0
9.930218 55.790928 -2.8292603273 3.0 58.0
10.4747095 56.621563 -3.1436226273 3.0 58.0
10.4747095 56.621563 -3.1436226274 0.0 59.0
10.4747095 57.663315 -3.1436226274 0.0 59.0
10.4747095 57.663315 -3.1436226275 0.0 60.0
10.4747095 58.705067 -3.1436226275 0.0 60.0
10.4747095 56.621563 -3.1436226276 2.0 59.0
11.103434 57.452198 -3.1436226276 2.0 59.0
11.103434 57.452198 -3.1436226277 1.0 60.0
11.732158 58.282833 -3.1436226277 1.0 60.0
11.732158 58.282833 -3.1436226278 0.0 61.0
12.600451 58.565685 -3.6449323278 0.0 61.0
12.600451 58.565685 -3.6449323279 0.0 62.0
13.603071 58.848537 -3.6449323279 0.0 62.0
11.732158 58.282833 -3.1436226280 0.0 61.0
11.732158 59.324585 -3.1436226280 0.0 61.0
11.732158 59.324585 -3.1436226281 0.0 62.0
11.732158 60.366337 -3.1436226281 0.0 62.0
9.385726 54.960293 -2.514898282 4.0 57.0
8.757002 55.790928 -2.514898282 4.0 57.0
8.757002 55.790928 -2.514898283 3.0 58.0
8.128278 56.621563 -2.514898283 3.0 58.0
8.128278 56.621563 -2.514898284 0.0 59.0
7.259984 56.904415 -2.0135884284 0.0 59.0
7.259984 56.904415 -2.0135884285 0.0 60.0
6.2573647 57.187267 -2.0135884285 0.0 60.0
8.128278 56.621563 -2.514898286 2.0 59.0
7.499553 57.452198 -2.514898286 2.0 59.0
7.499553 57.452198 -2.514898287 1.0 60.0
6.8708286 58.282833 -2.514898287 1.0 60.0
6.8708286 58.282833 -2.514898288 0.0 61.0
6.8708286 59.324585 -2.514898288 0.0 61.0
6.8708286 59.324585 -2.514898289 0.0 62.0
6.8708286 60.366337 -2.514898289 0.0 62.0
6.8708286 58.282833 -2.514898290 0.0 61.0
5.8682094 58.565685 -2.514898290 0.0 61.0
5.8682094 58.565685 -2.514898291 0.0 62.0
4.86559 58.848537 -2.514898291 0.0 62.0
0.0 33.336117 0.0292 28.0 33.0
-0.6287245 34.16675 0.0292 28.0 33.0
-0.6287245 34.16675 0.0293 27.0 34.0
-1.257449 34.997387 0.0293 27.0 34.0
-1.257449 34.997387 0.0294 26.0 35.0
-1.8861735 35.828022 0.0294 26.0 35.0
-1.8861735 35.828022 0.0295 25.0 36.0
-2.514898 36.658657 0.0295 25.0 36.0
-2.514898 36.658657 0.0296 24.0 37.0
-3.1436226 37.489292 0.0296 24.0 37.0
-3.1436226 37.489292 0.0297 23.0 38.0
-3.7723472 38.319927 0.0297 23.0 38.0
-3.7723472 38.319927 0.0298 22.0 39.0
-4.4010715 39.150562 0.0298 22.0 39.0
-4.4010715 39.150562 0.0299 21.0 40.0
-5.029796 39.981197 0.0299 21.0 40.0
-5.029796 39.981197 0.0300 12.0 41.0
-5.89809 40.26405 0.5013097300 12.0 41.0
-5.89809 40.26405 0.5013097301 11.0 42.0
-6.7663836 40.5469 1.0026194301 11.0 42.0
-6.7663836 40.5469 1.0026194302 10.0 43.0
-7.6346774 40.829754 1.5039291302 10.0 43.0
-7.6346774 40.829754 1.5039291303 9.0 44.0
-8.502972 41.112606 2.0052388303 9.0 44.0
-8.502972 41.112606 2.0052388304 4.0 45.0
-9.343138 40.73303 2.490309304 4.0 45.0
-9.343138 40.73303 2.490309305 3.0 46.0
-10.183304 40.35345 2.9753792305 3.0 46.0
-10.183304 40.35345 2.9753792306 0.0 47.0
-10.654813 39.465294 3.2476053306 0.0 47.0
-10.654813 39.465294 3.2476053307 0.0 48.0
-11.199265 38.577137 3.2476053307 0.0 48.0
-10.183304 40.35345 2.9753792308 2.0 47.0
-11.153444 39.973873 2.9753792308 2.0 47.0
-11.153444 39.973873 2.9753792309 1.0 48.0
-12.123585 39.594296 2.9753792309 1.0 48.0
-12.123585 39.594296 2.9753792310 0.0 49.0
-12.9918785 39.877148 3.4766889310 0.0 49.0
-12.9918785 39.877148 3.4766889311 0.0 50.0
-13.994498 40.16 3.4766889311 0.0 50.0
-12.123585 39.594296 2.9753792312 0.0 49.0
-12.668036 38.70614 2.9753792312 0.0 49.0
-12.668036 38.70614 2.9753792313 0.0 50.0
-13.212488 37.81798 2.9753792313 0.0 50.0
-8.502972 41.112606 2.0052388314 8.0 45.0
-9.505591 41.39546 2.0052388314 8.0 45.0
-9.505591 41.39546 2.0052388315 7.0 46.0
-10.508211 41.67831 2.0052388315 7.0 46.0
-10.508211 41.67831 2.0052388316 6.0 47.0
-11.510831 41.961163 2.0052388316 6.0 47.0
-11.510831 41.961163 2.0052388317 5.0 48.0
-12.513451 42.244015 2.0052388317 5.0 48.0
-12.513451 42.244015 2.0052388318 4.0 49.0
-13.057942 43.07465 2.319601318 4.0 49.0
-13.057942 43.07465 2.319601319 3.0 50.0
-13.602434 43.905285 2.6339633319 3.0 50.0
-13.602434 43.905285 2.6339633320 0.0 51.0
-14.470728 44.188137 3.135273320 0.0 51.0
-14.470728 44.188137 3.135273321 0.0 52.0
-15.473348 44.47099 3.135273321 0.0 52.0
-13.602434 43.905285 2.6339633322 2.0 51.0
-14.231158 44.73592 2.6339633322 2.0 51.0
-14.231158 44.73592 2.6339633323 1.0 52.0
-14.859882 45.566555 2.6339633323 1.0 52.0
-14.859882 45.566555 2.6339633324 0.0 53.0
-14.859882 46.608307 2.6339633324 0.0 53.0
-14.859882 46.608307 2.6339633325 0.0 54.0
-14.859882 47.65006 2.6339633325 0.0 54.0
-14.859882 45.566555 2.6339633326 0.0 53.0
-15.862502 45.849407 2.6339633326 0.0 53.0
-15.862502 45.849407 2.6339633327 0.0 54.0
-16.865122 46.13226 2.6339633327 0.0 54.0
-12.513451 42.244015 2.0052388328 4.0 49.0
-13.483591 41.864437 2.0052388328 4.0 49.0
-13.483591 41.864437 2.0052388329 3.0 50.0
-14.453732 41.48486 2.0052388329 3.0 50.0
-14.453732 41.48486 2.0052388330 0.0 51.0
-14.9252405 40.596703 2.2774649330 0.0 51.0
-14.9252405 40.596703 2.2774649331 0.0 52.0
-15.469692 39.708546 2.2774649331 0.0 52.0
-14.453732 41.48486 2.0052388332 2.0 51.0
-15.423872 41.10528 2.0052388332 2.0 51.0
-15.423872 41.10528 2.0052388333 1.0 52.0
-16.394012 40.725704 2.0052388333 1.0 52.0
-16.394012 40.725704 2.0052388334 0.0 53.0
-17.262306 41.008556 2.5065484334 0.0 53.0
-17.262306 41.008556 2.5065484335 0.0 54.0
-18.264925 41.29141 2.5065484335 0.0 54.0
-16.394012 40.725704 2.0052388336 0.0 53.0
-16.938465 39.837547 2.0052388336 0.0 53.0
-16.938465 39.837547 2.0052388337 0.0 54.0
-17.482918 38.94939 2.0052388337 0.0 54.0
-5.029796 39.981197 0.0338 20.0 41.0
-5.6585207 40.811832 0.0338 20.0 41.0
-5.6585207 40.811832 0.0339 19.0 42.0
-6.2872453 41.642467 0.0339 19.0 42.0
-6.2872453 41.642467 0.0340 18.0 43.0
-6.91597 42.473103 0.0340 18.0 43.0
-6.91597 42.473103 0.0341 17.0 44.0
-7.5446944 43.303738 0.0341 17.0 44.0
-7.5446944 43.303738 0.0342 16.0 45.0
-8.173419 44.134373 0.0342 16.0 45.0
-8.173419 44.134373 0.0343 15.0 46.0
-8.802143 44.965008 0.0343 15.0 46.0
-8.802143 44.965008 0.0344 14.0 47.0
-9.430867 45.795643 0.0344 14.0 47.0
-9.430867 45.795643 0.0345 13.0 48.0
-10.059591 46.626278 0.0345 13.0 48.0
-10.059591 46.626278 0.0346 12.0 49.0
-10.059591 47.66803 0.0346 12.0 49.0
-10.059591 47.66803 0.0347 11.0 50.0
-10.059591 48.70978 0.0347 11.0 50.0
-10.059591 48.70978 0.0348 10.0 51.0
-10.059591 49.751534 0.0348 10.0 51.0
-10.059591 49.751534 0.0349 9.0 52.0
-10.059591 50.793285 0.0349 9.0 52.0
-10.059591 50.793285 0.0350 4.0 53.0
-10.604083 51.62392 0.31436226350 4.0 53.0
-10.604083 51.62392 0.31436226351 3.0 54.0
-11.148575 52.454556 0.6287245351 3.0 54.0
-11.148575 52.454556 0.6287245352 0.0 55.0
-12.016869 52.737408 1.1300342352 0.0 55.0
-12.016869 52.737408 1.1300342353 0.0 56.0
-13.019488 53.02026 1.1300342353 0.0 56.0
-11.148575 52.454556 0.6287245354 2.0 55.0
-11.777299 53.28519 0.6287245354 2.0 55.0
-11.777299 53.28519 0.6287245355 1.0 56.0
-12.406023 54.115826 0.6287245355 1.0 56.0
-12.406023 54.115826 0.6287245356 0.0 57.0
-12.406023 55.157578 0.6287245356 0.0 57.0
-12.406023 55.157578 0.6287245357 0.0 58.0
-12.406023 56.19933 0.6287245357 0.0 58.0
-12.406023 54.115826 0.6287245358 0.0 57.0
-13.408643 54.398678 0.6287245358 0.0 57.0
-13.408643 54.398678 0.6287245359 0.0 58.0
-14.4112625 54.68153 0.6287245359 0.0 58.0
-10.059591 50.793285 0.0360 8.0 53.0
-10.059591 51.835037 0.0360 8.0 53.0
-10.059591 51.835037 0.0361 7.0 54.0
-10.059591 52.87679 0.0361 7.0 54.0
-10.059591 52.87679 0.0362 6.0 55.0
-10.059591 53.91854 0.0362 6.0 55.0
-10.059591 53.91854 0.0363 5.0 56.0
-10.059591 54.960293 0.0363 5.0 56.0
-10.059591 54.960293 0.0364 4.0 57.0
-9.5151 55.790928 -0.31436226364 4.0 57.0
-9.5151 55.790928 -0.31436226365 3.0 58.0
-8.970608 56.621563 -0.6287245365 3.0 58.0
-8.970608 56.621563 -0.6287245366 0.0 59.0
-8.970608 57.663315 -0.6287245366 0.0 59.0
-8.970608 57.663315 -0.6287245367 0.0 60.0
-8.970608 58.705067 -0.6287245367 0.0 60.0
-8.970608 56.621563 -0.6287245368 2.0 59.0
-8.341884 57.452198 -0.6287245368 2.0 59.0
-8.341884 57.452198 -0.6287245369 1.0 60.0
-7.713159 58.282833 -0.6287245369 1.0 60.0
-7.713159 58.282833 -0.6287245370 0.0 61.0
-6.8448653 58.565685 -1.1300342370 0.0 61.0
-6.8448653 58.565685 -1.1300342371 0.0 62.0
-5.842246 58.848537 -1.1300342371 0.0 62.0
-7.713159 58.282833 -0.6287245372 0.0 61.0
-7.713159 59.324585 -0.6287245372 0.0 61.0
-7.713159 59.324585 -0.6287245373 0.0 62.0
-7.713159 60.366337 -0.6287245373 0.0 62.0
-10.059591 54.960293 0.0374 4.0 57.0
-10.688315 55.790928 0.0374 4.0 57.0
-10.688315 55.790928 0.0375 3.0 58.0
-11.3170395 56.621563 0.0375 3.0 58.0
-11.3170395 56.621563 0.0376 0.0 59.0
-12.185333 56.904415 0.5013097376 0.0 59.0
-12.185333 56.904415 0.5013097377 0.0 60.0
-13.187953 57.187267 0.5013097377 0.0 60.0
-11.3170395 56.621563 0.0378 2.0 59.0
-11.945764 57.452198 0.0378 2.0 59.0
-11.945764 57.452198 0.0379 1.0 60.0
-12.574488 58.282833 0.0379 1.0 60.0
-12.574488 58.282833 0.0380 0.0 61.0
-12.574488 59.324585 0.0380 0.0 61.0
-12.574488 59.324585 0.0381 0.0 62.0
-12.574488 60.366337 0.0381 0.0 62.0
-12.574488 58.282833 0.0382 0.0 61.0
-13.577107 58.565685 0.0382 0.0 61.0
-13.577107 58.565685 0.0383 0.0 62.0
-14.579727 58.848537 0.0383 0.0 62.0
-10.059591 46.626278 0.0384 12.0 49.0
-11.062211 46.90913 0.0384 12.0 49.0
-11.062211 46.90913 0.0385 11.0 50.0
-12.064831 47.191982 0.0385 11.0 50.0
-12.064831 47.191982 0.0386 10.0 51.0
-13.067451 47.474834 0.0386 10.0 51.0
-13.067451 47.474834 0.0387 9.0 52.0
-14.07007 47.757687 0.0387 9.0 52.0
-14.07007 47.757687 0.0388 4.0 53.0
-14.910236 47.37811 0.48507026388 4.0 53.0
-14.910236 47.37811 0.48507026389 3.0 54.0
-15.750402 46.99853 0.9701405389 3.0 54.0
-15.750402 46.99853 0.9701405390 0.0 55.0
-16.221912 46.110374 1.2423666390 0.0 55.0
-16.221912 46.110374 1.2423666391 0.0 56.0
-16.766365 45.222218 1.2423666391 0.0 56.0
-15.750402 46.99853 0.9701405392 2.0 55.0
-16.720543 46.618954 0.9701405392 2.0 55.0
-16.720543 46.618954 0.9701405393 1.0 56.0
-17.690683 46.239376 0.9701405393 1.0 56.0
-17.690683 46.239376 0.9701405394 0.0 57.0
-18.558977 46.52223 1.4714502394 0.0 57.0
-18.558977 46.52223 1.4714502395 0.0 58.0
-19.561596 46.80508 1.4714502395 0.0 58.0
-17.690683 46.239376 0.9701405396 0.0 57.0
-18.235136 45.35122 0.9701405396 0.0 57.0
-18.235136 45.35122 0.9701405397 0.0 58.0
-18.779589 44.463062 0.9701405397 0.0 58.0
-14.07007 47.757687 0.0398 8.0 53.0
-15.07269 48.04054 0.0398 8.0 53.0
-15.07269 48.04054 0.0399 7.0 54.0
-16.07531 48.32339 0.0399 7.0 54.0
-16.07531 48.32339 0.0400 6.0 55.0
-17.077929 48.606243 0.0400 6.0 55.0
-17.077929 48.606243 0.0401 5.0 56.0
-18.080547 48.889095 0.0401 5.0 56.0
-18.080547 48.889095 0.0402 4.0 57.0
-18.625038 49.71973 0.31436226402 4.0 57.0
-18.625038 49.71973 0.31436226403 3.0 58.0
-19.169529 50.550365 0.6287245403 3.0 58.0
-19.169529 50.550365 0.6287245404 0.0 59.0
-20.037823 50.833218 1.1300342404 0.0 59.0
-20.037823 50.833218 1.1300342405 0.0 60.0
-21.040442 51.11607 1.1300342405 0.0 60.0
-19.169529 50.550365 0.6287245406 2.0 59.0
-19.798254 51.381 0.6287245406 2.0 59.0
-19.798254 51.381 0.6287245407 1.0 60.0
-20.42698 52.211636 0.6287245407 1.0 60.0
-20.42698 52.211636 0.6287245408 0.0 61.0
-20.42698 53.253387 0.6287245408 0.0 61.0
-20.42698 53.253387 0.6287245409 0.0 62.0
-20.42698 54.29514 0.6287245409 0.0 62.0
-20.42698 52.211636 0.6287245410 0.0 61.0
-21.429598 52.494488 0.6287245410 0.0 61.0
-21.429598 52.494488 0.6287245411 0.0 62.0
-22.432217 52.77734 0.6287245411 0.0 62.0
-18.080547 48.889095 0.0412 4.0 57.0
-19.050688 48.509518 0.0412 4.0 57.0
-19.050688 48.509518 0.0413 3.0 58.0
-20.020828 48.12994 0.0413 3.0 58.0
-20.020828 48.12994 0.0414 0.0 59.0
-20.492338 47.241783 0.27222598414 0.0 59.0
-20.492338 47.241783 0.27222598415 0.0 60.0
-21.03679 46.353626 0.27222598415 0.0 60.0
-20.020828 48.12994 0.0416 2.0 59.0
-20.990969 47.750362 0.0416 2.0 59.0
-20.990969 47.750362 0.0417 1.0 60.0
-21.96111 47.370785 0.0417 1.0 60.0
-21.96111 47.370785 0.0418 0.0 61.0
-22.829403 47.653637 0.5013097418 0.0 61.0
-22.829403 47.653637 0.5013097419 0.0 62.0
-23.832022 47.93649 0.5013097419 0.0 62.0
-21.96111 47.370785 0.0420 0.0 61.0
-22.505562 46.482628 0.0420 0.0 61.0
-22.505562 46.482628 0.0421 0.0 62.0
-23.050014 45.59447 0.0421 0.0 62.0
