0.0 0.0 0.00 11.0 1.0
0.0 3.7400966 0.00 11.0 1.0
0.0 3.7400966 0.01 10.0 2.0
0.0 7.480193 0.01 10.0 2.0
0.0 7.480193 0.02 1.0 3.0
0.0 11.220289 0.02 1.0 3.0
0.0 11.220289 0.03 0.0 4.0
-1.9779439 14.182041 1.14196653 0.0 4.0
-1.9779439 14.182041 1.14196654 0.0 5.0
-5.1105785 15.132718 2.9505944 0.0 5.0
0.0 7.480193 0.05 1.0 3.0
-2.9834716 6.024108 1.72250825 1.0 3.0
-2.9834716 6.024108 1.72250826 0.0 4.0
-6.1161065 6.974785 3.53113586 0.0 4.0
-6.1161065 6.974785 3.53113587 0.0 5.0
-8.09405 9.936537 4.67310247 0.0 5.0
0.0 7.480193 0.08 9.0 3.0
-3.6172552 8.43087 0.08 9.0 3.0
-3.6172552 8.43087 0.09 8.0 4.0
-7.2345104 9.381547 0.09 8.0 4.0
-7.2345104 9.381547 0.010 1.0 5.0
-10.367146 10.332224 1.808627610 1.0 5.0
-10.367146 10.332224 1.808627611 0.0 6.0
-13.350617 8.876139 3.531135811 0.0 6.0
-13.350617 8.876139 3.531135812 0.0 7.0
-14.943155 5.619338 4.45058812 0.0 7.0
-7.2345104 9.381547 0.013 1.0 5.0
-6.773275 5.679565 -0.2662945713 1.0 5.0
-6.773275 5.679565 -0.2662945714 0.0 6.0
-8.365813 2.422764 0.6531579514 0.0 6.0
-8.365813 2.422764 0.6531579515 0.0 7.0
-11.349285 0.96667874 2.375666115 0.0 7.0
-7.2345104 9.381547 0.016 7.0 5.0
-8.827049 6.1247463 0.919452516 7.0 5.0
-8.827049 6.1247463 0.919452517 6.0 6.0
-10.419588 2.8679454 1.83890517 6.0 6.0
-10.419588 2.8679454 1.83890518 1.0 7.0
-12.012127 -0.38885546 2.758357518 1.0 7.0
-12.012127 -0.38885546 2.758357519 0.0 8.0
-11.550891 -4.0908375 2.49206319 0.0 8.0
-11.550891 -4.0908375 2.49206320 0.0 9.0
-9.227856 -6.697175 1.150857720 0.0 9.0
-10.419588 2.8679454 1.83890521 1.0 7.0
-7.201638 2.4420533 -0.0189794321 1.0 7.0
-7.201638 2.4420533 -0.0189794322 0.0 8.0
-4.8786025 -0.16428399 -1.360184822 0.0 8.0
-4.8786025 -0.16428399 -1.360184823 0.0 9.0
-4.417367 -3.866266 -1.626479423 0.0 9.0
-10.419588 2.8679454 1.83890524 5.0 7.0
-6.7038193 2.4420533 1.83890524 5.0 7.0
-6.7038193 2.4420533 1.83890525 4.0 8.0
-2.9880505 2.0161612 1.83890525 4.0 8.0
-2.9880505 2.0161612 1.83890526 1.0 9.0
0.22989964 1.590269 -0.0189794326 1.0 9.0
0.22989964 1.590269 -0.0189794327 0.0 10.0
3.0034003 3.5220854 -1.620260727 0.0 10.0
3.0034003 3.5220854 -1.620260728 0.0 11.0
4.178075 7.007557 -2.298459328 0.0 11.0
-2.9880505 2.0161612 1.83890529 1.0 9.0
-3.9011211 5.6045766 2.366066729 1.0 9.0
-3.9011211 5.6045766 2.366066730 0.0 10.0
-2.7264466 9.090048 1.687868130 0.0 10.0
-2.7264466 9.090048 1.687868131 0.0 11.0
0.047054052 11.021864 0.0865868331 0.0 11.0
-2.9880505 2.0161612 1.83890532 3.0 9.0
-4.0423737 5.6045766 1.83890532 3.0 9.0
-4.0423737 5.6045766 1.83890533 2.0 10.0
-5.096697 9.192992 1.83890533 2.0 10.0
-5.096697 9.192992 1.83890534 1.0 11.0
-6.0097675 12.781407 2.366066734 1.0 11.0
-6.0097675 12.781407 2.366066735 0.0 12.0
-8.6305485 14.97921 3.879175235 0.0 12.0
-8.6305485 14.97921 3.879175236 0.0 13.0
-11.868227 14.871637 5.7484536 0.0 13.0
-5.096697 9.192992 1.83890537 1.0 11.0
-7.603698 6.824818 3.286322837 1.0 11.0
-7.603698 6.824818 3.286322838 0.0 12.0
-10.841376 6.717245 5.155597738 0.0 12.0
-10.841376 6.717245 5.155597739 0.0 13.0
-13.462157 8.915047 6.66870639 0.0 13.0
-7.2345104 9.381547 0.040 7.0 5.0
-4.0165606 8.955655 -1.857884440 7.0 5.0
-4.0165606 8.955655 -1.857884441 6.0 6.0
-0.79861045 8.529763 -3.715768841 6.0 6.0
-0.79861045 8.529763 -3.715768842 1.0 7.0
2.4193397 8.103871 -5.57365342 1.0 7.0
2.4193397 8.103871 -5.57365343 0.0 8.0
5.1928406 10.035687 -7.174934443 0.0 8.0
5.1928406 10.035687 -7.174934444 0.0 9.0
6.367515 13.521158 -7.85313344 0.0 9.0
-0.79861045 8.529763 -3.715768845 1.0 7.0
-1.7116811 12.118178 -3.188607245 1.0 7.0
-1.7116811 12.118178 -3.188607246 0.0 8.0
-0.53700674 15.603649 -3.866805846 0.0 8.0
-0.53700674 15.603649 -3.866805847 0.0 9.0
2.236494 17.535465 -5.46808747 0.0 9.0
-0.79861045 8.529763 -3.715768848 5.0 7.0
2.4039521 10.461579 -3.715768848 5.0 7.0
2.4039521 10.461579 -3.715768849 4.0 8.0
5.606515 12.393395 -3.715768849 4.0 8.0
5.606515 12.393395 -3.715768850 1.0 9.0
8.380015 14.325212 -5.3170550 1.0 9.0
8.380015 14.325212 -5.3170551 0.0 10.0
9.554689 17.810682 -5.99524951 0.0 10.0
9.554689 17.810682 -5.99524952 0.0 11.0
8.641619 21.399097 -5.46808752 0.0 11.0
5.606515 12.393395 -3.715768853 1.0 9.0
2.9857342 14.591198 -2.202660353 1.0 9.0
2.9857342 14.591198 -2.202660354 0.0 10.0
2.0726635 18.179613 -1.675498754 0.0 10.0
2.0726635 18.179613 -1.675498755 0.0 11.0
3.2473378 21.665085 -2.353697355 0.0 11.0
5.606515 12.393395 -3.715768856 3.0 9.0
6.962912 15.878866 -3.715768856 3.0 9.0
6.962912 15.878866 -3.715768857 2.0 10.0
8.319309 19.364338 -3.715768857 2.0 10.0
8.319309 19.364338 -3.715768858 1.0 11.0
9.493983 22.84981 -4.393967658 1.0 11.0
9.493983 22.84981 -4.393967659 0.0 12.0
8.580913 26.438225 -3.86680659 0.0 12.0
8.580913 26.438225 -3.86680660 0.0 13.0
5.9601316 28.636026 -2.353697560 0.0 13.0
8.319309 19.364338 -3.715768861 1.0 11.0
5.0816307 19.256765 -1.846494261 1.0 11.0
5.0816307 19.256765 -1.846494262 0.0 12.0
2.46085 21.454567 -0.333385762 0.0 12.0
2.46085 21.454567 -0.333385763 0.0 13.0
1.5477793 25.042982 0.1937759563 0.0 13.0
