0.0 0.0 0.00 60.0 1.0
0.0 0.796461 0.00 60.0 1.0
0.0 0.796461 0.01 59.0 2.0
0.0 1.592922 0.01 59.0 2.0
0.0 1.592922 0.02 58.0 3.0
0.0 2.3893828 0.02 58.0 3.0
0.0 2.3893828 0.03 57.0 4.0
0.0 3.185844 0.03 57.0 4.0
0.0 3.185844 0.04 56.0 5.0
0.0 3.982305 0.04 56.0 5.0
0.0 3.982305 0.05 55.0 6.0
0.0 4.778766 0.05 55.0 6.0
0.0 4.778766 0.06 54.0 7.0
0.0 5.5752273 0.06 54.0 7.0
0.0 5.5752273 0.07 53.0 8.0
0.0 6.3716884 0.07 53.0 8.0
0.0 6.3716884 0.08 52.0 9.0
0.0 7.1681495 0.08 52.0 9.0
0.0 7.1681495 0.09 51.0 10.0
0.0 7.9646106 0.09 51.0 10.0
0.0 7.9646106 0.010 50.0 11.0
0.0 8.761071 0.010 50.0 11.0
0.0 8.761071 0.011 49.0 12.0
0.0 9.557532 0.011 49.0 12.0
0.0 9.557532 0.012 48.0 13.0
0.0 10.353993 0.012 48.0 13.0
0.0 10.353993 0.013 47.0 14.0
0.0 11.1504545 0.013 47.0 14.0
0.0 11.1504545 0.014 46.0 15.0
0.0 11.946916 0.014 46.0 15.0
0.0 11.946916 0.015 45.0 16.0
0.0 12.743377 0.015 45.0 16.0
0.0 12.743377 0.016 28.0 17.0
0.44674805 13.3502035 -0.2579301316 28.0 17.0
0.44674805 13.3502035 -0.2579301317 27.0 18.0
0.8934961 13.95703 -0.5158602617 27.0 18.0
0.8934961 13.95703 -0.5158602618 26.0 19.0
1.3402442 14.563857 -0.7737903618 26.0 19.0
1.3402442 14.563857 -0.7737903619 25.0 20.0
1.7869922 15.170684 -1.031720519 25.0 20.0
1.7869922 15.170684 -1.031720520 24.0 21.0
2.2337403 15.777511 -1.289650720 24.0 21.0
2.2337403 15.777511 -1.289650721 23.0 22.0
2.6804883 16.384336 -1.547580821 23.0 22.0
2.6804883 16.384336 -1.547580822 22.0 23.0
3.1272364 16.991163 -1.80551122 22.0 23.0
3.1272364 16.991163 -1.80551123 21.0 24.0
3.5739844 17.59799 -2.06344123 21.0 24.0
3.5739844 17.59799 -2.06344124 12.0 25.0
3.5739844 18.394451 -2.06344124 12.0 25.0
3.5739844 18.394451 -2.06344125 11.0 26.0
3.5739844 19.190912 -2.06344125 11.0 26.0
3.5739844 19.190912 -2.06344126 10.0 27.0
3.5739844 19.987373 -2.06344126 10.0 27.0
3.5739844 19.987373 -2.06344127 9.0 28.0
3.5739844 20.783834 -2.06344127 9.0 28.0
3.5739844 20.783834 -2.06344128 4.0 29.0
3.1272364 21.390661 -1.805510928 4.0 29.0
3.1272364 21.390661 -1.805510929 3.0 30.0
2.6804883 21.997488 -1.547580729 3.0 30.0
2.6804883 21.997488 -1.547580730 0.0 31.0
1.9997305 22.125713 -1.15454530 0.0 31.0
1.9997305 22.125713 -1.15454531 0.0 32.0
1.213659 22.253939 -1.15454531 0.0 32.0
2.6804883 21.997488 -1.547580732 2.0 31.0
2.164628 22.604315 -1.547580732 2.0 31.0
2.164628 22.604315 -1.547580733 1.0 32.0
1.6487677 23.211142 -1.547580733 1.0 32.0
1.6487677 23.211142 -1.547580734 0.0 33.0
1.6487677 24.007603 -1.547580734 0.0 33.0
1.6487677 24.007603 -1.547580735 0.0 34.0
1.6487677 24.804064 -1.547580735 0.0 34.0
1.6487677 23.211142 -1.547580736 0.0 33.0
0.86269623 23.339367 -1.547580736 0.0 33.0
0.86269623 23.339367 -1.547580737 0.0 34.0
0.07662475 23.467592 -1.547580737 0.0 34.0
3.5739844 20.783834 -2.06344138 8.0 29.0
3.5739844 21.580296 -2.06344138 8.0 29.0
3.5739844 21.580296 -2.06344139 7.0 30.0
3.5739844 22.376757 -2.06344139 7.0 30.0
3.5739844 22.376757 -2.06344140 6.0 31.0
3.5739844 23.173218 -2.06344140 6.0 31.0
3.5739844 23.173218 -2.06344141 5.0 32.0
3.5739844 23.969679 -2.06344141 5.0 32.0
3.5739844 23.969679 -2.06344142 4.0 33.0
4.0207324 24.576506 -2.32137142 4.0 33.0
4.0207324 24.576506 -2.32137143 3.0 34.0
4.4674807 25.183332 -2.57930143 3.0 34.0
4.4674807 25.183332 -2.57930144 0.0 35.0
4.4674807 25.979794 -2.57930144 0.0 35.0
4.4674807 25.979794 -2.57930145 0.0 36.0
4.4674807 26.776255 -2.57930145 0.0 36.0
4.4674807 25.183332 -2.57930146 2.0 35.0
4.9833407 25.79016 -2.57930146 2.0 35.0
4.9833407 25.79016 -2.57930147 1.0 36.0
5.499201 26.396986 -2.57930147 1.0 36.0
5.499201 26.396986 -2.57930148 0.0 37.0
6.179959 26.525211 -2.972336848 0.0 37.0
6.179959 26.525211 -2.972336849 0.0 38.0
6.96603 26.653437 -2.972336849 0.0 38.0
5.499201 26.396986 -2.57930150 0.0 37.0
5.499201 27.193447 -2.57930150 0.0 37.0
5.499201 27.193447 -2.57930151 0.0 38.0
5.499201 27.989908 -2.57930151 0.0 38.0
3.5739844 23.969679 -2.06344152 4.0 33.0
3.058124 24.576506 -2.06344152 4.0 33.0
3.058124 24.576506 -2.06344153 3.0 34.0
2.5422637 25.183332 -2.06344153 3.0 34.0
2.5422637 25.183332 -2.06344154 0.0 35.0
1.8615059 25.311558 -1.670405354 0.0 35.0
1.8615059 25.311558 -1.670405355 0.0 36.0
1.0754344 25.439783 -1.670405355 0.0 36.0
2.5422637 25.183332 -2.06344156 2.0 35.0
2.0264034 25.79016 -2.06344156 2.0 35.0
2.0264034 25.79016 -2.06344157 1.0 36.0
1.5105431 26.396986 -2.06344157 1.0 36.0
1.5105431 26.396986 -2.06344158 0.0 37.0
1.5105431 27.193447 -2.06344158 0.0 37.0
1.5105431 27.193447 -2.06344159 0.0 38.0
1.5105431 27.989908 -2.06344159 0.0 38.0
1.5105431 26.396986 -2.06344160 0.0 37.0
0.7244716 26.525211 -2.06344160 0.0 37.0
0.7244716 26.525211 -2.06344161 0.0 38.0
-0.06159985 26.653437 -2.06344161 0.0 38.0
3.5739844 17.59799 -2.06344162 20.0 25.0
4.0898447 18.204817 -2.06344162 20.0 25.0
4.0898447 18.204817 -2.06344163 19.0 26.0
4.605705 18.811644 -2.06344163 19.0 26.0
4.605705 18.811644 -2.06344164 18.0 27.0
5.121565 19.41847 -2.06344164 18.0 27.0
5.121565 19.41847 -2.06344165 17.0 28.0
5.637425 20.025297 -2.06344165 17.0 28.0
5.637425 20.025297 -2.06344166 16.0 29.0
6.153285 20.632124 -2.06344166 16.0 29.0
6.153285 20.632124 -2.06344167 15.0 30.0
6.669145 21.23895 -2.06344167 15.0 30.0
6.669145 21.23895 -2.06344168 14.0 31.0
7.185005 21.845778 -2.06344168 14.0 31.0
7.185005 21.845778 -2.06344169 13.0 32.0
7.7008653 22.452604 -2.06344169 13.0 32.0
7.7008653 22.452604 -2.06344170 12.0 33.0
8.381623 22.58083 -2.456476770 12.0 33.0
8.381623 22.58083 -2.456476771 11.0 34.0
9.062381 22.709055 -2.849512371 11.0 34.0
9.062381 22.709055 -2.849512372 10.0 35.0
9.743138 22.83728 -3.24254872 10.0 35.0
9.743138 22.83728 -3.24254873 9.0 36.0
10.423896 22.965506 -3.635583673 9.0 36.0
10.423896 22.965506 -3.635583674 4.0 37.0
10.870644 23.572332 -3.893513774 4.0 37.0
10.870644 23.572332 -3.893513775 3.0 38.0
11.317391 24.17916 -4.15144475 3.0 38.0
11.317391 24.17916 -4.15144476 0.0 39.0
11.317391 24.97562 -4.15144476 0.0 39.0
11.317391 24.97562 -4.15144477 0.0 40.0
11.317391 25.772081 -4.15144477 0.0 40.0
11.317391 24.17916 -4.15144478 2.0 39.0
11.833252 24.785986 -4.15144478 2.0 39.0
11.833252 24.785986 -4.15144479 1.0 40.0
12.3491125 25.392813 -4.15144479 1.0 40.0
12.3491125 25.392813 -4.15144480 0.0 41.0
13.02987 25.521038 -4.5444880 0.0 41.0
13.02987 25.521038 -4.5444881 0.0 42.0
13.815942 25.649263 -4.5444881 0.0 42.0
12.3491125 25.392813 -4.15144482 0.0 41.0
12.3491125 26.189274 -4.15144482 0.0 41.0
12.3491125 26.189274 -4.15144483 0.0 42.0
12.3491125 26.985735 -4.15144483 0.0 42.0
10.423896 22.965506 -3.635583684 8.0 37.0
11.209968 23.09373 -3.635583684 8.0 37.0
11.209968 23.09373 -3.635583685 7.0 38.0
11.996039 23.221956 -3.635583685 7.0 38.0
11.996039 23.221956 -3.635583686 6.0 39.0
12.782111 23.350182 -3.635583686 6.0 39.0
12.782111 23.350182 -3.635583687 5.0 40.0
13.568183 23.478407 -3.635583687 5.0 40.0
13.568183 23.478407 -3.635583688 4.0 41.0
14.158778 23.06697 -3.976564288 4.0 41.0
14.158778 23.06697 -3.976564289 3.0 42.0
14.749373 22.655535 -4.317544589 3.0 42.0
14.749373 22.655535 -4.317544590 0.0 43.0
15.430131 22.78376 -4.710580390 0.0 43.0
15.430131 22.78376 -4.710580391 0.0 44.0
16.216202 22.911985 -4.710580391 0.0 44.0
14.749373 22.655535 -4.317544592 2.0 43.0
15.4313345 22.244099 -4.317544592 2.0 43.0
15.4313345 22.244099 -4.317544593 1.0 44.0
16.113295 21.832663 -4.317544593 1.0 44.0
16.113295 21.832663 -4.317544594 0.0 45.0
16.33249 21.077488 -4.44409794 0.0 45.0
16.33249 21.077488 -4.44409795 0.0 46.0
16.585596 20.322313 -4.44409795 0.0 46.0
16.113295 21.832663 -4.317544596 0.0 45.0
16.899366 21.960888 -4.317544596 0.0 45.0
16.899366 21.960888 -4.317544597 0.0 46.0
17.685438 22.089113 -4.317544597 0.0 46.0
13.568183 23.478407 -3.635583698 4.0 41.0
14.0840435 24.085234 -3.635583698 4.0 41.0
14.0840435 24.085234 -3.635583699 3.0 42.0
14.599904 24.69206 -3.635583699 3.0 42.0
14.599904 24.69206 -3.6355836100 0.0 43.0
14.599904 25.488522 -3.6355836100 0.0 43.0
14.599904 25.488522 -3.6355836101 0.0 44.0
14.599904 26.284983 -3.6355836101 0.0 44.0
14.599904 24.69206 -3.6355836102 2.0 43.0
15.115765 25.298887 -3.6355836102 2.0 43.0
15.115765 25.298887 -3.6355836103 1.0 44.0
15.631625 25.905714 -3.6355836103 1.0 44.0
15.631625 25.905714 -3.6355836104 0.0 45.0
16.312384 26.03394 -4.0286193104 0.0 45.0
16.312384 26.03394 -4.0286193105 0.0 46.0
17.098455 26.162165 -4.0286193105 0.0 46.0
15.631625 25.905714 -3.6355836106 0.0 45.0
15.631625 26.702175 -3.6355836106 0.0 45.0
15.631625 26.702175 -3.6355836107 0.0 46.0
15.631625 27.498636 -3.6355836107 0.0 46.0
7.7008653 22.452604 -2.063441108 12.0 33.0
7.7008653 23.249065 -2.063441108 12.0 33.0
7.7008653 23.249065 -2.063441109 11.0 34.0
7.7008653 24.045527 -2.063441109 11.0 34.0
7.7008653 24.045527 -2.063441110 10.0 35.0
7.7008653 24.841988 -2.063441110 10.0 35.0
7.7008653 24.841988 -2.063441111 9.0 36.0
7.7008653 25.638449 -2.063441111 9.0 36.0
7.7008653 25.638449 -2.063441112 4.0 37.0
7.254117 26.245275 -1.8055109112 4.0 37.0
7.254117 26.245275 -1.8055109113 3.0 38.0
6.8073688 26.852102 -1.5475807113 3.0 38.0
6.8073688 26.852102 -1.5475807114 0.0 39.0
6.1266108 26.980328 -1.154545114 0.0 39.0
6.1266108 26.980328 -1.154545115 0.0 40.0
5.3405395 27.108553 -1.154545115 0.0 40.0
6.8073688 26.852102 -1.5475807116 2.0 39.0
6.2915087 27.45893 -1.5475807116 2.0 39.0
6.2915087 27.45893 -1.5475807117 1.0 40.0
5.7756486 28.065756 -1.5475807117 1.0 40.0
5.7756486 28.065756 -1.5475807118 0.0 41.0
5.7756486 28.862217 -1.5475807118 0.0 41.0
5.7756486 28.862217 -1.5475807119 0.0 42.0
5.7756486 29.658678 -1.5475807119 0.0 42.0
5.7756486 28.065756 -1.5475807120 0.0 41.0
4.9895773 28.193981 -1.5475807120 0.0 41.0
4.9895773 28.193981 -1.5475807121 0.0 42.0
4.203506 28.322206 -1.5475807121 0.0 42.0
7.7008653 25.638449 -2.063441122 8.0 37.0
7.7008653 26.43491 -2.063441122 8.0 37.0
7.7008653 26.43491 -2.063441123 7.0 38.0
7.7008653 27.23137 -2.063441123 7.0 38.0
7.7008653 27.23137 -2.063441124 6.0 39.0
7.7008653 28.027832 -2.063441124 6.0 39.0
7.7008653 28.027832 -2.063441125 5.0 40.0
7.7008653 28.824293 -2.063441125 5.0 40.0
7.7008653 28.824293 -2.063441126 4.0 41.0
8.147614 29.43112 -2.321371126 4.0 41.0
8.147614 29.43112 -2.321371127 3.0 42.0
8.594361 30.037947 -2.579301127 3.0 42.0
8.594361 30.037947 -2.579301128 0.0 43.0
8.594361 30.834408 -2.579301128 0.0 43.0
8.594361 30.834408 -2.579301129 0.0 44.0
8.594361 31.630869 -2.579301129 0.0 44.0
8.594361 30.037947 -2.579301130 2.0 43.0
9.110222 30.644773 -2.579301130 2.0 43.0
9.110222 30.644773 -2.579301131 1.0 44.0
9.626082 31.2516 -2.579301131 1.0 44.0
9.626082 31.2516 -2.579301132 0.0 45.0
10.30684 31.379826 -2.9723368132 0.0 45.0
10.30684 31.379826 -2.9723368133 0.0 46.0
11.092912 31.50805 -2.9723368133 0.0 46.0
9.626082 31.2516 -2.579301134 0.0 45.0
9.626082 32.04806 -2.579301134 0.0 45.0
9.626082 32.04806 -2.579301135 0.0 46.0
9.626082 32.84452 -2.579301135 0.0 46.0
7.7008653 28.824293 -2.063441136 4.0 41.0
7.185005 29.43112 -2.063441136 4.0 41.0
7.185005 29.43112 -2.063441137 3.0 42.0
6.669145 30.037947 -2.063441137 3.0 42.0
6.669145 30.037947 -2.063441138 0.0 43.0
5.988387 30.166172 -1.6704053138 0.0 43.0
5.988387 30.166172 -1.6704053139 0.0 44.0
5.202316 30.294397 -1.6704053139 0.0 44.0
6.669145 30.037947 -2.063441140 2.0 43.0
6.153285 30.644773 -2.063441140 2.0 43.0
6.153285 30.644773 -2.063441141 1.0 44.0
5.637425 31.2516 -2.063441141 1.0 44.0
5.637425 31.2516 -2.063441142 0.0 45.0
5.637425 32.04806 -2.063441142 0.0 45.0
5.637425 32.04806 -2.063441143 0.0 46.0
5.637425 32.84452 -2.063441143 0.0 46.0
5.637425 31.2516 -2.063441144 0.0 45.0
4.8513536 31.379826 -2.063441144 0.0 45.0
4.8513536 31.379826 -2.063441145 0.0 46.0
4.0652823 31.50805 -2.063441145 0.0 46.0
0.0 12.743377 0.0146 44.0 17.0
0.0 13.539838 0.0146 44.0 17.0
0.0 13.539838 0.0147 43.0 18.0
0.0 14.336299 0.0147 43.0 18.0
0.0 14.336299 0.0148 42.0 19.0
0.0 15.13276 0.0148 42.0 19.0
0.0 15.13276 0.0149 41.0 20.0
0.0 15.929221 0.0149 41.0 20.0
0.0 15.929221 0.0150 40.0 21.0
0.0 16.725681 0.0150 40.0 21.0
0.0 16.725681 0.0151 39.0 22.0
0.0 17.522142 0.0151 39.0 22.0
0.0 17.522142 0.0152 38.0 23.0
0.0 18.318604 0.0152 38.0 23.0
0.0 18.318604 0.0153 37.0 24.0
0.0 19.115065 0.0153 37.0 24.0
0.0 19.115065 0.0154 36.0 25.0
0.0 19.911526 0.0154 36.0 25.0
0.0 19.911526 0.0155 35.0 26.0
0.0 20.707987 0.0155 35.0 26.0
0.0 20.707987 0.0156 34.0 27.0
0.0 21.504448 0.0156 34.0 27.0
0.0 21.504448 0.0157 33.0 28.0
0.0 22.300909 0.0157 33.0 28.0
0.0 22.300909 0.0158 32.0 29.0
0.0 23.09737 0.0158 32.0 29.0
0.0 23.09737 0.0159 31.0 30.0
0.0 23.893831 0.0159 31.0 30.0
0.0 23.893831 0.0160 30.0 31.0
0.0 24.690292 0.0160 30.0 31.0
0.0 24.690292 0.0161 29.0 32.0
0.0 25.486753 0.0161 29.0 32.0
0.0 25.486753 0.0162 28.0 33.0
0.44674805 26.09358 -0.25793013162 28.0 33.0
0.44674805 26.09358 -0.25793013163 27.0 34.0
0.8934961 26.700407 -0.51586026163 27.0 34.0
0.8934961 26.700407 -0.51586026164 26.0 35.0
1.3402442 27.307234 -0.77379036164 26.0 35.0
1.3402442 27.307234 -0.77379036165 25.0 36.0
1.7869922 27.91406 -1.0317205165 25.0 36.0
1.7869922 27.91406 -1.0317205166 24.0 37.0
2.2337403 28.520887 -1.2896507166 24.0 37.0
2.2337403 28.520887 -1.2896507167 23.0 38.0
2.6804883 29.127714 -1.5475808167 23.0 38.0
2.6804883 29.127714 -1.5475808168 22.0 39.0
3.1272364 29.73454 -1.805511168 22.0 39.0
3.1272364 29.73454 -1.805511169 21.0 40.0
3.5739844 30.341368 -2.063441169 21.0 40.0
3.5739844 30.341368 -2.063441170 12.0 41.0
3.5739844 31.137829 -2.063441170 12.0 41.0
3.5739844 31.137829 -2.063441171 11.0 42.0
3.5739844 31.93429 -2.063441171 11.0 42.0
3.5739844 31.93429 -2.063441172 10.0 43.0
3.5739844 32.73075 -2.063441172 10.0 43.0
3.5739844 32.73075 -2.063441173 9.0 44.0
3.5739844 33.52721 -2.063441173 9.0 44.0
3.5739844 33.52721 -2.063441174 4.0 45.0
3.1272364 34.134037 -1.8055109174 4.0 45.0
3.1272364 34.134037 -1.8055109175 3.0 46.0
2.6804883 34.740864 -1.5475807175 3.0 46.0
2.6804883 34.740864 -1.5475807176 0.0 47.0
1.9997305 34.86909 -1.154545176 0.0 47.0
1.9997305 34.86909 -1.154545177 0.0 48.0
1.213659 34.99732 -1.154545177 0.0 48.0
2.6804883 34.740864 -1.5475807178 2.0 47.0
2.164628 35.34769 -1.5475807178 2.0 47.0
2.164628 35.34769 -1.5475807179 1.0 48.0
1.6487677 35.954517 -1.5475807179 1.0 48.0
1.6487677 35.954517 -1.5475807180 0.0 49.0
1.6487677 36.750977 -1.5475807180 0.0 49.0
1.6487677 36.750977 -1.5475807181 0.0 50.0
1.6487677 37.547436 -1.5475807181 0.0 50.0
1.6487677 35.954517 -1.5475807182 0.0 49.0
0.86269623 36.082745 -1.5475807182 0.0 49.0
0.86269623 36.082745 -1.5475807183 0.0 50.0
0.07662475 36.21097 -1.5475807183 0.0 50.0
3.5739844 33.52721 -2.063441184 8.0 45.0
3.5739844 34.32367 -2.063441184 8.0 45.0
3.5739844 34.32367 -2.063441185 7.0 46.0
3.5739844 35.12013 -2.063441185 7.0 46.0
3.5739844 35.12013 -2.063441186 6.0 47.0
3.5739844 35.916588 -2.063441186 6.0 47.0
3.5739844 35.916588 -2.063441187 5.0 48.0
3.5739844 36.713047 -2.063441187 5.0 48.0
3.5739844 36.713047 -2.063441188 4.0 49.0
4.0207324 37.319874 -2.321371188 4.0 49.0
4.0207324 37.319874 -2.321371189 3.0 50.0
4.4674807 37.9267 -2.579301189 3.0 50.0
4.4674807 37.9267 -2.579301190 0.0 51.0
4.4674807 38.72316 -2.579301190 0.0 51.0
4.4674807 38.72316 -2.579301191 0.0 52.0
4.4674807 39.51962 -2.579301191 0.0 52.0
4.4674807 37.9267 -2.579301192 2.0 51.0
4.9833407 38.533527 -2.579301192 2.0 51.0
4.9833407 38.533527 -2.579301193 1.0 52.0
5.499201 39.140354 -2.579301193 1.0 52.0
5.499201 39.140354 -2.579301194 0.0 53.0
6.179959 39.26858 -2.9723368194 0.0 53.0
6.179959 39.26858 -2.9723368195 0.0 54.0
6.96603 39.39681 -2.9723368195 0.0 54.0
5.499201 39.140354 -2.579301196 0.0 53.0
5.499201 39.936813 -2.579301196 0.0 53.0
5.499201 39.936813 -2.579301197 0.0 54.0
5.499201 40.733273 -2.579301197 0.0 54.0
3.5739844 36.713047 -2.063441198 4.0 49.0
3.058124 37.319874 -2.063441198 4.0 49.0
3.058124 37.319874 -2.063441199 3.0 50.0
2.5422637 37.9267 -2.063441199 3.0 50.0
2.5422637 37.9267 -2.063441200 0.0 51.0
1.8615059 38.054928 -1.6704053200 0.0 51.0
1.8615059 38.054928 -1.6704053201 0.0 52.0
1.0754344 38.183155 -1.6704053201 0.0 52.0
2.5422637 37.9267 -2.063441202 2.0 51.0
2.0264034 38.533527 -2.063441202 2.0 51.0
2.0264034 38.533527 -2.063441203 1.0 52.0
1.5105431 39.140354 -2.063441203 1.0 52.0
1.5105431 39.140354 -2.063441204 0.0 53.0
1.5105431 39.936813 -2.063441204 0.0 53.0
1.5105431 39.936813 -2.063441205 0.0 54.0
1.5105431 40.733273 -2.063441205 0.0 54.0
1.5105431 39.140354 -2.063441206 0.0 53.0
0.7244716 39.26858 -2.063441206 0.0 53.0
0.7244716 39.26858 -2.063441207 0.0 54.0
-0.06159985 39.39681 -2.063441207 0.0 54.0
3.5739844 30.341368 -2.063441208 20.0 41.0
4.0898447 30.948195 -2.063441208 20.0 41.0
4.0898447 30.948195 -2.063441209 19.0 42.0
4.605705 31.555021 -2.063441209 19.0 42.0
4.605705 31.555021 -2.063441210 18.0 43.0
5.121565 32.161846 -2.063441210 18.0 43.0
5.121565 32.161846 -2.063441211 17.0 44.0
5.637425 32.768673 -2.063441211 17.0 44.0
5.637425 32.768673 -2.063441212 16.0 45.0
6.153285 33.3755 -2.063441212 16.0 45.0
6.153285 33.3755 -2.063441213 15.0 46.0
6.669145 33.982327 -2.063441213 15.0 46.0
6.669145 33.982327 -2.063441214 14.0 47.0
7.185005 34.589153 -2.063441214 14.0 47.0
7.185005 34.589153 -2.063441215 13.0 48.0
7.7008653 35.19598 -2.063441215 13.0 48.0
7.7008653 35.19598 -2.063441216 12.0 49.0
8.381623 35.324207 -2.4564767216 12.0 49.0
8.381623 35.324207 -2.4564767217 11.0 50.0
9.062381 35.452435 -2.8495123217 11.0 50.0
9.062381 35.452435 -2.8495123218 10.0 51.0
9.743138 35.58066 -3.242548218 10.0 51.0
9.743138 35.58066 -3.242548219 9.0 52.0
10.423896 35.70889 -3.6355836219 9.0 52.0
10.423896 35.70889 -3.6355836220 4.0 53.0
10.870644 36.315716 -3.8935137220 4.0 53.0
10.870644 36.315716 -3.8935137221 3.0 54.0
11.317391 36.922543 -4.151444221 3.0 54.0
11.317391 36.922543 -4.151444222 0.0 55.0
11.317391 37.719 -4.151444222 0.0 55.0
11.317391 37.719 -4.151444223 0.0 56.0
11.317391 38.51546 -4.151444223 0.0 56.0
11.317391 36.922543 -4.151444224 2.0 55.0
11.833252 37.52937 -4.151444224 2.0 55.0
11.833252 37.52937 -4.151444225 1.0 56.0
12.3491125 38.136196 -4.151444225 1.0 56.0
12.3491125 38.136196 -4.151444226 0.0 57.0
13.02987 38.264423 -4.54448226 0.0 57.0
13.02987 38.264423 -4.54448227 0.0 58.0
13.815942 38.39265 -4.54448227 0.0 58.0
12.3491125 38.136196 -4.151444228 0.0 57.0
12.3491125 38.932655 -4.151444228 0.0 57.0
12.3491125 38.932655 -4.151444229 0.0 58.0
12.3491125 39.729115 -4.151444229 0.0 58.0
10.423896 35.70889 -3.6355836230 8.0 53.0
11.209968 35.837116 -3.6355836230 8.0 53.0
11.209968 35.837116 -3.6355836231 7.0 54.0
11.996039 35.965343 -3.6355836231 7.0 54.0
11.996039 35.965343 -3.6355836232 6.0 55.0
12.782111 36.09357 -3.6355836232 6.0 55.0
12.782111 36.09357 -3.6355836233 5.0 56.0
13.568183 36.221798 -3.6355836233 5.0 56.0
13.568183 36.221798 -3.6355836234 4.0 57.0
14.158778 35.810364 -3.9765642234 4.0 57.0
14.158778 35.810364 -3.9765642235 3.0 58.0
14.749373 35.39893 -4.3175445235 3.0 58.0
14.749373 35.39893 -4.3175445236 0.0 59.0
15.430131 35.527153 -4.7105803236 0.0 59.0
15.430131 35.527153 -4.7105803237 0.0 60.0
16.216202 35.655376 -4.7105803237 0.0 60.0
14.749373 35.39893 -4.3175445238 2.0 59.0
15.4313345 34.987495 -4.3175445238 2.0 59.0
15.4313345 34.987495 -4.3175445239 1.0 60.0
16.113295 34.57606 -4.3175445239 1.0 60.0
16.113295 34.57606 -4.3175445240 0.0 61.0
16.33249 33.82089 -4.444097240 0.0 61.0
16.33249 33.82089 -4.444097241 0.0 62.0
16.585596 33.065716 -4.444097241 0.0 62.0
16.113295 34.57606 -4.3175445242 0.0 61.0
16.899366 34.704285 -4.3175445242 0.0 61.0
16.899366 34.704285 -4.3175445243 0.0 62.0
17.685438 34.832508 -4.3175445243 0.0 62.0
13.568183 36.221798 -3.6355836244 4.0 57.0
14.0840435 36.828625 -3.6355836244 4.0 57.0
14.0840435 36.828625 -3.6355836245 3.0 58.0
14.599904 37.43545 -3.6355836245 3.0 58.0
14.599904 37.43545 -3.6355836246 0.0 59.0
14.599904 38.23191 -3.6355836246 0.0 59.0
14.599904 38.23191 -3.6355836247 0.0 60.0
14.599904 39.02837 -3.6355836247 0.0 60.0
14.599904 37.43545 -3.6355836248 2.0 59.0
15.115765 38.04228 -3.6355836248 2.0 59.0
15.115765 38.04228 -3.6355836249 1.0 60.0
15.631625 38.649105 -3.6355836249 1.0 60.0
15.631625 38.649105 -3.6355836250 0.0 61.0
16.312384 38.777332 -4.0286193250 0.0 61.0
16.312384 38.777332 -4.0286193251 0.0 62.0
17.098455 38.90556 -4.0286193251 0.0 62.0
15.631625 38.649105 -3.6355836252 0.0 61.0
15.631625 39.445564 -3.6355836252 0.0 61.0
15.631625 39.445564 -3.6355836253 0.0 62.0
15.631625 40.242023 -3.6355836253 0.0 62.0
7.7008653 35.19598 -2.063441254 12.0 49.0
7.7008653 35.99244 -2.063441254 12.0 49.0
7.7008653 35.99244 -2.063441255 11.0 50.0
7.7008653 36.7889 -2.063441255 11.0 50.0
7.7008653 36.7889 -2.063441256 10.0 51.0
7.7008653 37.585358 -2.063441256 10.0 51.0
7.7008653 37.585358 -2.063441257 9.0 52.0
7.7008653 38.381817 -2.063441257 9.0 52.0
7.7008653 38.381817 -2.063441258 4.0 53.0
7.254117 38.988644 -1.8055109258 4.0 53.0
7.254117 38.988644 -1.8055109259 3.0 54.0
6.8073688 39.59547 -1.5475807259 3.0 54.0
6.8073688 39.59547 -1.5475807260 0.0 55.0
6.1266108 39.723698 -1.154545260 0.0 55.0
6.1266108 39.723698 -1.154545261 0.0 56.0
5.3405395 39.851925 -1.154545261 0.0 56.0
6.8073688 39.59547 -1.5475807262 2.0 55.0
6.2915087 40.202297 -1.5475807262 2.0 55.0
6.2915087 40.202297 -1.5475807263 1.0 56.0
5.7756486 40.809124 -1.5475807263 1.0 56.0
5.7756486 40.809124 -1.5475807264 0.0 57.0
5.7756486 41.605583 -1.5475807264 0.0 57.0
5.7756486 41.605583 -1.5475807265 0.0 58.0
5.7756486 42.402042 -1.5475807265 0.0 58.0
5.7756486 40.809124 -1.5475807266 0.0 57.0
4.9895773 40.93735 -1.5475807266 0.0 57.0
4.9895773 40.93735 -1.5475807267 0.0 58.0
4.203506 41.06558 -1.5475807267 0.0 58.0
7.7008653 38.381817 -2.063441268 8.0 53.0
7.7008653 39.178276 -2.063441268 8.0 53.0
7.7008653 39.178276 -2.063441269 7.0 54.0
7.7008653 39.974735 -2.063441269 7.0 54.0
7.7008653 39.974735 -2.063441270 6.0 55.0
7.7008653 40.771194 -2.063441270 6.0 55.0
7.7008653 40.771194 -2.063441271 5.0 56.0
7.7008653 41.567654 -2.063441271 5.0 56.0
7.7008653 41.567654 -2.063441272 4.0 57.0
8.147614 42.17448 -2.321371272 4.0 57.0
8.147614 42.17448 -2.321371273 3.0 58.0
8.594361 42.781307 -2.579301273 3.0 58.0
8.594361 42.781307 -2.579301274 0.0 59.0
8.594361 43.577766 -2.579301274 0.0 59.0
8.594361 43.577766 -2.579301275 0.0 60.0
8.594361 44.374226 -2.579301275 0.0 60.0
8.594361 42.781307 -2.579301276 2.0 59.0
9.110222 43.388134 -2.579301276 2.0 59.0
9.110222 43.388134 -2.579301277 1.0 60.0
9.626082 43.99496 -2.579301277 1.0 60.0
9.626082 43.99496 -2.579301278 0.0 61.0
10.30684 44.123188 -2.9723368278 0.0 61.0
10.30684 44.123188 -2.9723368279 0.0 62.0
11.092912 44.251415 -2.9723368279 0.0 62.0
9.626082 43.99496 -2.579301280 0.0 61.0
9.626082 44.79142 -2.579301280 0.0 61.0
9.626082 44.79142 -2.579301281 0.0 62.0
9.626082 45.58788 -2.579301281 0.0 62.0
7.7008653 41.567654 -2.063441282 4.0 57.0
7.185005 42.17448 -2.063441282 4.0 57.0
7.185005 42.17448 -2.063441283 3.0 58.0
6.669145 42.781307 -2.063441283 3.0 58.0
6.669145 42.781307 -2.063441284 0.0 59.0
5.988387 42.909534 -1.6704053284 0.0 59.0
5.988387 42.909534 -1.6704053285 0.0 60.0
5.202316 43.03776 -1.6704053285 0.0 60.0
6.669145 42.781307 -2.063441286 2.0 59.0
6.153285 43.388134 -2.063441286 2.0 59.0
6.153285 43.388134 -2.063441287 1.0 60.0
5.637425 43.99496 -2.063441287 1.0 60.0
5.637425 43.99496 -2.063441288 0.0 61.0
5.637425 44.79142 -2.063441288 0.0 61.0
5.637425 44.79142 -2.063441289 0.0 62.0
5.637425 45.58788 -2.063441289 0.0 62.0
5.637425 43.99496 -2.063441290 0.0 61.0
4.8513536 44.123188 -2.063441290 0.0 61.0
4.8513536 44.123188 -2.063441291 0.0 62.0
4.0652823 44.251415 -2.063441291 0.0 62.0
0.0 25.486753 0.0292 28.0 33.0
-0.51586026 26.09358 0.0292 28.0 33.0
-0.51586026 26.09358 0.0293 27.0 34.0
-1.0317205 26.700407 0.0293 27.0 34.0
-1.0317205 26.700407 0.0294 26.0 35.0
-1.5475807 27.307234 0.0294 26.0 35.0
-1.5475807 27.307234 0.0295 25.0 36.0
-2.063441 27.91406 0.0295 25.0 36.0
-2.063441 27.91406 0.0296 24.0 37.0
-2.5793014 28.520887 0.0296 24.0 37.0
-2.5793014 28.520887 0.0297 23.0 38.0
-3.0951617 29.127714 0.0297 23.0 38.0
-3.0951617 29.127714 0.0298 22.0 39.0
-3.611022 29.73454 0.0298 22.0 39.0
-3.611022 29.73454 0.0299 21.0 40.0
-4.126882 30.341368 0.0299 21.0 40.0
-4.126882 30.341368 0.0300 12.0 41.0
-4.80764 30.469593 0.39303574300 12.0 41.0
-4.80764 30.469593 0.39303574301 11.0 42.0
-5.488398 30.597818 0.7860715301 11.0 42.0
-5.488398 30.597818 0.7860715302 10.0 43.0
-6.169156 30.726044 1.1791072302 10.0 43.0
-6.169156 30.726044 1.1791072303 9.0 44.0
-6.849914 30.854269 1.572143303 9.0 44.0
-6.849914 30.854269 1.572143304 4.0 45.0
-7.44051 30.442833 1.9131234304 4.0 45.0
-7.44051 30.442833 1.9131234305 3.0 46.0
-8.031105 30.031397 2.254104305 3.0 46.0
-8.031105 30.031397 2.254104306 0.0 47.0
-8.2503 29.276222 2.3806567306 0.0 47.0
-8.2503 29.276222 2.3806567307 0.0 48.0
-8.503406 28.521048 2.3806567307 0.0 48.0
-8.031105 30.031397 2.254104308 2.0 47.0
-8.713066 29.61996 2.254104308 2.0 47.0
-8.713066 29.61996 2.254104309 1.0 48.0
-9.395027 29.208525 2.254104309 1.0 48.0
-9.395027 29.208525 2.254104310 0.0 49.0
-10.075785 29.33675 2.6471395310 0.0 49.0
-10.075785 29.33675 2.6471395311 0.0 50.0
-10.861856 29.464975 2.6471395311 0.0 50.0
-9.395027 29.208525 2.254104312 0.0 49.0
-9.648132 28.45335 2.254104312 0.0 49.0
-9.648132 28.45335 2.254104313 0.0 50.0
-9.9012375 27.698175 2.254104313 0.0 50.0
-6.849914 30.854269 1.572143314 8.0 45.0
-7.6359854 30.982494 1.572143314 8.0 45.0
-7.6359854 30.982494 1.572143315 7.0 46.0
-8.422057 31.11072 1.572143315 7.0 46.0
-8.422057 31.11072 1.572143316 6.0 47.0
-9.208129 31.238945 1.572143316 6.0 47.0
-9.208129 31.238945 1.572143317 5.0 48.0
-9.994201 31.36717 1.572143317 5.0 48.0
-9.994201 31.36717 1.572143318 4.0 49.0
-10.4409485 31.973997 1.8300731318 4.0 49.0
-10.4409485 31.973997 1.8300731319 3.0 50.0
-10.887696 32.580822 2.0880032319 3.0 50.0
-10.887696 32.580822 2.0880032320 0.0 51.0
-11.568454 32.70905 2.4810388320 0.0 51.0
-11.568454 32.70905 2.4810388321 0.0 52.0
-12.354526 32.837276 2.4810388321 0.0 52.0
-10.887696 32.580822 2.0880032322 2.0 51.0
-11.403557 33.18765 2.0880032322 2.0 51.0
-11.403557 33.18765 2.0880032323 1.0 52.0
-11.919417 33.794476 2.0880032323 1.0 52.0
-11.919417 33.794476 2.0880032324 0.0 53.0
-11.919417 34.590935 2.0880032324 0.0 53.0
-11.919417 34.590935 2.0880032325 0.0 54.0
-11.919417 35.387394 2.0880032325 0.0 54.0
-11.919417 33.794476 2.0880032326 0.0 53.0
-12.705489 33.922703 2.0880032326 0.0 53.0
-12.705489 33.922703 2.0880032327 0.0 54.0
-13.491561 34.05093 2.0880032327 0.0 54.0
-9.994201 31.36717 1.572143328 4.0 49.0
-10.676162 30.955734 1.572143328 4.0 49.0
-10.676162 30.955734 1.572143329 3.0 50.0
-11.358123 30.544298 1.572143329 3.0 50.0
-11.358123 30.544298 1.572143330 0.0 51.0
-11.577318 29.789124 1.6986957330 0.0 51.0
-11.577318 29.789124 1.6986957331 0.0 52.0
-11.830423 29.033949 1.6986957331 0.0 52.0
-11.358123 30.544298 1.572143332 2.0 51.0
-12.040084 30.132862 1.572143332 2.0 51.0
-12.040084 30.132862 1.572143333 1.0 52.0
-12.722045 29.721426 1.572143333 1.0 52.0
-12.722045 29.721426 1.572143334 0.0 53.0
-13.402802 29.849651 1.9651787334 0.0 53.0
-13.402802 29.849651 1.9651787335 0.0 54.0
-14.188874 29.977877 1.9651787335 0.0 54.0
-12.722045 29.721426 1.572143336 0.0 53.0
-12.97515 28.966251 1.572143336 0.0 53.0
-12.97515 28.966251 1.572143337 0.0 54.0
-13.228255 28.211077 1.572143337 0.0 54.0
-4.126882 30.341368 0.0338 20.0 41.0
-4.642742 30.948195 0.0338 20.0 41.0
-4.642742 30.948195 0.0339 19.0 42.0
-5.158602 31.555021 0.0339 19.0 42.0
-5.158602 31.555021 0.0340 18.0 43.0
-5.6744623 32.161846 0.0340 18.0 43.0
-5.6744623 32.161846 0.0341 17.0 44.0
-6.1903224 32.768673 0.0341 17.0 44.0
-6.1903224 32.768673 0.0342 16.0 45.0
-6.7061825 33.3755 0.0342 16.0 45.0
-6.7061825 33.3755 0.0343 15.0 46.0
-7.2220426 33.982327 0.0343 15.0 46.0
-7.2220426 33.982327 0.0344 14.0 47.0
-7.7379026 34.589153 0.0344 14.0 47.0
-7.7379026 34.589153 0.0345 13.0 48.0
-8.253763 35.19598 0.0345 13.0 48.0
-8.253763 35.19598 0.0346 12.0 49.0
-8.253763 35.99244 0.0346 12.0 49.0
-8.253763 35.99244 0.0347 11.0 50.0
-8.253763 36.7889 0.0347 11.0 50.0
-8.253763 36.7889 0.0348 10.0 51.0
-8.253763 37.585358 0.0348 10.0 51.0
-8.253763 37.585358 0.0349 9.0 52.0
-8.253763 38.381817 0.0349 9.0 52.0
-8.253763 38.381817 0.0350 4.0 53.0
-8.700511 38.988644 0.25793013350 4.0 53.0
-8.700511 38.988644 0.25793013351 3.0 54.0
-9.147259 39.59547 0.51586026351 3.0 54.0
-9.147259 39.59547 0.51586026352 0.0 55.0
-9.828016 39.723698 0.90889597352 0.0 55.0
-9.828016 39.723698 0.90889597353 0.0 56.0
-10.614088 39.851925 0.90889597353 0.0 56.0
-9.147259 39.59547 0.51586026354 2.0 55.0
-9.663119 40.202297 0.51586026354 2.0 55.0
-9.663119 40.202297 0.51586026355 1.0 56.0
-10.17898 40.809124 0.51586026355 1.0 56.0
-10.17898 40.809124 0.51586026356 0.0 57.0
-10.17898 41.605583 0.51586026356 0.0 57.0
-10.17898 41.605583 0.51586026357 0.0 58.0
-10.17898 42.402042 0.51586026357 0.0 58.0
-10.17898 40.809124 0.51586026358 0.0 57.0
-10.965052 40.93735 0.51586026358 0.0 57.0
-10.965052 40.93735 0.51586026359 0.0 58.0
-11.751123 41.06558 0.51586026359 0.0 58.0
-8.253763 38.381817 0.0360 8.0 53.0
-8.253763 39.178276 0.0360 8.0 53.0
-8.253763 39.178276 0.0361 7.0 54.0
-8.253763 39.974735 0.0361 7.0 54.0
-8.253763 39.974735 0.0362 6.0 55.0
-8.253763 40.771194 0.0362 6.0 55.0
-8.253763 40.771194 0.0363 5.0 56.0
-8.253763 41.567654 0.0363 5.0 56.0
-8.253763 41.567654 0.0364 4.0 57.0
-7.807015 42.17448 -0.25793013364 4.0 57.0
-7.807015 42.17448 -0.25793013365 3.0 58.0
-7.3602667 42.781307 -0.51586026365 3.0 58.0
-7.3602667 42.781307 -0.51586026366 0.0 59.0
-7.3602667 43.577766 -0.51586026366 0.0 59.0
-7.3602667 43.577766 -0.51586026367 0.0 60.0
-7.3602667 44.374226 -0.51586026367 0.0 60.0
-7.3602667 42.781307 -0.51586026368 2.0 59.0
-6.8444066 43.388134 -0.51586026368 2.0 59.0
-6.8444066 43.388134 -0.51586026369 1.0 60.0
-6.3285465 43.99496 -0.51586026369 1.0 60.0
-6.3285465 43.99496 -0.51586026370 0.0 61.0
-5.6477885 44.123188 -0.90889597370 0.0 61.0
-5.6477885 44.123188 -0.90889597371 0.0 62.0
-4.861717 44.251415 -0.90889597371 0.0 62.0
-6.3285465 43.99496 -0.51586026372 0.0 61.0
-6.3285465 44.79142 -0.51586026372 0.0 61.0
-6.3285465 44.79142 -0.51586026373 0.0 62.0
-6.3285465 45.58788 -0.51586026373 0.0 62.0
-8.253763 41.567654 0.0374 4.0 57.0
-8.769624 42.17448 0.0374 4.0 57.0
-8.769624 42.17448 0.0375 3.0 58.0
-9.285484 42.781307 0.0375 3.0 58.0
-9.285484 42.781307 0.0376 0.0 59.0
-9.966242 42.909534 0.39303574376 0.0 59.0
-9.966242 42.909534 0.39303574377 0.0 60.0
-10.752314 43.03776 0.39303574377 0.0 60.0
-9.285484 42.781307 0.0378 2.0 59.0
-9.801345 43.388134 0.0378 2.0 59.0
-9.801345 43.388134 0.0379 1.0 60.0
-10.317205 43.99496 0.0379 1.0 60.0
-10.317205 43.99496 0.0380 0.0 61.0
-10.317205 44.79142 0.0380 0.0 61.0
-10.317205 44.79142 0.0381 0.0 62.0
-10.317205 45.58788 0.0381 0.0 62.0
-10.317205 43.99496 0.0382 0.0 61.0
-11.103277 44.123188 0.0382 0.0 61.0
-11.103277 44.123188 0.0383 0.0 62.0
-11.889349 44.251415 0.0383 0.0 62.0
-8.253763 35.19598 0.0384 12.0 49.0
-9.039835 35.324207 0.0384 12.0 49.0
-9.039835 35.324207 0.0385 11.0 50.0
-9.825907 35.452435 0.0385 11.0 50.0
-9.825907 35.452435 0.0386 10.0 51.0
-10.611979 35.58066 0.0386 10.0 51.0
-10.611979 35.58066 0.0387 9.0 52.0
-11.39805 35.70889 0.0387 9.0 52.0
-11.39805 35.70889 0.0388 4.0 53.0
-11.988646 35.297455 0.34098047388 4.0 53.0
-11.988646 35.297455 0.34098047389 3.0 54.0
-12.579241 34.88602 0.68196094389 3.0 54.0
-12.579241 34.88602 0.68196094390 0.0 55.0
-12.798436 34.130848 0.80851364390 0.0 55.0
-12.798436 34.130848 0.80851364391 0.0 56.0
-13.051541 33.375675 0.80851364391 0.0 56.0
-12.579241 34.88602 0.68196094392 2.0 55.0
-13.261202 34.474586 0.68196094392 2.0 55.0
-13.261202 34.474586 0.68196094393 1.0 56.0
-13.943163 34.063152 0.68196094393 1.0 56.0
-13.943163 34.063152 0.68196094394 0.0 57.0
-14.62392 34.191376 1.0749967394 0.0 57.0
-14.62392 34.191376 1.0749967395 0.0 58.0
-15.409992 34.3196 1.0749967395 0.0 58.0
-13.943163 34.063152 0.68196094396 0.0 57.0
-14.196268 33.30798 0.68196094396 0.0 57.0
-14.196268 33.30798 0.68196094397 0.0 58.0
-14.449373 32.552807 0.68196094397 0.0 58.0
-11.39805 35.70889 0.0398 8.0 53.0
-12.184122 35.837116 0.0398 8.0 53.0
-12.184122 35.837116 0.0399 7.0 54.0
-12.970194 35.965343 0.0399 7.0 54.0
-12.970194 35.965343 0.0400 6.0 55.0
-13.756266 36.09357 0.0400 6.0 55.0
-13.756266 36.09357 0.0401 5.0 56.0
-14.542337 36.221798 0.0401 5.0 56.0
-14.542337 36.221798 0.0402 4.0 57.0
-14.989085 36.828625 0.25793013402 4.0 57.0
-14.989085 36.828625 0.25793013403 3.0 58.0
-15.435833 37.43545 0.51586026403 3.0 58.0
-15.435833 37.43545 0.51586026404 0.0 59.0
-16.11659 37.56368 0.90889597404 0.0 59.0
-16.11659 37.56368 0.90889597405 0.0 60.0
-16.902662 37.691906 0.90889597405 0.0 60.0
-15.435833 37.43545 0.51586026406 2.0 59.0
-15.951694 38.04228 0.51586026406 2.0 59.0
-15.951694 38.04228 0.51586026407 1.0 60.0
-16.467554 38.649105 0.51586026407 1.0 60.0
-16.467554 38.649105 0.51586026408 0.0 61.0
-16.467554 39.445564 0.51586026408 0.0 61.0
-16.467554 39.445564 0.51586026409 0.0 62.0
-16.467554 40.242023 0.51586026409 0.0 62.0
-16.467554 38.649105 0.51586026410 0.0 61.0
-17.253626 38.777332 0.51586026410 0.0 61.0
-17.253626 38.777332 0.51586026411 0.0 62.0
-18.039698 38.90556 0.51586026411 0.0 62.0
-14.542337 36.221798 0.0412 4.0 57.0
-15.2242985 35.810364 0.0412 4.0 57.0
-15.2242985 35.810364 0.0413 3.0 58.0
-15.90626 35.39893 0.0413 3.0 58.0
-15.90626 35.39893 0.0414 0.0 59.0
-16.125456 34.643757 0.1265527414 0.0 59.0
-16.125456 34.643757 0.1265527415 0.0 60.0
-16.378561 33.888584 0.1265527415 0.0 60.0
-15.90626 35.39893 0.0416 2.0 59.0
-16.58822 34.987495 0.0416 2.0 59.0
-16.58822 34.987495 0.0417 1.0 60.0
-17.270182 34.57606 0.0417 1.0 60.0
-17.270182 34.57606 0.0418 0.0 61.0
-17.95094 34.704285 0.39303574418 0.0 61.0
-17.95094 34.704285 0.39303574419 0.0 62.0
-18.737011 34.832508 0.39303574419 0.0 62.0
-17.270182 34.57606 0.0420 0.0 61.0
-17.523287 33.82089 0.0420 0.0 61.0
-17.523287 33.82089 0.0421 0.0 62.0
-17.776392 33.065716 0.0421 0.0 62.0
