0.0 0.0 0.00 14.0 1.0
0.0 4.924526 0.00 14.0 1.0
0.0 4.924526 0.01 0.0 2.0
1.6751347 9.45327 -0.96713951 0.0 2.0
0.0 4.924526 0.02 13.0 2.0
0.0 9.849052 0.02 13.0 2.0
0.0 9.849052 0.03 0.0 3.0
1.6751347 14.377796 -0.96713953 0.0 3.0
1.6751347 14.377796 -0.96713954 0.0 4.0
4.7561445 17.782812 -2.74596124 0.0 4.0
1.6751347 14.377796 -0.96713955 0.0 4.0
3.6094136 18.90654 -0.96713955 0.0 4.0
0.0 9.849052 0.06 12.0 3.0
0.0 14.773579 0.06 12.0 3.0
0.0 14.773579 0.07 0.0 4.0
1.6751347 19.302322 -0.96713957 0.0 4.0
0.0 14.773579 0.08 11.0 4.0
0.0 19.698105 0.08 11.0 4.0
0.0 19.698105 0.09 2.0 5.0
1.6751347 24.226849 -0.96713959 2.0 5.0
1.6751347 24.226849 -0.967139510 0.0 6.0
4.7561445 27.631865 -2.745961210 0.0 6.0
1.6751347 24.226849 -0.967139511 1.0 6.0
3.6094136 28.755592 -0.967139511 1.0 6.0
3.6094136 28.755592 -0.967139512 0.0 7.0
6.6904235 32.160606 -2.745961212 0.0 7.0
6.6904235 32.160606 -2.745961213 0.0 8.0
10.682069 33.894573 -5.05053913 0.0 8.0
6.6904235 32.160606 -2.745961214 0.0 8.0
10.248067 35.56562 -2.745961214 0.0 8.0
3.6094136 28.755592 -0.967139515 0.0 7.0
5.5436926 33.284336 -0.967139515 0.0 7.0
5.5436926 33.284336 -0.967139516 0.0 8.0
8.624702 36.68935 -2.745961216 0.0 8.0
5.5436926 33.284336 -0.967139517 0.0 8.0
7.4779716 37.81308 -0.967139517 0.0 8.0
0.0 19.698105 0.018 10.0 5.0
0.0 24.622631 0.018 10.0 5.0
0.0 24.622631 0.019 0.0 6.0
1.6751347 29.151375 -0.967139519 0.0 6.0
0.0 24.622631 0.020 9.0 6.0
0.0 29.547157 0.020 9.0 6.0
0.0 29.547157 0.021 0.0 7.0
1.6751347 34.0759 -0.967139521 0.0 7.0
1.6751347 34.0759 -0.967139522 0.0 8.0
4.7561445 37.480915 -2.745961222 0.0 8.0
1.6751347 34.0759 -0.967139523 0.0 8.0
3.6094136 38.604645 -0.967139523 0.0 8.0
0.0 29.547157 0.024 8.0 7.0
0.0 34.471684 0.024 8.0 7.0
0.0 34.471684 0.025 0.0 8.0
1.6751347 39.000427 -0.967139525 0.0 8.0
0.0 34.471684 0.026 7.0 8.0
0.0 39.39621 0.026 7.0 8.0
0.0 39.39621 0.027 6.0 9.0
-1.6751347 43.924953 0.967139527 6.0 9.0
-1.6751347 43.924953 0.967139528 0.0 10.0
-1.6751347 48.84948 0.967139528 0.0 10.0
-1.6751347 43.924953 0.967139529 5.0 10.0
-3.6094136 48.453697 0.967139529 5.0 10.0
-3.6094136 48.453697 0.967139530 0.0 11.0
-3.6094136 53.378223 0.967139530 0.0 11.0
-3.6094136 53.378223 0.967139531 0.0 12.0
-1.934279 57.906967 0.031 0.0 12.0
-3.6094136 53.378223 0.967139532 0.0 12.0
-3.6094136 58.30275 0.967139532 0.0 12.0
-3.6094136 48.453697 0.967139533 4.0 11.0
-5.5436926 52.98244 0.967139533 4.0 11.0
-5.5436926 52.98244 0.967139534 0.0 12.0
-5.5436926 57.906967 0.967139534 0.0 12.0
-5.5436926 52.98244 0.967139535 3.0 12.0
-7.4779716 57.511185 0.967139535 3.0 12.0
-7.4779716 57.511185 0.967139536 2.0 13.0
-7.4779716 62.43571 0.967139536 2.0 13.0
-7.4779716 62.43571 0.967139537 0.0 14.0
-5.802837 66.964455 0.037 0.0 14.0
-7.4779716 62.43571 0.967139538 1.0 14.0
-7.4779716 67.36024 0.967139538 1.0 14.0
-7.4779716 67.36024 0.967139539 0.0 15.0
-5.802837 71.888985 0.039 0.0 15.0
-5.802837 71.888985 0.040 0.0 16.0
-2.721827 75.294 -1.778821840 0.0 16.0
-5.802837 71.888985 0.041 0.0 16.0
-3.868558 76.41773 0.041 0.0 16.0
-7.4779716 67.36024 0.967139542 0.0 15.0
-7.4779716 72.28476 0.967139542 0.0 15.0
-7.4779716 72.28476 0.967139543 0.0 16.0
-5.802837 76.81351 0.043 0.0 16.0
-7.4779716 72.28476 0.967139544 0.0 16.0
-7.4779716 77.20929 0.967139544 0.0 16.0
-7.4779716 57.511185 0.967139545 2.0 13.0
-9.4122505 62.03993 0.967139545 2.0 13.0
-9.4122505 62.03993 0.967139546 0.0 14.0
-9.4122505 66.964455 0.967139546 0.0 14.0
-9.4122505 62.03993 0.967139547 1.0 14.0
-11.346529 66.56867 0.967139547 1.0 14.0
-11.346529 66.56867 0.967139548 0.0 15.0
-11.346529 71.493195 0.967139548 0.0 15.0
-11.346529 71.493195 0.967139549 0.0 16.0
-9.671394 76.02194 0.049 0.0 16.0
-11.346529 71.493195 0.967139550 0.0 16.0
-11.346529 76.417725 0.967139550 0.0 16.0
-11.346529 66.56867 0.967139551 0.0 15.0
-13.2808075 71.09742 0.967139551 0.0 15.0
-13.2808075 71.09742 0.967139552 0.0 16.0
-13.2808075 76.02194 0.967139552 0.0 16.0
-13.2808075 71.09742 0.967139553 0.0 16.0
-15.215086 75.62617 0.967139553 0.0 16.0
0.0 39.39621 0.054 6.0 9.0
0.0 44.320736 0.054 6.0 9.0
0.0 44.320736 0.055 0.0 10.0
1.6751347 48.84948 -0.967139555 0.0 10.0
0.0 44.320736 0.056 5.0 10.0
0.0 49.245262 0.056 5.0 10.0
0.0 49.245262 0.057 0.0 11.0
1.6751347 53.774006 -0.967139557 0.0 11.0
1.6751347 53.774006 -0.967139558 0.0 12.0
4.7561445 57.17902 -2.745961258 0.0 12.0
1.6751347 53.774006 -0.967139559 0.0 12.0
3.6094136 58.30275 -0.967139559 0.0 12.0
0.0 49.245262 0.060 4.0 11.0
0.0 54.16979 0.060 4.0 11.0
0.0 54.16979 0.061 0.0 12.0
1.6751347 58.698532 -0.967139561 0.0 12.0
0.0 54.16979 0.062 3.0 12.0
0.0 59.094315 0.062 3.0 12.0
0.0 59.094315 0.063 2.0 13.0
1.6751347 63.62306 -0.967139563 2.0 13.0
1.6751347 63.62306 -0.967139564 0.0 14.0
4.7561445 67.028076 -2.745961264 0.0 14.0
1.6751347 63.62306 -0.967139565 1.0 14.0
3.6094136 68.1518 -0.967139565 1.0 14.0
3.6094136 68.1518 -0.967139566 0.0 15.0
6.6904235 71.556816 -2.745961266 0.0 15.0
6.6904235 71.556816 -2.745961267 0.0 16.0
10.682069 73.29079 -5.05053967 0.0 16.0
6.6904235 71.556816 -2.745961268 0.0 16.0
10.248067 74.96183 -2.745961268 0.0 16.0
3.6094136 68.1518 -0.967139569 0.0 15.0
5.5436926 72.68055 -0.967139569 0.0 15.0
5.5436926 72.68055 -0.967139570 0.0 16.0
8.624702 76.08556 -2.745961270 0.0 16.0
5.5436926 72.68055 -0.967139571 0.0 16.0
7.4779716 77.2093 -0.967139571 0.0 16.0
0.0 59.094315 0.072 2.0 13.0
0.0 64.018845 0.072 2.0 13.0
0.0 64.018845 0.073 0.0 14.0
1.6751347 68.54759 -0.967139573 0.0 14.0
0.0 64.018845 0.074 1.0 14.0
0.0 68.943375 0.074 1.0 14.0
0.0 68.943375 0.075 0.0 15.0
1.6751347 73.47212 -0.967139575 0.0 15.0
1.6751347 73.47212 -0.967139576 0.0 16.0
4.7561445 76.87714 -2.745961276 0.0 16.0
1.6751347 73.47212 -0.967139577 0.0 16.0
3.6094136 78.00087 -0.967139577 0.0 16.0
0.0 68.943375 0.078 0.0 15.0
0.0 73.867905 0.078 0.0 15.0
0.0 73.867905 0.079 0.0 16.0
1.6751347 78.39665 -0.967139579 0.0 16.0
0.0 73.867905 0.080 0.0 16.0
0.0 78.792435 0.080 0.0 16.0
