0.0 0.0 0.00 60.0 1.0
0.0 0.68879855 0.00 60.0 1.0
0.0 0.68879855 0.01 59.0 2.0
0.0 1.3775971 0.01 59.0 2.0
0.0 1.3775971 0.02 58.0 3.0
0.0 2.0663958 0.02 58.0 3.0
0.0 2.0663958 0.03 57.0 4.0
0.0 2.7551942 0.03 57.0 4.0
0.0 2.7551942 0.04 56.0 5.0
0.0 3.4439926 0.04 56.0 5.0
0.0 3.4439926 0.05 55.0 6.0
0.0 4.132791 0.05 55.0 6.0
0.0 4.132791 0.06 54.0 7.0
0.0 4.8215895 0.06 54.0 7.0
0.0 4.8215895 0.07 53.0 8.0
0.0 5.510388 0.07 53.0 8.0
0.0 5.510388 0.08 52.0 9.0
0.0 6.1991863 0.08 52.0 9.0
0.0 6.1991863 0.09 51.0 10.0
0.0 6.8879848 0.09 51.0 10.0
0.0 6.8879848 0.010 50.0 11.0
0.0 7.576783 0.010 50.0 11.0
0.0 7.576783 0.011 49.0 12.0
0.0 8.265582 0.011 49.0 12.0
0.0 8.265582 0.012 48.0 13.0
0.0 8.954381 0.012 48.0 13.0
0.0 8.954381 0.013 47.0 14.0
0.0 9.64318 0.013 47.0 14.0
0.0 9.64318 0.014 46.0 15.0
0.0 10.331979 0.014 46.0 15.0
0.0 10.331979 0.015 45.0 16.0
0.0 11.020778 0.015 45.0 16.0
0.0 11.020778 0.016 28.0 17.0
0.37533766 11.556133 -0.2167013116 28.0 17.0
0.37533766 11.556133 -0.2167013117 27.0 18.0
0.7506753 12.091489 -0.4334026317 27.0 18.0
0.7506753 12.091489 -0.4334026318 26.0 19.0
1.126013 12.626844 -0.650103918 26.0 19.0
1.126013 12.626844 -0.650103919 25.0 20.0
1.5013506 13.1622 -0.8668052619 25.0 20.0
1.5013506 13.1622 -0.8668052620 24.0 21.0
1.8766882 13.697556 -1.083506620 24.0 21.0
1.8766882 13.697556 -1.083506621 23.0 22.0
2.2520258 14.232911 -1.300207921 23.0 22.0
2.2520258 14.232911 -1.300207922 22.0 23.0
2.6273634 14.768267 -1.516909122 22.0 23.0
2.6273634 14.768267 -1.516909123 21.0 24.0
3.002701 15.303622 -1.733610423 21.0 24.0
3.002701 15.303622 -1.733610424 12.0 25.0
3.002701 15.992421 -1.733610424 12.0 25.0
3.002701 15.992421 -1.733610425 11.0 26.0
3.002701 16.68122 -1.733610425 11.0 26.0
3.002701 16.68122 -1.733610426 10.0 27.0
3.002701 17.370018 -1.733610426 10.0 27.0
3.002701 17.370018 -1.733610427 9.0 28.0
3.002701 18.058817 -1.733610427 9.0 28.0
3.002701 18.058817 -1.733610428 4.0 29.0
2.6273634 18.594173 -1.516909128 4.0 29.0
2.6273634 18.594173 -1.516909129 3.0 30.0
2.2520258 19.129528 -1.300207929 3.0 30.0
2.2520258 19.129528 -1.300207930 0.0 31.0
1.6685777 19.272919 -0.963353930 0.0 31.0
1.6685777 19.272919 -0.963353931 0.0 32.0
0.99486977 19.41631 -0.963353931 0.0 32.0
2.2520258 19.129528 -1.300207932 2.0 31.0
1.8186232 19.664883 -1.300207932 2.0 31.0
1.8186232 19.664883 -1.300207933 1.0 32.0
1.3852205 20.200237 -1.300207933 1.0 32.0
1.3852205 20.200237 -1.300207934 0.0 33.0
1.3852205 20.889036 -1.300207934 0.0 33.0
1.3852205 20.889036 -1.300207935 0.0 34.0
1.3852205 21.577835 -1.300207935 0.0 34.0
1.3852205 20.200237 -1.300207936 0.0 33.0
0.7115126 20.343628 -1.300207936 0.0 33.0
0.7115126 20.343628 -1.300207937 0.0 34.0
0.037804723 20.487019 -1.300207937 0.0 34.0
3.002701 18.058817 -1.733610438 8.0 29.0
3.002701 18.747616 -1.733610438 8.0 29.0
3.002701 18.747616 -1.733610439 7.0 30.0
3.002701 19.436415 -1.733610439 7.0 30.0
3.002701 19.436415 -1.733610440 6.0 31.0
3.002701 20.125214 -1.733610440 6.0 31.0
3.002701 20.125214 -1.733610441 5.0 32.0
3.002701 20.814013 -1.733610441 5.0 32.0
3.002701 20.814013 -1.733610442 4.0 33.0
3.3780386 21.34937 -1.950311742 4.0 33.0
3.3780386 21.34937 -1.950311743 3.0 34.0
3.7533762 21.884724 -2.16701343 3.0 34.0
3.7533762 21.884724 -2.16701344 0.0 35.0
3.7533762 22.573523 -2.16701344 0.0 35.0
3.7533762 22.573523 -2.16701345 0.0 36.0
3.7533762 23.262321 -2.16701345 0.0 36.0
3.7533762 21.884724 -2.16701346 2.0 35.0
4.186779 22.420078 -2.16701346 2.0 35.0
4.186779 22.420078 -2.16701347 1.0 36.0
4.6201816 22.955433 -2.16701347 1.0 36.0
4.6201816 22.955433 -2.16701348 0.0 37.0
5.2036295 23.098824 -2.50386748 0.0 37.0
5.2036295 23.098824 -2.50386749 0.0 38.0
5.8773375 23.242214 -2.50386749 0.0 38.0
4.6201816 22.955433 -2.16701350 0.0 37.0
4.6201816 23.644232 -2.16701350 0.0 37.0
4.6201816 23.644232 -2.16701351 0.0 38.0
4.6201816 24.33303 -2.16701351 0.0 38.0
3.002701 20.814013 -1.733610452 4.0 33.0
2.5692985 21.34937 -1.733610452 4.0 33.0
2.5692985 21.34937 -1.733610453 3.0 34.0
2.135896 21.884724 -1.733610453 3.0 34.0
2.135896 21.884724 -1.733610454 0.0 35.0
1.5524478 22.028114 -1.396756454 0.0 35.0
1.5524478 22.028114 -1.396756455 0.0 36.0
0.8787399 22.171505 -1.396756455 0.0 36.0
2.135896 21.884724 -1.733610456 2.0 35.0
1.7024933 22.420078 -1.733610456 2.0 35.0
1.7024933 22.420078 -1.733610457 1.0 36.0
1.2690907 22.955433 -1.733610457 1.0 36.0
1.2690907 22.955433 -1.733610458 0.0 37.0
1.2690907 23.644232 -1.733610458 0.0 37.0
1.2690907 23.644232 -1.733610459 0.0 38.0
1.2690907 24.33303 -1.733610459 0.0 38.0
1.2690907 22.955433 -1.733610460 0.0 37.0
0.59538275 23.098824 -1.733610460 0.0 37.0
0.59538275 23.098824 -1.733610461 0.0 38.0
-0.07832515 23.242214 -1.733610461 0.0 38.0
3.002701 15.303622 -1.733610462 20.0 25.0
3.4361036 15.838978 -1.733610462 20.0 25.0
3.4361036 15.838978 -1.733610463 19.0 26.0
3.8695061 16.374332 -1.733610463 19.0 26.0
3.8695061 16.374332 -1.733610464 18.0 27.0
4.302909 16.909687 -1.733610464 18.0 27.0
4.302909 16.909687 -1.733610465 17.0 28.0
4.7363114 17.445042 -1.733610465 17.0 28.0
4.7363114 17.445042 -1.733610466 16.0 29.0
5.169714 17.980396 -1.733610466 16.0 29.0
5.169714 17.980396 -1.733610467 15.0 30.0
5.6031165 18.51575 -1.733610467 15.0 30.0
5.6031165 18.51575 -1.733610468 14.0 31.0
6.036519 19.051105 -1.733610468 14.0 31.0
6.036519 19.051105 -1.733610469 13.0 32.0
6.4699216 19.58646 -1.733610469 13.0 32.0
6.4699216 19.58646 -1.733610470 12.0 33.0
7.0533695 19.72985 -2.070464470 12.0 33.0
7.0533695 19.72985 -2.070464471 11.0 34.0
7.636818 19.873241 -2.407318471 11.0 34.0
7.636818 19.873241 -2.407318472 10.0 35.0
8.220266 20.016632 -2.744172372 10.0 35.0
8.220266 20.016632 -2.744172373 9.0 36.0
8.803715 20.160023 -3.081026373 9.0 36.0
8.803715 20.160023 -3.081026374 4.0 37.0
9.179052 20.695377 -3.297727674 4.0 37.0
9.179052 20.695377 -3.297727675 3.0 38.0
9.55439 21.230732 -3.514428975 3.0 38.0
9.55439 21.230732 -3.514428976 0.0 39.0
9.55439 21.91953 -3.514428976 0.0 39.0
9.55439 21.91953 -3.514428977 0.0 40.0
9.55439 22.60833 -3.514428977 0.0 40.0
9.55439 21.230732 -3.514428978 2.0 39.0
9.987793 21.766087 -3.514428978 2.0 39.0
9.987793 21.766087 -3.514428979 1.0 40.0
10.421196 22.301441 -3.514428979 1.0 40.0
10.421196 22.301441 -3.514428980 0.0 41.0
11.004644 22.444832 -3.851282880 0.0 41.0
11.004644 22.444832 -3.851282881 0.0 42.0
11.678352 22.588223 -3.851282881 0.0 42.0
10.421196 22.301441 -3.514428982 0.0 41.0
10.421196 22.99024 -3.514428982 0.0 41.0
10.421196 22.99024 -3.514428983 0.0 42.0
10.421196 23.679039 -3.514428983 0.0 42.0
8.803715 20.160023 -3.081026384 8.0 37.0
9.477423 20.303413 -3.081026384 8.0 37.0
9.477423 20.303413 -3.081026385 7.0 38.0
10.151131 20.446804 -3.081026385 7.0 38.0
10.151131 20.446804 -3.081026386 6.0 39.0
10.824839 20.590195 -3.081026386 6.0 39.0
10.824839 20.590195 -3.081026387 5.0 40.0
11.498547 20.733585 -3.081026387 5.0 40.0
11.498547 20.733585 -3.081026388 4.0 41.0
12.030157 20.421125 -3.387951688 4.0 41.0
12.030157 20.421125 -3.387951689 3.0 42.0
12.561768 20.108665 -3.69487789 3.0 42.0
12.561768 20.108665 -3.69487790 0.0 43.0
13.145216 20.252056 -4.031730790 0.0 43.0
13.145216 20.252056 -4.031730791 0.0 44.0
13.818924 20.395447 -4.031730791 0.0 44.0
12.561768 20.108665 -3.69487792 2.0 43.0
13.175618 19.796206 -3.69487792 2.0 43.0
13.175618 19.796206 -3.69487793 1.0 44.0
13.789469 19.483746 -3.69487793 1.0 44.0
13.789469 19.483746 -3.69487794 0.0 45.0
14.032389 18.854649 -3.835126694 0.0 45.0
14.032389 18.854649 -3.835126695 0.0 46.0
14.312888 18.225552 -3.835126695 0.0 46.0
13.789469 19.483746 -3.69487796 0.0 45.0
14.463177 19.627136 -3.69487796 0.0 45.0
14.463177 19.627136 -3.69487797 0.0 46.0
15.136885 19.770527 -3.69487797 0.0 46.0
11.498547 20.733585 -3.081026398 4.0 41.0
11.93195 21.26894 -3.081026398 4.0 41.0
11.93195 21.26894 -3.081026399 3.0 42.0
12.365353 21.804295 -3.081026399 3.0 42.0
12.365353 21.804295 -3.0810263100 0.0 43.0
12.365353 22.493093 -3.0810263100 0.0 43.0
12.365353 22.493093 -3.0810263101 0.0 44.0
12.365353 23.181892 -3.0810263101 0.0 44.0
12.365353 21.804295 -3.0810263102 2.0 43.0
12.798756 22.33965 -3.0810263102 2.0 43.0
12.798756 22.33965 -3.0810263103 1.0 44.0
13.232159 22.875004 -3.0810263103 1.0 44.0
13.232159 22.875004 -3.0810263104 0.0 45.0
13.815607 23.018394 -3.4178803104 0.0 45.0
13.815607 23.018394 -3.4178803105 0.0 46.0
14.489315 23.161785 -3.4178803105 0.0 46.0
13.232159 22.875004 -3.0810263106 0.0 45.0
13.232159 23.563803 -3.0810263106 0.0 45.0
13.232159 23.563803 -3.0810263107 0.0 46.0
13.232159 24.252602 -3.0810263107 0.0 46.0
6.4699216 19.58646 -1.7336104108 12.0 33.0
6.4699216 20.275259 -1.7336104108 12.0 33.0
6.4699216 20.275259 -1.7336104109 11.0 34.0
6.4699216 20.964058 -1.7336104109 11.0 34.0
6.4699216 20.964058 -1.7336104110 10.0 35.0
6.4699216 21.652857 -1.7336104110 10.0 35.0
6.4699216 21.652857 -1.7336104111 9.0 36.0
6.4699216 22.341656 -1.7336104111 9.0 36.0
6.4699216 22.341656 -1.7336104112 4.0 37.0
6.094584 22.87701 -1.5169091112 4.0 37.0
6.094584 22.87701 -1.5169091113 3.0 38.0
5.7192464 23.412365 -1.3002079113 3.0 38.0
5.7192464 23.412365 -1.3002079114 0.0 39.0
5.1357985 23.555756 -0.9633539114 0.0 39.0
5.1357985 23.555756 -0.9633539115 0.0 40.0
4.4620905 23.699146 -0.9633539115 0.0 40.0
5.7192464 23.412365 -1.3002079116 2.0 39.0
5.285844 23.94772 -1.3002079116 2.0 39.0
5.285844 23.94772 -1.3002079117 1.0 40.0
4.8524413 24.483074 -1.3002079117 1.0 40.0
4.8524413 24.483074 -1.3002079118 0.0 41.0
4.8524413 25.171873 -1.3002079118 0.0 41.0
4.8524413 25.171873 -1.3002079119 0.0 42.0
4.8524413 25.860672 -1.3002079119 0.0 42.0
4.8524413 24.483074 -1.3002079120 0.0 41.0
4.1787333 24.626465 -1.3002079120 0.0 41.0
4.1787333 24.626465 -1.3002079121 0.0 42.0
3.5050254 24.769855 -1.3002079121 0.0 42.0
6.4699216 22.341656 -1.7336104122 8.0 37.0
6.4699216 23.030455 -1.7336104122 8.0 37.0
6.4699216 23.030455 -1.7336104123 7.0 38.0
6.4699216 23.719254 -1.7336104123 7.0 38.0
6.4699216 23.719254 -1.7336104124 6.0 39.0
6.4699216 24.408052 -1.7336104124 6.0 39.0
6.4699216 24.408052 -1.7336104125 5.0 40.0
6.4699216 25.096851 -1.7336104125 5.0 40.0
6.4699216 25.096851 -1.7336104126 4.0 41.0
6.845259 25.632206 -1.9503117126 4.0 41.0
6.845259 25.632206 -1.9503117127 3.0 42.0
7.220597 26.16756 -2.167013127 3.0 42.0
7.220597 26.16756 -2.167013128 0.0 43.0
7.220597 26.85636 -2.167013128 0.0 43.0
7.220597 26.85636 -2.167013129 0.0 44.0
7.220597 27.545158 -2.167013129 0.0 44.0
7.220597 26.16756 -2.167013130 2.0 43.0
7.6539993 26.702915 -2.167013130 2.0 43.0
7.6539993 26.702915 -2.167013131 1.0 44.0
8.087402 27.23827 -2.167013131 1.0 44.0
8.087402 27.23827 -2.167013132 0.0 45.0
8.670851 27.38166 -2.503867132 0.0 45.0
8.670851 27.38166 -2.503867133 0.0 46.0
9.344559 27.525051 -2.503867133 0.0 46.0
8.087402 27.23827 -2.167013134 0.0 45.0
8.087402 27.927069 -2.167013134 0.0 45.0
8.087402 27.927069 -2.167013135 0.0 46.0
8.087402 28.615868 -2.167013135 0.0 46.0
6.4699216 25.096851 -1.7336104136 4.0 41.0
6.036519 25.632206 -1.7336104136 4.0 41.0
6.036519 25.632206 -1.7336104137 3.0 42.0
5.6031165 26.16756 -1.7336104137 3.0 42.0
5.6031165 26.16756 -1.7336104138 0.0 43.0
5.0196686 26.310951 -1.3967564138 0.0 43.0
5.0196686 26.310951 -1.3967564139 0.0 44.0
4.3459606 26.454342 -1.3967564139 0.0 44.0
5.6031165 26.16756 -1.7336104140 2.0 43.0
5.169714 26.702915 -1.7336104140 2.0 43.0
5.169714 26.702915 -1.7336104141 1.0 44.0
4.7363114 27.23827 -1.7336104141 1.0 44.0
4.7363114 27.23827 -1.7336104142 0.0 45.0
4.7363114 27.927069 -1.7336104142 0.0 45.0
4.7363114 27.927069 -1.7336104143 0.0 46.0
4.7363114 28.615868 -1.7336104143 0.0 46.0
4.7363114 27.23827 -1.7336104144 0.0 45.0
4.0626035 27.38166 -1.7336104144 0.0 45.0
4.0626035 27.38166 -1.7336104145 0.0 46.0
3.3888955 27.525051 -1.7336104145 0.0 46.0
0.0 11.020778 0.0146 44.0 17.0
0.0 11.709577 0.0146 44.0 17.0
0.0 11.709577 0.0147 43.0 18.0
0.0 12.3983755 0.0147 43.0 18.0
0.0 12.3983755 0.0148 42.0 19.0
0.0 13.087174 0.0148 42.0 19.0
0.0 13.087174 0.0149 41.0 20.0
0.0 13.775973 0.0149 41.0 20.0
0.0 13.775973 0.0150 40.0 21.0
0.0 14.464772 0.0150 40.0 21.0
0.0 14.464772 0.0151 39.0 22.0
0.0 15.153571 0.0151 39.0 22.0
0.0 15.153571 0.0152 38.0 23.0
0.0 15.84237 0.0152 38.0 23.0
0.0 15.84237 0.0153 37.0 24.0
0.0 16.531168 0.0153 37.0 24.0
0.0 16.531168 0.0154 36.0 25.0
0.0 17.219967 0.0154 36.0 25.0
0.0 17.219967 0.0155 35.0 26.0
0.0 17.908766 0.0155 35.0 26.0
0.0 17.908766 0.0156 34.0 27.0
0.0 18.597565 0.0156 34.0 27.0
0.0 18.597565 0.0157 33.0 28.0
0.0 19.286364 0.0157 33.0 28.0
0.0 19.286364 0.0158 32.0 29.0
0.0 19.975163 0.0158 32.0 29.0
0.0 19.975163 0.0159 31.0 30.0
0.0 20.663961 0.0159 31.0 30.0
0.0 20.663961 0.0160 30.0 31.0
0.0 21.35276 0.0160 30.0 31.0
0.0 21.35276 0.0161 29.0 32.0
0.0 22.04156 0.0161 29.0 32.0
0.0 22.04156 0.0162 28.0 33.0
0.37533766 22.576916 -0.21670131162 28.0 33.0
0.37533766 22.576916 -0.21670131163 27.0 34.0
0.7506753 23.11227 -0.43340263163 27.0 34.0
0.7506753 23.11227 -0.43340263164 26.0 35.0
1.126013 23.647625 -0.6501039164 26.0 35.0
1.126013 23.647625 -0.6501039165 25.0 36.0
1.5013506 24.18298 -0.86680526165 25.0 36.0
1.5013506 24.18298 -0.86680526166 24.0 37.0
1.8766882 24.718334 -1.0835066166 24.0 37.0
1.8766882 24.718334 -1.0835066167 23.0 38.0
2.2520258 25.253689 -1.3002079167 23.0 38.0
2.2520258 25.253689 -1.3002079168 22.0 39.0
2.6273634 25.789043 -1.5169091168 22.0 39.0
2.6273634 25.789043 -1.5169091169 21.0 40.0
3.002701 26.324398 -1.7336104169 21.0 40.0
3.002701 26.324398 -1.7336104170 12.0 41.0
3.002701 27.013197 -1.7336104170 12.0 41.0
3.002701 27.013197 -1.7336104171 11.0 42.0
3.002701 27.701996 -1.7336104171 11.0 42.0
3.002701 27.701996 -1.7336104172 10.0 43.0
3.002701 28.390795 -1.7336104172 10.0 43.0
3.002701 28.390795 -1.7336104173 9.0 44.0
3.002701 29.079594 -1.7336104173 9.0 44.0
3.002701 29.079594 -1.7336104174 4.0 45.0
2.6273634 29.614948 -1.5169091174 4.0 45.0
2.6273634 29.614948 -1.5169091175 3.0 46.0
2.2520258 30.150303 -1.3002079175 3.0 46.0
2.2520258 30.150303 -1.3002079176 0.0 47.0
1.6685777 30.293694 -0.9633539176 0.0 47.0
1.6685777 30.293694 -0.9633539177 0.0 48.0
0.99486977 30.437084 -0.9633539177 0.0 48.0
2.2520258 30.150303 -1.3002079178 2.0 47.0
1.8186232 30.685658 -1.3002079178 2.0 47.0
1.8186232 30.685658 -1.3002079179 1.0 48.0
1.3852205 31.221012 -1.3002079179 1.0 48.0
1.3852205 31.221012 -1.3002079180 0.0 49.0
1.3852205 31.909811 -1.3002079180 0.0 49.0
1.3852205 31.909811 -1.3002079181 0.0 50.0
1.3852205 32.59861 -1.3002079181 0.0 50.0
1.3852205 31.221012 -1.3002079182 0.0 49.0
0.7115126 31.364403 -1.3002079182 0.0 49.0
0.7115126 31.364403 -1.3002079183 0.0 50.0
0.037804723 31.507793 -1.3002079183 0.0 50.0
3.002701 29.079594 -1.7336104184 8.0 45.0
3.002701 29.768393 -1.7336104184 8.0 45.0
3.002701 29.768393 -1.7336104185 7.0 46.0
3.002701 30.457191 -1.7336104185 7.0 46.0
3.002701 30.457191 -1.7336104186 6.0 47.0
3.002701 31.14599 -1.7336104186 6.0 47.0
3.002701 31.14599 -1.7336104187 5.0 48.0
3.002701 31.83479 -1.7336104187 5.0 48.0
3.002701 31.83479 -1.7336104188 4.0 49.0
3.3780386 32.370144 -1.9503117188 4.0 49.0
3.3780386 32.370144 -1.9503117189 3.0 50.0
3.7533762 32.9055 -2.167013189 3.0 50.0
3.7533762 32.9055 -2.167013190 0.0 51.0
3.7533762 33.594296 -2.167013190 0.0 51.0
3.7533762 33.594296 -2.167013191 0.0 52.0
3.7533762 34.283092 -2.167013191 0.0 52.0
3.7533762 32.9055 -2.167013192 2.0 51.0
4.186779 33.440853 -2.167013192 2.0 51.0
4.186779 33.440853 -2.167013193 1.0 52.0
4.6201816 33.976208 -2.167013193 1.0 52.0
4.6201816 33.976208 -2.167013194 0.0 53.0
5.2036295 34.1196 -2.503867194 0.0 53.0
5.2036295 34.1196 -2.503867195 0.0 54.0
5.8773375 34.26299 -2.503867195 0.0 54.0
4.6201816 33.976208 -2.167013196 0.0 53.0
4.6201816 34.665005 -2.167013196 0.0 53.0
4.6201816 34.665005 -2.167013197 0.0 54.0
4.6201816 35.3538 -2.167013197 0.0 54.0
3.002701 31.83479 -1.7336104198 4.0 49.0
2.5692985 32.370144 -1.7336104198 4.0 49.0
2.5692985 32.370144 -1.7336104199 3.0 50.0
2.135896 32.9055 -1.7336104199 3.0 50.0
2.135896 32.9055 -1.7336104200 0.0 51.0
1.5524478 33.04889 -1.3967564200 0.0 51.0
1.5524478 33.04889 -1.3967564201 0.0 52.0
0.8787399 33.19228 -1.3967564201 0.0 52.0
2.135896 32.9055 -1.7336104202 2.0 51.0
1.7024933 33.440853 -1.7336104202 2.0 51.0
1.7024933 33.440853 -1.7336104203 1.0 52.0
1.2690907 33.976208 -1.7336104203 1.0 52.0
1.2690907 33.976208 -1.7336104204 0.0 53.0
1.2690907 34.665005 -1.7336104204 0.0 53.0
1.2690907 34.665005 -1.7336104205 0.0 54.0
1.2690907 35.3538 -1.7336104205 0.0 54.0
1.2690907 33.976208 -1.7336104206 0.0 53.0
0.59538275 34.1196 -1.7336104206 0.0 53.0
0.59538275 34.1196 -1.7336104207 0.0 54.0
-0.07832515 34.26299 -1.7336104207 0.0 54.0
3.002701 26.324398 -1.7336104208 20.0 41.0
3.4361036 26.859753 -1.7336104208 20.0 41.0
3.4361036 26.859753 -1.7336104209 19.0 42.0
3.8695061 27.395107 -1.7336104209 19.0 42.0
3.8695061 27.395107 -1.7336104210 18.0 43.0
4.302909 27.930462 -1.7336104210 18.0 43.0
4.302909 27.930462 -1.7336104211 17.0 44.0
4.7363114 28.465816 -1.7336104211 17.0 44.0
4.7363114 28.465816 -1.7336104212 16.0 45.0
5.169714 29.001171 -1.7336104212 16.0 45.0
5.169714 29.001171 -1.7336104213 15.0 46.0
5.6031165 29.536526 -1.7336104213 15.0 46.0
5.6031165 29.536526 -1.7336104214 14.0 47.0
6.036519 30.07188 -1.7336104214 14.0 47.0
6.036519 30.07188 -1.7336104215 13.0 48.0
6.4699216 30.607235 -1.7336104215 13.0 48.0
6.4699216 30.607235 -1.7336104216 12.0 49.0
7.0533695 30.750626 -2.0704644216 12.0 49.0
7.0533695 30.750626 -2.0704644217 11.0 50.0
7.636818 30.894016 -2.4073184217 11.0 50.0
7.636818 30.894016 -2.4073184218 10.0 51.0
8.220266 31.037407 -2.7441723218 10.0 51.0
8.220266 31.037407 -2.7441723219 9.0 52.0
8.803715 31.180798 -3.0810263219 9.0 52.0
8.803715 31.180798 -3.0810263220 4.0 53.0
9.179052 31.716152 -3.2977276220 4.0 53.0
9.179052 31.716152 -3.2977276221 3.0 54.0
9.55439 32.251507 -3.5144289221 3.0 54.0
9.55439 32.251507 -3.5144289222 0.0 55.0
9.55439 32.940304 -3.5144289222 0.0 55.0
9.55439 32.940304 -3.5144289223 0.0 56.0
9.55439 33.6291 -3.5144289223 0.0 56.0
9.55439 32.251507 -3.5144289224 2.0 55.0
9.987793 32.78686 -3.5144289224 2.0 55.0
9.987793 32.78686 -3.5144289225 1.0 56.0
10.421196 33.322216 -3.5144289225 1.0 56.0
10.421196 33.322216 -3.5144289226 0.0 57.0
11.004644 33.465607 -3.8512828226 0.0 57.0
11.004644 33.465607 -3.8512828227 0.0 58.0
11.678352 33.608997 -3.8512828227 0.0 58.0
10.421196 33.322216 -3.5144289228 0.0 57.0
10.421196 34.011013 -3.5144289228 0.0 57.0
10.421196 34.011013 -3.5144289229 0.0 58.0
10.421196 34.69981 -3.5144289229 0.0 58.0
8.803715 31.180798 -3.0810263230 8.0 53.0
9.477423 31.324188 -3.0810263230 8.0 53.0
9.477423 31.324188 -3.0810263231 7.0 54.0
10.151131 31.467579 -3.0810263231 7.0 54.0
10.151131 31.467579 -3.0810263232 6.0 55.0
10.824839 31.61097 -3.0810263232 6.0 55.0
10.824839 31.61097 -3.0810263233 5.0 56.0
11.498547 31.75436 -3.0810263233 5.0 56.0
11.498547 31.75436 -3.0810263234 4.0 57.0
12.030157 31.4419 -3.3879516234 4.0 57.0
12.030157 31.4419 -3.3879516235 3.0 58.0
12.561768 31.12944 -3.694877235 3.0 58.0
12.561768 31.12944 -3.694877236 0.0 59.0
13.145216 31.272831 -4.0317307236 0.0 59.0
13.145216 31.272831 -4.0317307237 0.0 60.0
13.818924 31.416222 -4.0317307237 0.0 60.0
12.561768 31.12944 -3.694877238 2.0 59.0
13.175618 30.81698 -3.694877238 2.0 59.0
13.175618 30.81698 -3.694877239 1.0 60.0
13.789469 30.50452 -3.694877239 1.0 60.0
13.789469 30.50452 -3.694877240 0.0 61.0
14.032389 29.875423 -3.8351266240 0.0 61.0
14.032389 29.875423 -3.8351266241 0.0 62.0
14.312888 29.246326 -3.8351266241 0.0 62.0
13.789469 30.50452 -3.694877242 0.0 61.0
14.463177 30.647911 -3.694877242 0.0 61.0
14.463177 30.647911 -3.694877243 0.0 62.0
15.136885 30.791302 -3.694877243 0.0 62.0
11.498547 31.75436 -3.0810263244 4.0 57.0
11.93195 32.289715 -3.0810263244 4.0 57.0
11.93195 32.289715 -3.0810263245 3.0 58.0
12.365353 32.82507 -3.0810263245 3.0 58.0
12.365353 32.82507 -3.0810263246 0.0 59.0
12.365353 33.513866 -3.0810263246 0.0 59.0
12.365353 33.513866 -3.0810263247 0.0 60.0
12.365353 34.202663 -3.0810263247 0.0 60.0
12.365353 32.82507 -3.0810263248 2.0 59.0
12.798756 33.360424 -3.0810263248 2.0 59.0
12.798756 33.360424 -3.0810263249 1.0 60.0
13.232159 33.89578 -3.0810263249 1.0 60.0
13.232159 33.89578 -3.0810263250 0.0 61.0
13.815607 34.03917 -3.4178803250 0.0 61.0
13.815607 34.03917 -3.4178803251 0.0 62.0
14.489315 34.18256 -3.4178803251 0.0 62.0
13.232159 33.89578 -3.0810263252 0.0 61.0
13.232159 34.584576 -3.0810263252 0.0 61.0
13.232159 34.584576 -3.0810263253 0.0 62.0
13.232159 35.273373 -3.0810263253 0.0 62.0
6.4699216 30.607235 -1.7336104254 12.0 49.0
6.4699216 31.296034 -1.7336104254 12.0 49.0
6.4699216 31.296034 -1.7336104255 11.0 50.0
6.4699216 31.984833 -1.7336104255 11.0 50.0
6.4699216 31.984833 -1.7336104256 10.0 51.0
6.4699216 32.67363 -1.7336104256 10.0 51.0
6.4699216 32.67363 -1.7336104257 9.0 52.0
6.4699216 33.362427 -1.7336104257 9.0 52.0
6.4699216 33.362427 -1.7336104258 4.0 53.0
6.094584 33.89778 -1.5169091258 4.0 53.0
6.094584 33.89778 -1.5169091259 3.0 54.0
5.7192464 34.433136 -1.3002079259 3.0 54.0
5.7192464 34.433136 -1.3002079260 0.0 55.0
5.1357985 34.576527 -0.9633539260 0.0 55.0
5.1357985 34.576527 -0.9633539261 0.0 56.0
4.4620905 34.719917 -0.9633539261 0.0 56.0
5.7192464 34.433136 -1.3002079262 2.0 55.0
5.285844 34.96849 -1.3002079262 2.0 55.0
5.285844 34.96849 -1.3002079263 1.0 56.0
4.8524413 35.503845 -1.3002079263 1.0 56.0
4.8524413 35.503845 -1.3002079264 0.0 57.0
4.8524413 36.192642 -1.3002079264 0.0 57.0
4.8524413 36.192642 -1.3002079265 0.0 58.0
4.8524413 36.88144 -1.3002079265 0.0 58.0
4.8524413 35.503845 -1.3002079266 0.0 57.0
4.1787333 35.647236 -1.3002079266 0.0 57.0
4.1787333 35.647236 -1.3002079267 0.0 58.0
3.5050254 35.790627 -1.3002079267 0.0 58.0
6.4699216 33.362427 -1.7336104268 8.0 53.0
6.4699216 34.051224 -1.7336104268 8.0 53.0
6.4699216 34.051224 -1.7336104269 7.0 54.0
6.4699216 34.74002 -1.7336104269 7.0 54.0
6.4699216 34.74002 -1.7336104270 6.0 55.0
6.4699216 35.428818 -1.7336104270 6.0 55.0
6.4699216 35.428818 -1.7336104271 5.0 56.0
6.4699216 36.117615 -1.7336104271 5.0 56.0
6.4699216 36.117615 -1.7336104272 4.0 57.0
6.845259 36.65297 -1.9503117272 4.0 57.0
6.845259 36.65297 -1.9503117273 3.0 58.0
7.220597 37.188324 -2.167013273 3.0 58.0
7.220597 37.188324 -2.167013274 0.0 59.0
7.220597 37.87712 -2.167013274 0.0 59.0
7.220597 37.87712 -2.167013275 0.0 60.0
7.220597 38.565918 -2.167013275 0.0 60.0
7.220597 37.188324 -2.167013276 2.0 59.0
7.6539993 37.72368 -2.167013276 2.0 59.0
7.6539993 37.72368 -2.167013277 1.0 60.0
8.087402 38.259033 -2.167013277 1.0 60.0
8.087402 38.259033 -2.167013278 0.0 61.0
8.670851 38.402424 -2.503867278 0.0 61.0
8.670851 38.402424 -2.503867279 0.0 62.0
9.344559 38.545815 -2.503867279 0.0 62.0
8.087402 38.259033 -2.167013280 0.0 61.0
8.087402 38.94783 -2.167013280 0.0 61.0
8.087402 38.94783 -2.167013281 0.0 62.0
8.087402 39.636627 -2.167013281 0.0 62.0
6.4699216 36.117615 -1.7336104282 4.0 57.0
6.036519 36.65297 -1.7336104282 4.0 57.0
6.036519 36.65297 -1.7336104283 3.0 58.0
5.6031165 37.188324 -1.7336104283 3.0 58.0
5.6031165 37.188324 -1.7336104284 0.0 59.0
5.0196686 37.331715 -1.3967564284 0.0 59.0
5.0196686 37.331715 -1.3967564285 0.0 60.0
4.3459606 37.475105 -1.3967564285 0.0 60.0
5.6031165 37.188324 -1.7336104286 2.0 59.0
5.169714 37.72368 -1.7336104286 2.0 59.0
5.169714 37.72368 -1.7336104287 1.0 60.0
4.7363114 38.259033 -1.7336104287 1.0 60.0
4.7363114 38.259033 -1.7336104288 0.0 61.0
4.7363114 38.94783 -1.7336104288 0.0 61.0
4.7363114 38.94783 -1.7336104289 0.0 62.0
4.7363114 39.636627 -1.7336104289 0.0 62.0
4.7363114 38.259033 -1.7336104290 0.0 61.0
4.0626035 38.402424 -1.7336104290 0.0 61.0
4.0626035 38.402424 -1.7336104291 0.0 62.0
3.3888955 38.545815 -1.7336104291 0.0 62.0
0.0 22.04156 0.0292 28.0 33.0
-0.43340263 22.576916 0.0292 28.0 33.0
-0.43340263 22.576916 0.0293 27.0 34.0
-0.86680526 23.11227 0.0293 27.0 34.0
-0.86680526 23.11227 0.0294 26.0 35.0
-1.3002079 23.647625 0.0294 26.0 35.0
-1.3002079 23.647625 0.0295 25.0 36.0
-1.7336105 24.18298 0.0295 25.0 36.0
-1.7336105 24.18298 0.0296 24.0 37.0
-2.1670132 24.718334 0.0296 24.0 37.0
-2.1670132 24.718334 0.0297 23.0 38.0
-2.6004157 25.253689 0.0297 23.0 38.0
-2.6004157 25.253689 0.0298 22.0 39.0
-3.0338182 25.789043 0.0298 22.0 39.0
-3.0338182 25.789043 0.0299 21.0 40.0
-3.4672208 26.324398 0.0299 21.0 40.0
-3.4672208 26.324398 0.0300 12.0 41.0
-4.0506687 26.467789 0.33685395300 12.0 41.0
-4.0506687 26.467789 0.33685395301 11.0 42.0
-4.634117 26.61118 0.6737079301 11.0 42.0
-4.634117 26.61118 0.6737079302 10.0 43.0
-5.2175655 26.75457 1.0105618302 10.0 43.0
-5.2175655 26.75457 1.0105618303 9.0 44.0
-5.801014 26.89796 1.3474158303 9.0 44.0
-5.801014 26.89796 1.3474158304 4.0 45.0
-6.3326244 26.5855 1.6543412304 4.0 45.0
-6.3326244 26.5855 1.6543412305 3.0 46.0
-6.864235 26.27304 1.9612665305 3.0 46.0
-6.864235 26.27304 1.9612665306 0.0 47.0
-7.107155 25.643944 2.1015162306 0.0 47.0
-7.107155 25.643944 2.1015162307 0.0 48.0
-7.3876543 25.014847 2.1015162307 0.0 48.0
-6.864235 26.27304 1.9612665308 2.0 47.0
-7.4780855 25.96058 1.9612665308 2.0 47.0
-7.4780855 25.96058 1.9612665309 1.0 48.0
-8.091936 25.64812 1.9612665309 1.0 48.0
-8.091936 25.64812 1.9612665310 0.0 49.0
-8.6753845 25.791512 2.2981205310 0.0 49.0
-8.6753845 25.791512 2.2981205311 0.0 50.0
-9.3490925 25.934902 2.2981205311 0.0 50.0
-8.091936 25.64812 1.9612665312 0.0 49.0
-8.372436 25.019024 1.9612665312 0.0 49.0
-8.372436 25.019024 1.9612665313 0.0 50.0
-8.652935 24.389927 1.9612665313 0.0 50.0
-5.801014 26.89796 1.3474158314 8.0 45.0
-6.474722 27.041351 1.3474158314 8.0 45.0
-6.474722 27.041351 1.3474158315 7.0 46.0
-7.14843 27.184742 1.3474158315 7.0 46.0
-7.14843 27.184742 1.3474158316 6.0 47.0
-7.822138 27.328133 1.3474158316 6.0 47.0
-7.822138 27.328133 1.3474158317 5.0 48.0
-8.495846 27.471523 1.3474158317 5.0 48.0
-8.495846 27.471523 1.3474158318 4.0 49.0
-8.871183 28.006878 1.5641171318 4.0 49.0
-8.871183 28.006878 1.5641171319 3.0 50.0
-9.246521 28.542233 1.7808183319 3.0 50.0
-9.246521 28.542233 1.7808183320 0.0 51.0
-9.829969 28.685623 2.1176722320 0.0 51.0
-9.829969 28.685623 2.1176722321 0.0 52.0
-10.503677 28.829014 2.1176722321 0.0 52.0
-9.246521 28.542233 1.7808183322 2.0 51.0
-9.679924 29.077587 1.7808183322 2.0 51.0
-9.679924 29.077587 1.7808183323 1.0 52.0
-10.113327 29.612942 1.7808183323 1.0 52.0
-10.113327 29.612942 1.7808183324 0.0 53.0
-10.113327 30.30174 1.7808183324 0.0 53.0
-10.113327 30.30174 1.7808183325 0.0 54.0
-10.113327 30.99054 1.7808183325 0.0 54.0
-10.113327 29.612942 1.7808183326 0.0 53.0
-10.787035 29.756332 1.7808183326 0.0 53.0
-10.787035 29.756332 1.7808183327 0.0 54.0
-11.460743 29.899723 1.7808183327 0.0 54.0
-8.495846 27.471523 1.3474158328 4.0 49.0
-9.109696 27.159063 1.3474158328 4.0 49.0
-9.109696 27.159063 1.3474158329 3.0 50.0
-9.723547 26.846603 1.3474158329 3.0 50.0
-9.723547 26.846603 1.3474158330 0.0 51.0
-9.966467 26.217506 1.4876657330 0.0 51.0
-9.966467 26.217506 1.4876657331 0.0 52.0
-10.246966 25.58841 1.4876657331 0.0 52.0
-9.723547 26.846603 1.3474158332 2.0 51.0
-10.337398 26.534143 1.3474158332 2.0 51.0
-10.337398 26.534143 1.3474158333 1.0 52.0
-10.951248 26.221684 1.3474158333 1.0 52.0
-10.951248 26.221684 1.3474158334 0.0 53.0
-11.534697 26.365074 1.6842698334 0.0 53.0
-11.534697 26.365074 1.6842698335 0.0 54.0
-12.208405 26.508465 1.6842698335 0.0 54.0
-10.951248 26.221684 1.3474158336 0.0 53.0
-11.231748 25.592587 1.3474158336 0.0 53.0
-11.231748 25.592587 1.3474158337 0.0 54.0
-11.512247 24.96349 1.3474158337 0.0 54.0
-3.4672208 26.324398 0.0338 20.0 41.0
-3.9006233 26.859753 0.0338 20.0 41.0
-3.9006233 26.859753 0.0339 19.0 42.0
-4.334026 27.395107 0.0339 19.0 42.0
-4.334026 27.395107 0.0340 18.0 43.0
-4.7674284 27.930462 0.0340 18.0 43.0
-4.7674284 27.930462 0.0341 17.0 44.0
-5.200831 28.465816 0.0341 17.0 44.0
-5.200831 28.465816 0.0342 16.0 45.0
-5.6342335 29.001171 0.0342 16.0 45.0
-5.6342335 29.001171 0.0343 15.0 46.0
-6.067636 29.536526 0.0343 15.0 46.0
-6.067636 29.536526 0.0344 14.0 47.0
-6.5010386 30.07188 0.0344 14.0 47.0
-6.5010386 30.07188 0.0345 13.0 48.0
-6.934441 30.607235 0.0345 13.0 48.0
-6.934441 30.607235 0.0346 12.0 49.0
-6.934441 31.296034 0.0346 12.0 49.0
-6.934441 31.296034 0.0347 11.0 50.0
-6.934441 31.984833 0.0347 11.0 50.0
-6.934441 31.984833 0.0348 10.0 51.0
-6.934441 32.67363 0.0348 10.0 51.0
-6.934441 32.67363 0.0349 9.0 52.0
-6.934441 33.362427 0.0349 9.0 52.0
-6.934441 33.362427 0.0350 4.0 53.0
-7.3097787 33.89778 0.21670131350 4.0 53.0
-7.3097787 33.89778 0.21670131351 3.0 54.0
-7.6851163 34.433136 0.43340263351 3.0 54.0
-7.6851163 34.433136 0.43340263352 0.0 55.0
-8.268564 34.576527 0.7702566352 0.0 55.0
-8.268564 34.576527 0.7702566353 0.0 56.0
-8.942272 34.719917 0.7702566353 0.0 56.0
-7.6851163 34.433136 0.43340263354 2.0 55.0
-8.118519 34.96849 0.43340263354 2.0 55.0
-8.118519 34.96849 0.43340263355 1.0 56.0
-8.551922 35.503845 0.43340263355 1.0 56.0
-8.551922 35.503845 0.43340263356 0.0 57.0
-8.551922 36.192642 0.43340263356 0.0 57.0
-8.551922 36.192642 0.43340263357 0.0 58.0
-8.551922 36.88144 0.43340263357 0.0 58.0
-8.551922 35.503845 0.43340263358 0.0 57.0
-9.22563 35.647236 0.43340263358 0.0 57.0
-9.22563 35.647236 0.43340263359 0.0 58.0
-9.899338 35.790627 0.43340263359 0.0 58.0
-6.934441 33.362427 0.0360 8.0 53.0
-6.934441 34.051224 0.0360 8.0 53.0
-6.934441 34.051224 0.0361 7.0 54.0
-6.934441 34.74002 0.0361 7.0 54.0
-6.934441 34.74002 0.0362 6.0 55.0
-6.934441 35.428818 0.0362 6.0 55.0
-6.934441 35.428818 0.0363 5.0 56.0
-6.934441 36.117615 0.0363 5.0 56.0
-6.934441 36.117615 0.0364 4.0 57.0
-6.5591035 36.65297 -0.21670131364 4.0 57.0
-6.5591035 36.65297 -0.21670131365 3.0 58.0
-6.183766 37.188324 -0.43340263365 3.0 58.0
-6.183766 37.188324 -0.43340263366 0.0 59.0
-6.183766 37.87712 -0.43340263366 0.0 59.0
-6.183766 37.87712 -0.43340263367 0.0 60.0
-6.183766 38.565918 -0.43340263367 0.0 60.0
-6.183766 37.188324 -0.43340263368 2.0 59.0
-5.7503633 37.72368 -0.43340263368 2.0 59.0
-5.7503633 37.72368 -0.43340263369 1.0 60.0
-5.316961 38.259033 -0.43340263369 1.0 60.0
-5.316961 38.259033 -0.43340263370 0.0 61.0
-4.733513 38.402424 -0.7702566370 0.0 61.0
-4.733513 38.402424 -0.7702566371 0.0 62.0
-4.059805 38.545815 -0.7702566371 0.0 62.0
-5.316961 38.259033 -0.43340263372 0.0 61.0
-5.316961 38.94783 -0.43340263372 0.0 61.0
-5.316961 38.94783 -0.43340263373 0.0 62.0
-5.316961 39.636627 -0.43340263373 0.0 62.0
-6.934441 36.117615 0.0374 4.0 57.0
-7.3678436 36.65297 0.0374 4.0 57.0
-7.3678436 36.65297 0.0375 3.0 58.0
-7.801246 37.188324 0.0375 3.0 58.0
-7.801246 37.188324 0.0376 0.0 59.0
-8.384694 37.331715 0.33685395376 0.0 59.0
-8.384694 37.331715 0.33685395377 0.0 60.0
-9.058402 37.475105 0.33685395377 0.0 60.0
-7.801246 37.188324 0.0378 2.0 59.0
-8.234649 37.72368 0.0378 2.0 59.0
-8.234649 37.72368 0.0379 1.0 60.0
-8.668052 38.259033 0.0379 1.0 60.0
-8.668052 38.259033 0.0380 0.0 61.0
-8.668052 38.94783 0.0380 0.0 61.0
-8.668052 38.94783 0.0381 0.0 62.0
-8.668052 39.636627 0.0381 0.0 62.0
-8.668052 38.259033 0.0382 0.0 61.0
-9.34176 38.402424 0.0382 0.0 61.0
-9.34176 38.402424 0.0383 0.0 62.0
-10.015468 38.545815 0.0383 0.0 62.0
-6.934441 30.607235 0.0384 12.0 49.0
-7.608149 30.750626 0.0384 12.0 49.0
-7.608149 30.750626 0.0385 11.0 50.0
-8.281857 30.894016 0.0385 11.0 50.0
-8.281857 30.894016 0.0386 10.0 51.0
-8.9555645 31.037407 0.0386 10.0 51.0
-8.9555645 31.037407 0.0387 9.0 52.0
-9.629272 31.180798 0.0387 9.0 52.0
-9.629272 31.180798 0.0388 4.0 53.0
-10.160883 30.868338 0.30692536388 4.0 53.0
-10.160883 30.868338 0.30692536389 3.0 54.0
-10.692493 30.555878 0.6138507389 3.0 54.0
-10.692493 30.555878 0.6138507390 0.0 55.0
-10.935413 29.92678 0.75410056390 0.0 55.0
-10.935413 29.92678 0.75410056391 0.0 56.0
-11.215913 29.297684 0.75410056391 0.0 56.0
-10.692493 30.555878 0.6138507392 2.0 55.0
-11.306344 30.243418 0.6138507392 2.0 55.0
-11.306344 30.243418 0.6138507393 1.0 56.0
-11.920195 29.930958 0.6138507393 1.0 56.0
-11.920195 29.930958 0.6138507394 0.0 57.0
-12.503643 30.074348 0.9507047394 0.0 57.0
-12.503643 30.074348 0.9507047395 0.0 58.0
-13.177351 30.21774 0.9507047395 0.0 58.0
-11.920195 29.930958 0.6138507396 0.0 57.0
-12.200694 29.30186 0.6138507396 0.0 57.0
-12.200694 29.30186 0.6138507397 0.0 58.0
-12.481194 28.672764 0.6138507397 0.0 58.0
-9.629272 31.180798 0.0398 8.0 53.0
-10.30298 31.324188 0.0398 8.0 53.0
-10.30298 31.324188 0.0399 7.0 54.0
-10.976688 31.467579 0.0399 7.0 54.0
-10.976688 31.467579 0.0400 6.0 55.0
-11.650396 31.61097 0.0400 6.0 55.0
-11.650396 31.61097 0.0401 5.0 56.0
-12.324104 31.75436 0.0401 5.0 56.0
-12.324104 31.75436 0.0402 4.0 57.0
-12.699442 32.289715 0.21670131402 4.0 57.0
-12.699442 32.289715 0.21670131403 3.0 58.0
-13.0747795 32.82507 0.43340263403 3.0 58.0
-13.0747795 32.82507 0.43340263404 0.0 59.0
-13.658228 32.96846 0.7702566404 0.0 59.0
-13.658228 32.96846 0.7702566405 0.0 60.0
-14.331936 33.11185 0.7702566405 0.0 60.0
-13.0747795 32.82507 0.43340263406 2.0 59.0
-13.508183 33.360424 0.43340263406 2.0 59.0
-13.508183 33.360424 0.43340263407 1.0 60.0
-13.941586 33.89578 0.43340263407 1.0 60.0
-13.941586 33.89578 0.43340263408 0.0 61.0
-13.941586 34.584576 0.43340263408 0.0 61.0
-13.941586 34.584576 0.43340263409 0.0 62.0
-13.941586 35.273373 0.43340263409 0.0 62.0
-13.941586 33.89578 0.43340263410 0.0 61.0
-14.6152935 34.03917 0.43340263410 0.0 61.0
-14.6152935 34.03917 0.43340263411 0.0 62.0
-15.289001 34.18256 0.43340263411 0.0 62.0
-12.324104 31.75436 0.0412 4.0 57.0
-12.937955 31.4419 0.0412 4.0 57.0
-12.937955 31.4419 0.0413 3.0 58.0
-13.5518055 31.12944 0.0413 3.0 58.0
-13.5518055 31.12944 0.0414 0.0 59.0
-13.794725 30.500343 0.14024982414 0.0 59.0
-13.794725 30.500343 0.14024982415 0.0 60.0
-14.075225 29.871246 0.14024982415 0.0 60.0
-13.5518055 31.12944 0.0416 2.0 59.0
-14.165656 30.81698 0.0416 2.0 59.0
-14.165656 30.81698 0.0417 1.0 60.0
-14.779507 30.50452 0.0417 1.0 60.0
-14.779507 30.50452 0.0418 0.0 61.0
-15.362955 30.647911 0.33685395418 0.0 61.0
-15.362955 30.647911 0.33685395419 0.0 62.0
-16.036663 30.791302 0.33685395419 0.0 62.0
-14.779507 30.50452 0.0420 0.0 61.0
-15.060006 29.875423 0.0420 0.0 61.0
-15.060006 29.875423 0.0421 0.0 62.0
-15.340506 29.246326 0.0421 0.0 62.0
