0.0 0.0 0.00 28.0 1.0
0.0 1.7032356 0.00 28.0 1.0
0.0 1.7032356 0.01 27.0 2.0
0.0 3.4064713 0.01 27.0 2.0
0.0 3.4064713 0.02 26.0 3.0
0.0 5.109707 0.02 26.0 3.0
0.0 5.109707 0.03 25.0 4.0
0.0 6.8129425 0.03 25.0 4.0
0.0 6.8129425 0.04 24.0 5.0
0.0 8.516178 0.04 24.0 5.0
0.0 8.516178 0.05 23.0 6.0
0.0 10.219414 0.05 23.0 6.0
0.0 10.219414 0.06 22.0 7.0
0.0 11.922649 0.06 22.0 7.0
0.0 11.922649 0.07 21.0 8.0
0.0 13.625885 0.07 21.0 8.0
0.0 13.625885 0.08 12.0 9.0
-0.71152264 15.117861 0.41079788 12.0 9.0
-0.71152264 15.117861 0.41079789 11.0 10.0
-1.4230453 16.609837 0.82159569 11.0 10.0
-1.4230453 16.609837 0.821595610 10.0 11.0
-2.134568 18.101812 1.232393410 10.0 11.0
-2.134568 18.101812 1.232393411 9.0 12.0
-2.8460906 19.593788 1.643191211 9.0 12.0
-2.8460906 19.593788 1.643191212 4.0 13.0
-4.0926294 20.504393 2.362880712 4.0 13.0
-4.0926294 20.504393 2.362880713 3.0 14.0
-5.3391685 21.414997 3.082570313 3.0 14.0
-5.3391685 21.414997 3.082570314 0.0 15.0
-6.8114967 21.518337 3.93261914 0.0 15.0
-6.8114967 21.518337 3.93261915 0.0 16.0
-8.511595 21.621677 3.93261915 0.0 16.0
-5.3391685 21.414997 3.082570316 0.0 15.0
-6.050691 22.906973 3.493368116 0.0 15.0
-6.050691 22.906973 3.493368117 0.0 16.0
-6.872287 24.398949 3.493368117 0.0 16.0
-5.3391685 21.414997 3.082570318 2.0 15.0
-6.778548 22.325602 3.082570318 2.0 15.0
-6.778548 22.325602 3.082570319 1.0 16.0
-8.217927 23.236206 3.082570319 1.0 16.0
-8.217927 23.236206 3.082570320 0.0 17.0
-9.657306 24.14681 3.082570320 0.0 17.0
-9.657306 24.14681 3.082570321 0.0 18.0
-11.096684 25.057415 3.082570321 0.0 18.0
-2.8460906 19.593788 1.643191222 4.0 13.0
-2.8460906 21.297024 1.643191222 4.0 13.0
-2.8460906 21.297024 1.643191223 3.0 14.0
-2.8460906 23.00026 1.643191223 3.0 14.0
-2.8460906 23.00026 1.643191224 0.0 15.0
-3.5576131 24.492235 2.05398924 0.0 15.0
-3.5576131 24.492235 2.05398925 0.0 16.0
-4.3792086 25.984211 2.05398925 0.0 16.0
-2.8460906 23.00026 1.643191226 0.0 15.0
-2.134568 24.492235 1.232393426 0.0 15.0
-2.134568 24.492235 1.232393427 0.0 16.0
-1.3129723 25.984211 1.232393427 0.0 16.0
-2.8460906 23.00026 1.643191228 2.0 15.0
-2.8460906 24.703495 1.643191228 2.0 15.0
-2.8460906 24.703495 1.643191229 1.0 16.0
-2.8460906 26.40673 1.643191229 1.0 16.0
-2.8460906 26.40673 1.643191230 0.0 17.0
-2.8460906 28.109966 1.643191230 0.0 17.0
-2.8460906 28.109966 1.643191231 0.0 18.0
-2.8460906 29.813202 1.643191231 0.0 18.0
-2.8460906 19.593788 1.643191232 8.0 13.0
-3.6676862 21.085764 1.643191232 8.0 13.0
-3.6676862 21.085764 1.643191233 7.0 14.0
-4.4892817 22.57774 1.643191233 7.0 14.0
-4.4892817 22.57774 1.643191234 6.0 15.0
-5.3108773 24.069715 1.643191234 6.0 15.0
-5.3108773 24.069715 1.643191235 5.0 16.0
-6.132473 25.561691 1.643191235 5.0 16.0
-6.132473 25.561691 1.643191236 4.0 17.0
-6.9540687 27.053667 1.643191236 4.0 17.0
-6.9540687 27.053667 1.643191237 3.0 18.0
-7.7756643 28.545643 1.643191237 3.0 18.0
-7.7756643 28.545643 1.643191238 0.0 19.0
-9.022203 29.456247 2.362880738 0.0 19.0
-9.022203 29.456247 2.362880739 0.0 20.0
-10.461582 30.366852 2.362880739 0.0 20.0
-7.7756643 28.545643 1.643191240 0.0 19.0
-7.7756643 30.248878 1.643191240 0.0 19.0
-7.7756643 30.248878 1.643191241 0.0 20.0
-7.7756643 31.952114 1.643191241 0.0 20.0
-7.7756643 28.545643 1.643191242 2.0 19.0
-8.5972595 30.037619 1.643191242 2.0 19.0
-8.5972595 30.037619 1.643191243 1.0 20.0
-9.418855 31.529594 1.643191243 1.0 20.0
-9.418855 31.529594 1.643191244 0.0 21.0
-10.24045 33.021572 1.643191244 0.0 21.0
-10.24045 33.021572 1.643191245 0.0 22.0
-11.062045 34.51355 1.643191245 0.0 22.0
0.0 13.625885 0.046 12.0 9.0
0.71152264 15.117861 -0.410797846 12.0 9.0
0.71152264 15.117861 -0.410797847 11.0 10.0
1.4230453 16.609837 -0.821595647 11.0 10.0
1.4230453 16.609837 -0.821595648 10.0 11.0
2.134568 18.101812 -1.232393448 10.0 11.0
2.134568 18.101812 -1.232393449 9.0 12.0
2.8460906 19.593788 -1.643191249 9.0 12.0
2.8460906 19.593788 -1.643191250 4.0 13.0
2.8460906 21.297024 -1.643191250 4.0 13.0
2.8460906 21.297024 -1.643191251 3.0 14.0
2.8460906 23.00026 -1.643191251 3.0 14.0
2.8460906 23.00026 -1.643191252 0.0 15.0
2.134568 24.492235 -1.232393452 0.0 15.0
2.134568 24.492235 -1.232393453 0.0 16.0
1.3129723 25.984211 -1.232393453 0.0 16.0
2.8460906 23.00026 -1.643191254 0.0 15.0
3.5576131 24.492235 -2.05398954 0.0 15.0
3.5576131 24.492235 -2.05398955 0.0 16.0
4.3792086 25.984211 -2.05398955 0.0 16.0
2.8460906 23.00026 -1.643191256 2.0 15.0
2.8460906 24.703495 -1.643191256 2.0 15.0
2.8460906 24.703495 -1.643191257 1.0 16.0
2.8460906 26.40673 -1.643191257 1.0 16.0
2.8460906 26.40673 -1.643191258 0.0 17.0
2.8460906 28.109966 -1.643191258 0.0 17.0
2.8460906 28.109966 -1.643191259 0.0 18.0
2.8460906 29.813202 -1.643191259 0.0 18.0
2.8460906 19.593788 -1.643191260 4.0 13.0
4.0926294 20.504393 -2.362880760 4.0 13.0
4.0926294 20.504393 -2.362880761 3.0 14.0
5.3391685 21.414997 -3.082570361 3.0 14.0
5.3391685 21.414997 -3.082570362 0.0 15.0
6.050691 22.906973 -3.493368162 0.0 15.0
6.050691 22.906973 -3.493368163 0.0 16.0
6.872287 24.398949 -3.493368163 0.0 16.0
5.3391685 21.414997 -3.082570364 0.0 15.0
6.8114967 21.518337 -3.93261964 0.0 15.0
6.8114967 21.518337 -3.93261965 0.0 16.0
8.511595 21.621677 -3.93261965 0.0 16.0
5.3391685 21.414997 -3.082570366 2.0 15.0
6.778548 22.325602 -3.082570366 2.0 15.0
6.778548 22.325602 -3.082570367 1.0 16.0
8.217927 23.236206 -3.082570367 1.0 16.0
8.217927 23.236206 -3.082570368 0.0 17.0
9.657306 24.14681 -3.082570368 0.0 17.0
9.657306 24.14681 -3.082570369 0.0 18.0
11.096684 25.057415 -3.082570369 0.0 18.0
2.8460906 19.593788 -1.643191270 8.0 13.0
3.6676862 21.085764 -1.643191270 8.0 13.0
3.6676862 21.085764 -1.643191271 7.0 14.0
4.4892817 22.57774 -1.643191271 7.0 14.0
4.4892817 22.57774 -1.643191272 6.0 15.0
5.3108773 24.069715 -1.643191272 6.0 15.0
5.3108773 24.069715 -1.643191273 5.0 16.0
6.132473 25.561691 -1.643191273 5.0 16.0
6.132473 25.561691 -1.643191274 4.0 17.0
6.9540687 27.053667 -1.643191274 4.0 17.0
6.9540687 27.053667 -1.643191275 3.0 18.0
7.7756643 28.545643 -1.643191275 3.0 18.0
7.7756643 28.545643 -1.643191276 0.0 19.0
7.7756643 30.248878 -1.643191276 0.0 19.0
7.7756643 30.248878 -1.643191277 0.0 20.0
7.7756643 31.952114 -1.643191277 0.0 20.0
7.7756643 28.545643 -1.643191278 0.0 19.0
9.022203 29.456247 -2.362880778 0.0 19.0
9.022203 29.456247 -2.362880779 0.0 20.0
10.461582 30.366852 -2.362880779 0.0 20.0
7.7756643 28.545643 -1.643191280 2.0 19.0
8.5972595 30.037619 -1.643191280 2.0 19.0
8.5972595 30.037619 -1.643191281 1.0 20.0
9.418855 31.529594 -1.643191281 1.0 20.0
9.418855 31.529594 -1.643191282 0.0 21.0
10.24045 33.021572 -1.643191282 0.0 21.0
10.24045 33.021572 -1.643191283 0.0 22.0
11.062045 34.51355 -1.643191283 0.0 22.0
0.0 13.625885 0.084 20.0 9.0
0.0 15.329121 0.084 20.0 9.0
0.0 15.329121 0.085 19.0 10.0
0.0 17.032356 0.085 19.0 10.0
0.0 17.032356 0.086 18.0 11.0
0.0 18.735592 0.086 18.0 11.0
0.0 18.735592 0.087 17.0 12.0
0.0 20.438828 0.087 17.0 12.0
0.0 20.438828 0.088 16.0 13.0
0.0 22.142063 0.088 16.0 13.0
0.0 22.142063 0.089 15.0 14.0
0.0 23.845299 0.089 15.0 14.0
0.0 23.845299 0.090 14.0 15.0
0.0 25.548534 0.090 14.0 15.0
0.0 25.548534 0.091 13.0 16.0
0.0 27.25177 0.091 13.0 16.0
0.0 27.25177 0.092 12.0 17.0
0.0 28.955006 0.092 12.0 17.0
0.0 28.955006 0.093 11.0 18.0
0.0 30.658241 0.093 11.0 18.0
0.0 30.658241 0.094 10.0 19.0
0.0 32.361477 0.094 10.0 19.0
0.0 32.361477 0.095 9.0 20.0
0.0 34.064713 0.095 9.0 20.0
0.0 34.064713 0.096 4.0 21.0
-0.71152264 35.55669 0.410797896 4.0 21.0
-0.71152264 35.55669 0.410797897 3.0 22.0
-1.4230453 37.048668 0.821595697 3.0 22.0
-1.4230453 37.048668 0.821595698 0.0 23.0
-2.6695843 37.95927 1.541285298 0.0 23.0
-2.6695843 37.95927 1.541285299 0.0 24.0
-4.1089635 38.869873 1.541285299 0.0 24.0
-1.4230453 37.048668 0.8215956100 0.0 23.0
-1.4230453 38.751904 0.8215956100 0.0 23.0
-1.4230453 38.751904 0.8215956101 0.0 24.0
-1.4230453 40.45514 0.8215956101 0.0 24.0
-1.4230453 37.048668 0.8215956102 2.0 23.0
-2.2446408 38.540646 0.8215956102 2.0 23.0
-2.2446408 38.540646 0.8215956103 1.0 24.0
-3.0662365 40.032623 0.8215956103 1.0 24.0
-3.0662365 40.032623 0.8215956104 0.0 25.0
-3.8878322 41.5246 0.8215956104 0.0 25.0
-3.8878322 41.5246 0.8215956105 0.0 26.0
-4.709428 43.01658 0.8215956105 0.0 26.0
0.0 34.064713 0.0106 4.0 21.0
0.71152264 35.55669 -0.4107978106 4.0 21.0
0.71152264 35.55669 -0.4107978107 3.0 22.0
1.4230453 37.048668 -0.8215956107 3.0 22.0
1.4230453 37.048668 -0.8215956108 0.0 23.0
1.4230453 38.751904 -0.8215956108 0.0 23.0
1.4230453 38.751904 -0.8215956109 0.0 24.0
1.4230453 40.45514 -0.8215956109 0.0 24.0
1.4230453 37.048668 -0.8215956110 0.0 23.0
2.6695843 37.95927 -1.5412852110 0.0 23.0
2.6695843 37.95927 -1.5412852111 0.0 24.0
4.1089635 38.869873 -1.5412852111 0.0 24.0
1.4230453 37.048668 -0.8215956112 2.0 23.0
2.2446408 38.540646 -0.8215956112 2.0 23.0
2.2446408 38.540646 -0.8215956113 1.0 24.0
3.0662365 40.032623 -0.8215956113 1.0 24.0
3.0662365 40.032623 -0.8215956114 0.0 25.0
3.8878322 41.5246 -0.8215956114 0.0 25.0
3.8878322 41.5246 -0.8215956115 0.0 26.0
4.709428 43.01658 -0.8215956115 0.0 26.0
0.0 34.064713 0.0116 8.0 21.0
0.0 35.76795 0.0116 8.0 21.0
0.0 35.76795 0.0117 7.0 22.0
0.0 37.471184 0.0117 7.0 22.0
0.0 37.471184 0.0118 6.0 23.0
0.0 39.17442 0.0118 6.0 23.0
0.0 39.17442 0.0119 5.0 24.0
0.0 40.877655 0.0119 5.0 24.0
0.0 40.877655 0.0120 4.0 25.0
0.0 42.58089 0.0120 4.0 25.0
0.0 42.58089 0.0121 3.0 26.0
0.0 44.284126 0.0121 3.0 26.0
0.0 44.284126 0.0122 0.0 27.0
-0.71152264 45.776104 0.4107978122 0.0 27.0
-0.71152264 45.776104 0.4107978123 0.0 28.0
-1.5331182 47.26808 0.4107978123 0.0 28.0
0.0 44.284126 0.0124 0.0 27.0
0.71152264 45.776104 -0.4107978124 0.0 27.0
0.71152264 45.776104 -0.4107978125 0.0 28.0
1.5331182 47.26808 -0.4107978125 0.0 28.0
0.0 44.284126 0.0126 2.0 27.0
0.0 45.987362 0.0126 2.0 27.0
0.0 45.987362 0.0127 1.0 28.0
0.0 47.690598 0.0127 1.0 28.0
0.0 47.690598 0.0128 0.0 29.0
0.0 49.393833 0.0128 0.0 29.0
0.0 49.393833 0.0129 0.0 30.0
0.0 51.09707 0.0129 0.0 30.0
