0.0 0.0 0.00 11.0 1.0
0.0 4.9073505 0.00 11.0 1.0
0.0 4.9073505 0.01 10.0 2.0
0.0 9.814701 0.01 10.0 2.0
0.0 9.814701 0.02 1.0 3.0
0.0 14.722052 0.02 1.0 3.0
0.0 14.722052 0.03 0.0 4.0
-2.1514127 18.95415 1.24211873 0.0 4.0
-2.1514127 18.95415 1.24211874 0.0 5.0
-5.8621683 21.34632 3.38452434 0.0 5.0
0.0 9.814701 0.05 1.0 3.0
-4.2488966 9.708617 2.45310195 1.0 3.0
-4.2488966 9.708617 2.45310196 0.0 4.0
-7.959652 12.100787 4.59550766 0.0 4.0
-7.959652 12.100787 4.59550767 0.0 5.0
-10.111065 16.332886 5.83762657 0.0 5.0
0.0 9.814701 0.08 9.0 3.0
-4.2848115 12.206871 0.08 9.0 3.0
-4.2848115 12.206871 0.09 8.0 4.0
-8.569623 14.599041 0.09 8.0 4.0
-8.569623 14.599041 0.010 1.0 5.0
-12.280378 16.99121 2.142405710 1.0 5.0
-12.280378 16.99121 2.142405711 0.0 6.0
-16.529274 16.885128 4.595507611 0.0 6.0
-16.529274 16.885128 4.595507612 0.0 7.0
-20.147015 14.309984 6.68421112 0.0 7.0
-8.569623 14.599041 0.013 1.0 5.0
-10.560602 10.263518 1.149492613 1.0 5.0
-10.560602 10.263518 1.149492614 0.0 6.0
-14.178342 7.6883745 3.23819614 0.0 6.0
-14.178342 7.6883745 3.23819615 0.0 7.0
-18.427238 7.5822906 5.691297515 0.0 7.0
-8.569623 14.599041 0.016 7.0 5.0
-12.280378 16.99121 2.142405716 7.0 5.0
-12.280378 16.99121 2.142405717 6.0 6.0
-15.991134 19.38338 4.284811517 6.0 6.0
-15.991134 19.38338 4.284811518 1.0 7.0
-19.701889 21.77555 6.427217518 1.0 7.0
-19.701889 21.77555 6.427217519 0.0 8.0
-23.950787 21.669468 8.8803219 0.0 8.0
-23.950787 21.669468 8.8803220 0.0 9.0
-27.568527 19.094324 10.96902320 0.0 9.0
-15.991134 19.38338 4.284811521 1.0 7.0
-17.982113 15.047858 5.43430421 1.0 7.0
-17.982113 15.047858 5.43430422 0.0 8.0
-21.599854 12.472714 7.523007422 0.0 8.0
-21.599854 12.472714 7.523007423 0.0 9.0
-25.848751 12.366631 9.976109523 0.0 9.0
-15.991134 19.38338 4.284811524 5.0 7.0
-18.29012 15.047858 4.284811524 5.0 7.0
-18.29012 15.047858 4.284811525 4.0 8.0
-20.589104 10.712336 4.284811525 4.0 8.0
-20.589104 10.712336 4.284811526 1.0 9.0
-22.580084 6.376813 5.43430426 1.0 9.0
-22.580084 6.376813 5.43430427 0.0 10.0
-22.396385 1.4740486 5.32824527 0.0 10.0
-22.396385 1.4740486 5.32824528 0.0 11.0
-20.088562 -2.6467142 3.995822228 0.0 11.0
-20.589104 10.712336 4.284811529 1.0 9.0
-16.792269 8.50761 2.092707929 1.0 9.0
-16.792269 8.50761 2.092707930 0.0 10.0
-14.484445 4.3868475 0.760284930 0.0 10.0
-14.484445 4.3868475 0.760284931 0.0 11.0
-14.300745 -0.5159168 0.6542259531 0.0 11.0
-20.589104 10.712336 4.284811532 3.0 9.0
-16.204897 8.50761 4.284811532 3.0 9.0
-16.204897 8.50761 4.284811533 2.0 10.0
-11.82069 6.302885 4.284811533 2.0 10.0
-11.82069 6.302885 4.284811534 1.0 11.0
-8.023855 4.09816 2.092707934 1.0 11.0
-8.023855 4.09816 2.092707935 0.0 12.0
-3.7829003 4.416213 -0.355808535 0.0 12.0
-3.7829003 4.416213 -0.355808536 0.0 13.0
-0.26493812 7.1695166 -2.38690536 0.0 13.0
-11.82069 6.302885 4.284811537 1.0 11.0
-9.993866 10.733728 3.230093737 1.0 11.0
-9.993866 10.733728 3.230093738 0.0 12.0
-6.4759035 13.487032 1.198997338 0.0 12.0
-6.4759035 13.487032 1.198997339 0.0 13.0
-2.2349486 13.805085 -1.249519139 0.0 13.0
-8.569623 14.599041 0.040 7.0 5.0
-10.560602 10.263518 1.149492640 7.0 5.0
-10.560602 10.263518 1.149492641 6.0 6.0
-12.551581 5.9279957 2.298985241 6.0 6.0
-12.551581 5.9279957 2.298985242 1.0 7.0
-14.542561 1.592473 3.448477742 1.0 7.0
-14.542561 1.592473 3.448477743 0.0 8.0
-14.358861 -3.3102913 3.342418743 0.0 8.0
-14.358861 -3.3102913 3.342418744 0.0 9.0
-12.051037 -7.431054 2.009995744 0.0 9.0
-12.551581 5.9279957 2.298985245 1.0 7.0
-8.754746 3.7232702 0.1068816245 1.0 7.0
-8.754746 3.7232702 0.1068816246 0.0 8.0
-6.4469223 -0.39749265 -1.225541446 0.0 8.0
-6.4469223 -0.39749265 -1.225541447 0.0 9.0
-6.2632227 -5.3002567 -1.331600347 0.0 9.0
-12.551581 5.9279957 2.298985248 5.0 7.0
-12.339463 1.0252314 2.298985248 5.0 7.0
-12.339463 1.0252314 2.298985249 4.0 8.0
-12.127345 -3.877533 2.298985249 4.0 8.0
-12.127345 -3.877533 2.298985250 1.0 9.0
-11.9436455 -8.780297 2.192926250 1.0 9.0
-11.9436455 -8.780297 2.192926251 0.0 10.0
-9.635821 -12.90106 0.860503251 0.0 10.0
-9.635821 -12.90106 0.860503252 0.0 11.0
-5.8389864 -15.105785 -1.331600452 0.0 11.0
-12.127345 -3.877533 2.298985253 1.0 9.0
-7.88639 -3.55948 -0.1495311353 1.0 9.0
-7.88639 -3.55948 -0.1495311354 0.0 10.0
-4.0895553 -5.7642055 -2.341634854 0.0 10.0
-4.0895553 -5.7642055 -2.341634855 0.0 11.0
-1.7817311 -9.884968 -3.674057755 0.0 11.0
-12.127345 -3.877533 2.298985256 3.0 9.0
-9.4625 -7.998296 2.298985256 3.0 9.0
-9.4625 -7.998296 2.298985257 2.0 10.0
-6.7976537 -12.119059 2.298985257 2.0 10.0
-6.7976537 -12.119059 2.298985258 1.0 11.0
-4.4898295 -16.239822 0.966562358 1.0 11.0
-4.4898295 -16.239822 0.966562359 0.0 12.0
-0.6929946 -18.444548 -1.225541459 0.0 12.0
-0.6929946 -18.444548 -1.225541460 0.0 13.0
3.5479603 -18.126495 -3.674057760 0.0 13.0
-6.7976537 -12.119059 2.298985261 1.0 11.0
-3.2796915 -9.365755 0.2678887861 1.0 11.0
-3.2796915 -9.365755 0.2678887862 0.0 12.0
0.9612634 -9.047702 -2.180627662 0.0 12.0
0.9612634 -9.047702 -2.180627663 0.0 13.0
4.7580986 -11.252427 -4.37273163 0.0 13.0
