0.0 0.0 0.00 28.0 1.0
0.0 2.8323462 0.00 28.0 1.0
0.0 2.8323462 0.01 27.0 2.0
0.0 5.6646924 0.01 27.0 2.0
0.0 5.6646924 0.02 26.0 3.0
0.0 8.497039 0.02 26.0 3.0
0.0 8.497039 0.03 25.0 4.0
0.0 11.329385 0.03 25.0 4.0
0.0 11.329385 0.04 24.0 5.0
0.0 14.161731 0.04 24.0 5.0
0.0 14.161731 0.05 23.0 6.0
0.0 16.994078 0.05 23.0 6.0
0.0 16.994078 0.06 22.0 7.0
0.0 19.826424 0.06 22.0 7.0
0.0 19.826424 0.07 21.0 8.0
0.0 22.65877 0.07 21.0 8.0
0.0 22.65877 0.08 12.0 9.0
-0.8960165 25.295382 0.51731548 12.0 9.0
-0.8960165 25.295382 0.51731549 11.0 10.0
-1.792033 27.931993 1.03463089 11.0 10.0
-1.792033 27.931993 1.034630810 10.0 11.0
-2.6880493 30.568605 1.551946210 10.0 11.0
-2.6880493 30.568605 1.551946211 9.0 12.0
-3.584066 33.20522 2.069261611 9.0 12.0
-3.584066 33.20522 2.069261612 4.0 13.0
-5.2522573 35.28168 3.032392512 4.0 13.0
-5.2522573 35.28168 3.032392513 3.0 14.0
-6.920449 37.358143 3.995523513 3.0 14.0
-6.920449 37.358143 3.995523514 0.0 15.0
-9.130249 38.587463 5.271352314 0.0 15.0
-9.130249 38.587463 5.271352315 0.0 16.0
-11.681907 39.816784 5.271352315 0.0 16.0
-6.920449 37.358143 3.995523516 0.0 15.0
-7.8164654 39.994755 4.51283916 0.0 15.0
-7.8164654 39.994755 4.51283917 0.0 16.0
-8.851096 42.631367 4.51283917 0.0 16.0
-6.920449 37.358143 3.995523518 2.0 15.0
-8.84671 39.434605 3.995523518 2.0 15.0
-8.84671 39.434605 3.995523519 1.0 16.0
-10.772972 41.511066 3.995523519 1.0 16.0
-10.772972 41.511066 3.995523520 0.0 17.0
-12.699234 43.58753 3.995523520 0.0 17.0
-12.699234 43.58753 3.995523521 0.0 18.0
-14.625496 45.66399 3.995523521 0.0 18.0
-3.584066 33.20522 2.069261622 4.0 13.0
-3.584066 36.037567 2.069261622 4.0 13.0
-3.584066 36.037567 2.069261623 3.0 14.0
-3.584066 38.869915 2.069261623 3.0 14.0
-3.584066 38.869915 2.069261624 0.0 15.0
-4.4800825 41.506527 2.58657724 0.0 15.0
-4.4800825 41.506527 2.58657725 0.0 16.0
-5.5147133 44.14314 2.58657725 0.0 16.0
-3.584066 38.869915 2.069261626 0.0 15.0
-2.6880493 41.506527 1.551946226 0.0 15.0
-2.6880493 41.506527 1.551946227 0.0 16.0
-1.6534185 44.14314 1.551946227 0.0 16.0
-3.584066 38.869915 2.069261628 2.0 15.0
-3.584066 41.702263 2.069261628 2.0 15.0
-3.584066 41.702263 2.069261629 1.0 16.0
-3.584066 44.53461 2.069261629 1.0 16.0
-3.584066 44.53461 2.069261630 0.0 17.0
-3.584066 47.36696 2.069261630 0.0 17.0
-3.584066 47.36696 2.069261631 0.0 18.0
-3.584066 50.199306 2.069261631 0.0 18.0
-3.584066 33.20522 2.069261632 8.0 13.0
-4.6186967 35.84183 2.069261632 8.0 13.0
-4.6186967 35.84183 2.069261633 7.0 14.0
-5.6533275 38.478443 2.069261633 7.0 14.0
-5.6533275 38.478443 2.069261634 6.0 15.0
-6.6879582 41.115055 2.069261634 6.0 15.0
-6.6879582 41.115055 2.069261635 5.0 16.0
-7.722589 43.751667 2.069261635 5.0 16.0
-7.722589 43.751667 2.069261636 4.0 17.0
-8.757219 46.38828 2.069261636 4.0 17.0
-8.757219 46.38828 2.069261637 3.0 18.0
-9.79185 49.02489 2.069261637 3.0 18.0
-9.79185 49.02489 2.069261638 0.0 19.0
-11.460041 51.101353 3.032392538 0.0 19.0
-11.460041 51.101353 3.032392539 0.0 20.0
-13.386303 53.177814 3.032392539 0.0 20.0
-9.79185 49.02489 2.069261640 0.0 19.0
-9.79185 51.85724 2.069261640 0.0 19.0
-9.79185 51.85724 2.069261641 0.0 20.0
-9.79185 54.689587 2.069261641 0.0 20.0
-9.79185 49.02489 2.069261642 2.0 19.0
-10.826481 51.661503 2.069261642 2.0 19.0
-10.826481 51.661503 2.069261643 1.0 20.0
-11.861112 54.298115 2.069261643 1.0 20.0
-11.861112 54.298115 2.069261644 0.0 21.0
-12.895742 56.934727 2.069261644 0.0 21.0
-12.895742 56.934727 2.069261645 0.0 22.0
-13.930373 59.57134 2.069261645 0.0 22.0
0.0 22.65877 0.046 12.0 9.0
0.8960165 25.295382 -0.517315446 12.0 9.0
0.8960165 25.295382 -0.517315447 11.0 10.0
1.792033 27.931993 -1.034630847 11.0 10.0
1.792033 27.931993 -1.034630848 10.0 11.0
2.6880493 30.568605 -1.551946248 10.0 11.0
2.6880493 30.568605 -1.551946249 9.0 12.0
3.584066 33.20522 -2.069261649 9.0 12.0
3.584066 33.20522 -2.069261650 4.0 13.0
3.584066 36.037567 -2.069261650 4.0 13.0
3.584066 36.037567 -2.069261651 3.0 14.0
3.584066 38.869915 -2.069261651 3.0 14.0
3.584066 38.869915 -2.069261652 0.0 15.0
2.6880493 41.506527 -1.551946252 0.0 15.0
2.6880493 41.506527 -1.551946253 0.0 16.0
1.6534185 44.14314 -1.551946253 0.0 16.0
3.584066 38.869915 -2.069261654 0.0 15.0
4.4800825 41.506527 -2.58657754 0.0 15.0
4.4800825 41.506527 -2.58657755 0.0 16.0
5.5147133 44.14314 -2.58657755 0.0 16.0
3.584066 38.869915 -2.069261656 2.0 15.0
3.584066 41.702263 -2.069261656 2.0 15.0
3.584066 41.702263 -2.069261657 1.0 16.0
3.584066 44.53461 -2.069261657 1.0 16.0
3.584066 44.53461 -2.069261658 0.0 17.0
3.584066 47.36696 -2.069261658 0.0 17.0
3.584066 47.36696 -2.069261659 0.0 18.0
3.584066 50.199306 -2.069261659 0.0 18.0
3.584066 33.20522 -2.069261660 4.0 13.0
5.2522573 35.28168 -3.032392560 4.0 13.0
5.2522573 35.28168 -3.032392561 3.0 14.0
6.920449 37.358143 -3.995523561 3.0 14.0
6.920449 37.358143 -3.995523562 0.0 15.0
7.8164654 39.994755 -4.51283962 0.0 15.0
7.8164654 39.994755 -4.51283963 0.0 16.0
8.851096 42.631367 -4.51283963 0.0 16.0
6.920449 37.358143 -3.995523564 0.0 15.0
9.130249 38.587463 -5.271352364 0.0 15.0
9.130249 38.587463 -5.271352365 0.0 16.0
11.681907 39.816784 -5.271352365 0.0 16.0
6.920449 37.358143 -3.995523566 2.0 15.0
8.84671 39.434605 -3.995523566 2.0 15.0
8.84671 39.434605 -3.995523567 1.0 16.0
10.772972 41.511066 -3.995523567 1.0 16.0
10.772972 41.511066 -3.995523568 0.0 17.0
12.699234 43.58753 -3.995523568 0.0 17.0
12.699234 43.58753 -3.995523569 0.0 18.0
14.625496 45.66399 -3.995523569 0.0 18.0
3.584066 33.20522 -2.069261670 8.0 13.0
4.6186967 35.84183 -2.069261670 8.0 13.0
4.6186967 35.84183 -2.069261671 7.0 14.0
5.6533275 38.478443 -2.069261671 7.0 14.0
5.6533275 38.478443 -2.069261672 6.0 15.0
6.6879582 41.115055 -2.069261672 6.0 15.0
6.6879582 41.115055 -2.069261673 5.0 16.0
7.722589 43.751667 -2.069261673 5.0 16.0
7.722589 43.751667 -2.069261674 4.0 17.0
8.757219 46.38828 -2.069261674 4.0 17.0
8.757219 46.38828 -2.069261675 3.0 18.0
9.79185 49.02489 -2.069261675 3.0 18.0
9.79185 49.02489 -2.069261676 0.0 19.0
9.79185 51.85724 -2.069261676 0.0 19.0
9.79185 51.85724 -2.069261677 0.0 20.0
9.79185 54.689587 -2.069261677 0.0 20.0
9.79185 49.02489 -2.069261678 0.0 19.0
11.460041 51.101353 -3.032392578 0.0 19.0
11.460041 51.101353 -3.032392579 0.0 20.0
13.386303 53.177814 -3.032392579 0.0 20.0
9.79185 49.02489 -2.069261680 2.0 19.0
10.826481 51.661503 -2.069261680 2.0 19.0
10.826481 51.661503 -2.069261681 1.0 20.0
11.861112 54.298115 -2.069261681 1.0 20.0
11.861112 54.298115 -2.069261682 0.0 21.0
12.895742 56.934727 -2.069261682 0.0 21.0
12.895742 56.934727 -2.069261683 0.0 22.0
13.930373 59.57134 -2.069261683 0.0 22.0
0.0 22.65877 0.084 20.0 9.0
0.0 25.491116 0.084 20.0 9.0
0.0 25.491116 0.085 19.0 10.0
0.0 28.323462 0.085 19.0 10.0
0.0 28.323462 0.086 18.0 11.0
0.0 31.155807 0.086 18.0 11.0
0.0 31.155807 0.087 17.0 12.0
0.0 33.988155 0.087 17.0 12.0
0.0 33.988155 0.088 16.0 13.0
0.0 36.820503 0.088 16.0 13.0
0.0 36.820503 0.089 15.0 14.0
0.0 39.65285 0.089 15.0 14.0
0.0 39.65285 0.090 14.0 15.0
0.0 42.4852 0.090 14.0 15.0
0.0 42.4852 0.091 13.0 16.0
0.0 45.317547 0.091 13.0 16.0
0.0 45.317547 0.092 12.0 17.0
0.0 48.149895 0.092 12.0 17.0
0.0 48.149895 0.093 11.0 18.0
0.0 50.982243 0.093 11.0 18.0
0.0 50.982243 0.094 10.0 19.0
0.0 53.81459 0.094 10.0 19.0
0.0 53.81459 0.095 9.0 20.0
0.0 56.64694 0.095 9.0 20.0
0.0 56.64694 0.096 4.0 21.0
-0.8960165 59.28355 0.517315496 4.0 21.0
-0.8960165 59.28355 0.517315497 3.0 22.0
-1.792033 61.920162 1.034630897 3.0 22.0
-1.792033 61.920162 1.034630898 0.0 23.0
-3.4602244 63.996624 1.997761698 0.0 23.0
-3.4602244 63.996624 1.997761699 0.0 24.0
-5.386486 66.07309 1.997761699 0.0 24.0
-1.792033 61.920162 1.0346308100 0.0 23.0
-1.792033 64.75251 1.0346308100 0.0 23.0
-1.792033 64.75251 1.0346308101 0.0 24.0
-1.792033 67.584854 1.0346308101 0.0 24.0
-1.792033 61.920162 1.0346308102 2.0 23.0
-2.8266637 64.55678 1.0346308102 2.0 23.0
-2.8266637 64.55678 1.0346308103 1.0 24.0
-3.8612945 67.19339 1.0346308103 1.0 24.0
-3.8612945 67.19339 1.0346308104 0.0 25.0
-4.8959255 69.83 1.0346308104 0.0 25.0
-4.8959255 69.83 1.0346308105 0.0 26.0
-5.9305563 72.46661 1.0346308105 0.0 26.0
0.0 56.64694 0.0106 4.0 21.0
0.8960165 59.28355 -0.5173154106 4.0 21.0
0.8960165 59.28355 -0.5173154107 3.0 22.0
1.792033 61.920162 -1.0346308107 3.0 22.0
1.792033 61.920162 -1.0346308108 0.0 23.0
1.792033 64.75251 -1.0346308108 0.0 23.0
1.792033 64.75251 -1.0346308109 0.0 24.0
1.792033 67.584854 -1.0346308109 0.0 24.0
1.792033 61.920162 -1.0346308110 0.0 23.0
3.4602244 63.996624 -1.9977616110 0.0 23.0
3.4602244 63.996624 -1.9977616111 0.0 24.0
5.386486 66.07309 -1.9977616111 0.0 24.0
1.792033 61.920162 -1.0346308112 2.0 23.0
2.8266637 64.55678 -1.0346308112 2.0 23.0
2.8266637 64.55678 -1.0346308113 1.0 24.0
3.8612945 67.19339 -1.0346308113 1.0 24.0
3.8612945 67.19339 -1.0346308114 0.0 25.0
4.8959255 69.83 -1.0346308114 0.0 25.0
4.8959255 69.83 -1.0346308115 0.0 26.0
5.9305563 72.46661 -1.0346308115 0.0 26.0
0.0 56.64694 0.0116 8.0 21.0
0.0 59.479286 0.0116 8.0 21.0
0.0 59.479286 0.0117 7.0 22.0
0.0 62.311634 0.0117 7.0 22.0
0.0 62.311634 0.0118 6.0 23.0
0.0 65.14398 0.0118 6.0 23.0
0.0 65.14398 0.0119 5.0 24.0
0.0 67.976326 0.0119 5.0 24.0
0.0 67.976326 0.0120 4.0 25.0
0.0 70.80867 0.0120 4.0 25.0
0.0 70.80867 0.0121 3.0 26.0
0.0 73.641014 0.0121 3.0 26.0
0.0 73.641014 0.0122 0.0 27.0
-0.8960165 76.277626 0.5173154122 0.0 27.0
-0.8960165 76.277626 0.5173154123 0.0 28.0
-1.9306473 78.91424 0.5173154123 0.0 28.0
0.0 73.641014 0.0124 0.0 27.0
0.8960165 76.277626 -0.5173154124 0.0 27.0
0.8960165 76.277626 -0.5173154125 0.0 28.0
1.9306473 78.91424 -0.5173154125 0.0 28.0
0.0 73.641014 0.0126 2.0 27.0
0.0 76.47336 0.0126 2.0 27.0
0.0 76.47336 0.0127 1.0 28.0
0.0 79.3057 0.0127 1.0 28.0
0.0 79.3057 0.0128 0.0 29.0
0.0 82.13805 0.0128 0.0 29.0
0.0 82.13805 0.0129 0.0 30.0
0.0 84.97039 0.0129 0.0 30.0
