0.0 0.0 0.00 60.0 1.0
0.0 1.9806426 0.00 60.0 1.0
0.0 1.9806426 0.01 59.0 2.0
0.0 3.961285 0.01 59.0 2.0
0.0 3.961285 0.02 58.0 3.0
0.0 5.941928 0.02 58.0 3.0
0.0 5.941928 0.03 57.0 4.0
0.0 7.92257 0.03 57.0 4.0
0.0 7.92257 0.04 56.0 5.0
0.0 9.903213 0.04 56.0 5.0
0.0 9.903213 0.05 55.0 6.0
0.0 11.883855 0.05 55.0 6.0
0.0 11.883855 0.06 54.0 7.0
0.0 13.864497 0.06 54.0 7.0
0.0 13.864497 0.07 53.0 8.0
0.0 15.8451395 0.07 53.0 8.0
0.0 15.8451395 0.08 52.0 9.0
0.0 17.825783 0.08 52.0 9.0
0.0 17.825783 0.09 51.0 10.0
0.0 19.806425 0.09 51.0 10.0
0.0 19.806425 0.010 50.0 11.0
0.0 21.787067 0.010 50.0 11.0
0.0 21.787067 0.011 49.0 12.0
0.0 23.76771 0.011 49.0 12.0
0.0 23.76771 0.012 48.0 13.0
0.0 25.748352 0.012 48.0 13.0
0.0 25.748352 0.013 47.0 14.0
0.0 27.728994 0.013 47.0 14.0
0.0 27.728994 0.014 46.0 15.0
0.0 29.709637 0.014 46.0 15.0
0.0 29.709637 0.015 45.0 16.0
0.0 31.690279 0.015 45.0 16.0
0.0 31.690279 0.016 28.0 17.0
-1.1236116 33.18681 0.6487174616 28.0 17.0
-1.1236116 33.18681 0.6487174617 27.0 18.0
-2.2472231 34.683342 1.297434917 27.0 18.0
-2.2472231 34.683342 1.297434918 26.0 19.0
-3.3708348 36.179874 1.946152418 26.0 19.0
-3.3708348 36.179874 1.946152419 25.0 20.0
-4.4944463 37.676407 2.594869919 25.0 20.0
-4.4944463 37.676407 2.594869920 24.0 21.0
-5.6180577 39.17294 3.243587320 24.0 21.0
-5.6180577 39.17294 3.243587321 23.0 22.0
-6.741669 40.66947 3.892304721 23.0 22.0
-6.741669 40.66947 3.892304722 22.0 23.0
-7.8652806 42.166004 4.541022322 22.0 23.0
-7.8652806 42.166004 4.541022323 21.0 24.0
-8.988893 43.662537 5.189739723 21.0 24.0
-8.988893 43.662537 5.189739724 12.0 25.0
-10.686847 43.94339 6.170054424 12.0 25.0
-10.686847 43.94339 6.170054425 11.0 26.0
-12.384801 44.224243 7.15036925 11.0 26.0
-12.384801 44.224243 7.15036926 10.0 27.0
-14.082755 44.505096 8.13068426 10.0 27.0
-14.082755 44.505096 8.13068427 9.0 28.0
-15.780709 44.78595 9.11099827 9.0 28.0
-15.780709 44.78595 9.11099828 4.0 29.0
-17.222975 43.713833 9.9436928 4.0 29.0
-17.222975 43.713833 9.9436929 3.0 30.0
-18.665241 42.641716 10.77638229 3.0 30.0
-18.665241 42.641716 10.77638230 0.0 31.0
-19.146778 40.740723 11.05439830 0.0 31.0
-19.146778 40.740723 11.05439831 0.0 32.0
-19.702808 38.83973 11.05439831 0.0 32.0
-18.665241 42.641716 10.77638232 2.0 31.0
-20.330626 41.5696 10.77638232 2.0 31.0
-20.330626 41.5696 10.77638233 1.0 32.0
-21.99601 40.497482 10.77638233 1.0 32.0
-21.99601 40.497482 10.77638234 0.0 33.0
-23.693964 40.778336 11.75669734 0.0 33.0
-23.693964 40.778336 11.75669735 0.0 34.0
-25.654593 41.05919 11.75669735 0.0 34.0
-21.99601 40.497482 10.77638236 0.0 33.0
-22.55204 38.59649 10.77638236 0.0 33.0
-22.55204 38.59649 10.77638237 0.0 34.0
-23.10807 36.695496 10.77638237 0.0 34.0
-15.780709 44.78595 9.11099838 8.0 29.0
-17.741339 45.066803 9.11099838 8.0 29.0
-17.741339 45.066803 9.11099839 7.0 30.0
-19.701967 45.347656 9.11099839 7.0 30.0
-19.701967 45.347656 9.11099840 6.0 31.0
-21.662596 45.62851 9.11099840 6.0 31.0
-21.662596 45.62851 9.11099841 5.0 32.0
-23.623224 45.909363 9.11099841 5.0 32.0
-23.623224 45.909363 9.11099842 4.0 33.0
-24.746836 47.405895 9.75971642 4.0 33.0
-24.746836 47.405895 9.75971643 3.0 34.0
-25.870447 48.902428 10.40843443 3.0 34.0
-25.870447 48.902428 10.40843444 0.0 35.0
-27.568401 49.18328 11.38874844 0.0 35.0
-27.568401 49.18328 11.38874845 0.0 36.0
-29.52903 49.464134 11.38874845 0.0 36.0
-25.870447 48.902428 10.40843446 2.0 35.0
-27.167883 50.39896 10.40843446 2.0 35.0
-27.167883 50.39896 10.40843447 1.0 36.0
-28.465319 51.895493 10.40843447 1.0 36.0
-28.465319 51.895493 10.40843448 0.0 37.0
-28.465319 53.876137 10.40843448 0.0 37.0
-28.465319 53.876137 10.40843449 0.0 38.0
-28.465319 55.85678 10.40843449 0.0 38.0
-28.465319 51.895493 10.40843450 0.0 37.0
-30.425947 52.176346 10.40843450 0.0 37.0
-30.425947 52.176346 10.40843451 0.0 38.0
-32.386578 52.4572 10.40843451 0.0 38.0
-23.623224 45.909363 9.11099852 4.0 33.0
-25.288609 44.837246 9.11099852 4.0 33.0
-25.288609 44.837246 9.11099853 3.0 34.0
-26.953993 43.76513 9.11099853 3.0 34.0
-26.953993 43.76513 9.11099854 0.0 35.0
-27.43553 41.864136 9.38901354 0.0 35.0
-27.43553 41.864136 9.38901355 0.0 36.0
-27.99156 39.963142 9.38901355 0.0 36.0
-26.953993 43.76513 9.11099856 2.0 35.0
-28.619377 42.693012 9.11099856 2.0 35.0
-28.619377 42.693012 9.11099857 1.0 36.0
-30.284761 41.620895 9.11099857 1.0 36.0
-30.284761 41.620895 9.11099858 0.0 37.0
-31.982716 41.90175 10.09131258 0.0 37.0
-31.982716 41.90175 10.09131259 0.0 38.0
-33.943344 42.182602 10.09131259 0.0 38.0
-30.284761 41.620895 9.11099860 0.0 37.0
-30.840792 39.719902 9.11099860 0.0 37.0
-30.840792 39.719902 9.11099861 0.0 38.0
-31.396822 37.81891 9.11099861 0.0 38.0
-8.988893 43.662537 5.189739762 20.0 25.0
-10.286327 45.15907 5.189739762 20.0 25.0
-10.286327 45.15907 5.189739763 19.0 26.0
-11.583762 46.6556 5.189739763 19.0 26.0
-11.583762 46.6556 5.189739764 18.0 27.0
-12.881197 48.152134 5.189739764 18.0 27.0
-12.881197 48.152134 5.189739765 17.0 28.0
-14.178632 49.648666 5.189739765 17.0 28.0
-14.178632 49.648666 5.189739766 16.0 29.0
-15.476067 51.1452 5.189739766 16.0 29.0
-15.476067 51.1452 5.189739767 15.0 30.0
-16.773502 52.64173 5.189739767 15.0 30.0
-16.773502 52.64173 5.189739768 14.0 31.0
-18.070938 54.138264 5.189739768 14.0 31.0
-18.070938 54.138264 5.189739769 13.0 32.0
-19.368374 55.634796 5.189739769 13.0 32.0
-19.368374 55.634796 5.189739770 12.0 33.0
-19.368374 57.61544 5.189739770 12.0 33.0
-19.368374 57.61544 5.189739771 11.0 34.0
-19.368374 59.596085 5.189739771 11.0 34.0
-19.368374 59.596085 5.189739772 10.0 35.0
-19.368374 61.57673 5.189739772 10.0 35.0
-19.368374 61.57673 5.189739773 9.0 36.0
-19.368374 63.557373 5.189739773 9.0 36.0
-19.368374 63.557373 5.189739774 4.0 37.0
-20.491985 65.0539 5.83845774 4.0 37.0
-20.491985 65.0539 5.83845775 3.0 38.0
-21.615597 66.55043 6.487174575 3.0 38.0
-21.615597 66.55043 6.487174576 0.0 39.0
-23.31355 66.83128 7.467489276 0.0 39.0
-23.31355 66.83128 7.467489277 0.0 40.0
-25.27418 67.11214 7.467489277 0.0 40.0
-21.615597 66.55043 6.487174578 2.0 39.0
-22.913033 68.04696 6.487174578 2.0 39.0
-22.913033 68.04696 6.487174579 1.0 40.0
-24.210468 69.54349 6.487174579 1.0 40.0
-24.210468 69.54349 6.487174580 0.0 41.0
-24.210468 71.52413 6.487174580 0.0 41.0
-24.210468 71.52413 6.487174581 0.0 42.0
-24.210468 73.504776 6.487174581 0.0 42.0
-24.210468 69.54349 6.487174582 0.0 41.0
-26.171097 69.82434 6.487174582 0.0 41.0
-26.171097 69.82434 6.487174583 0.0 42.0
-28.131725 70.105194 6.487174583 0.0 42.0
-19.368374 63.557373 5.189739784 8.0 37.0
-19.368374 65.53802 5.189739784 8.0 37.0
-19.368374 65.53802 5.189739785 7.0 38.0
-19.368374 67.51866 5.189739785 7.0 38.0
-19.368374 67.51866 5.189739786 6.0 39.0
-19.368374 69.499306 5.189739786 6.0 39.0
-19.368374 69.499306 5.189739787 5.0 40.0
-19.368374 71.47995 5.189739787 5.0 40.0
-19.368374 71.47995 5.189739788 4.0 41.0
-18.244762 72.97648 4.541022388 4.0 41.0
-18.244762 72.97648 4.541022389 3.0 42.0
-17.121151 74.47301 3.89230589 3.0 42.0
-17.121151 74.47301 3.89230590 0.0 43.0
-17.121151 76.45365 3.89230590 0.0 43.0
-17.121151 76.45365 3.89230591 0.0 44.0
-17.121151 78.434296 3.89230591 0.0 44.0
-17.121151 74.47301 3.89230592 2.0 43.0
-15.823716 75.969536 3.89230592 2.0 43.0
-15.823716 75.969536 3.89230593 1.0 44.0
-14.526281 77.466064 3.89230593 1.0 44.0
-14.526281 77.466064 3.89230594 0.0 45.0
-12.828327 77.74692 2.911990494 0.0 45.0
-12.828327 77.74692 2.911990495 0.0 46.0
-10.867698 78.02777 2.911990495 0.0 46.0
-14.526281 77.466064 3.89230596 0.0 45.0
-14.526281 79.44671 3.89230596 0.0 45.0
-14.526281 79.44671 3.89230597 0.0 46.0
-14.526281 81.42735 3.89230597 0.0 46.0
-19.368374 71.47995 5.189739798 4.0 41.0
-20.66581 72.97648 5.189739798 4.0 41.0
-20.66581 72.97648 5.189739799 3.0 42.0
-21.963245 74.47301 5.189739799 3.0 42.0
-21.963245 74.47301 5.1897397100 0.0 43.0
-23.6612 74.75386 6.1700544100 0.0 43.0
-23.6612 74.75386 6.1700544101 0.0 44.0
-25.621828 75.03471 6.1700544101 0.0 44.0
-21.963245 74.47301 5.1897397102 2.0 43.0
-23.260681 75.969536 5.1897397102 2.0 43.0
-23.260681 75.969536 5.1897397103 1.0 44.0
-24.558117 77.466064 5.1897397103 1.0 44.0
-24.558117 77.466064 5.1897397104 0.0 45.0
-24.558117 79.44671 5.1897397104 0.0 45.0
-24.558117 79.44671 5.1897397105 0.0 46.0
-24.558117 81.42735 5.1897397105 0.0 46.0
-24.558117 77.466064 5.1897397106 0.0 45.0
-26.518745 77.74692 5.1897397106 0.0 45.0
-26.518745 77.74692 5.1897397107 0.0 46.0
-28.479374 78.02777 5.1897397107 0.0 46.0
-19.368374 55.634796 5.1897397108 12.0 33.0
-21.329002 55.91565 5.1897397108 12.0 33.0
-21.329002 55.91565 5.1897397109 11.0 34.0
-23.28963 56.196503 5.1897397109 11.0 34.0
-23.28963 56.196503 5.1897397110 10.0 35.0
-25.25026 56.477356 5.1897397110 10.0 35.0
-25.25026 56.477356 5.1897397111 9.0 36.0
-27.210888 56.75821 5.1897397111 9.0 36.0
-27.210888 56.75821 5.1897397112 4.0 37.0
-28.653154 55.686092 6.0224323112 4.0 37.0
-28.653154 55.686092 6.0224323113 3.0 38.0
-30.09542 54.613976 6.855125113 3.0 38.0
-30.09542 54.613976 6.855125114 0.0 39.0
-30.576958 52.712982 7.1331406114 0.0 39.0
-30.576958 52.712982 7.1331406115 0.0 40.0
-31.132988 50.81199 7.1331406115 0.0 40.0
-30.09542 54.613976 6.855125116 2.0 39.0
-31.760805 53.54186 6.855125116 2.0 39.0
-31.760805 53.54186 6.855125117 1.0 40.0
-33.42619 52.46974 6.855125117 1.0 40.0
-33.42619 52.46974 6.855125118 0.0 41.0
-35.124146 52.750595 7.8354397118 0.0 41.0
-35.124146 52.750595 7.8354397119 0.0 42.0
-37.084774 53.03145 7.8354397119 0.0 42.0
-33.42619 52.46974 6.855125120 0.0 41.0
-33.98222 50.56875 6.855125120 0.0 41.0
-33.98222 50.56875 6.855125121 0.0 42.0
-34.53825 48.667755 6.855125121 0.0 42.0
-27.210888 56.75821 5.1897397122 8.0 37.0
-29.171516 57.039062 5.1897397122 8.0 37.0
-29.171516 57.039062 5.1897397123 7.0 38.0
-31.132145 57.319916 5.1897397123 7.0 38.0
-31.132145 57.319916 5.1897397124 6.0 39.0
-33.092773 57.60077 5.1897397124 6.0 39.0
-33.092773 57.60077 5.1897397125 5.0 40.0
-35.053402 57.881622 5.1897397125 5.0 40.0
-35.053402 57.881622 5.1897397126 4.0 41.0
-36.177013 59.378155 5.838457126 4.0 41.0
-36.177013 59.378155 5.838457127 3.0 42.0
-37.300625 60.874687 6.4871745127 3.0 42.0
-37.300625 60.874687 6.4871745128 0.0 43.0
-38.99858 61.15554 7.4674892128 0.0 43.0
-38.99858 61.15554 7.4674892129 0.0 44.0
-40.95921 61.436394 7.4674892129 0.0 44.0
-37.300625 60.874687 6.4871745130 2.0 43.0
-38.59806 62.37122 6.4871745130 2.0 43.0
-38.59806 62.37122 6.4871745131 1.0 44.0
-39.895496 63.867752 6.4871745131 1.0 44.0
-39.895496 63.867752 6.4871745132 0.0 45.0
-39.895496 65.8484 6.4871745132 0.0 45.0
-39.895496 65.8484 6.4871745133 0.0 46.0
-39.895496 67.82904 6.4871745133 0.0 46.0
-39.895496 63.867752 6.4871745134 0.0 45.0
-41.856125 64.148605 6.4871745134 0.0 45.0
-41.856125 64.148605 6.4871745135 0.0 46.0
-43.816753 64.42946 6.4871745135 0.0 46.0
-35.053402 57.881622 5.1897397136 4.0 41.0
-36.71879 56.809505 5.1897397136 4.0 41.0
-36.71879 56.809505 5.1897397137 3.0 42.0
-38.384174 55.73739 5.1897397137 3.0 42.0
-38.384174 55.73739 5.1897397138 0.0 43.0
-38.86571 53.836395 5.4677553138 0.0 43.0
-38.86571 53.836395 5.4677553139 0.0 44.0
-39.42174 51.935402 5.4677553139 0.0 44.0
-38.384174 55.73739 5.1897397140 2.0 43.0
-40.04956 54.66527 5.1897397140 2.0 43.0
-40.04956 54.66527 5.1897397141 1.0 44.0
-41.714947 53.593155 5.1897397141 1.0 44.0
-41.714947 53.593155 5.1897397142 0.0 45.0
-43.412903 53.87401 6.1700544142 0.0 45.0
-43.412903 53.87401 6.1700544143 0.0 46.0
-45.37353 54.15486 6.1700544143 0.0 46.0
-41.714947 53.593155 5.1897397144 0.0 45.0
-42.270977 51.69216 5.1897397144 0.0 45.0
-42.270977 51.69216 5.1897397145 0.0 46.0
-42.827007 49.79117 5.1897397145 0.0 46.0
0.0 31.690279 0.0146 44.0 17.0
0.0 33.67092 0.0146 44.0 17.0
0.0 33.67092 0.0147 43.0 18.0
0.0 35.651566 0.0147 43.0 18.0
0.0 35.651566 0.0148 42.0 19.0
0.0 37.63221 0.0148 42.0 19.0
0.0 37.63221 0.0149 41.0 20.0
0.0 39.612854 0.0149 41.0 20.0
0.0 39.612854 0.0150 40.0 21.0
0.0 41.5935 0.0150 40.0 21.0
0.0 41.5935 0.0151 39.0 22.0
0.0 43.574142 0.0151 39.0 22.0
0.0 43.574142 0.0152 38.0 23.0
0.0 45.554787 0.0152 38.0 23.0
0.0 45.554787 0.0153 37.0 24.0
0.0 47.53543 0.0153 37.0 24.0
0.0 47.53543 0.0154 36.0 25.0
0.0 49.516075 0.0154 36.0 25.0
0.0 49.516075 0.0155 35.0 26.0
0.0 51.49672 0.0155 35.0 26.0
0.0 51.49672 0.0156 34.0 27.0
0.0 53.477364 0.0156 34.0 27.0
0.0 53.477364 0.0157 33.0 28.0
0.0 55.458008 0.0157 33.0 28.0
0.0 55.458008 0.0158 32.0 29.0
0.0 57.438652 0.0158 32.0 29.0
0.0 57.438652 0.0159 31.0 30.0
0.0 59.419296 0.0159 31.0 30.0
0.0 59.419296 0.0160 30.0 31.0
0.0 61.39994 0.0160 30.0 31.0
0.0 61.39994 0.0161 29.0 32.0
0.0 63.380585 0.0161 29.0 32.0
0.0 63.380585 0.0162 28.0 33.0
1.1236116 64.87711 -0.64871746162 28.0 33.0
1.1236116 64.87711 -0.64871746163 27.0 34.0
2.2472231 66.37364 -1.2974349163 27.0 34.0
2.2472231 66.37364 -1.2974349164 26.0 35.0
3.3708348 67.87017 -1.9461524164 26.0 35.0
3.3708348 67.87017 -1.9461524165 25.0 36.0
4.4944463 69.3667 -2.5948699165 25.0 36.0
4.4944463 69.3667 -2.5948699166 24.0 37.0
5.6180577 70.86323 -3.2435873166 24.0 37.0
5.6180577 70.86323 -3.2435873167 23.0 38.0
6.741669 72.35976 -3.8923047167 23.0 38.0
6.741669 72.35976 -3.8923047168 22.0 39.0
7.8652806 73.856285 -4.5410223168 22.0 39.0
7.8652806 73.856285 -4.5410223169 21.0 40.0
8.988893 75.35281 -5.1897397169 21.0 40.0
8.988893 75.35281 -5.1897397170 12.0 41.0
8.988893 77.33346 -5.1897397170 12.0 41.0
8.988893 77.33346 -5.1897397171 11.0 42.0
8.988893 79.3141 -5.1897397171 11.0 42.0
8.988893 79.3141 -5.1897397172 10.0 43.0
8.988893 81.29475 -5.1897397172 10.0 43.0
8.988893 81.29475 -5.1897397173 9.0 44.0
8.988893 83.27539 -5.1897397173 9.0 44.0
8.988893 83.27539 -5.1897397174 4.0 45.0
7.865281 84.77192 -4.5410223174 4.0 45.0
7.865281 84.77192 -4.5410223175 3.0 46.0
6.7416697 86.26845 -3.892305175 3.0 46.0
6.7416697 86.26845 -3.892305176 0.0 47.0
5.043715 86.5493 -2.9119904176 0.0 47.0
5.043715 86.5493 -2.9119904177 0.0 48.0
3.083086 86.830154 -2.9119904177 0.0 48.0
6.7416697 86.26845 -3.892305178 2.0 47.0
5.444235 87.76498 -3.892305178 2.0 47.0
5.444235 87.76498 -3.892305179 1.0 48.0
4.1468 89.261505 -3.892305179 1.0 48.0
4.1468 89.261505 -3.892305180 0.0 49.0
4.1468 91.24215 -3.892305180 0.0 49.0
4.1468 91.24215 -3.892305181 0.0 50.0
4.1468 93.22279 -3.892305181 0.0 50.0
4.1468 89.261505 -3.892305182 0.0 49.0
2.186171 89.54236 -3.892305182 0.0 49.0
2.186171 89.54236 -3.892305183 0.0 50.0
0.22554195 89.82321 -3.892305183 0.0 50.0
8.988893 83.27539 -5.1897397184 8.0 45.0
8.988893 85.256035 -5.1897397184 8.0 45.0
8.988893 85.256035 -5.1897397185 7.0 46.0
8.988893 87.23668 -5.1897397185 7.0 46.0
8.988893 87.23668 -5.1897397186 6.0 47.0
8.988893 89.21732 -5.1897397186 6.0 47.0
8.988893 89.21732 -5.1897397187 5.0 48.0
8.988893 91.19797 -5.1897397187 5.0 48.0
8.988893 91.19797 -5.1897397188 4.0 49.0
10.112504 92.694496 -5.838457188 4.0 49.0
10.112504 92.694496 -5.838457189 3.0 50.0
11.236115 94.191025 -6.4871745189 3.0 50.0
11.236115 94.191025 -6.4871745190 0.0 51.0
11.236115 96.17167 -6.4871745190 0.0 51.0
11.236115 96.17167 -6.4871745191 0.0 52.0
11.236115 98.15231 -6.4871745191 0.0 52.0
11.236115 94.191025 -6.4871745192 2.0 51.0
12.53355 95.68755 -6.4871745192 2.0 51.0
12.53355 95.68755 -6.4871745193 1.0 52.0
13.830985 97.18408 -6.4871745193 1.0 52.0
13.830985 97.18408 -6.4871745194 0.0 53.0
15.528939 97.464935 -7.4674892194 0.0 53.0
15.528939 97.464935 -7.4674892195 0.0 54.0
17.489569 97.74579 -7.4674892195 0.0 54.0
13.830985 97.18408 -6.4871745196 0.0 53.0
13.830985 99.16473 -6.4871745196 0.0 53.0
13.830985 99.16473 -6.4871745197 0.0 54.0
13.830985 101.14537 -6.4871745197 0.0 54.0
8.988893 91.19797 -5.1897397198 4.0 49.0
7.6914577 92.694496 -5.1897397198 4.0 49.0
7.6914577 92.694496 -5.1897397199 3.0 50.0
6.394023 94.191025 -5.1897397199 3.0 50.0
6.394023 94.191025 -5.1897397200 0.0 51.0
4.6960683 94.47188 -4.209425200 0.0 51.0
4.6960683 94.47188 -4.209425201 0.0 52.0
2.7354393 94.75273 -4.209425201 0.0 52.0
6.394023 94.191025 -5.1897397202 2.0 51.0
5.096588 95.68755 -5.1897397202 2.0 51.0
5.096588 95.68755 -5.1897397203 1.0 52.0
3.7991533 97.18408 -5.1897397203 1.0 52.0
3.7991533 97.18408 -5.1897397204 0.0 53.0
3.7991533 99.16473 -5.1897397204 0.0 53.0
3.7991533 99.16473 -5.1897397205 0.0 54.0
3.7991533 101.14537 -5.1897397205 0.0 54.0
3.7991533 97.18408 -5.1897397206 0.0 53.0
1.8385242 97.464935 -5.1897397206 0.0 53.0
1.8385242 97.464935 -5.1897397207 0.0 54.0
-0.12210488 97.74579 -5.1897397207 0.0 54.0
8.988893 75.35281 -5.1897397208 20.0 41.0
10.286327 76.84934 -5.1897397208 20.0 41.0
10.286327 76.84934 -5.1897397209 19.0 42.0
11.583762 78.34587 -5.1897397209 19.0 42.0
11.583762 78.34587 -5.1897397210 18.0 43.0
12.881197 79.8424 -5.1897397210 18.0 43.0
12.881197 79.8424 -5.1897397211 17.0 44.0
14.178632 81.33893 -5.1897397211 17.0 44.0
14.178632 81.33893 -5.1897397212 16.0 45.0
15.476067 82.83546 -5.1897397212 16.0 45.0
15.476067 82.83546 -5.1897397213 15.0 46.0
16.773502 84.331985 -5.1897397213 15.0 46.0
16.773502 84.331985 -5.1897397214 14.0 47.0
18.070938 85.828514 -5.1897397214 14.0 47.0
18.070938 85.828514 -5.1897397215 13.0 48.0
19.368374 87.32504 -5.1897397215 13.0 48.0
19.368374 87.32504 -5.1897397216 12.0 49.0
21.066328 87.605896 -6.1700544216 12.0 49.0
21.066328 87.605896 -6.1700544217 11.0 50.0
22.764282 87.88675 -7.150369217 11.0 50.0
22.764282 87.88675 -7.150369218 10.0 51.0
24.462236 88.1676 -8.130684218 10.0 51.0
24.462236 88.1676 -8.130684219 9.0 52.0
26.16019 88.448456 -9.110998219 9.0 52.0
26.16019 88.448456 -9.110998220 4.0 53.0
27.283802 89.944984 -9.759716220 4.0 53.0
27.283802 89.944984 -9.759716221 3.0 54.0
28.407413 91.44151 -10.408434221 3.0 54.0
28.407413 91.44151 -10.408434222 0.0 55.0
28.407413 93.42216 -10.408434222 0.0 55.0
28.407413 93.42216 -10.408434223 0.0 56.0
28.407413 95.4028 -10.408434223 0.0 56.0
28.407413 91.44151 -10.408434224 2.0 55.0
29.70485 92.93804 -10.408434224 2.0 55.0
29.70485 92.93804 -10.408434225 1.0 56.0
31.002285 94.43457 -10.408434225 1.0 56.0
31.002285 94.43457 -10.408434226 0.0 57.0
32.70024 94.71542 -11.388748226 0.0 57.0
32.70024 94.71542 -11.388748227 0.0 58.0
34.66087 94.99628 -11.388748227 0.0 58.0
31.002285 94.43457 -10.408434228 0.0 57.0
31.002285 96.415215 -10.408434228 0.0 57.0
31.002285 96.415215 -10.408434229 0.0 58.0
31.002285 98.39586 -10.408434229 0.0 58.0
26.16019 88.448456 -9.110998230 8.0 53.0
28.12082 88.72931 -9.110998230 8.0 53.0
28.12082 88.72931 -9.110998231 7.0 54.0
30.081448 89.01016 -9.110998231 7.0 54.0
30.081448 89.01016 -9.110998232 6.0 55.0
32.042076 89.291016 -9.110998232 6.0 55.0
32.042076 89.291016 -9.110998233 5.0 56.0
34.002705 89.57187 -9.110998233 5.0 56.0
34.002705 89.57187 -9.110998234 4.0 57.0
35.44497 88.49975 -9.94369234 4.0 57.0
35.44497 88.49975 -9.94369235 3.0 58.0
36.887234 87.42763 -10.776382235 3.0 58.0
36.887234 87.42763 -10.776382236 0.0 59.0
38.58519 87.70848 -11.756697236 0.0 59.0
38.58519 87.70848 -11.756697237 0.0 60.0
40.54582 87.989334 -11.756697237 0.0 60.0
36.887234 87.42763 -10.776382238 2.0 59.0
38.55262 86.35551 -10.776382238 2.0 59.0
38.55262 86.35551 -10.776382239 1.0 60.0
40.218006 85.28339 -10.776382239 1.0 60.0
40.218006 85.28339 -10.776382240 0.0 61.0
40.699543 83.38239 -11.054398240 0.0 61.0
40.699543 83.38239 -11.054398241 0.0 62.0
41.255573 81.4814 -11.054398241 0.0 62.0
40.218006 85.28339 -10.776382242 0.0 61.0
42.178635 85.56424 -10.776382242 0.0 61.0
42.178635 85.56424 -10.776382243 0.0 62.0
44.139263 85.84509 -10.776382243 0.0 62.0
34.002705 89.57187 -9.110998244 4.0 57.0
35.30014 91.0684 -9.110998244 4.0 57.0
35.30014 91.0684 -9.110998245 3.0 58.0
36.597576 92.564926 -9.110998245 3.0 58.0
36.597576 92.564926 -9.110998246 0.0 59.0
36.597576 94.54557 -9.110998246 0.0 59.0
36.597576 94.54557 -9.110998247 0.0 60.0
36.597576 96.526215 -9.110998247 0.0 60.0
36.597576 92.564926 -9.110998248 2.0 59.0
37.89501 94.061455 -9.110998248 2.0 59.0
37.89501 94.061455 -9.110998249 1.0 60.0
39.192448 95.55798 -9.110998249 1.0 60.0
39.192448 95.55798 -9.110998250 0.0 61.0
40.890404 95.83884 -10.091312250 0.0 61.0
40.890404 95.83884 -10.091312251 0.0 62.0
42.851032 96.11969 -10.091312251 0.0 62.0
39.192448 95.55798 -9.110998252 0.0 61.0
39.192448 97.53863 -9.110998252 0.0 61.0
39.192448 97.53863 -9.110998253 0.0 62.0
39.192448 99.51927 -9.110998253 0.0 62.0
19.368374 87.32504 -5.1897397254 12.0 49.0
19.368374 89.30569 -5.1897397254 12.0 49.0
19.368374 89.30569 -5.1897397255 11.0 50.0
19.368374 91.28633 -5.1897397255 11.0 50.0
19.368374 91.28633 -5.1897397256 10.0 51.0
19.368374 93.266975 -5.1897397256 10.0 51.0
19.368374 93.266975 -5.1897397257 9.0 52.0
19.368374 95.24762 -5.1897397257 9.0 52.0
19.368374 95.24762 -5.1897397258 4.0 53.0
18.244762 96.74415 -4.5410223258 4.0 53.0
18.244762 96.74415 -4.5410223259 3.0 54.0
17.121151 98.24068 -3.892305259 3.0 54.0
17.121151 98.24068 -3.892305260 0.0 55.0
15.423197 98.52153 -2.9119904260 0.0 55.0
15.423197 98.52153 -2.9119904261 0.0 56.0
13.462567 98.80238 -2.9119904261 0.0 56.0
17.121151 98.24068 -3.892305262 2.0 55.0
15.823716 99.737206 -3.892305262 2.0 55.0
15.823716 99.737206 -3.892305263 1.0 56.0
14.526281 101.233734 -3.892305263 1.0 56.0
14.526281 101.233734 -3.892305264 0.0 57.0
14.526281 103.21438 -3.892305264 0.0 57.0
14.526281 103.21438 -3.892305265 0.0 58.0
14.526281 105.19502 -3.892305265 0.0 58.0
14.526281 101.233734 -3.892305266 0.0 57.0
12.565652 101.51459 -3.892305266 0.0 57.0
12.565652 101.51459 -3.892305267 0.0 58.0
10.605022 101.79544 -3.892305267 0.0 58.0
19.368374 95.24762 -5.1897397268 8.0 53.0
19.368374 97.228264 -5.1897397268 8.0 53.0
19.368374 97.228264 -5.1897397269 7.0 54.0
19.368374 99.20891 -5.1897397269 7.0 54.0
19.368374 99.20891 -5.1897397270 6.0 55.0
19.368374 101.18955 -5.1897397270 6.0 55.0
19.368374 101.18955 -5.1897397271 5.0 56.0
19.368374 103.1702 -5.1897397271 5.0 56.0
19.368374 103.1702 -5.1897397272 4.0 57.0
20.491985 104.666725 -5.838457272 4.0 57.0
20.491985 104.666725 -5.838457273 3.0 58.0
21.615597 106.16325 -6.4871745273 3.0 58.0
21.615597 106.16325 -6.4871745274 0.0 59.0
21.615597 108.1439 -6.4871745274 0.0 59.0
21.615597 108.1439 -6.4871745275 0.0 60.0
21.615597 110.12454 -6.4871745275 0.0 60.0
21.615597 106.16325 -6.4871745276 2.0 59.0
22.913033 107.65978 -6.4871745276 2.0 59.0
22.913033 107.65978 -6.4871745277 1.0 60.0
24.210468 109.15631 -6.4871745277 1.0 60.0
24.210468 109.15631 -6.4871745278 0.0 61.0
25.908422 109.437164 -7.4674892278 0.0 61.0
25.908422 109.437164 -7.4674892279 0.0 62.0
27.869051 109.71802 -7.4674892279 0.0 62.0
24.210468 109.15631 -6.4871745280 0.0 61.0
24.210468 111.136955 -6.4871745280 0.0 61.0
24.210468 111.136955 -6.4871745281 0.0 62.0
24.210468 113.1176 -6.4871745281 0.0 62.0
19.368374 103.1702 -5.1897397282 4.0 57.0
18.070938 104.666725 -5.1897397282 4.0 57.0
18.070938 104.666725 -5.1897397283 3.0 58.0
16.773502 106.16325 -5.1897397283 3.0 58.0
16.773502 106.16325 -5.1897397284 0.0 59.0
15.075548 106.44411 -4.209425284 0.0 59.0
15.075548 106.44411 -4.209425285 0.0 60.0
13.114919 106.72496 -4.209425285 0.0 60.0
16.773502 106.16325 -5.1897397286 2.0 59.0
15.476068 107.65978 -5.1897397286 2.0 59.0
15.476068 107.65978 -5.1897397287 1.0 60.0
14.178633 109.15631 -5.1897397287 1.0 60.0
14.178633 109.15631 -5.1897397288 0.0 61.0
14.178633 111.136955 -5.1897397288 0.0 61.0
14.178633 111.136955 -5.1897397289 0.0 62.0
14.178633 113.1176 -5.1897397289 0.0 62.0
14.178633 109.15631 -5.1897397290 0.0 61.0
12.218003 109.437164 -5.1897397290 0.0 61.0
12.218003 109.437164 -5.1897397291 0.0 62.0
10.257374 109.71802 -5.1897397291 0.0 62.0
0.0 63.380585 0.0292 28.0 33.0
-1.2974349 64.87711 0.0292 28.0 33.0
-1.2974349 64.87711 0.0293 27.0 34.0
-2.5948699 66.37364 0.0293 27.0 34.0
-2.5948699 66.37364 0.0294 26.0 35.0
-3.892305 67.87017 0.0294 26.0 35.0
-3.892305 67.87017 0.0295 25.0 36.0
-5.1897397 69.3667 0.0295 25.0 36.0
-5.1897397 69.3667 0.0296 24.0 37.0
-6.4871745 70.86323 0.0296 24.0 37.0
-6.4871745 70.86323 0.0297 23.0 38.0
-7.7846093 72.35976 0.0297 23.0 38.0
-7.7846093 72.35976 0.0298 22.0 39.0
-9.082045 73.856285 0.0298 22.0 39.0
-9.082045 73.856285 0.0299 21.0 40.0
-10.379479 75.35281 0.0299 21.0 40.0
-10.379479 75.35281 0.0300 12.0 41.0
-12.077434 75.63367 0.98031455300 12.0 41.0
-12.077434 75.63367 0.98031455301 11.0 42.0
-13.775388 75.91452 1.9606291301 11.0 42.0
-13.775388 75.91452 1.9606291302 10.0 43.0
-15.473342 76.19537 2.9409437302 10.0 43.0
-15.473342 76.19537 2.9409437303 9.0 44.0
-17.171297 76.47623 3.9212582303 9.0 44.0
-17.171297 76.47623 3.9212582304 4.0 45.0
-18.613564 75.404106 4.7539506304 4.0 45.0
-18.613564 75.404106 4.7539506305 3.0 46.0
-20.05583 74.331985 5.586643305 3.0 46.0
-20.05583 74.331985 5.586643306 0.0 47.0
-20.537367 72.43099 5.864659306 0.0 47.0
-20.537367 72.43099 5.864659307 0.0 48.0
-21.093397 70.53 5.864659307 0.0 48.0
-20.05583 74.331985 5.586643308 2.0 47.0
-21.721214 73.259865 5.586643308 2.0 47.0
-21.721214 73.259865 5.586643309 1.0 48.0
-23.386599 72.187744 5.586643309 1.0 48.0
-23.386599 72.187744 5.586643310 0.0 49.0
-25.084553 72.4686 6.566958310 0.0 49.0
-25.084553 72.4686 6.566958311 0.0 50.0
-27.045181 72.74945 6.566958311 0.0 50.0
-23.386599 72.187744 5.586643312 0.0 49.0
-23.942629 70.28675 5.586643312 0.0 49.0
-23.942629 70.28675 5.586643313 0.0 50.0
-24.49866 68.38576 5.586643313 0.0 50.0
-17.171297 76.47623 3.9212582314 8.0 45.0
-19.131926 76.75708 3.9212582314 8.0 45.0
-19.131926 76.75708 3.9212582315 7.0 46.0
-21.092554 77.03793 3.9212582315 7.0 46.0
-21.092554 77.03793 3.9212582316 6.0 47.0
-23.053183 77.31879 3.9212582316 6.0 47.0
-23.053183 77.31879 3.9212582317 5.0 48.0
-25.013811 77.59964 3.9212582317 5.0 48.0
-25.013811 77.59964 3.9212582318 4.0 49.0
-26.137423 79.09617 4.569976318 4.0 49.0
-26.137423 79.09617 4.569976319 3.0 50.0
-27.261034 80.5927 5.2186933319 3.0 50.0
-27.261034 80.5927 5.2186933320 0.0 51.0
-28.958988 80.87355 6.199008320 0.0 51.0
-28.958988 80.87355 6.199008321 0.0 52.0
-30.919617 81.1544 6.199008321 0.0 52.0
-27.261034 80.5927 5.2186933322 2.0 51.0
-28.55847 82.089226 5.2186933322 2.0 51.0
-28.55847 82.089226 5.2186933323 1.0 52.0
-29.855906 83.585754 5.2186933323 1.0 52.0
-29.855906 83.585754 5.2186933324 0.0 53.0
-29.855906 85.5664 5.2186933324 0.0 53.0
-29.855906 85.5664 5.2186933325 0.0 54.0
-29.855906 87.54704 5.2186933325 0.0 54.0
-29.855906 83.585754 5.2186933326 0.0 53.0
-31.816534 83.86661 5.2186933326 0.0 53.0
-31.816534 83.86661 5.2186933327 0.0 54.0
-33.777164 84.14746 5.2186933327 0.0 54.0
-25.013811 77.59964 3.9212582328 4.0 49.0
-26.679195 76.52752 3.9212582328 4.0 49.0
-26.679195 76.52752 3.9212582329 3.0 50.0
-28.34458 75.4554 3.9212582329 3.0 50.0
-28.34458 75.4554 3.9212582330 0.0 51.0
-28.826117 73.554405 4.1992736330 0.0 51.0
-28.826117 73.554405 4.1992736331 0.0 52.0
-29.382147 71.65341 4.1992736331 0.0 52.0
-28.34458 75.4554 3.9212582332 2.0 51.0
-30.009964 74.38328 3.9212582332 2.0 51.0
-30.009964 74.38328 3.9212582333 1.0 52.0
-31.675348 73.31116 3.9212582333 1.0 52.0
-31.675348 73.31116 3.9212582334 0.0 53.0
-33.373302 73.59201 4.9015727334 0.0 53.0
-33.373302 73.59201 4.9015727335 0.0 54.0
-35.33393 73.87286 4.9015727335 0.0 54.0
-31.675348 73.31116 3.9212582336 0.0 53.0
-32.23138 71.410164 3.9212582336 0.0 53.0
-32.23138 71.410164 3.9212582337 0.0 54.0
-32.78741 69.50917 3.9212582337 0.0 54.0
-10.379479 75.35281 0.0338 20.0 41.0
-11.676914 76.84934 0.0338 20.0 41.0
-11.676914 76.84934 0.0339 19.0 42.0
-12.974349 78.34587 0.0339 19.0 42.0
-12.974349 78.34587 0.0340 18.0 43.0
-14.271784 79.8424 0.0340 18.0 43.0
-14.271784 79.8424 0.0341 17.0 44.0
-15.569219 81.33893 0.0341 17.0 44.0
-15.569219 81.33893 0.0342 16.0 45.0
-16.866653 82.83546 0.0342 16.0 45.0
-16.866653 82.83546 0.0343 15.0 46.0
-18.16409 84.331985 0.0343 15.0 46.0
-18.16409 84.331985 0.0344 14.0 47.0
-19.461525 85.828514 0.0344 14.0 47.0
-19.461525 85.828514 0.0345 13.0 48.0
-20.75896 87.32504 0.0345 13.0 48.0
-20.75896 87.32504 0.0346 12.0 49.0
-20.75896 89.30569 0.0346 12.0 49.0
-20.75896 89.30569 0.0347 11.0 50.0
-20.75896 91.28633 0.0347 11.0 50.0
-20.75896 91.28633 0.0348 10.0 51.0
-20.75896 93.266975 0.0348 10.0 51.0
-20.75896 93.266975 0.0349 9.0 52.0
-20.75896 95.24762 0.0349 9.0 52.0
-20.75896 95.24762 0.0350 4.0 53.0
-21.882572 96.74415 0.64871746350 4.0 53.0
-21.882572 96.74415 0.64871746351 3.0 54.0
-23.006184 98.24068 1.2974349351 3.0 54.0
-23.006184 98.24068 1.2974349352 0.0 55.0
-24.704138 98.52153 2.2777495352 0.0 55.0
-24.704138 98.52153 2.2777495353 0.0 56.0
-26.664766 98.80238 2.2777495353 0.0 56.0
-23.006184 98.24068 1.2974349354 2.0 55.0
-24.30362 99.737206 1.2974349354 2.0 55.0
-24.30362 99.737206 1.2974349355 1.0 56.0
-25.601055 101.233734 1.2974349355 1.0 56.0
-25.601055 101.233734 1.2974349356 0.0 57.0
-25.601055 103.21438 1.2974349356 0.0 57.0
-25.601055 103.21438 1.2974349357 0.0 58.0
-25.601055 105.19502 1.2974349357 0.0 58.0
-25.601055 101.233734 1.2974349358 0.0 57.0
-27.561684 101.51459 1.2974349358 0.0 57.0
-27.561684 101.51459 1.2974349359 0.0 58.0
-29.522312 101.79544 1.2974349359 0.0 58.0
-20.75896 95.24762 0.0360 8.0 53.0
-20.75896 97.228264 0.0360 8.0 53.0
-20.75896 97.228264 0.0361 7.0 54.0
-20.75896 99.20891 0.0361 7.0 54.0
-20.75896 99.20891 0.0362 6.0 55.0
-20.75896 101.18955 0.0362 6.0 55.0
-20.75896 101.18955 0.0363 5.0 56.0
-20.75896 103.1702 0.0363 5.0 56.0
-20.75896 103.1702 0.0364 4.0 57.0
-19.63535 104.666725 -0.64871746364 4.0 57.0
-19.63535 104.666725 -0.64871746365 3.0 58.0
-18.511738 106.16325 -1.2974349365 3.0 58.0
-18.511738 106.16325 -1.2974349366 0.0 59.0
-18.511738 108.1439 -1.2974349366 0.0 59.0
-18.511738 108.1439 -1.2974349367 0.0 60.0
-18.511738 110.12454 -1.2974349367 0.0 60.0
-18.511738 106.16325 -1.2974349368 2.0 59.0
-17.214302 107.65978 -1.2974349368 2.0 59.0
-17.214302 107.65978 -1.2974349369 1.0 60.0
-15.916867 109.15631 -1.2974349369 1.0 60.0
-15.916867 109.15631 -1.2974349370 0.0 61.0
-14.218913 109.437164 -2.2777495370 0.0 61.0
-14.218913 109.437164 -2.2777495371 0.0 62.0
-12.258284 109.71802 -2.2777495371 0.0 62.0
-15.916867 109.15631 -1.2974349372 0.0 61.0
-15.916867 111.136955 -1.2974349372 0.0 61.0
-15.916867 111.136955 -1.2974349373 0.0 62.0
-15.916867 113.1176 -1.2974349373 0.0 62.0
-20.75896 103.1702 0.0374 4.0 57.0
-22.056396 104.666725 0.0374 4.0 57.0
-22.056396 104.666725 0.0375 3.0 58.0
-23.353832 106.16325 0.0375 3.0 58.0
-23.353832 106.16325 0.0376 0.0 59.0
-25.051786 106.44411 0.98031455376 0.0 59.0
-25.051786 106.44411 0.98031455377 0.0 60.0
-27.012415 106.72496 0.98031455377 0.0 60.0
-23.353832 106.16325 0.0378 2.0 59.0
-24.651268 107.65978 0.0378 2.0 59.0
-24.651268 107.65978 0.0379 1.0 60.0
-25.948704 109.15631 0.0379 1.0 60.0
-25.948704 109.15631 0.0380 0.0 61.0
-25.948704 111.136955 0.0380 0.0 61.0
-25.948704 111.136955 0.0381 0.0 62.0
-25.948704 113.1176 0.0381 0.0 62.0
-25.948704 109.15631 0.0382 0.0 61.0
-27.909332 109.437164 0.0382 0.0 61.0
-27.909332 109.437164 0.0383 0.0 62.0
-29.86996 109.71802 0.0383 0.0 62.0
-20.75896 87.32504 0.0384 12.0 49.0
-22.71959 87.605896 0.0384 12.0 49.0
-22.71959 87.605896 0.0385 11.0 50.0
-24.680218 87.88675 0.0385 11.0 50.0
-24.680218 87.88675 0.0386 10.0 51.0
-26.640846 88.1676 0.0386 10.0 51.0
-26.640846 88.1676 0.0387 9.0 52.0
-28.601475 88.448456 0.0387 9.0 52.0
-28.601475 88.448456 0.0388 4.0 53.0
-30.043741 87.376335 0.83269256388 4.0 53.0
-30.043741 87.376335 0.83269256389 3.0 54.0
-31.486008 86.304214 1.6653851389 3.0 54.0
-31.486008 86.304214 1.6653851390 0.0 55.0
-31.967545 84.40322 1.9434005390 0.0 55.0
-31.967545 84.40322 1.9434005391 0.0 56.0
-32.523575 82.50223 1.9434005391 0.0 56.0
-31.486008 86.304214 1.6653851392 2.0 55.0
-33.151394 85.23209 1.6653851392 2.0 55.0
-33.151394 85.23209 1.6653851393 1.0 56.0
-34.81678 84.15997 1.6653851393 1.0 56.0
-34.81678 84.15997 1.6653851394 0.0 57.0
-36.514736 84.44083 2.6456997394 0.0 57.0
-36.514736 84.44083 2.6456997395 0.0 58.0
-38.475365 84.72168 2.6456997395 0.0 58.0
-34.81678 84.15997 1.6653851396 0.0 57.0
-35.37281 82.25898 1.6653851396 0.0 57.0
-35.37281 82.25898 1.6653851397 0.0 58.0
-35.92884 80.35799 1.6653851397 0.0 58.0
-28.601475 88.448456 0.0398 8.0 53.0
-30.562103 88.72931 0.0398 8.0 53.0
-30.562103 88.72931 0.0399 7.0 54.0
-32.52273 89.01016 0.0399 7.0 54.0
-32.52273 89.01016 0.0400 6.0 55.0
-34.48336 89.291016 0.0400 6.0 55.0
-34.48336 89.291016 0.0401 5.0 56.0
-36.44399 89.57187 0.0401 5.0 56.0
-36.44399 89.57187 0.0402 4.0 57.0
-37.5676 91.0684 0.64871746402 4.0 57.0
-37.5676 91.0684 0.64871746403 3.0 58.0
-38.69121 92.564926 1.2974349403 3.0 58.0
-38.69121 92.564926 1.2974349404 0.0 59.0
-40.389168 92.84578 2.2777495404 0.0 59.0
-40.389168 92.84578 2.2777495405 0.0 60.0
-42.349796 93.12663 2.2777495405 0.0 60.0
-38.69121 92.564926 1.2974349406 2.0 59.0
-39.988647 94.061455 1.2974349406 2.0 59.0
-39.988647 94.061455 1.2974349407 1.0 60.0
-41.286083 95.55798 1.2974349407 1.0 60.0
-41.286083 95.55798 1.2974349408 0.0 61.0
-41.286083 97.53863 1.2974349408 0.0 61.0
-41.286083 97.53863 1.2974349409 0.0 62.0
-41.286083 99.51927 1.2974349409 0.0 62.0
-41.286083 95.55798 1.2974349410 0.0 61.0
-43.24671 95.83884 1.2974349410 0.0 61.0
-43.24671 95.83884 1.2974349411 0.0 62.0
-45.20734 96.11969 1.2974349411 0.0 62.0
-36.44399 89.57187 0.0412 4.0 57.0
-38.109375 88.49975 0.0412 4.0 57.0
-38.109375 88.49975 0.0413 3.0 58.0
-39.77476 87.42763 0.0413 3.0 58.0
-39.77476 87.42763 0.0414 0.0 59.0
-40.256298 85.526634 0.2780154414 0.0 59.0
-40.256298 85.526634 0.2780154415 0.0 60.0
-40.81233 83.62564 0.2780154415 0.0 60.0
-39.77476 87.42763 0.0416 2.0 59.0
-41.440147 86.35551 0.0416 2.0 59.0
-41.440147 86.35551 0.0417 1.0 60.0
-43.105534 85.28339 0.0417 1.0 60.0
-43.105534 85.28339 0.0418 0.0 61.0
-44.80349 85.56424 0.98031455418 0.0 61.0
-44.80349 85.56424 0.98031455419 0.0 62.0
-46.76412 85.84509 0.98031455419 0.0 62.0
-43.105534 85.28339 0.0420 0.0 61.0
-43.661564 83.38239 0.0420 0.0 61.0
-43.661564 83.38239 0.0421 0.0 62.0
-44.217594 81.4814 0.0421 0.0 62.0
