0.0 0.0 0.00 60.0 1.0
0.0 1.4642572 0.00 60.0 1.0
0.0 1.4642572 0.01 59.0 2.0
0.0 2.9285145 0.01 59.0 2.0
0.0 2.9285145 0.02 58.0 3.0
0.0 4.3927717 0.02 58.0 3.0
0.0 4.3927717 0.03 57.0 4.0
0.0 5.857029 0.03 57.0 4.0
0.0 5.857029 0.04 56.0 5.0
0.0 7.321286 0.04 56.0 5.0
0.0 7.321286 0.05 55.0 6.0
0.0 8.785543 0.05 55.0 6.0
0.0 8.785543 0.06 54.0 7.0
0.0 10.249801 0.06 54.0 7.0
0.0 10.249801 0.07 53.0 8.0
0.0 11.714058 0.07 53.0 8.0
0.0 11.714058 0.08 52.0 9.0
0.0 13.178315 0.08 52.0 9.0
0.0 13.178315 0.09 51.0 10.0
0.0 14.642572 0.09 51.0 10.0
0.0 14.642572 0.010 50.0 11.0
0.0 16.10683 0.010 50.0 11.0
0.0 16.10683 0.011 49.0 12.0
0.0 17.571087 0.011 49.0 12.0
0.0 17.571087 0.012 48.0 13.0
0.0 19.035343 0.012 48.0 13.0
0.0 19.035343 0.013 47.0 14.0
0.0 20.4996 0.013 47.0 14.0
0.0 20.4996 0.014 46.0 15.0
0.0 21.963856 0.014 46.0 15.0
0.0 21.963856 0.015 45.0 16.0
0.0 23.428112 0.015 45.0 16.0
0.0 23.428112 0.016 28.0 17.0
-0.71978617 24.633625 0.4155687416 28.0 17.0
-0.71978617 24.633625 0.4155687417 27.0 18.0
-1.4395723 25.839138 0.831137517 27.0 18.0
-1.4395723 25.839138 0.831137518 26.0 19.0
-2.1593585 27.044651 1.246706218 26.0 19.0
-2.1593585 27.044651 1.246706219 25.0 20.0
-2.8791447 28.250164 1.66227519 25.0 20.0
-2.8791447 28.250164 1.66227520 24.0 21.0
-3.5989308 29.455677 2.077843720 24.0 21.0
-3.5989308 29.455677 2.077843721 23.0 22.0
-4.318717 30.66119 2.493412521 23.0 22.0
-4.318717 30.66119 2.493412522 22.0 23.0
-5.038503 31.866703 2.908981322 22.0 23.0
-5.038503 31.866703 2.908981323 21.0 24.0
-5.7582893 33.072216 3.324550223 21.0 24.0
-5.7582893 33.072216 3.324550224 12.0 25.0
-5.7582893 34.536472 3.324550224 12.0 25.0
-5.7582893 34.536472 3.324550225 11.0 26.0
-5.7582893 36.00073 3.324550225 11.0 26.0
-5.7582893 36.00073 3.324550226 10.0 27.0
-5.7582893 37.464985 3.324550226 10.0 27.0
-5.7582893 37.464985 3.324550227 9.0 28.0
-5.7582893 38.92924 3.324550227 9.0 28.0
-5.7582893 38.92924 3.324550228 4.0 29.0
-6.4780755 40.134754 3.74011928 4.0 29.0
-6.4780755 40.134754 3.74011929 3.0 30.0
-7.1978617 41.340267 4.15568829 3.0 30.0
-7.1978617 41.340267 4.15568830 0.0 31.0
-8.383051 41.86099 4.83995730 0.0 31.0
-8.383051 41.86099 4.83995731 0.0 32.0
-9.75159 42.38171 4.83995731 0.0 32.0
-7.1978617 41.340267 4.15568832 2.0 31.0
-8.028999 42.54578 4.15568832 2.0 31.0
-8.028999 42.54578 4.15568833 1.0 32.0
-8.860137 43.751293 4.15568833 1.0 32.0
-8.860137 43.751293 4.15568834 0.0 33.0
-8.860137 45.21555 4.15568834 0.0 33.0
-8.860137 45.21555 4.15568835 0.0 34.0
-8.860137 46.679806 4.15568835 0.0 34.0
-8.860137 43.751293 4.15568836 0.0 33.0
-10.228676 44.272015 4.15568836 0.0 33.0
-10.228676 44.272015 4.15568837 0.0 34.0
-11.597215 44.792736 4.15568837 0.0 34.0
-5.7582893 38.92924 3.324550238 8.0 29.0
-5.7582893 40.393497 3.324550238 8.0 29.0
-5.7582893 40.393497 3.324550239 7.0 30.0
-5.7582893 41.857754 3.324550239 7.0 30.0
-5.7582893 41.857754 3.324550240 6.0 31.0
-5.7582893 43.32201 3.324550240 6.0 31.0
-5.7582893 43.32201 3.324550241 5.0 32.0
-5.7582893 44.786266 3.324550241 5.0 32.0
-5.7582893 44.786266 3.324550242 4.0 33.0
-5.038503 45.99178 2.908981342 4.0 33.0
-5.038503 45.99178 2.908981343 3.0 34.0
-4.318717 47.197292 2.493412543 3.0 34.0
-4.318717 47.197292 2.493412544 0.0 35.0
-4.318717 48.66155 2.493412544 0.0 35.0
-4.318717 48.66155 2.493412545 0.0 36.0
-4.318717 50.125805 2.493412545 0.0 36.0
-4.318717 47.197292 2.493412546 2.0 35.0
-3.4875796 48.402805 2.493412546 2.0 35.0
-3.4875796 48.402805 2.493412547 1.0 36.0
-2.6564422 49.60832 2.493412547 1.0 36.0
-2.6564422 49.60832 2.493412548 0.0 37.0
-1.4712529 50.12904 1.809143148 0.0 37.0
-1.4712529 50.12904 1.809143149 0.0 38.0
-0.10271418 50.64976 1.809143149 0.0 38.0
-2.6564422 49.60832 2.493412550 0.0 37.0
-2.6564422 51.072575 2.493412550 0.0 37.0
-2.6564422 51.072575 2.493412551 0.0 38.0
-2.6564422 52.53683 2.493412551 0.0 38.0
-5.7582893 44.786266 3.324550252 4.0 33.0
-6.589427 45.99178 3.324550252 4.0 33.0
-6.589427 45.99178 3.324550253 3.0 34.0
-7.4205647 47.197292 3.324550253 3.0 34.0
-7.4205647 47.197292 3.324550254 0.0 35.0
-8.605754 47.718014 4.008819654 0.0 35.0
-8.605754 47.718014 4.008819655 0.0 36.0
-9.974293 48.238735 4.008819655 0.0 36.0
-7.4205647 47.197292 3.324550256 2.0 35.0
-8.251702 48.402805 3.324550256 2.0 35.0
-8.251702 48.402805 3.324550257 1.0 36.0
-9.08284 49.60832 3.324550257 1.0 36.0
-9.08284 49.60832 3.324550258 0.0 37.0
-9.08284 51.072575 3.324550258 0.0 37.0
-9.08284 51.072575 3.324550259 0.0 38.0
-9.08284 52.53683 3.324550259 0.0 38.0
-9.08284 49.60832 3.324550260 0.0 37.0
-10.451379 50.12904 3.324550260 0.0 37.0
-10.451379 50.12904 3.324550261 0.0 38.0
-11.819918 50.64976 3.324550261 0.0 38.0
-5.7582893 33.072216 3.324550262 20.0 25.0
-6.589427 34.27773 3.324550262 20.0 25.0
-6.589427 34.27773 3.324550263 19.0 26.0
-7.4205647 35.483242 3.324550263 19.0 26.0
-7.4205647 35.483242 3.324550264 18.0 27.0
-8.251702 36.688755 3.324550264 18.0 27.0
-8.251702 36.688755 3.324550265 17.0 28.0
-9.08284 37.894268 3.324550265 17.0 28.0
-9.08284 37.894268 3.324550266 16.0 29.0
-9.913978 39.09978 3.324550266 16.0 29.0
-9.913978 39.09978 3.324550267 15.0 30.0
-10.745115 40.305294 3.324550267 15.0 30.0
-10.745115 40.305294 3.324550268 14.0 31.0
-11.576253 41.510807 3.324550268 14.0 31.0
-11.576253 41.510807 3.324550269 13.0 32.0
-12.407391 42.71632 3.324550269 13.0 32.0
-12.407391 42.71632 3.324550270 12.0 33.0
-12.407391 44.180576 3.324550270 12.0 33.0
-12.407391 44.180576 3.324550271 11.0 34.0
-12.407391 45.644833 3.324550271 11.0 34.0
-12.407391 45.644833 3.324550272 10.0 35.0
-12.407391 47.10909 3.324550272 10.0 35.0
-12.407391 47.10909 3.324550273 9.0 36.0
-12.407391 48.573345 3.324550273 9.0 36.0
-12.407391 48.573345 3.324550274 4.0 37.0
-13.127176 49.77886 3.74011974 4.0 37.0
-13.127176 49.77886 3.74011975 3.0 38.0
-13.846962 50.98437 4.15568875 3.0 38.0
-13.846962 50.98437 4.15568876 0.0 39.0
-15.032151 51.505093 4.83995776 0.0 39.0
-15.032151 51.505093 4.83995777 0.0 40.0
-16.40069 52.025814 4.83995777 0.0 40.0
-13.846962 50.98437 4.15568878 2.0 39.0
-14.6781 52.189884 4.15568878 2.0 39.0
-14.6781 52.189884 4.15568879 1.0 40.0
-15.509237 53.395397 4.15568879 1.0 40.0
-15.509237 53.395397 4.15568880 0.0 41.0
-15.509237 54.859653 4.15568880 0.0 41.0
-15.509237 54.859653 4.15568881 0.0 42.0
-15.509237 56.32391 4.15568881 0.0 42.0
-15.509237 53.395397 4.15568882 0.0 41.0
-16.877775 53.91612 4.15568882 0.0 41.0
-16.877775 53.91612 4.15568883 0.0 42.0
-18.246313 54.43684 4.15568883 0.0 42.0
-12.407391 48.573345 3.324550284 8.0 37.0
-12.407391 50.0376 3.324550284 8.0 37.0
-12.407391 50.0376 3.324550285 7.0 38.0
-12.407391 51.501858 3.324550285 7.0 38.0
-12.407391 51.501858 3.324550286 6.0 39.0
-12.407391 52.966114 3.324550286 6.0 39.0
-12.407391 52.966114 3.324550287 5.0 40.0
-12.407391 54.43037 3.324550287 5.0 40.0
-12.407391 54.43037 3.324550288 4.0 41.0
-11.687605 55.635883 2.908981388 4.0 41.0
-11.687605 55.635883 2.908981389 3.0 42.0
-10.967819 56.841396 2.493412589 3.0 42.0
-10.967819 56.841396 2.493412590 0.0 43.0
-10.967819 58.305653 2.493412590 0.0 43.0
-10.967819 58.305653 2.493412591 0.0 44.0
-10.967819 59.76991 2.493412591 0.0 44.0
-10.967819 56.841396 2.493412592 2.0 43.0
-10.136682 58.04691 2.493412592 2.0 43.0
-10.136682 58.04691 2.493412593 1.0 44.0
-9.305544 59.252422 2.493412593 1.0 44.0
-9.305544 59.252422 2.493412594 0.0 45.0
-8.120355 59.773144 1.809143194 0.0 45.0
-8.120355 59.773144 1.809143195 0.0 46.0
-6.751816 60.293865 1.809143195 0.0 46.0
-9.305544 59.252422 2.493412596 0.0 45.0
-9.305544 60.71668 2.493412596 0.0 45.0
-9.305544 60.71668 2.493412597 0.0 46.0
-9.305544 62.180935 2.493412597 0.0 46.0
-12.407391 54.43037 3.324550298 4.0 41.0
-13.238528 55.635883 3.324550298 4.0 41.0
-13.238528 55.635883 3.324550299 3.0 42.0
-14.069666 56.841396 3.324550299 3.0 42.0
-14.069666 56.841396 3.3245502100 0.0 43.0
-15.254855 57.362118 4.0088196100 0.0 43.0
-15.254855 57.362118 4.0088196101 0.0 44.0
-16.623394 57.88284 4.0088196101 0.0 44.0
-14.069666 56.841396 3.3245502102 2.0 43.0
-14.900804 58.04691 3.3245502102 2.0 43.0
-14.900804 58.04691 3.3245502103 1.0 44.0
-15.731941 59.252422 3.3245502103 1.0 44.0
-15.731941 59.252422 3.3245502104 0.0 45.0
-15.731941 60.71668 3.3245502104 0.0 45.0
-15.731941 60.71668 3.3245502105 0.0 46.0
-15.731941 62.180935 3.3245502105 0.0 46.0
-15.731941 59.252422 3.3245502106 0.0 45.0
-17.10048 59.773144 3.3245502106 0.0 45.0
-17.10048 59.773144 3.3245502107 0.0 46.0
-18.469017 60.293865 3.3245502107 0.0 46.0
-12.407391 42.71632 3.3245502108 12.0 33.0
-13.775929 43.23704 3.3245502108 12.0 33.0
-13.775929 43.23704 3.3245502109 11.0 34.0
-15.144468 43.757763 3.3245502109 11.0 34.0
-15.144468 43.757763 3.3245502110 10.0 35.0
-16.513006 44.278484 3.3245502110 10.0 35.0
-16.513006 44.278484 3.3245502111 9.0 36.0
-17.881544 44.799206 3.3245502111 9.0 36.0
-17.881544 44.799206 3.3245502112 4.0 37.0
-19.113274 44.451107 4.0356894112 4.0 37.0
-19.113274 44.451107 4.0356894113 3.0 38.0
-20.345003 44.10301 4.7468286113 3.0 38.0
-20.345003 44.10301 4.7468286114 0.0 39.0
-21.187962 43.00911 5.2335105114 0.0 39.0
-21.187962 43.00911 5.2335105115 0.0 40.0
-22.161325 41.91521 5.2335105115 0.0 40.0
-20.345003 44.10301 4.7468286116 2.0 39.0
-21.76728 43.75491 4.7468286116 2.0 39.0
-21.76728 43.75491 4.7468286117 1.0 40.0
-23.18956 43.40681 4.7468286117 1.0 40.0
-23.18956 43.40681 4.7468286118 0.0 41.0
-24.374748 43.927532 5.431098118 0.0 41.0
-24.374748 43.927532 5.431098119 0.0 42.0
-25.743286 44.448254 5.431098119 0.0 42.0
-23.18956 43.40681 4.7468286120 0.0 41.0
-24.162924 42.312912 4.7468286120 0.0 41.0
-24.162924 42.312912 4.7468286121 0.0 42.0
-25.136288 41.219013 4.7468286121 0.0 42.0
-17.881544 44.799206 3.3245502122 8.0 37.0
-19.250082 45.319927 3.3245502122 8.0 37.0
-19.250082 45.319927 3.3245502123 7.0 38.0
-20.61862 45.84065 3.3245502123 7.0 38.0
-20.61862 45.84065 3.3245502124 6.0 39.0
-21.987158 46.36137 3.3245502124 6.0 39.0
-21.987158 46.36137 3.3245502125 5.0 40.0
-23.355696 46.88209 3.3245502125 5.0 40.0
-23.355696 46.88209 3.3245502126 4.0 41.0
-24.075481 48.087605 3.740119126 4.0 41.0
-24.075481 48.087605 3.740119127 3.0 42.0
-24.795267 49.293118 4.155688127 3.0 42.0
-24.795267 49.293118 4.155688128 0.0 43.0
-25.980457 49.81384 4.839957128 0.0 43.0
-25.980457 49.81384 4.839957129 0.0 44.0
-27.348995 50.33456 4.839957129 0.0 44.0
-24.795267 49.293118 4.155688130 2.0 43.0
-25.626404 50.49863 4.155688130 2.0 43.0
-25.626404 50.49863 4.155688131 1.0 44.0
-26.45754 51.704144 4.155688131 1.0 44.0
-26.45754 51.704144 4.155688132 0.0 45.0
-26.45754 53.1684 4.155688132 0.0 45.0
-26.45754 53.1684 4.155688133 0.0 46.0
-26.45754 54.632656 4.155688133 0.0 46.0
-26.45754 51.704144 4.155688134 0.0 45.0
-27.826078 52.224865 4.155688134 0.0 45.0
-27.826078 52.224865 4.155688135 0.0 46.0
-29.194616 52.745586 4.155688135 0.0 46.0
-23.355696 46.88209 3.3245502136 4.0 41.0
-24.777973 46.533993 3.3245502136 4.0 41.0
-24.777973 46.533993 3.3245502137 3.0 42.0
-26.200253 46.185894 3.3245502137 3.0 42.0
-26.200253 46.185894 3.3245502138 0.0 43.0
-27.043211 45.091995 3.811232138 0.0 43.0
-27.043211 45.091995 3.811232139 0.0 44.0
-28.016575 43.998096 3.811232139 0.0 44.0
-26.200253 46.185894 3.3245502140 2.0 43.0
-27.622532 45.837795 3.3245502140 2.0 43.0
-27.622532 45.837795 3.3245502141 1.0 44.0
-29.044811 45.489697 3.3245502141 1.0 44.0
-29.044811 45.489697 3.3245502142 0.0 45.0
-30.23 46.010418 4.0088196142 0.0 45.0
-30.23 46.010418 4.0088196143 0.0 46.0
-31.598537 46.53114 4.0088196143 0.0 46.0
-29.044811 45.489697 3.3245502144 0.0 45.0
-30.018175 44.395798 3.3245502144 0.0 45.0
-30.018175 44.395798 3.3245502145 0.0 46.0
-30.991539 43.3019 3.3245502145 0.0 46.0
0.0 23.428112 0.0146 44.0 17.0
0.0 24.892368 0.0146 44.0 17.0
0.0 24.892368 0.0147 43.0 18.0
0.0 26.356625 0.0147 43.0 18.0
0.0 26.356625 0.0148 42.0 19.0
0.0 27.82088 0.0148 42.0 19.0
0.0 27.82088 0.0149 41.0 20.0
0.0 29.285137 0.0149 41.0 20.0
0.0 29.285137 0.0150 40.0 21.0
0.0 30.749393 0.0150 40.0 21.0
0.0 30.749393 0.0151 39.0 22.0
0.0 32.21365 0.0151 39.0 22.0
0.0 32.21365 0.0152 38.0 23.0
0.0 33.677906 0.0152 38.0 23.0
0.0 33.677906 0.0153 37.0 24.0
0.0 35.142162 0.0153 37.0 24.0
0.0 35.142162 0.0154 36.0 25.0
0.0 36.60642 0.0154 36.0 25.0
0.0 36.60642 0.0155 35.0 26.0
0.0 38.070675 0.0155 35.0 26.0
0.0 38.070675 0.0156 34.0 27.0
0.0 39.53493 0.0156 34.0 27.0
0.0 39.53493 0.0157 33.0 28.0
0.0 40.999187 0.0157 33.0 28.0
0.0 40.999187 0.0158 32.0 29.0
0.0 42.463444 0.0158 32.0 29.0
0.0 42.463444 0.0159 31.0 30.0
0.0 43.9277 0.0159 31.0 30.0
0.0 43.9277 0.0160 30.0 31.0
0.0 45.391956 0.0160 30.0 31.0
0.0 45.391956 0.0161 29.0 32.0
0.0 46.856213 0.0161 29.0 32.0
0.0 46.856213 0.0162 28.0 33.0
0.71978617 48.061726 -0.41556874162 28.0 33.0
0.71978617 48.061726 -0.41556874163 27.0 34.0
1.4395723 49.26724 -0.8311375163 27.0 34.0
1.4395723 49.26724 -0.8311375164 26.0 35.0
2.1593585 50.47275 -1.2467062164 26.0 35.0
2.1593585 50.47275 -1.2467062165 25.0 36.0
2.8791447 51.678265 -1.662275165 25.0 36.0
2.8791447 51.678265 -1.662275166 24.0 37.0
3.5989308 52.883778 -2.0778437166 24.0 37.0
3.5989308 52.883778 -2.0778437167 23.0 38.0
4.318717 54.08929 -2.4934125167 23.0 38.0
4.318717 54.08929 -2.4934125168 22.0 39.0
5.038503 55.294804 -2.9089813168 22.0 39.0
5.038503 55.294804 -2.9089813169 21.0 40.0
5.7582893 56.500317 -3.3245502169 21.0 40.0
5.7582893 56.500317 -3.3245502170 12.0 41.0
6.9434786 57.021038 -4.0088196170 12.0 41.0
6.9434786 57.021038 -4.0088196171 11.0 42.0
8.128668 57.54176 -4.693089171 11.0 42.0
8.128668 57.54176 -4.693089172 10.0 43.0
9.313857 58.06248 -5.3773584172 10.0 43.0
9.313857 58.06248 -5.3773584173 9.0 44.0
10.499046 58.583202 -6.061628173 9.0 44.0
10.499046 58.583202 -6.061628174 4.0 45.0
11.218832 59.788715 -6.4771967174 4.0 45.0
11.218832 59.788715 -6.4771967175 3.0 46.0
11.938618 60.99423 -6.8927655175 3.0 46.0
11.938618 60.99423 -6.8927655176 0.0 47.0
11.938618 62.458485 -6.8927655176 0.0 47.0
11.938618 62.458485 -6.8927655177 0.0 48.0
11.938618 63.92274 -6.8927655177 0.0 48.0
11.938618 60.99423 -6.8927655178 2.0 47.0
12.769755 62.19974 -6.8927655178 2.0 47.0
12.769755 62.19974 -6.8927655179 1.0 48.0
13.600893 63.405254 -6.8927655179 1.0 48.0
13.600893 63.405254 -6.8927655180 0.0 49.0
14.786082 63.925976 -7.577035180 0.0 49.0
14.786082 63.925976 -7.577035181 0.0 50.0
16.154621 64.4467 -7.577035181 0.0 50.0
13.600893 63.405254 -6.8927655182 0.0 49.0
13.600893 64.869514 -6.8927655182 0.0 49.0
13.600893 64.869514 -6.8927655183 0.0 50.0
13.600893 66.33377 -6.8927655183 0.0 50.0
10.499046 58.583202 -6.061628184 8.0 45.0
11.867585 59.103924 -6.061628184 8.0 45.0
11.867585 59.103924 -6.061628185 7.0 46.0
13.236124 59.624645 -6.061628185 7.0 46.0
13.236124 59.624645 -6.061628186 6.0 47.0
14.604663 60.145367 -6.061628186 6.0 47.0
14.604663 60.145367 -6.061628187 5.0 48.0
15.973202 60.66609 -6.061628187 5.0 48.0
15.973202 60.66609 -6.061628188 4.0 49.0
17.204931 60.31799 -6.772767188 4.0 49.0
17.204931 60.31799 -6.772767189 3.0 50.0
18.43666 59.96989 -7.4839063189 3.0 50.0
18.43666 59.96989 -7.4839063190 0.0 51.0
19.62185 60.490612 -8.168176190 0.0 51.0
19.62185 60.490612 -8.168176191 0.0 52.0
20.990387 61.011333 -8.168176191 0.0 52.0
18.43666 59.96989 -7.4839063192 2.0 51.0
19.85894 59.62179 -7.4839063192 2.0 51.0
19.85894 59.62179 -7.4839063193 1.0 52.0
21.28122 59.273693 -7.4839063193 1.0 52.0
21.28122 59.273693 -7.4839063194 0.0 53.0
22.124178 58.179794 -7.970588194 0.0 53.0
22.124178 58.179794 -7.970588195 0.0 54.0
23.097542 57.085896 -7.970588195 0.0 54.0
21.28122 59.273693 -7.4839063196 0.0 53.0
22.649757 59.794415 -7.4839063196 0.0 53.0
22.649757 59.794415 -7.4839063197 0.0 54.0
24.018295 60.315136 -7.4839063197 0.0 54.0
15.973202 60.66609 -6.061628198 4.0 49.0
16.804338 61.8716 -6.061628198 4.0 49.0
16.804338 61.8716 -6.061628199 3.0 50.0
17.635475 63.077114 -6.061628199 3.0 50.0
17.635475 63.077114 -6.061628200 0.0 51.0
17.635475 64.541374 -6.061628200 0.0 51.0
17.635475 64.541374 -6.061628201 0.0 52.0
17.635475 66.00563 -6.061628201 0.0 52.0
17.635475 63.077114 -6.061628202 2.0 51.0
18.466612 64.28262 -6.061628202 2.0 51.0
18.466612 64.28262 -6.061628203 1.0 52.0
19.297749 65.48814 -6.061628203 1.0 52.0
19.297749 65.48814 -6.061628204 0.0 53.0
20.482937 66.00886 -6.7458973204 0.0 53.0
20.482937 66.00886 -6.7458973205 0.0 54.0
21.851475 66.52958 -6.7458973205 0.0 54.0
19.297749 65.48814 -6.061628206 0.0 53.0
19.297749 66.95239 -6.061628206 0.0 53.0
19.297749 66.95239 -6.061628207 0.0 54.0
19.297749 68.41665 -6.061628207 0.0 54.0
5.7582893 56.500317 -3.3245502208 20.0 41.0
6.589427 57.70583 -3.3245502208 20.0 41.0
6.589427 57.70583 -3.3245502209 19.0 42.0
7.4205647 58.911343 -3.3245502209 19.0 42.0
7.4205647 58.911343 -3.3245502210 18.0 43.0
8.251702 60.116856 -3.3245502210 18.0 43.0
8.251702 60.116856 -3.3245502211 17.0 44.0
9.08284 61.32237 -3.3245502211 17.0 44.0
9.08284 61.32237 -3.3245502212 16.0 45.0
9.913978 62.52788 -3.3245502212 16.0 45.0
9.913978 62.52788 -3.3245502213 15.0 46.0
10.745115 63.733395 -3.3245502213 15.0 46.0
10.745115 63.733395 -3.3245502214 14.0 47.0
11.576253 64.9389 -3.3245502214 14.0 47.0
11.576253 64.9389 -3.3245502215 13.0 48.0
12.407391 66.14442 -3.3245502215 13.0 48.0
12.407391 66.14442 -3.3245502216 12.0 49.0
13.59258 66.66514 -4.0088196216 12.0 49.0
13.59258 66.66514 -4.0088196217 11.0 50.0
14.777769 67.18586 -4.693089217 11.0 50.0
14.777769 67.18586 -4.693089218 10.0 51.0
15.962958 67.70658 -5.3773584218 10.0 51.0
15.962958 67.70658 -5.3773584219 9.0 52.0
17.148148 68.2273 -6.061628219 9.0 52.0
17.148148 68.2273 -6.061628220 4.0 53.0
17.867933 69.432816 -6.4771967220 4.0 53.0
17.867933 69.432816 -6.4771967221 3.0 54.0
18.587719 70.63833 -6.8927655221 3.0 54.0
18.587719 70.63833 -6.8927655222 0.0 55.0
18.587719 72.102585 -6.8927655222 0.0 55.0
18.587719 72.102585 -6.8927655223 0.0 56.0
18.587719 73.56684 -6.8927655223 0.0 56.0
18.587719 70.63833 -6.8927655224 2.0 55.0
19.418856 71.84384 -6.8927655224 2.0 55.0
19.418856 71.84384 -6.8927655225 1.0 56.0
20.249992 73.049355 -6.8927655225 1.0 56.0
20.249992 73.049355 -6.8927655226 0.0 57.0
21.43518 73.570076 -7.577035226 0.0 57.0
21.43518 73.570076 -7.577035227 0.0 58.0
22.803719 74.0908 -7.577035227 0.0 58.0
20.249992 73.049355 -6.8927655228 0.0 57.0
20.249992 74.51361 -6.8927655228 0.0 57.0
20.249992 74.51361 -6.8927655229 0.0 58.0
20.249992 75.97787 -6.8927655229 0.0 58.0
17.148148 68.2273 -6.061628230 8.0 53.0
18.516685 68.748024 -6.061628230 8.0 53.0
18.516685 68.748024 -6.061628231 7.0 54.0
19.885223 69.268745 -6.061628231 7.0 54.0
19.885223 69.268745 -6.061628232 6.0 55.0
21.253761 69.78947 -6.061628232 6.0 55.0
21.253761 69.78947 -6.061628233 5.0 56.0
22.6223 70.31019 -6.061628233 5.0 56.0
22.6223 70.31019 -6.061628234 4.0 57.0
23.854029 69.96209 -6.772767234 4.0 57.0
23.854029 69.96209 -6.772767235 3.0 58.0
25.085758 69.61399 -7.4839063235 3.0 58.0
25.085758 69.61399 -7.4839063236 0.0 59.0
26.270947 70.13471 -8.168176236 0.0 59.0
26.270947 70.13471 -8.168176237 0.0 60.0
27.639484 70.65543 -8.168176237 0.0 60.0
25.085758 69.61399 -7.4839063238 2.0 59.0
26.508038 69.26589 -7.4839063238 2.0 59.0
26.508038 69.26589 -7.4839063239 1.0 60.0
27.930317 68.91779 -7.4839063239 1.0 60.0
27.930317 68.91779 -7.4839063240 0.0 61.0
28.773275 67.8239 -7.970588240 0.0 61.0
28.773275 67.8239 -7.970588241 0.0 62.0
29.74664 66.73 -7.970588241 0.0 62.0
27.930317 68.91779 -7.4839063242 0.0 61.0
29.298855 69.438515 -7.4839063242 0.0 61.0
29.298855 69.438515 -7.4839063243 0.0 62.0
30.667393 69.959236 -7.4839063243 0.0 62.0
22.6223 70.31019 -6.061628244 4.0 57.0
23.453436 71.5157 -6.061628244 4.0 57.0
23.453436 71.5157 -6.061628245 3.0 58.0
24.284573 72.721214 -6.061628245 3.0 58.0
24.284573 72.721214 -6.061628246 0.0 59.0
24.284573 74.18547 -6.061628246 0.0 59.0
24.284573 74.18547 -6.061628247 0.0 60.0
24.284573 75.64973 -6.061628247 0.0 60.0
24.284573 72.721214 -6.061628248 2.0 59.0
25.11571 73.92673 -6.061628248 2.0 59.0
25.11571 73.92673 -6.061628249 1.0 60.0
25.946846 75.13224 -6.061628249 1.0 60.0
25.946846 75.13224 -6.061628250 0.0 61.0
27.132034 75.65296 -6.7458973250 0.0 61.0
27.132034 75.65296 -6.7458973251 0.0 62.0
28.500572 76.17368 -6.7458973251 0.0 62.0
25.946846 75.13224 -6.061628252 0.0 61.0
25.946846 76.5965 -6.061628252 0.0 61.0
25.946846 76.5965 -6.061628253 0.0 62.0
25.946846 78.06075 -6.061628253 0.0 62.0
12.407391 66.14442 -3.3245502254 12.0 49.0
12.407391 67.60867 -3.3245502254 12.0 49.0
12.407391 67.60867 -3.3245502255 11.0 50.0
12.407391 69.07293 -3.3245502255 11.0 50.0
12.407391 69.07293 -3.3245502256 10.0 51.0
12.407391 70.537186 -3.3245502256 10.0 51.0
12.407391 70.537186 -3.3245502257 9.0 52.0
12.407391 72.00144 -3.3245502257 9.0 52.0
12.407391 72.00144 -3.3245502258 4.0 53.0
11.687605 73.206955 -2.9089813258 4.0 53.0
11.687605 73.206955 -2.9089813259 3.0 54.0
10.967819 74.41247 -2.4934125259 3.0 54.0
10.967819 74.41247 -2.4934125260 0.0 55.0
9.78263 74.93319 -1.8091431260 0.0 55.0
9.78263 74.93319 -1.8091431261 0.0 56.0
8.414091 75.45391 -1.8091431261 0.0 56.0
10.967819 74.41247 -2.4934125262 2.0 55.0
10.136682 75.61798 -2.4934125262 2.0 55.0
10.136682 75.61798 -2.4934125263 1.0 56.0
9.305544 76.823494 -2.4934125263 1.0 56.0
9.305544 76.823494 -2.4934125264 0.0 57.0
9.305544 78.28775 -2.4934125264 0.0 57.0
9.305544 78.28775 -2.4934125265 0.0 58.0
9.305544 79.75201 -2.4934125265 0.0 58.0
9.305544 76.823494 -2.4934125266 0.0 57.0
7.937005 77.344215 -2.4934125266 0.0 57.0
7.937005 77.344215 -2.4934125267 0.0 58.0
6.568466 77.86494 -2.4934125267 0.0 58.0
12.407391 72.00144 -3.3245502268 8.0 53.0
12.407391 73.4657 -3.3245502268 8.0 53.0
12.407391 73.4657 -3.3245502269 7.0 54.0
12.407391 74.929955 -3.3245502269 7.0 54.0
12.407391 74.929955 -3.3245502270 6.0 55.0
12.407391 76.39421 -3.3245502270 6.0 55.0
12.407391 76.39421 -3.3245502271 5.0 56.0
12.407391 77.85847 -3.3245502271 5.0 56.0
12.407391 77.85847 -3.3245502272 4.0 57.0
13.127176 79.06398 -3.740119272 4.0 57.0
13.127176 79.06398 -3.740119273 3.0 58.0
13.846962 80.26949 -4.155688273 3.0 58.0
13.846962 80.26949 -4.155688274 0.0 59.0
13.846962 81.73375 -4.155688274 0.0 59.0
13.846962 81.73375 -4.155688275 0.0 60.0
13.846962 83.198006 -4.155688275 0.0 60.0
13.846962 80.26949 -4.155688276 2.0 59.0
14.6781 81.475006 -4.155688276 2.0 59.0
14.6781 81.475006 -4.155688277 1.0 60.0
15.509237 82.68052 -4.155688277 1.0 60.0
15.509237 82.68052 -4.155688278 0.0 61.0
16.694427 83.20124 -4.839957278 0.0 61.0
16.694427 83.20124 -4.839957279 0.0 62.0
18.062965 83.72196 -4.839957279 0.0 62.0
15.509237 82.68052 -4.155688280 0.0 61.0
15.509237 84.144775 -4.155688280 0.0 61.0
15.509237 84.144775 -4.155688281 0.0 62.0
15.509237 85.60903 -4.155688281 0.0 62.0
12.407391 77.85847 -3.3245502282 4.0 57.0
11.576253 79.06398 -3.3245502282 4.0 57.0
11.576253 79.06398 -3.3245502283 3.0 58.0
10.745115 80.26949 -3.3245502283 3.0 58.0
10.745115 80.26949 -3.3245502284 0.0 59.0
9.559926 80.790215 -2.6402807284 0.0 59.0
9.559926 80.790215 -2.6402807285 0.0 60.0
8.191387 81.310936 -2.6402807285 0.0 60.0
10.745115 80.26949 -3.3245502286 2.0 59.0
9.913978 81.475006 -3.3245502286 2.0 59.0
9.913978 81.475006 -3.3245502287 1.0 60.0
9.08284 82.68052 -3.3245502287 1.0 60.0
9.08284 82.68052 -3.3245502288 0.0 61.0
9.08284 84.144775 -3.3245502288 0.0 61.0
9.08284 84.144775 -3.3245502289 0.0 62.0
9.08284 85.60903 -3.3245502289 0.0 62.0
9.08284 82.68052 -3.3245502290 0.0 61.0
7.714301 83.20124 -3.3245502290 0.0 61.0
7.714301 83.20124 -3.3245502291 0.0 62.0
6.3457623 83.72196 -3.3245502291 0.0 62.0
0.0 46.856213 0.0292 28.0 33.0
-0.8311375 48.061726 0.0292 28.0 33.0
-0.8311375 48.061726 0.0293 27.0 34.0
-1.662275 49.26724 0.0293 27.0 34.0
-1.662275 49.26724 0.0294 26.0 35.0
-2.4934125 50.47275 0.0294 26.0 35.0
-2.4934125 50.47275 0.0295 25.0 36.0
-3.32455 51.678265 0.0295 25.0 36.0
-3.32455 51.678265 0.0296 24.0 37.0
-4.1556873 52.883778 0.0296 24.0 37.0
-4.1556873 52.883778 0.0297 23.0 38.0
-4.986825 54.08929 0.0297 23.0 38.0
-4.986825 54.08929 0.0298 22.0 39.0
-5.8179626 55.294804 0.0298 22.0 39.0
-5.8179626 55.294804 0.0299 21.0 40.0
-6.6491003 56.500317 0.0299 21.0 40.0
-6.6491003 56.500317 0.0300 12.0 41.0
-6.6491003 57.964573 0.0300 12.0 41.0
-6.6491003 57.964573 0.0301 11.0 42.0
-6.6491003 59.42883 0.0301 11.0 42.0
-6.6491003 59.42883 0.0302 10.0 43.0
-6.6491003 60.893085 0.0302 10.0 43.0
-6.6491003 60.893085 0.0303 9.0 44.0
-6.6491003 62.35734 0.0303 9.0 44.0
-6.6491003 62.35734 0.0304 4.0 45.0
-7.3688865 63.562855 0.41556874304 4.0 45.0
-7.3688865 63.562855 0.41556874305 3.0 46.0
-8.088673 64.768364 0.8311375305 3.0 46.0
-8.088673 64.768364 0.8311375306 0.0 47.0
-9.273862 65.289085 1.5154068306 0.0 47.0
-9.273862 65.289085 1.5154068307 0.0 48.0
-10.642401 65.80981 1.5154068307 0.0 48.0
-8.088673 64.768364 0.8311375308 2.0 47.0
-8.91981 65.97388 0.8311375308 2.0 47.0
-8.91981 65.97388 0.8311375309 1.0 48.0
-9.750948 67.17939 0.8311375309 1.0 48.0
-9.750948 67.17939 0.8311375310 0.0 49.0
-9.750948 68.64365 0.8311375310 0.0 49.0
-9.750948 68.64365 0.8311375311 0.0 50.0
-9.750948 70.1079 0.8311375311 0.0 50.0
-9.750948 67.17939 0.8311375312 0.0 49.0
-11.119487 67.70011 0.8311375312 0.0 49.0
-11.119487 67.70011 0.8311375313 0.0 50.0
-12.488026 68.22083 0.8311375313 0.0 50.0
-6.6491003 62.35734 0.0314 8.0 45.0
-6.6491003 63.821598 0.0314 8.0 45.0
-6.6491003 63.821598 0.0315 7.0 46.0
-6.6491003 65.28586 0.0315 7.0 46.0
-6.6491003 65.28586 0.0316 6.0 47.0
-6.6491003 66.750114 0.0316 6.0 47.0
-6.6491003 66.750114 0.0317 5.0 48.0
-6.6491003 68.21437 0.0317 5.0 48.0
-6.6491003 68.21437 0.0318 4.0 49.0
-5.929314 69.41988 -0.41556874318 4.0 49.0
-5.929314 69.41988 -0.41556874319 3.0 50.0
-5.209528 70.6254 -0.8311375319 3.0 50.0
-5.209528 70.6254 -0.8311375320 0.0 51.0
-5.209528 72.08965 -0.8311375320 0.0 51.0
-5.209528 72.08965 -0.8311375321 0.0 52.0
-5.209528 73.55391 -0.8311375321 0.0 52.0
-5.209528 70.6254 -0.8311375322 2.0 51.0
-4.3783903 71.83091 -0.8311375322 2.0 51.0
-4.3783903 71.83091 -0.8311375323 1.0 52.0
-3.547253 73.03642 -0.8311375323 1.0 52.0
-3.547253 73.03642 -0.8311375324 0.0 53.0
-2.3620636 73.557144 -1.5154068324 0.0 53.0
-2.3620636 73.557144 -1.5154068325 0.0 54.0
-0.9935249 74.077866 -1.5154068325 0.0 54.0
-3.547253 73.03642 -0.8311375326 0.0 53.0
-3.547253 74.50068 -0.8311375326 0.0 53.0
-3.547253 74.50068 -0.8311375327 0.0 54.0
-3.547253 75.964935 -0.8311375327 0.0 54.0
-6.6491003 68.21437 0.0328 4.0 49.0
-7.480238 69.41988 0.0328 4.0 49.0
-7.480238 69.41988 0.0329 3.0 50.0
-8.311376 70.6254 0.0329 3.0 50.0
-8.311376 70.6254 0.0330 0.0 51.0
-9.496565 71.14612 0.68426937330 0.0 51.0
-9.496565 71.14612 0.68426937331 0.0 52.0
-10.865104 71.66684 0.68426937331 0.0 52.0
-8.311376 70.6254 0.0332 2.0 51.0
-9.142513 71.83091 0.0332 2.0 51.0
-9.142513 71.83091 0.0333 1.0 52.0
-9.973651 73.03642 0.0333 1.0 52.0
-9.973651 73.03642 0.0334 0.0 53.0
-9.973651 74.50068 0.0334 0.0 53.0
-9.973651 74.50068 0.0335 0.0 54.0
-9.973651 75.964935 0.0335 0.0 54.0
-9.973651 73.03642 0.0336 0.0 53.0
-11.34219 73.557144 0.0336 0.0 53.0
-11.34219 73.557144 0.0337 0.0 54.0
-12.710729 74.077866 0.0337 0.0 54.0
-6.6491003 56.500317 0.0338 20.0 41.0
-7.480238 57.70583 0.0338 20.0 41.0
-7.480238 57.70583 0.0339 19.0 42.0
-8.311376 58.911343 0.0339 19.0 42.0
-8.311376 58.911343 0.0340 18.0 43.0
-9.142513 60.116856 0.0340 18.0 43.0
-9.142513 60.116856 0.0341 17.0 44.0
-9.973651 61.32237 0.0341 17.0 44.0
-9.973651 61.32237 0.0342 16.0 45.0
-10.804789 62.52788 0.0342 16.0 45.0
-10.804789 62.52788 0.0343 15.0 46.0
-11.635926 63.733395 0.0343 15.0 46.0
-11.635926 63.733395 0.0344 14.0 47.0
-12.467064 64.9389 0.0344 14.0 47.0
-12.467064 64.9389 0.0345 13.0 48.0
-13.298202 66.14442 0.0345 13.0 48.0
-13.298202 66.14442 0.0346 12.0 49.0
-13.298202 67.60867 0.0346 12.0 49.0
-13.298202 67.60867 0.0347 11.0 50.0
-13.298202 69.07293 0.0347 11.0 50.0
-13.298202 69.07293 0.0348 10.0 51.0
-13.298202 70.537186 0.0348 10.0 51.0
-13.298202 70.537186 0.0349 9.0 52.0
-13.298202 72.00144 0.0349 9.0 52.0
-13.298202 72.00144 0.0350 4.0 53.0
-14.017988 73.206955 0.41556874350 4.0 53.0
-14.017988 73.206955 0.41556874351 3.0 54.0
-14.737774 74.41247 0.8311375351 3.0 54.0
-14.737774 74.41247 0.8311375352 0.0 55.0
-15.922963 74.93319 1.5154068352 0.0 55.0
-15.922963 74.93319 1.5154068353 0.0 56.0
-17.291502 75.45391 1.5154068353 0.0 56.0
-14.737774 74.41247 0.8311375354 2.0 55.0
-15.568912 75.61798 0.8311375354 2.0 55.0
-15.568912 75.61798 0.8311375355 1.0 56.0
-16.40005 76.823494 0.8311375355 1.0 56.0
-16.40005 76.823494 0.8311375356 0.0 57.0
-16.40005 78.28775 0.8311375356 0.0 57.0
-16.40005 78.28775 0.8311375357 0.0 58.0
-16.40005 79.75201 0.8311375357 0.0 58.0
-16.40005 76.823494 0.8311375358 0.0 57.0
-17.768587 77.344215 0.8311375358 0.0 57.0
-17.768587 77.344215 0.8311375359 0.0 58.0
-19.137125 77.86494 0.8311375359 0.0 58.0
-13.298202 72.00144 0.0360 8.0 53.0
-13.298202 73.4657 0.0360 8.0 53.0
-13.298202 73.4657 0.0361 7.0 54.0
-13.298202 74.929955 0.0361 7.0 54.0
-13.298202 74.929955 0.0362 6.0 55.0
-13.298202 76.39421 0.0362 6.0 55.0
-13.298202 76.39421 0.0363 5.0 56.0
-13.298202 77.85847 0.0363 5.0 56.0
-13.298202 77.85847 0.0364 4.0 57.0
-12.578415 79.06398 -0.41556874364 4.0 57.0
-12.578415 79.06398 -0.41556874365 3.0 58.0
-11.858629 80.26949 -0.8311375365 3.0 58.0
-11.858629 80.26949 -0.8311375366 0.0 59.0
-11.858629 81.73375 -0.8311375366 0.0 59.0
-11.858629 81.73375 -0.8311375367 0.0 60.0
-11.858629 83.198006 -0.8311375367 0.0 60.0
-11.858629 80.26949 -0.8311375368 2.0 59.0
-11.027492 81.475006 -0.8311375368 2.0 59.0
-11.027492 81.475006 -0.8311375369 1.0 60.0
-10.196354 82.68052 -0.8311375369 1.0 60.0
-10.196354 82.68052 -0.8311375370 0.0 61.0
-9.011165 83.20124 -1.5154068370 0.0 61.0
-9.011165 83.20124 -1.5154068371 0.0 62.0
-7.642626 83.72196 -1.5154068371 0.0 62.0
-10.196354 82.68052 -0.8311375372 0.0 61.0
-10.196354 84.144775 -0.8311375372 0.0 61.0
-10.196354 84.144775 -0.8311375373 0.0 62.0
-10.196354 85.60903 -0.8311375373 0.0 62.0
-13.298202 77.85847 0.0374 4.0 57.0
-14.129339 79.06398 0.0374 4.0 57.0
-14.129339 79.06398 0.0375 3.0 58.0
-14.960477 80.26949 0.0375 3.0 58.0
-14.960477 80.26949 0.0376 0.0 59.0
-16.145666 80.790215 0.68426937376 0.0 59.0
-16.145666 80.790215 0.68426937377 0.0 60.0
-17.514204 81.310936 0.68426937377 0.0 60.0
-14.960477 80.26949 0.0378 2.0 59.0
-15.791615 81.475006 0.0378 2.0 59.0
-15.791615 81.475006 0.0379 1.0 60.0
-16.622751 82.68052 0.0379 1.0 60.0
-16.622751 82.68052 0.0380 0.0 61.0
-16.622751 84.144775 0.0380 0.0 61.0
-16.622751 84.144775 0.0381 0.0 62.0
-16.622751 85.60903 0.0381 0.0 62.0
-16.622751 82.68052 0.0382 0.0 61.0
-17.99129 83.20124 0.0382 0.0 61.0
-17.99129 83.20124 0.0383 0.0 62.0
-19.359827 83.72196 0.0383 0.0 62.0
-13.298202 66.14442 0.0384 12.0 49.0
-14.66674 66.66514 0.0384 12.0 49.0
-14.66674 66.66514 0.0385 11.0 50.0
-16.035278 67.18586 0.0385 11.0 50.0
-16.035278 67.18586 0.0386 10.0 51.0
-17.403816 67.70658 0.0386 10.0 51.0
-17.403816 67.70658 0.0387 9.0 52.0
-18.772354 68.2273 0.0387 9.0 52.0
-18.772354 68.2273 0.0388 4.0 53.0
-20.004084 67.8792 0.7111392388 4.0 53.0
-20.004084 67.8792 0.7111392389 3.0 54.0
-21.235813 67.531105 1.4222784389 3.0 54.0
-21.235813 67.531105 1.4222784390 0.0 55.0
-22.078772 66.43721 1.9089603390 0.0 55.0
-22.078772 66.43721 1.9089603391 0.0 56.0
-23.052135 65.343315 1.9089603391 0.0 56.0
-21.235813 67.531105 1.4222784392 2.0 55.0
-22.658092 67.18301 1.4222784392 2.0 55.0
-22.658092 67.18301 1.4222784393 1.0 56.0
-24.080372 66.83491 1.4222784393 1.0 56.0
-24.080372 66.83491 1.4222784394 0.0 57.0
-25.26556 67.35563 2.1065478394 0.0 57.0
-25.26556 67.35563 2.1065478395 0.0 58.0
-26.634098 67.87635 2.1065478395 0.0 58.0
-24.080372 66.83491 1.4222784396 0.0 57.0
-25.053736 65.74101 1.4222784396 0.0 57.0
-25.053736 65.74101 1.4222784397 0.0 58.0
-26.0271 64.64712 1.4222784397 0.0 58.0
-18.772354 68.2273 0.0398 8.0 53.0
-20.140892 68.748024 0.0398 8.0 53.0
-20.140892 68.748024 0.0399 7.0 54.0
-21.50943 69.268745 0.0399 7.0 54.0
-21.50943 69.268745 0.0400 6.0 55.0
-22.877968 69.78947 0.0400 6.0 55.0
-22.877968 69.78947 0.0401 5.0 56.0
-24.246506 70.31019 0.0401 5.0 56.0
-24.246506 70.31019 0.0402 4.0 57.0
-24.966291 71.5157 0.41556874402 4.0 57.0
-24.966291 71.5157 0.41556874403 3.0 58.0
-25.686077 72.721214 0.8311375403 3.0 58.0
-25.686077 72.721214 0.8311375404 0.0 59.0
-26.871265 73.241936 1.5154068404 0.0 59.0
-26.871265 73.241936 1.5154068405 0.0 60.0
-28.239803 73.76266 1.5154068405 0.0 60.0
-25.686077 72.721214 0.8311375406 2.0 59.0
-26.517214 73.92673 0.8311375406 2.0 59.0
-26.517214 73.92673 0.8311375407 1.0 60.0
-27.34835 75.13224 0.8311375407 1.0 60.0
-27.34835 75.13224 0.8311375408 0.0 61.0
-27.34835 76.5965 0.8311375408 0.0 61.0
-27.34835 76.5965 0.8311375409 0.0 62.0
-27.34835 78.06075 0.8311375409 0.0 62.0
-27.34835 75.13224 0.8311375410 0.0 61.0
-28.716888 75.65296 0.8311375410 0.0 61.0
-28.716888 75.65296 0.8311375411 0.0 62.0
-30.085426 76.17368 0.8311375411 0.0 62.0
-24.246506 70.31019 0.0412 4.0 57.0
-25.668785 69.96209 0.0412 4.0 57.0
-25.668785 69.96209 0.0413 3.0 58.0
-27.091064 69.61399 0.0413 3.0 58.0
-27.091064 69.61399 0.0414 0.0 59.0
-27.934023 68.520096 0.486682414 0.0 59.0
-27.934023 68.520096 0.486682415 0.0 60.0
-28.907387 67.4262 0.486682415 0.0 60.0
-27.091064 69.61399 0.0416 2.0 59.0
-28.513344 69.26589 0.0416 2.0 59.0
-28.513344 69.26589 0.0417 1.0 60.0
-29.935623 68.91779 0.0417 1.0 60.0
-29.935623 68.91779 0.0418 0.0 61.0
-31.120811 69.438515 0.68426937418 0.0 61.0
-31.120811 69.438515 0.68426937419 0.0 62.0
-32.48935 69.959236 0.68426937419 0.0 62.0
-29.935623 68.91779 0.0420 0.0 61.0
-30.908987 67.8239 0.0420 0.0 61.0
-30.908987 67.8239 0.0421 0.0 62.0
-31.88235 66.73 0.0421 0.0 62.0
