0.0 0.0 0.00 11.0 1.0
0.0 3.2130365 0.00 11.0 1.0
0.0 3.2130365 0.01 10.0 2.0
0.0 6.426073 0.01 10.0 2.0
0.0 6.426073 0.02 1.0 3.0
0.0 9.63911 0.02 1.0 3.0
0.0 9.63911 0.03 0.0 4.0
-1.484088 12.3569975 0.85683863 0.0 4.0
-1.484088 12.3569975 0.85683864 0.0 5.0
-3.9948497 13.74205 2.30642754 0.0 5.0
0.0 6.426073 0.05 1.0 3.0
-2.7635877 6.0513997 1.59555825 1.0 3.0
-2.7635877 6.0513997 1.59555826 0.0 4.0
-5.2743497 7.436452 3.04514746 0.0 4.0
-5.2743497 7.436452 3.04514747 0.0 5.0
-6.758438 10.154339 3.90198617 0.0 5.0
0.0 6.426073 0.08 9.0 3.0
-2.899178 7.8111253 0.08 9.0 3.0
-2.899178 7.8111253 0.09 8.0 4.0
-5.798356 9.1961775 0.09 8.0 4.0
-5.798356 9.1961775 0.010 1.0 5.0
-8.309118 10.581229 1.449589110 1.0 5.0
-8.309118 10.581229 1.449589111 0.0 6.0
-11.072706 10.206555 3.045147411 0.0 6.0
-11.072706 10.206555 3.045147412 0.0 7.0
-13.237349 8.187635 4.294903812 0.0 7.0
-5.798356 9.1961775 0.013 1.0 5.0
-6.6968827 6.155267 0.518764713 1.0 5.0
-6.6968827 6.155267 0.518764714 0.0 6.0
-8.861525 4.136347 1.768521314 0.0 6.0
-8.861525 4.136347 1.768521315 0.0 7.0
-11.625113 3.7616735 3.364079515 0.0 7.0
-5.798356 9.1961775 0.016 7.0 5.0
-7.962998 7.1772575 1.249756616 7.0 5.0
-7.962998 7.1772575 1.249756617 6.0 6.0
-10.12764 5.1583376 2.499513117 6.0 6.0
-10.12764 5.1583376 2.499513118 1.0 7.0
-12.292282 3.1394176 3.749269718 1.0 7.0
-12.292282 3.1394176 3.749269719 0.0 8.0
-13.190809 0.098507166 4.268034519 0.0 8.0
-13.190809 0.098507166 4.268034520 0.0 9.0
-12.546284 -3.0271478 3.895917420 0.0 9.0
-10.12764 5.1583376 2.499513121 1.0 7.0
-8.138713 2.9113033 1.351205721 1.0 7.0
-8.138713 2.9113033 1.351205722 0.0 8.0
-7.4941874 -0.21435165 0.979088822 0.0 8.0
-7.4941874 -0.21435165 0.979088823 0.0 9.0
-8.3927145 -3.2552621 1.497853523 0.0 9.0
-10.12764 5.1583376 2.499513124 5.0 7.0
-7.831025 2.9113033 2.499513124 5.0 7.0
-7.831025 2.9113033 2.499513125 4.0 8.0
-5.5344105 0.664269 2.499513125 4.0 8.0
-5.5344105 0.664269 2.499513126 1.0 9.0
-3.545483 -1.5827649 1.351205326 1.0 9.0
-3.545483 -1.5827649 1.351205327 0.0 10.0
-0.8251662 -2.258614 -0.2193703727 0.0 10.0
-0.8251662 -2.258614 -0.2193703728 0.0 11.0
1.7881045 -1.154973 -1.728143128 0.0 11.0
-5.5344105 0.664269 2.499513129 1.0 9.0
-3.8336282 3.2072442 1.51756629 1.0 9.0
-3.8336282 3.2072442 1.51756630 0.0 10.0
-1.2203574 4.3108854 0.00879323530 0.0 10.0
-1.2203574 4.3108854 0.00879323531 0.0 11.0
1.4999595 3.6350362 -1.561782531 0.0 11.0
-5.5344105 0.664269 2.499513132 3.0 9.0
-3.570516 3.2072442 2.499513132 3.0 9.0
-3.570516 3.2072442 2.499513133 2.0 10.0
-1.6066219 5.7502193 2.499513133 2.0 10.0
-1.6066219 5.7502193 2.499513134 1.0 11.0
0.09416044 8.293195 1.51756634 1.0 11.0
0.09416044 8.293195 1.51756635 0.0 12.0
0.35825148 11.491728 1.365092935 0.0 12.0
0.35825148 11.491728 1.365092936 0.0 13.0
-0.8957448 14.35999 2.08908836 0.0 13.0
-1.6066219 5.7502193 2.499513137 1.0 11.0
-3.992208 7.4041767 3.87683237 1.0 11.0
-3.992208 7.4041767 3.87683238 0.0 12.0
-5.2462044 10.272439 4.60082738 0.0 12.0
-5.2462044 10.272439 4.60082739 0.0 13.0
-4.9821134 13.470972 4.448354239 0.0 13.0
-5.798356 9.1961775 0.040 7.0 5.0
-3.8094292 6.9491434 -1.148307440 7.0 5.0
-3.8094292 6.9491434 -1.148307441 6.0 6.0
-1.8205023 4.7021093 -2.29661541 6.0 6.0
-1.8205023 4.7021093 -2.29661542 1.0 7.0
0.16842508 2.4550755 -3.444922742 1.0 7.0
0.16842508 2.4550755 -3.444922743 0.0 8.0
2.888742 1.7792263 -5.01549843 0.0 8.0
2.888742 1.7792263 -5.01549844 0.0 9.0
5.5020127 2.8828673 -6.52427144 0.0 9.0
-1.8205023 4.7021093 -2.29661545 1.0 7.0
-0.11971998 7.245085 -3.27856245 1.0 7.0
-0.11971998 7.245085 -3.27856246 0.0 8.0
2.4935508 8.348726 -4.78733546 0.0 8.0
2.4935508 8.348726 -4.78733547 0.0 9.0
5.2138677 7.672877 -6.357910647 0.0 9.0
-1.8205023 4.7021093 -2.29661548 5.0 7.0
1.3206491 4.02626 -2.29661548 5.0 7.0
1.3206491 4.02626 -2.29661549 4.0 8.0
4.4618006 3.3504107 -2.29661549 4.0 8.0
4.4618006 3.3504107 -2.29661550 1.0 9.0
7.1821175 2.6745615 -3.867190650 1.0 9.0
7.1821175 2.6745615 -3.867190651 0.0 10.0
9.795388 3.7782025 -5.37596351 0.0 10.0
9.795388 3.7782025 -5.37596352 0.0 11.0
11.49617 6.3211775 -6.3579152 0.0 11.0
4.4618006 3.3504107 -2.29661553 1.0 9.0
4.7258916 6.5489435 -2.449087953 1.0 9.0
4.7258916 6.5489435 -2.449087954 0.0 10.0
6.426674 9.091919 -3.43103554 0.0 10.0
6.426674 9.091919 -3.43103555 0.0 11.0
9.039945 10.19556 -4.93980855 0.0 11.0
4.4618006 3.3504107 -2.29661556 3.0 9.0
7.4793463 4.454052 -2.29661556 3.0 9.0
7.4793463 4.454052 -2.29661557 2.0 10.0
10.496892 5.557693 -2.29661557 2.0 10.0
10.496892 5.557693 -2.29661558 1.0 11.0
13.110163 6.661334 -3.805387558 1.0 11.0
13.110163 6.661334 -3.805387559 0.0 12.0
14.8109455 9.204309 -4.787334459 0.0 12.0
14.8109455 9.204309 -4.787334460 0.0 13.0
15.075037 12.4028425 -4.939807460 0.0 13.0
10.496892 5.557693 -2.29661561 1.0 11.0
9.242896 8.425955 -1.572619861 1.0 11.0
9.242896 8.425955 -1.572619862 0.0 12.0
9.506988 11.624488 -1.725092962 0.0 12.0
9.506988 11.624488 -1.725092963 0.0 13.0
11.207769 14.167463 -2.7070463 0.0 13.0
