0.0 0.0 0.00 28.0 1.0
0.0 2.6789372 0.00 28.0 1.0
0.0 2.6789372 0.01 27.0 2.0
0.0 5.3578744 0.01 27.0 2.0
0.0 5.3578744 0.02 26.0 3.0
0.0 8.036812 0.02 26.0 3.0
0.0 8.036812 0.03 25.0 4.0
0.0 10.715749 0.03 25.0 4.0
0.0 10.715749 0.04 24.0 5.0
0.0 13.394686 0.04 24.0 5.0
0.0 13.394686 0.05 23.0 6.0
0.0 16.073624 0.05 23.0 6.0
0.0 16.073624 0.06 22.0 7.0
0.0 18.752562 0.06 22.0 7.0
0.0 18.752562 0.07 21.0 8.0
0.0 21.4315 0.07 21.0 8.0
0.0 21.4315 0.08 12.0 9.0
-0.4192872 24.066324 0.242075588 12.0 9.0
-0.4192872 24.066324 0.242075589 11.0 10.0
-0.8385744 26.701149 0.484151159 11.0 10.0
-0.8385744 26.701149 0.4841511510 10.0 11.0
-1.2578616 29.335974 0.7262267510 10.0 11.0
-1.2578616 29.335974 0.7262267511 9.0 12.0
-1.6771488 31.970798 0.968302311 9.0 12.0
-1.6771488 31.970798 0.968302312 4.0 13.0
-2.501915 34.47474 1.444481312 4.0 13.0
-2.501915 34.47474 1.444481313 3.0 14.0
-3.3266811 36.97868 1.920660313 3.0 14.0
-3.3266811 36.97868 1.920660314 0.0 15.0
-4.5297647 39.269276 2.615260814 0.0 15.0
-4.5297647 39.269276 2.615260815 0.0 16.0
-5.918966 41.55987 2.615260815 0.0 16.0
-3.3266811 36.97868 1.920660316 0.0 15.0
-3.7459683 39.613506 2.16273616 0.0 15.0
-3.7459683 39.613506 2.16273617 0.0 16.0
-4.2301197 42.248333 2.16273617 0.0 16.0
-3.3266811 36.97868 1.920660318 2.0 15.0
-4.279039 39.48262 1.920660318 2.0 15.0
-4.279039 39.48262 1.920660319 1.0 16.0
-5.2313967 41.98656 1.920660319 1.0 16.0
-5.2313967 41.98656 1.920660320 0.0 17.0
-6.1837544 44.4905 1.920660320 0.0 17.0
-6.1837544 44.4905 1.920660321 0.0 18.0
-7.136112 46.994442 1.920660321 0.0 18.0
-1.6771488 31.970798 0.968302322 4.0 13.0
-1.6771488 34.649734 0.968302322 4.0 13.0
-1.6771488 34.649734 0.968302323 3.0 14.0
-1.6771488 37.32867 0.968302323 3.0 14.0
-1.6771488 37.32867 0.968302324 0.0 15.0
-2.096436 39.963497 1.210377924 0.0 15.0
-2.096436 39.963497 1.210377925 0.0 16.0
-2.5805871 42.598324 1.210377925 0.0 16.0
-1.6771488 37.32867 0.968302326 0.0 15.0
-1.2578616 39.963497 0.7262267526 0.0 15.0
-1.2578616 39.963497 0.7262267527 0.0 16.0
-0.7737105 42.598324 0.7262267527 0.0 16.0
-1.6771488 37.32867 0.968302328 2.0 15.0
-1.6771488 40.007607 0.968302328 2.0 15.0
-1.6771488 40.007607 0.968302329 1.0 16.0
-1.6771488 42.686543 0.968302329 1.0 16.0
-1.6771488 42.686543 0.968302330 0.0 17.0
-1.6771488 45.36548 0.968302330 0.0 17.0
-1.6771488 45.36548 0.968302331 0.0 18.0
-1.6771488 48.044415 0.968302331 0.0 18.0
-1.6771488 31.970798 0.968302332 8.0 13.0
-2.1613 34.605625 0.968302332 8.0 13.0
-2.1613 34.605625 0.968302333 7.0 14.0
-2.645451 37.24045 0.968302333 7.0 14.0
-2.645451 37.24045 0.968302334 6.0 15.0
-3.1296022 39.87528 0.968302334 6.0 15.0
-3.1296022 39.87528 0.968302335 5.0 16.0
-3.6137533 42.510105 0.968302335 5.0 16.0
-3.6137533 42.510105 0.968302336 4.0 17.0
-4.0979047 45.14493 0.968302336 4.0 17.0
-4.0979047 45.14493 0.968302337 3.0 18.0
-4.582056 47.77976 0.968302337 3.0 18.0
-4.582056 47.77976 0.968302338 0.0 19.0
-5.406822 50.2837 1.444481338 0.0 19.0
-5.406822 50.2837 1.444481339 0.0 20.0
-6.35918 52.78764 1.444481339 0.0 20.0
-4.582056 47.77976 0.968302340 0.0 19.0
-4.582056 50.458694 0.968302340 0.0 19.0
-4.582056 50.458694 0.968302341 0.0 20.0
-4.582056 53.13763 0.968302341 0.0 20.0
-4.582056 47.77976 0.968302342 2.0 19.0
-5.0662074 50.414585 0.968302342 2.0 19.0
-5.0662074 50.414585 0.968302343 1.0 20.0
-5.550359 53.04941 0.968302343 1.0 20.0
-5.550359 53.04941 0.968302344 0.0 21.0
-6.03451 55.68424 0.968302344 0.0 21.0
-6.03451 55.68424 0.968302345 0.0 22.0
-6.5186615 58.319065 0.968302345 0.0 22.0
0.0 21.4315 0.046 12.0 9.0
0.4192872 24.066324 -0.2420755846 12.0 9.0
0.4192872 24.066324 -0.2420755847 11.0 10.0
0.8385744 26.701149 -0.4841511547 11.0 10.0
0.8385744 26.701149 -0.4841511548 10.0 11.0
1.2578616 29.335974 -0.7262267548 10.0 11.0
1.2578616 29.335974 -0.7262267549 9.0 12.0
1.6771488 31.970798 -0.968302349 9.0 12.0
1.6771488 31.970798 -0.968302350 4.0 13.0
1.6771488 34.649734 -0.968302350 4.0 13.0
1.6771488 34.649734 -0.968302351 3.0 14.0
1.6771488 37.32867 -0.968302351 3.0 14.0
1.6771488 37.32867 -0.968302352 0.0 15.0
1.2578616 39.963497 -0.7262267552 0.0 15.0
1.2578616 39.963497 -0.7262267553 0.0 16.0
0.7737105 42.598324 -0.7262267553 0.0 16.0
1.6771488 37.32867 -0.968302354 0.0 15.0
2.096436 39.963497 -1.210377954 0.0 15.0
2.096436 39.963497 -1.210377955 0.0 16.0
2.5805871 42.598324 -1.210377955 0.0 16.0
1.6771488 37.32867 -0.968302356 2.0 15.0
1.6771488 40.007607 -0.968302356 2.0 15.0
1.6771488 40.007607 -0.968302357 1.0 16.0
1.6771488 42.686543 -0.968302357 1.0 16.0
1.6771488 42.686543 -0.968302358 0.0 17.0
1.6771488 45.36548 -0.968302358 0.0 17.0
1.6771488 45.36548 -0.968302359 0.0 18.0
1.6771488 48.044415 -0.968302359 0.0 18.0
1.6771488 31.970798 -0.968302360 4.0 13.0
2.501915 34.47474 -1.444481360 4.0 13.0
2.501915 34.47474 -1.444481361 3.0 14.0
3.3266811 36.97868 -1.920660361 3.0 14.0
3.3266811 36.97868 -1.920660362 0.0 15.0
3.7459683 39.613506 -2.16273662 0.0 15.0
3.7459683 39.613506 -2.16273663 0.0 16.0
4.2301197 42.248333 -2.16273663 0.0 16.0
3.3266811 36.97868 -1.920660364 0.0 15.0
4.5297647 39.269276 -2.615260864 0.0 15.0
4.5297647 39.269276 -2.615260865 0.0 16.0
5.918966 41.55987 -2.615260865 0.0 16.0
3.3266811 36.97868 -1.920660366 2.0 15.0
4.279039 39.48262 -1.920660366 2.0 15.0
4.279039 39.48262 -1.920660367 1.0 16.0
5.2313967 41.98656 -1.920660367 1.0 16.0
5.2313967 41.98656 -1.920660368 0.0 17.0
6.1837544 44.4905 -1.920660368 0.0 17.0
6.1837544 44.4905 -1.920660369 0.0 18.0
7.136112 46.994442 -1.920660369 0.0 18.0
1.6771488 31.970798 -0.968302370 8.0 13.0
2.1613 34.605625 -0.968302370 8.0 13.0
2.1613 34.605625 -0.968302371 7.0 14.0
2.645451 37.24045 -0.968302371 7.0 14.0
2.645451 37.24045 -0.968302372 6.0 15.0
3.1296022 39.87528 -0.968302372 6.0 15.0
3.1296022 39.87528 -0.968302373 5.0 16.0
3.6137533 42.510105 -0.968302373 5.0 16.0
3.6137533 42.510105 -0.968302374 4.0 17.0
4.0979047 45.14493 -0.968302374 4.0 17.0
4.0979047 45.14493 -0.968302375 3.0 18.0
4.582056 47.77976 -0.968302375 3.0 18.0
4.582056 47.77976 -0.968302376 0.0 19.0
4.582056 50.458694 -0.968302376 0.0 19.0
4.582056 50.458694 -0.968302377 0.0 20.0
4.582056 53.13763 -0.968302377 0.0 20.0
4.582056 47.77976 -0.968302378 0.0 19.0
5.406822 50.2837 -1.444481378 0.0 19.0
5.406822 50.2837 -1.444481379 0.0 20.0
6.35918 52.78764 -1.444481379 0.0 20.0
4.582056 47.77976 -0.968302380 2.0 19.0
5.0662074 50.414585 -0.968302380 2.0 19.0
5.0662074 50.414585 -0.968302381 1.0 20.0
5.550359 53.04941 -0.968302381 1.0 20.0
5.550359 53.04941 -0.968302382 0.0 21.0
6.03451 55.68424 -0.968302382 0.0 21.0
6.03451 55.68424 -0.968302383 0.0 22.0
6.5186615 58.319065 -0.968302383 0.0 22.0
0.0 21.4315 0.084 20.0 9.0
0.0 24.110437 0.084 20.0 9.0
0.0 24.110437 0.085 19.0 10.0
0.0 26.789375 0.085 19.0 10.0
0.0 26.789375 0.086 18.0 11.0
0.0 29.468313 0.086 18.0 11.0
0.0 29.468313 0.087 17.0 12.0
0.0 32.14725 0.087 17.0 12.0
0.0 32.14725 0.088 16.0 13.0
0.0 34.826187 0.088 16.0 13.0
0.0 34.826187 0.089 15.0 14.0
0.0 37.505123 0.089 15.0 14.0
0.0 37.505123 0.090 14.0 15.0
0.0 40.18406 0.090 14.0 15.0
0.0 40.18406 0.091 13.0 16.0
0.0 42.862995 0.091 13.0 16.0
0.0 42.862995 0.092 12.0 17.0
0.0 45.54193 0.092 12.0 17.0
0.0 45.54193 0.093 11.0 18.0
0.0 48.220867 0.093 11.0 18.0
0.0 48.220867 0.094 10.0 19.0
0.0 50.899803 0.094 10.0 19.0
0.0 50.899803 0.095 9.0 20.0
0.0 53.57874 0.095 9.0 20.0
0.0 53.57874 0.096 4.0 21.0
-0.4192872 56.213566 0.2420755896 4.0 21.0
-0.4192872 56.213566 0.2420755897 3.0 22.0
-0.8385744 58.848392 0.4841511597 3.0 22.0
-0.8385744 58.848392 0.4841511598 0.0 23.0
-1.6633406 61.352333 0.960330198 0.0 23.0
-1.6633406 61.352333 0.960330199 0.0 24.0
-2.6156983 63.856274 0.960330199 0.0 24.0
-0.8385744 58.848392 0.48415115100 0.0 23.0
-0.8385744 61.52733 0.48415115100 0.0 23.0
-0.8385744 61.52733 0.48415115101 0.0 24.0
-0.8385744 64.20627 0.48415115101 0.0 24.0
-0.8385744 58.848392 0.48415115102 2.0 23.0
-1.3227255 61.48322 0.48415115102 2.0 23.0
-1.3227255 61.48322 0.48415115103 1.0 24.0
-1.8068767 64.11804 0.48415115103 1.0 24.0
-1.8068767 64.11804 0.48415115104 0.0 25.0
-2.2910278 66.75287 0.48415115104 0.0 25.0
-2.2910278 66.75287 0.48415115105 0.0 26.0
-2.775179 69.387695 0.48415115105 0.0 26.0
0.0 53.57874 0.0106 4.0 21.0
0.4192872 56.213566 -0.24207558106 4.0 21.0
0.4192872 56.213566 -0.24207558107 3.0 22.0
0.8385744 58.848392 -0.48415115107 3.0 22.0
0.8385744 58.848392 -0.48415115108 0.0 23.0
0.8385744 61.52733 -0.48415115108 0.0 23.0
0.8385744 61.52733 -0.48415115109 0.0 24.0
0.8385744 64.20627 -0.48415115109 0.0 24.0
0.8385744 58.848392 -0.48415115110 0.0 23.0
1.6633406 61.352333 -0.9603301110 0.0 23.0
1.6633406 61.352333 -0.9603301111 0.0 24.0
2.6156983 63.856274 -0.9603301111 0.0 24.0
0.8385744 58.848392 -0.48415115112 2.0 23.0
1.3227255 61.48322 -0.48415115112 2.0 23.0
1.3227255 61.48322 -0.48415115113 1.0 24.0
1.8068767 64.11804 -0.48415115113 1.0 24.0
1.8068767 64.11804 -0.48415115114 0.0 25.0
2.2910278 66.75287 -0.48415115114 0.0 25.0
2.2910278 66.75287 -0.48415115115 0.0 26.0
2.775179 69.387695 -0.48415115115 0.0 26.0
0.0 53.57874 0.0116 8.0 21.0
0.0 56.257675 0.0116 8.0 21.0
0.0 56.257675 0.0117 7.0 22.0
0.0 58.93661 0.0117 7.0 22.0
0.0 58.93661 0.0118 6.0 23.0
0.0 61.615547 0.0118 6.0 23.0
0.0 61.615547 0.0119 5.0 24.0
0.0 64.29449 0.0119 5.0 24.0
0.0 64.29449 0.0120 4.0 25.0
0.0 66.97343 0.0120 4.0 25.0
0.0 66.97343 0.0121 3.0 26.0
0.0 69.65237 0.0121 3.0 26.0
0.0 69.65237 0.0122 0.0 27.0
-0.4192872 72.28719 0.24207558122 0.0 27.0
-0.4192872 72.28719 0.24207558123 0.0 28.0
-0.9034383 74.92202 0.24207558123 0.0 28.0
0.0 69.65237 0.0124 0.0 27.0
0.4192872 72.28719 -0.24207558124 0.0 27.0
0.4192872 72.28719 -0.24207558125 0.0 28.0
0.9034383 74.92202 -0.24207558125 0.0 28.0
0.0 69.65237 0.0126 2.0 27.0
0.0 72.33131 0.0126 2.0 27.0
0.0 72.33131 0.0127 1.0 28.0
0.0 75.01025 0.0127 1.0 28.0
0.0 75.01025 0.0128 0.0 29.0
0.0 77.689186 0.0128 0.0 29.0
0.0 77.689186 0.0129 0.0 30.0
0.0 80.368126 0.0129 0.0 30.0
