0.0 0.0 0.00 14.0 1.0
-2.9749575 3.8457835 0.00 14.0 1.0
-2.9749575 3.8457835 0.01 0.0 2.0
-3.5992093 8.663808 0.19330731 0.0 2.0
-2.9749575 3.8457835 0.02 13.0 2.0
-5.949915 7.691567 0.02 13.0 2.0
-5.949915 7.691567 0.03 0.0 3.0
-9.910018 9.534635 2.1356753 0.0 3.0
-9.910018 9.534635 2.1356754 0.0 4.0
-12.69677 13.380419 3.1770134 0.0 4.0
-9.910018 9.534635 2.1356755 0.0 4.0
-14.409298 11.377703 2.1356755 0.0 4.0
-5.949915 7.691567 0.06 12.0 3.0
-8.924872 11.537351 0.06 12.0 3.0
-8.924872 11.537351 0.07 0.0 4.0
-9.543367 16.355375 0.2110027 0.0 4.0
-8.924872 11.537351 0.08 11.0 4.0
-11.89983 15.383134 0.08 11.0 4.0
-11.89983 15.383134 0.09 2.0 5.0
-16.144455 17.226202 1.49220539 2.0 5.0
-16.144455 17.226202 1.492205310 0.0 6.0
-18.918776 21.071985 2.566223610 0.0 6.0
-16.144455 17.226202 1.492205311 1.0 6.0
-20.643734 19.06927 1.492205311 1.0 6.0
-20.643734 19.06927 1.492205312 0.0 7.0
-25.084555 18.415771 3.361020612 0.0 7.0
-25.084555 18.415771 3.361020613 0.0 8.0
-29.073135 20.258839 5.443027513 0.0 8.0
-25.084555 18.415771 3.361020614 0.0 8.0
-29.90258 17.762276 3.361020614 0.0 8.0
-20.643734 19.06927 1.492205315 0.0 7.0
-25.143013 20.912336 1.492205315 0.0 7.0
-25.143013 20.912336 1.492205316 0.0 8.0
-27.986063 24.75812 2.368242716 0.0 8.0
-25.143013 20.912336 1.492205317 0.0 8.0
-29.642292 22.755404 1.492205317 0.0 8.0
-11.89983 15.383134 0.018 10.0 5.0
-14.874787 19.228918 0.018 10.0 5.0
-14.874787 19.228918 0.019 0.0 6.0
-15.491575 24.046944 0.2159423419 0.0 6.0
-14.874787 19.228918 0.020 9.0 6.0
-17.849745 23.074701 0.020 9.0 6.0
-17.849745 23.074701 0.021 0.0 7.0
-22.15455 24.917768 1.308497421 0.0 7.0
-22.15455 24.917768 1.308497422 0.0 8.0
-24.985167 28.763552 2.223913422 0.0 8.0
-22.15455 24.917768 1.308497423 0.0 8.0
-26.653831 26.760836 1.308497423 0.0 8.0
-17.849745 23.074701 0.024 8.0 7.0
-20.824703 26.920485 0.024 8.0 7.0
-20.824703 26.920485 0.025 0.0 8.0
-21.434856 31.73851 0.2340328125 0.0 8.0
-20.824703 26.920485 0.026 7.0 8.0
-23.79966 30.766268 0.026 7.0 8.0
-23.79966 30.766268 0.027 6.0 9.0
-24.428844 35.584293 0.1765931127 6.0 9.0
-24.428844 35.584293 0.1765931128 0.0 10.0
-22.714743 40.083572 -0.50071828 0.0 10.0
-24.428844 35.584293 0.1765931129 5.0 10.0
-25.082342 40.402317 0.1765931129 5.0 10.0
-25.082342 40.402317 0.1765931130 0.0 11.0
-27.674984 44.2481 1.635559230 0.0 11.0
-27.674984 44.2481 1.635559231 0.0 12.0
-28.282742 49.066124 1.875745331 0.0 12.0
-27.674984 44.2481 1.635559232 0.0 12.0
-30.64994 48.093884 1.635559232 0.0 12.0
-25.082342 40.402317 0.1765931133 4.0 11.0
-25.73584 45.22034 0.1765931133 4.0 11.0
-25.73584 45.22034 0.1765931134 0.0 12.0
-23.957603 49.71962 -0.307941834 0.0 12.0
-25.73584 45.22034 0.1765931135 3.0 12.0
-26.389338 50.038364 0.1765931135 3.0 12.0
-26.389338 50.038364 0.1765931136 2.0 13.0
-28.991255 53.884148 1.618951936 2.0 13.0
-28.991255 53.884148 1.618951937 0.0 14.0
-29.602142 58.70217 1.851058837 0.0 14.0
-28.991255 53.884148 1.618951938 1.0 14.0
-31.966213 57.72993 1.618951938 1.0 14.0
-31.966213 57.72993 1.618951939 0.0 15.0
-36.2324 59.572998 3.04835539 0.0 15.0
-36.2324 59.572998 3.04835540 0.0 16.0
-38.942307 63.41878 4.27585740 0.0 16.0
-36.2324 59.572998 3.04835541 0.0 16.0
-40.731678 61.416065 3.04835541 0.0 16.0
-31.966213 57.72993 1.618951942 0.0 15.0
-34.94117 61.575714 1.618951942 0.0 15.0
-34.94117 61.575714 1.618951943 0.0 16.0
-35.562855 66.39374 1.820357343 0.0 16.0
-34.94117 61.575714 1.618951944 0.0 16.0
-37.916126 65.4215 1.618951944 0.0 16.0
-26.389338 50.038364 0.1765931145 2.0 13.0
-27.042835 54.856388 0.1765931145 2.0 13.0
-27.042835 54.856388 0.1765931146 0.0 14.0
-25.41186 59.355667 -0.6817859446 0.0 14.0
-27.042835 54.856388 0.1765931147 1.0 14.0
-27.696333 59.67441 0.1765931147 1.0 14.0
-27.696333 59.67441 0.1765931148 0.0 15.0
-30.489576 63.520195 1.200391548 0.0 15.0
-30.489576 63.520195 1.200391549 0.0 16.0
-31.062155 68.33822 1.515372349 0.0 16.0
-30.489576 63.520195 1.200391550 0.0 16.0
-33.464535 67.36598 1.200391550 0.0 16.0
-27.696333 59.67441 0.1765931151 0.0 15.0
-28.34983 64.49244 0.1765931151 0.0 15.0
-28.34983 64.49244 0.1765931152 0.0 16.0
-26.64825 68.99172 -0.5315903452 0.0 16.0
-28.34983 64.49244 0.1765931153 0.0 16.0
-29.003328 69.31046 0.1765931153 0.0 16.0
-23.79966 30.766268 0.054 6.0 9.0
-26.774616 34.612053 0.054 6.0 9.0
-26.774616 34.612053 0.055 0.0 10.0
-27.395666 39.430077 0.203358855 0.0 10.0
-26.774616 34.612053 0.056 5.0 10.0
-29.749573 38.457836 0.056 5.0 10.0
-29.749573 38.457836 0.057 0.0 11.0
-33.72341 40.300903 2.1100157 0.0 11.0
-33.72341 40.300903 2.1100158 0.0 12.0
-36.44896 44.146687 3.302388758 0.0 12.0
-33.72341 40.300903 2.1100159 0.0 12.0
-38.22269 42.14397 2.1100159 0.0 12.0
-29.749573 38.457836 0.060 4.0 11.0
-32.72453 42.30362 0.060 4.0 11.0
-32.72453 42.30362 0.061 0.0 12.0
-33.319176 47.121643 0.271021261 0.0 12.0
-32.72453 42.30362 0.062 3.0 12.0
-35.699486 46.149403 0.062 3.0 12.0
-35.699486 46.149403 0.063 2.0 13.0
-39.773693 47.99247 1.909022163 2.0 13.0
-39.773693 47.99247 1.909022164 0.0 14.0
-42.592014 51.838253 2.86162164 0.0 14.0
-39.773693 47.99247 1.909022165 1.0 14.0
-44.272972 49.835537 1.909022165 1.0 14.0
-44.272972 49.835537 1.909022166 0.0 15.0
-48.851364 49.18204 3.40958666 0.0 15.0
-48.851364 49.18204 3.40958667 0.0 16.0
-52.78005 51.02511 5.60252267 0.0 16.0
-48.851364 49.18204 3.40958668 0.0 16.0
-53.669388 48.528545 3.40958668 0.0 16.0
-44.272972 49.835537 1.909022169 0.0 15.0
-48.77225 51.678604 1.909022169 0.0 15.0
-48.77225 51.678604 1.909022170 0.0 16.0
-51.54322 55.524387 2.991657570 0.0 16.0
-48.77225 51.678604 1.909022171 0.0 16.0
-53.27153 53.52167 1.909022171 0.0 16.0
-35.699486 46.149403 0.072 2.0 13.0
-38.674442 49.995186 0.072 2.0 13.0
-38.674442 49.995186 0.073 0.0 14.0
-39.305008 54.81321 0.171593473 0.0 14.0
-38.674442 49.995186 0.074 1.0 14.0
-41.6494 53.84097 0.074 1.0 14.0
-41.6494 53.84097 0.075 0.0 15.0
-45.807434 55.684036 1.718798275 0.0 15.0
-45.807434 55.684036 1.718798276 0.0 16.0
-48.54752 59.52982 2.877374676 0.0 16.0
-45.807434 55.684036 1.718798277 0.0 16.0
-50.306713 57.527103 1.718798277 0.0 16.0
-41.6494 53.84097 0.078 0.0 15.0
-44.624355 57.686752 0.078 0.0 15.0
-44.624355 57.686752 0.079 0.0 16.0
-45.23452 62.504776 0.2340012579 0.0 16.0
-44.624355 57.686752 0.080 0.0 16.0
-47.59931 61.532536 0.080 0.0 16.0
