0.0 0.0 0.00 14.0 1.0
0.0 4.0498524 0.00 14.0 1.0
0.0 4.0498524 0.01 0.0 2.0
1.8280712 7.5060806 -1.05543741 0.0 2.0
0.0 4.0498524 0.02 13.0 2.0
0.0 8.099705 0.02 13.0 2.0
0.0 8.099705 0.03 0.0 3.0
-1.8280712 11.555933 1.05543743 0.0 3.0
-1.8280712 11.555933 1.05543744 0.0 4.0
-1.8280712 15.605785 1.05543744 0.0 4.0
-1.8280712 11.555933 1.05543745 0.0 4.0
-3.9389462 15.012161 1.05543745 0.0 4.0
0.0 8.099705 0.06 12.0 3.0
0.0 12.149557 0.06 12.0 3.0
0.0 12.149557 0.07 0.0 4.0
1.8280712 15.605785 -1.05543747 0.0 4.0
0.0 12.149557 0.08 11.0 4.0
0.0 16.19941 0.08 11.0 4.0
0.0 16.19941 0.09 2.0 5.0
1.8280712 19.655638 -1.05543749 2.0 5.0
1.8280712 19.655638 -1.055437410 0.0 6.0
4.948299 21.505018 -2.856901610 0.0 6.0
1.8280712 19.655638 -1.055437411 1.0 6.0
3.9389462 23.111866 -1.055437411 1.0 6.0
3.9389462 23.111866 -1.055437412 0.0 7.0
3.9389462 27.161718 -1.055437412 0.0 7.0
3.9389462 27.161718 -1.055437413 0.0 8.0
5.7670174 30.617947 -2.11087513 0.0 8.0
3.9389462 27.161718 -1.055437414 0.0 8.0
3.9389462 31.21157 -1.055437414 0.0 8.0
3.9389462 23.111866 -1.055437415 0.0 7.0
6.049821 26.568094 -1.055437415 0.0 7.0
6.049821 26.568094 -1.055437416 0.0 8.0
9.170049 28.417475 -2.856901616 0.0 8.0
6.049821 26.568094 -1.055437417 0.0 8.0
8.160696 30.024323 -1.055437417 0.0 8.0
0.0 16.19941 0.018 10.0 5.0
0.0 20.249262 0.018 10.0 5.0
0.0 20.249262 0.019 0.0 6.0
1.8280712 23.70549 -1.055437419 0.0 6.0
0.0 20.249262 0.020 9.0 6.0
0.0 24.299114 0.020 9.0 6.0
0.0 24.299114 0.021 0.0 7.0
-1.8280712 27.755342 1.055437421 0.0 7.0
-1.8280712 27.755342 1.055437422 0.0 8.0
-1.8280712 31.805195 1.055437422 0.0 8.0
-1.8280712 27.755342 1.055437423 0.0 8.0
-3.9389462 31.21157 1.055437423 0.0 8.0
0.0 24.299114 0.024 8.0 7.0
0.0 28.348967 0.024 8.0 7.0
0.0 28.348967 0.025 0.0 8.0
1.8280712 31.805195 -1.055437425 0.0 8.0
0.0 28.348967 0.026 7.0 8.0
0.0 32.39882 0.026 7.0 8.0
0.0 32.39882 0.027 6.0 9.0
1.8280712 35.855045 -1.055437427 6.0 9.0
1.8280712 35.855045 -1.055437428 0.0 10.0
4.948299 37.704426 -2.856901628 0.0 10.0
1.8280712 35.855045 -1.055437429 5.0 10.0
3.9389462 39.31127 -1.055437429 5.0 10.0
3.9389462 39.31127 -1.055437430 0.0 11.0
3.9389462 43.361122 -1.055437430 0.0 11.0
3.9389462 43.361122 -1.055437431 0.0 12.0
5.7670174 46.81735 -2.11087531 0.0 12.0
3.9389462 43.361122 -1.055437432 0.0 12.0
3.9389462 47.410973 -1.055437432 0.0 12.0
3.9389462 39.31127 -1.055437433 4.0 11.0
6.049821 42.767498 -1.055437433 4.0 11.0
6.049821 42.767498 -1.055437434 0.0 12.0
9.170049 44.61688 -2.856901634 0.0 12.0
6.049821 42.767498 -1.055437435 3.0 12.0
8.160696 46.223724 -1.055437435 3.0 12.0
8.160696 46.223724 -1.055437436 2.0 13.0
11.280924 48.073105 -2.856901636 2.0 13.0
11.280924 48.073105 -2.856901637 0.0 14.0
14.778586 47.773476 -4.87627837 0.0 14.0
11.280924 48.073105 -2.856901638 1.0 14.0
14.883852 49.922485 -2.856901638 1.0 14.0
14.883852 49.922485 -2.856901639 0.0 15.0
16.711924 53.37871 -3.912339239 0.0 15.0
16.711924 53.37871 -3.912339240 0.0 16.0
19.832151 55.228092 -5.713803340 0.0 16.0
16.711924 53.37871 -3.912339241 0.0 16.0
18.822798 56.834938 -3.912339241 0.0 16.0
14.883852 49.922485 -2.856901642 0.0 15.0
18.48678 51.771866 -2.856901642 0.0 15.0
18.48678 51.771866 -2.856901643 0.0 16.0
21.984444 51.472237 -4.87627843 0.0 16.0
18.48678 51.771866 -2.856901644 0.0 16.0
22.089708 53.621246 -2.856901644 0.0 16.0
8.160696 46.223724 -1.055437445 2.0 13.0
10.271571 49.67995 -1.055437445 2.0 13.0
10.271571 49.67995 -1.055437446 0.0 14.0
13.391799 51.52933 -2.856901646 0.0 14.0
10.271571 49.67995 -1.055437447 1.0 14.0
12.382446 53.136177 -1.055437447 1.0 14.0
12.382446 53.136177 -1.055437448 0.0 15.0
12.382446 57.186028 -1.055437448 0.0 15.0
12.382446 57.186028 -1.055437449 0.0 16.0
14.210518 60.642254 -2.11087549 0.0 16.0
12.382446 57.186028 -1.055437450 0.0 16.0
12.382446 61.235878 -1.055437450 0.0 16.0
12.382446 53.136177 -1.055437451 0.0 15.0
14.493321 56.592403 -1.055437451 0.0 15.0
14.493321 56.592403 -1.055437452 0.0 16.0
17.613548 58.441784 -2.856901652 0.0 16.0
14.493321 56.592403 -1.055437453 0.0 16.0
16.604197 60.04863 -1.055437453 0.0 16.0
0.0 32.39882 0.054 6.0 9.0
0.0 36.44867 0.054 6.0 9.0
0.0 36.44867 0.055 0.0 10.0
1.8280712 39.904896 -1.055437455 0.0 10.0
0.0 36.44867 0.056 5.0 10.0
0.0 40.49852 0.056 5.0 10.0
0.0 40.49852 0.057 0.0 11.0
-1.8280712 43.954746 1.055437457 0.0 11.0
-1.8280712 43.954746 1.055437458 0.0 12.0
-1.8280712 48.0046 1.055437458 0.0 12.0
-1.8280712 43.954746 1.055437459 0.0 12.0
-3.9389462 47.410973 1.055437459 0.0 12.0
0.0 40.49852 0.060 4.0 11.0
0.0 44.54837 0.060 4.0 11.0
0.0 44.54837 0.061 0.0 12.0
1.8280712 48.004597 -1.055437461 0.0 12.0
0.0 44.54837 0.062 3.0 12.0
0.0 48.59822 0.062 3.0 12.0
0.0 48.59822 0.063 2.0 13.0
1.8280712 52.054447 -1.055437463 2.0 13.0
1.8280712 52.054447 -1.055437464 0.0 14.0
4.948299 53.903828 -2.856901664 0.0 14.0
1.8280712 52.054447 -1.055437465 1.0 14.0
3.9389462 55.510674 -1.055437465 1.0 14.0
3.9389462 55.510674 -1.055437466 0.0 15.0
3.9389462 59.560524 -1.055437466 0.0 15.0
3.9389462 59.560524 -1.055437467 0.0 16.0
5.7670174 63.01675 -2.11087567 0.0 16.0
3.9389462 59.560524 -1.055437468 0.0 16.0
3.9389462 63.610374 -1.055437468 0.0 16.0
3.9389462 55.510674 -1.055437469 0.0 15.0
6.049821 58.9669 -1.055437469 0.0 15.0
6.049821 58.9669 -1.055437470 0.0 16.0
9.170049 60.81628 -2.856901670 0.0 16.0
6.049821 58.9669 -1.055437471 0.0 16.0
8.160696 62.423126 -1.055437471 0.0 16.0
0.0 48.59822 0.072 2.0 13.0
0.0 52.64807 0.072 2.0 13.0
0.0 52.64807 0.073 0.0 14.0
1.8280712 56.104298 -1.055437473 0.0 14.0
0.0 52.64807 0.074 1.0 14.0
0.0 56.69792 0.074 1.0 14.0
0.0 56.69792 0.075 0.0 15.0
-1.8280712 60.15415 1.055437475 0.0 15.0
-1.8280712 60.15415 1.055437476 0.0 16.0
-1.8280712 64.204 1.055437476 0.0 16.0
-1.8280712 60.15415 1.055437477 0.0 16.0
-3.9389462 63.610374 1.055437477 0.0 16.0
0.0 56.69792 0.078 0.0 15.0
0.0 60.747772 0.078 0.0 15.0
0.0 60.747772 0.079 0.0 16.0
1.8280712 64.204 -1.055437479 0.0 16.0
0.0 60.747772 0.080 0.0 16.0
0.0 64.79762 0.080 0.0 16.0
