0.0 0.0 0.00 28.0 1.0
0.0 1.5340952 0.00 28.0 1.0
0.0 1.5340952 0.01 27.0 2.0
0.0 3.0681903 0.01 27.0 2.0
0.0 3.0681903 0.02 26.0 3.0
0.0 4.6022854 0.02 26.0 3.0
0.0 4.6022854 0.03 25.0 4.0
0.0 6.1363807 0.03 25.0 4.0
0.0 6.1363807 0.04 24.0 5.0
0.0 7.670476 0.04 24.0 5.0
0.0 7.670476 0.05 23.0 6.0
0.0 9.204571 0.05 23.0 6.0
0.0 9.204571 0.06 22.0 7.0
0.0 10.738666 0.06 22.0 7.0
0.0 10.738666 0.07 21.0 8.0
0.0 12.27276 0.07 21.0 8.0
0.0 12.27276 0.08 12.0 9.0
-0.22736028 13.7842245 0.131266528 12.0 9.0
-0.22736028 13.7842245 0.131266529 11.0 10.0
-0.45472056 15.295689 0.262533049 11.0 10.0
-0.45472056 15.295689 0.2625330410 10.0 11.0
-0.68208086 16.807154 0.3937995410 10.0 11.0
-0.68208086 16.807154 0.3937995411 9.0 12.0
-0.9094411 18.318619 0.525066111 9.0 12.0
-0.9094411 18.318619 0.525066112 4.0 13.0
-1.3574537 19.762857 0.783726312 4.0 13.0
-1.3574537 19.762857 0.783726313 3.0 14.0
-1.8054663 21.207096 1.042386513 3.0 14.0
-1.8054663 21.207096 1.042386514 0.0 15.0
-2.460913 22.5415 1.420808914 0.0 15.0
-2.460913 22.5415 1.420808915 0.0 16.0
-3.2177577 23.875904 1.420808915 0.0 16.0
-1.8054663 21.207096 1.042386516 0.0 15.0
-2.0328267 22.718561 1.17365316 0.0 15.0
-2.0328267 22.718561 1.17365317 0.0 16.0
-2.2953596 24.230026 1.17365317 0.0 16.0
-1.8054663 21.207096 1.042386518 2.0 15.0
-2.3227868 22.651335 1.042386518 2.0 15.0
-2.3227868 22.651335 1.042386519 1.0 16.0
-2.8401072 24.095573 1.042386519 1.0 16.0
-2.8401072 24.095573 1.042386520 0.0 17.0
-3.3574276 25.539812 1.042386520 0.0 17.0
-3.3574276 25.539812 1.042386521 0.0 18.0
-3.874748 26.98405 1.042386521 0.0 18.0
-0.9094411 18.318619 0.525066122 4.0 13.0
-0.9094411 19.852715 0.525066122 4.0 13.0
-0.9094411 19.852715 0.525066123 3.0 14.0
-0.9094411 21.38681 0.525066123 3.0 14.0
-0.9094411 21.38681 0.525066124 0.0 15.0
-1.1368014 22.898275 0.656332624 0.0 15.0
-1.1368014 22.898275 0.656332625 0.0 16.0
-1.3993344 24.40974 0.656332625 0.0 16.0
-0.9094411 21.38681 0.525066126 0.0 15.0
-0.68208086 22.898275 0.3937995426 0.0 15.0
-0.68208086 22.898275 0.3937995427 0.0 16.0
-0.41954783 24.40974 0.3937995427 0.0 16.0
-0.9094411 21.38681 0.525066128 2.0 15.0
-0.9094411 22.920906 0.525066128 2.0 15.0
-0.9094411 22.920906 0.525066129 1.0 16.0
-0.9094411 24.455002 0.525066129 1.0 16.0
-0.9094411 24.455002 0.525066130 0.0 17.0
-0.9094411 25.989098 0.525066130 0.0 17.0
-0.9094411 25.989098 0.525066131 0.0 18.0
-0.9094411 27.523193 0.525066131 0.0 18.0
-0.9094411 18.318619 0.525066132 8.0 13.0
-1.1719742 19.830084 0.525066132 8.0 13.0
-1.1719742 19.830084 0.525066133 7.0 14.0
-1.4345073 21.341549 0.525066133 7.0 14.0
-1.4345073 21.341549 0.525066134 6.0 15.0
-1.6970403 22.853014 0.525066134 6.0 15.0
-1.6970403 22.853014 0.525066135 5.0 16.0
-1.9595734 24.36448 0.525066135 5.0 16.0
-1.9595734 24.36448 0.525066136 4.0 17.0
-2.2221065 25.875944 0.525066136 4.0 17.0
-2.2221065 25.875944 0.525066137 3.0 18.0
-2.4846394 27.38741 0.525066137 3.0 18.0
-2.4846394 27.38741 0.525066138 0.0 19.0
-2.932652 28.831648 0.783726338 0.0 19.0
-2.932652 28.831648 0.783726339 0.0 20.0
-3.4499724 30.275887 0.783726339 0.0 20.0
-2.4846394 27.38741 0.525066140 0.0 19.0
-2.4846394 28.921505 0.525066140 0.0 19.0
-2.4846394 28.921505 0.525066141 0.0 20.0
-2.4846394 30.4556 0.525066141 0.0 20.0
-2.4846394 27.38741 0.525066142 2.0 19.0
-2.7471724 28.898874 0.525066142 2.0 19.0
-2.7471724 28.898874 0.525066143 1.0 20.0
-3.0097053 30.41034 0.525066143 1.0 20.0
-3.0097053 30.41034 0.525066144 0.0 21.0
-3.2722383 31.921804 0.525066144 0.0 21.0
-3.2722383 31.921804 0.525066145 0.0 22.0
-3.5347712 33.43327 0.525066145 0.0 22.0
0.0 12.27276 0.046 12.0 9.0
0.22736028 13.7842245 -0.1312665246 12.0 9.0
0.22736028 13.7842245 -0.1312665247 11.0 10.0
0.45472056 15.295689 -0.2625330447 11.0 10.0
0.45472056 15.295689 -0.2625330448 10.0 11.0
0.68208086 16.807154 -0.3937995448 10.0 11.0
0.68208086 16.807154 -0.3937995449 9.0 12.0
0.9094411 18.318619 -0.525066149 9.0 12.0
0.9094411 18.318619 -0.525066150 4.0 13.0
0.9094411 19.852715 -0.525066150 4.0 13.0
0.9094411 19.852715 -0.525066151 3.0 14.0
0.9094411 21.38681 -0.525066151 3.0 14.0
0.9094411 21.38681 -0.525066152 0.0 15.0
0.68208086 22.898275 -0.3937995452 0.0 15.0
0.68208086 22.898275 -0.3937995453 0.0 16.0
0.41954783 24.40974 -0.3937995453 0.0 16.0
0.9094411 21.38681 -0.525066154 0.0 15.0
1.1368014 22.898275 -0.656332654 0.0 15.0
1.1368014 22.898275 -0.656332655 0.0 16.0
1.3993344 24.40974 -0.656332655 0.0 16.0
0.9094411 21.38681 -0.525066156 2.0 15.0
0.9094411 22.920906 -0.525066156 2.0 15.0
0.9094411 22.920906 -0.525066157 1.0 16.0
0.9094411 24.455002 -0.525066157 1.0 16.0
0.9094411 24.455002 -0.525066158 0.0 17.0
0.9094411 25.989098 -0.525066158 0.0 17.0
0.9094411 25.989098 -0.525066159 0.0 18.0
0.9094411 27.523193 -0.525066159 0.0 18.0
0.9094411 18.318619 -0.525066160 4.0 13.0
1.3574537 19.762857 -0.783726360 4.0 13.0
1.3574537 19.762857 -0.783726361 3.0 14.0
1.8054663 21.207096 -1.042386561 3.0 14.0
1.8054663 21.207096 -1.042386562 0.0 15.0
2.0328267 22.718561 -1.17365362 0.0 15.0
2.0328267 22.718561 -1.17365363 0.0 16.0
2.2953596 24.230026 -1.17365363 0.0 16.0
1.8054663 21.207096 -1.042386564 0.0 15.0
2.460913 22.5415 -1.420808964 0.0 15.0
2.460913 22.5415 -1.420808965 0.0 16.0
3.2177577 23.875904 -1.420808965 0.0 16.0
1.8054663 21.207096 -1.042386566 2.0 15.0
2.3227868 22.651335 -1.042386566 2.0 15.0
2.3227868 22.651335 -1.042386567 1.0 16.0
2.8401072 24.095573 -1.042386567 1.0 16.0
2.8401072 24.095573 -1.042386568 0.0 17.0
3.3574276 25.539812 -1.042386568 0.0 17.0
3.3574276 25.539812 -1.042386569 0.0 18.0
3.874748 26.98405 -1.042386569 0.0 18.0
0.9094411 18.318619 -0.525066170 8.0 13.0
1.1719742 19.830084 -0.525066170 8.0 13.0
1.1719742 19.830084 -0.525066171 7.0 14.0
1.4345073 21.341549 -0.525066171 7.0 14.0
1.4345073 21.341549 -0.525066172 6.0 15.0
1.6970403 22.853014 -0.525066172 6.0 15.0
1.6970403 22.853014 -0.525066173 5.0 16.0
1.9595734 24.36448 -0.525066173 5.0 16.0
1.9595734 24.36448 -0.525066174 4.0 17.0
2.2221065 25.875944 -0.525066174 4.0 17.0
2.2221065 25.875944 -0.525066175 3.0 18.0
2.4846394 27.38741 -0.525066175 3.0 18.0
2.4846394 27.38741 -0.525066176 0.0 19.0
2.4846394 28.921505 -0.525066176 0.0 19.0
2.4846394 28.921505 -0.525066177 0.0 20.0
2.4846394 30.4556 -0.525066177 0.0 20.0
2.4846394 27.38741 -0.525066178 0.0 19.0
2.932652 28.831648 -0.783726378 0.0 19.0
2.932652 28.831648 -0.783726379 0.0 20.0
3.4499724 30.275887 -0.783726379 0.0 20.0
2.4846394 27.38741 -0.525066180 2.0 19.0
2.7471724 28.898874 -0.525066180 2.0 19.0
2.7471724 28.898874 -0.525066181 1.0 20.0
3.0097053 30.41034 -0.525066181 1.0 20.0
3.0097053 30.41034 -0.525066182 0.0 21.0
3.2722383 31.921804 -0.525066182 0.0 21.0
3.2722383 31.921804 -0.525066183 0.0 22.0
3.5347712 33.43327 -0.525066183 0.0 22.0
0.0 12.27276 0.084 20.0 9.0
0.0 13.806855 0.084 20.0 9.0
0.0 13.806855 0.085 19.0 10.0
0.0 15.34095 0.085 19.0 10.0
0.0 15.34095 0.086 18.0 11.0
0.0 16.875046 0.086 18.0 11.0
0.0 16.875046 0.087 17.0 12.0
0.0 18.409142 0.087 17.0 12.0
0.0 18.409142 0.088 16.0 13.0
0.0 19.943237 0.088 16.0 13.0
0.0 19.943237 0.089 15.0 14.0
0.0 21.477333 0.089 15.0 14.0
0.0 21.477333 0.090 14.0 15.0
0.0 23.011429 0.090 14.0 15.0
0.0 23.011429 0.091 13.0 16.0
0.0 24.545525 0.091 13.0 16.0
0.0 24.545525 0.092 12.0 17.0
0.0 26.07962 0.092 12.0 17.0
0.0 26.07962 0.093 11.0 18.0
0.0 27.613716 0.093 11.0 18.0
0.0 27.613716 0.094 10.0 19.0
0.0 29.147812 0.094 10.0 19.0
0.0 29.147812 0.095 9.0 20.0
0.0 30.681908 0.095 9.0 20.0
0.0 30.681908 0.096 4.0 21.0
-0.22736028 32.19337 0.1312665296 4.0 21.0
-0.22736028 32.19337 0.1312665297 3.0 22.0
-0.45472056 33.704834 0.2625330497 3.0 22.0
-0.45472056 33.704834 0.2625330498 0.0 23.0
-0.9027331 35.149075 0.5211932798 0.0 23.0
-0.9027331 35.149075 0.5211932799 0.0 24.0
-1.4200535 36.593315 0.5211932799 0.0 24.0
-0.45472056 33.704834 0.26253304100 0.0 23.0
-0.45472056 35.23893 0.26253304100 0.0 23.0
-0.45472056 35.23893 0.26253304101 0.0 24.0
-0.45472056 36.773026 0.26253304101 0.0 24.0
-0.45472056 33.704834 0.26253304102 2.0 23.0
-0.71725357 35.216297 0.26253304102 2.0 23.0
-0.71725357 35.216297 0.26253304103 1.0 24.0
-0.97978663 36.72776 0.26253304103 1.0 24.0
-0.97978663 36.72776 0.26253304104 0.0 25.0
-1.2423197 38.239223 0.26253304104 0.0 25.0
-1.2423197 38.239223 0.26253304105 0.0 26.0
-1.5048528 39.750687 0.26253304105 0.0 26.0
0.0 30.681908 0.0106 4.0 21.0
0.22736028 32.19337 -0.13126652106 4.0 21.0
0.22736028 32.19337 -0.13126652107 3.0 22.0
0.45472056 33.704834 -0.26253304107 3.0 22.0
0.45472056 33.704834 -0.26253304108 0.0 23.0
0.45472056 35.23893 -0.26253304108 0.0 23.0
0.45472056 35.23893 -0.26253304109 0.0 24.0
0.45472056 36.773026 -0.26253304109 0.0 24.0
0.45472056 33.704834 -0.26253304110 0.0 23.0
0.9027331 35.149075 -0.52119327110 0.0 23.0
0.9027331 35.149075 -0.52119327111 0.0 24.0
1.4200535 36.593315 -0.52119327111 0.0 24.0
0.45472056 33.704834 -0.26253304112 2.0 23.0
0.71725357 35.216297 -0.26253304112 2.0 23.0
0.71725357 35.216297 -0.26253304113 1.0 24.0
0.97978663 36.72776 -0.26253304113 1.0 24.0
0.97978663 36.72776 -0.26253304114 0.0 25.0
1.2423197 38.239223 -0.26253304114 0.0 25.0
1.2423197 38.239223 -0.26253304115 0.0 26.0
1.5048528 39.750687 -0.26253304115 0.0 26.0
0.0 30.681908 0.0116 8.0 21.0
0.0 32.216003 0.0116 8.0 21.0
0.0 32.216003 0.0117 7.0 22.0
0.0 33.7501 0.0117 7.0 22.0
0.0 33.7501 0.0118 6.0 23.0
0.0 35.284195 0.0118 6.0 23.0
0.0 35.284195 0.0119 5.0 24.0
0.0 36.81829 0.0119 5.0 24.0
0.0 36.81829 0.0120 4.0 25.0
0.0 38.352386 0.0120 4.0 25.0
0.0 38.352386 0.0121 3.0 26.0
0.0 39.886482 0.0121 3.0 26.0
0.0 39.886482 0.0122 0.0 27.0
-0.22736028 41.397945 0.13126652122 0.0 27.0
-0.22736028 41.397945 0.13126652123 0.0 28.0
-0.48989332 42.90941 0.13126652123 0.0 28.0
0.0 39.886482 0.0124 0.0 27.0
0.22736028 41.397945 -0.13126652124 0.0 27.0
0.22736028 41.397945 -0.13126652125 0.0 28.0
0.48989332 42.90941 -0.13126652125 0.0 28.0
0.0 39.886482 0.0126 2.0 27.0
0.0 41.420578 0.0126 2.0 27.0
0.0 41.420578 0.0127 1.0 28.0
0.0 42.954674 0.0127 1.0 28.0
0.0 42.954674 0.0128 0.0 29.0
0.0 44.48877 0.0128 0.0 29.0
0.0 44.48877 0.0129 0.0 30.0
0.0 46.022865 0.0129 0.0 30.0
