0.0 0.0 0.00 60.0 1.0
0.0 1.9977121 0.00 60.0 1.0
0.0 1.9977121 0.01 59.0 2.0
0.0 3.9954243 0.01 59.0 2.0
0.0 3.9954243 0.02 58.0 3.0
0.0 5.9931364 0.02 58.0 3.0
0.0 5.9931364 0.03 57.0 4.0
0.0 7.9908485 0.03 57.0 4.0
0.0 7.9908485 0.04 56.0 5.0
0.0 9.988561 0.04 56.0 5.0
0.0 9.988561 0.05 55.0 6.0
0.0 11.986273 0.05 55.0 6.0
0.0 11.986273 0.06 54.0 7.0
0.0 13.983985 0.06 54.0 7.0
0.0 13.983985 0.07 53.0 8.0
0.0 15.981697 0.07 53.0 8.0
0.0 15.981697 0.08 52.0 9.0
0.0 17.979408 0.08 52.0 9.0
0.0 17.979408 0.09 51.0 10.0
0.0 19.97712 0.09 51.0 10.0
0.0 19.97712 0.010 50.0 11.0
0.0 21.97483 0.010 50.0 11.0
0.0 21.97483 0.011 49.0 12.0
0.0 23.972542 0.011 49.0 12.0
0.0 23.972542 0.012 48.0 13.0
0.0 25.970253 0.012 48.0 13.0
0.0 25.970253 0.013 47.0 14.0
0.0 27.967964 0.013 47.0 14.0
0.0 27.967964 0.014 46.0 15.0
0.0 29.965675 0.014 46.0 15.0
0.0 29.965675 0.015 45.0 16.0
0.0 31.963387 0.015 45.0 16.0
0.0 31.963387 0.016 28.0 17.0
1.2727169 33.31657 -0.734803516 28.0 17.0
1.2727169 33.31657 -0.734803517 27.0 18.0
2.5454338 34.669754 -1.46960717 27.0 18.0
2.5454338 34.669754 -1.46960718 26.0 19.0
3.8181505 36.022938 -2.204410618 26.0 19.0
3.8181505 36.022938 -2.204410619 25.0 20.0
5.0908675 37.37612 -2.93921419 25.0 20.0
5.0908675 37.37612 -2.93921420 24.0 21.0
6.3635845 38.729305 -3.674017420 24.0 21.0
6.3635845 38.729305 -3.674017421 23.0 22.0
7.6363015 40.08249 -4.40882121 23.0 22.0
7.6363015 40.08249 -4.40882122 22.0 23.0
8.9090185 41.435673 -5.14362522 22.0 23.0
8.9090185 41.435673 -5.14362523 21.0 24.0
10.181735 42.788857 -5.878428523 21.0 24.0
10.181735 42.788857 -5.878428524 12.0 25.0
10.181735 44.786568 -5.878428524 12.0 25.0
10.181735 44.786568 -5.878428525 11.0 26.0
10.181735 46.78428 -5.878428525 11.0 26.0
10.181735 46.78428 -5.878428526 10.0 27.0
10.181735 48.78199 -5.878428526 10.0 27.0
10.181735 48.78199 -5.878428527 9.0 28.0
10.181735 50.7797 -5.878428527 9.0 28.0
10.181735 50.7797 -5.878428528 4.0 29.0
11.454452 52.132885 -6.61323228 4.0 29.0
11.454452 52.132885 -6.61323229 3.0 30.0
12.727168 53.48607 -7.34803629 3.0 30.0
12.727168 53.48607 -7.34803630 0.0 31.0
12.727168 55.48378 -7.34803630 0.0 31.0
12.727168 55.48378 -7.34803631 0.0 32.0
12.727168 57.48149 -7.34803631 0.0 32.0
12.727168 53.48607 -7.34803632 2.0 31.0
14.196775 54.839252 -7.34803632 2.0 31.0
14.196775 54.839252 -7.34803633 1.0 32.0
15.666383 56.192436 -7.34803633 1.0 32.0
15.666383 56.192436 -7.34803634 0.0 33.0
17.390577 56.02793 -8.34349934 0.0 33.0
17.390577 56.02793 -8.34349935 0.0 34.0
19.381504 55.863426 -8.34349935 0.0 34.0
15.666383 56.192436 -7.34803636 0.0 33.0
15.666383 58.190147 -7.34803636 0.0 33.0
15.666383 58.190147 -7.34803637 0.0 34.0
15.666383 60.18786 -7.34803637 0.0 34.0
10.181735 50.7797 -5.878428538 8.0 29.0
10.181735 52.777412 -5.878428538 8.0 29.0
10.181735 52.777412 -5.878428539 7.0 30.0
10.181735 54.775124 -5.878428539 7.0 30.0
10.181735 54.775124 -5.878428540 6.0 31.0
10.181735 56.772835 -5.878428540 6.0 31.0
10.181735 56.772835 -5.878428541 5.0 32.0
10.181735 58.770546 -5.878428541 5.0 32.0
10.181735 58.770546 -5.878428542 4.0 33.0
11.454452 60.12373 -6.61323242 4.0 33.0
11.454452 60.12373 -6.61323243 3.0 34.0
12.727168 61.476913 -7.34803643 3.0 34.0
12.727168 61.476913 -7.34803644 0.0 35.0
12.727168 63.474625 -7.34803644 0.0 35.0
12.727168 63.474625 -7.34803645 0.0 36.0
12.727168 65.472336 -7.34803645 0.0 36.0
12.727168 61.476913 -7.34803646 2.0 35.0
14.196775 62.830097 -7.34803646 2.0 35.0
14.196775 62.830097 -7.34803647 1.0 36.0
15.666383 64.18328 -7.34803647 1.0 36.0
15.666383 64.18328 -7.34803648 0.0 37.0
17.390577 64.018776 -8.34349948 0.0 37.0
17.390577 64.018776 -8.34349949 0.0 38.0
19.381504 63.85427 -8.34349949 0.0 38.0
15.666383 64.18328 -7.34803650 0.0 37.0
15.666383 66.18099 -7.34803650 0.0 37.0
15.666383 66.18099 -7.34803651 0.0 38.0
15.666383 68.1787 -7.34803651 0.0 38.0
10.181735 58.770546 -5.878428552 4.0 33.0
8.712128 60.12373 -5.878428552 4.0 33.0
8.712128 60.12373 -5.878428553 3.0 34.0
7.242521 61.476913 -5.878428553 3.0 34.0
7.242521 61.476913 -5.878428554 0.0 35.0
5.518327 61.31241 -4.882964654 0.0 35.0
5.518327 61.31241 -4.882964655 0.0 36.0
3.5274 61.147903 -4.882964655 0.0 36.0
7.242521 61.476913 -5.878428556 2.0 35.0
5.772914 62.830097 -5.878428556 2.0 35.0
5.772914 62.830097 -5.878428557 1.0 36.0
4.303307 64.18328 -5.878428557 1.0 36.0
4.303307 64.18328 -5.878428558 0.0 37.0
4.303307 66.18099 -5.878428558 0.0 37.0
4.303307 66.18099 -5.878428559 0.0 38.0
4.303307 68.1787 -5.878428559 0.0 38.0
4.303307 64.18328 -5.878428560 0.0 37.0
2.3123798 64.018776 -5.878428560 0.0 37.0
2.3123798 64.018776 -5.878428561 0.0 38.0
0.3214525 63.85427 -5.878428561 0.0 38.0
10.181735 42.788857 -5.878428562 20.0 25.0
11.651342 44.14204 -5.878428562 20.0 25.0
11.651342 44.14204 -5.878428563 19.0 26.0
13.12095 45.495224 -5.878428563 19.0 26.0
13.12095 45.495224 -5.878428564 18.0 27.0
14.590557 46.848408 -5.878428564 18.0 27.0
14.590557 46.848408 -5.878428565 17.0 28.0
16.060163 48.20159 -5.878428565 17.0 28.0
16.060163 48.20159 -5.878428566 16.0 29.0
17.52977 49.554775 -5.878428566 16.0 29.0
17.52977 49.554775 -5.878428567 15.0 30.0
18.999376 50.90796 -5.878428567 15.0 30.0
18.999376 50.90796 -5.878428568 14.0 31.0
20.468983 52.261143 -5.878428568 14.0 31.0
20.468983 52.261143 -5.878428569 13.0 32.0
21.93859 53.614326 -5.878428569 13.0 32.0
21.93859 53.614326 -5.878428570 12.0 33.0
23.662783 53.44982 -6.873892370 12.0 33.0
23.662783 53.44982 -6.873892371 11.0 34.0
25.386976 53.285316 -7.86935671 11.0 34.0
25.386976 53.285316 -7.86935672 10.0 35.0
27.11117 53.12081 -8.8648272 10.0 35.0
27.11117 53.12081 -8.8648273 9.0 36.0
28.835363 52.956306 -9.86028373 9.0 36.0
28.835363 52.956306 -9.86028374 4.0 37.0
29.898472 51.38026 -10.47406974 4.0 37.0
29.898472 51.38026 -10.47406975 3.0 38.0
30.96158 49.804214 -11.08785475 3.0 38.0
30.96158 49.804214 -11.08785476 0.0 39.0
32.685776 49.63971 -12.08331876 0.0 39.0
32.685776 49.63971 -12.08331877 0.0 40.0
34.676704 49.475204 -12.08331877 0.0 40.0
30.96158 49.804214 -11.08785478 2.0 39.0
32.18915 48.22817 -11.08785478 2.0 39.0
32.18915 48.22817 -11.08785479 1.0 40.0
33.41672 46.652122 -11.08785479 1.0 40.0
33.41672 46.652122 -11.08785480 0.0 41.0
33.132755 44.681503 -10.92390780 0.0 41.0
33.132755 44.681503 -10.92390781 0.0 42.0
32.804863 42.710884 -10.92390781 0.0 42.0
33.41672 46.652122 -11.08785482 0.0 41.0
35.40765 46.487617 -11.08785482 0.0 41.0
35.40765 46.487617 -11.08785483 0.0 42.0
37.39858 46.323112 -11.08785483 0.0 42.0
28.835363 52.956306 -9.86028384 8.0 37.0
30.82629 52.7918 -9.86028384 8.0 37.0
30.82629 52.7918 -9.86028385 7.0 38.0
32.81722 52.627296 -9.86028385 7.0 38.0
32.81722 52.627296 -9.86028386 6.0 39.0
34.808147 52.46279 -9.86028386 6.0 39.0
34.808147 52.46279 -9.86028387 5.0 40.0
36.799076 52.298286 -9.86028387 5.0 40.0
36.799076 52.298286 -9.86028388 4.0 41.0
37.862183 50.72224 -10.47406988 4.0 41.0
37.862183 50.72224 -10.47406989 3.0 42.0
38.92529 49.146194 -11.08785489 3.0 42.0
38.92529 49.146194 -11.08785490 0.0 43.0
40.649483 48.98169 -12.08331890 0.0 43.0
40.649483 48.98169 -12.08331891 0.0 44.0
42.64041 48.817184 -12.08331891 0.0 44.0
38.92529 49.146194 -11.08785492 2.0 43.0
40.15286 47.57015 -11.08785492 2.0 43.0
40.15286 47.57015 -11.08785493 1.0 44.0
41.38043 45.994102 -11.08785493 1.0 44.0
41.38043 45.994102 -11.08785494 0.0 45.0
41.096462 44.023483 -10.92390794 0.0 45.0
41.096462 44.023483 -10.92390795 0.0 46.0
40.76857 42.052864 -10.92390795 0.0 46.0
41.38043 45.994102 -11.08785496 0.0 45.0
43.371357 45.829597 -11.08785496 0.0 45.0
43.371357 45.829597 -11.08785497 0.0 46.0
45.362286 45.665092 -11.08785497 0.0 46.0
36.799076 52.298286 -9.86028398 4.0 41.0
38.268684 53.65147 -9.86028398 4.0 41.0
38.268684 53.65147 -9.86028399 3.0 42.0
39.738293 55.004654 -9.86028399 3.0 42.0
39.738293 55.004654 -9.860283100 0.0 43.0
39.738293 57.002365 -9.860283100 0.0 43.0
39.738293 57.002365 -9.860283101 0.0 44.0
39.738293 59.000076 -9.860283101 0.0 44.0
39.738293 55.004654 -9.860283102 2.0 43.0
41.2079 56.357838 -9.860283102 2.0 43.0
41.2079 56.357838 -9.860283103 1.0 44.0
42.67751 57.71102 -9.860283103 1.0 44.0
42.67751 57.71102 -9.860283104 0.0 45.0
44.401703 57.546516 -10.855746104 0.0 45.0
44.401703 57.546516 -10.855746105 0.0 46.0
46.39263 57.38201 -10.855746105 0.0 46.0
42.67751 57.71102 -9.860283106 0.0 45.0
42.67751 59.708733 -9.860283106 0.0 45.0
42.67751 59.708733 -9.860283107 0.0 46.0
42.67751 61.706444 -9.860283107 0.0 46.0
21.93859 53.614326 -5.8784285108 12.0 33.0
21.93859 55.612038 -5.8784285108 12.0 33.0
21.93859 55.612038 -5.8784285109 11.0 34.0
21.93859 57.60975 -5.8784285109 11.0 34.0
21.93859 57.60975 -5.8784285110 10.0 35.0
21.93859 59.60746 -5.8784285110 10.0 35.0
21.93859 59.60746 -5.8784285111 9.0 36.0
21.93859 61.60517 -5.8784285111 9.0 36.0
21.93859 61.60517 -5.8784285112 4.0 37.0
23.211306 62.958355 -6.613232112 4.0 37.0
23.211306 62.958355 -6.613232113 3.0 38.0
24.484022 64.31154 -7.348036113 3.0 38.0
24.484022 64.31154 -7.348036114 0.0 39.0
24.484022 66.30925 -7.348036114 0.0 39.0
24.484022 66.30925 -7.348036115 0.0 40.0
24.484022 68.30696 -7.348036115 0.0 40.0
24.484022 64.31154 -7.348036116 2.0 39.0
25.953629 65.66473 -7.348036116 2.0 39.0
25.953629 65.66473 -7.348036117 1.0 40.0
27.423235 67.017914 -7.348036117 1.0 40.0
27.423235 67.017914 -7.348036118 0.0 41.0
29.147429 66.85341 -8.343499118 0.0 41.0
29.147429 66.85341 -8.343499119 0.0 42.0
31.138355 66.6889 -8.343499119 0.0 42.0
27.423235 67.017914 -7.348036120 0.0 41.0
27.423235 69.015625 -7.348036120 0.0 41.0
27.423235 69.015625 -7.348036121 0.0 42.0
27.423235 71.013336 -7.348036121 0.0 42.0
21.93859 61.60517 -5.8784285122 8.0 37.0
21.93859 63.602882 -5.8784285122 8.0 37.0
21.93859 63.602882 -5.8784285123 7.0 38.0
21.93859 65.60059 -5.8784285123 7.0 38.0
21.93859 65.60059 -5.8784285124 6.0 39.0
21.93859 67.598305 -5.8784285124 6.0 39.0
21.93859 67.598305 -5.8784285125 5.0 40.0
21.93859 69.596016 -5.8784285125 5.0 40.0
21.93859 69.596016 -5.8784285126 4.0 41.0
23.211306 70.9492 -6.613232126 4.0 41.0
23.211306 70.9492 -6.613232127 3.0 42.0
24.484022 72.30239 -7.348036127 3.0 42.0
24.484022 72.30239 -7.348036128 0.0 43.0
24.484022 74.3001 -7.348036128 0.0 43.0
24.484022 74.3001 -7.348036129 0.0 44.0
24.484022 76.29781 -7.348036129 0.0 44.0
24.484022 72.30239 -7.348036130 2.0 43.0
25.953629 73.65558 -7.348036130 2.0 43.0
25.953629 73.65558 -7.348036131 1.0 44.0
27.423235 75.008766 -7.348036131 1.0 44.0
27.423235 75.008766 -7.348036132 0.0 45.0
29.147429 74.84426 -8.343499132 0.0 45.0
29.147429 74.84426 -8.343499133 0.0 46.0
31.138355 74.679756 -8.343499133 0.0 46.0
27.423235 75.008766 -7.348036134 0.0 45.0
27.423235 77.00648 -7.348036134 0.0 45.0
27.423235 77.00648 -7.348036135 0.0 46.0
27.423235 79.00419 -7.348036135 0.0 46.0
21.93859 69.596016 -5.8784285136 4.0 41.0
20.468983 70.9492 -5.8784285136 4.0 41.0
20.468983 70.9492 -5.8784285137 3.0 42.0
18.999376 72.30239 -5.8784285137 3.0 42.0
18.999376 72.30239 -5.8784285138 0.0 43.0
17.275183 72.137886 -4.8829646138 0.0 43.0
17.275183 72.137886 -4.8829646139 0.0 44.0
15.284255 71.97338 -4.8829646139 0.0 44.0
18.999376 72.30239 -5.8784285140 2.0 43.0
17.52977 73.65558 -5.8784285140 2.0 43.0
17.52977 73.65558 -5.8784285141 1.0 44.0
16.060163 75.008766 -5.8784285141 1.0 44.0
16.060163 75.008766 -5.8784285142 0.0 45.0
16.060163 77.00648 -5.8784285142 0.0 45.0
16.060163 77.00648 -5.8784285143 0.0 46.0
16.060163 79.00419 -5.8784285143 0.0 46.0
16.060163 75.008766 -5.8784285144 0.0 45.0
14.069236 74.84426 -5.8784285144 0.0 45.0
14.069236 74.84426 -5.8784285145 0.0 46.0
12.078308 74.679756 -5.8784285145 0.0 46.0
0.0 31.963387 0.0146 44.0 17.0
0.0 33.961098 0.0146 44.0 17.0
0.0 33.961098 0.0147 43.0 18.0
0.0 35.95881 0.0147 43.0 18.0
0.0 35.95881 0.0148 42.0 19.0
0.0 37.95652 0.0148 42.0 19.0
0.0 37.95652 0.0149 41.0 20.0
0.0 39.95423 0.0149 41.0 20.0
0.0 39.95423 0.0150 40.0 21.0
0.0 41.951942 0.0150 40.0 21.0
0.0 41.951942 0.0151 39.0 22.0
0.0 43.949654 0.0151 39.0 22.0
0.0 43.949654 0.0152 38.0 23.0
0.0 45.947365 0.0152 38.0 23.0
0.0 45.947365 0.0153 37.0 24.0
0.0 47.945076 0.0153 37.0 24.0
0.0 47.945076 0.0154 36.0 25.0
0.0 49.942787 0.0154 36.0 25.0
0.0 49.942787 0.0155 35.0 26.0
0.0 51.9405 0.0155 35.0 26.0
0.0 51.9405 0.0156 34.0 27.0
0.0 53.93821 0.0156 34.0 27.0
0.0 53.93821 0.0157 33.0 28.0
0.0 55.93592 0.0157 33.0 28.0
0.0 55.93592 0.0158 32.0 29.0
0.0 57.93363 0.0158 32.0 29.0
0.0 57.93363 0.0159 31.0 30.0
0.0 59.931343 0.0159 31.0 30.0
0.0 59.931343 0.0160 30.0 31.0
0.0 61.929054 0.0160 30.0 31.0
0.0 61.929054 0.0161 29.0 32.0
0.0 63.926765 0.0161 29.0 32.0
0.0 63.926765 0.0162 28.0 33.0
1.2727169 65.27995 -0.7348035162 28.0 33.0
1.2727169 65.27995 -0.7348035163 27.0 34.0
2.5454338 66.63314 -1.469607163 27.0 34.0
2.5454338 66.63314 -1.469607164 26.0 35.0
3.8181505 67.98633 -2.2044106164 26.0 35.0
3.8181505 67.98633 -2.2044106165 25.0 36.0
5.0908675 69.339516 -2.939214165 25.0 36.0
5.0908675 69.339516 -2.939214166 24.0 37.0
6.3635845 70.6927 -3.6740174166 24.0 37.0
6.3635845 70.6927 -3.6740174167 23.0 38.0
7.6363015 72.04589 -4.408821167 23.0 38.0
7.6363015 72.04589 -4.408821168 22.0 39.0
8.9090185 73.39908 -5.143625168 22.0 39.0
8.9090185 73.39908 -5.143625169 21.0 40.0
10.181735 74.752266 -5.8784285169 21.0 40.0
10.181735 74.752266 -5.8784285170 12.0 41.0
10.181735 76.74998 -5.8784285170 12.0 41.0
10.181735 76.74998 -5.8784285171 11.0 42.0
10.181735 78.74769 -5.8784285171 11.0 42.0
10.181735 78.74769 -5.8784285172 10.0 43.0
10.181735 80.7454 -5.8784285172 10.0 43.0
10.181735 80.7454 -5.8784285173 9.0 44.0
10.181735 82.74311 -5.8784285173 9.0 44.0
10.181735 82.74311 -5.8784285174 4.0 45.0
11.454452 84.0963 -6.613232174 4.0 45.0
11.454452 84.0963 -6.613232175 3.0 46.0
12.727168 85.449486 -7.348036175 3.0 46.0
12.727168 85.449486 -7.348036176 0.0 47.0
12.727168 87.4472 -7.348036176 0.0 47.0
12.727168 87.4472 -7.348036177 0.0 48.0
12.727168 89.44491 -7.348036177 0.0 48.0
12.727168 85.449486 -7.348036178 2.0 47.0
14.196775 86.80267 -7.348036178 2.0 47.0
14.196775 86.80267 -7.348036179 1.0 48.0
15.666383 88.15586 -7.348036179 1.0 48.0
15.666383 88.15586 -7.348036180 0.0 49.0
17.390577 87.991356 -8.343499180 0.0 49.0
17.390577 87.991356 -8.343499181 0.0 50.0
19.381504 87.82685 -8.343499181 0.0 50.0
15.666383 88.15586 -7.348036182 0.0 49.0
15.666383 90.15357 -7.348036182 0.0 49.0
15.666383 90.15357 -7.348036183 0.0 50.0
15.666383 92.15128 -7.348036183 0.0 50.0
10.181735 82.74311 -5.8784285184 8.0 45.0
10.181735 84.74082 -5.8784285184 8.0 45.0
10.181735 84.74082 -5.8784285185 7.0 46.0
10.181735 86.73853 -5.8784285185 7.0 46.0
10.181735 86.73853 -5.8784285186 6.0 47.0
10.181735 88.736244 -5.8784285186 6.0 47.0
10.181735 88.736244 -5.8784285187 5.0 48.0
10.181735 90.733955 -5.8784285187 5.0 48.0
10.181735 90.733955 -5.8784285188 4.0 49.0
11.454452 92.08714 -6.613232188 4.0 49.0
11.454452 92.08714 -6.613232189 3.0 50.0
12.727168 93.44033 -7.348036189 3.0 50.0
12.727168 93.44033 -7.348036190 0.0 51.0
12.727168 95.43804 -7.348036190 0.0 51.0
12.727168 95.43804 -7.348036191 0.0 52.0
12.727168 97.43575 -7.348036191 0.0 52.0
12.727168 93.44033 -7.348036192 2.0 51.0
14.196775 94.79352 -7.348036192 2.0 51.0
14.196775 94.79352 -7.348036193 1.0 52.0
15.666383 96.146706 -7.348036193 1.0 52.0
15.666383 96.146706 -7.348036194 0.0 53.0
17.390577 95.9822 -8.343499194 0.0 53.0
17.390577 95.9822 -8.343499195 0.0 54.0
19.381504 95.817696 -8.343499195 0.0 54.0
15.666383 96.146706 -7.348036196 0.0 53.0
15.666383 98.14442 -7.348036196 0.0 53.0
15.666383 98.14442 -7.348036197 0.0 54.0
15.666383 100.14213 -7.348036197 0.0 54.0
10.181735 90.733955 -5.8784285198 4.0 49.0
8.712128 92.08714 -5.8784285198 4.0 49.0
8.712128 92.08714 -5.8784285199 3.0 50.0
7.242521 93.44033 -5.8784285199 3.0 50.0
7.242521 93.44033 -5.8784285200 0.0 51.0
5.518327 93.275826 -4.8829646200 0.0 51.0
5.518327 93.275826 -4.8829646201 0.0 52.0
3.5274 93.11132 -4.8829646201 0.0 52.0
7.242521 93.44033 -5.8784285202 2.0 51.0
5.772914 94.79352 -5.8784285202 2.0 51.0
5.772914 94.79352 -5.8784285203 1.0 52.0
4.303307 96.146706 -5.8784285203 1.0 52.0
4.303307 96.146706 -5.8784285204 0.0 53.0
4.303307 98.14442 -5.8784285204 0.0 53.0
4.303307 98.14442 -5.8784285205 0.0 54.0
4.303307 100.14213 -5.8784285205 0.0 54.0
4.303307 96.146706 -5.8784285206 0.0 53.0
2.3123798 95.9822 -5.8784285206 0.0 53.0
2.3123798 95.9822 -5.8784285207 0.0 54.0
0.3214525 95.817696 -5.8784285207 0.0 54.0
10.181735 74.752266 -5.8784285208 20.0 41.0
11.651342 76.10545 -5.8784285208 20.0 41.0
11.651342 76.10545 -5.8784285209 19.0 42.0
13.12095 77.45864 -5.8784285209 19.0 42.0
13.12095 77.45864 -5.8784285210 18.0 43.0
14.590557 78.81183 -5.8784285210 18.0 43.0
14.590557 78.81183 -5.8784285211 17.0 44.0
16.060163 80.165016 -5.8784285211 17.0 44.0
16.060163 80.165016 -5.8784285212 16.0 45.0
17.52977 81.5182 -5.8784285212 16.0 45.0
17.52977 81.5182 -5.8784285213 15.0 46.0
18.999376 82.87139 -5.8784285213 15.0 46.0
18.999376 82.87139 -5.8784285214 14.0 47.0
20.468983 84.22458 -5.8784285214 14.0 47.0
20.468983 84.22458 -5.8784285215 13.0 48.0
21.93859 85.57777 -5.8784285215 13.0 48.0
21.93859 85.57777 -5.8784285216 12.0 49.0
23.662783 85.41326 -6.8738923216 12.0 49.0
23.662783 85.41326 -6.8738923217 11.0 50.0
25.386976 85.24876 -7.869356217 11.0 50.0
25.386976 85.24876 -7.869356218 10.0 51.0
27.11117 85.08425 -8.86482218 10.0 51.0
27.11117 85.08425 -8.86482219 9.0 52.0
28.835363 84.91975 -9.860283219 9.0 52.0
28.835363 84.91975 -9.860283220 4.0 53.0
29.898472 83.3437 -10.474069220 4.0 53.0
29.898472 83.3437 -10.474069221 3.0 54.0
30.96158 81.76765 -11.087854221 3.0 54.0
30.96158 81.76765 -11.087854222 0.0 55.0
32.685776 81.60314 -12.083318222 0.0 55.0
32.685776 81.60314 -12.083318223 0.0 56.0
34.676704 81.43864 -12.083318223 0.0 56.0
30.96158 81.76765 -11.087854224 2.0 55.0
32.18915 80.1916 -11.087854224 2.0 55.0
32.18915 80.1916 -11.087854225 1.0 56.0
33.41672 78.61555 -11.087854225 1.0 56.0
33.41672 78.61555 -11.087854226 0.0 57.0
33.132755 76.64493 -10.923907226 0.0 57.0
33.132755 76.64493 -10.923907227 0.0 58.0
32.804863 74.67431 -10.923907227 0.0 58.0
33.41672 78.61555 -11.087854228 0.0 57.0
35.40765 78.45104 -11.087854228 0.0 57.0
35.40765 78.45104 -11.087854229 0.0 58.0
37.39858 78.28654 -11.087854229 0.0 58.0
28.835363 84.91975 -9.860283230 8.0 53.0
30.82629 84.75524 -9.860283230 8.0 53.0
30.82629 84.75524 -9.860283231 7.0 54.0
32.81722 84.59074 -9.860283231 7.0 54.0
32.81722 84.59074 -9.860283232 6.0 55.0
34.808147 84.42623 -9.860283232 6.0 55.0
34.808147 84.42623 -9.860283233 5.0 56.0
36.799076 84.26173 -9.860283233 5.0 56.0
36.799076 84.26173 -9.860283234 4.0 57.0
37.862183 82.68568 -10.474069234 4.0 57.0
37.862183 82.68568 -10.474069235 3.0 58.0
38.92529 81.10963 -11.087854235 3.0 58.0
38.92529 81.10963 -11.087854236 0.0 59.0
40.649483 80.94512 -12.083318236 0.0 59.0
40.649483 80.94512 -12.083318237 0.0 60.0
42.64041 80.78062 -12.083318237 0.0 60.0
38.92529 81.10963 -11.087854238 2.0 59.0
40.15286 79.53358 -11.087854238 2.0 59.0
40.15286 79.53358 -11.087854239 1.0 60.0
41.38043 77.95753 -11.087854239 1.0 60.0
41.38043 77.95753 -11.087854240 0.0 61.0
41.096462 75.98691 -10.923907240 0.0 61.0
41.096462 75.98691 -10.923907241 0.0 62.0
40.76857 74.01629 -10.923907241 0.0 62.0
41.38043 77.95753 -11.087854242 0.0 61.0
43.371357 77.79302 -11.087854242 0.0 61.0
43.371357 77.79302 -11.087854243 0.0 62.0
45.362286 77.62852 -11.087854243 0.0 62.0
36.799076 84.26173 -9.860283244 4.0 57.0
38.268684 85.614914 -9.860283244 4.0 57.0
38.268684 85.614914 -9.860283245 3.0 58.0
39.738293 86.9681 -9.860283245 3.0 58.0
39.738293 86.9681 -9.860283246 0.0 59.0
39.738293 88.96581 -9.860283246 0.0 59.0
39.738293 88.96581 -9.860283247 0.0 60.0
39.738293 90.963524 -9.860283247 0.0 60.0
39.738293 86.9681 -9.860283248 2.0 59.0
41.2079 88.32129 -9.860283248 2.0 59.0
41.2079 88.32129 -9.860283249 1.0 60.0
42.67751 89.67448 -9.860283249 1.0 60.0
42.67751 89.67448 -9.860283250 0.0 61.0
44.401703 89.50997 -10.855746250 0.0 61.0
44.401703 89.50997 -10.855746251 0.0 62.0
46.39263 89.34547 -10.855746251 0.0 62.0
42.67751 89.67448 -9.860283252 0.0 61.0
42.67751 91.67219 -9.860283252 0.0 61.0
42.67751 91.67219 -9.860283253 0.0 62.0
42.67751 93.6699 -9.860283253 0.0 62.0
21.93859 85.57777 -5.8784285254 12.0 49.0
21.93859 87.57548 -5.8784285254 12.0 49.0
21.93859 87.57548 -5.8784285255 11.0 50.0
21.93859 89.57319 -5.8784285255 11.0 50.0
21.93859 89.57319 -5.8784285256 10.0 51.0
21.93859 91.5709 -5.8784285256 10.0 51.0
21.93859 91.5709 -5.8784285257 9.0 52.0
21.93859 93.56861 -5.8784285257 9.0 52.0
21.93859 93.56861 -5.8784285258 4.0 53.0
23.211306 94.9218 -6.613232258 4.0 53.0
23.211306 94.9218 -6.613232259 3.0 54.0
24.484022 96.27499 -7.348036259 3.0 54.0
24.484022 96.27499 -7.348036260 0.0 55.0
24.484022 98.2727 -7.348036260 0.0 55.0
24.484022 98.2727 -7.348036261 0.0 56.0
24.484022 100.27041 -7.348036261 0.0 56.0
24.484022 96.27499 -7.348036262 2.0 55.0
25.953629 97.628174 -7.348036262 2.0 55.0
25.953629 97.628174 -7.348036263 1.0 56.0
27.423235 98.98136 -7.348036263 1.0 56.0
27.423235 98.98136 -7.348036264 0.0 57.0
29.147429 98.81686 -8.343499264 0.0 57.0
29.147429 98.81686 -8.343499265 0.0 58.0
31.138355 98.65235 -8.343499265 0.0 58.0
27.423235 98.98136 -7.348036266 0.0 57.0
27.423235 100.97907 -7.348036266 0.0 57.0
27.423235 100.97907 -7.348036267 0.0 58.0
27.423235 102.97678 -7.348036267 0.0 58.0
21.93859 93.56861 -5.8784285268 8.0 53.0
21.93859 95.56632 -5.8784285268 8.0 53.0
21.93859 95.56632 -5.8784285269 7.0 54.0
21.93859 97.56403 -5.8784285269 7.0 54.0
21.93859 97.56403 -5.8784285270 6.0 55.0
21.93859 99.561745 -5.8784285270 6.0 55.0
21.93859 99.561745 -5.8784285271 5.0 56.0
21.93859 101.559456 -5.8784285271 5.0 56.0
21.93859 101.559456 -5.8784285272 4.0 57.0
23.211306 102.91264 -6.613232272 4.0 57.0
23.211306 102.91264 -6.613232273 3.0 58.0
24.484022 104.26583 -7.348036273 3.0 58.0
24.484022 104.26583 -7.348036274 0.0 59.0
24.484022 106.26354 -7.348036274 0.0 59.0
24.484022 106.26354 -7.348036275 0.0 60.0
24.484022 108.26125 -7.348036275 0.0 60.0
24.484022 104.26583 -7.348036276 2.0 59.0
25.953629 105.61902 -7.348036276 2.0 59.0
25.953629 105.61902 -7.348036277 1.0 60.0
27.423235 106.972206 -7.348036277 1.0 60.0
27.423235 106.972206 -7.348036278 0.0 61.0
29.147429 106.8077 -8.343499278 0.0 61.0
29.147429 106.8077 -8.343499279 0.0 62.0
31.138355 106.643196 -8.343499279 0.0 62.0
27.423235 106.972206 -7.348036280 0.0 61.0
27.423235 108.96992 -7.348036280 0.0 61.0
27.423235 108.96992 -7.348036281 0.0 62.0
27.423235 110.96763 -7.348036281 0.0 62.0
21.93859 101.559456 -5.8784285282 4.0 57.0
20.468983 102.91264 -5.8784285282 4.0 57.0
20.468983 102.91264 -5.8784285283 3.0 58.0
18.999376 104.26583 -5.8784285283 3.0 58.0
18.999376 104.26583 -5.8784285284 0.0 59.0
17.275183 104.101326 -4.8829646284 0.0 59.0
17.275183 104.101326 -4.8829646285 0.0 60.0
15.284255 103.93682 -4.8829646285 0.0 60.0
18.999376 104.26583 -5.8784285286 2.0 59.0
17.52977 105.61902 -5.8784285286 2.0 59.0
17.52977 105.61902 -5.8784285287 1.0 60.0
16.060163 106.972206 -5.8784285287 1.0 60.0
16.060163 106.972206 -5.8784285288 0.0 61.0
16.060163 108.96992 -5.8784285288 0.0 61.0
16.060163 108.96992 -5.8784285289 0.0 62.0
16.060163 110.96763 -5.8784285289 0.0 62.0
16.060163 106.972206 -5.8784285290 0.0 61.0
14.069236 106.8077 -5.8784285290 0.0 61.0
14.069236 106.8077 -5.8784285291 0.0 62.0
12.078308 106.643196 -5.8784285291 0.0 62.0
0.0 63.926765 0.0292 28.0 33.0
-1.469607 65.27995 0.0292 28.0 33.0
-1.469607 65.27995 0.0293 27.0 34.0
-2.939214 66.63314 0.0293 27.0 34.0
-2.939214 66.63314 0.0294 26.0 35.0
-4.408821 67.98633 0.0294 26.0 35.0
-4.408821 67.98633 0.0295 25.0 36.0
-5.878428 69.339516 0.0295 25.0 36.0
-5.878428 69.339516 0.0296 24.0 37.0
-7.348035 70.6927 0.0296 24.0 37.0
-7.348035 70.6927 0.0297 23.0 38.0
-8.817642 72.04589 0.0297 23.0 38.0
-8.817642 72.04589 0.0298 22.0 39.0
-10.28725 73.39908 0.0298 22.0 39.0
-10.28725 73.39908 0.0299 21.0 40.0
-11.756857 74.752266 0.0299 21.0 40.0
-11.756857 74.752266 0.0300 12.0 41.0
-13.4810505 74.58776 0.99546367300 12.0 41.0
-13.4810505 74.58776 0.99546367301 11.0 42.0
-15.205244 74.423256 1.9909273301 11.0 42.0
-15.205244 74.423256 1.9909273302 10.0 43.0
-16.929438 74.25875 2.986391302 10.0 43.0
-16.929438 74.25875 2.986391303 9.0 44.0
-18.653631 74.094246 3.9818547303 9.0 44.0
-18.653631 74.094246 3.9818547304 4.0 45.0
-19.926348 75.44743 4.716658304 4.0 45.0
-19.926348 75.44743 4.716658305 3.0 46.0
-21.199064 76.80062 5.451462305 3.0 46.0
-21.199064 76.80062 5.451462306 0.0 47.0
-22.923258 76.636116 6.4469256306 0.0 47.0
-22.923258 76.636116 6.4469256307 0.0 48.0
-24.914185 76.47161 6.4469256307 0.0 48.0
-21.199064 76.80062 5.451462308 2.0 47.0
-22.66867 78.15381 5.451462308 2.0 47.0
-22.66867 78.15381 5.451462309 1.0 48.0
-24.138277 79.506996 5.451462309 1.0 48.0
-24.138277 79.506996 5.451462310 0.0 49.0
-24.138277 81.50471 5.451462310 0.0 49.0
-24.138277 81.50471 5.451462311 0.0 50.0
-24.138277 83.50242 5.451462311 0.0 50.0
-24.138277 79.506996 5.451462312 0.0 49.0
-26.129204 79.34249 5.451462312 0.0 49.0
-26.129204 79.34249 5.451462313 0.0 50.0
-28.12013 79.177986 5.451462313 0.0 50.0
-18.653631 74.094246 3.9818547314 8.0 45.0
-20.644558 73.92974 3.9818547314 8.0 45.0
-20.644558 73.92974 3.9818547315 7.0 46.0
-22.635485 73.765236 3.9818547315 7.0 46.0
-22.635485 73.765236 3.9818547316 6.0 47.0
-24.626411 73.60073 3.9818547316 6.0 47.0
-24.626411 73.60073 3.9818547317 5.0 48.0
-26.617338 73.436226 3.9818547317 5.0 48.0
-26.617338 73.436226 3.9818547318 4.0 49.0
-27.890055 74.78941 4.716658318 4.0 49.0
-27.890055 74.78941 4.716658319 3.0 50.0
-29.162771 76.1426 5.451462319 3.0 50.0
-29.162771 76.1426 5.451462320 0.0 51.0
-30.886965 75.978096 6.4469256320 0.0 51.0
-30.886965 75.978096 6.4469256321 0.0 52.0
-32.87789 75.81359 6.4469256321 0.0 52.0
-29.162771 76.1426 5.451462322 2.0 51.0
-30.632378 77.49579 5.451462322 2.0 51.0
-30.632378 77.49579 5.451462323 1.0 52.0
-32.101986 78.848976 5.451462323 1.0 52.0
-32.101986 78.848976 5.451462324 0.0 53.0
-32.101986 80.84669 5.451462324 0.0 53.0
-32.101986 80.84669 5.451462325 0.0 54.0
-32.101986 82.8444 5.451462325 0.0 54.0
-32.101986 78.848976 5.451462326 0.0 53.0
-34.092915 78.68447 5.451462326 0.0 53.0
-34.092915 78.68447 5.451462327 0.0 54.0
-36.083843 78.519966 5.451462327 0.0 54.0
-26.617338 73.436226 3.9818547328 4.0 49.0
-27.84491 71.860176 3.9818547328 4.0 49.0
-27.84491 71.860176 3.9818547329 3.0 50.0
-29.072481 70.28413 3.9818547329 3.0 50.0
-29.072481 70.28413 3.9818547330 0.0 51.0
-28.788517 68.31351 3.8179076330 0.0 51.0
-28.788517 68.31351 3.8179076331 0.0 52.0
-28.460623 66.34289 3.8179076331 0.0 52.0
-29.072481 70.28413 3.9818547332 2.0 51.0
-30.300053 68.70808 3.9818547332 2.0 51.0
-30.300053 68.70808 3.9818547333 1.0 52.0
-31.527624 67.13203 3.9818547333 1.0 52.0
-31.527624 67.13203 3.9818547334 0.0 53.0
-33.25182 66.96752 4.9773183334 0.0 53.0
-33.25182 66.96752 4.9773183335 0.0 54.0
-35.24275 66.80302 4.9773183335 0.0 54.0
-31.527624 67.13203 3.9818547336 0.0 53.0
-31.19973 65.16141 3.9818547336 0.0 53.0
-31.19973 65.16141 3.9818547337 0.0 54.0
-30.871836 63.19079 3.9818547337 0.0 54.0
-11.756857 74.752266 0.0338 20.0 41.0
-13.226464 76.10545 0.0338 20.0 41.0
-13.226464 76.10545 0.0339 19.0 42.0
-14.696072 77.45864 0.0339 19.0 42.0
-14.696072 77.45864 0.0340 18.0 43.0
-16.165678 78.81183 0.0340 18.0 43.0
-16.165678 78.81183 0.0341 17.0 44.0
-17.635284 80.165016 0.0341 17.0 44.0
-17.635284 80.165016 0.0342 16.0 45.0
-19.10489 81.5182 0.0342 16.0 45.0
-19.10489 81.5182 0.0343 15.0 46.0
-20.574497 82.87139 0.0343 15.0 46.0
-20.574497 82.87139 0.0344 14.0 47.0
-22.044104 84.22458 0.0344 14.0 47.0
-22.044104 84.22458 0.0345 13.0 48.0
-23.51371 85.57777 0.0345 13.0 48.0
-23.51371 85.57777 0.0346 12.0 49.0
-23.51371 87.57548 0.0346 12.0 49.0
-23.51371 87.57548 0.0347 11.0 50.0
-23.51371 89.57319 0.0347 11.0 50.0
-23.51371 89.57319 0.0348 10.0 51.0
-23.51371 91.5709 0.0348 10.0 51.0
-23.51371 91.5709 0.0349 9.0 52.0
-23.51371 93.56861 0.0349 9.0 52.0
-23.51371 93.56861 0.0350 4.0 53.0
-22.240993 94.9218 -0.7348035350 4.0 53.0
-22.240993 94.9218 -0.7348035351 3.0 54.0
-20.968277 96.27499 -1.469607351 3.0 54.0
-20.968277 96.27499 -1.469607352 0.0 55.0
-20.968277 98.2727 -1.469607352 0.0 55.0
-20.968277 98.2727 -1.469607353 0.0 56.0
-20.968277 100.27041 -1.469607353 0.0 56.0
-20.968277 96.27499 -1.469607354 2.0 55.0
-19.49867 97.628174 -1.469607354 2.0 55.0
-19.49867 97.628174 -1.469607355 1.0 56.0
-18.029064 98.98136 -1.469607355 1.0 56.0
-18.029064 98.98136 -1.469607356 0.0 57.0
-16.30487 98.81686 -2.4650707356 0.0 57.0
-16.30487 98.81686 -2.4650707357 0.0 58.0
-14.313943 98.65235 -2.4650707357 0.0 58.0
-18.029064 98.98136 -1.469607358 0.0 57.0
-18.029064 100.97907 -1.469607358 0.0 57.0
-18.029064 100.97907 -1.469607359 0.0 58.0
-18.029064 102.97678 -1.469607359 0.0 58.0
-23.51371 93.56861 0.0360 8.0 53.0
-23.51371 95.56632 0.0360 8.0 53.0
-23.51371 95.56632 0.0361 7.0 54.0
-23.51371 97.56403 0.0361 7.0 54.0
-23.51371 97.56403 0.0362 6.0 55.0
-23.51371 99.561745 0.0362 6.0 55.0
-23.51371 99.561745 0.0363 5.0 56.0
-23.51371 101.559456 0.0363 5.0 56.0
-23.51371 101.559456 0.0364 4.0 57.0
-22.240993 102.91264 -0.7348035364 4.0 57.0
-22.240993 102.91264 -0.7348035365 3.0 58.0
-20.968277 104.26583 -1.469607365 3.0 58.0
-20.968277 104.26583 -1.469607366 0.0 59.0
-20.968277 106.26354 -1.469607366 0.0 59.0
-20.968277 106.26354 -1.469607367 0.0 60.0
-20.968277 108.26125 -1.469607367 0.0 60.0
-20.968277 104.26583 -1.469607368 2.0 59.0
-19.49867 105.61902 -1.469607368 2.0 59.0
-19.49867 105.61902 -1.469607369 1.0 60.0
-18.029064 106.972206 -1.469607369 1.0 60.0
-18.029064 106.972206 -1.469607370 0.0 61.0
-16.30487 106.8077 -2.4650707370 0.0 61.0
-16.30487 106.8077 -2.4650707371 0.0 62.0
-14.313943 106.643196 -2.4650707371 0.0 62.0
-18.029064 106.972206 -1.469607372 0.0 61.0
-18.029064 108.96992 -1.469607372 0.0 61.0
-18.029064 108.96992 -1.469607373 0.0 62.0
-18.029064 110.96763 -1.469607373 0.0 62.0
-23.51371 101.559456 0.0374 4.0 57.0
-24.983316 102.91264 0.0374 4.0 57.0
-24.983316 102.91264 0.0375 3.0 58.0
-26.452923 104.26583 0.0375 3.0 58.0
-26.452923 104.26583 0.0376 0.0 59.0
-28.177116 104.101326 0.99546367376 0.0 59.0
-28.177116 104.101326 0.99546367377 0.0 60.0
-30.168043 103.93682 0.99546367377 0.0 60.0
-26.452923 104.26583 0.0378 2.0 59.0
-27.92253 105.61902 0.0378 2.0 59.0
-27.92253 105.61902 0.0379 1.0 60.0
-29.392136 106.972206 0.0379 1.0 60.0
-29.392136 106.972206 0.0380 0.0 61.0
-29.392136 108.96992 0.0380 0.0 61.0
-29.392136 108.96992 0.0381 0.0 62.0
-29.392136 110.96763 0.0381 0.0 62.0
-29.392136 106.972206 0.0382 0.0 61.0
-31.383062 106.8077 0.0382 0.0 61.0
-31.383062 106.8077 0.0383 0.0 62.0
-33.37399 106.643196 0.0383 0.0 62.0
-23.51371 85.57777 0.0384 12.0 49.0
-25.504637 85.41326 0.0384 12.0 49.0
-25.504637 85.41326 0.0385 11.0 50.0
-27.495564 85.24876 0.0385 11.0 50.0
-27.495564 85.24876 0.0386 10.0 51.0
-29.48649 85.08425 0.0386 10.0 51.0
-29.48649 85.08425 0.0387 9.0 52.0
-31.477417 84.91975 0.0387 9.0 52.0
-31.477417 84.91975 0.0388 4.0 53.0
-32.750134 86.272934 0.7348035388 4.0 53.0
-32.750134 86.272934 0.7348035389 3.0 54.0
-34.02285 87.62612 1.469607389 3.0 54.0
-34.02285 87.62612 1.469607390 0.0 55.0
-35.747044 87.46162 2.4650707390 0.0 55.0
-35.747044 87.46162 2.4650707391 0.0 56.0
-37.737972 87.29711 2.4650707391 0.0 56.0
-34.02285 87.62612 1.469607392 2.0 55.0
-35.49246 88.97931 1.469607392 2.0 55.0
-35.49246 88.97931 1.469607393 1.0 56.0
-36.962067 90.3325 1.469607393 1.0 56.0
-36.962067 90.3325 1.469607394 0.0 57.0
-36.962067 92.33021 1.469607394 0.0 57.0
-36.962067 92.33021 1.469607395 0.0 58.0
-36.962067 94.32792 1.469607395 0.0 58.0
-36.962067 90.3325 1.469607396 0.0 57.0
-38.952995 90.16799 1.469607396 0.0 57.0
-38.952995 90.16799 1.469607397 0.0 58.0
-40.943924 90.00349 1.469607397 0.0 58.0
-31.477417 84.91975 0.0398 8.0 53.0
-33.468346 84.75524 0.0398 8.0 53.0
-33.468346 84.75524 0.0399 7.0 54.0
-35.459274 84.59074 0.0399 7.0 54.0
-35.459274 84.59074 0.0400 6.0 55.0
-37.450203 84.42623 0.0400 6.0 55.0
-37.450203 84.42623 0.0401 5.0 56.0
-39.44113 84.26173 0.0401 5.0 56.0
-39.44113 84.26173 0.0402 4.0 57.0
-40.71385 85.614914 0.7348035402 4.0 57.0
-40.71385 85.614914 0.7348035403 3.0 58.0
-41.986565 86.9681 1.469607403 3.0 58.0
-41.986565 86.9681 1.469607404 0.0 59.0
-43.71076 86.8036 2.4650707404 0.0 59.0
-43.71076 86.8036 2.4650707405 0.0 60.0
-45.701687 86.63909 2.4650707405 0.0 60.0
-41.986565 86.9681 1.469607406 2.0 59.0
-43.456173 88.32129 1.469607406 2.0 59.0
-43.456173 88.32129 1.469607407 1.0 60.0
-44.92578 89.67448 1.469607407 1.0 60.0
-44.92578 89.67448 1.469607408 0.0 61.0
-44.92578 91.67219 1.469607408 0.0 61.0
-44.92578 91.67219 1.469607409 0.0 62.0
-44.92578 93.6699 1.469607409 0.0 62.0
-44.92578 89.67448 1.469607410 0.0 61.0
-46.91671 89.50997 1.469607410 0.0 61.0
-46.91671 89.50997 1.469607411 0.0 62.0
-48.90764 89.34547 1.469607411 0.0 62.0
-39.44113 84.26173 0.0412 4.0 57.0
-40.6687 82.68568 0.0412 4.0 57.0
-40.6687 82.68568 0.0413 3.0 58.0
-41.89627 81.10963 0.0413 3.0 58.0
-41.89627 81.10963 0.0414 0.0 59.0
-41.612305 79.13901 -0.16394703414 0.0 59.0
-41.612305 79.13901 -0.16394703415 0.0 60.0
-41.284412 77.16839 -0.16394703415 0.0 60.0
-41.89627 81.10963 0.0416 2.0 59.0
-43.12384 79.53358 0.0416 2.0 59.0
-43.12384 79.53358 0.0417 1.0 60.0
-44.35141 77.95753 0.0417 1.0 60.0
-44.35141 77.95753 0.0418 0.0 61.0
-46.075603 77.79302 0.99546367418 0.0 61.0
-46.075603 77.79302 0.99546367419 0.0 62.0
-48.066532 77.62852 0.99546367419 0.0 62.0
-44.35141 77.95753 0.0420 0.0 61.0
-44.023518 75.98691 0.0420 0.0 61.0
-44.023518 75.98691 0.0421 0.0 62.0
-43.695625 74.01629 0.0421 0.0 62.0
