0.0 0.0 0.00 60.0 1.0
0.0 1.1799252 0.00 60.0 1.0
0.0 1.1799252 0.01 59.0 2.0
0.0 2.3598504 0.01 59.0 2.0
0.0 2.3598504 0.02 58.0 3.0
0.0 3.5397756 0.02 58.0 3.0
0.0 3.5397756 0.03 57.0 4.0
0.0 4.719701 0.03 57.0 4.0
0.0 4.719701 0.04 56.0 5.0
0.0 5.899626 0.04 56.0 5.0
0.0 5.899626 0.05 55.0 6.0
0.0 7.0795507 0.05 55.0 6.0
0.0 7.0795507 0.06 54.0 7.0
0.0 8.259476 0.06 54.0 7.0
0.0 8.259476 0.07 53.0 8.0
0.0 9.439401 0.07 53.0 8.0
0.0 9.439401 0.08 52.0 9.0
0.0 10.619326 0.08 52.0 9.0
0.0 10.619326 0.09 51.0 10.0
0.0 11.799251 0.09 51.0 10.0
0.0 11.799251 0.010 50.0 11.0
0.0 12.979176 0.010 50.0 11.0
0.0 12.979176 0.011 49.0 12.0
0.0 14.159101 0.011 49.0 12.0
0.0 14.159101 0.012 48.0 13.0
0.0 15.3390255 0.012 48.0 13.0
0.0 15.3390255 0.013 47.0 14.0
0.0 16.518951 0.013 47.0 14.0
0.0 16.518951 0.014 46.0 15.0
0.0 17.698877 0.014 46.0 15.0
0.0 17.698877 0.015 45.0 16.0
0.0 18.878803 0.015 45.0 16.0
0.0 18.878803 0.016 28.0 17.0
-0.4788349 19.921162 0.2764554616 28.0 17.0
-0.4788349 19.921162 0.2764554617 27.0 18.0
-0.9576698 20.96352 0.552910917 27.0 18.0
-0.9576698 20.96352 0.552910918 26.0 19.0
-1.4365047 22.005878 0.829366418 26.0 19.0
-1.4365047 22.005878 0.829366419 25.0 20.0
-1.9153396 23.048237 1.105821819 25.0 20.0
-1.9153396 23.048237 1.105821820 24.0 21.0
-2.3941746 24.090595 1.382277320 24.0 21.0
-2.3941746 24.090595 1.382277321 23.0 22.0
-2.8730094 25.132954 1.658732721 23.0 22.0
-2.8730094 25.132954 1.658732722 22.0 23.0
-3.3518443 26.175312 1.93518822 22.0 23.0
-3.3518443 26.175312 1.93518823 21.0 24.0
-3.8306792 27.21767 2.211643523 21.0 24.0
-3.8306792 27.21767 2.211643524 12.0 25.0
-3.8306792 28.397596 2.211643524 12.0 25.0
-3.8306792 28.397596 2.211643525 11.0 26.0
-3.8306792 29.577522 2.211643525 11.0 26.0
-3.8306792 29.577522 2.211643526 10.0 27.0
-3.8306792 30.757448 2.211643526 10.0 27.0
-3.8306792 30.757448 2.211643527 9.0 28.0
-3.8306792 31.937374 2.211643527 9.0 28.0
-3.8306792 31.937374 2.211643528 4.0 29.0
-4.309514 32.979733 2.488098928 4.0 29.0
-4.309514 32.979733 2.488098929 3.0 30.0
-4.788349 34.02209 2.764554329 3.0 30.0
-4.788349 34.02209 2.764554330 0.0 31.0
-5.6343656 34.68383 3.253002230 0.0 31.0
-5.6343656 34.68383 3.253002231 0.0 32.0
-6.6112614 35.34557 3.253002231 0.0 32.0
-4.788349 34.02209 2.764554332 2.0 31.0
-5.34126 35.06445 2.764554332 2.0 31.0
-5.34126 35.06445 2.764554333 1.0 32.0
-5.8941708 36.106808 2.764554333 1.0 32.0
-5.8941708 36.106808 2.764554334 0.0 33.0
-5.8941708 37.28673 2.764554334 0.0 33.0
-5.8941708 37.28673 2.764554335 0.0 34.0
-5.8941708 38.466656 2.764554335 0.0 34.0
-5.8941708 36.106808 2.764554336 0.0 33.0
-6.8710666 36.768547 2.764554336 0.0 33.0
-6.8710666 36.768547 2.764554337 0.0 34.0
-7.8479624 37.430286 2.764554337 0.0 34.0
-3.8306792 31.937374 2.211643538 8.0 29.0
-3.8306792 33.1173 2.211643538 8.0 29.0
-3.8306792 33.1173 2.211643539 7.0 30.0
-3.8306792 34.297222 2.211643539 7.0 30.0
-3.8306792 34.297222 2.211643540 6.0 31.0
-3.8306792 35.477146 2.211643540 6.0 31.0
-3.8306792 35.477146 2.211643541 5.0 32.0
-3.8306792 36.65707 2.211643541 5.0 32.0
-3.8306792 36.65707 2.211643542 4.0 33.0
-3.3518443 37.69943 1.93518842 4.0 33.0
-3.3518443 37.69943 1.93518843 3.0 34.0
-2.8730094 38.741787 1.658732743 3.0 34.0
-2.8730094 38.741787 1.658732744 0.0 35.0
-2.8730094 39.92171 1.658732744 0.0 35.0
-2.8730094 39.92171 1.658732745 0.0 36.0
-2.8730094 41.101635 1.658732745 0.0 36.0
-2.8730094 38.741787 1.658732746 2.0 35.0
-2.3200984 39.784145 1.658732746 2.0 35.0
-2.3200984 39.784145 1.658732747 1.0 36.0
-1.7671875 40.826504 1.658732747 1.0 36.0
-1.7671875 40.826504 1.658732748 0.0 37.0
-0.921171 41.488243 1.170284948 0.0 37.0
-0.921171 41.488243 1.170284949 0.0 38.0
0.05572462 42.149982 1.170284949 0.0 38.0
-1.7671875 40.826504 1.658732750 0.0 37.0
-1.7671875 42.006428 1.658732750 0.0 37.0
-1.7671875 42.006428 1.658732751 0.0 38.0
-1.7671875 43.18635 1.658732751 0.0 38.0
-3.8306792 36.65707 2.211643552 4.0 33.0
-4.38359 37.69943 2.211643552 4.0 33.0
-4.38359 37.69943 2.211643553 3.0 34.0
-4.936501 38.741787 2.211643553 3.0 34.0
-4.936501 38.741787 2.211643554 0.0 35.0
-5.7825174 39.403526 2.700091454 0.0 35.0
-5.7825174 39.403526 2.700091455 0.0 36.0
-6.7594132 40.065266 2.700091455 0.0 36.0
-4.936501 38.741787 2.211643556 2.0 35.0
-5.489412 39.784145 2.211643556 2.0 35.0
-5.489412 39.784145 2.211643557 1.0 36.0
-6.0423226 40.826504 2.211643557 1.0 36.0
-6.0423226 40.826504 2.211643558 0.0 37.0
-6.0423226 42.006428 2.211643558 0.0 37.0
-6.0423226 42.006428 2.211643559 0.0 38.0
-6.0423226 43.18635 2.211643559 0.0 38.0
-6.0423226 40.826504 2.211643560 0.0 37.0
-7.0192184 41.488243 2.211643560 0.0 37.0
-7.0192184 41.488243 2.211643561 0.0 38.0
-7.9961143 42.149982 2.211643561 0.0 38.0
-3.8306792 27.21767 2.211643562 20.0 25.0
-4.38359 28.260029 2.211643562 20.0 25.0
-4.38359 28.260029 2.211643563 19.0 26.0
-4.936501 29.302387 2.211643563 19.0 26.0
-4.936501 29.302387 2.211643564 18.0 27.0
-5.489412 30.344746 2.211643564 18.0 27.0
-5.489412 30.344746 2.211643565 17.0 28.0
-6.0423226 31.387104 2.211643565 17.0 28.0
-6.0423226 31.387104 2.211643566 16.0 29.0
-6.5952334 32.429462 2.211643566 16.0 29.0
-6.5952334 32.429462 2.211643567 15.0 30.0
-7.1481442 33.47182 2.211643567 15.0 30.0
-7.1481442 33.47182 2.211643568 14.0 31.0
-7.701055 34.51418 2.211643568 14.0 31.0
-7.701055 34.51418 2.211643569 13.0 32.0
-8.253966 35.556538 2.211643569 13.0 32.0
-8.253966 35.556538 2.211643570 12.0 33.0
-8.253966 36.73646 2.211643570 12.0 33.0
-8.253966 36.73646 2.211643571 11.0 34.0
-8.253966 37.916386 2.211643571 11.0 34.0
-8.253966 37.916386 2.211643572 10.0 35.0
-8.253966 39.09631 2.211643572 10.0 35.0
-8.253966 39.09631 2.211643573 9.0 36.0
-8.253966 40.276234 2.211643573 9.0 36.0
-8.253966 40.276234 2.211643574 4.0 37.0
-8.732801 41.318592 2.488098974 4.0 37.0
-8.732801 41.318592 2.488098975 3.0 38.0
-9.211637 42.36095 2.764554375 3.0 38.0
-9.211637 42.36095 2.764554376 0.0 39.0
-10.057653 43.02269 3.253002276 0.0 39.0
-10.057653 43.02269 3.253002277 0.0 40.0
-11.034549 43.68443 3.253002277 0.0 40.0
-9.211637 42.36095 2.764554378 2.0 39.0
-9.764547 43.40331 2.764554378 2.0 39.0
-9.764547 43.40331 2.764554379 1.0 40.0
-10.317458 44.445667 2.764554379 1.0 40.0
-10.317458 44.445667 2.764554380 0.0 41.0
-10.317458 45.62559 2.764554380 0.0 41.0
-10.317458 45.62559 2.764554381 0.0 42.0
-10.317458 46.805515 2.764554381 0.0 42.0
-10.317458 44.445667 2.764554382 0.0 41.0
-11.2943535 45.107407 2.764554382 0.0 41.0
-11.2943535 45.107407 2.764554383 0.0 42.0
-12.271249 45.769146 2.764554383 0.0 42.0
-8.253966 40.276234 2.211643584 8.0 37.0
-8.253966 41.456158 2.211643584 8.0 37.0
-8.253966 41.456158 2.211643585 7.0 38.0
-8.253966 42.63608 2.211643585 7.0 38.0
-8.253966 42.63608 2.211643586 6.0 39.0
-8.253966 43.816006 2.211643586 6.0 39.0
-8.253966 43.816006 2.211643587 5.0 40.0
-8.253966 44.99593 2.211643587 5.0 40.0
-8.253966 44.99593 2.211643588 4.0 41.0
-7.775131 46.03829 1.93518888 4.0 41.0
-7.775131 46.03829 1.93518889 3.0 42.0
-7.296296 47.080647 1.658732789 3.0 42.0
-7.296296 47.080647 1.658732790 0.0 43.0
-7.296296 48.26057 1.658732790 0.0 43.0
-7.296296 48.26057 1.658732791 0.0 44.0
-7.296296 49.440495 1.658732791 0.0 44.0
-7.296296 47.080647 1.658732792 2.0 43.0
-6.7433853 48.123005 1.658732792 2.0 43.0
-6.7433853 48.123005 1.658732793 1.0 44.0
-6.1904745 49.165363 1.658732793 1.0 44.0
-6.1904745 49.165363 1.658732794 0.0 45.0
-5.344458 49.827103 1.170284994 0.0 45.0
-5.344458 49.827103 1.170284995 0.0 46.0
-4.3675623 50.488842 1.170284995 0.0 46.0
-6.1904745 49.165363 1.658732796 0.0 45.0
-6.1904745 50.345287 1.658732796 0.0 45.0
-6.1904745 50.345287 1.658732797 0.0 46.0
-6.1904745 51.52521 1.658732797 0.0 46.0
-8.253966 44.99593 2.211643598 4.0 41.0
-8.806877 46.03829 2.211643598 4.0 41.0
-8.806877 46.03829 2.211643599 3.0 42.0
-9.359788 47.080647 2.211643599 3.0 42.0
-9.359788 47.080647 2.2116435100 0.0 43.0
-10.205805 47.742386 2.7000914100 0.0 43.0
-10.205805 47.742386 2.7000914101 0.0 44.0
-11.1827 48.404125 2.7000914101 0.0 44.0
-9.359788 47.080647 2.2116435102 2.0 43.0
-9.912699 48.123005 2.2116435102 2.0 43.0
-9.912699 48.123005 2.2116435103 1.0 44.0
-10.46561 49.165363 2.2116435103 1.0 44.0
-10.46561 49.165363 2.2116435104 0.0 45.0
-10.46561 50.345287 2.2116435104 0.0 45.0
-10.46561 50.345287 2.2116435105 0.0 46.0
-10.46561 51.52521 2.2116435105 0.0 46.0
-10.46561 49.165363 2.2116435106 0.0 45.0
-11.442505 49.827103 2.2116435106 0.0 45.0
-11.442505 49.827103 2.2116435107 0.0 46.0
-12.4194 50.488842 2.2116435107 0.0 46.0
-8.253966 35.556538 2.2116435108 12.0 33.0
-9.230862 36.218277 2.2116435108 12.0 33.0
-9.230862 36.218277 2.2116435109 11.0 34.0
-10.207757 36.880016 2.2116435109 11.0 34.0
-10.207757 36.880016 2.2116435110 10.0 35.0
-11.184652 37.541756 2.2116435110 10.0 35.0
-11.184652 37.541756 2.2116435111 9.0 36.0
-12.161548 38.203495 2.2116435111 9.0 36.0
-12.161548 38.203495 2.2116435112 4.0 37.0
-13.177474 38.33031 2.7981887112 4.0 37.0
-13.177474 38.33031 2.7981887113 3.0 38.0
-14.1934 38.457127 3.384734113 3.0 38.0
-14.1934 38.457127 3.384734114 0.0 39.0
-15.142345 38.019447 3.9326077114 0.0 39.0
-15.142345 38.019447 3.9326077115 0.0 40.0
-16.238092 37.581768 3.9326077115 0.0 40.0
-14.1934 38.457127 3.384734116 2.0 39.0
-15.366491 38.583942 3.384734116 2.0 39.0
-15.366491 38.583942 3.384734117 1.0 40.0
-16.539581 38.71076 3.384734117 1.0 40.0
-16.539581 38.71076 3.384734118 0.0 41.0
-17.385597 39.372498 3.8731818118 0.0 41.0
-17.385597 39.372498 3.8731818119 0.0 42.0
-18.362494 40.034237 3.8731818119 0.0 42.0
-16.539581 38.71076 3.384734120 0.0 41.0
-17.635328 38.27308 3.384734120 0.0 41.0
-17.635328 38.27308 3.384734121 0.0 42.0
-18.731075 37.8354 3.384734121 0.0 42.0
-12.161548 38.203495 2.2116435122 8.0 37.0
-13.138443 38.865234 2.2116435122 8.0 37.0
-13.138443 38.865234 2.2116435123 7.0 38.0
-14.115338 39.526974 2.2116435123 7.0 38.0
-14.115338 39.526974 2.2116435124 6.0 39.0
-15.092234 40.188713 2.2116435124 6.0 39.0
-15.092234 40.188713 2.2116435125 5.0 40.0
-16.06913 40.850452 2.2116435125 5.0 40.0
-16.06913 40.850452 2.2116435126 4.0 41.0
-16.547964 41.89281 2.4880989126 4.0 41.0
-16.547964 41.89281 2.4880989127 3.0 42.0
-17.026798 42.93517 2.7645543127 3.0 42.0
-17.026798 42.93517 2.7645543128 0.0 43.0
-17.872814 43.59691 3.2530022128 0.0 43.0
-17.872814 43.59691 3.2530022129 0.0 44.0
-18.84971 44.258648 3.2530022129 0.0 44.0
-17.026798 42.93517 2.7645543130 2.0 43.0
-17.57971 43.977528 2.7645543130 2.0 43.0
-17.57971 43.977528 2.7645543131 1.0 44.0
-18.132622 45.019886 2.7645543131 1.0 44.0
-18.132622 45.019886 2.7645543132 0.0 45.0
-18.132622 46.19981 2.7645543132 0.0 45.0
-18.132622 46.19981 2.7645543133 0.0 46.0
-18.132622 47.379734 2.7645543133 0.0 46.0
-18.132622 45.019886 2.7645543134 0.0 45.0
-19.109518 45.681625 2.7645543134 0.0 45.0
-19.109518 45.681625 2.7645543135 0.0 46.0
-20.086414 46.343365 2.7645543135 0.0 46.0
-16.06913 40.850452 2.2116435136 4.0 41.0
-17.24222 40.97727 2.2116435136 4.0 41.0
-17.24222 40.97727 2.2116435137 3.0 42.0
-18.41531 41.104084 2.2116435137 3.0 42.0
-18.41531 41.104084 2.2116435138 0.0 43.0
-19.364254 40.666405 2.7595172138 0.0 43.0
-19.364254 40.666405 2.7595172139 0.0 44.0
-20.460001 40.228725 2.7595172139 0.0 44.0
-18.41531 41.104084 2.2116435140 2.0 43.0
-19.5884 41.2309 2.2116435140 2.0 43.0
-19.5884 41.2309 2.2116435141 1.0 44.0
-20.76149 41.357716 2.2116435141 1.0 44.0
-20.76149 41.357716 2.2116435142 0.0 45.0
-21.607506 42.019455 2.7000914142 0.0 45.0
-21.607506 42.019455 2.7000914143 0.0 46.0
-22.584402 42.681194 2.7000914143 0.0 46.0
-20.76149 41.357716 2.2116435144 0.0 45.0
-21.857237 40.920036 2.2116435144 0.0 45.0
-21.857237 40.920036 2.2116435145 0.0 46.0
-22.952984 40.482357 2.2116435145 0.0 46.0
0.0 18.878803 0.0146 44.0 17.0
0.0 20.05873 0.0146 44.0 17.0
0.0 20.05873 0.0147 43.0 18.0
0.0 21.238655 0.0147 43.0 18.0
0.0 21.238655 0.0148 42.0 19.0
0.0 22.418581 0.0148 42.0 19.0
0.0 22.418581 0.0149 41.0 20.0
0.0 23.598507 0.0149 41.0 20.0
0.0 23.598507 0.0150 40.0 21.0
0.0 24.778433 0.0150 40.0 21.0
0.0 24.778433 0.0151 39.0 22.0
0.0 25.958359 0.0151 39.0 22.0
0.0 25.958359 0.0152 38.0 23.0
0.0 27.138285 0.0152 38.0 23.0
0.0 27.138285 0.0153 37.0 24.0
0.0 28.31821 0.0153 37.0 24.0
0.0 28.31821 0.0154 36.0 25.0
0.0 29.498137 0.0154 36.0 25.0
0.0 29.498137 0.0155 35.0 26.0
0.0 30.678062 0.0155 35.0 26.0
0.0 30.678062 0.0156 34.0 27.0
0.0 31.857988 0.0156 34.0 27.0
0.0 31.857988 0.0157 33.0 28.0
0.0 33.037914 0.0157 33.0 28.0
0.0 33.037914 0.0158 32.0 29.0
0.0 34.21784 0.0158 32.0 29.0
0.0 34.21784 0.0159 31.0 30.0
0.0 35.397762 0.0159 31.0 30.0
0.0 35.397762 0.0160 30.0 31.0
0.0 36.577686 0.0160 30.0 31.0
0.0 36.577686 0.0161 29.0 32.0
0.0 37.75761 0.0161 29.0 32.0
0.0 37.75761 0.0162 28.0 33.0
0.4788349 38.79997 -0.27645546162 28.0 33.0
0.4788349 38.79997 -0.27645546163 27.0 34.0
0.9576698 39.842327 -0.5529109163 27.0 34.0
0.9576698 39.842327 -0.5529109164 26.0 35.0
1.4365047 40.884686 -0.8293664164 26.0 35.0
1.4365047 40.884686 -0.8293664165 25.0 36.0
1.9153396 41.927044 -1.1058218165 25.0 36.0
1.9153396 41.927044 -1.1058218166 24.0 37.0
2.3941746 42.969402 -1.3822773166 24.0 37.0
2.3941746 42.969402 -1.3822773167 23.0 38.0
2.8730094 44.01176 -1.6587327167 23.0 38.0
2.8730094 44.01176 -1.6587327168 22.0 39.0
3.3518443 45.05412 -1.935188168 22.0 39.0
3.3518443 45.05412 -1.935188169 21.0 40.0
3.8306792 46.096478 -2.2116435169 21.0 40.0
3.8306792 46.096478 -2.2116435170 12.0 41.0
4.676696 46.758217 -2.7000914170 12.0 41.0
4.676696 46.758217 -2.7000914171 11.0 42.0
5.522712 47.419956 -3.1885393171 11.0 42.0
5.522712 47.419956 -3.1885393172 10.0 43.0
6.3687286 48.081696 -3.6769872172 10.0 43.0
6.3687286 48.081696 -3.6769872173 9.0 44.0
7.214745 48.743435 -4.165435173 9.0 44.0
7.214745 48.743435 -4.165435174 4.0 45.0
7.69358 49.785793 -4.4418902174 4.0 45.0
7.69358 49.785793 -4.4418902175 3.0 46.0
8.172415 50.82815 -4.7183456175 3.0 46.0
8.172415 50.82815 -4.7183456176 0.0 47.0
8.172415 52.008076 -4.7183456176 0.0 47.0
8.172415 52.008076 -4.7183456177 0.0 48.0
8.172415 53.188 -4.7183456177 0.0 48.0
8.172415 50.82815 -4.7183456178 2.0 47.0
8.725326 51.87051 -4.7183456178 2.0 47.0
8.725326 51.87051 -4.7183456179 1.0 48.0
9.278236 52.91287 -4.7183456179 1.0 48.0
9.278236 52.91287 -4.7183456180 0.0 49.0
10.124253 53.574608 -5.2067933180 0.0 49.0
10.124253 53.574608 -5.2067933181 0.0 50.0
11.101149 54.236347 -5.2067933181 0.0 50.0
9.278236 52.91287 -4.7183456182 0.0 49.0
9.278236 54.092793 -4.7183456182 0.0 49.0
9.278236 54.092793 -4.7183456183 0.0 50.0
9.278236 55.272717 -4.7183456183 0.0 50.0
7.214745 48.743435 -4.165435184 8.0 45.0
8.191641 49.405174 -4.165435184 8.0 45.0
8.191641 49.405174 -4.165435185 7.0 46.0
9.168536 50.066914 -4.165435185 7.0 46.0
9.168536 50.066914 -4.165435186 6.0 47.0
10.1454315 50.728653 -4.165435186 6.0 47.0
10.1454315 50.728653 -4.165435187 5.0 48.0
11.122327 51.390392 -4.165435187 5.0 48.0
11.122327 51.390392 -4.165435188 4.0 49.0
12.138253 51.51721 -4.75198188 4.0 49.0
12.138253 51.51721 -4.75198189 3.0 50.0
13.15418 51.644024 -5.338525189 3.0 50.0
13.15418 51.644024 -5.338525190 0.0 51.0
14.000196 52.305763 -5.8269725190 0.0 51.0
14.000196 52.305763 -5.8269725191 0.0 52.0
14.977092 52.967503 -5.8269725191 0.0 52.0
13.15418 51.644024 -5.338525192 2.0 51.0
14.3272705 51.77084 -5.338525192 2.0 51.0
14.3272705 51.77084 -5.338525193 1.0 52.0
15.5003605 51.897655 -5.338525193 1.0 52.0
15.5003605 51.897655 -5.338525194 0.0 53.0
16.449305 51.459976 -5.8863983194 0.0 53.0
16.449305 51.459976 -5.8863983195 0.0 54.0
17.545052 51.022297 -5.8863983195 0.0 54.0
15.5003605 51.897655 -5.338525196 0.0 53.0
16.477257 52.559395 -5.338525196 0.0 53.0
16.477257 52.559395 -5.338525197 0.0 54.0
17.454153 53.221134 -5.338525197 0.0 54.0
11.122327 51.390392 -4.165435198 4.0 49.0
11.675238 52.43275 -4.165435198 4.0 49.0
11.675238 52.43275 -4.165435199 3.0 50.0
12.228148 53.47511 -4.165435199 3.0 50.0
12.228148 53.47511 -4.165435200 0.0 51.0
12.228148 54.655033 -4.165435200 0.0 51.0
12.228148 54.655033 -4.165435201 0.0 52.0
12.228148 55.834957 -4.165435201 0.0 52.0
12.228148 53.47511 -4.165435202 2.0 51.0
12.781059 54.517467 -4.165435202 2.0 51.0
12.781059 54.517467 -4.165435203 1.0 52.0
13.33397 55.559826 -4.165435203 1.0 52.0
13.33397 55.559826 -4.165435204 0.0 53.0
14.179987 56.221565 -4.6538825204 0.0 53.0
14.179987 56.221565 -4.6538825205 0.0 54.0
15.156882 56.883305 -4.6538825205 0.0 54.0
13.33397 55.559826 -4.165435206 0.0 53.0
13.33397 56.73975 -4.165435206 0.0 53.0
13.33397 56.73975 -4.165435207 0.0 54.0
13.33397 57.919674 -4.165435207 0.0 54.0
3.8306792 46.096478 -2.2116435208 20.0 41.0
4.38359 47.138836 -2.2116435208 20.0 41.0
4.38359 47.138836 -2.2116435209 19.0 42.0
4.936501 48.181194 -2.2116435209 19.0 42.0
4.936501 48.181194 -2.2116435210 18.0 43.0
5.489412 49.223553 -2.2116435210 18.0 43.0
5.489412 49.223553 -2.2116435211 17.0 44.0
6.0423226 50.26591 -2.2116435211 17.0 44.0
6.0423226 50.26591 -2.2116435212 16.0 45.0
6.5952334 51.30827 -2.2116435212 16.0 45.0
6.5952334 51.30827 -2.2116435213 15.0 46.0
7.1481442 52.350628 -2.2116435213 15.0 46.0
7.1481442 52.350628 -2.2116435214 14.0 47.0
7.701055 53.392986 -2.2116435214 14.0 47.0
7.701055 53.392986 -2.2116435215 13.0 48.0
8.253966 54.435345 -2.2116435215 13.0 48.0
8.253966 54.435345 -2.2116435216 12.0 49.0
9.099983 55.097084 -2.7000914216 12.0 49.0
9.099983 55.097084 -2.7000914217 11.0 50.0
9.946 55.758823 -3.1885393217 11.0 50.0
9.946 55.758823 -3.1885393218 10.0 51.0
10.792017 56.420563 -3.6769872218 10.0 51.0
10.792017 56.420563 -3.6769872219 9.0 52.0
11.638034 57.082302 -4.165435219 9.0 52.0
11.638034 57.082302 -4.165435220 4.0 53.0
12.116869 58.12466 -4.4418902220 4.0 53.0
12.116869 58.12466 -4.4418902221 3.0 54.0
12.595704 59.16702 -4.7183456221 3.0 54.0
12.595704 59.16702 -4.7183456222 0.0 55.0
12.595704 60.346943 -4.7183456222 0.0 55.0
12.595704 60.346943 -4.7183456223 0.0 56.0
12.595704 61.526867 -4.7183456223 0.0 56.0
12.595704 59.16702 -4.7183456224 2.0 55.0
13.148615 60.209377 -4.7183456224 2.0 55.0
13.148615 60.209377 -4.7183456225 1.0 56.0
13.701526 61.251736 -4.7183456225 1.0 56.0
13.701526 61.251736 -4.7183456226 0.0 57.0
14.547543 61.913475 -5.2067933226 0.0 57.0
14.547543 61.913475 -5.2067933227 0.0 58.0
15.524438 62.575214 -5.2067933227 0.0 58.0
13.701526 61.251736 -4.7183456228 0.0 57.0
13.701526 62.43166 -4.7183456228 0.0 57.0
13.701526 62.43166 -4.7183456229 0.0 58.0
13.701526 63.611584 -4.7183456229 0.0 58.0
11.638034 57.082302 -4.165435230 8.0 53.0
12.614929 57.74404 -4.165435230 8.0 53.0
12.614929 57.74404 -4.165435231 7.0 54.0
13.591825 58.40578 -4.165435231 7.0 54.0
13.591825 58.40578 -4.165435232 6.0 55.0
14.56872 59.06752 -4.165435232 6.0 55.0
14.56872 59.06752 -4.165435233 5.0 56.0
15.545615 59.72926 -4.165435233 5.0 56.0
15.545615 59.72926 -4.165435234 4.0 57.0
16.56154 59.856075 -4.75198234 4.0 57.0
16.56154 59.856075 -4.75198235 3.0 58.0
17.577467 59.98289 -5.338525235 3.0 58.0
17.577467 59.98289 -5.338525236 0.0 59.0
18.423483 60.64463 -5.8269725236 0.0 59.0
18.423483 60.64463 -5.8269725237 0.0 60.0
19.40038 61.30637 -5.8269725237 0.0 60.0
17.577467 59.98289 -5.338525238 2.0 59.0
18.750557 60.109707 -5.338525238 2.0 59.0
18.750557 60.109707 -5.338525239 1.0 60.0
19.923647 60.236523 -5.338525239 1.0 60.0
19.923647 60.236523 -5.338525240 0.0 61.0
20.872591 59.798843 -5.8863983240 0.0 61.0
20.872591 59.798843 -5.8863983241 0.0 62.0
21.968338 59.361164 -5.8863983241 0.0 62.0
19.923647 60.236523 -5.338525242 0.0 61.0
20.900543 60.898262 -5.338525242 0.0 61.0
20.900543 60.898262 -5.338525243 0.0 62.0
21.87744 61.56 -5.338525243 0.0 62.0
15.545615 59.72926 -4.165435244 4.0 57.0
16.098526 60.771618 -4.165435244 4.0 57.0
16.098526 60.771618 -4.165435245 3.0 58.0
16.651438 61.813976 -4.165435245 3.0 58.0
16.651438 61.813976 -4.165435246 0.0 59.0
16.651438 62.9939 -4.165435246 0.0 59.0
16.651438 62.9939 -4.165435247 0.0 60.0
16.651438 64.17383 -4.165435247 0.0 60.0
16.651438 61.813976 -4.165435248 2.0 59.0
17.20435 62.856335 -4.165435248 2.0 59.0
17.20435 62.856335 -4.165435249 1.0 60.0
17.757261 63.898693 -4.165435249 1.0 60.0
17.757261 63.898693 -4.165435250 0.0 61.0
18.603277 64.56043 -4.6538825250 0.0 61.0
18.603277 64.56043 -4.6538825251 0.0 62.0
19.580173 65.22217 -4.6538825251 0.0 62.0
17.757261 63.898693 -4.165435252 0.0 61.0
17.757261 65.07862 -4.165435252 0.0 61.0
17.757261 65.07862 -4.165435253 0.0 62.0
17.757261 66.258545 -4.165435253 0.0 62.0
8.253966 54.435345 -2.2116435254 12.0 49.0
8.253966 55.61527 -2.2116435254 12.0 49.0
8.253966 55.61527 -2.2116435255 11.0 50.0
8.253966 56.795193 -2.2116435255 11.0 50.0
8.253966 56.795193 -2.2116435256 10.0 51.0
8.253966 57.975117 -2.2116435256 10.0 51.0
8.253966 57.975117 -2.2116435257 9.0 52.0
8.253966 59.15504 -2.2116435257 9.0 52.0
8.253966 59.15504 -2.2116435258 4.0 53.0
7.775131 60.1974 -1.935188258 4.0 53.0
7.775131 60.1974 -1.935188259 3.0 54.0
7.296296 61.239758 -1.6587327259 3.0 54.0
7.296296 61.239758 -1.6587327260 0.0 55.0
6.4502797 61.901497 -1.1702849260 0.0 55.0
6.4502797 61.901497 -1.1702849261 0.0 56.0
5.473384 62.563236 -1.1702849261 0.0 56.0
7.296296 61.239758 -1.6587327262 2.0 55.0
6.7433853 62.282116 -1.6587327262 2.0 55.0
6.7433853 62.282116 -1.6587327263 1.0 56.0
6.1904745 63.324474 -1.6587327263 1.0 56.0
6.1904745 63.324474 -1.6587327264 0.0 57.0
6.1904745 64.5044 -1.6587327264 0.0 57.0
6.1904745 64.5044 -1.6587327265 0.0 58.0
6.1904745 65.684326 -1.6587327265 0.0 58.0
6.1904745 63.324474 -1.6587327266 0.0 57.0
5.2135787 63.986214 -1.6587327266 0.0 57.0
5.2135787 63.986214 -1.6587327267 0.0 58.0
4.236683 64.64795 -1.6587327267 0.0 58.0
8.253966 59.15504 -2.2116435268 8.0 53.0
8.253966 60.334965 -2.2116435268 8.0 53.0
8.253966 60.334965 -2.2116435269 7.0 54.0
8.253966 61.51489 -2.2116435269 7.0 54.0
8.253966 61.51489 -2.2116435270 6.0 55.0
8.253966 62.694813 -2.2116435270 6.0 55.0
8.253966 62.694813 -2.2116435271 5.0 56.0
8.253966 63.874737 -2.2116435271 5.0 56.0
8.253966 63.874737 -2.2116435272 4.0 57.0
8.732801 64.9171 -2.4880989272 4.0 57.0
8.732801 64.9171 -2.4880989273 3.0 58.0
9.211637 65.95946 -2.7645543273 3.0 58.0
9.211637 65.95946 -2.7645543274 0.0 59.0
9.211637 67.13938 -2.7645543274 0.0 59.0
9.211637 67.13938 -2.7645543275 0.0 60.0
9.211637 68.319305 -2.7645543275 0.0 60.0
9.211637 65.95946 -2.7645543276 2.0 59.0
9.764547 67.001816 -2.7645543276 2.0 59.0
9.764547 67.001816 -2.7645543277 1.0 60.0
10.317458 68.044174 -2.7645543277 1.0 60.0
10.317458 68.044174 -2.7645543278 0.0 61.0
11.163475 68.70591 -3.2530022278 0.0 61.0
11.163475 68.70591 -3.2530022279 0.0 62.0
12.14037 69.367645 -3.2530022279 0.0 62.0
10.317458 68.044174 -2.7645543280 0.0 61.0
10.317458 69.2241 -2.7645543280 0.0 61.0
10.317458 69.2241 -2.7645543281 0.0 62.0
10.317458 70.40402 -2.7645543281 0.0 62.0
8.253966 63.874737 -2.2116435282 4.0 57.0
7.7010555 64.9171 -2.2116435282 4.0 57.0
7.7010555 64.9171 -2.2116435283 3.0 58.0
7.1481447 65.95946 -2.2116435283 3.0 58.0
7.1481447 65.95946 -2.2116435284 0.0 59.0
6.3021283 66.62119 -1.7231957284 0.0 59.0
6.3021283 66.62119 -1.7231957285 0.0 60.0
5.3252325 67.28293 -1.7231957285 0.0 60.0
7.1481447 65.95946 -2.2116435286 2.0 59.0
6.595234 67.001816 -2.2116435286 2.0 59.0
6.595234 67.001816 -2.2116435287 1.0 60.0
6.042323 68.044174 -2.2116435287 1.0 60.0
6.042323 68.044174 -2.2116435288 0.0 61.0
6.042323 69.2241 -2.2116435288 0.0 61.0
6.042323 69.2241 -2.2116435289 0.0 62.0
6.042323 70.40402 -2.2116435289 0.0 62.0
6.042323 68.044174 -2.2116435290 0.0 61.0
5.0654273 68.70591 -2.2116435290 0.0 61.0
5.0654273 68.70591 -2.2116435291 0.0 62.0
4.0885315 69.367645 -2.2116435291 0.0 62.0
0.0 37.75761 0.0292 28.0 33.0
-0.5529109 38.79997 0.0292 28.0 33.0
-0.5529109 38.79997 0.0293 27.0 34.0
-1.1058218 39.842327 0.0293 27.0 34.0
-1.1058218 39.842327 0.0294 26.0 35.0
-1.6587328 40.884686 0.0294 26.0 35.0
-1.6587328 40.884686 0.0295 25.0 36.0
-2.2116437 41.927044 0.0295 25.0 36.0
-2.2116437 41.927044 0.0296 24.0 37.0
-2.7645545 42.969402 0.0296 24.0 37.0
-2.7645545 42.969402 0.0297 23.0 38.0
-3.3174653 44.01176 0.0297 23.0 38.0
-3.3174653 44.01176 0.0298 22.0 39.0
-3.870376 45.05412 0.0298 22.0 39.0
-3.870376 45.05412 0.0299 21.0 40.0
-4.423287 46.096478 0.0299 21.0 40.0
-4.423287 46.096478 0.0300 12.0 41.0
-4.423287 47.2764 0.0300 12.0 41.0
-4.423287 47.2764 0.0301 11.0 42.0
-4.423287 48.456326 0.0301 11.0 42.0
-4.423287 48.456326 0.0302 10.0 43.0
-4.423287 49.63625 0.0302 10.0 43.0
-4.423287 49.63625 0.0303 9.0 44.0
-4.423287 50.816174 0.0303 9.0 44.0
-4.423287 50.816174 0.0304 4.0 45.0
-4.902122 51.858532 0.27645546304 4.0 45.0
-4.902122 51.858532 0.27645546305 3.0 46.0
-5.380957 52.90089 0.5529109305 3.0 46.0
-5.380957 52.90089 0.5529109306 0.0 47.0
-6.2269735 53.56263 1.0413587306 0.0 47.0
-6.2269735 53.56263 1.0413587307 0.0 48.0
-7.2038693 54.22437 1.0413587307 0.0 48.0
-5.380957 52.90089 0.5529109308 2.0 47.0
-5.933868 53.94325 0.5529109308 2.0 47.0
-5.933868 53.94325 0.5529109309 1.0 48.0
-6.4867787 54.985607 0.5529109309 1.0 48.0
-6.4867787 54.985607 0.5529109310 0.0 49.0
-6.4867787 56.16553 0.5529109310 0.0 49.0
-6.4867787 56.16553 0.5529109311 0.0 50.0
-6.4867787 57.345455 0.5529109311 0.0 50.0
-6.4867787 54.985607 0.5529109312 0.0 49.0
-7.4636745 55.647346 0.5529109312 0.0 49.0
-7.4636745 55.647346 0.5529109313 0.0 50.0
-8.44057 56.309086 0.5529109313 0.0 50.0
-4.423287 50.816174 0.0314 8.0 45.0
-4.423287 51.996098 0.0314 8.0 45.0
-4.423287 51.996098 0.0315 7.0 46.0
-4.423287 53.17602 0.0315 7.0 46.0
-4.423287 53.17602 0.0316 6.0 47.0
-4.423287 54.355946 0.0316 6.0 47.0
-4.423287 54.355946 0.0317 5.0 48.0
-4.423287 55.53587 0.0317 5.0 48.0
-4.423287 55.53587 0.0318 4.0 49.0
-3.944452 56.578228 -0.27645546318 4.0 49.0
-3.944452 56.578228 -0.27645546319 3.0 50.0
-3.4656172 57.620586 -0.5529109319 3.0 50.0
-3.4656172 57.620586 -0.5529109320 0.0 51.0
-3.4656172 58.80051 -0.5529109320 0.0 51.0
-3.4656172 58.80051 -0.5529109321 0.0 52.0
-3.4656172 59.980434 -0.5529109321 0.0 52.0
-3.4656172 57.620586 -0.5529109322 2.0 51.0
-2.9127064 58.662945 -0.5529109322 2.0 51.0
-2.9127064 58.662945 -0.5529109323 1.0 52.0
-2.3597956 59.705303 -0.5529109323 1.0 52.0
-2.3597956 59.705303 -0.5529109324 0.0 53.0
-1.5137792 60.367043 -1.0413587324 0.0 53.0
-1.5137792 60.367043 -1.0413587325 0.0 54.0
-0.53688353 61.02878 -1.0413587325 0.0 54.0
-2.3597956 59.705303 -0.5529109326 0.0 53.0
-2.3597956 60.885227 -0.5529109326 0.0 53.0
-2.3597956 60.885227 -0.5529109327 0.0 54.0
-2.3597956 62.06515 -0.5529109327 0.0 54.0
-4.423287 55.53587 0.0328 4.0 49.0
-4.9761977 56.578228 0.0328 4.0 49.0
-4.9761977 56.578228 0.0329 3.0 50.0
-5.5291085 57.620586 0.0329 3.0 50.0
-5.5291085 57.620586 0.0330 0.0 51.0
-6.375125 58.282326 0.48844782330 0.0 51.0
-6.375125 58.282326 0.48844782331 0.0 52.0
-7.3520207 58.944065 0.48844782331 0.0 52.0
-5.5291085 57.620586 0.0332 2.0 51.0
-6.0820193 58.662945 0.0332 2.0 51.0
-6.0820193 58.662945 0.0333 1.0 52.0
-6.63493 59.705303 0.0333 1.0 52.0
-6.63493 59.705303 0.0334 0.0 53.0
-6.63493 60.885227 0.0334 0.0 53.0
-6.63493 60.885227 0.0335 0.0 54.0
-6.63493 62.06515 0.0335 0.0 54.0
-6.63493 59.705303 0.0336 0.0 53.0
-7.611826 60.367043 0.0336 0.0 53.0
-7.611826 60.367043 0.0337 0.0 54.0
-8.588721 61.02878 0.0337 0.0 54.0
-4.423287 46.096478 0.0338 20.0 41.0
-4.9761977 47.138836 0.0338 20.0 41.0
-4.9761977 47.138836 0.0339 19.0 42.0
-5.5291085 48.181194 0.0339 19.0 42.0
-5.5291085 48.181194 0.0340 18.0 43.0
-6.0820193 49.223553 0.0340 18.0 43.0
-6.0820193 49.223553 0.0341 17.0 44.0
-6.63493 50.26591 0.0341 17.0 44.0
-6.63493 50.26591 0.0342 16.0 45.0
-7.187841 51.30827 0.0342 16.0 45.0
-7.187841 51.30827 0.0343 15.0 46.0
-7.7407517 52.350628 0.0343 15.0 46.0
-7.7407517 52.350628 0.0344 14.0 47.0
-8.293663 53.392986 0.0344 14.0 47.0
-8.293663 53.392986 0.0345 13.0 48.0
-8.846574 54.435345 0.0345 13.0 48.0
-8.846574 54.435345 0.0346 12.0 49.0
-8.846574 55.61527 0.0346 12.0 49.0
-8.846574 55.61527 0.0347 11.0 50.0
-8.846574 56.795193 0.0347 11.0 50.0
-8.846574 56.795193 0.0348 10.0 51.0
-8.846574 57.975117 0.0348 10.0 51.0
-8.846574 57.975117 0.0349 9.0 52.0
-8.846574 59.15504 0.0349 9.0 52.0
-8.846574 59.15504 0.0350 4.0 53.0
-9.325409 60.1974 0.27645546350 4.0 53.0
-9.325409 60.1974 0.27645546351 3.0 54.0
-9.804244 61.239758 0.5529109351 3.0 54.0
-9.804244 61.239758 0.5529109352 0.0 55.0
-10.650261 61.901497 1.0413587352 0.0 55.0
-10.650261 61.901497 1.0413587353 0.0 56.0
-11.627156 62.563236 1.0413587353 0.0 56.0
-9.804244 61.239758 0.5529109354 2.0 55.0
-10.357155 62.282116 0.5529109354 2.0 55.0
-10.357155 62.282116 0.5529109355 1.0 56.0
-10.910066 63.324474 0.5529109355 1.0 56.0
-10.910066 63.324474 0.5529109356 0.0 57.0
-10.910066 64.5044 0.5529109356 0.0 57.0
-10.910066 64.5044 0.5529109357 0.0 58.0
-10.910066 65.684326 0.5529109357 0.0 58.0
-10.910066 63.324474 0.5529109358 0.0 57.0
-11.886961 63.986214 0.5529109358 0.0 57.0
-11.886961 63.986214 0.5529109359 0.0 58.0
-12.863856 64.64795 0.5529109359 0.0 58.0
-8.846574 59.15504 0.0360 8.0 53.0
-8.846574 60.334965 0.0360 8.0 53.0
-8.846574 60.334965 0.0361 7.0 54.0
-8.846574 61.51489 0.0361 7.0 54.0
-8.846574 61.51489 0.0362 6.0 55.0
-8.846574 62.694813 0.0362 6.0 55.0
-8.846574 62.694813 0.0363 5.0 56.0
-8.846574 63.874737 0.0363 5.0 56.0
-8.846574 63.874737 0.0364 4.0 57.0
-8.367739 64.9171 -0.27645546364 4.0 57.0
-8.367739 64.9171 -0.27645546365 3.0 58.0
-7.8889036 65.95946 -0.5529109365 3.0 58.0
-7.8889036 65.95946 -0.5529109366 0.0 59.0
-7.8889036 67.13938 -0.5529109366 0.0 59.0
-7.8889036 67.13938 -0.5529109367 0.0 60.0
-7.8889036 68.319305 -0.5529109367 0.0 60.0
-7.8889036 65.95946 -0.5529109368 2.0 59.0
-7.335993 67.001816 -0.5529109368 2.0 59.0
-7.335993 67.001816 -0.5529109369 1.0 60.0
-6.783082 68.044174 -0.5529109369 1.0 60.0
-6.783082 68.044174 -0.5529109370 0.0 61.0
-5.9370656 68.70591 -1.0413587370 0.0 61.0
-5.9370656 68.70591 -1.0413587371 0.0 62.0
-4.96017 69.367645 -1.0413587371 0.0 62.0
-6.783082 68.044174 -0.5529109372 0.0 61.0
-6.783082 69.2241 -0.5529109372 0.0 61.0
-6.783082 69.2241 -0.5529109373 0.0 62.0
-6.783082 70.40402 -0.5529109373 0.0 62.0
-8.846574 63.874737 0.0374 4.0 57.0
-9.399485 64.9171 0.0374 4.0 57.0
-9.399485 64.9171 0.0375 3.0 58.0
-9.952395 65.95946 0.0375 3.0 58.0
-9.952395 65.95946 0.0376 0.0 59.0
-10.798412 66.62119 0.48844782376 0.0 59.0
-10.798412 66.62119 0.48844782377 0.0 60.0
-11.775308 67.28293 0.48844782377 0.0 60.0
-9.952395 65.95946 0.0378 2.0 59.0
-10.505306 67.001816 0.0378 2.0 59.0
-10.505306 67.001816 0.0379 1.0 60.0
-11.058217 68.044174 0.0379 1.0 60.0
-11.058217 68.044174 0.0380 0.0 61.0
-11.058217 69.2241 0.0380 0.0 61.0
-11.058217 69.2241 0.0381 0.0 62.0
-11.058217 70.40402 0.0381 0.0 62.0
-11.058217 68.044174 0.0382 0.0 61.0
-12.035112 68.70591 0.0382 0.0 61.0
-12.035112 68.70591 0.0383 0.0 62.0
-13.012008 69.367645 0.0383 0.0 62.0
-8.846574 54.435345 0.0384 12.0 49.0
-9.823469 55.097084 0.0384 12.0 49.0
-9.823469 55.097084 0.0385 11.0 50.0
-10.8003645 55.758823 0.0385 11.0 50.0
-10.8003645 55.758823 0.0386 10.0 51.0
-11.77726 56.420563 0.0386 10.0 51.0
-11.77726 56.420563 0.0387 9.0 52.0
-12.754155 57.082302 0.0387 9.0 52.0
-12.754155 57.082302 0.0388 4.0 53.0
-13.7700815 57.209118 0.5865452388 4.0 53.0
-13.7700815 57.209118 0.5865452389 3.0 54.0
-14.786008 57.335934 1.1730905389 3.0 54.0
-14.786008 57.335934 1.1730905390 0.0 55.0
-15.734953 56.898254 1.7209641390 0.0 55.0
-15.734953 56.898254 1.7209641391 0.0 56.0
-16.8307 56.460575 1.7209641391 0.0 56.0
-14.786008 57.335934 1.1730905392 2.0 55.0
-15.959099 57.46275 1.1730905392 2.0 55.0
-15.959099 57.46275 1.1730905393 1.0 56.0
-17.132189 57.589565 1.1730905393 1.0 56.0
-17.132189 57.589565 1.1730905394 0.0 57.0
-17.978205 58.251305 1.6615382394 0.0 57.0
-17.978205 58.251305 1.6615382395 0.0 58.0
-18.955101 58.913044 1.6615382395 0.0 58.0
-17.132189 57.589565 1.1730905396 0.0 57.0
-18.227936 57.151886 1.1730905396 0.0 57.0
-18.227936 57.151886 1.1730905397 0.0 58.0
-19.323683 56.714207 1.1730905397 0.0 58.0
-12.754155 57.082302 0.0398 8.0 53.0
-13.7310505 57.74404 0.0398 8.0 53.0
-13.7310505 57.74404 0.0399 7.0 54.0
-14.707946 58.40578 0.0399 7.0 54.0
-14.707946 58.40578 0.0400 6.0 55.0
-15.684841 59.06752 0.0400 6.0 55.0
-15.684841 59.06752 0.0401 5.0 56.0
-16.661737 59.72926 0.0401 5.0 56.0
-16.661737 59.72926 0.0402 4.0 57.0
-17.140572 60.771618 0.27645546402 4.0 57.0
-17.140572 60.771618 0.27645546403 3.0 58.0
-17.619406 61.813976 0.5529109403 3.0 58.0
-17.619406 61.813976 0.5529109404 0.0 59.0
-18.465422 62.475716 1.0413587404 0.0 59.0
-18.465422 62.475716 1.0413587405 0.0 60.0
-19.442318 63.137455 1.0413587405 0.0 60.0
-17.619406 61.813976 0.5529109406 2.0 59.0
-18.172318 62.856335 0.5529109406 2.0 59.0
-18.172318 62.856335 0.5529109407 1.0 60.0
-18.72523 63.898693 0.5529109407 1.0 60.0
-18.72523 63.898693 0.5529109408 0.0 61.0
-18.72523 65.07862 0.5529109408 0.0 61.0
-18.72523 65.07862 0.5529109409 0.0 62.0
-18.72523 66.258545 0.5529109409 0.0 62.0
-18.72523 63.898693 0.5529109410 0.0 61.0
-19.702126 64.56043 0.5529109410 0.0 61.0
-19.702126 64.56043 0.5529109411 0.0 62.0
-20.679022 65.22217 0.5529109411 0.0 62.0
-16.661737 59.72926 0.0412 4.0 57.0
-17.834827 59.856075 0.0412 4.0 57.0
-17.834827 59.856075 0.0413 3.0 58.0
-19.007917 59.98289 0.0413 3.0 58.0
-19.007917 59.98289 0.0414 0.0 59.0
-19.956861 59.54521 0.5478736414 0.0 59.0
-19.956861 59.54521 0.5478736415 0.0 60.0
-21.052608 59.107533 0.5478736415 0.0 60.0
-19.007917 59.98289 0.0416 2.0 59.0
-20.181007 60.109707 0.0416 2.0 59.0
-20.181007 60.109707 0.0417 1.0 60.0
-21.354097 60.236523 0.0417 1.0 60.0
-21.354097 60.236523 0.0418 0.0 61.0
-22.200113 60.898262 0.48844782418 0.0 61.0
-22.200113 60.898262 0.48844782419 0.0 62.0
-23.17701 61.56 0.48844782419 0.0 62.0
-21.354097 60.236523 0.0420 0.0 61.0
-22.449844 59.798843 0.0420 0.0 61.0
-22.449844 59.798843 0.0421 0.0 62.0
-23.545591 59.361164 0.0421 0.0 62.0
