0.0 0.0 0.00 11.0 1.0
0.0 4.501402 0.00 11.0 1.0
0.0 4.501402 0.01 10.0 2.0
0.0 9.002804 0.01 10.0 2.0
0.0 9.002804 0.02 1.0 3.0
0.0 13.504206 0.02 1.0 3.0
0.0 13.504206 0.03 0.0 4.0
-2.2906353 17.146542 1.3224993 0.0 4.0
-2.2906353 17.146542 1.3224994 0.0 5.0
-5.9975967 18.539572 3.46271444 0.0 5.0
0.0 9.002804 0.05 1.0 3.0
-3.7083824 7.6148257 2.14103565 1.0 3.0
-3.7083824 7.6148257 2.14103566 0.0 4.0
-7.415344 9.007856 4.2812516 0.0 4.0
-7.415344 9.007856 4.2812517 0.0 5.0
-9.705979 12.650191 5.603757 0.0 5.0
0.0 9.002804 0.08 9.0 3.0
-4.280431 10.395834 0.08 9.0 3.0
-4.280431 10.395834 0.09 8.0 4.0
-8.560862 11.788864 0.09 8.0 4.0
-8.560862 11.788864 0.010 1.0 5.0
-12.267823 13.181894 2.140215410 1.0 5.0
-12.267823 13.181894 2.140215411 0.0 6.0
-15.976206 11.793916 4.28125111 0.0 6.0
-15.976206 11.793916 4.28125112 0.0 7.0
-18.270563 8.154705 5.605898412 0.0 7.0
-8.560862 11.788864 0.013 1.0 5.0
-8.565462 7.2874656 0.00265601713 1.0 5.0
-8.565462 7.2874656 0.00265601714 0.0 6.0
-10.859818 3.6482544 1.327303314 0.0 6.0
-10.859818 3.6482544 1.327303315 0.0 7.0
-14.568201 2.2602763 3.46833915 0.0 7.0
-8.560862 11.788864 0.016 7.0 5.0
-10.855218 8.1496525 1.324647316 7.0 5.0
-10.855218 8.1496525 1.324647317 6.0 6.0
-13.149574 4.5104413 2.649294617 6.0 6.0
-13.149574 4.5104413 2.649294618 1.0 7.0
-15.443931 0.8712301 3.973941818 1.0 7.0
-15.443931 0.8712301 3.973941819 0.0 8.0
-15.448531 -3.6301684 3.976597819 0.0 8.0
-15.448531 -3.6301684 3.976597820 0.0 9.0
-13.16162 -7.2756224 2.656248820 0.0 9.0
-13.149574 4.5104413 2.649294621 1.0 7.0
-9.444038 3.1123617 0.509902521 1.0 7.0
-9.444038 3.1123617 0.509902522 0.0 8.0
-7.157126 -0.53309155 -0.81044722 0.0 8.0
-7.157126 -0.53309155 -0.81044723 0.0 9.0
-7.1617255 -5.03449 -0.807791523 0.0 9.0
-13.149574 4.5104413 2.649294624 5.0 7.0
-8.8707905 3.1123617 2.649294624 5.0 7.0
-8.8707905 3.1123617 2.649294625 4.0 8.0
-4.592006 1.714282 2.649294625 4.0 8.0
-4.592006 1.714282 2.649294626 1.0 9.0
-0.88647056 0.3162024 0.509902526 1.0 9.0
-0.88647056 0.3162024 0.509902527 0.0 10.0
2.823328 1.6991264 -1.631950627 0.0 10.0
2.823328 1.6991264 -1.631950628 0.0 11.0
5.1214027 5.335208 -2.958744528 0.0 11.0
-4.592006 1.714282 2.649294629 1.0 9.0
-4.5828037 6.2156715 2.643981529 1.0 9.0
-4.5828037 6.2156715 2.643981530 0.0 10.0
-2.284729 9.851753 1.317187430 0.0 10.0
-2.284729 9.851753 1.317187431 0.0 11.0
1.4250696 11.234677 -0.8246656731 0.0 11.0
-4.592006 1.714282 2.649294632 3.0 9.0
-4.58138 6.2156715 2.649294632 3.0 9.0
-4.58138 6.2156715 2.649294633 2.0 10.0
-4.5707536 10.717061 2.649294633 2.0 10.0
-4.5707536 10.717061 2.649294634 1.0 11.0
-4.561551 15.218451 2.643981534 1.0 11.0
-4.561551 15.218451 2.643981535 0.0 12.0
-6.844733 18.86702 3.962177335 0.0 12.0
-6.844733 18.86702 3.962177336 0.0 13.0
-10.548836 20.270153 6.100742336 0.0 13.0
-4.5707536 10.717061 2.649294637 1.0 11.0
-8.281964 9.339198 4.79196337 1.0 11.0
-8.281964 9.339198 4.79196338 0.0 12.0
-11.986067 10.7423315 6.930527738 0.0 12.0
-11.986067 10.7423315 6.930527739 0.0 13.0
-14.269249 14.390901 8.24872439 0.0 13.0
-8.560862 11.788864 0.040 7.0 5.0
-4.8553257 10.390784 -2.139392140 7.0 5.0
-4.8553257 10.390784 -2.139392141 6.0 6.0
-1.14979 8.992704 -4.278784341 6.0 6.0
-1.14979 8.992704 -4.278784342 1.0 7.0
2.5557456 7.5946245 -6.418176742 1.0 7.0
2.5557456 7.5946245 -6.418176743 0.0 8.0
6.265544 8.977549 -8.5600343 0.0 8.0
6.265544 8.977549 -8.5600344 0.0 9.0
8.563619 12.61363 -9.88682444 0.0 9.0
-1.14979 8.992704 -4.278784345 1.0 7.0
-1.1405874 13.494094 -4.28409745 1.0 7.0
-1.1405874 13.494094 -4.28409746 0.0 8.0
1.1574873 17.130177 -5.610891346 0.0 8.0
1.1574873 17.130177 -5.610891347 0.0 9.0
4.8672857 18.5131 -7.752744747 0.0 9.0
-1.14979 8.992704 -4.278784348 5.0 7.0
3.1339161 10.375628 -4.278784348 5.0 7.0
3.1339161 10.375628 -4.278784349 4.0 8.0
7.4176226 11.758553 -4.278784349 4.0 8.0
7.4176226 11.758553 -4.278784350 1.0 9.0
11.127421 13.141477 -6.42063750 1.0 9.0
11.127421 13.141477 -6.42063751 0.0 10.0
13.425496 16.777557 -7.747431351 0.0 10.0
13.425496 16.777557 -7.747431352 0.0 11.0
13.434699 21.278946 -7.75274452 0.0 11.0
7.4176226 11.758553 -4.278784353 1.0 9.0
5.1344404 15.407122 -2.960588553 1.0 9.0
5.1344404 15.407122 -2.960588554 0.0 10.0
5.143643 19.908512 -2.965901654 0.0 10.0
5.143643 19.908512 -2.965901655 0.0 11.0
7.4417176 23.544594 -4.292695555 0.0 11.0
7.4176226 11.758553 -4.278784356 3.0 9.0
10.071211 15.394634 -4.278784356 3.0 9.0
10.071211 15.394634 -4.278784357 2.0 10.0
12.724799 19.030716 -4.278784357 2.0 10.0
12.724799 19.030716 -4.278784358 1.0 11.0
15.022874 22.666798 -5.605578458 1.0 11.0
15.022874 22.666798 -5.605578459 0.0 12.0
15.032077 27.168186 -5.610891359 0.0 12.0
15.032077 27.168186 -5.610891360 0.0 13.0
12.748895 30.816755 -4.292695560 0.0 13.0
12.724799 19.030716 -4.278784361 1.0 11.0
9.020697 20.43385 -2.140219461 1.0 11.0
9.020697 20.43385 -2.140219462 0.0 12.0
6.7375145 24.082418 -0.8220236362 0.0 12.0
6.7375145 24.082418 -0.8220236363 0.0 13.0
6.746717 28.583809 -0.827336763 0.0 13.0
