0.0 0.0 0.00 11.0 1.0
0.0 3.7936132 0.00 11.0 1.0
0.0 3.7936132 0.01 10.0 2.0
0.0 7.5872264 0.01 10.0 2.0
0.0 7.5872264 0.02 1.0 3.0
3.285365 7.586151 -1.89680652 1.0 3.0
3.285365 7.586151 -1.89680653 0.0 4.0
5.608798 10.268261 -3.23824123 0.0 4.0
5.608798 10.268261 -3.23824124 0.0 5.0
5.608798 14.061874 -3.23824124 0.0 5.0
0.0 7.5872264 0.05 1.0 3.0
-2.3234332 10.269336 1.34143485 1.0 3.0
-2.3234332 10.269336 1.34143486 0.0 4.0
-2.3234332 14.062949 1.34143486 0.0 4.0
-2.3234332 14.062949 1.34143487 0.0 5.0
0.0 16.745058 0.07 0.0 5.0
0.0 7.5872264 0.08 9.0 3.0
0.0 11.380839 0.08 9.0 3.0
0.0 11.380839 0.09 8.0 4.0
0.0 15.174453 0.09 8.0 4.0
0.0 15.174453 0.010 1.0 5.0
3.285365 15.173378 -1.896806510 1.0 5.0
3.285365 15.173378 -1.896806511 0.0 6.0
5.608798 17.855488 -3.238241211 0.0 6.0
5.608798 17.855488 -3.238241212 0.0 7.0
5.608798 21.649101 -3.238241212 0.0 7.0
0.0 15.174453 0.013 1.0 5.0
-2.3234332 17.856562 1.341434813 1.0 5.0
-2.3234332 17.856562 1.341434814 0.0 6.0
-2.3234332 21.650175 1.341434814 0.0 6.0
-2.3234332 21.650175 1.341434815 0.0 7.0
0.0 24.332285 0.015 0.0 7.0
0.0 15.174453 0.016 7.0 5.0
3.285365 15.173378 -1.896806516 7.0 5.0
3.285365 15.173378 -1.896806517 6.0 6.0
6.57073 15.172303 -3.79361317 6.0 6.0
6.57073 15.172303 -3.79361318 1.0 7.0
6.568868 11.378691 -3.79253818 1.0 7.0
6.568868 11.378691 -3.79253819 0.0 8.0
8.890985 8.695061 -5.133212619 0.0 8.0
8.890985 8.695061 -5.133212620 0.0 9.0
12.17635 8.693986 -7.03001920 0.0 9.0
6.57073 15.172303 -3.79361321 1.0 7.0
8.894163 17.854412 -5.13504821 1.0 7.0
8.894163 17.854412 -5.13504822 0.0 8.0
12.179528 17.853336 -7.031854622 0.0 8.0
12.179528 17.853336 -7.031854623 0.0 9.0
14.501644 15.169706 -8.37252923 0.0 9.0
6.57073 15.172303 -3.79361324 5.0 7.0
9.2536 17.854412 -3.79361324 5.0 7.0
9.2536 17.854412 -3.79361325 4.0 8.0
11.93647 20.536522 -3.79361325 4.0 8.0
11.93647 20.536522 -3.79361326 1.0 9.0
14.258587 17.852892 -5.134287426 1.0 9.0
14.258587 17.852892 -5.134287427 0.0 10.0
17.543953 17.851816 -7.031093627 0.0 10.0
17.543953 17.851816 -7.031093628 0.0 11.0
19.867386 20.533926 -8.37252828 0.0 11.0
11.93647 20.536522 -3.79361329 1.0 9.0
11.93647 24.330135 -3.79361329 1.0 9.0
11.93647 24.330135 -3.79361330 0.0 10.0
14.259903 27.012245 -5.13504830 0.0 10.0
14.259903 27.012245 -5.13504831 0.0 11.0
17.545269 27.01117 -7.031854631 0.0 11.0
11.93647 20.536522 -3.79361332 3.0 9.0
11.93647 24.330135 -3.79361332 3.0 9.0
11.93647 24.330135 -3.79361333 2.0 10.0
11.93647 28.123749 -3.79361333 2.0 10.0
11.93647 28.123749 -3.79361334 1.0 11.0
15.221835 28.122673 -5.69041934 1.0 11.0
15.221835 28.122673 -5.69041935 0.0 12.0
17.545269 30.804783 -7.03185435 0.0 12.0
17.545269 30.804783 -7.03185436 0.0 13.0
17.545269 34.598396 -7.03185436 0.0 13.0
11.93647 28.123749 -3.79361337 1.0 11.0
9.613037 30.805859 -2.45217837 1.0 11.0
9.613037 30.805859 -2.45217838 0.0 12.0
9.613037 34.599472 -2.45217838 0.0 12.0
9.613037 34.599472 -2.45217839 0.0 13.0
11.93647 37.28158 -3.79361339 0.0 13.0
0.0 15.174453 0.040 7.0 5.0
-2.3234332 17.856562 1.341434840 7.0 5.0
-2.3234332 17.856562 1.341434841 6.0 6.0
-4.6468663 20.538671 2.682869741 6.0 6.0
-4.6468663 20.538671 2.682869742 1.0 7.0
-2.3234332 23.220781 1.341434842 1.0 7.0
-2.3234332 23.220781 1.341434843 0.0 8.0
-2.3234332 27.014395 1.341434843 0.0 8.0
-2.3234332 27.014395 1.341434844 0.0 9.0
-4.6468663 29.696505 2.682869744 0.0 9.0
-4.6468663 20.538671 2.682869745 1.0 7.0
-7.9322314 20.537596 4.57967645 1.0 7.0
-7.9322314 20.537596 4.57967646 0.0 8.0
-10.255665 23.219706 5.92111146 0.0 8.0
-10.255665 23.219706 5.92111147 0.0 9.0
-10.255665 27.013319 5.92111147 0.0 9.0
-4.6468663 20.538671 2.682869748 5.0 7.0
-4.6468663 24.332285 2.682869748 5.0 7.0
-4.6468663 24.332285 2.682869749 4.0 8.0
-4.6468663 28.125898 2.682869749 4.0 8.0
-4.6468663 28.125898 2.682869750 1.0 9.0
-1.3615012 28.124823 0.786063250 1.0 9.0
-1.3615012 28.124823 0.786063251 0.0 10.0
0.96193194 30.806932 -0.5553716451 0.0 10.0
0.96193194 30.806932 -0.5553716452 0.0 11.0
0.96193194 34.600544 -0.5553716452 0.0 11.0
-4.6468663 28.125898 2.682869753 1.0 9.0
-6.9702997 30.808008 4.024304453 1.0 9.0
-6.9702997 30.808008 4.024304454 0.0 10.0
-6.9702997 34.60162 4.024304454 0.0 10.0
-6.9702997 34.60162 4.024304455 0.0 11.0
-4.646867 37.28373 2.682869455 0.0 11.0
-4.6468663 28.125898 2.682869756 3.0 9.0
-1.9639966 30.808008 2.682869756 3.0 9.0
-1.9639966 30.808008 2.682869757 2.0 10.0
0.718873 33.490116 2.682869757 2.0 10.0
0.718873 33.490116 2.682869758 1.0 11.0
3.0409894 30.806486 1.342195258 1.0 11.0
3.0409894 30.806486 1.342195259 0.0 12.0
6.3263545 30.80541 -0.554611359 0.0 12.0
6.3263545 30.80541 -0.554611360 0.0 13.0
8.649788 33.48752 -1.896046260 0.0 13.0
0.718873 33.490116 2.682869761 1.0 11.0
0.718873 37.28373 2.682869761 1.0 11.0
0.718873 37.28373 2.682869762 0.0 12.0
3.0423062 39.96584 1.341434862 0.0 12.0
3.0423062 39.96584 1.341434863 0.0 13.0
6.327671 39.964764 -0.5553716463 0.0 13.0
