0.0 0.0 0.00 11.0 1.0
0.0 3.5494761 0.00 11.0 1.0
0.0 3.5494761 0.01 10.0 2.0
0.0 7.0989523 0.01 10.0 2.0
0.0 7.0989523 0.02 1.0 3.0
3.018538 7.7697864 -1.74275372 1.0 3.0
3.018538 7.7697864 -1.74275373 0.0 4.0
4.975992 10.506563 -2.87289053 0.0 4.0
4.975992 10.506563 -2.87289054 0.0 5.0
4.975992 14.05604 -2.87289054 0.0 5.0
0.0 7.0989523 0.05 1.0 3.0
-1.9574541 9.835729 1.13013675 1.0 3.0
-1.9574541 9.835729 1.13013676 0.0 4.0
-1.9574541 13.385204 1.13013676 0.0 4.0
-1.9574541 13.385204 1.13013677 0.0 5.0
0.0 16.12198 0.07 0.0 5.0
0.0 7.0989523 0.08 9.0 3.0
0.0 10.648428 0.08 9.0 3.0
0.0 10.648428 0.09 8.0 4.0
0.0 14.197905 0.09 8.0 4.0
0.0 14.197905 0.010 1.0 5.0
3.018538 14.868739 -1.742753710 1.0 5.0
3.018538 14.868739 -1.742753711 0.0 6.0
4.975992 17.605516 -2.872890511 0.0 6.0
4.975992 17.605516 -2.872890512 0.0 7.0
4.975992 21.154993 -2.872890512 0.0 7.0
0.0 14.197905 0.013 1.0 5.0
-1.9574541 16.93468 1.130136713 1.0 5.0
-1.9574541 16.93468 1.130136714 0.0 6.0
-1.9574541 20.484158 1.130136714 0.0 6.0
-1.9574541 20.484158 1.130136715 0.0 7.0
0.0 23.220934 0.015 0.0 7.0
0.0 14.197905 0.016 7.0 5.0
0.0 17.747381 0.016 7.0 5.0
0.0 17.747381 0.017 6.0 6.0
0.0 21.296858 0.017 6.0 6.0
0.0 21.296858 0.018 1.0 7.0
3.018538 21.967691 -1.742753718 1.0 7.0
3.018538 21.967691 -1.742753719 0.0 8.0
4.975992 24.704468 -2.872890519 0.0 8.0
4.975992 24.704468 -2.872890520 0.0 9.0
4.975992 28.253944 -2.872890520 0.0 9.0
0.0 21.296858 0.021 1.0 7.0
-1.9574541 24.033634 1.130136721 1.0 7.0
-1.9574541 24.033634 1.130136722 0.0 8.0
-1.9574541 27.58311 1.130136722 0.0 8.0
-1.9574541 27.58311 1.130136723 0.0 9.0
0.0 30.319887 0.023 0.0 9.0
0.0 21.296858 0.024 5.0 7.0
-2.2602735 24.033634 0.024 5.0 7.0
-2.2602735 24.033634 0.025 4.0 8.0
-4.520547 26.77041 0.025 4.0 8.0
-4.520547 26.77041 0.026 1.0 9.0
-2.5630927 29.507187 -1.130136726 1.0 9.0
-2.5630927 29.507187 -1.130136727 0.0 10.0
-2.5630927 33.056664 -1.130136727 0.0 10.0
-2.5630927 33.056664 -1.130136728 0.0 11.0
-4.520547 35.79344 0.028 0.0 11.0
-4.520547 26.77041 0.029 1.0 9.0
-7.539085 27.441244 1.742753729 1.0 9.0
-7.539085 27.441244 1.742753730 0.0 10.0
-9.496539 30.17802 2.872890530 0.0 10.0
-9.496539 30.17802 2.872890531 0.0 11.0
-9.496539 33.727497 2.872890531 0.0 11.0
-4.520547 26.77041 0.032 3.0 9.0
-8.006054 27.441244 0.032 3.0 9.0
-8.006054 27.441244 0.033 2.0 10.0
-11.491562 28.112078 0.033 2.0 10.0
-11.491562 28.112078 0.034 1.0 11.0
-11.491562 31.661554 0.034 1.0 11.0
-11.491562 31.661554 0.035 0.0 12.0
-13.449016 34.39833 1.130136735 0.0 12.0
-13.449016 34.39833 1.130136736 0.0 13.0
-16.467554 35.069164 2.872890536 0.0 13.0
-11.491562 28.112078 0.037 1.0 11.0
-14.188915 26.409777 1.557317537 1.0 11.0
-14.188915 26.409777 1.557317538 0.0 12.0
-17.207453 27.08061 3.300071238 0.0 12.0
-17.207453 27.08061 3.300071239 0.0 13.0
-19.164907 29.817387 4.43020839 0.0 13.0
0.0 14.197905 0.040 7.0 5.0
-2.6973531 12.495604 1.557317540 7.0 5.0
-2.6973531 12.495604 1.557317541 6.0 6.0
-5.3947062 10.793303 3.11463541 6.0 6.0
-5.3947062 10.793303 3.11463542 1.0 7.0
-7.3521605 13.530079 4.24477242 1.0 7.0
-7.3521605 13.530079 4.24477243 0.0 8.0
-10.370699 14.200912 5.98752643 0.0 8.0
-10.370699 14.200912 5.98752644 0.0 9.0
-13.068052 12.498611 7.544843744 0.0 9.0
-5.3947062 10.793303 3.11463545 1.0 7.0
-6.535685 7.4973955 3.773379345 1.0 7.0
-6.535685 7.4973955 3.773379346 0.0 8.0
-9.233038 5.7950945 5.33069746 0.0 8.0
-9.233038 5.7950945 5.33069747 0.0 9.0
-12.251575 6.465928 7.07345147 0.0 9.0
-5.3947062 10.793303 3.11463548 5.0 7.0
-8.880214 11.464136 3.11463548 5.0 7.0
-8.880214 11.464136 3.11463549 4.0 8.0
-12.365721 12.13497 3.11463549 4.0 8.0
-12.365721 12.13497 3.11463550 1.0 9.0
-12.365721 15.684446 3.114635250 1.0 9.0
-12.365721 15.684446 3.114635251 0.0 10.0
-14.323175 18.421223 4.24477251 0.0 10.0
-14.323175 18.421223 4.24477252 0.0 11.0
-17.341713 19.092056 5.98752652 0.0 11.0
-12.365721 12.13497 3.11463553 1.0 9.0
-15.063074 10.432669 4.671952253 1.0 9.0
-15.063074 10.432669 4.671952254 0.0 10.0
-18.081612 11.103502 6.41470654 0.0 10.0
-18.081612 11.103502 6.41470655 0.0 11.0
-20.039066 13.840279 7.54484355 0.0 11.0
-12.365721 12.13497 3.11463556 3.0 9.0
-14.625995 14.871746 3.11463556 3.0 9.0
-14.625995 14.871746 3.11463557 2.0 10.0
-16.886269 17.608522 3.11463557 2.0 10.0
-16.886269 17.608522 3.11463558 1.0 11.0
-14.928815 20.345299 1.984498558 1.0 11.0
-14.928815 20.345299 1.984498559 0.0 12.0
-14.928815 23.894775 1.984498759 0.0 12.0
-14.928815 23.894775 1.984498760 0.0 13.0
-16.886269 26.631552 3.114635560 0.0 13.0
-16.886269 17.608522 3.11463561 1.0 11.0
-19.904806 18.279356 4.857388561 1.0 11.0
-19.904806 18.279356 4.857388562 0.0 12.0
-21.86226 21.016132 5.987525562 0.0 12.0
-21.86226 21.016132 5.987525563 0.0 13.0
-21.86226 24.565609 5.987525563 0.0 13.0
