0.0 0.0 0.00 14.0 1.0
0.0 4.1025968 0.00 14.0 1.0
0.0 4.1025968 0.01 0.0 2.0
-0.49134856 8.165773 0.283680231 0.0 2.0
0.0 4.1025968 0.02 13.0 2.0
0.0 8.2051935 0.02 13.0 2.0
0.0 8.2051935 0.03 0.0 3.0
0.49134856 12.26837 -0.283680233 0.0 3.0
0.49134856 12.26837 -0.283680234 0.0 4.0
0.49134856 16.370966 -0.283680234 0.0 4.0
0.49134856 12.26837 -0.283680235 0.0 4.0
1.058709 16.331547 -0.283680235 0.0 4.0
0.0 8.2051935 0.06 12.0 3.0
0.0 12.307791 0.06 12.0 3.0
0.0 12.307791 0.07 0.0 4.0
-0.49134856 16.370968 0.283680237 0.0 4.0
0.0 12.307791 0.08 11.0 4.0
0.0 16.410387 0.08 11.0 4.0
0.0 16.410387 0.09 2.0 5.0
-0.49134856 20.473564 0.283680239 2.0 5.0
-0.49134856 20.473564 0.2836802310 0.0 6.0
-1.4646034 24.419237 0.8455891610 0.0 6.0
-0.49134856 20.473564 0.2836802311 1.0 6.0
-1.058709 24.536741 0.2836802311 1.0 6.0
-1.058709 24.536741 0.2836802312 0.0 7.0
-1.058709 28.639338 0.2836802312 0.0 7.0
-1.058709 28.639338 0.2836802313 0.0 8.0
-1.5500576 32.702515 0.5673604613 0.0 8.0
-1.058709 28.639338 0.2836802314 0.0 8.0
-1.058709 32.741936 0.2836802314 0.0 8.0
-1.058709 24.536741 0.2836802315 0.0 7.0
-1.6260695 28.599918 0.2836802315 0.0 7.0
-1.6260695 28.599918 0.2836802316 0.0 8.0
-2.5993242 32.54559 0.8455891616 0.0 8.0
-1.6260695 28.599918 0.2836802317 0.0 8.0
-2.19343 32.663094 0.2836802317 0.0 8.0
0.0 16.410387 0.018 10.0 5.0
0.0 20.512983 0.018 10.0 5.0
0.0 20.512983 0.019 0.0 6.0
-0.49134856 24.57616 0.2836802319 0.0 6.0
0.0 20.512983 0.020 9.0 6.0
0.0 24.61558 0.020 9.0 6.0
0.0 24.61558 0.021 0.0 7.0
0.49134856 28.678757 -0.2836802321 0.0 7.0
0.49134856 28.678757 -0.2836802322 0.0 8.0
0.49134856 32.781353 -0.2836802322 0.0 8.0
0.49134856 28.678757 -0.2836802323 0.0 8.0
1.058709 32.741932 -0.2836802323 0.0 8.0
0.0 24.61558 0.024 8.0 7.0
0.0 28.718176 0.024 8.0 7.0
0.0 28.718176 0.025 0.0 8.0
-0.49134856 32.781353 0.2836802325 0.0 8.0
0.0 28.718176 0.026 7.0 8.0
0.0 32.820774 0.026 7.0 8.0
0.0 32.820774 0.027 6.0 9.0
-0.49134856 36.88395 0.2836802327 6.0 9.0
-0.49134856 36.88395 0.2836802328 0.0 10.0
-1.4646034 40.82962 0.8455891628 0.0 10.0
-0.49134856 36.88395 0.2836802329 5.0 10.0
-1.058709 40.947124 0.2836802329 5.0 10.0
-1.058709 40.947124 0.2836802330 0.0 11.0
-1.058709 45.04972 0.2836802330 0.0 11.0
-1.058709 45.04972 0.2836802331 0.0 12.0
-1.5500576 49.112896 0.5673604631 0.0 12.0
-1.058709 45.04972 0.2836802332 0.0 12.0
-1.058709 49.152317 0.2836802332 0.0 12.0
-1.058709 40.947124 0.2836802333 4.0 11.0
-1.6260695 45.0103 0.2836802333 4.0 11.0
-1.6260695 45.0103 0.2836802334 0.0 12.0
-2.5993242 48.95597 0.8455891634 0.0 12.0
-1.6260695 45.0103 0.2836802335 3.0 12.0
-2.19343 49.073475 0.2836802335 3.0 12.0
-2.19343 49.073475 0.2836802336 2.0 13.0
-3.1666846 53.019146 0.8455891636 2.0 13.0
-3.1666846 53.019146 0.8455891637 0.0 14.0
-4.6031423 56.771492 1.674928437 0.0 14.0
-3.1666846 53.019146 0.8455891638 1.0 14.0
-4.2905025 56.964817 0.8455891638 1.0 14.0
-4.2905025 56.964817 0.8455891639 0.0 15.0
-4.7818513 61.027992 1.129269439 0.0 15.0
-4.7818513 61.027992 1.129269440 0.0 16.0
-5.755106 64.97366 1.691178340 0.0 16.0
-4.7818513 61.027992 1.129269441 0.0 16.0
-5.3492117 65.09117 1.129269441 0.0 16.0
-4.2905025 56.964817 0.8455891642 0.0 15.0
-5.4143205 60.91049 0.8455891642 0.0 15.0
-5.4143205 60.91049 0.8455891643 0.0 16.0
-6.850778 64.662834 1.674928443 0.0 16.0
-5.4143205 60.91049 0.8455891644 0.0 16.0
-6.5381384 64.85616 0.8455891644 0.0 16.0
-2.19343 49.073475 0.2836802345 2.0 13.0
-2.7607903 53.13665 0.2836802345 2.0 13.0
-2.7607903 53.13665 0.2836802346 0.0 14.0
-3.734045 57.08232 0.8455891646 0.0 14.0
-2.7607903 53.13665 0.2836802347 1.0 14.0
-3.3281507 57.199825 0.2836802347 1.0 14.0
-3.3281507 57.199825 0.2836802348 0.0 15.0
-3.3281507 61.30242 0.2836802348 0.0 15.0
-3.3281507 61.30242 0.2836802349 0.0 16.0
-3.8194993 65.3656 0.5673604649 0.0 16.0
-3.3281507 61.30242 0.2836802350 0.0 16.0
-3.3281507 65.40502 0.2836802350 0.0 16.0
-3.3281507 57.199825 0.2836802351 0.0 15.0
-3.8955112 61.263 0.2836802351 0.0 15.0
-3.8955112 61.263 0.2836802352 0.0 16.0
-4.868766 65.20867 0.8455891652 0.0 16.0
-3.8955112 61.263 0.2836802353 0.0 16.0
-4.4628716 65.32618 0.2836802353 0.0 16.0
0.0 32.820774 0.054 6.0 9.0
0.0 36.92337 0.054 6.0 9.0
0.0 36.92337 0.055 0.0 10.0
-0.49134856 40.986546 0.2836802355 0.0 10.0
0.0 36.92337 0.056 5.0 10.0
0.0 41.025967 0.056 5.0 10.0
0.0 41.025967 0.057 0.0 11.0
0.49134856 45.08914 -0.2836802357 0.0 11.0
0.49134856 45.08914 -0.2836802358 0.0 12.0
0.49134856 49.19174 -0.2836802358 0.0 12.0
0.49134856 45.08914 -0.2836802359 0.0 12.0
1.058709 49.152317 -0.2836802359 0.0 12.0
0.0 41.025967 0.060 4.0 11.0
0.0 45.128563 0.060 4.0 11.0
0.0 45.128563 0.061 0.0 12.0
-0.49134856 49.19174 0.2836802361 0.0 12.0
0.0 45.128563 0.062 3.0 12.0
0.0 49.23116 0.062 3.0 12.0
0.0 49.23116 0.063 2.0 13.0
-0.49134856 53.294334 0.2836802363 2.0 13.0
-0.49134856 53.294334 0.2836802364 0.0 14.0
-1.4646034 57.240005 0.8455891664 0.0 14.0
-0.49134856 53.294334 0.2836802365 1.0 14.0
-1.058709 57.35751 0.2836802365 1.0 14.0
-1.058709 57.35751 0.2836802366 0.0 15.0
-1.058709 61.460106 0.2836802366 0.0 15.0
-1.058709 61.460106 0.2836802367 0.0 16.0
-1.5500576 65.523285 0.5673604667 0.0 16.0
-1.058709 61.460106 0.2836802368 0.0 16.0
-1.058709 65.562706 0.2836802368 0.0 16.0
-1.058709 57.35751 0.2836802369 0.0 15.0
-1.6260695 61.420685 0.2836802369 0.0 15.0
-1.6260695 61.420685 0.2836802370 0.0 16.0
-2.5993242 65.366356 0.8455891670 0.0 16.0
-1.6260695 61.420685 0.2836802371 0.0 16.0
-2.19343 65.483864 0.2836802371 0.0 16.0
0.0 49.23116 0.072 2.0 13.0
0.0 53.333755 0.072 2.0 13.0
0.0 53.333755 0.073 0.0 14.0
-0.49134856 57.39693 0.2836802373 0.0 14.0
0.0 53.333755 0.074 1.0 14.0
0.0 57.43635 0.074 1.0 14.0
0.0 57.43635 0.075 0.0 15.0
0.49134856 61.499527 -0.2836802375 0.0 15.0
0.49134856 61.499527 -0.2836802376 0.0 16.0
0.49134856 65.60213 -0.2836802376 0.0 16.0
0.49134856 61.499527 -0.2836802377 0.0 16.0
1.058709 65.562706 -0.2836802377 0.0 16.0
0.0 57.43635 0.078 0.0 15.0
0.0 61.538948 0.078 0.0 15.0
0.0 61.538948 0.079 0.0 16.0
-0.49134856 65.60213 0.2836802379 0.0 16.0
0.0 61.538948 0.080 0.0 16.0
0.0 65.64155 0.080 0.0 16.0
