0.0 0.0 0.00 60.0 1.0
0.0 1.4893875 0.00 60.0 1.0
0.0 1.4893875 0.01 59.0 2.0
0.0 2.978775 0.01 59.0 2.0
0.0 2.978775 0.02 58.0 3.0
0.0 4.4681625 0.02 58.0 3.0
0.0 4.4681625 0.03 57.0 4.0
0.0 5.95755 0.03 57.0 4.0
0.0 5.95755 0.04 56.0 5.0
0.0 7.4469376 0.04 56.0 5.0
0.0 7.4469376 0.05 55.0 6.0
0.0 8.936325 0.05 55.0 6.0
0.0 8.936325 0.06 54.0 7.0
0.0 10.425713 0.06 54.0 7.0
0.0 10.425713 0.07 53.0 8.0
0.0 11.9151 0.07 53.0 8.0
0.0 11.9151 0.08 52.0 9.0
0.0 13.404488 0.08 52.0 9.0
0.0 13.404488 0.09 51.0 10.0
0.0 14.893875 0.09 51.0 10.0
0.0 14.893875 0.010 50.0 11.0
0.0 16.383263 0.010 50.0 11.0
0.0 16.383263 0.011 49.0 12.0
0.0 17.87265 0.011 49.0 12.0
0.0 17.87265 0.012 48.0 13.0
0.0 19.362038 0.012 48.0 13.0
0.0 19.362038 0.013 47.0 14.0
0.0 20.851425 0.013 47.0 14.0
0.0 20.851425 0.014 46.0 15.0
0.0 22.340813 0.014 46.0 15.0
0.0 22.340813 0.015 45.0 16.0
0.0 23.8302 0.015 45.0 16.0
0.0 23.8302 0.016 28.0 17.0
-0.25314197 25.290623 0.1461515916 28.0 17.0
-0.25314197 25.290623 0.1461515917 27.0 18.0
-0.50628394 26.751045 0.2923031717 27.0 18.0
-0.50628394 26.751045 0.2923031718 26.0 19.0
-0.7594259 28.211468 0.4384547518 26.0 19.0
-0.7594259 28.211468 0.4384547519 25.0 20.0
-1.0125679 29.67189 0.5846063519 25.0 20.0
-1.0125679 29.67189 0.5846063520 24.0 21.0
-1.2657099 31.132313 0.7307579520 24.0 21.0
-1.2657099 31.132313 0.7307579521 23.0 22.0
-1.5188519 32.592735 0.8769095521 23.0 22.0
-1.5188519 32.592735 0.8769095522 22.0 23.0
-1.7719939 34.053158 1.023061222 22.0 23.0
-1.7719939 34.053158 1.023061223 21.0 24.0
-2.0251358 35.51358 1.169212723 21.0 24.0
-2.0251358 35.51358 1.169212724 12.0 25.0
-2.5215738 36.888233 1.455831324 12.0 25.0
-2.5215738 36.888233 1.455831325 11.0 26.0
-3.0180118 38.262886 1.742449925 11.0 26.0
-3.0180118 38.262886 1.742449926 10.0 27.0
-3.5144498 39.63754 2.029068526 10.0 27.0
-3.5144498 39.63754 2.029068527 9.0 28.0
-4.0108876 41.01219 2.315687227 9.0 28.0
-4.0108876 41.01219 2.315687228 4.0 29.0
-4.7313128 42.247612 2.731624628 4.0 29.0
-4.7313128 42.247612 2.731624629 3.0 30.0
-5.4517374 43.483032 3.14756229 3.0 30.0
-5.4517374 43.483032 3.14756230 0.0 31.0
-5.9481754 44.857685 3.434180730 0.0 31.0
-5.9481754 44.857685 3.434180731 0.0 32.0
-6.521413 46.232338 3.434180731 0.0 32.0
-5.4517374 43.483032 3.14756232 2.0 31.0
-6.2836123 44.718452 3.14756232 2.0 31.0
-6.2836123 44.718452 3.14756233 1.0 32.0
-7.115487 45.953873 3.14756233 1.0 32.0
-7.115487 45.953873 3.14756234 0.0 33.0
-7.611925 47.328526 3.434180734 0.0 33.0
-7.611925 47.328526 3.434180735 0.0 34.0
-8.185163 48.70318 3.434180735 0.0 34.0
-7.115487 45.953873 3.14756236 0.0 33.0
-8.173644 47.002003 3.14756236 0.0 33.0
-8.173644 47.002003 3.14756237 0.0 34.0
-9.231801 48.050133 3.14756237 0.0 34.0
-4.0108876 41.01219 2.315687238 8.0 29.0
-4.5841246 42.386845 2.315687238 8.0 29.0
-4.5841246 42.386845 2.315687239 7.0 30.0
-5.157362 43.761497 2.315687239 7.0 30.0
-5.157362 43.761497 2.315687240 6.0 31.0
-5.7305994 45.13615 2.315687240 6.0 31.0
-5.7305994 45.13615 2.315687241 5.0 32.0
-6.303837 46.510803 2.315687241 5.0 32.0
-6.303837 46.510803 2.315687242 4.0 33.0
-6.5569787 47.971226 2.461838742 4.0 33.0
-6.5569787 47.971226 2.461838743 3.0 34.0
-6.8101206 49.43165 2.607990343 3.0 34.0
-6.8101206 49.43165 2.607990344 0.0 35.0
-6.8101206 50.921036 2.607990344 0.0 35.0
-6.8101206 50.921036 2.607990345 0.0 36.0
-6.8101206 52.410423 2.607990345 0.0 36.0
-6.8101206 49.43165 2.607990346 2.0 35.0
-7.1024237 50.89207 2.607990346 2.0 35.0
-7.1024237 50.89207 2.607990347 1.0 36.0
-7.3947268 52.352493 2.607990347 1.0 36.0
-7.3947268 52.352493 2.607990348 0.0 37.0
-7.3947268 53.84188 2.607990348 0.0 37.0
-7.3947268 53.84188 2.607990349 0.0 38.0
-7.3947268 55.33127 2.607990349 0.0 38.0
-7.3947268 52.352493 2.607990350 0.0 37.0
-7.967964 53.727146 2.607990350 0.0 37.0
-7.967964 53.727146 2.607990351 0.0 38.0
-8.541202 55.1018 2.607990351 0.0 38.0
-6.303837 46.510803 2.315687252 4.0 33.0
-7.1357117 47.746223 2.315687252 4.0 33.0
-7.1357117 47.746223 2.315687253 3.0 34.0
-7.9675865 48.981644 2.315687253 3.0 34.0
-7.9675865 48.981644 2.315687254 0.0 35.0
-8.464025 50.356297 2.60230654 0.0 35.0
-8.464025 50.356297 2.60230655 0.0 36.0
-9.037262 51.73095 2.60230655 0.0 36.0
-7.9675865 48.981644 2.315687256 2.0 35.0
-8.799461 50.217064 2.315687256 2.0 35.0
-8.799461 50.217064 2.315687257 1.0 36.0
-9.631336 51.452484 2.315687257 1.0 36.0
-9.631336 51.452484 2.315687258 0.0 37.0
-10.127774 52.827137 2.60230658 0.0 37.0
-10.127774 52.827137 2.60230659 0.0 38.0
-10.701012 54.20179 2.60230659 0.0 38.0
-9.631336 51.452484 2.315687260 0.0 37.0
-10.689493 52.500614 2.315687260 0.0 37.0
-10.689493 52.500614 2.315687261 0.0 38.0
-11.74765 53.548744 2.315687261 0.0 38.0
-2.0251358 35.51358 1.169212762 20.0 25.0
-2.3174388 36.974003 1.169212762 20.0 25.0
-2.3174388 36.974003 1.169212763 19.0 26.0
-2.609742 38.434425 1.169212763 19.0 26.0
-2.609742 38.434425 1.169212764 18.0 27.0
-2.902045 39.894848 1.169212764 18.0 27.0
-2.902045 39.894848 1.169212765 17.0 28.0
-3.194348 41.35527 1.169212765 17.0 28.0
-3.194348 41.35527 1.169212766 16.0 29.0
-3.4866512 42.815693 1.169212766 16.0 29.0
-3.4866512 42.815693 1.169212767 15.0 30.0
-3.7789543 44.276115 1.169212767 15.0 30.0
-3.7789543 44.276115 1.169212768 14.0 31.0
-4.0712576 45.736538 1.169212768 14.0 31.0
-4.0712576 45.736538 1.169212769 13.0 32.0
-4.3635607 47.19696 1.169212769 13.0 32.0
-4.3635607 47.19696 1.169212770 12.0 33.0
-4.3635607 48.686348 1.169212770 12.0 33.0
-4.3635607 48.686348 1.169212771 11.0 34.0
-4.3635607 50.175735 1.169212771 11.0 34.0
-4.3635607 50.175735 1.169212772 10.0 35.0
-4.3635607 51.665123 1.169212772 10.0 35.0
-4.3635607 51.665123 1.169212773 9.0 36.0
-4.3635607 53.15451 1.169212773 9.0 36.0
-4.3635607 53.15451 1.169212774 4.0 37.0
-4.6167026 54.614933 1.315364274 4.0 37.0
-4.6167026 54.614933 1.315364275 3.0 38.0
-4.8698444 56.075356 1.461515875 3.0 38.0
-4.8698444 56.075356 1.461515876 0.0 39.0
-4.8698444 57.564743 1.461515876 0.0 39.0
-4.8698444 57.564743 1.461515877 0.0 40.0
-4.8698444 59.05413 1.461515877 0.0 40.0
-4.8698444 56.075356 1.461515878 2.0 39.0
-5.1621475 57.535778 1.461515878 2.0 39.0
-5.1621475 57.535778 1.461515879 1.0 40.0
-5.4544506 58.9962 1.461515879 1.0 40.0
-5.4544506 58.9962 1.461515880 0.0 41.0
-5.4544506 60.485588 1.461515880 0.0 41.0
-5.4544506 60.485588 1.461515881 0.0 42.0
-5.4544506 61.974976 1.461515881 0.0 42.0
-5.4544506 58.9962 1.461515882 0.0 41.0
-6.027688 60.370853 1.461515882 0.0 41.0
-6.027688 60.370853 1.461515883 0.0 42.0
-6.6009254 61.745506 1.461515883 0.0 42.0
-4.3635607 53.15451 1.169212784 8.0 37.0
-4.3635607 54.643898 1.169212784 8.0 37.0
-4.3635607 54.643898 1.169212785 7.0 38.0
-4.3635607 56.133286 1.169212785 7.0 38.0
-4.3635607 56.133286 1.169212786 6.0 39.0
-4.3635607 57.622673 1.169212786 6.0 39.0
-4.3635607 57.622673 1.169212787 5.0 40.0
-4.3635607 59.11206 1.169212787 5.0 40.0
-4.3635607 59.11206 1.169212788 4.0 41.0
-4.110419 60.572483 1.023061288 4.0 41.0
-4.110419 60.572483 1.023061289 3.0 42.0
-3.857277 62.032906 0.8769095589 3.0 42.0
-3.857277 62.032906 0.8769095590 0.0 43.0
-3.360839 63.40756 0.5902909690 0.0 43.0
-3.360839 63.40756 0.5902909691 0.0 44.0
-2.7876017 64.78221 0.5902909691 0.0 44.0
-3.857277 62.032906 0.8769095592 2.0 43.0
-3.5649738 63.49333 0.8769095592 2.0 43.0
-3.5649738 63.49333 0.8769095593 1.0 44.0
-3.2726707 64.95375 0.8769095593 1.0 44.0
-3.2726707 64.95375 0.8769095594 0.0 45.0
-2.7762327 66.32841 0.5902909694 0.0 45.0
-2.7762327 66.32841 0.5902909695 0.0 46.0
-2.2029955 67.703064 0.5902909695 0.0 46.0
-3.2726707 64.95375 0.8769095596 0.0 45.0
-3.2726707 66.44314 0.8769095596 0.0 45.0
-3.2726707 66.44314 0.8769095597 0.0 46.0
-3.2726707 67.932526 0.8769095597 0.0 46.0
-4.3635607 59.11206 1.169212798 4.0 41.0
-4.655864 60.572483 1.169212798 4.0 41.0
-4.655864 60.572483 1.169212799 3.0 42.0
-4.948167 62.032906 1.169212799 3.0 42.0
-4.948167 62.032906 1.1692127100 0.0 43.0
-4.948167 63.522293 1.1692127100 0.0 43.0
-4.948167 63.522293 1.1692127101 0.0 44.0
-4.948167 65.01168 1.1692127101 0.0 44.0
-4.948167 62.032906 1.1692127102 2.0 43.0
-5.24047 63.49333 1.1692127102 2.0 43.0
-5.24047 63.49333 1.1692127103 1.0 44.0
-5.532773 64.95375 1.1692127103 1.0 44.0
-5.532773 64.95375 1.1692127104 0.0 45.0
-5.532773 66.44314 1.1692127104 0.0 45.0
-5.532773 66.44314 1.1692127105 0.0 46.0
-5.532773 67.932526 1.1692127105 0.0 46.0
-5.532773 64.95375 1.1692127106 0.0 45.0
-6.1060104 66.32841 1.1692127106 0.0 45.0
-6.1060104 66.32841 1.1692127107 0.0 46.0
-6.679248 67.703064 1.1692127107 0.0 46.0
-4.3635607 47.19696 1.1692127108 12.0 33.0
-4.936798 48.571613 1.1692127108 12.0 33.0
-4.936798 48.571613 1.1692127109 11.0 34.0
-5.5100355 49.946266 1.1692127109 11.0 34.0
-5.5100355 49.946266 1.1692127110 10.0 35.0
-6.083273 51.32092 1.1692127110 10.0 35.0
-6.083273 51.32092 1.1692127111 9.0 36.0
-6.6565104 52.69557 1.1692127111 9.0 36.0
-6.6565104 52.69557 1.1692127112 4.0 37.0
-7.376935 53.930992 1.5851502112 4.0 37.0
-7.376935 53.930992 1.5851502113 3.0 38.0
-8.09736 55.166412 2.0010877113 3.0 38.0
-8.09736 55.166412 2.0010877114 0.0 39.0
-8.593798 56.541065 2.2877064114 0.0 39.0
-8.593798 56.541065 2.2877064115 0.0 40.0
-9.167035 57.915718 2.2877064115 0.0 40.0
-8.09736 55.166412 2.0010877116 2.0 39.0
-8.9292345 56.401833 2.0010877116 2.0 39.0
-8.9292345 56.401833 2.0010877117 1.0 40.0
-9.761109 57.637253 2.0010877117 1.0 40.0
-9.761109 57.637253 2.0010877118 0.0 41.0
-10.257547 59.011906 2.2877064118 0.0 41.0
-10.257547 59.011906 2.2877064119 0.0 42.0
-10.830785 60.38656 2.2877064119 0.0 42.0
-9.761109 57.637253 2.0010877120 0.0 41.0
-10.819266 58.685383 2.0010877120 0.0 41.0
-10.819266 58.685383 2.0010877121 0.0 42.0
-11.877423 59.733513 2.0010877121 0.0 42.0
-6.6565104 52.69557 1.1692127122 8.0 37.0
-7.229748 54.070225 1.1692127122 8.0 37.0
-7.229748 54.070225 1.1692127123 7.0 38.0
-7.802985 55.444878 1.1692127123 7.0 38.0
-7.802985 55.444878 1.1692127124 6.0 39.0
-8.376223 56.81953 1.1692127124 6.0 39.0
-8.376223 56.81953 1.1692127125 5.0 40.0
-8.94946 58.194183 1.1692127125 5.0 40.0
-8.94946 58.194183 1.1692127126 4.0 41.0
-9.202602 59.654606 1.3153642126 4.0 41.0
-9.202602 59.654606 1.3153642127 3.0 42.0
-9.455745 61.11503 1.4615158127 3.0 42.0
-9.455745 61.11503 1.4615158128 0.0 43.0
-9.455745 62.604416 1.4615158128 0.0 43.0
-9.455745 62.604416 1.4615158129 0.0 44.0
-9.455745 64.0938 1.4615158129 0.0 44.0
-9.455745 61.11503 1.4615158130 2.0 43.0
-9.748048 62.57545 1.4615158130 2.0 43.0
-9.748048 62.57545 1.4615158131 1.0 44.0
-10.040351 64.03587 1.4615158131 1.0 44.0
-10.040351 64.03587 1.4615158132 0.0 45.0
-10.040351 65.52526 1.4615158132 0.0 45.0
-10.040351 65.52526 1.4615158133 0.0 46.0
-10.040351 67.01465 1.4615158133 0.0 46.0
-10.040351 64.03587 1.4615158134 0.0 45.0
-10.613588 65.41053 1.4615158134 0.0 45.0
-10.613588 65.41053 1.4615158135 0.0 46.0
-11.186826 66.78519 1.4615158135 0.0 46.0
-8.94946 58.194183 1.1692127136 4.0 41.0
-9.781335 59.429604 1.1692127136 4.0 41.0
-9.781335 59.429604 1.1692127137 3.0 42.0
-10.61321 60.665024 1.1692127137 3.0 42.0
-10.61321 60.665024 1.1692127138 0.0 43.0
-11.109648 62.039677 1.4558313138 0.0 43.0
-11.109648 62.039677 1.4558313139 0.0 44.0
-11.682885 63.41433 1.4558313139 0.0 44.0
-10.61321 60.665024 1.1692127140 2.0 43.0
-11.445085 61.900444 1.1692127140 2.0 43.0
-11.445085 61.900444 1.1692127141 1.0 44.0
-12.276959 63.135864 1.1692127141 1.0 44.0
-12.276959 63.135864 1.1692127142 0.0 45.0
-12.773397 64.51052 1.4558313142 0.0 45.0
-12.773397 64.51052 1.4558313143 0.0 46.0
-13.346635 65.88518 1.4558313143 0.0 46.0
-12.276959 63.135864 1.1692127144 0.0 45.0
-13.335116 64.184 1.1692127144 0.0 45.0
-13.335116 64.184 1.1692127145 0.0 46.0
-14.393273 65.23213 1.1692127145 0.0 46.0
0.0 23.8302 0.0146 44.0 17.0
0.0 25.319588 0.0146 44.0 17.0
0.0 25.319588 0.0147 43.0 18.0
0.0 26.808975 0.0147 43.0 18.0
0.0 26.808975 0.0148 42.0 19.0
0.0 28.298363 0.0148 42.0 19.0
0.0 28.298363 0.0149 41.0 20.0
0.0 29.78775 0.0149 41.0 20.0
0.0 29.78775 0.0150 40.0 21.0
0.0 31.277138 0.0150 40.0 21.0
0.0 31.277138 0.0151 39.0 22.0
0.0 32.766525 0.0151 39.0 22.0
0.0 32.766525 0.0152 38.0 23.0
0.0 34.255913 0.0152 38.0 23.0
0.0 34.255913 0.0153 37.0 24.0
0.0 35.7453 0.0153 37.0 24.0
0.0 35.7453 0.0154 36.0 25.0
0.0 37.234688 0.0154 36.0 25.0
0.0 37.234688 0.0155 35.0 26.0
0.0 38.724075 0.0155 35.0 26.0
0.0 38.724075 0.0156 34.0 27.0
0.0 40.213463 0.0156 34.0 27.0
0.0 40.213463 0.0157 33.0 28.0
0.0 41.70285 0.0157 33.0 28.0
0.0 41.70285 0.0158 32.0 29.0
0.0 43.192238 0.0158 32.0 29.0
0.0 43.192238 0.0159 31.0 30.0
0.0 44.681625 0.0159 31.0 30.0
0.0 44.681625 0.0160 30.0 31.0
0.0 46.171013 0.0160 30.0 31.0
0.0 46.171013 0.0161 29.0 32.0
0.0 47.6604 0.0161 29.0 32.0
0.0 47.6604 0.0162 28.0 33.0
0.25314197 49.120823 -0.14615159162 28.0 33.0
0.25314197 49.120823 -0.14615159163 27.0 34.0
0.50628394 50.581245 -0.29230317163 27.0 34.0
0.50628394 50.581245 -0.29230317164 26.0 35.0
0.7594259 52.041668 -0.43845475164 26.0 35.0
0.7594259 52.041668 -0.43845475165 25.0 36.0
1.0125679 53.50209 -0.58460635165 25.0 36.0
1.0125679 53.50209 -0.58460635166 24.0 37.0
1.2657099 54.962513 -0.73075795166 24.0 37.0
1.2657099 54.962513 -0.73075795167 23.0 38.0
1.5188519 56.422935 -0.87690955167 23.0 38.0
1.5188519 56.422935 -0.87690955168 22.0 39.0
1.7719939 57.883358 -1.0230612168 22.0 39.0
1.7719939 57.883358 -1.0230612169 21.0 40.0
2.0251358 59.34378 -1.1692127169 21.0 40.0
2.0251358 59.34378 -1.1692127170 12.0 41.0
2.0251358 60.833168 -1.1692127170 12.0 41.0
2.0251358 60.833168 -1.1692127171 11.0 42.0
2.0251358 62.322556 -1.1692127171 11.0 42.0
2.0251358 62.322556 -1.1692127172 10.0 43.0
2.0251358 63.811943 -1.1692127172 10.0 43.0
2.0251358 63.811943 -1.1692127173 9.0 44.0
2.0251358 65.30133 -1.1692127173 9.0 44.0
2.0251358 65.30133 -1.1692127174 4.0 45.0
1.7719938 66.76175 -1.0230612174 4.0 45.0
1.7719938 66.76175 -1.0230612175 3.0 46.0
1.5188518 68.22217 -0.87690955175 3.0 46.0
1.5188518 68.22217 -0.87690955176 0.0 47.0
1.5188518 69.711555 -0.87690955176 0.0 47.0
1.5188518 69.711555 -0.87690955177 0.0 48.0
1.5188518 71.20094 -0.87690955177 0.0 48.0
1.5188518 68.22217 -0.87690955178 2.0 47.0
1.2265486 69.68259 -0.87690955178 2.0 47.0
1.2265486 69.68259 -0.87690955179 1.0 48.0
0.93424535 71.143005 -0.87690955179 1.0 48.0
0.93424535 71.143005 -0.87690955180 0.0 49.0
0.93424535 72.63239 -0.87690955180 0.0 49.0
0.93424535 72.63239 -0.87690955181 0.0 50.0
0.93424535 74.12178 -0.87690955181 0.0 50.0
0.93424535 71.143005 -0.87690955182 0.0 49.0
0.36100817 72.51766 -0.87690955182 0.0 49.0
0.36100817 72.51766 -0.87690955183 0.0 50.0
-0.21222901 73.89232 -0.87690955183 0.0 50.0
2.0251358 65.30133 -1.1692127184 8.0 45.0
2.0251358 66.79072 -1.1692127184 8.0 45.0
2.0251358 66.79072 -1.1692127185 7.0 46.0
2.0251358 68.280106 -1.1692127185 7.0 46.0
2.0251358 68.280106 -1.1692127186 6.0 47.0
2.0251358 69.76949 -1.1692127186 6.0 47.0
2.0251358 69.76949 -1.1692127187 5.0 48.0
2.0251358 71.25888 -1.1692127187 5.0 48.0
2.0251358 71.25888 -1.1692127188 4.0 49.0
2.2782776 72.7193 -1.3153642188 4.0 49.0
2.2782776 72.7193 -1.3153642189 3.0 50.0
2.5314195 74.17972 -1.4615158189 3.0 50.0
2.5314195 74.17972 -1.4615158190 0.0 51.0
3.0278575 75.554375 -1.7481344190 0.0 51.0
3.0278575 75.554375 -1.7481344191 0.0 52.0
3.6010947 76.92903 -1.7481344191 0.0 52.0
2.5314195 74.17972 -1.4615158192 2.0 51.0
2.8237226 75.64014 -1.4615158192 2.0 51.0
2.8237226 75.64014 -1.4615158193 1.0 52.0
3.1160257 77.100555 -1.4615158193 1.0 52.0
3.1160257 77.100555 -1.4615158194 0.0 53.0
3.6124637 78.47521 -1.7481344194 0.0 53.0
3.6124637 78.47521 -1.7481344195 0.0 54.0
4.185701 79.84987 -1.7481344195 0.0 54.0
3.1160257 77.100555 -1.4615158196 0.0 53.0
3.1160257 78.58994 -1.4615158196 0.0 53.0
3.1160257 78.58994 -1.4615158197 0.0 54.0
3.1160257 80.07933 -1.4615158197 0.0 54.0
2.0251358 71.25888 -1.1692127198 4.0 49.0
1.7328326 72.7193 -1.1692127198 4.0 49.0
1.7328326 72.7193 -1.1692127199 3.0 50.0
1.4405293 74.17972 -1.1692127199 3.0 50.0
1.4405293 74.17972 -1.1692127200 0.0 51.0
1.4405293 75.669106 -1.1692127200 0.0 51.0
1.4405293 75.669106 -1.1692127201 0.0 52.0
1.4405293 77.15849 -1.1692127201 0.0 52.0
1.4405293 74.17972 -1.1692127202 2.0 51.0
1.1482261 75.64014 -1.1692127202 2.0 51.0
1.1482261 75.64014 -1.1692127203 1.0 52.0
0.85592294 77.100555 -1.1692127203 1.0 52.0
0.85592294 77.100555 -1.1692127204 0.0 53.0
0.85592294 78.58994 -1.1692127204 0.0 53.0
0.85592294 78.58994 -1.1692127205 0.0 54.0
0.85592294 80.07933 -1.1692127205 0.0 54.0
0.85592294 77.100555 -1.1692127206 0.0 53.0
0.28268576 78.47521 -1.1692127206 0.0 53.0
0.28268576 78.47521 -1.1692127207 0.0 54.0
-0.29055142 79.84987 -1.1692127207 0.0 54.0
2.0251358 59.34378 -1.1692127208 20.0 41.0
2.3174388 60.804203 -1.1692127208 20.0 41.0
2.3174388 60.804203 -1.1692127209 19.0 42.0
2.609742 62.264626 -1.1692127209 19.0 42.0
2.609742 62.264626 -1.1692127210 18.0 43.0
2.902045 63.725048 -1.1692127210 18.0 43.0
2.902045 63.725048 -1.1692127211 17.0 44.0
3.194348 65.18547 -1.1692127211 17.0 44.0
3.194348 65.18547 -1.1692127212 16.0 45.0
3.4866512 66.64589 -1.1692127212 16.0 45.0
3.4866512 66.64589 -1.1692127213 15.0 46.0
3.7789543 68.10631 -1.1692127213 15.0 46.0
3.7789543 68.10631 -1.1692127214 14.0 47.0
4.0712576 69.56673 -1.1692127214 14.0 47.0
4.0712576 69.56673 -1.1692127215 13.0 48.0
4.3635607 71.027145 -1.1692127215 13.0 48.0
4.3635607 71.027145 -1.1692127216 12.0 49.0
4.8599987 72.4018 -1.4558313216 12.0 49.0
4.8599987 72.4018 -1.4558313217 11.0 50.0
5.3564367 73.77646 -1.7424499217 11.0 50.0
5.3564367 73.77646 -1.7424499218 10.0 51.0
5.8528748 75.151115 -2.0290685218 10.0 51.0
5.8528748 75.151115 -2.0290685219 9.0 52.0
6.349313 76.52577 -2.3156872219 9.0 52.0
6.349313 76.52577 -2.3156872220 4.0 53.0
6.6024547 77.98619 -2.4618387220 4.0 53.0
6.6024547 77.98619 -2.4618387221 3.0 54.0
6.8555965 79.44661 -2.6079903221 3.0 54.0
6.8555965 79.44661 -2.6079903222 0.0 55.0
7.3520346 80.821266 -2.894609222 0.0 55.0
7.3520346 80.821266 -2.894609223 0.0 56.0
7.925272 82.19592 -2.894609223 0.0 56.0
6.8555965 79.44661 -2.6079903224 2.0 55.0
7.1478996 80.90703 -2.6079903224 2.0 55.0
7.1478996 80.90703 -2.6079903225 1.0 56.0
7.4402027 82.36745 -2.6079903225 1.0 56.0
7.4402027 82.36745 -2.6079903226 0.0 57.0
7.9366407 83.7421 -2.894609226 0.0 57.0
7.9366407 83.7421 -2.894609227 0.0 58.0
8.509878 85.11676 -2.894609227 0.0 58.0
7.4402027 82.36745 -2.6079903228 0.0 57.0
7.4402027 83.856834 -2.6079903228 0.0 57.0
7.4402027 83.856834 -2.6079903229 0.0 58.0
7.4402027 85.34622 -2.6079903229 0.0 58.0
6.349313 76.52577 -2.3156872230 8.0 53.0
6.92255 77.90043 -2.3156872230 8.0 53.0
6.92255 77.90043 -2.3156872231 7.0 54.0
7.4957876 79.275085 -2.3156872231 7.0 54.0
7.4957876 79.275085 -2.3156872232 6.0 55.0
8.069025 80.64974 -2.3156872232 6.0 55.0
8.069025 80.64974 -2.3156872233 5.0 56.0
8.642262 82.0244 -2.3156872233 5.0 56.0
8.642262 82.0244 -2.3156872234 4.0 57.0
9.362687 83.25982 -2.7316246234 4.0 57.0
9.362687 83.25982 -2.7316246235 3.0 58.0
10.083112 84.49524 -3.147562235 3.0 58.0
10.083112 84.49524 -3.147562236 0.0 59.0
10.999503 85.54337 -3.6766405236 0.0 59.0
10.999503 85.54337 -3.6766405237 0.0 60.0
12.05766 86.59151 -3.6766405237 0.0 60.0
10.083112 84.49524 -3.147562238 2.0 59.0
10.914987 85.73066 -3.147562238 2.0 59.0
10.914987 85.73066 -3.147562239 1.0 60.0
11.746861 86.96608 -3.147562239 1.0 60.0
11.746861 86.96608 -3.147562240 0.0 61.0
12.663253 88.01421 -3.6766405240 0.0 61.0
12.663253 88.01421 -3.6766405241 0.0 62.0
13.72141 89.06235 -3.6766405241 0.0 62.0
11.746861 86.96608 -3.147562242 0.0 61.0
12.320099 88.34074 -3.147562242 0.0 61.0
12.320099 88.34074 -3.147562243 0.0 62.0
12.893336 89.71539 -3.147562243 0.0 62.0
8.642262 82.0244 -2.3156872244 4.0 57.0
8.934566 83.48482 -2.3156872244 4.0 57.0
8.934566 83.48482 -2.3156872245 3.0 58.0
9.226869 84.94524 -2.3156872245 3.0 58.0
9.226869 84.94524 -2.3156872246 0.0 59.0
9.723307 86.31989 -2.602306246 0.0 59.0
9.723307 86.31989 -2.602306247 0.0 60.0
10.296544 87.69455 -2.602306247 0.0 60.0
9.226869 84.94524 -2.3156872248 2.0 59.0
9.519172 86.405655 -2.3156872248 2.0 59.0
9.519172 86.405655 -2.3156872249 1.0 60.0
9.811475 87.86607 -2.3156872249 1.0 60.0
9.811475 87.86607 -2.3156872250 0.0 61.0
10.307913 89.24073 -2.602306250 0.0 61.0
10.307913 89.24073 -2.602306251 0.0 62.0
10.88115 90.61539 -2.602306251 0.0 62.0
9.811475 87.86607 -2.3156872252 0.0 61.0
9.811475 89.35546 -2.3156872252 0.0 61.0
9.811475 89.35546 -2.3156872253 0.0 62.0
9.811475 90.84485 -2.3156872253 0.0 62.0
4.3635607 71.027145 -1.1692127254 12.0 49.0
4.3635607 72.51653 -1.1692127254 12.0 49.0
4.3635607 72.51653 -1.1692127255 11.0 50.0
4.3635607 74.00592 -1.1692127255 11.0 50.0
4.3635607 74.00592 -1.1692127256 10.0 51.0
4.3635607 75.49531 -1.1692127256 10.0 51.0
4.3635607 75.49531 -1.1692127257 9.0 52.0
4.3635607 76.984695 -1.1692127257 9.0 52.0
4.3635607 76.984695 -1.1692127258 4.0 53.0
4.110419 78.445114 -1.0230612258 4.0 53.0
4.110419 78.445114 -1.0230612259 3.0 54.0
3.857277 79.90553 -0.87690955259 3.0 54.0
3.857277 79.90553 -0.87690955260 0.0 55.0
3.857277 81.39492 -0.87690955260 0.0 55.0
3.857277 81.39492 -0.87690955261 0.0 56.0
3.857277 82.88431 -0.87690955261 0.0 56.0
3.857277 79.90553 -0.87690955262 2.0 55.0
3.5649738 81.36595 -0.87690955262 2.0 55.0
3.5649738 81.36595 -0.87690955263 1.0 56.0
3.2726707 82.82637 -0.87690955263 1.0 56.0
3.2726707 82.82637 -0.87690955264 0.0 57.0
3.2726707 84.31576 -0.87690955264 0.0 57.0
3.2726707 84.31576 -0.87690955265 0.0 58.0
3.2726707 85.805145 -0.87690955265 0.0 58.0
3.2726707 82.82637 -0.87690955266 0.0 57.0
2.6994336 84.20103 -0.87690955266 0.0 57.0
2.6994336 84.20103 -0.87690955267 0.0 58.0
2.1261964 85.57568 -0.87690955267 0.0 58.0
4.3635607 76.984695 -1.1692127268 8.0 53.0
4.3635607 78.47408 -1.1692127268 8.0 53.0
4.3635607 78.47408 -1.1692127269 7.0 54.0
4.3635607 79.96347 -1.1692127269 7.0 54.0
4.3635607 79.96347 -1.1692127270 6.0 55.0
4.3635607 81.45286 -1.1692127270 6.0 55.0
4.3635607 81.45286 -1.1692127271 5.0 56.0
4.3635607 82.942245 -1.1692127271 5.0 56.0
4.3635607 82.942245 -1.1692127272 4.0 57.0
4.6167026 84.402664 -1.3153642272 4.0 57.0
4.6167026 84.402664 -1.3153642273 3.0 58.0
4.8698444 85.86308 -1.4615158273 3.0 58.0
4.8698444 85.86308 -1.4615158274 0.0 59.0
5.3662825 87.23774 -1.7481344274 0.0 59.0
5.3662825 87.23774 -1.7481344275 0.0 60.0
5.93952 88.6124 -1.7481344275 0.0 60.0
4.8698444 85.86308 -1.4615158276 2.0 59.0
5.1621475 87.3235 -1.4615158276 2.0 59.0
5.1621475 87.3235 -1.4615158277 1.0 60.0
5.4544506 88.78392 -1.4615158277 1.0 60.0
5.4544506 88.78392 -1.4615158278 0.0 61.0
5.9508886 90.15858 -1.7481344278 0.0 61.0
5.9508886 90.15858 -1.7481344279 0.0 62.0
6.524126 91.53323 -1.7481344279 0.0 62.0
5.4544506 88.78392 -1.4615158280 0.0 61.0
5.4544506 90.27331 -1.4615158280 0.0 61.0
5.4544506 90.27331 -1.4615158281 0.0 62.0
5.4544506 91.762695 -1.4615158281 0.0 62.0
4.3635607 82.942245 -1.1692127282 4.0 57.0
4.0712576 84.402664 -1.1692127282 4.0 57.0
4.0712576 84.402664 -1.1692127283 3.0 58.0
3.7789545 85.86308 -1.1692127283 3.0 58.0
3.7789545 85.86308 -1.1692127284 0.0 59.0
3.7789545 87.35247 -1.1692127284 0.0 59.0
3.7789545 87.35247 -1.1692127285 0.0 60.0
3.7789545 88.84186 -1.1692127285 0.0 60.0
3.7789545 85.86308 -1.1692127286 2.0 59.0
3.4866514 87.3235 -1.1692127286 2.0 59.0
3.4866514 87.3235 -1.1692127287 1.0 60.0
3.1943483 88.78392 -1.1692127287 1.0 60.0
3.1943483 88.78392 -1.1692127288 0.0 61.0
3.1943483 90.27331 -1.1692127288 0.0 61.0
3.1943483 90.27331 -1.1692127289 0.0 62.0
3.1943483 91.762695 -1.1692127289 0.0 62.0
3.1943483 88.78392 -1.1692127290 0.0 61.0
2.6211112 90.15858 -1.1692127290 0.0 61.0
2.6211112 90.15858 -1.1692127291 0.0 62.0
2.047874 91.53323 -1.1692127291 0.0 62.0
0.0 47.6604 0.0292 28.0 33.0
-0.29230317 49.120823 0.0292 28.0 33.0
-0.29230317 49.120823 0.0293 27.0 34.0
-0.58460635 50.581245 0.0293 27.0 34.0
-0.58460635 50.581245 0.0294 26.0 35.0
-0.8769095 52.041668 0.0294 26.0 35.0
-0.8769095 52.041668 0.0295 25.0 36.0
-1.1692127 53.50209 0.0295 25.0 36.0
-1.1692127 53.50209 0.0296 24.0 37.0
-1.4615159 54.962513 0.0296 24.0 37.0
-1.4615159 54.962513 0.0297 23.0 38.0
-1.7538191 56.422935 0.0297 23.0 38.0
-1.7538191 56.422935 0.0298 22.0 39.0
-2.0461223 57.883358 0.0298 22.0 39.0
-2.0461223 57.883358 0.0299 21.0 40.0
-2.3384254 59.34378 0.0299 21.0 40.0
-2.3384254 59.34378 0.0300 12.0 41.0
-2.8348634 60.718433 0.2866186300 12.0 41.0
-2.8348634 60.718433 0.2866186301 11.0 42.0
-3.3313015 62.093086 0.5732372301 11.0 42.0
-3.3313015 62.093086 0.5732372302 10.0 43.0
-3.8277395 63.46774 0.8598558302 10.0 43.0
-3.8277395 63.46774 0.8598558303 9.0 44.0
-4.3241773 64.84239 1.1464744303 9.0 44.0
-4.3241773 64.84239 1.1464744304 4.0 45.0
-5.0446024 66.07781 1.5624119304 4.0 45.0
-5.0446024 66.07781 1.5624119305 3.0 46.0
-5.765027 67.31323 1.9783494305 3.0 46.0
-5.765027 67.31323 1.9783494306 0.0 47.0
-6.261465 68.68789 2.264968306 0.0 47.0
-6.261465 68.68789 2.264968307 0.0 48.0
-6.8347025 70.062546 2.264968307 0.0 48.0
-5.765027 67.31323 1.9783494308 2.0 47.0
-6.596902 68.54865 1.9783494308 2.0 47.0
-6.596902 68.54865 1.9783494309 1.0 48.0
-7.4287767 69.78407 1.9783494309 1.0 48.0
-7.4287767 69.78407 1.9783494310 0.0 49.0
-7.925215 71.15873 2.264968310 0.0 49.0
-7.925215 71.15873 2.264968311 0.0 50.0
-8.498452 72.53339 2.264968311 0.0 50.0
-7.4287767 69.78407 1.9783494312 0.0 49.0
-8.486934 70.83221 1.9783494312 0.0 49.0
-8.486934 70.83221 1.9783494313 0.0 50.0
-9.545091 71.88034 1.9783494313 0.0 50.0
-4.3241773 64.84239 1.1464744314 8.0 45.0
-4.897414 66.21705 1.1464744314 8.0 45.0
-4.897414 66.21705 1.1464744315 7.0 46.0
-5.4706516 67.591705 1.1464744315 7.0 46.0
-5.4706516 67.591705 1.1464744316 6.0 47.0
-6.043889 68.96636 1.1464744316 6.0 47.0
-6.043889 68.96636 1.1464744317 5.0 48.0
-6.6171265 70.34102 1.1464744317 5.0 48.0
-6.6171265 70.34102 1.1464744318 4.0 49.0
-6.8702683 71.80144 1.2926259318 4.0 49.0
-6.8702683 71.80144 1.2926259319 3.0 50.0
-7.12341 73.261856 1.4387774319 3.0 50.0
-7.12341 73.261856 1.4387774320 0.0 51.0
-7.12341 74.75124 1.4387774320 0.0 51.0
-7.12341 74.75124 1.4387774321 0.0 52.0
-7.12341 76.24063 1.4387774321 0.0 52.0
-7.12341 73.261856 1.4387774322 2.0 51.0
-7.4157133 74.722275 1.4387774322 2.0 51.0
-7.4157133 74.722275 1.4387774323 1.0 52.0
-7.7080164 76.18269 1.4387774323 1.0 52.0
-7.7080164 76.18269 1.4387774324 0.0 53.0
-7.7080164 77.67208 1.4387774324 0.0 53.0
-7.7080164 77.67208 1.4387774325 0.0 54.0
-7.7080164 79.16147 1.4387774325 0.0 54.0
-7.7080164 76.18269 1.4387774326 0.0 53.0
-8.281254 77.55735 1.4387774326 0.0 53.0
-8.281254 77.55735 1.4387774327 0.0 54.0
-8.854491 78.93201 1.4387774327 0.0 54.0
-6.6171265 70.34102 1.1464744328 4.0 49.0
-7.4490013 71.57644 1.1464744328 4.0 49.0
-7.4490013 71.57644 1.1464744329 3.0 50.0
-8.280876 72.81186 1.1464744329 3.0 50.0
-8.280876 72.81186 1.1464744330 0.0 51.0
-8.777314 74.186516 1.433093330 0.0 51.0
-8.777314 74.186516 1.433093331 0.0 52.0
-9.350552 75.56117 1.433093331 0.0 52.0
-8.280876 72.81186 1.1464744332 2.0 51.0
-9.112751 74.04728 1.1464744332 2.0 51.0
-9.112751 74.04728 1.1464744333 1.0 52.0
-9.944626 75.2827 1.1464744333 1.0 52.0
-9.944626 75.2827 1.1464744334 0.0 53.0
-10.441064 76.65736 1.433093334 0.0 53.0
-10.441064 76.65736 1.433093335 0.0 54.0
-11.014301 78.03201 1.433093335 0.0 54.0
-9.944626 75.2827 1.1464744336 0.0 53.0
-11.002783 76.33083 1.1464744336 0.0 53.0
-11.002783 76.33083 1.1464744337 0.0 54.0
-12.06094 77.37897 1.1464744337 0.0 54.0
-2.3384254 59.34378 0.0338 20.0 41.0
-2.6307285 60.804203 0.0338 20.0 41.0
-2.6307285 60.804203 0.0339 19.0 42.0
-2.9230316 62.264626 0.0339 19.0 42.0
-2.9230316 62.264626 0.0340 18.0 43.0
-3.2153347 63.725048 0.0340 18.0 43.0
-3.2153347 63.725048 0.0341 17.0 44.0
-3.5076377 65.18547 0.0341 17.0 44.0
-3.5076377 65.18547 0.0342 16.0 45.0
-3.7999408 66.64589 0.0342 16.0 45.0
-3.7999408 66.64589 0.0343 15.0 46.0
-4.092244 68.10631 0.0343 15.0 46.0
-4.092244 68.10631 0.0344 14.0 47.0
-4.384547 69.56673 0.0344 14.0 47.0
-4.384547 69.56673 0.0345 13.0 48.0
-4.6768503 71.027145 0.0345 13.0 48.0
-4.6768503 71.027145 0.0346 12.0 49.0
-4.6768503 72.51653 0.0346 12.0 49.0
-4.6768503 72.51653 0.0347 11.0 50.0
-4.6768503 74.00592 0.0347 11.0 50.0
-4.6768503 74.00592 0.0348 10.0 51.0
-4.6768503 75.49531 0.0348 10.0 51.0
-4.6768503 75.49531 0.0349 9.0 52.0
-4.6768503 76.984695 0.0349 9.0 52.0
-4.6768503 76.984695 0.0350 4.0 53.0
-4.929992 78.445114 0.14615159350 4.0 53.0
-4.929992 78.445114 0.14615159351 3.0 54.0
-5.183134 79.90553 0.29230317351 3.0 54.0
-5.183134 79.90553 0.29230317352 0.0 55.0
-5.183134 81.39492 0.29230317352 0.0 55.0
-5.183134 81.39492 0.29230317353 0.0 56.0
-5.183134 82.88431 0.29230317353 0.0 56.0
-5.183134 79.90553 0.29230317354 2.0 55.0
-5.475437 81.36595 0.29230317354 2.0 55.0
-5.475437 81.36595 0.29230317355 1.0 56.0
-5.7677402 82.82637 0.29230317355 1.0 56.0
-5.7677402 82.82637 0.29230317356 0.0 57.0
-5.7677402 84.31576 0.29230317356 0.0 57.0
-5.7677402 84.31576 0.29230317357 0.0 58.0
-5.7677402 85.805145 0.29230317357 0.0 58.0
-5.7677402 82.82637 0.29230317358 0.0 57.0
-6.3409777 84.20103 0.29230317358 0.0 57.0
-6.3409777 84.20103 0.29230317359 0.0 58.0
-6.914215 85.57568 0.29230317359 0.0 58.0
-4.6768503 76.984695 0.0360 8.0 53.0
-4.6768503 78.47408 0.0360 8.0 53.0
-4.6768503 78.47408 0.0361 7.0 54.0
-4.6768503 79.96347 0.0361 7.0 54.0
-4.6768503 79.96347 0.0362 6.0 55.0
-4.6768503 81.45286 0.0362 6.0 55.0
-4.6768503 81.45286 0.0363 5.0 56.0
-4.6768503 82.942245 0.0363 5.0 56.0
-4.6768503 82.942245 0.0364 4.0 57.0
-4.4237084 84.402664 -0.14615159364 4.0 57.0
-4.4237084 84.402664 -0.14615159365 3.0 58.0
-4.1705666 85.86308 -0.29230317365 3.0 58.0
-4.1705666 85.86308 -0.29230317366 0.0 59.0
-3.6741285 87.23774 -0.5789218366 0.0 59.0
-3.6741285 87.23774 -0.5789218367 0.0 60.0
-3.1008914 88.6124 -0.5789218367 0.0 60.0
-4.1705666 85.86308 -0.29230317368 2.0 59.0
-3.8782635 87.3235 -0.29230317368 2.0 59.0
-3.8782635 87.3235 -0.29230317369 1.0 60.0
-3.5859604 88.78392 -0.29230317369 1.0 60.0
-3.5859604 88.78392 -0.29230317370 0.0 61.0
-3.0895224 90.15858 -0.5789218370 0.0 61.0
-3.0895224 90.15858 -0.5789218371 0.0 62.0
-2.5162852 91.53323 -0.5789218371 0.0 62.0
-3.5859604 88.78392 -0.29230317372 0.0 61.0
-3.5859604 90.27331 -0.29230317372 0.0 61.0
-3.5859604 90.27331 -0.29230317373 0.0 62.0
-3.5859604 91.762695 -0.29230317373 0.0 62.0
-4.6768503 82.942245 0.0374 4.0 57.0
-4.9691534 84.402664 0.0374 4.0 57.0
-4.9691534 84.402664 0.0375 3.0 58.0
-5.2614565 85.86308 0.0375 3.0 58.0
-5.2614565 85.86308 0.0376 0.0 59.0
-5.2614565 87.35247 0.0376 0.0 59.0
-5.2614565 87.35247 0.0377 0.0 60.0
-5.2614565 88.84186 0.0377 0.0 60.0
-5.2614565 85.86308 0.0378 2.0 59.0
-5.5537596 87.3235 0.0378 2.0 59.0
-5.5537596 87.3235 0.0379 1.0 60.0
-5.8460627 88.78392 0.0379 1.0 60.0
-5.8460627 88.78392 0.0380 0.0 61.0
-5.8460627 90.27331 0.0380 0.0 61.0
-5.8460627 90.27331 0.0381 0.0 62.0
-5.8460627 91.762695 0.0381 0.0 62.0
-5.8460627 88.78392 0.0382 0.0 61.0
-6.4193 90.15858 0.0382 0.0 61.0
-6.4193 90.15858 0.0383 0.0 62.0
-6.9925375 91.53323 0.0383 0.0 62.0
-4.6768503 71.027145 0.0384 12.0 49.0
-5.2500877 72.4018 0.0384 12.0 49.0
-5.2500877 72.4018 0.0385 11.0 50.0
-5.823325 73.77646 0.0385 11.0 50.0
-5.823325 73.77646 0.0386 10.0 51.0
-6.3965626 75.151115 0.0386 10.0 51.0
-6.3965626 75.151115 0.0387 9.0 52.0
-6.9698 76.52577 0.0387 9.0 52.0
-6.9698 76.52577 0.0388 4.0 53.0
-7.6902246 77.76119 0.4159375388 4.0 53.0
-7.6902246 77.76119 0.4159375389 3.0 54.0
-8.410649 78.99661 0.831875389 3.0 54.0
-8.410649 78.99661 0.831875390 0.0 55.0
-8.907087 80.37127 1.1184936390 0.0 55.0
-8.907087 80.37127 1.1184936391 0.0 56.0
-9.480325 81.745926 1.1184936391 0.0 56.0
-8.410649 78.99661 0.831875392 2.0 55.0
-9.242524 80.23203 0.831875392 2.0 55.0
-9.242524 80.23203 0.831875393 1.0 56.0
-10.074399 81.46745 0.831875393 1.0 56.0
-10.074399 81.46745 0.831875394 0.0 57.0
-10.570837 82.84211 1.1184936394 0.0 57.0
-10.570837 82.84211 1.1184936395 0.0 58.0
-11.144074 84.21677 1.1184936395 0.0 58.0
-10.074399 81.46745 0.831875396 0.0 57.0
-11.132556 82.51559 0.831875396 0.0 57.0
-11.132556 82.51559 0.831875397 0.0 58.0
-12.190713 83.56372 0.831875397 0.0 58.0
-6.9698 76.52577 0.0398 8.0 53.0
-7.5430374 77.90043 0.0398 8.0 53.0
-7.5430374 77.90043 0.0399 7.0 54.0
-8.116275 79.275085 0.0399 7.0 54.0
-8.116275 79.275085 0.0400 6.0 55.0
-8.689512 80.64974 0.0400 6.0 55.0
-8.689512 80.64974 0.0401 5.0 56.0
-9.26275 82.0244 0.0401 5.0 56.0
-9.26275 82.0244 0.0402 4.0 57.0
-9.515892 83.48482 0.14615159402 4.0 57.0
-9.515892 83.48482 0.14615159403 3.0 58.0
-9.769034 84.94524 0.29230317403 3.0 58.0
-9.769034 84.94524 0.29230317404 0.0 59.0
-9.769034 86.43462 0.29230317404 0.0 59.0
-9.769034 86.43462 0.29230317405 0.0 60.0
-9.769034 87.92401 0.29230317405 0.0 60.0
-9.769034 84.94524 0.29230317406 2.0 59.0
-10.061337 86.405655 0.29230317406 2.0 59.0
-10.061337 86.405655 0.29230317407 1.0 60.0
-10.353641 87.86607 0.29230317407 1.0 60.0
-10.353641 87.86607 0.29230317408 0.0 61.0
-10.353641 89.35546 0.29230317408 0.0 61.0
-10.353641 89.35546 0.29230317409 0.0 62.0
-10.353641 90.84485 0.29230317409 0.0 62.0
-10.353641 87.86607 0.29230317410 0.0 61.0
-10.926878 89.24073 0.29230317410 0.0 61.0
-10.926878 89.24073 0.29230317411 0.0 62.0
-11.500115 90.61539 0.29230317411 0.0 62.0
-9.26275 82.0244 0.0412 4.0 57.0
-10.0946245 83.25982 0.0412 4.0 57.0
-10.0946245 83.25982 0.0413 3.0 58.0
-10.926499 84.49524 0.0413 3.0 58.0
-10.926499 84.49524 0.0414 0.0 59.0
-11.422937 85.869896 0.2866186414 0.0 59.0
-11.422937 85.869896 0.2866186415 0.0 60.0
-11.996175 87.24455 0.2866186415 0.0 60.0
-10.926499 84.49524 0.0416 2.0 59.0
-11.758374 85.73066 0.0416 2.0 59.0
-11.758374 85.73066 0.0417 1.0 60.0
-12.590249 86.96608 0.0417 1.0 60.0
-12.590249 86.96608 0.0418 0.0 61.0
-13.086687 88.34074 0.2866186418 0.0 61.0
-13.086687 88.34074 0.2866186419 0.0 62.0
-13.6599245 89.71539 0.2866186419 0.0 62.0
-12.590249 86.96608 0.0420 0.0 61.0
-13.648406 88.01421 0.0420 0.0 61.0
-13.648406 88.01421 0.0421 0.0 62.0
-14.706563 89.06235 0.0421 0.0 62.0
