0.0 0.0 0.00 11.0 1.0
0.0 3.2735283 0.00 11.0 1.0
0.0 3.2735283 0.01 10.0 2.0
0.0 6.5470567 0.01 10.0 2.0
0.0 6.5470567 0.02 1.0 3.0
2.430568 8.232021 -1.40328912 1.0 3.0
2.430568 8.232021 -1.40328913 0.0 4.0
3.82702 11.08086 -2.2095313 0.0 4.0
3.82702 11.08086 -2.2095314 0.0 5.0
3.82702 14.354388 -2.2095314 0.0 5.0
0.0 6.5470567 0.05 1.0 3.0
-1.396452 9.395895 0.80624195 1.0 3.0
-1.396452 9.395895 0.80624196 0.0 4.0
-1.396452 12.669423 0.80624196 0.0 4.0
-1.396452 12.669423 0.80624197 0.0 5.0
0.0 15.518262 0.07 0.0 5.0
0.0 6.5470567 0.08 9.0 3.0
0.0 9.820585 0.08 9.0 3.0
0.0 9.820585 0.09 8.0 4.0
0.0 13.094113 0.09 8.0 4.0
0.0 13.094113 0.010 1.0 5.0
2.430568 14.779078 -1.403289110 1.0 5.0
2.430568 14.779078 -1.403289111 0.0 6.0
3.82702 17.627916 -2.20953111 0.0 6.0
3.82702 17.627916 -2.20953112 0.0 7.0
3.82702 20.901445 -2.20953112 0.0 7.0
0.0 13.094113 0.013 1.0 5.0
-1.396452 15.942952 0.806241913 1.0 5.0
-1.396452 15.942952 0.806241914 0.0 6.0
-1.396452 19.21648 0.806241914 0.0 6.0
-1.396452 19.21648 0.806241915 0.0 7.0
0.0 22.06532 0.015 0.0 7.0
0.0 13.094113 0.016 7.0 5.0
2.430568 14.779078 -1.403289116 7.0 5.0
2.430568 14.779078 -1.403289117 6.0 6.0
4.861136 16.464043 -2.806578217 6.0 6.0
4.861136 16.464043 -2.806578218 1.0 7.0
7.3632812 14.925099 -4.25119218 1.0 7.0
7.3632812 14.925099 -4.25119219 0.0 8.0
10.197309 15.008994 -5.887418719 0.0 8.0
10.197309 15.008994 -5.887418720 0.0 9.0
12.627876 16.693958 -7.290707620 0.0 9.0
4.861136 16.464043 -2.806578221 1.0 7.0
6.2575874 19.312881 -3.6128221 1.0 7.0
6.2575874 19.312881 -3.6128222 0.0 8.0
8.688155 20.997847 -5.01610922 0.0 8.0
8.688155 20.997847 -5.01610923 0.0 9.0
11.522182 21.081741 -6.652335623 0.0 9.0
4.861136 16.464043 -2.806578224 5.0 7.0
6.4736195 19.312881 -2.806578224 5.0 7.0
6.4736195 19.312881 -2.806578225 4.0 8.0
8.086103 22.16172 -2.806578225 4.0 8.0
8.086103 22.16172 -2.806578226 1.0 9.0
10.920131 22.245615 -4.44280526 1.0 9.0
10.920131 22.245615 -4.44280527 0.0 10.0
13.350698 23.93058 -5.846093727 0.0 10.0
13.350698 23.93058 -5.846093728 0.0 11.0
14.74715 26.779419 -6.65233528 0.0 11.0
8.086103 22.16172 -2.806578229 1.0 9.0
8.086103 25.43525 -2.80657829 1.0 9.0
8.086103 25.43525 -2.80657830 0.0 10.0
9.482555 28.284088 -3.612819730 0.0 10.0
9.482555 28.284088 -3.612819731 0.0 11.0
11.913123 29.969053 -5.016108531 0.0 11.0
8.086103 22.16172 -2.806578232 3.0 9.0
8.086103 25.43525 -2.806578232 3.0 9.0
8.086103 25.43525 -2.806578233 2.0 10.0
8.086103 28.708778 -2.806578233 2.0 10.0
8.086103 28.708778 -2.806578234 1.0 11.0
10.516671 30.393744 -4.20986734 1.0 11.0
10.516671 30.393744 -4.20986735 0.0 12.0
11.913123 33.242584 -5.016108535 0.0 12.0
11.913123 33.242584 -5.016108536 0.0 13.0
11.913123 36.516113 -5.016108536 0.0 13.0
8.086103 28.708778 -2.806578237 1.0 11.0
6.6896515 31.557617 -2.000336237 1.0 11.0
6.6896515 31.557617 -2.000336238 0.0 12.0
6.689651 34.831146 -2.00033638 0.0 12.0
6.689651 34.831146 -2.00033639 0.0 13.0
8.0861025 37.679985 -2.806577739 0.0 13.0
0.0 13.094113 0.040 7.0 5.0
-1.396452 15.942952 0.806241940 7.0 5.0
-1.396452 15.942952 0.806241941 6.0 6.0
-2.792904 18.79179 1.612483941 6.0 6.0
-2.792904 18.79179 1.612483942 1.0 7.0
-1.396452 21.640629 0.806241942 1.0 7.0
-1.396452 21.640629 0.806241943 0.0 8.0
-1.396452 24.914158 0.806241943 0.0 8.0
-1.396452 24.914158 0.806241944 0.0 9.0
-2.792904 27.762997 1.612483944 0.0 9.0
-2.792904 18.79179 1.612483945 1.0 7.0
-5.2234716 20.476755 3.015772845 1.0 7.0
-5.2234716 20.476755 3.015772846 0.0 8.0
-6.6199236 23.325594 3.822014846 0.0 8.0
-6.6199236 23.325594 3.822014847 0.0 9.0
-6.6199236 26.599123 3.822014847 0.0 9.0
-2.792904 18.79179 1.612483948 5.0 7.0
-2.792904 22.06532 1.612483948 5.0 7.0
-2.792904 22.06532 1.612483949 4.0 8.0
-2.792904 25.338848 1.612483949 4.0 8.0
-2.792904 25.338848 1.612483950 1.0 9.0
-0.36233592 27.023813 0.2091947850 1.0 9.0
-0.36233592 27.023813 0.2091947851 0.0 10.0
1.034116 29.872652 -0.5970471551 0.0 10.0
1.034116 29.872652 -0.5970471552 0.0 11.0
1.034116 33.14618 -0.5970471552 0.0 11.0
-2.792904 25.338848 1.612483953 1.0 9.0
-4.189356 28.187687 2.418725753 1.0 9.0
-4.189356 28.187687 2.418725754 0.0 10.0
-4.189356 31.461216 2.418725754 0.0 10.0
-4.189356 31.461216 2.418725755 0.0 11.0
-2.792904 34.310055 1.612483755 0.0 11.0
-2.792904 25.338848 1.612483956 3.0 9.0
-1.18042 28.187687 1.612483956 3.0 9.0
-1.18042 28.187687 1.612483957 2.0 10.0
0.43206382 31.036526 1.612483957 2.0 10.0
0.43206382 31.036526 1.612483958 1.0 11.0
3.266091 31.12042 -0.02374267658 1.0 11.0
3.266091 31.12042 -0.02374267659 0.0 12.0
5.696659 32.805386 -1.427031659 0.0 12.0
5.696659 32.805386 -1.427031660 0.0 13.0
7.0931106 35.654224 -2.233273560 0.0 13.0
0.43206382 31.036526 1.612483961 1.0 11.0
0.43206382 34.310055 1.612483961 1.0 11.0
0.43206382 34.310055 1.612483962 0.0 12.0
1.8285158 37.158894 0.806241962 0.0 12.0
1.8285158 37.158894 0.806241963 0.0 13.0
4.2590837 38.843857 -0.5970471563 0.0 13.0
