0.0 0.0 0.00 60.0 1.0
-0.16555916 0.30501625 0.00 60.0 1.0
-0.16555916 0.30501625 0.01 59.0 2.0
-0.33111832 0.6100325 0.01 59.0 2.0
-0.33111832 0.6100325 0.02 58.0 3.0
-0.49667746 0.9150487 0.02 58.0 3.0
-0.49667746 0.9150487 0.03 57.0 4.0
-0.66223663 1.220065 0.03 57.0 4.0
-0.66223663 1.220065 0.04 56.0 5.0
-0.8277958 1.5250813 0.04 56.0 5.0
-0.8277958 1.5250813 0.05 55.0 6.0
-0.993355 1.8300976 0.05 55.0 6.0
-0.993355 1.8300976 0.06 54.0 7.0
-1.1589141 2.1351137 0.06 54.0 7.0
-1.1589141 2.1351137 0.07 53.0 8.0
-1.3244733 2.44013 0.07 53.0 8.0
-1.3244733 2.44013 0.08 52.0 9.0
-1.4900324 2.7451463 0.08 52.0 9.0
-1.4900324 2.7451463 0.09 51.0 10.0
-1.6555916 3.0501626 0.09 51.0 10.0
-1.6555916 3.0501626 0.010 50.0 11.0
-1.8211508 3.3551788 0.010 50.0 11.0
-1.8211508 3.3551788 0.011 49.0 12.0
-1.98671 3.660195 0.011 49.0 12.0
-1.98671 3.660195 0.012 48.0 13.0
-2.1522691 3.9652114 0.012 48.0 13.0
-2.1522691 3.9652114 0.013 47.0 14.0
-2.3178282 4.2702274 0.013 47.0 14.0
-2.3178282 4.2702274 0.014 46.0 15.0
-2.4833872 4.5752435 0.014 46.0 15.0
-2.4833872 4.5752435 0.015 45.0 16.0
-2.6489463 4.8802595 0.015 45.0 16.0
-2.6489463 4.8802595 0.016 28.0 17.0
-2.9125218 5.0616317 0.1344498716 28.0 17.0
-2.9125218 5.0616317 0.1344498717 27.0 18.0
-3.1760974 5.243004 0.2688997417 27.0 18.0
-3.1760974 5.243004 0.2688997418 26.0 19.0
-3.439673 5.424376 0.403349618 26.0 19.0
-3.439673 5.424376 0.403349619 25.0 20.0
-3.7032485 5.605748 0.537799519 25.0 20.0
-3.7032485 5.605748 0.537799520 24.0 21.0
-3.966824 5.7871203 0.672249320 24.0 21.0
-3.966824 5.7871203 0.672249321 23.0 22.0
-4.2303996 5.9684925 0.8066991621 23.0 22.0
-4.2303996 5.9684925 0.8066991622 22.0 23.0
-4.493975 6.1498647 0.94114922 22.0 23.0
-4.493975 6.1498647 0.94114923 21.0 24.0
-4.7575507 6.331237 1.075598823 21.0 24.0
-4.7575507 6.331237 1.075598824 12.0 25.0
-5.0906644 6.3403664 1.17253624 12.0 25.0
-5.0906644 6.3403664 1.17253625 11.0 26.0
-5.423778 6.349496 1.269473225 11.0 26.0
-5.423778 6.349496 1.269473226 10.0 27.0
-5.7568917 6.3586254 1.366410426 10.0 27.0
-5.7568917 6.3586254 1.366410427 9.0 28.0
-6.0900054 6.367755 1.463347627 9.0 28.0
-6.0900054 6.367755 1.463347628 4.0 29.0
-6.374348 6.2021956 1.573728928 4.0 29.0
-6.374348 6.2021956 1.573728929 3.0 30.0
-6.658691 6.0366364 1.684110329 3.0 30.0
-6.658691 6.0366364 1.684110330 0.0 31.0
-6.8331985 5.74075 1.733537730 0.0 31.0
-6.8331985 5.74075 1.733537731 0.0 32.0
-7.0145707 5.4448633 1.733537731 0.0 32.0
-6.658691 6.0366364 1.684110332 2.0 31.0
-6.963707 5.871077 1.684110332 2.0 31.0
-6.963707 5.871077 1.684110333 1.0 32.0
-7.268723 5.705518 1.684110333 1.0 32.0
-7.268723 5.705518 1.684110334 0.0 33.0
-7.5937157 5.7146473 1.80552334 0.0 33.0
-7.5937157 5.7146473 1.80552335 0.0 34.0
-7.940647 5.723777 1.80552335 0.0 34.0
-7.268723 5.705518 1.684110336 0.0 33.0
-7.450095 5.4096313 1.684110336 0.0 33.0
-7.450095 5.4096313 1.684110337 0.0 34.0
-7.6314673 5.1137447 1.684110337 0.0 34.0
-6.0900054 6.367755 1.463347638 8.0 29.0
-6.436937 6.3768845 1.463347638 8.0 29.0
-6.436937 6.3768845 1.463347639 7.0 30.0
-6.7838683 6.386014 1.463347639 7.0 30.0
-6.7838683 6.386014 1.463347640 6.0 31.0
-7.1308 6.3951435 1.463347640 6.0 31.0
-7.1308 6.3951435 1.463347641 5.0 32.0
-7.477731 6.404273 1.463347641 5.0 32.0
-7.477731 6.404273 1.463347642 4.0 33.0
-7.758185 6.585645 1.557658842 4.0 33.0
-7.758185 6.585645 1.557658843 3.0 34.0
-8.038638 6.7670174 1.6519743 3.0 34.0
-8.038638 6.7670174 1.6519744 0.0 35.0
-8.358578 6.776147 1.786135444 0.0 35.0
-8.358578 6.776147 1.786135445 0.0 36.0
-8.705509 6.7852764 1.786135445 0.0 36.0
-8.038638 6.7670174 1.6519746 2.0 35.0
-8.334525 6.9483895 1.6519746 2.0 35.0
-8.334525 6.9483895 1.6519747 1.0 36.0
-8.630412 7.1297617 1.6519747 1.0 36.0
-8.630412 7.1297617 1.6519748 0.0 37.0
-8.781368 7.4347777 1.719955948 0.0 37.0
-8.781368 7.4347777 1.719955949 0.0 38.0
-8.946927 7.739794 1.719955949 0.0 38.0
-8.630412 7.1297617 1.6519750 0.0 37.0
-8.977344 7.138891 1.6519750 0.0 37.0
-8.977344 7.138891 1.6519751 0.0 38.0
-9.324275 7.1480207 1.6519751 0.0 38.0
-7.477731 6.404273 1.463347652 4.0 33.0
-7.7827473 6.2387137 1.463347652 4.0 33.0
-7.7827473 6.2387137 1.463347653 3.0 34.0
-8.087764 6.0731544 1.463347653 3.0 34.0
-8.087764 6.0731544 1.463347654 0.0 35.0
-8.248339 5.777268 1.547677854 0.0 35.0
-8.248339 5.777268 1.547677855 0.0 36.0
-8.429711 5.4813814 1.547677855 0.0 36.0
-8.087764 6.0731544 1.463347656 2.0 35.0
-8.39278 5.907595 1.463347656 2.0 35.0
-8.39278 5.907595 1.463347657 1.0 36.0
-8.697797 5.742036 1.463347657 1.0 36.0
-8.697797 5.742036 1.463347658 0.0 37.0
-9.012875 5.7511654 1.60856258 0.0 37.0
-9.012875 5.7511654 1.60856259 0.0 38.0
-9.359806 5.760295 1.60856259 0.0 38.0
-8.697797 5.742036 1.463347660 0.0 37.0
-8.879169 5.4461493 1.463347660 0.0 37.0
-8.879169 5.4461493 1.463347661 0.0 38.0
-9.060542 5.150263 1.463347661 0.0 38.0
-4.7575507 6.331237 1.075598862 20.0 25.0
-5.053437 6.512609 1.075598862 20.0 25.0
-5.053437 6.512609 1.075598863 19.0 26.0
-5.3493237 6.693981 1.075598863 19.0 26.0
-5.3493237 6.693981 1.075598864 18.0 27.0
-5.6452103 6.8753533 1.075598864 18.0 27.0
-5.6452103 6.8753533 1.075598865 17.0 28.0
-5.941097 7.0567255 1.075598865 17.0 28.0
-5.941097 7.0567255 1.075598866 16.0 29.0
-6.2369833 7.2380977 1.075598866 16.0 29.0
-6.2369833 7.2380977 1.075598867 15.0 30.0
-6.53287 7.41947 1.075598867 15.0 30.0
-6.53287 7.41947 1.075598868 14.0 31.0
-6.8287563 7.600842 1.075598868 14.0 31.0
-6.8287563 7.600842 1.075598869 13.0 32.0
-7.124643 7.782214 1.075598869 13.0 32.0
-7.124643 7.782214 1.075598870 12.0 33.0
-7.270198 8.087231 1.154488670 12.0 33.0
-7.270198 8.087231 1.154488671 11.0 34.0
-7.415753 8.392247 1.233378371 11.0 34.0
-7.415753 8.392247 1.233378372 10.0 35.0
-7.561308 8.697264 1.31226872 10.0 35.0
-7.561308 8.697264 1.31226873 9.0 36.0
-7.706863 9.00228 1.391157773 9.0 36.0
-7.706863 9.00228 1.391157774 4.0 37.0
-7.9775543 9.183653 1.510636274 4.0 37.0
-7.9775543 9.183653 1.510636275 3.0 38.0
-8.248245 9.3650255 1.630114775 3.0 38.0
-8.248245 9.3650255 1.630114776 0.0 39.0
-8.558705 9.374155 1.784955576 0.0 39.0
-8.558705 9.374155 1.784955577 0.0 40.0
-8.905637 9.383285 1.784955577 0.0 40.0
-8.248245 9.3650255 1.630114778 2.0 39.0
-8.544132 9.546398 1.630114778 2.0 39.0
-8.544132 9.546398 1.630114779 1.0 40.0
-8.840019 9.727771 1.630114779 1.0 40.0
-8.840019 9.727771 1.630114780 0.0 41.0
-8.985408 10.032787 1.70931180 0.0 41.0
-8.985408 10.032787 1.70931181 0.0 42.0
-9.150967 10.337804 1.70931181 0.0 42.0
-8.840019 9.727771 1.630114782 0.0 41.0
-9.186951 9.7369 1.630114782 0.0 41.0
-9.186951 9.7369 1.630114783 0.0 42.0
-9.533882 9.74603 1.630114783 0.0 42.0
-7.706863 9.00228 1.391157784 8.0 37.0
-7.872422 9.307297 1.391157784 8.0 37.0
-7.872422 9.307297 1.391157785 7.0 38.0
-8.037981 9.612313 1.391157785 7.0 38.0
-8.037981 9.612313 1.391157786 6.0 39.0
-8.20354 9.91733 1.391157786 6.0 39.0
-8.20354 9.91733 1.391157787 5.0 40.0
-8.369099 10.222346 1.391157787 5.0 40.0
-8.369099 10.222346 1.391157788 4.0 41.0
-8.360691 10.569278 1.387598588 4.0 41.0
-8.360691 10.569278 1.387598589 3.0 42.0
-8.3522835 10.916209 1.384039389 3.0 42.0
-8.3522835 10.916209 1.384039390 0.0 43.0
-8.50308 11.221226 1.452377690 0.0 43.0
-8.50308 11.221226 1.452377691 0.0 44.0
-8.668639 11.526242 1.452377691 0.0 44.0
-8.3522835 10.916209 1.384039392 2.0 43.0
-8.343154 11.263141 1.384039392 2.0 43.0
-8.343154 11.263141 1.384039393 1.0 44.0
-8.334024 11.610072 1.384039393 1.0 44.0
-8.334024 11.610072 1.384039394 0.0 45.0
-8.16523 11.905959 1.317673794 0.0 45.0
-8.16523 11.905959 1.317673795 0.0 46.0
-7.9838576 12.201846 1.317673795 0.0 46.0
-8.334024 11.610072 1.384039396 0.0 45.0
-8.499583 11.915089 1.384039396 0.0 45.0
-8.499583 11.915089 1.384039397 0.0 46.0
-8.665142 12.220105 1.384039397 0.0 46.0
-8.369099 10.222346 1.391157798 4.0 41.0
-8.664986 10.403719 1.391157798 4.0 41.0
-8.664986 10.403719 1.391157799 3.0 42.0
-8.960873 10.585092 1.391157799 3.0 42.0
-8.960873 10.585092 1.3911577100 0.0 43.0
-9.276022 10.594221 1.536218100 0.0 43.0
-9.276022 10.594221 1.536218101 0.0 44.0
-9.622953 10.603351 1.536218101 0.0 44.0
-8.960873 10.585092 1.3911577102 2.0 43.0
-9.25676 10.766464 1.3911577102 2.0 43.0
-9.25676 10.766464 1.3911577103 1.0 44.0
-9.552647 10.947837 1.3911577103 1.0 44.0
-9.552647 10.947837 1.3911577104 0.0 45.0
-9.710149 11.252853 1.4421765104 0.0 45.0
-9.710149 11.252853 1.4421765105 0.0 46.0
-9.875708 11.55787 1.4421765105 0.0 46.0
-9.552647 10.947837 1.3911577106 0.0 45.0
-9.899578 10.956966 1.3911577106 0.0 45.0
-9.899578 10.956966 1.3911577107 0.0 46.0
-10.24651 10.966096 1.3911577107 0.0 46.0
-7.124643 7.782214 1.0755988108 12.0 33.0
-7.4715743 7.7913437 1.0755988108 12.0 33.0
-7.4715743 7.7913437 1.0755988109 11.0 34.0
-7.818506 7.800473 1.0755988109 11.0 34.0
-7.818506 7.800473 1.0755988110 10.0 35.0
-8.165437 7.8096027 1.0755988110 10.0 35.0
-8.165437 7.8096027 1.0755988111 9.0 36.0
-8.512368 7.8187323 1.0755988111 9.0 36.0
-8.512368 7.8187323 1.0755988112 4.0 37.0
-8.782905 7.653173 1.2164714112 4.0 37.0
-8.782905 7.653173 1.2164714113 3.0 38.0
-9.053441 7.4876137 1.357344113 3.0 38.0
-9.053441 7.4876137 1.357344114 0.0 39.0
-9.223703 7.191727 1.4198467114 0.0 39.0
-9.223703 7.191727 1.4198467115 0.0 40.0
-9.405076 6.8958406 1.4198467115 0.0 40.0
-9.053441 7.4876137 1.357344116 2.0 39.0
-9.358458 7.3220544 1.357344116 2.0 39.0
-9.358458 7.3220544 1.357344117 1.0 40.0
-9.663474 7.156495 1.357344117 1.0 40.0
-9.663474 7.156495 1.357344118 0.0 41.0
-9.982934 7.1656246 1.4926473118 0.0 41.0
-9.982934 7.1656246 1.4926473119 0.0 42.0
-10.329865 7.174754 1.4926473119 0.0 42.0
-9.663474 7.156495 1.357344120 0.0 41.0
-9.844847 6.8606086 1.357344120 0.0 41.0
-9.844847 6.8606086 1.357344121 0.0 42.0
-10.026219 6.564722 1.357344121 0.0 42.0
-8.512368 7.8187323 1.0755988122 8.0 37.0
-8.8593 7.827862 1.0755988122 8.0 37.0
-8.8593 7.827862 1.0755988123 7.0 38.0
-9.206231 7.8369913 1.0755988123 7.0 38.0
-9.206231 7.8369913 1.0755988124 6.0 39.0
-9.553163 7.846121 1.0755988124 6.0 39.0
-9.553163 7.846121 1.0755988125 5.0 40.0
-9.900094 7.8552504 1.0755988125 5.0 40.0
-9.900094 7.8552504 1.0755988126 4.0 41.0
-10.170432 8.036623 1.1958742126 4.0 41.0
-10.170432 8.036623 1.1958742127 3.0 42.0
-10.44077 8.217996 1.3161496127 3.0 42.0
-10.44077 8.217996 1.3161496128 0.0 43.0
-10.753935 8.227125 1.4654455128 0.0 43.0
-10.753935 8.227125 1.4654455129 0.0 44.0
-11.100866 8.236255 1.4654455129 0.0 44.0
-10.44077 8.217996 1.3161496130 2.0 43.0
-10.736657 8.399368 1.3161496130 2.0 43.0
-10.736657 8.399368 1.3161496131 1.0 44.0
-11.032544 8.580741 1.3161496131 1.0 44.0
-11.032544 8.580741 1.3161496132 0.0 45.0
-11.182545 8.885757 1.3862187132 0.0 45.0
-11.182545 8.885757 1.3862187133 0.0 46.0
-11.348104 9.190774 1.3862187133 0.0 46.0
-11.032544 8.580741 1.3161496134 0.0 45.0
-11.379476 8.58987 1.3161496134 0.0 45.0
-11.379476 8.58987 1.3161496135 0.0 46.0
-11.726407 8.599 1.3161496135 0.0 46.0
-9.900094 7.8552504 1.0755988136 4.0 41.0
-10.205111 7.689691 1.0755988136 4.0 41.0
-10.205111 7.689691 1.0755988137 3.0 42.0
-10.510127 7.524132 1.0755988137 3.0 42.0
-10.510127 7.524132 1.0755988138 0.0 43.0
-10.680043 7.2282453 1.1390378138 0.0 43.0
-10.680043 7.2282453 1.1390378139 0.0 44.0
-10.861416 6.9323587 1.1390378139 0.0 44.0
-10.510127 7.524132 1.0755988140 2.0 43.0
-10.815144 7.3585725 1.0755988140 2.0 43.0
-10.815144 7.3585725 1.0755988141 1.0 44.0
-11.12016 7.193013 1.0755988141 1.0 44.0
-11.12016 7.193013 1.0755988142 0.0 45.0
-11.446953 7.2021427 1.1920811142 0.0 45.0
-11.446953 7.2021427 1.1920811143 0.0 46.0
-11.793884 7.2112722 1.1920811143 0.0 46.0
-11.12016 7.193013 1.0755988144 0.0 45.0
-11.301533 6.8971267 1.0755988144 0.0 45.0
-11.301533 6.8971267 1.0755988145 0.0 46.0
-11.482905 6.60124 1.0755988145 0.0 46.0
-2.6489463 4.8802595 0.0146 44.0 17.0
-2.8145053 5.1852756 0.0146 44.0 17.0
-2.8145053 5.1852756 0.0147 43.0 18.0
-2.9800644 5.4902916 0.0147 43.0 18.0
-2.9800644 5.4902916 0.0148 42.0 19.0
-3.1456234 5.7953076 0.0148 42.0 19.0
-3.1456234 5.7953076 0.0149 41.0 20.0
-3.3111825 6.1003237 0.0149 41.0 20.0
-3.3111825 6.1003237 0.0150 40.0 21.0
-3.4767416 6.4053397 0.0150 40.0 21.0
-3.4767416 6.4053397 0.0151 39.0 22.0
-3.6423006 6.7103558 0.0151 39.0 22.0
-3.6423006 6.7103558 0.0152 38.0 23.0
-3.8078597 7.015372 0.0152 38.0 23.0
-3.8078597 7.015372 0.0153 37.0 24.0
-3.9734187 7.320388 0.0153 37.0 24.0
-3.9734187 7.320388 0.0154 36.0 25.0
-4.138978 7.625404 0.0154 36.0 25.0
-4.138978 7.625404 0.0155 35.0 26.0
-4.3045373 7.93042 0.0155 35.0 26.0
-4.3045373 7.93042 0.0156 34.0 27.0
-4.4700966 8.235436 0.0156 34.0 27.0
-4.4700966 8.235436 0.0157 33.0 28.0
-4.635656 8.540453 0.0157 33.0 28.0
-4.635656 8.540453 0.0158 32.0 29.0
-4.801215 8.845469 0.0158 32.0 29.0
-4.801215 8.845469 0.0159 31.0 30.0
-4.9667745 9.150486 0.0159 31.0 30.0
-4.9667745 9.150486 0.0160 30.0 31.0
-5.1323338 9.4555025 0.0160 30.0 31.0
-5.1323338 9.4555025 0.0161 29.0 32.0
-5.297893 9.760519 0.0161 29.0 32.0
-5.297893 9.760519 0.0162 28.0 33.0
-5.2894826 10.1074505 -0.0035519572162 28.0 33.0
-5.2894826 10.1074505 -0.0035519572163 27.0 34.0
-5.281072 10.454382 -0.0071039144163 27.0 34.0
-5.281072 10.454382 -0.0071039144164 26.0 35.0
-5.2726617 10.801313 -0.010655872164 26.0 35.0
-5.2726617 10.801313 -0.010655872165 25.0 36.0
-5.264251 11.148245 -0.014207829165 25.0 36.0
-5.264251 11.148245 -0.014207829166 24.0 37.0
-5.255841 11.495176 -0.017759785166 24.0 37.0
-5.255841 11.495176 -0.017759785167 23.0 38.0
-5.2474303 11.842108 -0.021311741167 23.0 38.0
-5.2474303 11.842108 -0.021311741168 22.0 39.0
-5.23902 12.189039 -0.024863698168 22.0 39.0
-5.23902 12.189039 -0.024863698169 21.0 40.0
-5.2306094 12.535971 -0.028415654169 21.0 40.0
-5.2306094 12.535971 -0.028415654170 12.0 41.0
-5.3885684 12.840987 0.02117091170 12.0 41.0
-5.3885684 12.840987 0.02117091171 11.0 42.0
-5.5465274 13.146004 0.07075748171 11.0 42.0
-5.5465274 13.146004 0.07075748172 10.0 43.0
-5.7044864 13.45102 0.12034404172 10.0 43.0
-5.7044864 13.45102 0.12034404173 9.0 44.0
-5.8624454 13.756037 0.1699306173 9.0 44.0
-5.8624454 13.756037 0.1699306174 4.0 45.0
-6.1383805 13.937409 0.2767424174 4.0 45.0
-6.1383805 13.937409 0.2767424175 3.0 46.0
-6.4143157 14.118782 0.38355416175 3.0 46.0
-6.4143157 14.118782 0.38355416176 0.0 47.0
-6.725169 14.127912 0.5376046176 0.0 47.0
-6.725169 14.127912 0.5376046177 0.0 48.0
-7.0721006 14.137041 0.5376046177 0.0 48.0
-6.4143157 14.118782 0.38355416178 2.0 47.0
-6.710202 14.300155 0.38355416178 2.0 47.0
-6.710202 14.300155 0.38355416179 1.0 48.0
-7.0060887 14.481527 0.38355416179 1.0 48.0
-7.0060887 14.481527 0.38355416180 0.0 49.0
-7.163194 14.786544 0.43578213180 0.0 49.0
-7.163194 14.786544 0.43578213181 0.0 50.0
-7.3287535 15.09156 0.43578213181 0.0 50.0
-7.0060887 14.481527 0.38355416182 0.0 49.0
-7.35302 14.490657 0.38355416182 0.0 49.0
-7.35302 14.490657 0.38355416183 0.0 50.0
-7.6999516 14.499786 0.38355416183 0.0 50.0
-5.8624454 13.756037 0.1699306184 8.0 45.0
-6.0280046 14.061053 0.1699306184 8.0 45.0
-6.0280046 14.061053 0.1699306185 7.0 46.0
-6.193564 14.36607 0.1699306185 7.0 46.0
-6.193564 14.36607 0.1699306186 6.0 47.0
-6.359123 14.671086 0.1699306186 6.0 47.0
-6.359123 14.671086 0.1699306187 5.0 48.0
-6.5246825 14.976103 0.1699306187 5.0 48.0
-6.5246825 14.976103 0.1699306188 4.0 49.0
-6.5163937 15.323034 0.16610402188 4.0 49.0
-6.5163937 15.323034 0.16610402189 3.0 50.0
-6.508105 15.669966 0.16227743189 3.0 50.0
-6.508105 15.669966 0.16227743190 0.0 51.0
-6.6646895 15.974982 0.21604568190 0.0 51.0
-6.6646895 15.974982 0.21604568191 0.0 52.0
-6.830249 16.279999 0.21604568191 0.0 52.0
-6.508105 15.669966 0.16227743192 2.0 51.0
-6.4989753 16.016897 0.16227743192 2.0 51.0
-6.4989753 16.016897 0.16227743193 1.0 52.0
-6.4898458 16.363829 0.16227743193 1.0 52.0
-6.4898458 16.363829 0.16227743194 0.0 53.0
-6.3216906 16.659716 0.09430925194 0.0 53.0
-6.3216906 16.659716 0.09430925195 0.0 54.0
-6.1403184 16.955603 0.09430925195 0.0 54.0
-6.4898458 16.363829 0.16227743196 0.0 53.0
-6.655405 16.668844 0.16227743196 0.0 53.0
-6.655405 16.668844 0.16227743197 0.0 54.0
-6.8209643 16.97386 0.16227743197 0.0 54.0
-6.5246825 14.976103 0.1699306198 4.0 49.0
-6.820569 15.157475 0.1699306198 4.0 49.0
-6.820569 15.157475 0.1699306199 3.0 50.0
-7.1164556 15.338848 0.1699306199 3.0 50.0
-7.1164556 15.338848 0.1699306200 0.0 51.0
-7.419629 15.347978 0.33859327200 0.0 51.0
-7.419629 15.347978 0.33859327201 0.0 52.0
-7.7665606 15.357107 0.33859327201 0.0 52.0
-7.1164556 15.338848 0.1699306202 2.0 51.0
-7.412342 15.520221 0.1699306202 2.0 51.0
-7.412342 15.520221 0.1699306203 1.0 52.0
-7.7082286 15.701593 0.1699306203 1.0 52.0
-7.7082286 15.701593 0.1699306204 0.0 53.0
-7.856141 16.006609 0.24430613204 0.0 53.0
-7.856141 16.006609 0.24430613205 0.0 54.0
-8.0217 16.311625 0.24430613205 0.0 54.0
-7.7082286 15.701593 0.1699306206 0.0 53.0
-8.05516 15.710723 0.1699306206 0.0 53.0
-8.05516 15.710723 0.1699306207 0.0 54.0
-8.402091 15.719852 0.1699306207 0.0 54.0
-5.2306094 12.535971 -0.028415654208 20.0 41.0
-5.22148 12.882902 -0.028415654208 20.0 41.0
-5.22148 12.882902 -0.028415654209 19.0 42.0
-5.2123504 13.229834 -0.028415654209 19.0 42.0
-5.2123504 13.229834 -0.028415654210 18.0 43.0
-5.203221 13.576765 -0.028415654210 18.0 43.0
-5.203221 13.576765 -0.028415654211 17.0 44.0
-5.1940913 13.9236965 -0.028415654211 17.0 44.0
-5.1940913 13.9236965 -0.028415654212 16.0 45.0
-5.184962 14.270628 -0.028415654212 16.0 45.0
-5.184962 14.270628 -0.028415654213 15.0 46.0
-5.1758323 14.617559 -0.028415654213 15.0 46.0
-5.1758323 14.617559 -0.028415654214 14.0 47.0
-5.1667027 14.964491 -0.028415654214 14.0 47.0
-5.1667027 14.964491 -0.028415654215 13.0 48.0
-5.157573 15.311422 -0.028415654215 13.0 48.0
-5.157573 15.311422 -0.028415654216 12.0 49.0
-4.9892387 15.607309 -0.09593834216 12.0 49.0
-4.9892387 15.607309 -0.09593834217 11.0 50.0
-4.820904 15.903196 -0.16346103217 11.0 50.0
-4.820904 15.903196 -0.16346103218 10.0 51.0
-4.652569 16.199083 -0.23098372218 10.0 51.0
-4.652569 16.199083 -0.23098372219 9.0 52.0
-4.484234 16.49497 -0.2985064219 9.0 52.0
-4.484234 16.49497 -0.2985064220 4.0 53.0
-4.4756875 16.841902 -0.30171773220 4.0 53.0
-4.4756875 16.841902 -0.30171773221 3.0 54.0
-4.467141 17.188833 -0.30492905221 3.0 54.0
-4.467141 17.188833 -0.30492905222 0.0 55.0
-4.6125293 17.493849 -0.22573265222 0.0 55.0
-4.6125293 17.493849 -0.22573265223 0.0 56.0
-4.7780886 17.798864 -0.22573265223 0.0 56.0
-4.467141 17.188833 -0.30492905224 2.0 55.0
-4.4580116 17.535765 -0.30492905224 2.0 55.0
-4.4580116 17.535765 -0.30492905225 1.0 56.0
-4.448882 17.882696 -0.30492905225 1.0 56.0
-4.448882 17.882696 -0.30492905226 0.0 57.0
-4.2857556 18.178583 -0.38421118226 0.0 57.0
-4.2857556 18.178583 -0.38421118227 0.0 58.0
-4.1043835 18.47447 -0.38421118227 0.0 58.0
-4.448882 17.882696 -0.30492905228 0.0 57.0
-4.6144414 18.187712 -0.30492905228 0.0 57.0
-4.6144414 18.187712 -0.30492905229 0.0 58.0
-4.7800007 18.492727 -0.30492905229 0.0 58.0
-4.484234 16.49497 -0.2985064230 8.0 53.0
-4.3028617 16.790857 -0.2985064230 8.0 53.0
-4.3028617 16.790857 -0.2985064231 7.0 54.0
-4.1214895 17.086744 -0.2985064231 7.0 54.0
-4.1214895 17.086744 -0.2985064232 6.0 55.0
-3.9401174 17.382631 -0.2985064232 6.0 55.0
-3.9401174 17.382631 -0.2985064233 5.0 56.0
-3.7587452 17.678518 -0.2985064233 5.0 56.0
-3.7587452 17.678518 -0.2985064234 4.0 57.0
-3.4771812 17.844078 -0.41579515234 4.0 57.0
-3.4771812 17.844078 -0.41579515235 3.0 58.0
-3.1956172 18.009638 -0.53308386235 3.0 58.0
-3.1956172 18.009638 -0.53308386236 0.0 59.0
-3.02997 18.305525 -0.60695446236 0.0 59.0
-3.02997 18.305525 -0.60695446237 0.0 60.0
-2.8485978 18.601412 -0.60695446237 0.0 60.0
-3.1956172 18.009638 -0.53308386238 2.0 59.0
-2.890601 18.175198 -0.53308386238 2.0 59.0
-2.890601 18.175198 -0.53308386239 1.0 60.0
-2.5855846 18.340757 -0.53308386239 1.0 60.0
-2.5855846 18.340757 -0.53308386240 0.0 61.0
-2.283638 18.331627 -0.7039335240 0.0 61.0
-2.283638 18.331627 -0.7039335241 0.0 62.0
-1.9367065 18.322496 -0.7039335241 0.0 62.0
-2.5855846 18.340757 -0.53308386242 0.0 61.0
-2.4042125 18.636644 -0.53308386242 0.0 61.0
-2.4042125 18.636644 -0.53308386243 0.0 62.0
-2.2228403 18.932531 -0.53308386243 0.0 62.0
-3.7587452 17.678518 -0.2985064244 4.0 57.0
-3.7496154 18.02545 -0.2985064244 4.0 57.0
-3.7496154 18.02545 -0.2985064245 3.0 58.0
-3.7404857 18.372381 -0.2985064245 3.0 58.0
-3.7404857 18.372381 -0.2985064246 0.0 59.0
-3.8862987 18.677397 -0.22009453246 0.0 59.0
-3.8862987 18.677397 -0.22009453247 0.0 60.0
-4.051858 18.982412 -0.22009453247 0.0 60.0
-3.7404857 18.372381 -0.2985064248 2.0 59.0
-3.731356 18.719313 -0.2985064248 2.0 59.0
-3.731356 18.719313 -0.2985064249 1.0 60.0
-3.7222261 19.066244 -0.2985064249 1.0 60.0
-3.7222261 19.066244 -0.2985064250 0.0 61.0
-3.555293 19.362131 -0.36942372250 0.0 61.0
-3.555293 19.362131 -0.36942372251 0.0 62.0
-3.373921 19.658018 -0.36942372251 0.0 62.0
-3.7222261 19.066244 -0.2985064252 0.0 61.0
-3.8877852 19.37126 -0.2985064252 0.0 61.0
-3.8877852 19.37126 -0.2985064253 0.0 62.0
-4.0533442 19.676275 -0.2985064253 0.0 62.0
-5.157573 15.311422 -0.028415654254 12.0 49.0
-5.3231325 15.616439 -0.028415654254 12.0 49.0
-5.3231325 15.616439 -0.028415654255 11.0 50.0
-5.488692 15.921455 -0.028415654255 11.0 50.0
-5.488692 15.921455 -0.028415654256 10.0 51.0
-5.654251 16.22647 -0.028415654256 10.0 51.0
-5.654251 16.22647 -0.028415654257 9.0 52.0
-5.8198104 16.531487 -0.028415654257 9.0 52.0
-5.8198104 16.531487 -0.028415654258 4.0 53.0
-6.088966 16.712858 0.09448321258 4.0 53.0
-6.088966 16.712858 0.09448321259 3.0 54.0
-6.3581214 16.89423 0.21738207259 3.0 54.0
-6.3581214 16.89423 0.21738207260 0.0 55.0
-6.6598716 16.90336 0.3885788260 0.0 55.0
-6.6598716 16.90336 0.3885788261 0.0 56.0
-7.006803 16.91249 0.3885788261 0.0 56.0
-6.3581214 16.89423 0.21738207262 2.0 55.0
-6.654008 17.075602 0.21738207262 2.0 55.0
-6.654008 17.075602 0.21738207263 1.0 56.0
-6.9498944 17.256973 0.21738207263 1.0 56.0
-6.9498944 17.256973 0.21738207264 0.0 57.0
-7.1023216 17.561989 0.28200287264 0.0 57.0
-7.1023216 17.561989 0.28200287265 0.0 58.0
-7.267881 17.867004 0.28200287265 0.0 58.0
-6.9498944 17.256973 0.21738207266 0.0 57.0
-7.296826 17.266104 0.21738207266 0.0 57.0
-7.296826 17.266104 0.21738207267 0.0 58.0
-7.6437573 17.275234 0.21738207267 0.0 58.0
-5.8198104 16.531487 -0.028415654268 8.0 53.0
-5.9853697 16.836502 -0.028415654268 8.0 53.0
-5.9853697 16.836502 -0.028415654269 7.0 54.0
-6.150929 17.141518 -0.028415654269 7.0 54.0
-6.150929 17.141518 -0.028415654270 6.0 55.0
-6.3164883 17.446533 -0.028415654270 6.0 55.0
-6.3164883 17.446533 -0.028415654271 5.0 56.0
-6.4820476 17.751549 -0.028415654271 5.0 56.0
-6.4820476 17.751549 -0.028415654272 4.0 57.0
-6.473634 18.09848 -0.031960145272 4.0 57.0
-6.473634 18.09848 -0.031960145273 3.0 58.0
-6.46522 18.445412 -0.035504635273 3.0 58.0
-6.46522 18.445412 -0.035504635274 0.0 59.0
-6.6124587 18.750427 0.040196415274 0.0 59.0
-6.6124587 18.750427 0.040196415275 0.0 60.0
-6.778018 19.055443 0.040196415275 0.0 60.0
-6.46522 18.445412 -0.035504635276 2.0 59.0
-6.4560905 18.792343 -0.035504635276 2.0 59.0
-6.4560905 18.792343 -0.035504635277 1.0 60.0
-6.446961 19.139275 -0.035504635277 1.0 60.0
-6.446961 19.139275 -0.035504635278 0.0 61.0
-6.2879415 19.435162 -0.12273274278 0.0 61.0
-6.2879415 19.435162 -0.12273274279 0.0 62.0
-6.1065693 19.731049 -0.12273274279 0.0 62.0
-6.446961 19.139275 -0.035504635280 0.0 61.0
-6.61252 19.44429 -0.035504635280 0.0 61.0
-6.61252 19.44429 -0.035504635281 0.0 62.0
-6.7780795 19.749306 -0.035504635281 0.0 62.0
-6.4820476 17.751549 -0.028415654282 4.0 57.0
-6.777934 17.93292 -0.028415654282 4.0 57.0
-6.777934 17.93292 -0.028415654283 3.0 58.0
-7.0738206 18.114292 -0.028415654283 3.0 58.0
-7.0738206 18.114292 -0.028415654284 0.0 59.0
-7.4027033 18.123423 0.0820272284 0.0 59.0
-7.4027033 18.123423 0.0820272285 0.0 60.0
-7.7496347 18.132553 0.0820272285 0.0 60.0
-7.0738206 18.114292 -0.028415654286 2.0 59.0
-7.369707 18.295664 -0.028415654286 2.0 59.0
-7.369707 18.295664 -0.028415654287 1.0 60.0
-7.6655936 18.477036 -0.028415654287 1.0 60.0
-7.6655936 18.477036 -0.028415654288 0.0 61.0
-7.8099465 18.782051 0.05265281288 0.0 61.0
-7.8099465 18.782051 0.05265281289 0.0 62.0
-7.975506 19.087067 0.05265281289 0.0 62.0
-7.6655936 18.477036 -0.028415654290 0.0 61.0
-8.012525 18.486166 -0.028415654290 0.0 61.0
-8.012525 18.486166 -0.028415654291 0.0 62.0
-8.359456 18.495296 -0.028415654291 0.0 62.0
-5.297893 9.760519 0.0292 28.0 33.0
-5.5937796 9.941892 0.0292 28.0 33.0
-5.5937796 9.941892 0.0293 27.0 34.0
-5.889666 10.123264 0.0293 27.0 34.0
-5.889666 10.123264 0.0294 26.0 35.0
-6.1855526 10.304637 0.0294 26.0 35.0
-6.1855526 10.304637 0.0295 25.0 36.0
-6.481439 10.48601 0.0295 25.0 36.0
-6.481439 10.48601 0.0296 24.0 37.0
-6.7773256 10.667382 0.0296 24.0 37.0
-6.7773256 10.667382 0.0297 23.0 38.0
-7.073212 10.848755 0.0297 23.0 38.0
-7.073212 10.848755 0.0298 22.0 39.0
-7.3690987 11.030128 0.0298 22.0 39.0
-7.3690987 11.030128 0.0299 21.0 40.0
-7.664985 11.2115 0.0299 21.0 40.0
-7.664985 11.2115 0.0300 12.0 41.0
-7.9793105 11.22063 0.14683679300 12.0 41.0
-7.9793105 11.22063 0.14683679301 11.0 42.0
-8.293635 11.229759 0.29367357301 11.0 42.0
-8.293635 11.229759 0.29367357302 10.0 43.0
-8.607961 11.238889 0.44051036302 10.0 43.0
-8.607961 11.238889 0.44051036303 9.0 44.0
-8.922286 11.248018 0.58734715303 9.0 44.0
-8.922286 11.248018 0.58734715304 4.0 45.0
-9.200593 11.082459 0.71216756304 4.0 45.0
-9.200593 11.082459 0.71216756305 3.0 46.0
-9.4789 10.916901 0.836988305 3.0 46.0
-9.4789 10.916901 0.836988306 0.0 47.0
-9.653945 10.621014 0.88447785306 0.0 47.0
-9.653945 10.621014 0.88447785307 0.0 48.0
-9.835318 10.325127 0.88447785307 0.0 48.0
-9.4789 10.916901 0.836988308 2.0 47.0
-9.783916 10.751342 0.836988308 2.0 47.0
-9.783916 10.751342 0.836988309 1.0 48.0
-10.088933 10.585783 0.836988309 1.0 48.0
-10.088933 10.585783 0.836988310 0.0 49.0
-10.420533 10.594913 0.9389824310 0.0 49.0
-10.420533 10.594913 0.9389824311 0.0 50.0
-10.767465 10.604042 0.9389824311 0.0 50.0
-10.088933 10.585783 0.836988312 0.0 49.0
-10.270306 10.289896 0.836988312 0.0 49.0
-10.270306 10.289896 0.836988313 0.0 50.0
-10.451678 9.994009 0.836988313 0.0 50.0
-8.922286 11.248018 0.58734715314 8.0 45.0
-9.2692175 11.257148 0.58734715314 8.0 45.0
-9.2692175 11.257148 0.58734715315 7.0 46.0
-9.616149 11.266277 0.58734715315 7.0 46.0
-9.616149 11.266277 0.58734715316 6.0 47.0
-9.96308 11.275407 0.58734715316 6.0 47.0
-9.96308 11.275407 0.58734715317 5.0 48.0
-10.310012 11.284536 0.58734715317 5.0 48.0
-10.310012 11.284536 0.58734715318 4.0 49.0
-10.586842 11.465909 0.69181925318 4.0 49.0
-10.586842 11.465909 0.69181925319 3.0 50.0
-10.863671 11.647282 0.79629135319 3.0 50.0
-10.863671 11.647282 0.79629135320 0.0 51.0
-11.173993 11.656411 0.9514097320 0.0 51.0
-11.173993 11.656411 0.9514097321 0.0 52.0
-11.520925 11.665541 0.9514097321 0.0 52.0
-10.863671 11.647282 0.79629135322 2.0 51.0
-11.159558 11.828654 0.79629135322 2.0 51.0
-11.159558 11.828654 0.79629135323 1.0 52.0
-11.455445 12.010027 0.79629135323 1.0 52.0
-11.455445 12.010027 0.79629135324 0.0 53.0
-11.6065645 12.315043 0.863913324 0.0 53.0
-11.6065645 12.315043 0.863913325 0.0 54.0
-11.772123 12.62006 0.863913325 0.0 54.0
-11.455445 12.010027 0.79629135326 0.0 53.0
-11.802377 12.019156 0.79629135326 0.0 53.0
-11.802377 12.019156 0.79629135327 0.0 54.0
-12.149308 12.028286 0.79629135327 0.0 54.0
-10.310012 11.284536 0.58734715328 4.0 49.0
-10.615028 11.118978 0.58734715328 4.0 49.0
-10.615028 11.118978 0.58734715329 3.0 50.0
-10.920045 10.953419 0.58734715329 3.0 50.0
-10.920045 10.953419 0.58734715330 0.0 51.0
-11.094528 10.657532 0.6368592330 0.0 51.0
-11.094528 10.657532 0.6368592331 0.0 52.0
-11.275901 10.361645 0.6368592331 0.0 52.0
-10.920045 10.953419 0.58734715332 2.0 51.0
-11.225061 10.78786 0.58734715332 2.0 51.0
-11.225061 10.78786 0.58734715333 1.0 52.0
-11.530078 10.622301 0.58734715333 1.0 52.0
-11.530078 10.622301 0.58734715334 0.0 53.0
-11.859021 10.631431 0.6976093334 0.0 53.0
-11.859021 10.631431 0.6976093335 0.0 54.0
-12.205953 10.64056 0.6976093335 0.0 54.0
-11.530078 10.622301 0.58734715336 0.0 53.0
-11.711451 10.326414 0.58734715336 0.0 53.0
-11.711451 10.326414 0.58734715337 0.0 54.0
-11.892823 10.030527 0.58734715337 0.0 54.0
-7.664985 11.2115 0.0338 20.0 41.0
-7.9608717 11.392873 0.0338 20.0 41.0
-7.9608717 11.392873 0.0339 19.0 42.0
-8.256759 11.574245 0.0339 19.0 42.0
-8.256759 11.574245 0.0340 18.0 43.0
-8.552646 11.755618 0.0340 18.0 43.0
-8.552646 11.755618 0.0341 17.0 44.0
-8.848533 11.936991 0.0341 17.0 44.0
-8.848533 11.936991 0.0342 16.0 45.0
-9.14442 12.118363 0.0342 16.0 45.0
-9.14442 12.118363 0.0343 15.0 46.0
-9.440307 12.299736 0.0343 15.0 46.0
-9.440307 12.299736 0.0344 14.0 47.0
-9.736194 12.481109 0.0344 14.0 47.0
-9.736194 12.481109 0.0345 13.0 48.0
-10.032081 12.662481 0.0345 13.0 48.0
-10.032081 12.662481 0.0346 12.0 49.0
-10.181994 12.967498 0.0702541346 12.0 49.0
-10.181994 12.967498 0.0702541347 11.0 50.0
-10.331908 13.272514 0.1405082347 11.0 50.0
-10.331908 13.272514 0.1405082348 10.0 51.0
-10.481822 13.577531 0.2107623348 10.0 51.0
-10.481822 13.577531 0.2107623349 9.0 52.0
-10.631736 13.882547 0.2810164349 9.0 52.0
-10.631736 13.882547 0.2810164350 4.0 53.0
-10.897395 14.06392 0.41129982350 4.0 53.0
-10.897395 14.06392 0.41129982351 3.0 54.0
-11.163054 14.245293 0.54158324351 3.0 54.0
-11.163054 14.245293 0.54158324352 0.0 55.0
-11.464035 14.254422 0.71412855352 0.0 55.0
-11.464035 14.254422 0.71412855353 0.0 56.0
-11.8109665 14.263552 0.71412855353 0.0 56.0
-11.163054 14.245293 0.54158324354 2.0 55.0
-11.458941 14.426665 0.54158324354 2.0 55.0
-11.458941 14.426665 0.54158324355 1.0 56.0
-11.754828 14.608038 0.54158324355 1.0 56.0
-11.754828 14.608038 0.54158324356 0.0 57.0
-11.905137 14.913054 0.6109889356 0.0 57.0
-11.905137 14.913054 0.6109889357 0.0 58.0
-12.070696 15.218071 0.6109889357 0.0 58.0
-11.754828 14.608038 0.54158324358 0.0 57.0
-12.10176 14.617167 0.54158324358 0.0 57.0
-12.10176 14.617167 0.54158324359 0.0 58.0
-12.448691 14.626297 0.54158324359 0.0 58.0
-10.631736 13.882547 0.2810164360 8.0 53.0
-10.797295 14.187564 0.2810164360 8.0 53.0
-10.797295 14.187564 0.2810164361 7.0 54.0
-10.962853 14.49258 0.2810164361 7.0 54.0
-10.962853 14.49258 0.2810164362 6.0 55.0
-11.128412 14.797597 0.2810164362 6.0 55.0
-11.128412 14.797597 0.2810164363 5.0 56.0
-11.293971 15.102613 0.2810164363 5.0 56.0
-11.293971 15.102613 0.2810164364 4.0 57.0
-11.285499 15.449545 0.27761608364 4.0 57.0
-11.285499 15.449545 0.27761608365 3.0 58.0
-11.277026 15.796476 0.27421576365 3.0 58.0
-11.277026 15.796476 0.27421576366 0.0 59.0
-11.434875 16.101492 0.3241532366 0.0 59.0
-11.434875 16.101492 0.3241532367 0.0 60.0
-11.600433 16.406507 0.3241532367 0.0 60.0
-11.277026 15.796476 0.27421576368 2.0 59.0
-11.267897 16.143408 0.27421576368 2.0 59.0
-11.267897 16.143408 0.27421576369 1.0 60.0
-11.258767 16.49034 0.27421576369 1.0 60.0
-11.258767 16.49034 0.27421576370 0.0 61.0
-11.099872 16.786226 0.18676265370 0.0 61.0
-11.099872 16.786226 0.18676265371 0.0 62.0
-10.918499 17.082113 0.18676265371 0.0 62.0
-11.258767 16.49034 0.27421576372 0.0 61.0
-11.424326 16.795355 0.27421576372 0.0 61.0
-11.424326 16.795355 0.27421576373 0.0 62.0
-11.589885 17.10037 0.27421576373 0.0 62.0
-11.293971 15.102613 0.2810164374 4.0 57.0
-11.589858 15.283986 0.2810164374 4.0 57.0
-11.589858 15.283986 0.2810164375 3.0 58.0
-11.885745 15.465359 0.2810164375 3.0 58.0
-11.885745 15.465359 0.2810164376 0.0 59.0
-12.211127 15.474488 0.40138215376 0.0 59.0
-12.211127 15.474488 0.40138215377 0.0 60.0
-12.558059 15.483618 0.40138215377 0.0 60.0
-11.885745 15.465359 0.2810164378 2.0 59.0
-12.181632 15.646731 0.2810164378 2.0 59.0
-12.181632 15.646731 0.2810164379 1.0 60.0
-12.477519 15.828104 0.2810164379 1.0 60.0
-12.477519 15.828104 0.2810164380 0.0 61.0
-12.625922 16.13312 0.3544072380 0.0 61.0
-12.625922 16.13312 0.3544072381 0.0 62.0
-12.791481 16.438135 0.3544072381 0.0 62.0
-12.477519 15.828104 0.2810164382 0.0 61.0
-12.8244505 15.837234 0.2810164382 0.0 61.0
-12.8244505 15.837234 0.2810164383 0.0 62.0
-13.171382 15.846363 0.2810164383 0.0 62.0
-10.032081 12.662481 0.0384 12.0 49.0
-10.379012 12.671611 0.0384 12.0 49.0
-10.379012 12.671611 0.0385 11.0 50.0
-10.725944 12.68074 0.0385 11.0 50.0
-10.725944 12.68074 0.0386 10.0 51.0
-11.072875 12.68987 0.0386 10.0 51.0
-11.072875 12.68987 0.0387 9.0 52.0
-11.4198065 12.698999 0.0387 9.0 52.0
-11.4198065 12.698999 0.0388 4.0 53.0
-11.684191 12.533441 0.15210539388 4.0 53.0
-11.684191 12.533441 0.15210539389 3.0 54.0
-11.948575 12.367882 0.30421078389 3.0 54.0
-11.948575 12.367882 0.30421078390 0.0 55.0
-12.113378 12.071995 0.37994748390 0.0 55.0
-12.113378 12.071995 0.37994748391 0.0 56.0
-12.29475 11.776108 0.37994748391 0.0 56.0
-11.948575 12.367882 0.30421078392 2.0 55.0
-12.253592 12.202323 0.30421078392 2.0 55.0
-12.253592 12.202323 0.30421078393 1.0 56.0
-12.558608 12.036764 0.30421078393 1.0 56.0
-12.558608 12.036764 0.30421078394 0.0 57.0
-12.873174 12.045894 0.45053244394 0.0 57.0
-12.873174 12.045894 0.45053244395 0.0 58.0
-13.220105 12.055023 0.45053244395 0.0 58.0
-12.558608 12.036764 0.30421078396 0.0 57.0
-12.739981 11.740877 0.30421078396 0.0 57.0
-12.739981 11.740877 0.30421078397 0.0 58.0
-12.921353 11.44499 0.30421078397 0.0 58.0
-11.4198065 12.698999 0.0398 8.0 53.0
-11.766738 12.708129 0.0398 8.0 53.0
-11.766738 12.708129 0.0399 7.0 54.0
-12.113669 12.717258 0.0399 7.0 54.0
-12.113669 12.717258 0.0400 6.0 55.0
-12.460601 12.726388 0.0400 6.0 55.0
-12.460601 12.726388 0.0401 5.0 56.0
-12.807532 12.7355175 0.0401 5.0 56.0
-12.807532 12.7355175 0.0402 4.0 57.0
-13.067863 12.91689 0.14062956402 4.0 57.0
-13.067863 12.91689 0.14062956403 3.0 58.0
-13.328195 13.098263 0.28125912403 3.0 58.0
-13.328195 13.098263 0.28125912404 0.0 59.0
-13.659372 13.107392 0.3846164404 0.0 59.0
-13.659372 13.107392 0.3846164405 0.0 60.0
-14.006304 13.116522 0.3846164405 0.0 60.0
-13.328195 13.098263 0.28125912406 2.0 59.0
-13.624082 13.279635 0.28125912406 2.0 59.0
-13.624082 13.279635 0.28125912407 1.0 60.0
-13.919969 13.461008 0.28125912407 1.0 60.0
-13.919969 13.461008 0.28125912408 0.0 61.0
-14.068544 13.766025 0.3543002408 0.0 61.0
-14.068544 13.766025 0.3543002409 0.0 62.0
-14.234103 14.071041 0.3543002409 0.0 62.0
-13.919969 13.461008 0.28125912410 0.0 61.0
-14.2669 13.470138 0.28125912410 0.0 61.0
-14.2669 13.470138 0.28125912411 0.0 62.0
-14.6138315 13.479267 0.28125912411 0.0 62.0
-12.807532 12.7355175 0.0412 4.0 57.0
-13.112549 12.569959 0.0412 4.0 57.0
-13.112549 12.569959 0.0413 3.0 58.0
-13.417565 12.4044 0.0413 3.0 58.0
-13.417565 12.4044 0.0414 0.0 59.0
-13.590476 12.108513 0.054751858414 0.0 59.0
-13.590476 12.108513 0.054751858415 0.0 60.0
-13.771849 11.812626 0.054751858415 0.0 60.0
-13.417565 12.4044 0.0416 2.0 59.0
-13.722582 12.238841 0.0416 2.0 59.0
-13.722582 12.238841 0.0417 1.0 60.0
-14.027598 12.073282 0.0417 1.0 60.0
-14.027598 12.073282 0.0418 0.0 61.0
-14.358104 12.082412 0.10548813418 0.0 61.0
-14.358104 12.082412 0.10548813419 0.0 62.0
-14.705035 12.091541 0.10548813419 0.0 62.0
-14.027598 12.073282 0.0420 0.0 61.0
-14.208971 11.777395 0.0420 0.0 61.0
-14.208971 11.777395 0.0421 0.0 62.0
-14.390344 11.481508 0.0421 0.0 62.0
