0.0 0.0 0.00 11.0 1.0
0.0 3.4324074 0.00 11.0 1.0
0.0 3.4324074 0.01 10.0 2.0
0.0 6.8648148 0.01 10.0 2.0
0.0 6.8648148 0.02 1.0 3.0
0.0 10.297222 0.02 1.0 3.0
0.0 10.297222 0.03 0.0 4.0
-1.7469114 13.074359 1.00857973 0.0 4.0
-1.7469114 13.074359 1.00857974 0.0 5.0
-4.5737386 14.135875 2.64064934 0.0 5.0
0.0 6.8648148 0.05 1.0 3.0
-2.8274207 5.805408 1.63241225 1.0 3.0
-2.8274207 5.805408 1.63241226 0.0 4.0
-5.654248 6.866924 3.26448186 0.0 4.0
-5.654248 6.866924 3.26448187 0.0 5.0
-7.40116 9.64406 4.27306187 0.0 5.0
0.0 6.8648148 0.08 9.0 3.0
-3.2641392 7.9263306 0.08 9.0 3.0
-3.2641392 7.9263306 0.09 8.0 4.0
-6.5282784 8.987846 0.09 8.0 4.0
-6.5282784 8.987846 0.010 1.0 5.0
-9.355105 10.049362 1.632069610 1.0 5.0
-9.355105 10.049362 1.632069611 0.0 6.0
-12.182526 8.989956 3.264481811 0.0 6.0
-12.182526 8.989956 3.264481812 0.0 7.0
-13.93099 6.2141232 4.27395812 0.0 7.0
-6.5282784 8.987846 0.013 1.0 5.0
-6.5301986 5.55544 0.001108713713 1.0 5.0
-6.5301986 5.55544 0.001108713714 0.0 6.0
-8.278664 2.7796073 1.010585414 0.0 6.0
-8.278664 2.7796073 1.010585415 0.0 7.0
-11.106085 1.7202005 2.642997715 0.0 7.0
-6.5282784 8.987846 0.016 7.0 5.0
-8.276743 6.2120137 1.009476716 7.0 5.0
-8.276743 6.2120137 1.009476717 6.0 6.0
-10.0252075 3.436181 2.018953317 6.0 6.0
-10.0252075 3.436181 2.018953318 1.0 7.0
-11.773672 0.6603484 3.0284318 1.0 7.0
-11.773672 0.6603484 3.0284319 0.0 8.0
-11.775593 -2.7720582 3.029538619 0.0 8.0
-11.775593 -2.7720582 3.029538620 0.0 9.0
-10.030235 -5.5504975 2.02185620 0.0 9.0
-10.0252075 3.436181 2.018953321 1.0 7.0
-7.1989746 2.3725576 0.3872268221 1.0 7.0
-7.1989746 2.3725576 0.3872268222 0.0 8.0
-5.453617 -0.40588093 -0.620456122 0.0 8.0
-5.453617 -0.40588093 -0.620456123 0.0 9.0
-5.455537 -3.8382876 -0.619347823 0.0 9.0
-10.0252075 3.436181 2.018953324 5.0 7.0
-6.7617545 2.3725576 2.018953324 5.0 7.0
-6.7617545 2.3725576 2.018953325 4.0 8.0
-3.4983015 1.3089342 2.018953325 4.0 8.0
-3.4983015 1.3089342 2.018953326 1.0 9.0
-0.67206836 0.24531078 0.3872268226 1.0 9.0
-0.67206836 0.24531078 0.3872268227 0.0 10.0
2.1559443 1.3026081 -1.245527127 0.0 10.0
2.1559443 1.3026081 -1.245527128 0.0 11.0
3.9059625 4.0771356 -2.255900428 0.0 11.0
-3.4983015 1.3089342 2.018953329 1.0 9.0
-3.4944594 4.7413387 2.01673529 1.0 9.0
-3.4944594 4.7413387 2.01673530 0.0 10.0
-1.7444413 7.5158663 1.006361730 0.0 10.0
-1.7444413 7.5158663 1.006361731 0.0 11.0
1.0835714 8.573164 -0.6263922531 0.0 11.0
-3.4983015 1.3089342 2.018953332 3.0 9.0
-3.493865 4.7413387 2.018953332 3.0 9.0
-3.493865 4.7413387 2.018953333 2.0 10.0
-3.4894285 8.173743 2.018953333 2.0 10.0
-3.4894285 8.173743 2.018953334 1.0 11.0
-3.4855864 11.606148 2.01673534 1.0 11.0
-3.4855864 11.606148 2.01673535 0.0 12.0
-5.2293873 14.38589 3.02351935 0.0 12.0
-5.2293873 14.38589 3.02351936 0.0 13.0
-8.055023 15.451626 4.65490136 0.0 13.0
-3.4894285 8.173743 2.018953337 1.0 11.0
-6.318033 7.11856 3.65204937 1.0 11.0
-6.318033 7.11856 3.65204938 0.0 12.0
-9.143669 8.184296 5.28343138 0.0 12.0
-9.143669 8.184296 5.28343139 0.0 13.0
-10.88747 10.964038 6.29021539 0.0 13.0
-6.5282784 8.987846 0.040 7.0 5.0
-3.7020452 7.924223 -1.631726540 7.0 5.0
-3.7020452 7.924223 -1.631726541 6.0 6.0
-0.87581205 6.8605995 -3.26345341 6.0 6.0
-0.87581205 6.8605995 -3.26345342 1.0 7.0
1.9504211 5.796976 -4.895179742 1.0 7.0
1.9504211 5.796976 -4.895179743 0.0 8.0
4.778434 6.8542733 -6.527933643 0.0 8.0
4.778434 6.8542733 -6.527933644 0.0 9.0
6.528452 9.628801 -7.53830744 0.0 9.0
-0.87581205 6.8605995 -3.26345345 1.0 7.0
-0.87196994 10.293004 -3.265671345 1.0 7.0
-0.87196994 10.293004 -3.265671346 0.0 8.0
0.8780482 13.067532 -4.27604546 0.0 8.0
0.8780482 13.067532 -4.27604547 0.0 9.0
3.706061 14.124829 -5.908798747 0.0 9.0
-0.87581205 6.8605995 -3.26345348 5.0 7.0
2.389696 7.9178967 -3.26345348 5.0 7.0
2.389696 7.9178967 -3.26345349 4.0 8.0
5.655204 8.975194 -3.26345349 4.0 8.0
5.655204 8.975194 -3.26345350 1.0 9.0
8.483216 10.032492 -4.89620750 1.0 9.0
8.483216 10.032492 -4.89620751 0.0 10.0
10.233234 12.807019 -5.9065851 0.0 10.0
10.233234 12.807019 -5.9065852 0.0 11.0
10.237077 16.239424 -5.90879852 0.0 11.0
5.655204 8.975194 -3.26345353 1.0 9.0
3.911403 11.754936 -2.25666953 1.0 9.0
3.911403 11.754936 -2.25666954 0.0 10.0
3.915245 15.187341 -2.258887354 0.0 10.0
3.915245 15.187341 -2.258887355 0.0 11.0
5.665263 17.961868 -3.269260655 0.0 11.0
5.655204 8.975194 -3.26345356 3.0 9.0
7.6759505 11.749722 -3.26345356 3.0 9.0
7.6759505 11.749722 -3.26345357 2.0 10.0
9.696697 14.524249 -3.26345357 2.0 10.0
9.696697 14.524249 -3.26345358 1.0 11.0
11.446715 17.298777 -4.273826658 1.0 11.0
11.446715 17.298777 -4.273826659 0.0 12.0
11.450558 20.731182 -4.27604559 0.0 12.0
11.450558 20.731182 -4.27604560 0.0 13.0
9.706757 23.510923 -3.26926160 0.0 13.0
9.696697 14.524249 -3.26345361 1.0 11.0
6.871061 15.589985 -1.63207161 1.0 11.0
6.871061 15.589985 -1.63207162 0.0 12.0
5.12726 18.369726 -0.6252870662 0.0 12.0
5.12726 18.369726 -0.6252870663 0.0 13.0
5.131102 21.802132 -0.627505363 0.0 13.0
