0.0 0.0 0.00 11.0 1.0
0.0 3.6917164 0.00 11.0 1.0
0.0 3.6917164 0.01 10.0 2.0
0.0 7.383433 0.01 10.0 2.0
0.0 7.383433 0.02 1.0 3.0
0.0 11.07515 0.02 1.0 3.0
0.0 11.07515 0.03 0.0 4.0
-2.0265613 13.930467 1.17003573 0.0 4.0
-2.0265613 13.930467 1.17003574 0.0 5.0
-5.161404 14.655577 2.9799384 0.0 5.0
0.0 7.383433 0.05 1.0 3.0
-2.8226573 5.6497726 1.62966195 1.0 3.0
-2.8226573 5.6497726 1.62966196 0.0 4.0
-5.9575005 6.3748827 3.43956426 0.0 4.0
-5.9575005 6.3748827 3.43956427 0.0 5.0
-7.9840617 9.2302 4.60967 0.0 5.0
0.0 7.383433 0.08 9.0 3.0
-3.6198046 8.108543 0.08 9.0 3.0
-3.6198046 8.108543 0.09 8.0 4.0
-7.2396092 8.833653 0.09 8.0 4.0
-7.2396092 8.833653 0.010 1.0 5.0
-10.374453 9.5587635 1.809902310 1.0 5.0
-10.374453 9.5587635 1.809902311 0.0 6.0
-13.19711 7.8251033 3.439564211 0.0 6.0
-13.19711 7.8251033 3.439564212 0.0 7.0
-14.428574 4.4182324 4.1505512 0.0 7.0
-7.2396092 8.833653 0.013 1.0 5.0
-6.321875 5.2973013 -0.529854213 1.0 5.0
-6.321875 5.2973013 -0.529854214 0.0 6.0
-7.553338 1.8904305 0.1811313614 0.0 6.0
-7.553338 1.8904305 0.1811313615 0.0 7.0
-10.375996 0.15677023 1.810793315 0.0 7.0
-7.2396092 8.833653 0.016 7.0 5.0
-8.471072 5.4267826 0.7109855416 7.0 5.0
-8.471072 5.4267826 0.7109855417 6.0 6.0
-9.702536 2.0199118 1.421971117 6.0 6.0
-9.702536 2.0199118 1.421971118 1.0 7.0
-10.933999 -1.3869591 2.132956518 1.0 7.0
-10.933999 -1.3869591 2.132956519 0.0 8.0
-10.016265 -4.923311 1.603102319 0.0 8.0
-10.016265 -4.923311 1.603102320 0.0 9.0
-7.365179 -6.986746 0.0724971320 0.0 9.0
-9.702536 2.0199118 1.421971121 1.0 7.0
-6.5193644 2.3643835 -0.4158339521 1.0 7.0
-6.5193644 2.3643835 -0.4158339522 0.0 8.0
-3.8682785 0.3009491 -1.946439122 0.0 8.0
-3.8682785 0.3009491 -1.946439123 0.0 9.0
-2.950544 -3.2354033 -2.476293323 0.0 9.0
-9.702536 2.0199118 1.421971124 5.0 7.0
-6.0269256 2.3643835 1.421971124 5.0 7.0
-6.0269256 2.3643835 1.421971125 4.0 8.0
-2.3513155 2.7088552 1.421971125 4.0 8.0
-2.3513155 2.7088552 1.421971126 1.0 9.0
0.831856 3.0533268 -0.4158339526 1.0 9.0
0.831856 3.0533268 -0.4158339527 0.0 10.0
3.1047478 5.6496167 -1.728088627 0.0 10.0
3.1047478 5.6496167 -1.728088628 0.0 11.0
3.4374616 9.321288 -1.92018128 0.0 11.0
-2.3513155 2.7088552 1.421971129 1.0 9.0
-4.109539 5.7921925 2.43708229 1.0 9.0
-4.109539 5.7921925 2.43708230 0.0 10.0
-3.7768252 9.463864 2.244989630 0.0 10.0
-3.7768252 9.463864 2.244989631 0.0 11.0
-1.5039334 12.060154 0.9327349731 0.0 11.0
-2.3513155 2.7088552 1.421971132 3.0 9.0
-4.3815374 5.7921925 1.421971132 3.0 9.0
-4.3815374 5.7921925 1.421971133 2.0 10.0
-6.4117594 8.87553 1.421971133 2.0 10.0
-6.4117594 8.87553 1.421971134 1.0 11.0
-8.169983 11.958868 2.43708234 1.0 11.0
-8.169983 11.958868 2.43708235 0.0 12.0
-11.222454 13.056743 4.19942735 0.0 12.0
-11.222454 13.056743 4.19942736 0.0 13.0
-14.18603 11.671682 5.910448636 0.0 13.0
-6.4117594 8.87553 1.421971137 1.0 11.0
-7.943577 5.6351366 2.306366437 1.0 11.0
-7.943577 5.6351366 2.306366438 0.0 12.0
-10.907153 4.250077 4.01738838 0.0 12.0
-10.907153 4.250077 4.01738839 0.0 13.0
-13.959624 5.347951 5.77973339 0.0 13.0
-7.2396092 8.833653 0.040 7.0 5.0
-4.0564375 9.178125 -1.83780540 7.0 5.0
-4.0564375 9.178125 -1.83780541 6.0 6.0
-0.873266 9.522597 -3.6756141 6.0 6.0
-0.873266 9.522597 -3.6756142 1.0 7.0
2.3099055 9.867069 -5.513415342 1.0 7.0
2.3099055 9.867069 -5.513415343 0.0 8.0
4.582797 12.463359 -6.825670243 0.0 8.0
4.582797 12.463359 -6.825670244 0.0 9.0
4.915511 16.13503 -7.017762744 0.0 9.0
-0.873266 9.522597 -3.6756145 1.0 7.0
-2.6314898 12.605934 -2.66049945 1.0 7.0
-2.6314898 12.605934 -2.66049946 0.0 8.0
-2.298776 16.277605 -2.852591546 0.0 8.0
-2.298776 16.277605 -2.852591547 0.0 9.0
-0.025884151 18.873896 -4.164846447 0.0 9.0
-0.873266 9.522597 -3.6756148 5.0 7.0
1.7512434 12.118887 -3.6756148 5.0 7.0
1.7512434 12.118887 -3.6756149 4.0 8.0
4.3757524 14.715177 -3.6756149 4.0 8.0
4.3757524 14.715177 -3.6756150 1.0 9.0
6.6486444 17.311466 -4.987864550 1.0 9.0
6.6486444 17.311466 -4.987864551 0.0 10.0
6.9813585 20.983137 -5.17995751 0.0 10.0
6.9813585 20.983137 -5.17995752 0.0 11.0
5.223135 24.066475 -4.16484652 0.0 11.0
4.3757524 14.715177 -3.6756153 1.0 9.0
1.323281 15.813051 -1.913264953 1.0 9.0
1.323281 15.813051 -1.913264954 0.0 10.0
-0.43494272 18.896389 -0.898153954 0.0 10.0
-0.43494272 18.896389 -0.898153955 0.0 11.0
-0.10222882 22.56806 -1.090246355 0.0 11.0
4.3757524 14.715177 -3.6756156 3.0 9.0
4.7599373 18.386848 -3.6756156 3.0 9.0
4.7599373 18.386848 -3.6756157 2.0 10.0
5.144122 22.05852 -3.6756157 2.0 10.0
5.144122 22.05852 -3.6756158 1.0 11.0
5.476836 25.73019 -3.867702558 1.0 11.0
5.476836 25.73019 -3.867702559 0.0 12.0
3.7186124 28.813528 -2.852591559 0.0 12.0
3.7186124 28.813528 -2.852591560 0.0 13.0
0.66614103 29.911402 -1.090246360 0.0 13.0
5.144122 22.05852 -3.6756161 1.0 11.0
2.180546 20.67346 -1.964588561 1.0 11.0
2.180546 20.67346 -1.964588562 0.0 12.0
-0.87192535 21.771334 -0.2022433362 0.0 12.0
-0.87192535 21.771334 -0.2022433363 0.0 13.0
-2.6301491 24.854671 0.8128676463 0.0 13.0
