0.0 0.0 0.00 28.0 1.0
0.0 0.57679355 0.00 28.0 1.0
0.0 0.57679355 0.01 27.0 2.0
0.0 1.1535871 0.01 27.0 2.0
0.0 1.1535871 0.02 26.0 3.0
0.0 1.7303807 0.02 26.0 3.0
0.0 1.7303807 0.03 25.0 4.0
0.0 2.3071742 0.03 25.0 4.0
0.0 2.3071742 0.04 24.0 5.0
0.0 2.8839679 0.04 24.0 5.0
0.0 2.8839679 0.05 23.0 6.0
0.0 3.4607615 0.05 23.0 6.0
0.0 3.4607615 0.06 22.0 7.0
0.0 4.037555 0.06 22.0 7.0
0.0 4.037555 0.07 21.0 8.0
0.0 4.614349 0.07 21.0 8.0
0.0 4.614349 0.08 12.0 9.0
-0.13886102 5.1684074 0.080171458 12.0 9.0
-0.13886102 5.1684074 0.080171459 11.0 10.0
-0.27772203 5.722466 0.16034299 11.0 10.0
-0.27772203 5.722466 0.160342910 10.0 11.0
-0.41658306 6.2765245 0.2405143510 10.0 11.0
-0.41658306 6.2765245 0.2405143511 9.0 12.0
-0.55544406 6.830583 0.320685811 9.0 12.0
-0.55544406 6.830583 0.320685812 4.0 13.0
-0.8222194 7.318229 0.4747086212 4.0 13.0
-0.8222194 7.318229 0.4747086213 3.0 14.0
-1.0889947 7.8058753 0.628731413 3.0 14.0
-1.0889947 7.8058753 0.628731414 0.0 15.0
-1.4626539 8.188666 0.844463714 0.0 15.0
-1.4626539 8.188666 0.844463715 0.0 16.0
-1.8941183 8.571458 0.844463715 0.0 16.0
-1.0889947 7.8058753 0.628731416 0.0 15.0
-1.2278558 8.359934 0.708902916 0.0 15.0
-1.2278558 8.359934 0.708902917 0.0 16.0
-1.3881987 8.913993 0.708902917 0.0 16.0
-1.0889947 7.8058753 0.628731418 2.0 15.0
-1.3970404 8.293521 0.628731418 2.0 15.0
-1.3970404 8.293521 0.628731419 1.0 16.0
-1.705086 8.781167 0.628731419 1.0 16.0
-1.705086 8.781167 0.628731420 0.0 17.0
-2.0131316 9.268813 0.628731420 0.0 17.0
-2.0131316 9.268813 0.628731421 0.0 18.0
-2.3211772 9.756459 0.628731421 0.0 18.0
-0.55544406 6.830583 0.320685822 4.0 13.0
-0.55544406 7.407377 0.320685822 4.0 13.0
-0.55544406 7.407377 0.320685823 3.0 14.0
-0.55544406 7.9841704 0.320685823 3.0 14.0
-0.55544406 7.9841704 0.320685824 0.0 15.0
-0.69430506 8.538229 0.4008572724 0.0 15.0
-0.69430506 8.538229 0.4008572725 0.0 16.0
-0.854648 9.092288 0.4008572725 0.0 16.0
-0.55544406 7.9841704 0.320685826 0.0 15.0
-0.41658306 8.538229 0.2405143526 0.0 15.0
-0.41658306 8.538229 0.2405143527 0.0 16.0
-0.25624016 9.092288 0.2405143527 0.0 16.0
-0.55544406 7.9841704 0.320685828 2.0 15.0
-0.55544406 8.560964 0.320685828 2.0 15.0
-0.55544406 8.560964 0.320685829 1.0 16.0
-0.55544406 9.137757 0.320685829 1.0 16.0
-0.55544406 9.137757 0.320685830 0.0 17.0
-0.55544406 9.714551 0.320685830 0.0 17.0
-0.55544406 9.714551 0.320685831 0.0 18.0
-0.55544406 10.291345 0.320685831 0.0 18.0
-0.55544406 6.830583 0.320685832 8.0 13.0
-0.71578693 7.3846416 0.320685832 8.0 13.0
-0.71578693 7.3846416 0.320685833 7.0 14.0
-0.87612987 7.9387 0.320685833 7.0 14.0
-0.87612987 7.9387 0.320685834 6.0 15.0
-1.0364728 8.492759 0.320685834 6.0 15.0
-1.0364728 8.492759 0.320685835 5.0 16.0
-1.1968157 9.046818 0.320685835 5.0 16.0
-1.1968157 9.046818 0.320685836 4.0 17.0
-1.3571587 9.600877 0.320685836 4.0 17.0
-1.3571587 9.600877 0.320685837 3.0 18.0
-1.5175016 10.154936 0.320685837 3.0 18.0
-1.5175016 10.154936 0.320685838 0.0 19.0
-1.784277 10.642582 0.4747086238 0.0 19.0
-1.784277 10.642582 0.4747086239 0.0 20.0
-2.0923226 11.130228 0.4747086239 0.0 20.0
-1.5175016 10.154936 0.320685840 0.0 19.0
-1.5175016 10.7317295 0.320685840 0.0 19.0
-1.5175016 10.7317295 0.320685841 0.0 20.0
-1.5175016 11.308523 0.320685841 0.0 20.0
-1.5175016 10.154936 0.320685842 2.0 19.0
-1.6778445 10.708995 0.320685842 2.0 19.0
-1.6778445 10.708995 0.320685843 1.0 20.0
-1.8381875 11.263054 0.320685843 1.0 20.0
-1.8381875 11.263054 0.320685844 0.0 21.0
-1.9985304 11.817113 0.320685844 0.0 21.0
-1.9985304 11.817113 0.320685845 0.0 22.0
-2.1588733 12.371172 0.320685845 0.0 22.0
0.0 4.614349 0.046 12.0 9.0
0.13886102 5.1684074 -0.0801714546 12.0 9.0
0.13886102 5.1684074 -0.0801714547 11.0 10.0
0.27772203 5.722466 -0.160342947 11.0 10.0
0.27772203 5.722466 -0.160342948 10.0 11.0
0.41658306 6.2765245 -0.2405143548 10.0 11.0
0.41658306 6.2765245 -0.2405143549 9.0 12.0
0.55544406 6.830583 -0.320685849 9.0 12.0
0.55544406 6.830583 -0.320685850 4.0 13.0
0.55544406 7.407377 -0.320685850 4.0 13.0
0.55544406 7.407377 -0.320685851 3.0 14.0
0.55544406 7.9841704 -0.320685851 3.0 14.0
0.55544406 7.9841704 -0.320685852 0.0 15.0
0.41658306 8.538229 -0.2405143552 0.0 15.0
0.41658306 8.538229 -0.2405143553 0.0 16.0
0.25624016 9.092288 -0.2405143553 0.0 16.0
0.55544406 7.9841704 -0.320685854 0.0 15.0
0.69430506 8.538229 -0.4008572754 0.0 15.0
0.69430506 8.538229 -0.4008572755 0.0 16.0
0.854648 9.092288 -0.4008572755 0.0 16.0
0.55544406 7.9841704 -0.320685856 2.0 15.0
0.55544406 8.560964 -0.320685856 2.0 15.0
0.55544406 8.560964 -0.320685857 1.0 16.0
0.55544406 9.137757 -0.320685857 1.0 16.0
0.55544406 9.137757 -0.320685858 0.0 17.0
0.55544406 9.714551 -0.320685858 0.0 17.0
0.55544406 9.714551 -0.320685859 0.0 18.0
0.55544406 10.291345 -0.320685859 0.0 18.0
0.55544406 6.830583 -0.320685860 4.0 13.0
0.8222194 7.318229 -0.4747086260 4.0 13.0
0.8222194 7.318229 -0.4747086261 3.0 14.0
1.0889947 7.8058753 -0.628731461 3.0 14.0
1.0889947 7.8058753 -0.628731462 0.0 15.0
1.2278558 8.359934 -0.708902962 0.0 15.0
1.2278558 8.359934 -0.708902963 0.0 16.0
1.3881987 8.913993 -0.708902963 0.0 16.0
1.0889947 7.8058753 -0.628731464 0.0 15.0
1.4626539 8.188666 -0.844463764 0.0 15.0
1.4626539 8.188666 -0.844463765 0.0 16.0
1.8941183 8.571458 -0.844463765 0.0 16.0
1.0889947 7.8058753 -0.628731466 2.0 15.0
1.3970404 8.293521 -0.628731466 2.0 15.0
1.3970404 8.293521 -0.628731467 1.0 16.0
1.705086 8.781167 -0.628731467 1.0 16.0
1.705086 8.781167 -0.628731468 0.0 17.0
2.0131316 9.268813 -0.628731468 0.0 17.0
2.0131316 9.268813 -0.628731469 0.0 18.0
2.3211772 9.756459 -0.628731469 0.0 18.0
0.55544406 6.830583 -0.320685870 8.0 13.0
0.71578693 7.3846416 -0.320685870 8.0 13.0
0.71578693 7.3846416 -0.320685871 7.0 14.0
0.87612987 7.9387 -0.320685871 7.0 14.0
0.87612987 7.9387 -0.320685872 6.0 15.0
1.0364728 8.492759 -0.320685872 6.0 15.0
1.0364728 8.492759 -0.320685873 5.0 16.0
1.1968157 9.046818 -0.320685873 5.0 16.0
1.1968157 9.046818 -0.320685874 4.0 17.0
1.3571587 9.600877 -0.320685874 4.0 17.0
1.3571587 9.600877 -0.320685875 3.0 18.0
1.5175016 10.154936 -0.320685875 3.0 18.0
1.5175016 10.154936 -0.320685876 0.0 19.0
1.5175016 10.7317295 -0.320685876 0.0 19.0
1.5175016 10.7317295 -0.320685877 0.0 20.0
1.5175016 11.308523 -0.320685877 0.0 20.0
1.5175016 10.154936 -0.320685878 0.0 19.0
1.784277 10.642582 -0.4747086278 0.0 19.0
1.784277 10.642582 -0.4747086279 0.0 20.0
2.0923226 11.130228 -0.4747086279 0.0 20.0
1.5175016 10.154936 -0.320685880 2.0 19.0
1.6778445 10.708995 -0.320685880 2.0 19.0
1.6778445 10.708995 -0.320685881 1.0 20.0
1.8381875 11.263054 -0.320685881 1.0 20.0
1.8381875 11.263054 -0.320685882 0.0 21.0
1.9985304 11.817113 -0.320685882 0.0 21.0
1.9985304 11.817113 -0.320685883 0.0 22.0
2.1588733 12.371172 -0.320685883 0.0 22.0
0.0 4.614349 0.084 20.0 9.0
0.0 5.1911426 0.084 20.0 9.0
0.0 5.1911426 0.085 19.0 10.0
0.0 5.767936 0.085 19.0 10.0
0.0 5.767936 0.086 18.0 11.0
0.0 6.34473 0.086 18.0 11.0
0.0 6.34473 0.087 17.0 12.0
0.0 6.9215236 0.087 17.0 12.0
0.0 6.9215236 0.088 16.0 13.0
0.0 7.4983172 0.088 16.0 13.0
0.0 7.4983172 0.089 15.0 14.0
0.0 8.07511 0.089 15.0 14.0
0.0 8.07511 0.090 14.0 15.0
0.0 8.651904 0.090 14.0 15.0
0.0 8.651904 0.091 13.0 16.0
0.0 9.228698 0.091 13.0 16.0
0.0 9.228698 0.092 12.0 17.0
0.0 9.805491 0.092 12.0 17.0
0.0 9.805491 0.093 11.0 18.0
0.0 10.382285 0.093 11.0 18.0
0.0 10.382285 0.094 10.0 19.0
0.0 10.959079 0.094 10.0 19.0
0.0 10.959079 0.095 9.0 20.0
0.0 11.535872 0.095 9.0 20.0
0.0 11.535872 0.096 4.0 21.0
-0.13886102 12.0899315 0.0801714596 4.0 21.0
-0.13886102 12.0899315 0.0801714597 3.0 22.0
-0.27772203 12.6439905 0.160342997 3.0 22.0
-0.27772203 12.6439905 0.160342998 0.0 23.0
-0.5444974 13.131637 0.314365798 0.0 23.0
-0.5444974 13.131637 0.314365799 0.0 24.0
-0.852543 13.619283 0.314365799 0.0 24.0
-0.27772203 12.6439905 0.1603429100 0.0 23.0
-0.27772203 13.220784 0.1603429100 0.0 23.0
-0.27772203 13.220784 0.1603429101 0.0 24.0
-0.27772203 13.797578 0.1603429101 0.0 24.0
-0.27772203 12.6439905 0.1603429102 2.0 23.0
-0.43806493 13.19805 0.1603429102 2.0 23.0
-0.43806493 13.19805 0.1603429103 1.0 24.0
-0.59840786 13.752109 0.1603429103 1.0 24.0
-0.59840786 13.752109 0.1603429104 0.0 25.0
-0.7587508 14.306168 0.1603429104 0.0 25.0
-0.7587508 14.306168 0.1603429105 0.0 26.0
-0.9190937 14.860227 0.1603429105 0.0 26.0
0.0 11.535872 0.0106 4.0 21.0
0.13886102 12.0899315 -0.08017145106 4.0 21.0
0.13886102 12.0899315 -0.08017145107 3.0 22.0
0.27772203 12.6439905 -0.1603429107 3.0 22.0
0.27772203 12.6439905 -0.1603429108 0.0 23.0
0.27772203 13.220784 -0.1603429108 0.0 23.0
0.27772203 13.220784 -0.1603429109 0.0 24.0
0.27772203 13.797578 -0.1603429109 0.0 24.0
0.27772203 12.6439905 -0.1603429110 0.0 23.0
0.5444974 13.131637 -0.3143657110 0.0 23.0
0.5444974 13.131637 -0.3143657111 0.0 24.0
0.852543 13.619283 -0.3143657111 0.0 24.0
0.27772203 12.6439905 -0.1603429112 2.0 23.0
0.43806493 13.19805 -0.1603429112 2.0 23.0
0.43806493 13.19805 -0.1603429113 1.0 24.0
0.59840786 13.752109 -0.1603429113 1.0 24.0
0.59840786 13.752109 -0.1603429114 0.0 25.0
0.7587508 14.306168 -0.1603429114 0.0 25.0
0.7587508 14.306168 -0.1603429115 0.0 26.0
0.9190937 14.860227 -0.1603429115 0.0 26.0
0.0 11.535872 0.0116 8.0 21.0
0.0 12.112666 0.0116 8.0 21.0
0.0 12.112666 0.0117 7.0 22.0
0.0 12.68946 0.0117 7.0 22.0
0.0 12.68946 0.0118 6.0 23.0
0.0 13.266253 0.0118 6.0 23.0
0.0 13.266253 0.0119 5.0 24.0
0.0 13.843047 0.0119 5.0 24.0
0.0 13.843047 0.0120 4.0 25.0
0.0 14.419841 0.0120 4.0 25.0
0.0 14.419841 0.0121 3.0 26.0
0.0 14.9966345 0.0121 3.0 26.0
0.0 14.9966345 0.0122 0.0 27.0
-0.13886102 15.5506935 0.08017145122 0.0 27.0
-0.13886102 15.5506935 0.08017145123 0.0 28.0
-0.29920393 16.104752 0.08017145123 0.0 28.0
0.0 14.9966345 0.0124 0.0 27.0
0.13886102 15.5506935 -0.08017145124 0.0 27.0
0.13886102 15.5506935 -0.08017145125 0.0 28.0
0.29920393 16.104752 -0.08017145125 0.0 28.0
0.0 14.9966345 0.0126 2.0 27.0
0.0 15.573428 0.0126 2.0 27.0
0.0 15.573428 0.0127 1.0 28.0
0.0 16.15022 0.0127 1.0 28.0
0.0 16.15022 0.0128 0.0 29.0
0.0 16.727015 0.0128 0.0 29.0
0.0 16.727015 0.0129 0.0 30.0
0.0 17.303808 0.0129 0.0 30.0
