0.0 0.0 0.00 60.0 1.0
0.0 0.3845601 0.00 60.0 1.0
0.0 0.3845601 0.01 59.0 2.0
0.0 0.7691202 0.01 59.0 2.0
0.0 0.7691202 0.02 58.0 3.0
0.0 1.1536803 0.02 58.0 3.0
0.0 1.1536803 0.03 57.0 4.0
0.0 1.5382404 0.03 57.0 4.0
0.0 1.5382404 0.04 56.0 5.0
0.0 1.9228005 0.04 56.0 5.0
0.0 1.9228005 0.05 55.0 6.0
0.0 2.3073606 0.05 55.0 6.0
0.0 2.3073606 0.06 54.0 7.0
0.0 2.6919208 0.06 54.0 7.0
0.0 2.6919208 0.07 53.0 8.0
0.0 3.0764809 0.07 53.0 8.0
0.0 3.0764809 0.08 52.0 9.0
0.0 3.461041 0.08 52.0 9.0
0.0 3.461041 0.09 51.0 10.0
0.0 3.845601 0.09 51.0 10.0
0.0 3.845601 0.010 50.0 11.0
0.0 4.230161 0.010 50.0 11.0
0.0 4.230161 0.011 49.0 12.0
0.0 4.6147213 0.011 49.0 12.0
0.0 4.6147213 0.012 48.0 13.0
0.0 4.9992814 0.012 48.0 13.0
0.0 4.9992814 0.013 47.0 14.0
0.0 5.3838415 0.013 47.0 14.0
0.0 5.3838415 0.014 46.0 15.0
0.0 5.7684016 0.014 46.0 15.0
0.0 5.7684016 0.015 45.0 16.0
0.0 6.1529617 0.015 45.0 16.0
0.0 6.1529617 0.016 28.0 17.0
-0.08890729 6.5235653 0.0513306516 28.0 17.0
-0.08890729 6.5235653 0.0513306517 27.0 18.0
-0.17781457 6.894169 0.102661317 27.0 18.0
-0.17781457 6.894169 0.102661318 26.0 19.0
-0.26672184 7.2647724 0.1539919418 26.0 19.0
-0.26672184 7.2647724 0.1539919419 25.0 20.0
-0.35562915 7.635376 0.205322619 25.0 20.0
-0.35562915 7.635376 0.205322620 24.0 21.0
-0.44453645 8.00598 0.2566532520 24.0 21.0
-0.44453645 8.00598 0.2566532521 23.0 22.0
-0.53344375 8.376583 0.307983921 23.0 22.0
-0.53344375 8.376583 0.307983922 22.0 23.0
-0.62235105 8.747187 0.3593145622 22.0 23.0
-0.62235105 8.747187 0.3593145623 21.0 24.0
-0.71125835 9.11779 0.4106452223 21.0 24.0
-0.71125835 9.11779 0.4106452224 12.0 25.0
-0.88261974 9.447538 0.5095807324 12.0 25.0
-0.88261974 9.447538 0.5095807325 11.0 26.0
-1.0539811 9.777287 0.608516325 11.0 26.0
-1.0539811 9.777287 0.608516326 10.0 27.0
-1.2253424 10.107035 0.707451826 10.0 27.0
-1.2253424 10.107035 0.707451827 9.0 28.0
-1.3967037 10.436783 0.8063873627 9.0 28.0
-1.3967037 10.436783 0.8063873628 4.0 29.0
-1.6380811 10.70174 0.9457466628 4.0 29.0
-1.6380811 10.70174 0.9457466629 3.0 30.0
-1.8794584 10.966698 1.08510629 3.0 30.0
-1.8794584 10.966698 1.08510630 0.0 31.0
-2.0508199 11.296446 1.184041530 0.0 31.0
-2.0508199 11.296446 1.184041531 0.0 32.0
-2.2486908 11.626194 1.184041531 0.0 32.0
-1.8794584 10.966698 1.08510632 2.0 31.0
-2.1581771 11.231655 1.08510632 2.0 31.0
-2.1581771 11.231655 1.08510633 1.0 32.0
-2.4368958 11.496613 1.08510633 1.0 32.0
-2.4368958 11.496613 1.08510634 0.0 33.0
-2.6082573 11.826361 1.184041534 0.0 33.0
-2.6082573 11.826361 1.184041535 0.0 34.0
-2.8061283 12.156109 1.184041535 0.0 34.0
-2.4368958 11.496613 1.08510636 0.0 33.0
-2.7762318 11.677548 1.08510636 0.0 33.0
-2.7762318 11.677548 1.08510637 0.0 34.0
-3.1155677 11.858484 1.08510637 0.0 34.0
-1.3967037 10.436783 0.8063873638 8.0 29.0
-1.5945748 10.766531 0.8063873638 8.0 29.0
-1.5945748 10.766531 0.8063873639 7.0 30.0
-1.7924459 11.096279 0.8063873639 7.0 30.0
-1.7924459 11.096279 0.8063873640 6.0 31.0
-1.990317 11.426027 0.8063873640 6.0 31.0
-1.990317 11.426027 0.8063873641 5.0 32.0
-2.188188 11.755775 0.8063873641 5.0 32.0
-2.188188 11.755775 0.8063873642 4.0 33.0
-2.2770953 12.126379 0.85771842 4.0 33.0
-2.2770953 12.126379 0.85771843 3.0 34.0
-2.3660026 12.496983 0.909048643 3.0 34.0
-2.3660026 12.496983 0.909048644 0.0 35.0
-2.3660026 12.881542 0.909048644 0.0 35.0
-2.3660026 12.881542 0.909048645 0.0 36.0
-2.3660026 13.266102 0.909048645 0.0 36.0
-2.3660026 12.496983 0.909048646 2.0 35.0
-2.468664 12.867586 0.909048646 2.0 35.0
-2.468664 12.867586 0.909048647 1.0 36.0
-2.5713253 13.23819 0.909048647 1.0 36.0
-2.5713253 13.23819 0.909048648 0.0 37.0
-2.5713253 13.622749 0.909048648 0.0 37.0
-2.5713253 13.622749 0.909048649 0.0 38.0
-2.5713253 14.007309 0.909048649 0.0 38.0
-2.5713253 13.23819 0.909048650 0.0 37.0
-2.7691963 13.567938 0.909048650 0.0 37.0
-2.7691963 13.567938 0.909048651 0.0 38.0
-2.9670672 13.897686 0.909048651 0.0 38.0
-2.188188 11.755775 0.8063873652 4.0 33.0
-2.4669068 12.020733 0.8063873652 4.0 33.0
-2.4669068 12.020733 0.8063873653 3.0 34.0
-2.7456255 12.28569 0.8063873653 3.0 34.0
-2.7456255 12.28569 0.8063873654 0.0 35.0
-2.916987 12.615438 0.905322954 0.0 35.0
-2.916987 12.615438 0.905322955 0.0 36.0
-3.114858 12.945187 0.905322955 0.0 36.0
-2.7456255 12.28569 0.8063873656 2.0 35.0
-3.0243442 12.550648 0.8063873656 2.0 35.0
-3.0243442 12.550648 0.8063873657 1.0 36.0
-3.303063 12.815605 0.8063873657 1.0 36.0
-3.303063 12.815605 0.8063873658 0.0 37.0
-3.4744244 13.145353 0.905322958 0.0 37.0
-3.4744244 13.145353 0.905322959 0.0 38.0
-3.6722953 13.475101 0.905322959 0.0 38.0
-3.303063 12.815605 0.8063873660 0.0 37.0
-3.6423988 12.996541 0.8063873660 0.0 37.0
-3.6423988 12.996541 0.8063873661 0.0 38.0
-3.9817348 13.177477 0.8063873661 0.0 38.0
-0.71125835 9.11779 0.4106452262 20.0 25.0
-0.81391966 9.488394 0.4106452262 20.0 25.0
-0.81391966 9.488394 0.4106452263 19.0 26.0
-0.916581 9.858997 0.4106452263 19.0 26.0
-0.916581 9.858997 0.4106452264 18.0 27.0
-1.0192423 10.229601 0.4106452264 18.0 27.0
-1.0192423 10.229601 0.4106452265 17.0 28.0
-1.1219035 10.600204 0.4106452265 17.0 28.0
-1.1219035 10.600204 0.4106452266 16.0 29.0
-1.2245648 10.970808 0.4106452266 16.0 29.0
-1.2245648 10.970808 0.4106452267 15.0 30.0
-1.327226 11.341412 0.4106452267 15.0 30.0
-1.327226 11.341412 0.4106452268 14.0 31.0
-1.4298873 11.712015 0.4106452268 14.0 31.0
-1.4298873 11.712015 0.4106452269 13.0 32.0
-1.5325485 12.082619 0.4106452269 13.0 32.0
-1.5325485 12.082619 0.4106452270 12.0 33.0
-1.5325485 12.467178 0.4106452270 12.0 33.0
-1.5325485 12.467178 0.4106452271 11.0 34.0
-1.5325485 12.851738 0.4106452271 11.0 34.0
-1.5325485 12.851738 0.4106452272 10.0 35.0
-1.5325485 13.236298 0.4106452272 10.0 35.0
-1.5325485 13.236298 0.4106452273 9.0 36.0
-1.5325485 13.620857 0.4106452273 9.0 36.0
-1.5325485 13.620857 0.4106452274 4.0 37.0
-1.6214558 13.991461 0.4619758774 4.0 37.0
-1.6214558 13.991461 0.4619758775 3.0 38.0
-1.710363 14.362064 0.513306575 3.0 38.0
-1.710363 14.362064 0.513306576 0.0 39.0
-1.710363 14.746624 0.513306576 0.0 39.0
-1.710363 14.746624 0.513306577 0.0 40.0
-1.710363 15.131184 0.513306577 0.0 40.0
-1.710363 14.362064 0.513306578 2.0 39.0
-1.8130243 14.732668 0.513306578 2.0 39.0
-1.8130243 14.732668 0.513306579 1.0 40.0
-1.9156855 15.1032715 0.513306579 1.0 40.0
-1.9156855 15.1032715 0.513306580 0.0 41.0
-1.9156855 15.487831 0.513306580 0.0 41.0
-1.9156855 15.487831 0.513306581 0.0 42.0
-1.9156855 15.872391 0.513306581 0.0 42.0
-1.9156855 15.1032715 0.513306582 0.0 41.0
-2.1135566 15.43302 0.513306582 0.0 41.0
-2.1135566 15.43302 0.513306583 0.0 42.0
-2.3114276 15.762768 0.513306583 0.0 42.0
-1.5325485 13.620857 0.4106452284 8.0 37.0
-1.5325485 14.005417 0.4106452284 8.0 37.0
-1.5325485 14.005417 0.4106452285 7.0 38.0
-1.5325485 14.3899765 0.4106452285 7.0 38.0
-1.5325485 14.3899765 0.4106452286 6.0 39.0
-1.5325485 14.774536 0.4106452286 6.0 39.0
-1.5325485 14.774536 0.4106452287 5.0 40.0
-1.5325485 15.159096 0.4106452287 5.0 40.0
-1.5325485 15.159096 0.4106452288 4.0 41.0
-1.4436413 15.529699 0.3593145688 4.0 41.0
-1.4436413 15.529699 0.3593145689 3.0 42.0
-1.3547341 15.900303 0.307983989 3.0 42.0
-1.3547341 15.900303 0.307983990 0.0 43.0
-1.1833727 16.230051 0.2090483890 0.0 43.0
-1.1833727 16.230051 0.2090483891 0.0 44.0
-0.98550165 16.5598 0.2090483891 0.0 44.0
-1.3547341 15.900303 0.307983992 2.0 43.0
-1.2520728 16.270906 0.307983992 2.0 43.0
-1.2520728 16.270906 0.307983993 1.0 44.0
-1.1494116 16.64151 0.307983993 1.0 44.0
-1.1494116 16.64151 0.307983994 0.0 45.0
-0.97805023 16.971258 0.2090483894 0.0 45.0
-0.97805023 16.971258 0.2090483895 0.0 46.0
-0.78017914 17.301006 0.2090483895 0.0 46.0
-1.1494116 16.64151 0.307983996 0.0 45.0
-1.1494116 17.02607 0.307983996 0.0 45.0
-1.1494116 17.02607 0.307983997 0.0 46.0
-1.1494116 17.41063 0.307983997 0.0 46.0
-1.5325485 15.159096 0.4106452298 4.0 41.0
-1.6352098 15.529699 0.4106452298 4.0 41.0
-1.6352098 15.529699 0.4106452299 3.0 42.0
-1.737871 15.900303 0.4106452299 3.0 42.0
-1.737871 15.900303 0.41064522100 0.0 43.0
-1.737871 16.284863 0.41064522100 0.0 43.0
-1.737871 16.284863 0.41064522101 0.0 44.0
-1.737871 16.669422 0.41064522101 0.0 44.0
-1.737871 15.900303 0.41064522102 2.0 43.0
-1.8405323 16.270906 0.41064522102 2.0 43.0
-1.8405323 16.270906 0.41064522103 1.0 44.0
-1.9431936 16.64151 0.41064522103 1.0 44.0
-1.9431936 16.64151 0.41064522104 0.0 45.0
-1.9431936 17.02607 0.41064522104 0.0 45.0
-1.9431936 17.02607 0.41064522105 0.0 46.0
-1.9431936 17.41063 0.41064522105 0.0 46.0
-1.9431936 16.64151 0.41064522106 0.0 45.0
-2.1410646 16.971258 0.41064522106 0.0 45.0
-2.1410646 16.971258 0.41064522107 0.0 46.0
-2.3389356 17.301006 0.41064522107 0.0 46.0
-1.5325485 12.082619 0.41064522108 12.0 33.0
-1.7304196 12.412367 0.41064522108 12.0 33.0
-1.7304196 12.412367 0.41064522109 11.0 34.0
-1.9282907 12.742115 0.41064522109 11.0 34.0
-1.9282907 12.742115 0.41064522110 10.0 35.0
-2.1261618 13.071863 0.41064522110 10.0 35.0
-2.1261618 13.071863 0.41064522111 9.0 36.0
-2.3240328 13.401611 0.41064522111 9.0 36.0
-2.3240328 13.401611 0.41064522112 4.0 37.0
-2.5654101 13.666569 0.55000454112 4.0 37.0
-2.5654101 13.666569 0.55000454113 3.0 38.0
-2.8067875 13.931526 0.68936384113 3.0 38.0
-2.8067875 13.931526 0.68936384114 0.0 39.0
-2.978149 14.261274 0.7882994114 0.0 39.0
-2.978149 14.261274 0.7882994115 0.0 40.0
-3.17602 14.5910225 0.7882994115 0.0 40.0
-2.8067875 13.931526 0.68936384116 2.0 39.0
-3.0855062 14.196484 0.68936384116 2.0 39.0
-3.0855062 14.196484 0.68936384117 1.0 40.0
-3.364225 14.461441 0.68936384117 1.0 40.0
-3.364225 14.461441 0.68936384118 0.0 41.0
-3.5355864 14.791189 0.7882994118 0.0 41.0
-3.5355864 14.791189 0.7882994119 0.0 42.0
-3.7334573 15.120937 0.7882994119 0.0 42.0
-3.364225 14.461441 0.68936384120 0.0 41.0
-3.7035608 14.642377 0.68936384120 0.0 41.0
-3.7035608 14.642377 0.68936384121 0.0 42.0
-4.0428967 14.823313 0.68936384121 0.0 42.0
-2.3240328 13.401611 0.41064522122 8.0 37.0
-2.5219038 13.7313595 0.41064522122 8.0 37.0
-2.5219038 13.7313595 0.41064522123 7.0 38.0
-2.7197747 14.061108 0.41064522123 7.0 38.0
-2.7197747 14.061108 0.41064522124 6.0 39.0
-2.9176457 14.390856 0.41064522124 6.0 39.0
-2.9176457 14.390856 0.41064522125 5.0 40.0
-3.1155167 14.720604 0.41064522125 5.0 40.0
-3.1155167 14.720604 0.41064522126 4.0 41.0
-3.204424 15.0912075 0.46197587126 4.0 41.0
-3.204424 15.0912075 0.46197587127 3.0 42.0
-3.2933311 15.461811 0.5133065127 3.0 42.0
-3.2933311 15.461811 0.5133065128 0.0 43.0
-3.2933311 15.846371 0.5133065128 0.0 43.0
-3.2933311 15.846371 0.5133065129 0.0 44.0
-3.2933311 16.23093 0.5133065129 0.0 44.0
-3.2933311 15.461811 0.5133065130 2.0 43.0
-3.3959925 15.832415 0.5133065130 2.0 43.0
-3.3959925 15.832415 0.5133065131 1.0 44.0
-3.498654 16.203018 0.5133065131 1.0 44.0
-3.498654 16.203018 0.5133065132 0.0 45.0
-3.498654 16.587578 0.5133065132 0.0 45.0
-3.498654 16.587578 0.5133065133 0.0 46.0
-3.498654 16.972137 0.5133065133 0.0 46.0
-3.498654 16.203018 0.5133065134 0.0 45.0
-3.6965249 16.532766 0.5133065134 0.0 45.0
-3.6965249 16.532766 0.5133065135 0.0 46.0
-3.8943958 16.862514 0.5133065135 0.0 46.0
-3.1155167 14.720604 0.41064522136 4.0 41.0
-3.3942354 14.985561 0.41064522136 4.0 41.0
-3.3942354 14.985561 0.41064522137 3.0 42.0
-3.672954 15.250519 0.41064522137 3.0 42.0
-3.672954 15.250519 0.41064522138 0.0 43.0
-3.8443155 15.580267 0.50958073138 0.0 43.0
-3.8443155 15.580267 0.50958073139 0.0 44.0
-4.0421867 15.910015 0.50958073139 0.0 44.0
-3.672954 15.250519 0.41064522140 2.0 43.0
-3.9516728 15.515476 0.41064522140 2.0 43.0
-3.9516728 15.515476 0.41064522141 1.0 44.0
-4.2303915 15.780434 0.41064522141 1.0 44.0
-4.2303915 15.780434 0.41064522142 0.0 45.0
-4.401753 16.110182 0.50958073142 0.0 45.0
-4.401753 16.110182 0.50958073143 0.0 46.0
-4.599624 16.43993 0.50958073143 0.0 46.0
-4.2303915 15.780434 0.41064522144 0.0 45.0
-4.5697274 15.9613695 0.41064522144 0.0 45.0
-4.5697274 15.9613695 0.41064522145 0.0 46.0
-4.9090633 16.142305 0.41064522145 0.0 46.0
0.0 6.1529617 0.0146 44.0 17.0
0.0 6.537522 0.0146 44.0 17.0
0.0 6.537522 0.0147 43.0 18.0
0.0 6.922082 0.0147 43.0 18.0
0.0 6.922082 0.0148 42.0 19.0
0.0 7.306642 0.0148 42.0 19.0
0.0 7.306642 0.0149 41.0 20.0
0.0 7.691202 0.0149 41.0 20.0
0.0 7.691202 0.0150 40.0 21.0
0.0 8.075762 0.0150 40.0 21.0
0.0 8.075762 0.0151 39.0 22.0
0.0 8.460321 0.0151 39.0 22.0
0.0 8.460321 0.0152 38.0 23.0
0.0 8.844881 0.0152 38.0 23.0
0.0 8.844881 0.0153 37.0 24.0
0.0 9.229441 0.0153 37.0 24.0
0.0 9.229441 0.0154 36.0 25.0
0.0 9.614 0.0154 36.0 25.0
0.0 9.614 0.0155 35.0 26.0
0.0 9.99856 0.0155 35.0 26.0
0.0 9.99856 0.0156 34.0 27.0
0.0 10.38312 0.0156 34.0 27.0
0.0 10.38312 0.0157 33.0 28.0
0.0 10.767679 0.0157 33.0 28.0
0.0 10.767679 0.0158 32.0 29.0
0.0 11.152239 0.0158 32.0 29.0
0.0 11.152239 0.0159 31.0 30.0
0.0 11.5367985 0.0159 31.0 30.0
0.0 11.5367985 0.0160 30.0 31.0
0.0 11.921358 0.0160 30.0 31.0
0.0 11.921358 0.0161 29.0 32.0
0.0 12.305918 0.0161 29.0 32.0
0.0 12.305918 0.0162 28.0 33.0
0.08890729 12.676521 -0.05133065162 28.0 33.0
0.08890729 12.676521 -0.05133065163 27.0 34.0
0.17781457 13.047125 -0.1026613163 27.0 34.0
0.17781457 13.047125 -0.1026613164 26.0 35.0
0.26672184 13.417728 -0.15399194164 26.0 35.0
0.26672184 13.417728 -0.15399194165 25.0 36.0
0.35562915 13.788332 -0.2053226165 25.0 36.0
0.35562915 13.788332 -0.2053226166 24.0 37.0
0.44453645 14.158936 -0.25665325166 24.0 37.0
0.44453645 14.158936 -0.25665325167 23.0 38.0
0.53344375 14.529539 -0.3079839167 23.0 38.0
0.53344375 14.529539 -0.3079839168 22.0 39.0
0.62235105 14.900143 -0.35931456168 22.0 39.0
0.62235105 14.900143 -0.35931456169 21.0 40.0
0.71125835 15.270746 -0.41064522169 21.0 40.0
0.71125835 15.270746 -0.41064522170 12.0 41.0
0.71125835 15.655306 -0.41064522170 12.0 41.0
0.71125835 15.655306 -0.41064522171 11.0 42.0
0.71125835 16.039865 -0.41064522171 11.0 42.0
0.71125835 16.039865 -0.41064522172 10.0 43.0
0.71125835 16.424425 -0.41064522172 10.0 43.0
0.71125835 16.424425 -0.41064522173 9.0 44.0
0.71125835 16.808985 -0.41064522173 9.0 44.0
0.71125835 16.808985 -0.41064522174 4.0 45.0
0.62235105 17.179588 -0.35931456174 4.0 45.0
0.62235105 17.179588 -0.35931456175 3.0 46.0
0.53344375 17.550192 -0.3079839175 3.0 46.0
0.53344375 17.550192 -0.3079839176 0.0 47.0
0.53344375 17.934752 -0.3079839176 0.0 47.0
0.53344375 17.934752 -0.3079839177 0.0 48.0
0.53344375 18.319311 -0.3079839177 0.0 48.0
0.53344375 17.550192 -0.3079839178 2.0 47.0
0.43078244 17.920795 -0.3079839178 2.0 47.0
0.43078244 17.920795 -0.3079839179 1.0 48.0
0.32812113 18.291399 -0.3079839179 1.0 48.0
0.32812113 18.291399 -0.3079839180 0.0 49.0
0.32812113 18.675959 -0.3079839180 0.0 49.0
0.32812113 18.675959 -0.3079839181 0.0 50.0
0.32812113 19.060518 -0.3079839181 0.0 50.0
0.32812113 18.291399 -0.3079839182 0.0 49.0
0.13025007 18.621147 -0.3079839182 0.0 49.0
0.13025007 18.621147 -0.3079839183 0.0 50.0
-0.06762099 18.950895 -0.3079839183 0.0 50.0
0.71125835 16.808985 -0.41064522184 8.0 45.0
0.71125835 17.193544 -0.41064522184 8.0 45.0
0.71125835 17.193544 -0.41064522185 7.0 46.0
0.71125835 17.578104 -0.41064522185 7.0 46.0
0.71125835 17.578104 -0.41064522186 6.0 47.0
0.71125835 17.962664 -0.41064522186 6.0 47.0
0.71125835 17.962664 -0.41064522187 5.0 48.0
0.71125835 18.347223 -0.41064522187 5.0 48.0
0.71125835 18.347223 -0.41064522188 4.0 49.0
0.80016565 18.717827 -0.46197587188 4.0 49.0
0.80016565 18.717827 -0.46197587189 3.0 50.0
0.88907295 19.08843 -0.5133065189 3.0 50.0
0.88907295 19.08843 -0.5133065190 0.0 51.0
1.0604343 19.418179 -0.61224204190 0.0 51.0
1.0604343 19.418179 -0.61224204191 0.0 52.0
1.2583054 19.747927 -0.61224204191 0.0 52.0
0.88907295 19.08843 -0.5133065192 2.0 51.0
0.99173427 19.459034 -0.5133065192 2.0 51.0
0.99173427 19.459034 -0.5133065193 1.0 52.0
1.0943955 19.829638 -0.5133065193 1.0 52.0
1.0943955 19.829638 -0.5133065194 0.0 53.0
1.2657568 20.159386 -0.61224204194 0.0 53.0
1.2657568 20.159386 -0.61224204195 0.0 54.0
1.4636279 20.489134 -0.61224204195 0.0 54.0
1.0943955 19.829638 -0.5133065196 0.0 53.0
1.0943955 20.214197 -0.5133065196 0.0 53.0
1.0943955 20.214197 -0.5133065197 0.0 54.0
1.0943955 20.598757 -0.5133065197 0.0 54.0
0.71125835 18.347223 -0.41064522198 4.0 49.0
0.60859704 18.717827 -0.41064522198 4.0 49.0
0.60859704 18.717827 -0.41064522199 3.0 50.0
0.5059357 19.08843 -0.41064522199 3.0 50.0
0.5059357 19.08843 -0.41064522200 0.0 51.0
0.5059357 19.47299 -0.41064522200 0.0 51.0
0.5059357 19.47299 -0.41064522201 0.0 52.0
0.5059357 19.85755 -0.41064522201 0.0 52.0
0.5059357 19.08843 -0.41064522202 2.0 51.0
0.40327442 19.459034 -0.41064522202 2.0 51.0
0.40327442 19.459034 -0.41064522203 1.0 52.0
0.3006131 19.829638 -0.41064522203 1.0 52.0
0.3006131 19.829638 -0.41064522204 0.0 53.0
0.3006131 20.214197 -0.41064522204 0.0 53.0
0.3006131 20.214197 -0.41064522205 0.0 54.0
0.3006131 20.598757 -0.41064522205 0.0 54.0
0.3006131 19.829638 -0.41064522206 0.0 53.0
0.102742046 20.159386 -0.41064522206 0.0 53.0
0.102742046 20.159386 -0.41064522207 0.0 54.0
-0.09512901 20.489134 -0.41064522207 0.0 54.0
0.71125835 15.270746 -0.41064522208 20.0 41.0
0.81391966 15.64135 -0.41064522208 20.0 41.0
0.81391966 15.64135 -0.41064522209 19.0 42.0
0.916581 16.011953 -0.41064522209 19.0 42.0
0.916581 16.011953 -0.41064522210 18.0 43.0
1.0192423 16.382557 -0.41064522210 18.0 43.0
1.0192423 16.382557 -0.41064522211 17.0 44.0
1.1219035 16.75316 -0.41064522211 17.0 44.0
1.1219035 16.75316 -0.41064522212 16.0 45.0
1.2245648 17.123764 -0.41064522212 16.0 45.0
1.2245648 17.123764 -0.41064522213 15.0 46.0
1.327226 17.494368 -0.41064522213 15.0 46.0
1.327226 17.494368 -0.41064522214 14.0 47.0
1.4298873 17.864971 -0.41064522214 14.0 47.0
1.4298873 17.864971 -0.41064522215 13.0 48.0
1.5325485 18.235575 -0.41064522215 13.0 48.0
1.5325485 18.235575 -0.41064522216 12.0 49.0
1.7039099 18.565323 -0.50958073216 12.0 49.0
1.7039099 18.565323 -0.50958073217 11.0 50.0
1.8752712 18.895071 -0.6085163217 11.0 50.0
1.8752712 18.895071 -0.6085163218 10.0 51.0
2.0466325 19.22482 -0.7074518218 10.0 51.0
2.0466325 19.22482 -0.7074518219 9.0 52.0
2.217994 19.554567 -0.80638736219 9.0 52.0
2.217994 19.554567 -0.80638736220 4.0 53.0
2.3069012 19.92517 -0.857718220 4.0 53.0
2.3069012 19.92517 -0.857718221 3.0 54.0
2.3958085 20.295774 -0.9090486221 3.0 54.0
2.3958085 20.295774 -0.9090486222 0.0 55.0
2.56717 20.625523 -1.0079842222 0.0 55.0
2.56717 20.625523 -1.0079842223 0.0 56.0
2.7650409 20.95527 -1.0079842223 0.0 56.0
2.3958085 20.295774 -0.9090486224 2.0 55.0
2.4984698 20.666378 -0.9090486224 2.0 55.0
2.4984698 20.666378 -0.9090486225 1.0 56.0
2.6011312 21.036982 -0.9090486225 1.0 56.0
2.6011312 21.036982 -0.9090486226 0.0 57.0
2.7724926 21.36673 -1.0079842226 0.0 57.0
2.7724926 21.36673 -1.0079842227 0.0 58.0
2.9703636 21.696478 -1.0079842227 0.0 58.0
2.6011312 21.036982 -0.9090486228 0.0 57.0
2.6011312 21.421541 -0.9090486228 0.0 57.0
2.6011312 21.421541 -0.9090486229 0.0 58.0
2.6011312 21.8061 -0.9090486229 0.0 58.0
2.217994 19.554567 -0.80638736230 8.0 53.0
2.415865 19.884315 -0.80638736230 8.0 53.0
2.415865 19.884315 -0.80638736231 7.0 54.0
2.613736 20.214064 -0.80638736231 7.0 54.0
2.613736 20.214064 -0.80638736232 6.0 55.0
2.811607 20.543812 -0.80638736232 6.0 55.0
2.811607 20.543812 -0.80638736233 5.0 56.0
3.0094779 20.87356 -0.80638736233 5.0 56.0
3.0094779 20.87356 -0.80638736234 4.0 57.0
3.2508552 21.138517 -0.94574666234 4.0 57.0
3.2508552 21.138517 -0.94574666235 3.0 58.0
3.4922326 21.403475 -1.085106235 3.0 58.0
3.4922326 21.403475 -1.085106236 0.0 59.0
3.786106 21.58441 -1.254774236 0.0 59.0
3.786106 21.58441 -1.254774237 0.0 60.0
4.125442 21.765345 -1.254774237 0.0 60.0
3.4922326 21.403475 -1.085106238 2.0 59.0
3.7709513 21.668432 -1.085106238 2.0 59.0
3.7709513 21.668432 -1.085106239 1.0 60.0
4.0496697 21.93339 -1.085106239 1.0 60.0
4.0496697 21.93339 -1.085106240 0.0 61.0
4.343543 22.114325 -1.254774240 0.0 61.0
4.343543 22.114325 -1.254774241 0.0 62.0
4.682879 22.29526 -1.254774241 0.0 62.0
4.0496697 21.93339 -1.085106242 0.0 61.0
4.247541 22.263138 -1.085106242 0.0 61.0
4.247541 22.263138 -1.085106243 0.0 62.0
4.445412 22.592886 -1.085106243 0.0 62.0
3.0094779 20.87356 -0.80638736244 4.0 57.0
3.1121392 21.244164 -0.80638736244 4.0 57.0
3.1121392 21.244164 -0.80638736245 3.0 58.0
3.2148006 21.614767 -0.80638736245 3.0 58.0
3.2148006 21.614767 -0.80638736246 0.0 59.0
3.386162 21.944515 -0.9053229246 0.0 59.0
3.386162 21.944515 -0.9053229247 0.0 60.0
3.584033 22.274263 -0.9053229247 0.0 60.0
3.2148006 21.614767 -0.80638736248 2.0 59.0
3.317462 21.98537 -0.80638736248 2.0 59.0
3.317462 21.98537 -0.80638736249 1.0 60.0
3.4201233 22.355974 -0.80638736249 1.0 60.0
3.4201233 22.355974 -0.80638736250 0.0 61.0
3.5914848 22.685722 -0.9053229250 0.0 61.0
3.5914848 22.685722 -0.9053229251 0.0 62.0
3.7893558 23.01547 -0.9053229251 0.0 62.0
3.4201233 22.355974 -0.80638736252 0.0 61.0
3.4201233 22.740534 -0.80638736252 0.0 61.0
3.4201233 22.740534 -0.80638736253 0.0 62.0
3.4201233 23.125093 -0.80638736253 0.0 62.0
1.5325485 18.235575 -0.41064522254 12.0 49.0
1.5325485 18.620134 -0.41064522254 12.0 49.0
1.5325485 18.620134 -0.41064522255 11.0 50.0
1.5325485 19.004694 -0.41064522255 11.0 50.0
1.5325485 19.004694 -0.41064522256 10.0 51.0
1.5325485 19.389254 -0.41064522256 10.0 51.0
1.5325485 19.389254 -0.41064522257 9.0 52.0
1.5325485 19.773813 -0.41064522257 9.0 52.0
1.5325485 19.773813 -0.41064522258 4.0 53.0
1.4436413 20.144417 -0.35931456258 4.0 53.0
1.4436413 20.144417 -0.35931456259 3.0 54.0
1.3547341 20.51502 -0.3079839259 3.0 54.0
1.3547341 20.51502 -0.3079839260 0.0 55.0
1.3547341 20.89958 -0.3079839260 0.0 55.0
1.3547341 20.89958 -0.3079839261 0.0 56.0
1.3547341 21.28414 -0.3079839261 0.0 56.0
1.3547341 20.51502 -0.3079839262 2.0 55.0
1.2520728 20.885624 -0.3079839262 2.0 55.0
1.2520728 20.885624 -0.3079839263 1.0 56.0
1.1494116 21.256227 -0.3079839263 1.0 56.0
1.1494116 21.256227 -0.3079839264 0.0 57.0
1.1494116 21.640787 -0.3079839264 0.0 57.0
1.1494116 21.640787 -0.3079839265 0.0 58.0
1.1494116 22.025347 -0.3079839265 0.0 58.0
1.1494116 21.256227 -0.3079839266 0.0 57.0
0.95154047 21.585976 -0.3079839266 0.0 57.0
0.95154047 21.585976 -0.3079839267 0.0 58.0
0.7536694 21.915724 -0.3079839267 0.0 58.0
1.5325485 19.773813 -0.41064522268 8.0 53.0
1.5325485 20.158373 -0.41064522268 8.0 53.0
1.5325485 20.158373 -0.41064522269 7.0 54.0
1.5325485 20.542933 -0.41064522269 7.0 54.0
1.5325485 20.542933 -0.41064522270 6.0 55.0
1.5325485 20.927492 -0.41064522270 6.0 55.0
1.5325485 20.927492 -0.41064522271 5.0 56.0
1.5325485 21.312052 -0.41064522271 5.0 56.0
1.5325485 21.312052 -0.41064522272 4.0 57.0
1.6214558 21.682655 -0.46197587272 4.0 57.0
1.6214558 21.682655 -0.46197587273 3.0 58.0
1.710363 22.053259 -0.5133065273 3.0 58.0
1.710363 22.053259 -0.5133065274 0.0 59.0
1.8817244 22.383007 -0.61224204274 0.0 59.0
1.8817244 22.383007 -0.61224204275 0.0 60.0
2.0795953 22.712755 -0.61224204275 0.0 60.0
1.710363 22.053259 -0.5133065276 2.0 59.0
1.8130243 22.423862 -0.5133065276 2.0 59.0
1.8130243 22.423862 -0.5133065277 1.0 60.0
1.9156855 22.794466 -0.5133065277 1.0 60.0
1.9156855 22.794466 -0.5133065278 0.0 61.0
2.0870469 23.124214 -0.61224204278 0.0 61.0
2.0870469 23.124214 -0.61224204279 0.0 62.0
2.2849178 23.453962 -0.61224204279 0.0 62.0
1.9156855 22.794466 -0.5133065280 0.0 61.0
1.9156855 23.179026 -0.5133065280 0.0 61.0
1.9156855 23.179026 -0.5133065281 0.0 62.0
1.9156855 23.563585 -0.5133065281 0.0 62.0
1.5325485 21.312052 -0.41064522282 4.0 57.0
1.4298873 21.682655 -0.41064522282 4.0 57.0
1.4298873 21.682655 -0.41064522283 3.0 58.0
1.327226 22.053259 -0.41064522283 3.0 58.0
1.327226 22.053259 -0.41064522284 0.0 59.0
1.327226 22.437819 -0.41064522284 0.0 59.0
1.327226 22.437819 -0.41064522285 0.0 60.0
1.327226 22.822378 -0.41064522285 0.0 60.0
1.327226 22.053259 -0.41064522286 2.0 59.0
1.2245648 22.423862 -0.41064522286 2.0 59.0
1.2245648 22.423862 -0.41064522287 1.0 60.0
1.1219035 22.794466 -0.41064522287 1.0 60.0
1.1219035 22.794466 -0.41064522288 0.0 61.0
1.1219035 23.179026 -0.41064522288 0.0 61.0
1.1219035 23.179026 -0.41064522289 0.0 62.0
1.1219035 23.563585 -0.41064522289 0.0 62.0
1.1219035 22.794466 -0.41064522290 0.0 61.0
0.92403245 23.124214 -0.41064522290 0.0 61.0
0.92403245 23.124214 -0.41064522291 0.0 62.0
0.72616136 23.453962 -0.41064522291 0.0 62.0
0.0 12.305918 0.0292 28.0 33.0
-0.1026613 12.676521 0.0292 28.0 33.0
-0.1026613 12.676521 0.0293 27.0 34.0
-0.2053226 13.047125 0.0293 27.0 34.0
-0.2053226 13.047125 0.0294 26.0 35.0
-0.30798388 13.417728 0.0294 26.0 35.0
-0.30798388 13.417728 0.0295 25.0 36.0
-0.4106452 13.788332 0.0295 25.0 36.0
-0.4106452 13.788332 0.0296 24.0 37.0
-0.5133065 14.158936 0.0296 24.0 37.0
-0.5133065 14.158936 0.0297 23.0 38.0
-0.6159678 14.529539 0.0297 23.0 38.0
-0.6159678 14.529539 0.0298 22.0 39.0
-0.7186291 14.900143 0.0298 22.0 39.0
-0.7186291 14.900143 0.0299 21.0 40.0
-0.82129043 15.270746 0.0299 21.0 40.0
-0.82129043 15.270746 0.0300 12.0 41.0
-0.9926518 15.600494 0.09893553300 12.0 41.0
-0.9926518 15.600494 0.09893553301 11.0 42.0
-1.1640131 15.930243 0.19787106301 11.0 42.0
-1.1640131 15.930243 0.19787106302 10.0 43.0
-1.3353745 16.25999 0.29680657302 10.0 43.0
-1.3353745 16.25999 0.29680657303 9.0 44.0
-1.5067358 16.589739 0.39574212303 9.0 44.0
-1.5067358 16.589739 0.39574212304 4.0 45.0
-1.7481132 16.854696 0.5351014304 4.0 45.0
-1.7481132 16.854696 0.5351014305 3.0 46.0
-1.9894905 17.119654 0.67446077305 3.0 46.0
-1.9894905 17.119654 0.67446077306 0.0 47.0
-2.160852 17.449402 0.7733963306 0.0 47.0
-2.160852 17.449402 0.7733963307 0.0 48.0
-2.358723 17.77915 0.7733963307 0.0 48.0
-1.9894905 17.119654 0.67446077308 2.0 47.0
-2.2682092 17.384611 0.67446077308 2.0 47.0
-2.2682092 17.384611 0.67446077309 1.0 48.0
-2.546928 17.649569 0.67446077309 1.0 48.0
-2.546928 17.649569 0.67446077310 0.0 49.0
-2.7182894 17.979317 0.7733963310 0.0 49.0
-2.7182894 17.979317 0.7733963311 0.0 50.0
-2.9161603 18.309065 0.7733963311 0.0 50.0
-2.546928 17.649569 0.67446077312 0.0 49.0
-2.8862638 17.830503 0.67446077312 0.0 49.0
-2.8862638 17.830503 0.67446077313 0.0 50.0
-3.2255998 18.011438 0.67446077313 0.0 50.0
-1.5067358 16.589739 0.39574212314 8.0 45.0
-1.7046069 16.919487 0.39574212314 8.0 45.0
-1.7046069 16.919487 0.39574212315 7.0 46.0
-1.902478 17.249235 0.39574212315 7.0 46.0
-1.902478 17.249235 0.39574212316 6.0 47.0
-2.100349 17.578983 0.39574212316 6.0 47.0
-2.100349 17.578983 0.39574212317 5.0 48.0
-2.29822 17.908731 0.39574212317 5.0 48.0
-2.29822 17.908731 0.39574212318 4.0 49.0
-2.3871272 18.279335 0.44707277318 4.0 49.0
-2.3871272 18.279335 0.44707277319 3.0 50.0
-2.4760344 18.649939 0.49840343319 3.0 50.0
-2.4760344 18.649939 0.49840343320 0.0 51.0
-2.4760344 19.034498 0.49840343320 0.0 51.0
-2.4760344 19.034498 0.49840343321 0.0 52.0
-2.4760344 19.419058 0.49840343321 0.0 52.0
-2.4760344 18.649939 0.49840343322 2.0 51.0
-2.5786958 19.020542 0.49840343322 2.0 51.0
-2.5786958 19.020542 0.49840343323 1.0 52.0
-2.6813571 19.391146 0.49840343323 1.0 52.0
-2.6813571 19.391146 0.49840343324 0.0 53.0
-2.6813571 19.775705 0.49840343324 0.0 53.0
-2.6813571 19.775705 0.49840343325 0.0 54.0
-2.6813571 20.160265 0.49840343325 0.0 54.0
-2.6813571 19.391146 0.49840343326 0.0 53.0
-2.879228 19.720894 0.49840343326 0.0 53.0
-2.879228 19.720894 0.49840343327 0.0 54.0
-3.077099 20.050642 0.49840343327 0.0 54.0
-2.29822 17.908731 0.39574212328 4.0 49.0
-2.5769386 18.173689 0.39574212328 4.0 49.0
-2.5769386 18.173689 0.39574212329 3.0 50.0
-2.8556573 18.438646 0.39574212329 3.0 50.0
-2.8556573 18.438646 0.39574212330 0.0 51.0
-3.0270188 18.768394 0.49467763330 0.0 51.0
-3.0270188 18.768394 0.49467763331 0.0 52.0
-3.2248898 19.098143 0.49467763331 0.0 52.0
-2.8556573 18.438646 0.39574212332 2.0 51.0
-3.134376 18.703604 0.39574212332 2.0 51.0
-3.134376 18.703604 0.39574212333 1.0 52.0
-3.4130948 18.968561 0.39574212333 1.0 52.0
-3.4130948 18.968561 0.39574212334 0.0 53.0
-3.5844562 19.29831 0.49467763334 0.0 53.0
-3.5844562 19.29831 0.49467763335 0.0 54.0
-3.7823272 19.628057 0.49467763335 0.0 54.0
-3.4130948 18.968561 0.39574212336 0.0 53.0
-3.7524307 19.149496 0.39574212336 0.0 53.0
-3.7524307 19.149496 0.39574212337 0.0 54.0
-4.0917664 19.330431 0.39574212337 0.0 54.0
-0.82129043 15.270746 0.0338 20.0 41.0
-0.92395175 15.64135 0.0338 20.0 41.0
-0.92395175 15.64135 0.0339 19.0 42.0
-1.026613 16.011953 0.0339 19.0 42.0
-1.026613 16.011953 0.0340 18.0 43.0
-1.1292742 16.382557 0.0340 18.0 43.0
-1.1292742 16.382557 0.0341 17.0 44.0
-1.2319355 16.75316 0.0341 17.0 44.0
-1.2319355 16.75316 0.0342 16.0 45.0
-1.3345968 17.123764 0.0342 16.0 45.0
-1.3345968 17.123764 0.0343 15.0 46.0
-1.437258 17.494368 0.0343 15.0 46.0
-1.437258 17.494368 0.0344 14.0 47.0
-1.5399193 17.864971 0.0344 14.0 47.0
-1.5399193 17.864971 0.0345 13.0 48.0
-1.6425805 18.235575 0.0345 13.0 48.0
-1.6425805 18.235575 0.0346 12.0 49.0
-1.6425805 18.620134 0.0346 12.0 49.0
-1.6425805 18.620134 0.0347 11.0 50.0
-1.6425805 19.004694 0.0347 11.0 50.0
-1.6425805 19.004694 0.0348 10.0 51.0
-1.6425805 19.389254 0.0348 10.0 51.0
-1.6425805 19.389254 0.0349 9.0 52.0
-1.6425805 19.773813 0.0349 9.0 52.0
-1.6425805 19.773813 0.0350 4.0 53.0
-1.7314878 20.144417 0.05133065350 4.0 53.0
-1.7314878 20.144417 0.05133065351 3.0 54.0
-1.820395 20.51502 0.1026613351 3.0 54.0
-1.820395 20.51502 0.1026613352 0.0 55.0
-1.820395 20.89958 0.1026613352 0.0 55.0
-1.820395 20.89958 0.1026613353 0.0 56.0
-1.820395 21.28414 0.1026613353 0.0 56.0
-1.820395 20.51502 0.1026613354 2.0 55.0
-1.9230562 20.885624 0.1026613354 2.0 55.0
-1.9230562 20.885624 0.1026613355 1.0 56.0
-2.0257175 21.256227 0.1026613355 1.0 56.0
-2.0257175 21.256227 0.1026613356 0.0 57.0
-2.0257175 21.640787 0.1026613356 0.0 57.0
-2.0257175 21.640787 0.1026613357 0.0 58.0
-2.0257175 22.025347 0.1026613357 0.0 58.0
-2.0257175 21.256227 0.1026613358 0.0 57.0
-2.2235885 21.585976 0.1026613358 0.0 57.0
-2.2235885 21.585976 0.1026613359 0.0 58.0
-2.4214594 21.915724 0.1026613359 0.0 58.0
-1.6425805 19.773813 0.0360 8.0 53.0
-1.6425805 20.158373 0.0360 8.0 53.0
-1.6425805 20.158373 0.0361 7.0 54.0
-1.6425805 20.542933 0.0361 7.0 54.0
-1.6425805 20.542933 0.0362 6.0 55.0
-1.6425805 20.927492 0.0362 6.0 55.0
-1.6425805 20.927492 0.0363 5.0 56.0
-1.6425805 21.312052 0.0363 5.0 56.0
-1.6425805 21.312052 0.0364 4.0 57.0
-1.5536733 21.682655 -0.05133065364 4.0 57.0
-1.5536733 21.682655 -0.05133065365 3.0 58.0
-1.464766 22.053259 -0.1026613365 3.0 58.0
-1.464766 22.053259 -0.1026613366 0.0 59.0
-1.2934047 22.383007 -0.20159683366 0.0 59.0
-1.2934047 22.383007 -0.20159683367 0.0 60.0
-1.0955336 22.712755 -0.20159683367 0.0 60.0
-1.464766 22.053259 -0.1026613368 2.0 59.0
-1.3621048 22.423862 -0.1026613368 2.0 59.0
-1.3621048 22.423862 -0.1026613369 1.0 60.0
-1.2594435 22.794466 -0.1026613369 1.0 60.0
-1.2594435 22.794466 -0.1026613370 0.0 61.0
-1.0880822 23.124214 -0.20159683370 0.0 61.0
-1.0880822 23.124214 -0.20159683371 0.0 62.0
-0.8902111 23.453962 -0.20159683371 0.0 62.0
-1.2594435 22.794466 -0.1026613372 0.0 61.0
-1.2594435 23.179026 -0.1026613372 0.0 61.0
-1.2594435 23.179026 -0.1026613373 0.0 62.0
-1.2594435 23.563585 -0.1026613373 0.0 62.0
-1.6425805 21.312052 0.0374 4.0 57.0
-1.7452418 21.682655 0.0374 4.0 57.0
-1.7452418 21.682655 0.0375 3.0 58.0
-1.847903 22.053259 0.0375 3.0 58.0
-1.847903 22.053259 0.0376 0.0 59.0
-1.847903 22.437819 0.0376 0.0 59.0
-1.847903 22.437819 0.0377 0.0 60.0
-1.847903 22.822378 0.0377 0.0 60.0
-1.847903 22.053259 0.0378 2.0 59.0
-1.9505643 22.423862 0.0378 2.0 59.0
-1.9505643 22.423862 0.0379 1.0 60.0
-2.0532255 22.794466 0.0379 1.0 60.0
-2.0532255 22.794466 0.0380 0.0 61.0
-2.0532255 23.179026 0.0380 0.0 61.0
-2.0532255 23.179026 0.0381 0.0 62.0
-2.0532255 23.563585 0.0381 0.0 62.0
-2.0532255 22.794466 0.0382 0.0 61.0
-2.2510965 23.124214 0.0382 0.0 61.0
-2.2510965 23.124214 0.0383 0.0 62.0
-2.4489675 23.453962 0.0383 0.0 62.0
-1.6425805 18.235575 0.0384 12.0 49.0
-1.8404516 18.565323 0.0384 12.0 49.0
-1.8404516 18.565323 0.0385 11.0 50.0
-2.0383227 18.895071 0.0385 11.0 50.0
-2.0383227 18.895071 0.0386 10.0 51.0
-2.2361937 19.22482 0.0386 10.0 51.0
-2.2361937 19.22482 0.0387 9.0 52.0
-2.4340646 19.554567 0.0387 9.0 52.0
-2.4340646 19.554567 0.0388 4.0 53.0
-2.675442 19.819525 0.13935933388 4.0 53.0
-2.675442 19.819525 0.13935933389 3.0 54.0
-2.9168193 20.084482 0.27871865389 3.0 54.0
-2.9168193 20.084482 0.27871865390 0.0 55.0
-3.0881808 20.41423 0.37765417390 0.0 55.0
-3.0881808 20.41423 0.37765417391 0.0 56.0
-3.2860518 20.743979 0.37765417391 0.0 56.0
-2.9168193 20.084482 0.27871865392 2.0 55.0
-3.195538 20.34944 0.27871865392 2.0 55.0
-3.195538 20.34944 0.27871865393 1.0 56.0
-3.4742568 20.614397 0.27871865393 1.0 56.0
-3.4742568 20.614397 0.27871865394 0.0 57.0
-3.6456182 20.944145 0.37765417394 0.0 57.0
-3.6456182 20.944145 0.37765417395 0.0 58.0
-3.8434892 21.273893 0.37765417395 0.0 58.0
-3.4742568 20.614397 0.27871865396 0.0 57.0
-3.8135927 20.795332 0.27871865396 0.0 57.0
-3.8135927 20.795332 0.27871865397 0.0 58.0
-4.1529284 20.976267 0.27871865397 0.0 58.0
-2.4340646 19.554567 0.0398 8.0 53.0
-2.6319356 19.884315 0.0398 8.0 53.0
-2.6319356 19.884315 0.0399 7.0 54.0
-2.8298066 20.214064 0.0399 7.0 54.0
-2.8298066 20.214064 0.0400 6.0 55.0
-3.0276775 20.543812 0.0400 6.0 55.0
-3.0276775 20.543812 0.0401 5.0 56.0
-3.2255485 20.87356 0.0401 5.0 56.0
-3.2255485 20.87356 0.0402 4.0 57.0
-3.3144557 21.244164 0.05133065402 4.0 57.0
-3.3144557 21.244164 0.05133065403 3.0 58.0
-3.403363 21.614767 0.1026613403 3.0 58.0
-3.403363 21.614767 0.1026613404 0.0 59.0
-3.403363 21.999327 0.1026613404 0.0 59.0
-3.403363 21.999327 0.1026613405 0.0 60.0
-3.403363 22.383886 0.1026613405 0.0 60.0
-3.403363 21.614767 0.1026613406 2.0 59.0
-3.5060244 21.98537 0.1026613406 2.0 59.0
-3.5060244 21.98537 0.1026613407 1.0 60.0
-3.6086857 22.355974 0.1026613407 1.0 60.0
-3.6086857 22.355974 0.1026613408 0.0 61.0
-3.6086857 22.740534 0.1026613408 0.0 61.0
-3.6086857 22.740534 0.1026613409 0.0 62.0
-3.6086857 23.125093 0.1026613409 0.0 62.0
-3.6086857 22.355974 0.1026613410 0.0 61.0
-3.8065567 22.685722 0.1026613410 0.0 61.0
-3.8065567 22.685722 0.1026613411 0.0 62.0
-4.004428 23.01547 0.1026613411 0.0 62.0
-3.2255485 20.87356 0.0412 4.0 57.0
-3.5042672 21.138517 0.0412 4.0 57.0
-3.5042672 21.138517 0.0413 3.0 58.0
-3.782986 21.403475 0.0413 3.0 58.0
-3.782986 21.403475 0.0414 0.0 59.0
-3.9543474 21.733223 0.09893552414 0.0 59.0
-3.9543474 21.733223 0.09893552415 0.0 60.0
-4.1522183 22.062971 0.09893552415 0.0 60.0
-3.782986 21.403475 0.0416 2.0 59.0
-4.0617046 21.668432 0.0416 2.0 59.0
-4.0617046 21.668432 0.0417 1.0 60.0
-4.340423 21.93339 0.0417 1.0 60.0
-4.340423 21.93339 0.0418 0.0 61.0
-4.5117846 22.263138 0.09893552418 0.0 61.0
-4.5117846 22.263138 0.09893552419 0.0 62.0
-4.709656 22.592886 0.09893552419 0.0 62.0
-4.340423 21.93339 0.0420 0.0 61.0
-4.679759 22.114325 0.0420 0.0 61.0
-4.679759 22.114325 0.0421 0.0 62.0
-5.019095 22.29526 0.0421 0.0 62.0
