0.0 0.0 0.00 11.0 1.0
0.0 4.73409 0.00 11.0 1.0
0.0 4.73409 0.01 10.0 2.0
0.0 9.46818 0.01 10.0 2.0
0.0 9.46818 0.02 1.0 3.0
4.032367 10.323531 -2.32808832 1.0 3.0
4.032367 10.323531 -2.32808833 0.0 4.0
6.65646 13.960901 -3.84310873 0.0 4.0
6.65646 13.960901 -3.84310874 0.0 5.0
6.65646 18.694992 -3.84310874 0.0 5.0
0.0 9.46818 0.05 1.0 3.0
-2.6240923 13.105549 1.51502055 1.0 3.0
-2.6240923 13.105549 1.51502056 0.0 4.0
-2.6240923 17.839638 1.51502056 0.0 4.0
-2.6240923 17.839638 1.51502057 0.0 5.0
0.0 21.477007 0.07 0.0 5.0
0.0 9.46818 0.08 9.0 3.0
0.0 14.20227 0.08 9.0 3.0
0.0 14.20227 0.09 8.0 4.0
0.0 18.93636 0.09 8.0 4.0
0.0 18.93636 0.010 1.0 5.0
4.032367 19.79171 -2.328088310 1.0 5.0
4.032367 19.79171 -2.328088311 0.0 6.0
6.65646 23.42908 -3.843108711 0.0 6.0
6.65646 23.42908 -3.843108712 0.0 7.0
6.65646 28.16317 -3.843108712 0.0 7.0
0.0 18.93636 0.013 1.0 5.0
-2.6240923 22.573729 1.515020513 1.0 5.0
-2.6240923 22.573729 1.515020514 0.0 6.0
-2.6240923 27.30782 1.515020514 0.0 6.0
-2.6240923 27.30782 1.515020515 0.0 7.0
0.0 30.945189 0.015 0.0 7.0
0.0 18.93636 0.016 7.0 5.0
4.032367 19.79171 -2.328088316 7.0 5.0
4.032367 19.79171 -2.328088317 6.0 6.0
8.064734 20.64706 -4.656176617 6.0 6.0
8.064734 20.64706 -4.656176618 1.0 7.0
9.521864 16.22206 -5.49745118 1.0 7.0
9.521864 16.22206 -5.49745119 0.0 8.0
13.094193 13.899083 -7.559936519 0.0 8.0
13.094193 13.899083 -7.559936520 0.0 9.0
17.12656 14.754434 -9.88802520 0.0 9.0
8.064734 20.64706 -4.656176621 1.0 7.0
10.6888275 24.28443 -6.171197421 1.0 7.0
10.6888275 24.28443 -6.171197422 0.0 8.0
14.721195 25.13978 -8.49928622 0.0 8.0
14.721195 25.13978 -8.49928623 0.0 9.0
18.293526 22.816803 -10.56177123 0.0 9.0
8.064734 20.64706 -4.656176624 5.0 7.0
11.094776 24.28443 -4.656176624 5.0 7.0
11.094776 24.28443 -4.656176625 4.0 8.0
14.124818 27.921799 -4.656176625 4.0 8.0
14.124818 27.921799 -4.656176626 1.0 9.0
17.697147 25.598822 -6.718662326 1.0 9.0
17.697147 25.598822 -6.718662327 0.0 10.0
21.729515 26.454172 -9.04675127 0.0 10.0
21.729515 26.454172 -9.04675128 0.0 11.0
24.353607 30.091541 -10.56177128 0.0 11.0
14.124818 27.921799 -4.656176629 1.0 9.0
14.124819 32.655888 -4.65617729 1.0 9.0
14.124819 32.655888 -4.65617730 0.0 10.0
16.74891 36.29326 -6.17119830 0.0 10.0
16.74891 36.29326 -6.17119831 0.0 11.0
20.781279 37.14861 -8.49928731 0.0 11.0
14.124818 27.921799 -4.656176632 3.0 9.0
14.124819 32.655888 -4.656176632 3.0 9.0
14.124819 32.655888 -4.656176633 2.0 10.0
14.12482 37.389977 -4.656176633 2.0 10.0
14.12482 37.389977 -4.656176634 1.0 11.0
18.157187 38.245327 -6.98426534 1.0 11.0
18.157187 38.245327 -6.98426535 0.0 12.0
20.781279 41.882698 -8.49928635 0.0 12.0
20.781279 41.882698 -8.49928636 0.0 13.0
20.781279 46.616787 -8.49928636 0.0 13.0
14.12482 37.389977 -4.656176637 1.0 11.0
11.500728 41.027348 -3.141156237 1.0 11.0
11.500728 41.027348 -3.141156238 0.0 12.0
11.500729 45.761436 -3.141156438 0.0 12.0
11.500729 45.761436 -3.141156439 0.0 13.0
14.124822 49.398808 -4.65617739 0.0 13.0
0.0 18.93636 0.040 7.0 5.0
-2.6240923 22.573729 1.515020540 7.0 5.0
-2.6240923 22.573729 1.515020541 6.0 6.0
-5.2481847 26.211098 3.03004141 6.0 6.0
-5.2481847 26.211098 3.03004142 1.0 7.0
-2.6240923 29.848467 1.515020542 1.0 7.0
-2.6240923 29.848467 1.515020543 0.0 8.0
-2.6240923 34.582558 1.515020543 0.0 8.0
-2.6240923 34.582558 1.515020544 0.0 9.0
-5.2481847 38.21993 3.03004144 0.0 9.0
-5.2481847 26.211098 3.03004145 1.0 7.0
-9.280552 27.066448 5.358129545 1.0 7.0
-9.280552 27.066448 5.358129546 0.0 8.0
-11.904644 30.703817 6.8731546 0.0 8.0
-11.904644 30.703817 6.8731547 0.0 9.0
-11.904644 35.43791 6.8731547 0.0 9.0
-5.2481847 26.211098 3.03004148 5.0 7.0
-5.2481847 30.945187 3.03004148 5.0 7.0
-5.2481847 30.945187 3.03004149 4.0 8.0
-5.2481847 35.679276 3.03004149 4.0 8.0
-5.2481847 35.679276 3.03004150 1.0 9.0
-1.2158175 36.534626 0.701952750 1.0 9.0
-1.2158175 36.534626 0.701952751 0.0 10.0
1.4082749 40.171997 -0.813067851 0.0 10.0
1.4082749 40.171997 -0.813067852 0.0 11.0
1.4082749 44.906086 -0.813067852 0.0 11.0
-5.2481847 35.679276 3.03004153 1.0 9.0
-7.8722773 39.316647 4.545061653 1.0 9.0
-7.8722773 39.316647 4.545061654 0.0 10.0
-7.8722773 44.050735 4.545061654 0.0 10.0
-7.8722773 44.050735 4.545061655 0.0 11.0
-5.248185 47.688107 3.030041255 0.0 11.0
-5.2481847 35.679276 3.03004156 3.0 9.0
-2.2181437 39.316647 3.03004156 3.0 9.0
-2.2181437 39.316647 3.03004157 2.0 10.0
0.8118973 42.954018 3.03004157 2.0 10.0
0.8118973 42.954018 3.03004158 1.0 11.0
4.384227 40.631042 0.967555358 1.0 11.0
4.384227 40.631042 0.967555359 0.0 12.0
8.416594 41.486393 -1.36053359 0.0 12.0
8.416594 41.486393 -1.36053360 0.0 13.0
11.040687 45.123764 -2.875553660 0.0 13.0
0.8118973 42.954018 3.03004161 1.0 11.0
0.8118973 47.688107 3.03004161 1.0 11.0
0.8118973 47.688107 3.03004162 0.0 12.0
3.4359896 51.325478 1.515020562 0.0 12.0
3.4359896 51.325478 1.515020563 0.0 13.0
7.468357 52.18083 -0.813067863 0.0 13.0
