0.0 0.0 0.00 28.0 1.0
0.0 0.39470237 0.00 28.0 1.0
0.0 0.39470237 0.01 27.0 2.0
0.0 0.78940475 0.01 27.0 2.0
0.0 0.78940475 0.02 26.0 3.0
0.0 1.1841071 0.02 26.0 3.0
0.0 1.1841071 0.03 25.0 4.0
0.0 1.5788095 0.03 25.0 4.0
0.0 1.5788095 0.04 24.0 5.0
0.0 1.9735119 0.04 24.0 5.0
0.0 1.9735119 0.05 23.0 6.0
0.0 2.3682144 0.05 23.0 6.0
0.0 2.3682144 0.06 22.0 7.0
0.0 2.7629168 0.06 22.0 7.0
0.0 2.7629168 0.07 21.0 8.0
0.0 3.1576192 0.07 21.0 8.0
0.0 3.1576192 0.08 12.0 9.0
-0.07025704 3.5438945 0.040562928 12.0 9.0
-0.07025704 3.5438945 0.040562929 11.0 10.0
-0.14051408 3.9301698 0.081125849 11.0 10.0
-0.14051408 3.9301698 0.0811258410 10.0 11.0
-0.21077111 4.316445 0.1216887610 10.0 11.0
-0.21077111 4.316445 0.1216887611 9.0 12.0
-0.28102815 4.70272 0.1622516811 9.0 12.0
-0.28102815 4.70272 0.1622516812 4.0 13.0
-0.41854215 5.064074 0.2416454312 4.0 13.0
-0.41854215 5.064074 0.2416454313 3.0 14.0
-0.55605614 5.425428 0.3210391713 3.0 14.0
-0.55605614 5.425428 0.3210391714 0.0 15.0
-0.7549551 5.74643 0.4358735414 0.0 15.0
-0.7549551 5.74643 0.4358735415 0.0 16.0
-0.98462385 6.067432 0.4358735415 0.0 16.0
-0.55605614 5.425428 0.3210391716 0.0 15.0
-0.6263132 5.811703 0.361602116 0.0 15.0
-0.6263132 5.811703 0.361602117 0.0 16.0
-0.70743906 6.1979785 0.361602117 0.0 16.0
-0.55605614 5.425428 0.3210391718 2.0 15.0
-0.71484363 5.786782 0.3210391718 2.0 15.0
-0.71484363 5.786782 0.3210391719 1.0 16.0
-0.8736311 6.1481357 0.3210391719 1.0 16.0
-0.8736311 6.1481357 0.3210391720 0.0 17.0
-1.0324186 6.5094895 0.3210391720 0.0 17.0
-1.0324186 6.5094895 0.3210391721 0.0 18.0
-1.1912061 6.8708434 0.3210391721 0.0 18.0
-0.28102815 4.70272 0.1622516822 4.0 13.0
-0.28102815 5.0974226 0.1622516822 4.0 13.0
-0.28102815 5.0974226 0.1622516823 3.0 14.0
-0.28102815 5.492125 0.1622516823 3.0 14.0
-0.28102815 5.492125 0.1622516824 0.0 15.0
-0.3512852 5.8784003 0.2028146124 0.0 15.0
-0.3512852 5.8784003 0.2028146125 0.0 16.0
-0.43241102 6.2646756 0.2028146125 0.0 16.0
-0.28102815 5.492125 0.1622516826 0.0 15.0
-0.21077111 5.8784003 0.1216887626 0.0 15.0
-0.21077111 5.8784003 0.1216887627 0.0 16.0
-0.12964527 6.2646756 0.1216887627 0.0 16.0
-0.28102815 5.492125 0.1622516828 2.0 15.0
-0.28102815 5.8868275 0.1622516828 2.0 15.0
-0.28102815 5.8868275 0.1622516829 1.0 16.0
-0.28102815 6.28153 0.1622516829 1.0 16.0
-0.28102815 6.28153 0.1622516830 0.0 17.0
-0.28102815 6.6762323 0.1622516830 0.0 17.0
-0.28102815 6.6762323 0.1622516831 0.0 18.0
-0.28102815 7.070935 0.1622516831 0.0 18.0
-0.28102815 4.70272 0.1622516832 8.0 13.0
-0.362154 5.0889955 0.1622516832 8.0 13.0
-0.362154 5.0889955 0.1622516833 7.0 14.0
-0.44327986 5.4752707 0.1622516833 7.0 14.0
-0.44327986 5.4752707 0.1622516834 6.0 15.0
-0.5244057 5.861546 0.1622516834 6.0 15.0
-0.5244057 5.861546 0.1622516835 5.0 16.0
-0.6055316 6.2478213 0.1622516835 5.0 16.0
-0.6055316 6.2478213 0.1622516836 4.0 17.0
-0.6866574 6.6340966 0.1622516836 4.0 17.0
-0.6866574 6.6340966 0.1622516837 3.0 18.0
-0.7677833 7.020372 0.1622516837 3.0 18.0
-0.7677833 7.020372 0.1622516838 0.0 19.0
-0.9052973 7.381726 0.2416454338 0.0 19.0
-0.9052973 7.381726 0.2416454339 0.0 20.0
-1.0640848 7.7430797 0.2416454339 0.0 20.0
-0.7677833 7.020372 0.1622516840 0.0 19.0
-0.7677833 7.4150743 0.1622516840 0.0 19.0
-0.7677833 7.4150743 0.1622516841 0.0 20.0
-0.7677833 7.809777 0.1622516841 0.0 20.0
-0.7677833 7.020372 0.1622516842 2.0 19.0
-0.84890914 7.406647 0.1622516842 2.0 19.0
-0.84890914 7.406647 0.1622516843 1.0 20.0
-0.930035 7.7929225 0.1622516843 1.0 20.0
-0.930035 7.7929225 0.1622516844 0.0 21.0
-1.0111609 8.179197 0.1622516844 0.0 21.0
-1.0111609 8.179197 0.1622516845 0.0 22.0
-1.0922867 8.565473 0.1622516845 0.0 22.0
0.0 3.1576192 0.046 12.0 9.0
0.07025704 3.5438945 -0.0405629246 12.0 9.0
0.07025704 3.5438945 -0.0405629247 11.0 10.0
0.14051408 3.9301698 -0.0811258447 11.0 10.0
0.14051408 3.9301698 -0.0811258448 10.0 11.0
0.21077111 4.316445 -0.1216887648 10.0 11.0
0.21077111 4.316445 -0.1216887649 9.0 12.0
0.28102815 4.70272 -0.1622516849 9.0 12.0
0.28102815 4.70272 -0.1622516850 4.0 13.0
0.28102815 5.0974226 -0.1622516850 4.0 13.0
0.28102815 5.0974226 -0.1622516851 3.0 14.0
0.28102815 5.492125 -0.1622516851 3.0 14.0
0.28102815 5.492125 -0.1622516852 0.0 15.0
0.21077111 5.8784003 -0.1216887652 0.0 15.0
0.21077111 5.8784003 -0.1216887653 0.0 16.0
0.12964527 6.2646756 -0.1216887653 0.0 16.0
0.28102815 5.492125 -0.1622516854 0.0 15.0
0.3512852 5.8784003 -0.2028146154 0.0 15.0
0.3512852 5.8784003 -0.2028146155 0.0 16.0
0.43241102 6.2646756 -0.2028146155 0.0 16.0
0.28102815 5.492125 -0.1622516856 2.0 15.0
0.28102815 5.8868275 -0.1622516856 2.0 15.0
0.28102815 5.8868275 -0.1622516857 1.0 16.0
0.28102815 6.28153 -0.1622516857 1.0 16.0
0.28102815 6.28153 -0.1622516858 0.0 17.0
0.28102815 6.6762323 -0.1622516858 0.0 17.0
0.28102815 6.6762323 -0.1622516859 0.0 18.0
0.28102815 7.070935 -0.1622516859 0.0 18.0
0.28102815 4.70272 -0.1622516860 4.0 13.0
0.41854215 5.064074 -0.2416454360 4.0 13.0
0.41854215 5.064074 -0.2416454361 3.0 14.0
0.55605614 5.425428 -0.3210391761 3.0 14.0
0.55605614 5.425428 -0.3210391762 0.0 15.0
0.6263132 5.811703 -0.361602162 0.0 15.0
0.6263132 5.811703 -0.361602163 0.0 16.0
0.70743906 6.1979785 -0.361602163 0.0 16.0
0.55605614 5.425428 -0.3210391764 0.0 15.0
0.7549551 5.74643 -0.4358735464 0.0 15.0
0.7549551 5.74643 -0.4358735465 0.0 16.0
0.98462385 6.067432 -0.4358735465 0.0 16.0
0.55605614 5.425428 -0.3210391766 2.0 15.0
0.71484363 5.786782 -0.3210391766 2.0 15.0
0.71484363 5.786782 -0.3210391767 1.0 16.0
0.8736311 6.1481357 -0.3210391767 1.0 16.0
0.8736311 6.1481357 -0.3210391768 0.0 17.0
1.0324186 6.5094895 -0.3210391768 0.0 17.0
1.0324186 6.5094895 -0.3210391769 0.0 18.0
1.1912061 6.8708434 -0.3210391769 0.0 18.0
0.28102815 4.70272 -0.1622516870 8.0 13.0
0.362154 5.0889955 -0.1622516870 8.0 13.0
0.362154 5.0889955 -0.1622516871 7.0 14.0
0.44327986 5.4752707 -0.1622516871 7.0 14.0
0.44327986 5.4752707 -0.1622516872 6.0 15.0
0.5244057 5.861546 -0.1622516872 6.0 15.0
0.5244057 5.861546 -0.1622516873 5.0 16.0
0.6055316 6.2478213 -0.1622516873 5.0 16.0
0.6055316 6.2478213 -0.1622516874 4.0 17.0
0.6866574 6.6340966 -0.1622516874 4.0 17.0
0.6866574 6.6340966 -0.1622516875 3.0 18.0
0.7677833 7.020372 -0.1622516875 3.0 18.0
0.7677833 7.020372 -0.1622516876 0.0 19.0
0.7677833 7.4150743 -0.1622516876 0.0 19.0
0.7677833 7.4150743 -0.1622516877 0.0 20.0
0.7677833 7.809777 -0.1622516877 0.0 20.0
0.7677833 7.020372 -0.1622516878 0.0 19.0
0.9052973 7.381726 -0.2416454378 0.0 19.0
0.9052973 7.381726 -0.2416454379 0.0 20.0
1.0640848 7.7430797 -0.2416454379 0.0 20.0
0.7677833 7.020372 -0.1622516880 2.0 19.0
0.84890914 7.406647 -0.1622516880 2.0 19.0
0.84890914 7.406647 -0.1622516881 1.0 20.0
0.930035 7.7929225 -0.1622516881 1.0 20.0
0.930035 7.7929225 -0.1622516882 0.0 21.0
1.0111609 8.179197 -0.1622516882 0.0 21.0
1.0111609 8.179197 -0.1622516883 0.0 22.0
1.0922867 8.565473 -0.1622516883 0.0 22.0
0.0 3.1576192 0.084 20.0 9.0
0.0 3.5523217 0.084 20.0 9.0
0.0 3.5523217 0.085 19.0 10.0
0.0 3.947024 0.085 19.0 10.0
0.0 3.947024 0.086 18.0 11.0
0.0 4.3417263 0.086 18.0 11.0
0.0 4.3417263 0.087 17.0 12.0
0.0 4.7364287 0.087 17.0 12.0
0.0 4.7364287 0.088 16.0 13.0
0.0 5.131131 0.088 16.0 13.0
0.0 5.131131 0.089 15.0 14.0
0.0 5.5258336 0.089 15.0 14.0
0.0 5.5258336 0.090 14.0 15.0
0.0 5.920536 0.090 14.0 15.0
0.0 5.920536 0.091 13.0 16.0
0.0 6.3152385 0.091 13.0 16.0
0.0 6.3152385 0.092 12.0 17.0
0.0 6.709941 0.092 12.0 17.0
0.0 6.709941 0.093 11.0 18.0
0.0 7.1046433 0.093 11.0 18.0
0.0 7.1046433 0.094 10.0 19.0
0.0 7.499346 0.094 10.0 19.0
0.0 7.499346 0.095 9.0 20.0
0.0 7.894048 0.095 9.0 20.0
0.0 7.894048 0.096 4.0 21.0
-0.07025704 8.280323 0.0405629296 4.0 21.0
-0.07025704 8.280323 0.0405629297 3.0 22.0
-0.14051408 8.666598 0.0811258497 3.0 22.0
-0.14051408 8.666598 0.0811258498 0.0 23.0
-0.27802807 9.027952 0.160519698 0.0 23.0
-0.27802807 9.027952 0.160519699 0.0 24.0
-0.43681556 9.389306 0.160519699 0.0 24.0
-0.14051408 8.666598 0.08112584100 0.0 23.0
-0.14051408 9.0613 0.08112584100 0.0 23.0
-0.14051408 9.0613 0.08112584101 0.0 24.0
-0.14051408 9.456002 0.08112584101 0.0 24.0
-0.14051408 8.666598 0.08112584102 2.0 23.0
-0.22163992 9.052874 0.08112584102 2.0 23.0
-0.22163992 9.052874 0.08112584103 1.0 24.0
-0.30276576 9.439149 0.08112584103 1.0 24.0
-0.30276576 9.439149 0.08112584104 0.0 25.0
-0.38389158 9.825424 0.08112584104 0.0 25.0
-0.38389158 9.825424 0.08112584105 0.0 26.0
-0.46501744 10.2116995 0.08112584105 0.0 26.0
0.0 7.894048 0.0106 4.0 21.0
0.07025704 8.280323 -0.04056292106 4.0 21.0
0.07025704 8.280323 -0.04056292107 3.0 22.0
0.14051408 8.666598 -0.08112584107 3.0 22.0
0.14051408 8.666598 -0.08112584108 0.0 23.0
0.14051408 9.0613 -0.08112584108 0.0 23.0
0.14051408 9.0613 -0.08112584109 0.0 24.0
0.14051408 9.456002 -0.08112584109 0.0 24.0
0.14051408 8.666598 -0.08112584110 0.0 23.0
0.27802807 9.027952 -0.1605196110 0.0 23.0
0.27802807 9.027952 -0.1605196111 0.0 24.0
0.43681556 9.389306 -0.1605196111 0.0 24.0
0.14051408 8.666598 -0.08112584112 2.0 23.0
0.22163992 9.052874 -0.08112584112 2.0 23.0
0.22163992 9.052874 -0.08112584113 1.0 24.0
0.30276576 9.439149 -0.08112584113 1.0 24.0
0.30276576 9.439149 -0.08112584114 0.0 25.0
0.38389158 9.825424 -0.08112584114 0.0 25.0
0.38389158 9.825424 -0.08112584115 0.0 26.0
0.46501744 10.2116995 -0.08112584115 0.0 26.0
0.0 7.894048 0.0116 8.0 21.0
0.0 8.288751 0.0116 8.0 21.0
0.0 8.288751 0.0117 7.0 22.0
0.0 8.683453 0.0117 7.0 22.0
0.0 8.683453 0.0118 6.0 23.0
0.0 9.078155 0.0118 6.0 23.0
0.0 9.078155 0.0119 5.0 24.0
0.0 9.4728565 0.0119 5.0 24.0
0.0 9.4728565 0.0120 4.0 25.0
0.0 9.8675585 0.0120 4.0 25.0
0.0 9.8675585 0.0121 3.0 26.0
0.0 10.26226 0.0121 3.0 26.0
0.0 10.26226 0.0122 0.0 27.0
-0.07025704 10.648536 0.04056292122 0.0 27.0
-0.07025704 10.648536 0.04056292123 0.0 28.0
-0.15138288 11.034811 0.04056292123 0.0 28.0
0.0 10.26226 0.0124 0.0 27.0
0.07025704 10.648536 -0.04056292124 0.0 27.0
0.07025704 10.648536 -0.04056292125 0.0 28.0
0.15138288 11.034811 -0.04056292125 0.0 28.0
0.0 10.26226 0.0126 2.0 27.0
0.0 10.656962 0.0126 2.0 27.0
0.0 10.656962 0.0127 1.0 28.0
0.0 11.051664 0.0127 1.0 28.0
0.0 11.051664 0.0128 0.0 29.0
0.0 11.446366 0.0128 0.0 29.0
0.0 11.446366 0.0129 0.0 30.0
0.0 11.841068 0.0129 0.0 30.0
