0.0 0.0 0.00 11.0 1.0
0.0 3.5159144 0.00 11.0 1.0
0.0 3.5159144 0.01 10.0 2.0
0.0 7.031829 0.01 10.0 2.0
0.0 7.031829 0.02 1.0 3.0
0.0 10.547743 0.02 1.0 3.0
0.0 10.547743 0.03 0.0 4.0
-1.6358613 13.513144 0.9444653 0.0 4.0
-1.6358613 13.513144 0.9444654 0.0 5.0
-4.3953047 14.999397 2.53763034 0.0 5.0
0.0 7.031829 0.05 1.0 3.0
-3.01889 6.573508 1.7429575 1.0 3.0
-3.01889 6.573508 1.7429576 0.0 4.0
-5.778333 8.059762 3.33612236 0.0 4.0
-5.778333 8.059762 3.33612237 0.0 5.0
-7.414194 11.025163 4.2805877 0.0 5.0
0.0 7.031829 0.08 9.0 3.0
-3.1863308 8.518083 0.08 9.0 3.0
-3.1863308 8.518083 0.09 8.0 4.0
-6.3726616 10.004336 0.09 8.0 4.0
-6.3726616 10.004336 0.010 1.0 5.0
-9.132105 11.490591 1.593165310 1.0 5.0
-9.132105 11.490591 1.593165311 0.0 6.0
-12.150995 11.03227 3.336122311 0.0 6.0
-12.150995 11.03227 3.336122312 0.0 7.0
-14.48395 8.7729 4.68305412 0.0 7.0
-6.3726616 10.004336 0.013 1.0 5.0
-7.2891016 6.651451 0.529106913 1.0 5.0
-7.2891016 6.651451 0.529106914 0.0 6.0
-9.622056 4.392081 1.876038614 0.0 6.0
-9.622056 4.392081 1.876038615 0.0 7.0
-12.640945 3.9337597 3.618995715 0.0 7.0
-6.3726616 10.004336 0.016 7.0 5.0
-9.132105 11.490591 1.593165316 7.0 5.0
-9.132105 11.490591 1.593165317 6.0 6.0
-11.891548 12.976845 3.186330617 6.0 6.0
-11.891548 12.976845 3.186330618 1.0 7.0
-14.650991 14.463099 4.779495718 1.0 7.0
-14.650991 14.463099 4.779495719 0.0 8.0
-17.669882 14.004778 6.52245319 0.0 8.0
-17.669882 14.004778 6.52245320 0.0 9.0
-20.002836 11.745407 7.86938520 0.0 9.0
-11.891548 12.976845 3.186330621 1.0 7.0
-12.807988 9.62396 3.715437421 1.0 7.0
-12.807988 9.62396 3.715437422 0.0 8.0
-15.140943 7.364589 5.062369322 0.0 8.0
-15.140943 7.364589 5.062369323 0.0 9.0
-18.159832 6.906268 6.805326523 0.0 9.0
-11.891548 12.976845 3.186330624 5.0 7.0
-12.949762 9.62396 3.186330624 5.0 7.0
-12.949762 9.62396 3.186330625 4.0 8.0
-14.007977 6.2710743 3.186330625 4.0 8.0
-14.007977 6.2710743 3.186330626 1.0 9.0
-14.924417 2.9181893 3.715437426 1.0 9.0
-14.924417 2.9181893 3.715437427 0.0 10.0
-14.137354 -0.478235 3.261026627 0.0 10.0
-14.137354 -0.478235 3.261026628 0.0 11.0
-11.893262 -2.854589 1.965399728 0.0 11.0
-14.007977 6.2710743 3.186330629 1.0 9.0
-11.009605 5.658959 1.455220329 1.0 9.0
-11.009605 5.658959 1.455220330 0.0 10.0
-8.765514 3.2826045 0.1595935830 0.0 10.0
-8.765514 3.2826045 0.1595935831 0.0 11.0
-7.9784527 -0.113820076 -0.2948166731 0.0 11.0
-14.007977 6.2710743 3.186330632 3.0 9.0
-10.545756 5.658959 3.186330632 3.0 9.0
-10.545756 5.658959 3.186330633 2.0 10.0
-7.083536 5.0468435 3.186330633 2.0 10.0
-7.083536 5.0468435 3.186330634 1.0 11.0
-4.085165 4.434728 1.455220334 1.0 11.0
-4.085165 4.434728 1.455220335 0.0 12.0
-1.271472 5.7785397 -0.1692662235 0.0 12.0
-1.271472 5.7785397 -0.1692662236 0.0 13.0
0.47641933 8.657455 -1.178411736 0.0 13.0
-7.083536 5.0468435 3.186330637 1.0 11.0
-6.9488087 8.559315 3.108545837 1.0 11.0
-6.9488087 8.559315 3.108545838 0.0 12.0
-5.2009172 11.4382305 2.099400338 0.0 12.0
-5.2009172 11.4382305 2.099400339 0.0 13.0
-2.3872242 12.782042 0.4749137239 0.0 13.0
-6.3726616 10.004336 0.040 7.0 5.0
-7.2891016 6.651451 0.529106940 7.0 5.0
-7.2891016 6.651451 0.529106941 6.0 6.0
-8.205542 3.298566 1.058213841 6.0 6.0
-8.205542 3.298566 1.058213842 1.0 7.0
-9.121982 -0.054318905 1.587320842 1.0 7.0
-9.121982 -0.054318905 1.587320843 0.0 8.0
-8.334919 -3.4507432 1.132910143 0.0 8.0
-8.334919 -3.4507432 1.132910144 0.0 9.0
-6.090827 -5.827097 -0.1627167544 0.0 9.0
-8.205542 3.298566 1.058213845 1.0 7.0
-5.2071705 2.686451 -0.672896445 1.0 7.0
-5.2071705 2.686451 -0.672896446 0.0 8.0
-2.9630792 0.3100965 -1.968523146 0.0 8.0
-2.9630792 0.3100965 -1.968523147 0.0 9.0
-2.1760175 -3.086328 -2.422933347 0.0 9.0
-8.205542 3.298566 1.058213848 5.0 7.0
-7.29672 -0.09785819 1.058213848 5.0 7.0
-7.29672 -0.09785819 1.058213849 4.0 8.0
-6.3878984 -3.4942825 1.058213849 4.0 8.0
-6.3878984 -3.4942825 1.058213850 1.0 9.0
-5.6008363 -6.890707 0.6038031650 1.0 9.0
-5.6008363 -6.890707 0.6038031651 0.0 10.0
-3.3567445 -9.267061 -0.691823751 0.0 10.0
-3.3567445 -9.267061 -0.691823752 0.0 11.0
-0.35837364 -9.879176 -2.42293452 0.0 11.0
-6.3878984 -3.4942825 1.058213853 1.0 9.0
-3.5742054 -2.1504712 -0.5662727453 1.0 9.0
-3.5742054 -2.1504712 -0.5662727454 0.0 10.0
-0.5758345 -2.7625866 -2.297382854 0.0 10.0
-0.5758345 -2.7625866 -2.297382855 0.0 11.0
1.6682568 -5.138941 -3.593009555 0.0 11.0
-6.3878984 -3.4942825 1.058213856 3.0 9.0
-3.796645 -5.870637 1.058213856 3.0 9.0
-3.796645 -5.870637 1.058213857 2.0 10.0
-1.2053914 -8.246991 1.058213857 2.0 10.0
-1.2053914 -8.246991 1.058213858 1.0 11.0
1.0386999 -10.623345 -0.2374129358 1.0 11.0
1.0386999 -10.623345 -0.2374129359 0.0 12.0
4.0370708 -11.23546 -1.968523159 0.0 12.0
4.0370708 -11.23546 -1.968523160 0.0 13.0
6.850764 -9.891649 -3.593009760 0.0 13.0
-1.2053914 -8.246991 1.058213861 1.0 11.0
0.5424999 -5.3680754 0.0490683361 1.0 11.0
0.5424999 -5.3680754 0.0490683362 0.0 12.0
3.356193 -4.0242643 -1.575418262 0.0 12.0
3.356193 -4.0242643 -1.575418263 0.0 13.0
6.3545637 -4.6363797 -3.306528663 0.0 13.0
