0.0 0.0 0.00 60.0 1.0
0.0 0.66679484 0.00 60.0 1.0
0.0 0.66679484 0.01 59.0 2.0
0.0 1.3335897 0.01 59.0 2.0
0.0 1.3335897 0.02 58.0 3.0
0.0 2.0003846 0.02 58.0 3.0
0.0 2.0003846 0.03 57.0 4.0
0.0 2.6671793 0.03 57.0 4.0
0.0 2.6671793 0.04 56.0 5.0
0.0 3.3339741 0.04 56.0 5.0
0.0 3.3339741 0.05 55.0 6.0
0.0 4.000769 0.05 55.0 6.0
0.0 4.000769 0.06 54.0 7.0
0.0 4.667564 0.06 54.0 7.0
0.0 4.667564 0.07 53.0 8.0
0.0 5.3343587 0.07 53.0 8.0
0.0 5.3343587 0.08 52.0 9.0
0.0 6.0011535 0.08 52.0 9.0
0.0 6.0011535 0.09 51.0 10.0
0.0 6.6679482 0.09 51.0 10.0
0.0 6.6679482 0.010 50.0 11.0
0.0 7.334743 0.010 50.0 11.0
0.0 7.334743 0.011 49.0 12.0
0.0 8.001538 0.011 49.0 12.0
0.0 8.001538 0.012 48.0 13.0
0.0 8.668333 0.012 48.0 13.0
0.0 8.668333 0.013 47.0 14.0
0.0 9.335128 0.013 47.0 14.0
0.0 9.335128 0.014 46.0 15.0
0.0 10.001923 0.014 46.0 15.0
0.0 10.001923 0.015 45.0 16.0
0.0 10.668717 0.015 45.0 16.0
0.0 10.668717 0.016 28.0 17.0
-0.35987413 11.190192 0.2077734316 28.0 17.0
-0.35987413 11.190192 0.2077734317 27.0 18.0
-0.71974826 11.711667 0.4155468617 27.0 18.0
-0.71974826 11.711667 0.4155468618 26.0 19.0
-1.0796224 12.233142 0.623320318 26.0 19.0
-1.0796224 12.233142 0.623320319 25.0 20.0
-1.4394965 12.754617 0.831093719 25.0 20.0
-1.4394965 12.754617 0.831093720 24.0 21.0
-1.7993706 13.276092 1.038867120 24.0 21.0
-1.7993706 13.276092 1.038867121 23.0 22.0
-2.1592448 13.797566 1.246640621 23.0 22.0
-2.1592448 13.797566 1.246640622 22.0 23.0
-2.5191188 14.319041 1.45441422 22.0 23.0
-2.5191188 14.319041 1.45441423 21.0 24.0
-2.878993 14.840516 1.662187523 21.0 24.0
-2.878993 14.840516 1.662187524 12.0 25.0
-2.878993 15.507311 1.662187524 12.0 25.0
-2.878993 15.507311 1.662187525 11.0 26.0
-2.878993 16.174107 1.662187525 11.0 26.0
-2.878993 16.174107 1.662187526 10.0 27.0
-2.878993 16.840902 1.662187526 10.0 27.0
-2.878993 16.840902 1.662187527 9.0 28.0
-2.878993 17.507698 1.662187527 9.0 28.0
-2.878993 17.507698 1.662187528 4.0 29.0
-2.5191188 18.029173 1.45441428 4.0 29.0
-2.5191188 18.029173 1.45441429 3.0 30.0
-2.1592445 18.550648 1.246640629 3.0 30.0
-2.1592445 18.550648 1.246640630 0.0 31.0
-1.5963566 18.699505 0.921657130 0.0 31.0
-1.5963566 18.699505 0.921657131 0.0 32.0
-0.94638973 18.848362 0.921657131 0.0 32.0
-2.1592445 18.550648 1.246640632 2.0 31.0
-1.7436976 19.072123 1.246640632 2.0 31.0
-1.7436976 19.072123 1.246640633 1.0 32.0
-1.3281507 19.593597 1.246640633 1.0 32.0
-1.3281507 19.593597 1.246640634 0.0 33.0
-0.7652629 19.742455 0.921657134 0.0 33.0
-0.7652629 19.742455 0.921657135 0.0 34.0
-0.115296006 19.891312 0.921657135 0.0 34.0
-1.3281507 19.593597 1.246640636 0.0 33.0
-1.3281507 20.260393 1.246640636 0.0 33.0
-1.3281507 20.260393 1.246640637 0.0 34.0
-1.3281507 20.927189 1.246640637 0.0 34.0
-2.878993 17.507698 1.662187538 8.0 29.0
-2.878993 18.174494 1.662187538 8.0 29.0
-2.878993 18.174494 1.662187539 7.0 30.0
-2.878993 18.84129 1.662187539 7.0 30.0
-2.878993 18.84129 1.662187540 6.0 31.0
-2.878993 19.508085 1.662187540 6.0 31.0
-2.878993 19.508085 1.662187541 5.0 32.0
-2.878993 20.174881 1.662187541 5.0 32.0
-2.878993 20.174881 1.662187542 4.0 33.0
-2.5191188 20.696356 1.45441442 4.0 33.0
-2.5191188 20.696356 1.45441443 3.0 34.0
-2.1592445 21.21783 1.246640643 3.0 34.0
-2.1592445 21.21783 1.246640644 0.0 35.0
-1.5963566 21.366688 0.921657144 0.0 35.0
-1.5963566 21.366688 0.921657145 0.0 36.0
-0.94638973 21.515545 0.921657145 0.0 36.0
-2.1592445 21.21783 1.246640646 2.0 35.0
-1.7436976 21.739305 1.246640646 2.0 35.0
-1.7436976 21.739305 1.246640647 1.0 36.0
-1.3281507 22.26078 1.246640647 1.0 36.0
-1.3281507 22.26078 1.246640648 0.0 37.0
-0.7652629 22.409637 0.921657148 0.0 37.0
-0.7652629 22.409637 0.921657149 0.0 38.0
-0.115296006 22.558495 0.921657149 0.0 38.0
-1.3281507 22.26078 1.246640650 0.0 37.0
-1.3281507 22.927576 1.246640650 0.0 37.0
-1.3281507 22.927576 1.246640651 0.0 38.0
-1.3281507 23.594372 1.246640651 0.0 38.0
-2.878993 20.174881 1.662187552 4.0 33.0
-3.29454 20.696356 1.662187552 4.0 33.0
-3.29454 20.696356 1.662187553 3.0 34.0
-3.7100868 21.21783 1.662187553 3.0 34.0
-3.7100868 21.21783 1.662187554 0.0 35.0
-3.7100868 21.884626 1.662187554 0.0 35.0
-3.7100868 21.884626 1.662187555 0.0 36.0
-3.7100868 22.551422 1.662187555 0.0 36.0
-3.7100868 21.21783 1.662187556 2.0 35.0
-4.1256337 21.739305 1.662187556 2.0 35.0
-4.1256337 21.739305 1.662187557 1.0 36.0
-4.5411806 22.26078 1.662187557 1.0 36.0
-4.5411806 22.26078 1.662187558 0.0 37.0
-4.5411806 22.927576 1.662187558 0.0 37.0
-4.5411806 22.927576 1.662187559 0.0 38.0
-4.5411806 23.594372 1.662187559 0.0 38.0
-4.5411806 22.26078 1.662187560 0.0 37.0
-5.1911473 22.409637 1.662187560 0.0 37.0
-5.1911473 22.409637 1.662187561 0.0 38.0
-5.841114 22.558495 1.662187561 0.0 38.0
-2.878993 14.840516 1.662187562 20.0 25.0
-3.29454 15.361991 1.662187562 20.0 25.0
-3.29454 15.361991 1.662187563 19.0 26.0
-3.7100868 15.883466 1.662187563 19.0 26.0
-3.7100868 15.883466 1.662187564 18.0 27.0
-4.1256337 16.404942 1.662187564 18.0 27.0
-4.1256337 16.404942 1.662187565 17.0 28.0
-4.5411806 16.926416 1.662187565 17.0 28.0
-4.5411806 16.926416 1.662187566 16.0 29.0
-4.9567275 17.447891 1.662187566 16.0 29.0
-4.9567275 17.447891 1.662187567 15.0 30.0
-5.3722744 17.969366 1.662187567 15.0 30.0
-5.3722744 17.969366 1.662187568 14.0 31.0
-5.7878213 18.49084 1.662187568 14.0 31.0
-5.7878213 18.49084 1.662187569 13.0 32.0
-6.203368 19.012316 1.662187569 13.0 32.0
-6.203368 19.012316 1.662187570 12.0 33.0
-6.203368 19.679111 1.662187570 12.0 33.0
-6.203368 19.679111 1.662187571 11.0 34.0
-6.203368 20.345907 1.662187571 11.0 34.0
-6.203368 20.345907 1.662187572 10.0 35.0
-6.203368 21.012703 1.662187572 10.0 35.0
-6.203368 21.012703 1.662187573 9.0 36.0
-6.203368 21.679499 1.662187573 9.0 36.0
-6.203368 21.679499 1.662187574 4.0 37.0
-5.843494 22.200974 1.45441474 4.0 37.0
-5.843494 22.200974 1.45441475 3.0 38.0
-5.4836197 22.722448 1.246640675 3.0 38.0
-5.4836197 22.722448 1.246640676 0.0 39.0
-4.920732 22.871305 0.921657176 0.0 39.0
-4.920732 22.871305 0.921657177 0.0 40.0
-4.2707653 23.020163 0.921657177 0.0 40.0
-5.4836197 22.722448 1.246640678 2.0 39.0
-5.068073 23.243923 1.246640678 2.0 39.0
-5.068073 23.243923 1.246640679 1.0 40.0
-4.652526 23.765398 1.246640679 1.0 40.0
-4.652526 23.765398 1.246640680 0.0 41.0
-4.089638 23.914255 0.921657180 0.0 41.0
-4.089638 23.914255 0.921657181 0.0 42.0
-3.4396713 24.063112 0.921657181 0.0 42.0
-4.652526 23.765398 1.246640682 0.0 41.0
-4.652526 24.432194 1.246640682 0.0 41.0
-4.652526 24.432194 1.246640683 0.0 42.0
-4.652526 25.09899 1.246640683 0.0 42.0
-6.203368 21.679499 1.662187584 8.0 37.0
-6.203368 22.346294 1.662187584 8.0 37.0
-6.203368 22.346294 1.662187585 7.0 38.0
-6.203368 23.01309 1.662187585 7.0 38.0
-6.203368 23.01309 1.662187586 6.0 39.0
-6.203368 23.679886 1.662187586 6.0 39.0
-6.203368 23.679886 1.662187587 5.0 40.0
-6.203368 24.346682 1.662187587 5.0 40.0
-6.203368 24.346682 1.662187588 4.0 41.0
-5.843494 24.868156 1.45441488 4.0 41.0
-5.843494 24.868156 1.45441489 3.0 42.0
-5.4836197 25.389631 1.246640689 3.0 42.0
-5.4836197 25.389631 1.246640690 0.0 43.0
-4.920732 25.538488 0.921657190 0.0 43.0
-4.920732 25.538488 0.921657191 0.0 44.0
-4.2707653 25.687346 0.921657191 0.0 44.0
-5.4836197 25.389631 1.246640692 2.0 43.0
-5.068073 25.911106 1.246640692 2.0 43.0
-5.068073 25.911106 1.246640693 1.0 44.0
-4.652526 26.43258 1.246640693 1.0 44.0
-4.652526 26.43258 1.246640694 0.0 45.0
-4.089638 26.581438 0.921657194 0.0 45.0
-4.089638 26.581438 0.921657195 0.0 46.0
-3.4396713 26.730295 0.921657195 0.0 46.0
-4.652526 26.43258 1.246640696 0.0 45.0
-4.652526 27.099377 1.246640696 0.0 45.0
-4.652526 27.099377 1.246640697 0.0 46.0
-4.652526 27.766172 1.246640697 0.0 46.0
-6.203368 24.346682 1.662187598 4.0 41.0
-6.618915 24.868156 1.662187598 4.0 41.0
-6.618915 24.868156 1.662187599 3.0 42.0
-7.034462 25.389631 1.662187599 3.0 42.0
-7.034462 25.389631 1.6621875100 0.0 43.0
-7.034462 26.056427 1.6621875100 0.0 43.0
-7.034462 26.056427 1.6621875101 0.0 44.0
-7.034462 26.723223 1.6621875101 0.0 44.0
-7.034462 25.389631 1.6621875102 2.0 43.0
-7.450009 25.911106 1.6621875102 2.0 43.0
-7.450009 25.911106 1.6621875103 1.0 44.0
-7.865556 26.43258 1.6621875103 1.0 44.0
-7.865556 26.43258 1.6621875104 0.0 45.0
-7.865556 27.099377 1.6621875104 0.0 45.0
-7.865556 27.099377 1.6621875105 0.0 46.0
-7.865556 27.766172 1.6621875105 0.0 46.0
-7.865556 26.43258 1.6621875106 0.0 45.0
-8.515523 26.581438 1.6621875106 0.0 45.0
-8.515523 26.581438 1.6621875107 0.0 46.0
-9.16549 26.730295 1.6621875107 0.0 46.0
-6.203368 19.012316 1.6621875108 12.0 33.0
-6.853335 19.161173 1.6621875108 12.0 33.0
-6.853335 19.161173 1.6621875109 11.0 34.0
-7.5033016 19.31003 1.6621875109 11.0 34.0
-7.5033016 19.31003 1.6621875110 10.0 35.0
-8.153269 19.458887 1.6621875110 10.0 35.0
-8.153269 19.458887 1.6621875111 9.0 36.0
-8.803236 19.607744 1.6621875111 9.0 36.0
-8.803236 19.607744 1.6621875112 4.0 37.0
-9.16311 20.12922 1.8699609112 4.0 37.0
-9.16311 20.12922 1.8699609113 3.0 38.0
-9.522984 20.650694 2.0777342113 3.0 38.0
-9.522984 20.650694 2.0777342114 0.0 39.0
-9.522984 21.31749 2.0777342114 0.0 39.0
-9.522984 21.31749 2.0777342115 0.0 40.0
-9.522984 21.984285 2.0777342115 0.0 40.0
-9.522984 20.650694 2.0777342116 2.0 39.0
-9.93853 21.172169 2.0777342116 2.0 39.0
-9.93853 21.172169 2.0777342117 1.0 40.0
-10.354076 21.693644 2.0777342117 1.0 40.0
-10.354076 21.693644 2.0777342118 0.0 41.0
-10.354076 22.36044 2.0777342118 0.0 41.0
-10.354076 22.36044 2.0777342119 0.0 42.0
-10.354076 23.027235 2.0777342119 0.0 42.0
-10.354076 21.693644 2.0777342120 0.0 41.0
-11.004044 21.8425 2.0777342120 0.0 41.0
-11.004044 21.8425 2.0777342121 0.0 42.0
-11.654011 21.991358 2.0777342121 0.0 42.0
-8.803236 19.607744 1.6621875122 8.0 37.0
-9.453203 19.756601 1.6621875122 8.0 37.0
-9.453203 19.756601 1.6621875123 7.0 38.0
-10.10317 19.905458 1.6621875123 7.0 38.0
-10.10317 19.905458 1.6621875124 6.0 39.0
-10.753138 20.054316 1.6621875124 6.0 39.0
-10.753138 20.054316 1.6621875125 5.0 40.0
-11.403105 20.203173 1.6621875125 5.0 40.0
-11.403105 20.203173 1.6621875126 4.0 41.0
-11.762979 20.724648 1.8699609126 4.0 41.0
-11.762979 20.724648 1.8699609127 3.0 42.0
-12.122852 21.246122 2.0777342127 3.0 42.0
-12.122852 21.246122 2.0777342128 0.0 43.0
-12.122852 21.912918 2.0777342128 0.0 43.0
-12.122852 21.912918 2.0777342129 0.0 44.0
-12.122852 22.579714 2.0777342129 0.0 44.0
-12.122852 21.246122 2.0777342130 2.0 43.0
-12.538399 21.767597 2.0777342130 2.0 43.0
-12.538399 21.767597 2.0777342131 1.0 44.0
-12.953945 22.289072 2.0777342131 1.0 44.0
-12.953945 22.289072 2.0777342132 0.0 45.0
-12.953945 22.955868 2.0777342132 0.0 45.0
-12.953945 22.955868 2.0777342133 0.0 46.0
-12.953945 23.622663 2.0777342133 0.0 46.0
-12.953945 22.289072 2.0777342134 0.0 45.0
-13.603912 22.43793 2.0777342134 0.0 45.0
-13.603912 22.43793 2.0777342135 0.0 46.0
-14.25388 22.586786 2.0777342135 0.0 46.0
-11.403105 20.203173 1.6621875136 4.0 41.0
-12.004187 19.914528 1.6621875136 4.0 41.0
-12.004187 19.914528 1.6621875137 3.0 42.0
-12.6052685 19.625883 1.6621875137 3.0 42.0
-12.6052685 19.625883 1.6621875138 0.0 43.0
-13.168157 19.77474 1.9871709138 0.0 43.0
-13.168157 19.77474 1.9871709139 0.0 44.0
-13.818124 19.923597 1.9871709139 0.0 44.0
-12.6052685 19.625883 1.6621875140 2.0 43.0
-13.20635 19.337238 1.6621875140 2.0 43.0
-13.20635 19.337238 1.6621875141 1.0 44.0
-13.807432 19.048594 1.6621875141 1.0 44.0
-13.807432 19.048594 1.6621875142 0.0 45.0
-14.37032 19.19745 1.9871709142 0.0 45.0
-14.37032 19.19745 1.9871709143 0.0 46.0
-15.0202875 19.346308 1.9871709143 0.0 46.0
-13.807432 19.048594 1.6621875144 0.0 45.0
-14.097632 18.448261 1.6621875144 0.0 45.0
-14.097632 18.448261 1.6621875145 0.0 46.0
-14.387833 17.847929 1.6621875145 0.0 46.0
0.0 10.668717 0.0146 44.0 17.0
0.0 11.335512 0.0146 44.0 17.0
0.0 11.335512 0.0147 43.0 18.0
0.0 12.002307 0.0147 43.0 18.0
0.0 12.002307 0.0148 42.0 19.0
0.0 12.669102 0.0148 42.0 19.0
0.0 12.669102 0.0149 41.0 20.0
0.0 13.3358965 0.0149 41.0 20.0
0.0 13.3358965 0.0150 40.0 21.0
0.0 14.002691 0.0150 40.0 21.0
0.0 14.002691 0.0151 39.0 22.0
0.0 14.669486 0.0151 39.0 22.0
0.0 14.669486 0.0152 38.0 23.0
0.0 15.336281 0.0152 38.0 23.0
0.0 15.336281 0.0153 37.0 24.0
0.0 16.003077 0.0153 37.0 24.0
0.0 16.003077 0.0154 36.0 25.0
0.0 16.669872 0.0154 36.0 25.0
0.0 16.669872 0.0155 35.0 26.0
0.0 17.336668 0.0155 35.0 26.0
0.0 17.336668 0.0156 34.0 27.0
0.0 18.003464 0.0156 34.0 27.0
0.0 18.003464 0.0157 33.0 28.0
0.0 18.67026 0.0157 33.0 28.0
0.0 18.67026 0.0158 32.0 29.0
0.0 19.337055 0.0158 32.0 29.0
0.0 19.337055 0.0159 31.0 30.0
0.0 20.00385 0.0159 31.0 30.0
0.0 20.00385 0.0160 30.0 31.0
0.0 20.670647 0.0160 30.0 31.0
0.0 20.670647 0.0161 29.0 32.0
0.0 21.337442 0.0161 29.0 32.0
0.0 21.337442 0.0162 28.0 33.0
0.35987413 21.858917 -0.20777343162 28.0 33.0
0.35987413 21.858917 -0.20777343163 27.0 34.0
0.71974826 22.380392 -0.41554686163 27.0 34.0
0.71974826 22.380392 -0.41554686164 26.0 35.0
1.0796224 22.901867 -0.6233203164 26.0 35.0
1.0796224 22.901867 -0.6233203165 25.0 36.0
1.4394965 23.423342 -0.8310937165 25.0 36.0
1.4394965 23.423342 -0.8310937166 24.0 37.0
1.7993706 23.944817 -1.0388671166 24.0 37.0
1.7993706 23.944817 -1.0388671167 23.0 38.0
2.1592448 24.466291 -1.2466406167 23.0 38.0
2.1592448 24.466291 -1.2466406168 22.0 39.0
2.5191188 24.987766 -1.454414168 22.0 39.0
2.5191188 24.987766 -1.454414169 21.0 40.0
2.878993 25.509241 -1.6621875169 21.0 40.0
2.878993 25.509241 -1.6621875170 12.0 41.0
3.441881 25.658098 -1.9871709170 12.0 41.0
3.441881 25.658098 -1.9871709171 11.0 42.0
4.004769 25.806955 -2.3121543171 11.0 42.0
4.004769 25.806955 -2.3121543172 10.0 43.0
4.5676565 25.955812 -2.6371377172 10.0 43.0
4.5676565 25.955812 -2.6371377173 9.0 44.0
5.130544 26.10467 -2.962121173 9.0 44.0
5.130544 26.10467 -2.962121174 4.0 45.0
5.6510963 25.816025 -3.2626622174 4.0 45.0
5.6510963 25.816025 -3.2626622175 3.0 46.0
6.171649 25.52738 -3.5632033175 3.0 46.0
6.171649 25.52738 -3.5632033176 0.0 47.0
6.42297 24.927048 -3.7083035176 0.0 47.0
6.42297 24.927048 -3.7083035177 0.0 48.0
6.71317 24.326715 -3.7083035177 0.0 48.0
6.171649 25.52738 -3.5632033178 2.0 47.0
6.7727313 25.238735 -3.5632033178 2.0 47.0
6.7727313 25.238735 -3.5632033179 1.0 48.0
7.3738136 24.95009 -3.5632033179 1.0 48.0
7.3738136 24.95009 -3.5632033180 0.0 49.0
7.6251345 24.349758 -3.7083035180 0.0 49.0
7.6251345 24.349758 -3.7083035181 0.0 50.0
7.9153347 23.749426 -3.7083035181 0.0 50.0
7.3738136 24.95009 -3.5632033182 0.0 49.0
8.023781 25.098948 -3.5632033182 0.0 49.0
8.023781 25.098948 -3.5632033183 0.0 50.0
8.673748 25.247805 -3.5632033183 0.0 50.0
5.130544 26.10467 -2.962121184 8.0 45.0
5.780511 26.253527 -2.962121184 8.0 45.0
5.780511 26.253527 -2.962121185 7.0 46.0
6.4304776 26.402384 -2.962121185 7.0 46.0
6.4304776 26.402384 -2.962121186 6.0 47.0
7.0804443 26.55124 -2.962121186 6.0 47.0
7.0804443 26.55124 -2.962121187 5.0 48.0
7.730411 26.700098 -2.962121187 5.0 48.0
7.730411 26.700098 -2.962121188 4.0 49.0
8.250963 26.411453 -3.2626622188 4.0 49.0
8.250963 26.411453 -3.2626622189 3.0 50.0
8.771516 26.122808 -3.5632033189 3.0 50.0
8.771516 26.122808 -3.5632033190 0.0 51.0
9.022837 25.522476 -3.7083035190 0.0 51.0
9.022837 25.522476 -3.7083035191 0.0 52.0
9.313037 24.922144 -3.7083035191 0.0 52.0
8.771516 26.122808 -3.5632033192 2.0 51.0
9.372598 25.834164 -3.5632033192 2.0 51.0
9.372598 25.834164 -3.5632033193 1.0 52.0
9.97368 25.545519 -3.5632033193 1.0 52.0
9.97368 25.545519 -3.5632033194 0.0 53.0
10.225 24.945187 -3.7083035194 0.0 53.0
10.225 24.945187 -3.7083035195 0.0 54.0
10.515201 24.344854 -3.7083035195 0.0 54.0
9.97368 25.545519 -3.5632033196 0.0 53.0
10.623647 25.694376 -3.5632033196 0.0 53.0
10.623647 25.694376 -3.5632033197 0.0 54.0
11.273614 25.843233 -3.5632033197 0.0 54.0
7.730411 26.700098 -2.962121198 4.0 49.0
8.145958 27.221573 -2.962121198 4.0 49.0
8.145958 27.221573 -2.962121199 3.0 50.0
8.561504 27.743048 -2.962121199 3.0 50.0
8.561504 27.743048 -2.962121200 0.0 51.0
9.1243925 27.891905 -3.2871044200 0.0 51.0
9.1243925 27.891905 -3.2871044201 0.0 52.0
9.77436 28.040762 -3.2871044201 0.0 52.0
8.561504 27.743048 -2.962121202 2.0 51.0
8.977051 28.264523 -2.962121202 2.0 51.0
8.977051 28.264523 -2.962121203 1.0 52.0
9.392597 28.785997 -2.962121203 1.0 52.0
9.392597 28.785997 -2.962121204 0.0 53.0
9.955485 28.934855 -3.2871044204 0.0 53.0
9.955485 28.934855 -3.2871044205 0.0 54.0
10.605453 29.083712 -3.2871044205 0.0 54.0
9.392597 28.785997 -2.962121206 0.0 53.0
9.392597 29.452793 -2.962121206 0.0 53.0
9.392597 29.452793 -2.962121207 0.0 54.0
9.392597 30.119589 -2.962121207 0.0 54.0
2.878993 25.509241 -1.6621875208 20.0 41.0
3.29454 26.030716 -1.6621875208 20.0 41.0
3.29454 26.030716 -1.6621875209 19.0 42.0
3.7100868 26.55219 -1.6621875209 19.0 42.0
3.7100868 26.55219 -1.6621875210 18.0 43.0
4.1256337 27.073666 -1.6621875210 18.0 43.0
4.1256337 27.073666 -1.6621875211 17.0 44.0
4.5411806 27.59514 -1.6621875211 17.0 44.0
4.5411806 27.59514 -1.6621875212 16.0 45.0
4.9567275 28.116615 -1.6621875212 16.0 45.0
4.9567275 28.116615 -1.6621875213 15.0 46.0
5.3722744 28.63809 -1.6621875213 15.0 46.0
5.3722744 28.63809 -1.6621875214 14.0 47.0
5.7878213 29.159565 -1.6621875214 14.0 47.0
5.7878213 29.159565 -1.6621875215 13.0 48.0
6.203368 29.68104 -1.6621875215 13.0 48.0
6.203368 29.68104 -1.6621875216 12.0 49.0
6.766256 29.829897 -1.9871709216 12.0 49.0
6.766256 29.829897 -1.9871709217 11.0 50.0
7.3291435 29.978754 -2.3121543217 11.0 50.0
7.3291435 29.978754 -2.3121543218 10.0 51.0
7.892031 30.127611 -2.6371377218 10.0 51.0
7.892031 30.127611 -2.6371377219 9.0 52.0
8.454919 30.276468 -2.962121219 9.0 52.0
8.454919 30.276468 -2.962121220 4.0 53.0
8.9754715 29.987823 -3.2626622220 4.0 53.0
8.9754715 29.987823 -3.2626622221 3.0 54.0
9.496024 29.699179 -3.5632033221 3.0 54.0
9.496024 29.699179 -3.5632033222 0.0 55.0
9.747345 29.098846 -3.7083035222 0.0 55.0
9.747345 29.098846 -3.7083035223 0.0 56.0
10.037545 28.498514 -3.7083035223 0.0 56.0
9.496024 29.699179 -3.5632033224 2.0 55.0
10.097106 29.410534 -3.5632033224 2.0 55.0
10.097106 29.410534 -3.5632033225 1.0 56.0
10.698188 29.12189 -3.5632033225 1.0 56.0
10.698188 29.12189 -3.5632033226 0.0 57.0
10.949509 28.521557 -3.7083035226 0.0 57.0
10.949509 28.521557 -3.7083035227 0.0 58.0
11.239709 27.921225 -3.7083035227 0.0 58.0
10.698188 29.12189 -3.5632033228 0.0 57.0
11.348155 29.270746 -3.5632033228 0.0 57.0
11.348155 29.270746 -3.5632033229 0.0 58.0
11.998122 29.419603 -3.5632033229 0.0 58.0
8.454919 30.276468 -2.962121230 8.0 53.0
9.104886 30.425325 -2.962121230 8.0 53.0
9.104886 30.425325 -2.962121231 7.0 54.0
9.754853 30.574183 -2.962121231 7.0 54.0
9.754853 30.574183 -2.962121232 6.0 55.0
10.40482 30.72304 -2.962121232 6.0 55.0
10.40482 30.72304 -2.962121233 5.0 56.0
11.054788 30.871897 -2.962121233 5.0 56.0
11.054788 30.871897 -2.962121234 4.0 57.0
11.57534 30.583252 -3.2626622234 4.0 57.0
11.57534 30.583252 -3.2626622235 3.0 58.0
12.095893 30.294607 -3.5632033235 3.0 58.0
12.095893 30.294607 -3.5632033236 0.0 59.0
12.347214 29.694275 -3.7083035236 0.0 59.0
12.347214 29.694275 -3.7083035237 0.0 60.0
12.637414 29.093943 -3.7083035237 0.0 60.0
12.095893 30.294607 -3.5632033238 2.0 59.0
12.696975 30.005962 -3.5632033238 2.0 59.0
12.696975 30.005962 -3.5632033239 1.0 60.0
13.298057 29.717318 -3.5632033239 1.0 60.0
13.298057 29.717318 -3.5632033240 0.0 61.0
13.549377 29.116985 -3.7083035240 0.0 61.0
13.549377 29.116985 -3.7083035241 0.0 62.0
13.839578 28.516653 -3.7083035241 0.0 62.0
13.298057 29.717318 -3.5632033242 0.0 61.0
13.948024 29.866175 -3.5632033242 0.0 61.0
13.948024 29.866175 -3.5632033243 0.0 62.0
14.597991 30.015032 -3.5632033243 0.0 62.0
11.054788 30.871897 -2.962121244 4.0 57.0
11.470334 31.393372 -2.962121244 4.0 57.0
11.470334 31.393372 -2.962121245 3.0 58.0
11.88588 31.914846 -2.962121245 3.0 58.0
11.88588 31.914846 -2.962121246 0.0 59.0
12.448769 32.0637 -3.2871044246 0.0 59.0
12.448769 32.0637 -3.2871044247 0.0 60.0
13.098736 32.21256 -3.2871044247 0.0 60.0
11.88588 31.914846 -2.962121248 2.0 59.0
12.301427 32.43632 -2.962121248 2.0 59.0
12.301427 32.43632 -2.962121249 1.0 60.0
12.716973 32.957798 -2.962121249 1.0 60.0
12.716973 32.957798 -2.962121250 0.0 61.0
13.279861 33.106655 -3.2871044250 0.0 61.0
13.279861 33.106655 -3.2871044251 0.0 62.0
13.929829 33.255512 -3.2871044251 0.0 62.0
12.716973 32.957798 -2.962121252 0.0 61.0
12.716973 33.62459 -2.962121252 0.0 61.0
12.716973 33.62459 -2.962121253 0.0 62.0
12.716973 34.291386 -2.962121253 0.0 62.0
6.203368 29.68104 -1.6621875254 12.0 49.0
6.203368 30.347836 -1.6621875254 12.0 49.0
6.203368 30.347836 -1.6621875255 11.0 50.0
6.203368 31.014631 -1.6621875255 11.0 50.0
6.203368 31.014631 -1.6621875256 10.0 51.0
6.203368 31.681427 -1.6621875256 10.0 51.0
6.203368 31.681427 -1.6621875257 9.0 52.0
6.203368 32.34822 -1.6621875257 9.0 52.0
6.203368 32.34822 -1.6621875258 4.0 53.0
6.5632424 32.869698 -1.8699609258 4.0 53.0
6.5632424 32.869698 -1.8699609259 3.0 54.0
6.9231167 33.391174 -2.0777342259 3.0 54.0
6.9231167 33.391174 -2.0777342260 0.0 55.0
7.4860044 33.54003 -2.4027176260 0.0 55.0
7.4860044 33.54003 -2.4027176261 0.0 56.0
8.135971 33.68889 -2.4027176261 0.0 56.0
6.9231167 33.391174 -2.0777342262 2.0 55.0
7.3386636 33.91265 -2.0777342262 2.0 55.0
7.3386636 33.91265 -2.0777342263 1.0 56.0
7.7542105 34.434128 -2.0777342263 1.0 56.0
7.7542105 34.434128 -2.0777342264 0.0 57.0
8.317099 34.582985 -2.4027176264 0.0 57.0
8.317099 34.582985 -2.4027176265 0.0 58.0
8.967066 34.731842 -2.4027176265 0.0 58.0
7.7542105 34.434128 -2.0777342266 0.0 57.0
7.7542105 35.10092 -2.0777342266 0.0 57.0
7.7542105 35.10092 -2.0777342267 0.0 58.0
7.7542105 35.767715 -2.0777342267 0.0 58.0
6.203368 32.34822 -1.6621875268 8.0 53.0
6.203368 33.015015 -1.6621875268 8.0 53.0
6.203368 33.015015 -1.6621875269 7.0 54.0
6.203368 33.68181 -1.6621875269 7.0 54.0
6.203368 33.68181 -1.6621875270 6.0 55.0
6.203368 34.348602 -1.6621875270 6.0 55.0
6.203368 34.348602 -1.6621875271 5.0 56.0
6.203368 35.015396 -1.6621875271 5.0 56.0
6.203368 35.015396 -1.6621875272 4.0 57.0
6.5632424 35.536873 -1.8699609272 4.0 57.0
6.5632424 35.536873 -1.8699609273 3.0 58.0
6.9231167 36.05835 -2.0777342273 3.0 58.0
6.9231167 36.05835 -2.0777342274 0.0 59.0
7.4860044 36.207207 -2.4027176274 0.0 59.0
7.4860044 36.207207 -2.4027176275 0.0 60.0
8.135971 36.356064 -2.4027176275 0.0 60.0
6.9231167 36.05835 -2.0777342276 2.0 59.0
7.3386636 36.579826 -2.0777342276 2.0 59.0
7.3386636 36.579826 -2.0777342277 1.0 60.0
7.7542105 37.101303 -2.0777342277 1.0 60.0
7.7542105 37.101303 -2.0777342278 0.0 61.0
8.317099 37.25016 -2.4027176278 0.0 61.0
8.317099 37.25016 -2.4027176279 0.0 62.0
8.967066 37.399017 -2.4027176279 0.0 62.0
7.7542105 37.101303 -2.0777342280 0.0 61.0
7.7542105 37.768097 -2.0777342280 0.0 61.0
7.7542105 37.768097 -2.0777342281 0.0 62.0
7.7542105 38.43489 -2.0777342281 0.0 62.0
6.203368 35.015396 -1.6621875282 4.0 57.0
5.7878213 35.536873 -1.6621875282 4.0 57.0
5.7878213 35.536873 -1.6621875283 3.0 58.0
5.3722744 36.05835 -1.6621875283 3.0 58.0
5.3722744 36.05835 -1.6621875284 0.0 59.0
5.3722744 36.725143 -1.6621875284 0.0 59.0
5.3722744 36.725143 -1.6621875285 0.0 60.0
5.3722744 37.391937 -1.6621875285 0.0 60.0
5.3722744 36.05835 -1.6621875286 2.0 59.0
4.9567275 36.579826 -1.6621875286 2.0 59.0
4.9567275 36.579826 -1.6621875287 1.0 60.0
4.5411806 37.101303 -1.6621875287 1.0 60.0
4.5411806 37.101303 -1.6621875288 0.0 61.0
4.5411806 37.768097 -1.6621875288 0.0 61.0
4.5411806 37.768097 -1.6621875289 0.0 62.0
4.5411806 38.43489 -1.6621875289 0.0 62.0
4.5411806 37.101303 -1.6621875290 0.0 61.0
3.8912137 37.25016 -1.6621875290 0.0 61.0
3.8912137 37.25016 -1.6621875291 0.0 62.0
3.2412467 37.399017 -1.6621875291 0.0 62.0
0.0 21.337442 0.0292 28.0 33.0
-0.41554686 21.858917 0.0292 28.0 33.0
-0.41554686 21.858917 0.0293 27.0 34.0
-0.8310937 22.380392 0.0293 27.0 34.0
-0.8310937 22.380392 0.0294 26.0 35.0
-1.2466406 22.901867 0.0294 26.0 35.0
-1.2466406 22.901867 0.0295 25.0 36.0
-1.6621875 23.423342 0.0295 25.0 36.0
-1.6621875 23.423342 0.0296 24.0 37.0
-2.0777342 23.944817 0.0296 24.0 37.0
-2.0777342 23.944817 0.0297 23.0 38.0
-2.4932811 24.466291 0.0297 23.0 38.0
-2.4932811 24.466291 0.0298 22.0 39.0
-2.908828 24.987766 0.0298 22.0 39.0
-2.908828 24.987766 0.0299 21.0 40.0
-3.324375 25.509241 0.0299 21.0 40.0
-3.324375 25.509241 0.0300 12.0 41.0
-3.324375 26.176037 0.0300 12.0 41.0
-3.324375 26.176037 0.0301 11.0 42.0
-3.324375 26.842833 0.0301 11.0 42.0
-3.324375 26.842833 0.0302 10.0 43.0
-3.324375 27.509628 0.0302 10.0 43.0
-3.324375 27.509628 0.0303 9.0 44.0
-3.324375 28.176424 0.0303 9.0 44.0
-3.324375 28.176424 0.0304 4.0 45.0
-2.964501 28.697899 -0.20777343304 4.0 45.0
-2.964501 28.697899 -0.20777343305 3.0 46.0
-2.6046267 29.219374 -0.41554686305 3.0 46.0
-2.6046267 29.219374 -0.41554686306 0.0 47.0
-2.0417387 29.36823 -0.7405303306 0.0 47.0
-2.0417387 29.36823 -0.7405303307 0.0 48.0
-1.3917718 29.517088 -0.7405303307 0.0 48.0
-2.6046267 29.219374 -0.41554686308 2.0 47.0
-2.1890798 29.740849 -0.41554686308 2.0 47.0
-2.1890798 29.740849 -0.41554686309 1.0 48.0
-1.7735329 30.262323 -0.41554686309 1.0 48.0
-1.7735329 30.262323 -0.41554686310 0.0 49.0
-1.210645 30.41118 -0.7405303310 0.0 49.0
-1.210645 30.41118 -0.7405303311 0.0 50.0
-0.56067806 30.560038 -0.7405303311 0.0 50.0
-1.7735329 30.262323 -0.41554686312 0.0 49.0
-1.7735329 30.92912 -0.41554686312 0.0 49.0
-1.7735329 30.92912 -0.41554686313 0.0 50.0
-1.7735329 31.595915 -0.41554686313 0.0 50.0
-3.324375 28.176424 0.0314 8.0 45.0
-3.324375 28.84322 0.0314 8.0 45.0
-3.324375 28.84322 0.0315 7.0 46.0
-3.324375 29.510015 0.0315 7.0 46.0
-3.324375 29.510015 0.0316 6.0 47.0
-3.324375 30.176811 0.0316 6.0 47.0
-3.324375 30.176811 0.0317 5.0 48.0
-3.324375 30.843607 0.0317 5.0 48.0
-3.324375 30.843607 0.0318 4.0 49.0
-2.964501 31.365082 -0.20777343318 4.0 49.0
-2.964501 31.365082 -0.20777343319 3.0 50.0
-2.6046267 31.886557 -0.41554686319 3.0 50.0
-2.6046267 31.886557 -0.41554686320 0.0 51.0
-2.0417387 32.03541 -0.7405303320 0.0 51.0
-2.0417387 32.03541 -0.7405303321 0.0 52.0
-1.3917718 32.18427 -0.7405303321 0.0 52.0
-2.6046267 31.886557 -0.41554686322 2.0 51.0
-2.1890798 32.40803 -0.41554686322 2.0 51.0
-2.1890798 32.40803 -0.41554686323 1.0 52.0
-1.7735329 32.92951 -0.41554686323 1.0 52.0
-1.7735329 32.92951 -0.41554686324 0.0 53.0
-1.210645 33.078365 -0.7405303324 0.0 53.0
-1.210645 33.078365 -0.7405303325 0.0 54.0
-0.56067806 33.227222 -0.7405303325 0.0 54.0
-1.7735329 32.92951 -0.41554686326 0.0 53.0
-1.7735329 33.596302 -0.41554686326 0.0 53.0
-1.7735329 33.596302 -0.41554686327 0.0 54.0
-1.7735329 34.263096 -0.41554686327 0.0 54.0
-3.324375 30.843607 0.0328 4.0 49.0
-3.7399218 31.365082 0.0328 4.0 49.0
-3.7399218 31.365082 0.0329 3.0 50.0
-4.1554685 31.886557 0.0329 3.0 50.0
-4.1554685 31.886557 0.0330 0.0 51.0
-4.1554685 32.553352 0.0330 0.0 51.0
-4.1554685 32.553352 0.0331 0.0 52.0
-4.1554685 33.220146 0.0331 0.0 52.0
-4.1554685 31.886557 0.0332 2.0 51.0
-4.5710154 32.40803 0.0332 2.0 51.0
-4.5710154 32.40803 0.0333 1.0 52.0
-4.9865623 32.92951 0.0333 1.0 52.0
-4.9865623 32.92951 0.0334 0.0 53.0
-4.9865623 33.596302 0.0334 0.0 53.0
-4.9865623 33.596302 0.0335 0.0 54.0
-4.9865623 34.263096 0.0335 0.0 54.0
-4.9865623 32.92951 0.0336 0.0 53.0
-5.636529 33.078365 0.0336 0.0 53.0
-5.636529 33.078365 0.0337 0.0 54.0
-6.2864957 33.227222 0.0337 0.0 54.0
-3.324375 25.509241 0.0338 20.0 41.0
-3.7399218 26.030716 0.0338 20.0 41.0
-3.7399218 26.030716 0.0339 19.0 42.0
-4.1554685 26.55219 0.0339 19.0 42.0
-4.1554685 26.55219 0.0340 18.0 43.0
-4.5710154 27.073666 0.0340 18.0 43.0
-4.5710154 27.073666 0.0341 17.0 44.0
-4.9865623 27.59514 0.0341 17.0 44.0
-4.9865623 27.59514 0.0342 16.0 45.0
-5.402109 28.116615 0.0342 16.0 45.0
-5.402109 28.116615 0.0343 15.0 46.0
-5.817656 28.63809 0.0343 15.0 46.0
-5.817656 28.63809 0.0344 14.0 47.0
-6.233203 29.159565 0.0344 14.0 47.0
-6.233203 29.159565 0.0345 13.0 48.0
-6.64875 29.68104 0.0345 13.0 48.0
-6.64875 29.68104 0.0346 12.0 49.0
-6.64875 30.347836 0.0346 12.0 49.0
-6.64875 30.347836 0.0347 11.0 50.0
-6.64875 31.014631 0.0347 11.0 50.0
-6.64875 31.014631 0.0348 10.0 51.0
-6.64875 31.681427 0.0348 10.0 51.0
-6.64875 31.681427 0.0349 9.0 52.0
-6.64875 32.34822 0.0349 9.0 52.0
-6.64875 32.34822 0.0350 4.0 53.0
-6.2888756 32.869698 -0.20777343350 4.0 53.0
-6.2888756 32.869698 -0.20777343351 3.0 54.0
-5.9290013 33.391174 -0.41554686351 3.0 54.0
-5.9290013 33.391174 -0.41554686352 0.0 55.0
-5.3661137 33.54003 -0.7405303352 0.0 55.0
-5.3661137 33.54003 -0.7405303353 0.0 56.0
-4.716147 33.68889 -0.7405303353 0.0 56.0
-5.9290013 33.391174 -0.41554686354 2.0 55.0
-5.5134544 33.91265 -0.41554686354 2.0 55.0
-5.5134544 33.91265 -0.41554686355 1.0 56.0
-5.0979075 34.434128 -0.41554686355 1.0 56.0
-5.0979075 34.434128 -0.41554686356 0.0 57.0
-4.53502 34.582985 -0.7405303356 0.0 57.0
-4.53502 34.582985 -0.7405303357 0.0 58.0
-3.885053 34.731842 -0.7405303357 0.0 58.0
-5.0979075 34.434128 -0.41554686358 0.0 57.0
-5.0979075 35.10092 -0.41554686358 0.0 57.0
-5.0979075 35.10092 -0.41554686359 0.0 58.0
-5.0979075 35.767715 -0.41554686359 0.0 58.0
-6.64875 32.34822 0.0360 8.0 53.0
-6.64875 33.015015 0.0360 8.0 53.0
-6.64875 33.015015 0.0361 7.0 54.0
-6.64875 33.68181 0.0361 7.0 54.0
-6.64875 33.68181 0.0362 6.0 55.0
-6.64875 34.348602 0.0362 6.0 55.0
-6.64875 34.348602 0.0363 5.0 56.0
-6.64875 35.015396 0.0363 5.0 56.0
-6.64875 35.015396 0.0364 4.0 57.0
-6.2888756 35.536873 -0.20777343364 4.0 57.0
-6.2888756 35.536873 -0.20777343365 3.0 58.0
-5.9290013 36.05835 -0.41554686365 3.0 58.0
-5.9290013 36.05835 -0.41554686366 0.0 59.0
-5.3661137 36.207207 -0.7405303366 0.0 59.0
-5.3661137 36.207207 -0.7405303367 0.0 60.0
-4.716147 36.356064 -0.7405303367 0.0 60.0
-5.9290013 36.05835 -0.41554686368 2.0 59.0
-5.5134544 36.579826 -0.41554686368 2.0 59.0
-5.5134544 36.579826 -0.41554686369 1.0 60.0
-5.0979075 37.101303 -0.41554686369 1.0 60.0
-5.0979075 37.101303 -0.41554686370 0.0 61.0
-4.53502 37.25016 -0.7405303370 0.0 61.0
-4.53502 37.25016 -0.7405303371 0.0 62.0
-3.885053 37.399017 -0.7405303371 0.0 62.0
-5.0979075 37.101303 -0.41554686372 0.0 61.0
-5.0979075 37.768097 -0.41554686372 0.0 61.0
-5.0979075 37.768097 -0.41554686373 0.0 62.0
-5.0979075 38.43489 -0.41554686373 0.0 62.0
-6.64875 35.015396 0.0374 4.0 57.0
-7.0642967 35.536873 0.0374 4.0 57.0
-7.0642967 35.536873 0.0375 3.0 58.0
-7.4798436 36.05835 0.0375 3.0 58.0
-7.4798436 36.05835 0.0376 0.0 59.0
-7.4798436 36.725143 0.0376 0.0 59.0
-7.4798436 36.725143 0.0377 0.0 60.0
-7.4798436 37.391937 0.0377 0.0 60.0
-7.4798436 36.05835 0.0378 2.0 59.0
-7.8953905 36.579826 0.0378 2.0 59.0
-7.8953905 36.579826 0.0379 1.0 60.0
-8.310937 37.101303 0.0379 1.0 60.0
-8.310937 37.101303 0.0380 0.0 61.0
-8.310937 37.768097 0.0380 0.0 61.0
-8.310937 37.768097 0.0381 0.0 62.0
-8.310937 38.43489 0.0381 0.0 62.0
-8.310937 37.101303 0.0382 0.0 61.0
-8.960904 37.25016 0.0382 0.0 61.0
-8.960904 37.25016 0.0383 0.0 62.0
-9.610871 37.399017 0.0383 0.0 62.0
-6.64875 29.68104 0.0384 12.0 49.0
-7.2987165 29.829897 0.0384 12.0 49.0
-7.2987165 29.829897 0.0385 11.0 50.0
-7.9486833 29.978754 0.0385 11.0 50.0
-7.9486833 29.978754 0.0386 10.0 51.0
-8.59865 30.127611 0.0386 10.0 51.0
-8.59865 30.127611 0.0387 9.0 52.0
-9.248617 30.276468 0.0387 9.0 52.0
-9.248617 30.276468 0.0388 4.0 53.0
-9.608491 30.797943 0.20777343388 4.0 53.0
-9.608491 30.797943 0.20777343389 3.0 54.0
-9.968365 31.319418 0.41554686389 3.0 54.0
-9.968365 31.319418 0.41554686390 0.0 55.0
-9.968365 31.986214 0.41554686390 0.0 55.0
-9.968365 31.986214 0.41554686391 0.0 56.0
-9.968365 32.653008 0.41554686391 0.0 56.0
-9.968365 31.319418 0.41554686392 2.0 55.0
-10.383911 31.840893 0.41554686392 2.0 55.0
-10.383911 31.840893 0.41554686393 1.0 56.0
-10.799458 32.36237 0.41554686393 1.0 56.0
-10.799458 32.36237 0.41554686394 0.0 57.0
-10.799458 33.029163 0.41554686394 0.0 57.0
-10.799458 33.029163 0.41554686395 0.0 58.0
-10.799458 33.695957 0.41554686395 0.0 58.0
-10.799458 32.36237 0.41554686396 0.0 57.0
-11.449425 32.511227 0.41554686396 0.0 57.0
-11.449425 32.511227 0.41554686397 0.0 58.0
-12.099392 32.660084 0.41554686397 0.0 58.0
-9.248617 30.276468 0.0398 8.0 53.0
-9.898584 30.425325 0.0398 8.0 53.0
-9.898584 30.425325 0.0399 7.0 54.0
-10.548552 30.574183 0.0399 7.0 54.0
-10.548552 30.574183 0.0400 6.0 55.0
-11.198519 30.72304 0.0400 6.0 55.0
-11.198519 30.72304 0.0401 5.0 56.0
-11.848486 30.871897 0.0401 5.0 56.0
-11.848486 30.871897 0.0402 4.0 57.0
-12.20836 31.393372 0.20777343402 4.0 57.0
-12.20836 31.393372 0.20777343403 3.0 58.0
-12.5682335 31.914846 0.41554686403 3.0 58.0
-12.5682335 31.914846 0.41554686404 0.0 59.0
-12.5682335 32.581642 0.41554686404 0.0 59.0
-12.5682335 32.581642 0.41554686405 0.0 60.0
-12.5682335 33.248436 0.41554686405 0.0 60.0
-12.5682335 31.914846 0.41554686406 2.0 59.0
-12.98378 32.43632 0.41554686406 2.0 59.0
-12.98378 32.43632 0.41554686407 1.0 60.0
-13.399326 32.957798 0.41554686407 1.0 60.0
-13.399326 32.957798 0.41554686408 0.0 61.0
-13.399326 33.62459 0.41554686408 0.0 61.0
-13.399326 33.62459 0.41554686409 0.0 62.0
-13.399326 34.291386 0.41554686409 0.0 62.0
-13.399326 32.957798 0.41554686410 0.0 61.0
-14.0492935 33.106655 0.41554686410 0.0 61.0
-14.0492935 33.106655 0.41554686411 0.0 62.0
-14.699261 33.255512 0.41554686411 0.0 62.0
-11.848486 30.871897 0.0412 4.0 57.0
-12.449568 30.583252 0.0412 4.0 57.0
-12.449568 30.583252 0.0413 3.0 58.0
-13.05065 30.294607 0.0413 3.0 58.0
-13.05065 30.294607 0.0414 0.0 59.0
-13.613538 30.443464 0.32498345414 0.0 59.0
-13.613538 30.443464 0.32498345415 0.0 60.0
-14.263505 30.592321 0.32498345415 0.0 60.0
-13.05065 30.294607 0.0416 2.0 59.0
-13.6517315 30.005962 0.0416 2.0 59.0
-13.6517315 30.005962 0.0417 1.0 60.0
-14.252813 29.717318 0.0417 1.0 60.0
-14.252813 29.717318 0.0418 0.0 61.0
-14.8157015 29.866175 0.32498345418 0.0 61.0
-14.8157015 29.866175 0.32498345419 0.0 62.0
-15.465669 30.015032 0.32498345419 0.0 62.0
-14.252813 29.717318 0.0420 0.0 61.0
-14.543014 29.116985 0.0420 0.0 61.0
-14.543014 29.116985 0.0421 0.0 62.0
-14.833214 28.516653 0.0421 0.0 62.0
