0.0 0.0 0.00 60.0 1.0
0.0 1.9057733 0.00 60.0 1.0
0.0 1.9057733 0.01 59.0 2.0
0.0 3.8115466 0.01 59.0 2.0
0.0 3.8115466 0.02 58.0 3.0
0.0 5.71732 0.02 58.0 3.0
0.0 5.71732 0.03 57.0 4.0
0.0 7.623093 0.03 57.0 4.0
0.0 7.623093 0.04 56.0 5.0
0.0 9.528867 0.04 56.0 5.0
0.0 9.528867 0.05 55.0 6.0
0.0 11.43464 0.05 55.0 6.0
0.0 11.43464 0.06 54.0 7.0
0.0 13.340413 0.06 54.0 7.0
0.0 13.340413 0.07 53.0 8.0
0.0 15.246186 0.07 53.0 8.0
0.0 15.246186 0.08 52.0 9.0
0.0 17.15196 0.08 52.0 9.0
0.0 17.15196 0.09 51.0 10.0
0.0 19.057734 0.09 51.0 10.0
0.0 19.057734 0.010 50.0 11.0
0.0 20.963507 0.010 50.0 11.0
0.0 20.963507 0.011 49.0 12.0
0.0 22.86928 0.011 49.0 12.0
0.0 22.86928 0.012 48.0 13.0
0.0 24.775053 0.012 48.0 13.0
0.0 24.775053 0.013 47.0 14.0
0.0 26.680826 0.013 47.0 14.0
0.0 26.680826 0.014 46.0 15.0
0.0 28.5866 0.014 46.0 15.0
0.0 28.5866 0.015 45.0 16.0
0.0 30.492373 0.015 45.0 16.0
0.0 30.492373 0.016 28.0 17.0
-0.35257614 32.354153 0.2035599216 28.0 17.0
-0.35257614 32.354153 0.2035599217 27.0 18.0
-0.7051523 34.21593 0.4071198417 27.0 18.0
-0.7051523 34.21593 0.4071198418 26.0 19.0
-1.0577284 36.07771 0.6106797518 26.0 19.0
-1.0577284 36.07771 0.6106797519 25.0 20.0
-1.4103045 37.939487 0.814239719 25.0 20.0
-1.4103045 37.939487 0.814239720 24.0 21.0
-1.7628807 39.801266 1.017799620 24.0 21.0
-1.7628807 39.801266 1.017799621 23.0 22.0
-2.1154568 41.663044 1.221359521 23.0 22.0
-2.1154568 41.663044 1.221359522 22.0 23.0
-2.4680328 43.524822 1.424919422 22.0 23.0
-2.4680328 43.524822 1.424919423 21.0 24.0
-2.820609 45.3866 1.628479223 21.0 24.0
-2.820609 45.3866 1.628479224 12.0 25.0
-2.820609 47.292374 1.628479224 12.0 25.0
-2.820609 47.292374 1.628479225 11.0 26.0
-2.820609 49.198147 1.628479225 11.0 26.0
-2.820609 49.198147 1.628479226 10.0 27.0
-2.820609 51.10392 1.628479226 10.0 27.0
-2.820609 51.10392 1.628479227 9.0 28.0
-2.820609 53.009693 1.628479227 9.0 28.0
-2.820609 53.009693 1.628479228 4.0 29.0
-2.4680328 54.87147 1.424919428 4.0 29.0
-2.4680328 54.87147 1.424919429 3.0 30.0
-2.1154566 56.73325 1.221359529 3.0 30.0
-2.1154566 56.73325 1.221359530 0.0 31.0
-1.4265822 58.46508 0.8236376630 0.0 31.0
-1.4265822 58.46508 0.8236376631 0.0 32.0
-0.63113856 60.19691 0.8236376631 0.0 32.0
-2.1154566 56.73325 1.221359532 2.0 31.0
-1.7083367 58.595028 1.221359532 2.0 31.0
-1.7083367 58.595028 1.221359533 1.0 32.0
-1.3012168 60.456806 1.221359533 1.0 32.0
-1.3012168 60.456806 1.221359534 0.0 33.0
-0.6123425 62.188637 0.8236376634 0.0 33.0
-0.6123425 62.188637 0.8236376635 0.0 34.0
0.18310118 63.920467 0.8236376635 0.0 34.0
-1.3012168 60.456806 1.221359536 0.0 33.0
-1.3012168 62.36258 1.221359536 0.0 33.0
-1.3012168 62.36258 1.221359537 0.0 34.0
-1.3012168 64.26836 1.221359537 0.0 34.0
-2.820609 53.009693 1.628479238 8.0 29.0
-2.820609 54.915466 1.628479238 8.0 29.0
-2.820609 54.915466 1.628479239 7.0 30.0
-2.820609 56.82124 1.628479239 7.0 30.0
-2.820609 56.82124 1.628479240 6.0 31.0
-2.820609 58.727013 1.628479240 6.0 31.0
-2.820609 58.727013 1.628479241 5.0 32.0
-2.820609 60.632786 1.628479241 5.0 32.0
-2.820609 60.632786 1.628479242 4.0 33.0
-2.4680328 62.494564 1.424919442 4.0 33.0
-2.4680328 62.494564 1.424919443 3.0 34.0
-2.1154566 64.356346 1.221359543 3.0 34.0
-2.1154566 64.356346 1.221359544 0.0 35.0
-1.4265822 66.08818 0.8236376644 0.0 35.0
-1.4265822 66.08818 0.8236376645 0.0 36.0
-0.63113856 67.820015 0.8236376645 0.0 36.0
-2.1154566 64.356346 1.221359546 2.0 35.0
-1.7083367 66.218124 1.221359546 2.0 35.0
-1.7083367 66.218124 1.221359547 1.0 36.0
-1.3012168 68.0799 1.221359547 1.0 36.0
-1.3012168 68.0799 1.221359548 0.0 37.0
-0.6123425 69.81174 0.8236376648 0.0 37.0
-0.6123425 69.81174 0.8236376649 0.0 38.0
0.18310118 71.54357 0.8236376649 0.0 38.0
-1.3012168 68.0799 1.221359550 0.0 37.0
-1.3012168 69.98568 1.221359550 0.0 37.0
-1.3012168 69.98568 1.221359551 0.0 38.0
-1.3012168 71.89146 1.221359551 0.0 38.0
-2.820609 60.632786 1.628479252 4.0 33.0
-3.2277288 62.494564 1.628479252 4.0 33.0
-3.2277288 62.494564 1.628479253 3.0 34.0
-3.6348486 64.356346 1.628479253 3.0 34.0
-3.6348486 64.356346 1.628479254 0.0 35.0
-3.6348486 66.26212 1.628479254 0.0 35.0
-3.6348486 66.26212 1.628479255 0.0 36.0
-3.6348486 68.1679 1.628479255 0.0 36.0
-3.6348486 64.356346 1.628479256 2.0 35.0
-4.0419683 66.218124 1.628479256 2.0 35.0
-4.0419683 66.218124 1.628479257 1.0 36.0
-4.449088 68.0799 1.628479257 1.0 36.0
-4.449088 68.0799 1.628479258 0.0 37.0
-4.449088 69.98568 1.628479258 0.0 37.0
-4.449088 69.98568 1.628479259 0.0 38.0
-4.449088 71.89146 1.628479259 0.0 38.0
-4.449088 68.0799 1.628479260 0.0 37.0
-5.2445316 69.81174 1.628479260 0.0 37.0
-5.2445316 69.81174 1.628479261 0.0 38.0
-6.039975 71.54357 1.628479261 0.0 38.0
-2.820609 45.3866 1.628479262 20.0 25.0
-3.2277288 47.24838 1.628479262 20.0 25.0
-3.2277288 47.24838 1.628479263 19.0 26.0
-3.6348486 49.110157 1.628479263 19.0 26.0
-3.6348486 49.110157 1.628479264 18.0 27.0
-4.0419683 50.971935 1.628479264 18.0 27.0
-4.0419683 50.971935 1.628479265 17.0 28.0
-4.449088 52.833714 1.628479265 17.0 28.0
-4.449088 52.833714 1.628479266 16.0 29.0
-4.856208 54.69549 1.628479266 16.0 29.0
-4.856208 54.69549 1.628479267 15.0 30.0
-5.2633276 56.55727 1.628479267 15.0 30.0
-5.2633276 56.55727 1.628479268 14.0 31.0
-5.6704473 58.41905 1.628479268 14.0 31.0
-5.6704473 58.41905 1.628479269 13.0 32.0
-6.077567 60.280827 1.628479269 13.0 32.0
-6.077567 60.280827 1.628479270 12.0 33.0
-6.077567 62.1866 1.628479270 12.0 33.0
-6.077567 62.1866 1.628479271 11.0 34.0
-6.077567 64.09238 1.628479271 11.0 34.0
-6.077567 64.09238 1.628479272 10.0 35.0
-6.077567 65.99815 1.628479272 10.0 35.0
-6.077567 65.99815 1.628479273 9.0 36.0
-6.077567 67.90393 1.628479273 9.0 36.0
-6.077567 67.90393 1.628479274 4.0 37.0
-5.724991 69.76571 1.424919474 4.0 37.0
-5.724991 69.76571 1.424919475 3.0 38.0
-5.3724146 71.62749 1.221359575 3.0 38.0
-5.3724146 71.62749 1.221359576 0.0 39.0
-4.6835403 73.35932 0.8236376676 0.0 39.0
-4.6835403 73.35932 0.8236376677 0.0 40.0
-3.8880968 75.091156 0.8236376677 0.0 40.0
-5.3724146 71.62749 1.221359578 2.0 39.0
-4.965295 73.489265 1.221359578 2.0 39.0
-4.965295 73.489265 1.221359579 1.0 40.0
-4.558175 75.35104 1.221359579 1.0 40.0
-4.558175 75.35104 1.221359580 0.0 41.0
-3.8693008 77.08288 0.8236376680 0.0 41.0
-3.8693008 77.08288 0.8236376681 0.0 42.0
-3.0738573 78.81471 0.8236376681 0.0 42.0
-4.558175 75.35104 1.221359582 0.0 41.0
-4.558175 77.25682 1.221359582 0.0 41.0
-4.558175 77.25682 1.221359583 0.0 42.0
-4.558175 79.1626 1.221359583 0.0 42.0
-6.077567 67.90393 1.628479284 8.0 37.0
-6.077567 69.80971 1.628479284 8.0 37.0
-6.077567 69.80971 1.628479285 7.0 38.0
-6.077567 71.715485 1.628479285 7.0 38.0
-6.077567 71.715485 1.628479286 6.0 39.0
-6.077567 73.62126 1.628479286 6.0 39.0
-6.077567 73.62126 1.628479287 5.0 40.0
-6.077567 75.52704 1.628479287 5.0 40.0
-6.077567 75.52704 1.628479288 4.0 41.0
-5.724991 77.38882 1.424919488 4.0 41.0
-5.724991 77.38882 1.424919489 3.0 42.0
-5.3724146 79.250595 1.221359589 3.0 42.0
-5.3724146 79.250595 1.221359590 0.0 43.0
-4.6835403 80.98243 0.8236376690 0.0 43.0
-4.6835403 80.98243 0.8236376691 0.0 44.0
-3.8880968 82.714264 0.8236376691 0.0 44.0
-5.3724146 79.250595 1.221359592 2.0 43.0
-4.965295 81.11237 1.221359592 2.0 43.0
-4.965295 81.11237 1.221359593 1.0 44.0
-4.558175 82.97415 1.221359593 1.0 44.0
-4.558175 82.97415 1.221359594 0.0 45.0
-3.8693008 84.705986 0.8236376694 0.0 45.0
-3.8693008 84.705986 0.8236376695 0.0 46.0
-3.0738573 86.43782 0.8236376695 0.0 46.0
-4.558175 82.97415 1.221359596 0.0 45.0
-4.558175 84.87993 1.221359596 0.0 45.0
-4.558175 84.87993 1.221359597 0.0 46.0
-4.558175 86.785706 1.221359597 0.0 46.0
-6.077567 75.52704 1.628479298 4.0 41.0
-6.484687 77.38882 1.628479298 4.0 41.0
-6.484687 77.38882 1.628479299 3.0 42.0
-6.8918066 79.250595 1.628479299 3.0 42.0
-6.8918066 79.250595 1.6284792100 0.0 43.0
-6.8918066 81.15637 1.6284792100 0.0 43.0
-6.8918066 81.15637 1.6284792101 0.0 44.0
-6.8918066 83.06215 1.6284792101 0.0 44.0
-6.8918066 79.250595 1.6284792102 2.0 43.0
-7.2989264 81.11237 1.6284792102 2.0 43.0
-7.2989264 81.11237 1.6284792103 1.0 44.0
-7.706046 82.97415 1.6284792103 1.0 44.0
-7.706046 82.97415 1.6284792104 0.0 45.0
-7.706046 84.87993 1.6284792104 0.0 45.0
-7.706046 84.87993 1.6284792105 0.0 46.0
-7.706046 86.785706 1.6284792105 0.0 46.0
-7.706046 82.97415 1.6284792106 0.0 45.0
-8.50149 84.705986 1.6284792106 0.0 45.0
-8.50149 84.705986 1.6284792107 0.0 46.0
-9.296933 86.43782 1.6284792107 0.0 46.0
-6.077567 60.280827 1.6284792108 12.0 33.0
-6.8730106 62.012657 1.6284792108 12.0 33.0
-6.8730106 62.012657 1.6284792109 11.0 34.0
-7.668454 63.744488 1.6284792109 11.0 34.0
-7.668454 63.744488 1.6284792110 10.0 35.0
-8.463898 65.47632 1.6284792110 10.0 35.0
-8.463898 65.47632 1.6284792111 9.0 36.0
-9.259341 67.20815 1.6284792111 9.0 36.0
-9.259341 67.20815 1.6284792112 4.0 37.0
-9.6119175 69.06993 1.8320391112 4.0 37.0
-9.6119175 69.06993 1.8320391113 3.0 38.0
-9.964494 70.93171 2.035599113 3.0 38.0
-9.964494 70.93171 2.035599114 0.0 39.0
-9.964494 72.83749 2.035599114 0.0 39.0
-9.964494 72.83749 2.035599115 0.0 40.0
-9.964494 74.74326 2.035599115 0.0 40.0
-9.964494 70.93171 2.035599116 2.0 39.0
-10.3716135 72.79349 2.035599116 2.0 39.0
-10.3716135 72.79349 2.035599117 1.0 40.0
-10.778733 74.655266 2.035599117 1.0 40.0
-10.778733 74.655266 2.035599118 0.0 41.0
-10.778733 76.56104 2.035599118 0.0 41.0
-10.778733 76.56104 2.035599119 0.0 42.0
-10.778733 78.46682 2.035599119 0.0 42.0
-10.778733 74.655266 2.035599120 0.0 41.0
-11.574177 76.3871 2.035599120 0.0 41.0
-11.574177 76.3871 2.035599121 0.0 42.0
-12.36962 78.118935 2.035599121 0.0 42.0
-9.259341 67.20815 1.6284792122 8.0 37.0
-10.054785 68.93999 1.6284792122 8.0 37.0
-10.054785 68.93999 1.6284792123 7.0 38.0
-10.850228 70.67182 1.6284792123 7.0 38.0
-10.850228 70.67182 1.6284792124 6.0 39.0
-11.645672 72.403656 1.6284792124 6.0 39.0
-11.645672 72.403656 1.6284792125 5.0 40.0
-12.441115 74.13549 1.6284792125 5.0 40.0
-12.441115 74.13549 1.6284792126 4.0 41.0
-12.793692 75.99727 1.8320391126 4.0 41.0
-12.793692 75.99727 1.8320391127 3.0 42.0
-13.146268 77.85905 2.035599127 3.0 42.0
-13.146268 77.85905 2.035599128 0.0 43.0
-13.146268 79.764824 2.035599128 0.0 43.0
-13.146268 79.764824 2.035599129 0.0 44.0
-13.146268 81.6706 2.035599129 0.0 44.0
-13.146268 77.85905 2.035599130 2.0 43.0
-13.553388 79.720825 2.035599130 2.0 43.0
-13.553388 79.720825 2.035599131 1.0 44.0
-13.960507 81.5826 2.035599131 1.0 44.0
-13.960507 81.5826 2.035599132 0.0 45.0
-13.960507 83.48838 2.035599132 0.0 45.0
-13.960507 83.48838 2.035599133 0.0 46.0
-13.960507 85.39416 2.035599133 0.0 46.0
-13.960507 81.5826 2.035599134 0.0 45.0
-14.755951 83.31444 2.035599134 0.0 45.0
-14.755951 83.31444 2.035599135 0.0 46.0
-15.551394 85.04627 2.035599135 0.0 46.0
-12.441115 74.13549 1.6284792136 4.0 41.0
-13.588159 75.65742 1.6284792136 4.0 41.0
-13.588159 75.65742 1.6284792137 3.0 42.0
-14.735202 77.179344 1.6284792137 3.0 42.0
-14.735202 77.179344 1.6284792138 0.0 43.0
-15.424076 78.91118 2.026201138 0.0 43.0
-15.424076 78.91118 2.026201139 0.0 44.0
-16.21952 80.64301 2.026201139 0.0 44.0
-14.735202 77.179344 1.6284792140 2.0 43.0
-15.882245 78.70127 1.6284792140 2.0 43.0
-15.882245 78.70127 1.6284792141 1.0 44.0
-17.02929 80.2232 1.6284792141 1.0 44.0
-17.02929 80.2232 1.6284792142 0.0 45.0
-17.718164 81.95503 2.026201142 0.0 45.0
-17.718164 81.95503 2.026201143 0.0 46.0
-18.513609 83.68687 2.026201143 0.0 46.0
-17.02929 80.2232 1.6284792144 0.0 45.0
-18.474976 81.46496 1.6284792144 0.0 45.0
-18.474976 81.46496 1.6284792145 0.0 46.0
-19.920662 82.70672 1.6284792145 0.0 46.0
0.0 30.492373 0.0146 44.0 17.0
0.0 32.398148 0.0146 44.0 17.0
0.0 32.398148 0.0147 43.0 18.0
0.0 34.30392 0.0147 43.0 18.0
0.0 34.30392 0.0148 42.0 19.0
0.0 36.209694 0.0148 42.0 19.0
0.0 36.209694 0.0149 41.0 20.0
0.0 38.115467 0.0149 41.0 20.0
0.0 38.115467 0.0150 40.0 21.0
0.0 40.02124 0.0150 40.0 21.0
0.0 40.02124 0.0151 39.0 22.0
0.0 41.927013 0.0151 39.0 22.0
0.0 41.927013 0.0152 38.0 23.0
0.0 43.832787 0.0152 38.0 23.0
0.0 43.832787 0.0153 37.0 24.0
0.0 45.73856 0.0153 37.0 24.0
0.0 45.73856 0.0154 36.0 25.0
0.0 47.644333 0.0154 36.0 25.0
0.0 47.644333 0.0155 35.0 26.0
0.0 49.550106 0.0155 35.0 26.0
0.0 49.550106 0.0156 34.0 27.0
0.0 51.45588 0.0156 34.0 27.0
0.0 51.45588 0.0157 33.0 28.0
0.0 53.361652 0.0157 33.0 28.0
0.0 53.361652 0.0158 32.0 29.0
0.0 55.267426 0.0158 32.0 29.0
0.0 55.267426 0.0159 31.0 30.0
0.0 57.1732 0.0159 31.0 30.0
0.0 57.1732 0.0160 30.0 31.0
0.0 59.07897 0.0160 30.0 31.0
0.0 59.07897 0.0161 29.0 32.0
0.0 60.984745 0.0161 29.0 32.0
0.0 60.984745 0.0162 28.0 33.0
0.35257614 62.846523 -0.20355992162 28.0 33.0
0.35257614 62.846523 -0.20355992163 27.0 34.0
0.7051523 64.708305 -0.40711984163 27.0 34.0
0.7051523 64.708305 -0.40711984164 26.0 35.0
1.0577284 66.57008 -0.61067975164 26.0 35.0
1.0577284 66.57008 -0.61067975165 25.0 36.0
1.4103045 68.43186 -0.8142397165 25.0 36.0
1.4103045 68.43186 -0.8142397166 24.0 37.0
1.7628807 70.29364 -1.0177996166 24.0 37.0
1.7628807 70.29364 -1.0177996167 23.0 38.0
2.1154568 72.15542 -1.2213595167 23.0 38.0
2.1154568 72.15542 -1.2213595168 22.0 39.0
2.4680328 74.0172 -1.4249194168 22.0 39.0
2.4680328 74.0172 -1.4249194169 21.0 40.0
2.820609 75.878975 -1.6284792169 21.0 40.0
2.820609 75.878975 -1.6284792170 12.0 41.0
3.5094833 77.61081 -2.026201170 12.0 41.0
3.5094833 77.61081 -2.026201171 11.0 42.0
4.1983576 79.34264 -2.4239228171 11.0 42.0
4.1983576 79.34264 -2.4239228172 10.0 43.0
4.887232 81.07448 -2.8216445172 10.0 43.0
4.887232 81.07448 -2.8216445173 9.0 44.0
5.576106 82.80631 -3.2193663173 9.0 44.0
5.576106 82.80631 -3.2193663174 4.0 45.0
6.5694747 84.32824 -3.792888174 4.0 45.0
6.5694747 84.32824 -3.792888175 3.0 46.0
7.5628433 85.85017 -4.3664093175 3.0 46.0
7.5628433 85.85017 -4.3664093176 0.0 47.0
8.814844 87.09193 -5.089252176 0.0 47.0
8.814844 87.09193 -5.089252177 0.0 48.0
10.2605295 88.33369 -5.089252177 0.0 48.0
7.5628433 85.85017 -4.3664093178 2.0 47.0
8.709887 87.37209 -4.3664093178 2.0 47.0
8.709887 87.37209 -4.3664093179 1.0 48.0
9.85693 88.89402 -4.3664093179 1.0 48.0
9.85693 88.89402 -4.3664093180 0.0 49.0
11.108931 90.13578 -5.089252180 0.0 49.0
11.108931 90.13578 -5.089252181 0.0 50.0
12.554616 91.37754 -5.089252181 0.0 50.0
9.85693 88.89402 -4.3664093182 0.0 49.0
10.652373 90.625854 -4.3664093182 0.0 49.0
10.652373 90.625854 -4.3664093183 0.0 50.0
11.447817 92.35769 -4.3664093183 0.0 50.0
5.576106 82.80631 -3.2193663184 8.0 45.0
6.3715496 84.53815 -3.2193663184 8.0 45.0
6.3715496 84.53815 -3.2193663185 7.0 46.0
7.166993 86.26998 -3.2193663185 7.0 46.0
7.166993 86.26998 -3.2193663186 6.0 47.0
7.9624367 88.001816 -3.2193663186 6.0 47.0
7.9624367 88.001816 -3.2193663187 5.0 48.0
8.75788 89.73365 -3.2193663187 5.0 48.0
8.75788 89.73365 -3.2193663188 4.0 49.0
9.751248 91.25558 -3.792888188 4.0 49.0
9.751248 91.25558 -3.792888189 3.0 50.0
10.7446165 92.777504 -4.3664093189 3.0 50.0
10.7446165 92.777504 -4.3664093190 0.0 51.0
11.996617 94.019264 -5.089252190 0.0 51.0
11.996617 94.019264 -5.089252191 0.0 52.0
13.442303 95.261024 -5.089252191 0.0 52.0
10.7446165 92.777504 -4.3664093192 2.0 51.0
11.89166 94.29943 -4.3664093192 2.0 51.0
11.89166 94.29943 -4.3664093193 1.0 52.0
13.038703 95.82136 -4.3664093193 1.0 52.0
13.038703 95.82136 -4.3664093194 0.0 53.0
14.290704 97.06312 -5.089252194 0.0 53.0
14.290704 97.06312 -5.089252195 0.0 54.0
15.736389 98.30488 -5.089252195 0.0 54.0
13.038703 95.82136 -4.3664093196 0.0 53.0
13.8341465 97.55319 -4.3664093196 0.0 53.0
13.8341465 97.55319 -4.3664093197 0.0 54.0
14.62959 99.28503 -4.3664093197 0.0 54.0
8.75788 89.73365 -3.2193663198 4.0 49.0
9.165 91.59543 -3.2193663198 4.0 49.0
9.165 91.59543 -3.2193663199 3.0 50.0
9.57212 93.45721 -3.2193663199 3.0 50.0
9.57212 93.45721 -3.2193663200 0.0 51.0
10.260994 95.18904 -3.617088200 0.0 51.0
10.260994 95.18904 -3.617088201 0.0 52.0
11.0564375 96.920876 -3.617088201 0.0 52.0
9.57212 93.45721 -3.2193663202 2.0 51.0
9.979239 95.318985 -3.2193663202 2.0 51.0
9.979239 95.318985 -3.2193663203 1.0 52.0
10.386359 97.18076 -3.2193663203 1.0 52.0
10.386359 97.18076 -3.2193663204 0.0 53.0
11.075233 98.9126 -3.617088204 0.0 53.0
11.075233 98.9126 -3.617088205 0.0 54.0
11.870677 100.64443 -3.617088205 0.0 54.0
10.386359 97.18076 -3.2193663206 0.0 53.0
10.386359 99.08654 -3.2193663206 0.0 53.0
10.386359 99.08654 -3.2193663207 0.0 54.0
10.386359 100.99232 -3.2193663207 0.0 54.0
2.820609 75.878975 -1.6284792208 20.0 41.0
3.2277288 77.74075 -1.6284792208 20.0 41.0
3.2277288 77.74075 -1.6284792209 19.0 42.0
3.6348486 79.60253 -1.6284792209 19.0 42.0
3.6348486 79.60253 -1.6284792210 18.0 43.0
4.0419683 81.46431 -1.6284792210 18.0 43.0
4.0419683 81.46431 -1.6284792211 17.0 44.0
4.449088 83.32609 -1.6284792211 17.0 44.0
4.449088 83.32609 -1.6284792212 16.0 45.0
4.856208 85.18787 -1.6284792212 16.0 45.0
4.856208 85.18787 -1.6284792213 15.0 46.0
5.2633276 87.049644 -1.6284792213 15.0 46.0
5.2633276 87.049644 -1.6284792214 14.0 47.0
5.6704473 88.91142 -1.6284792214 14.0 47.0
5.6704473 88.91142 -1.6284792215 13.0 48.0
6.077567 90.7732 -1.6284792215 13.0 48.0
6.077567 90.7732 -1.6284792216 12.0 49.0
6.7664413 92.505035 -2.026201216 12.0 49.0
6.7664413 92.505035 -2.026201217 11.0 50.0
7.4553156 94.23687 -2.4239228217 11.0 50.0
7.4553156 94.23687 -2.4239228218 10.0 51.0
8.14419 95.968704 -2.8216445218 10.0 51.0
8.14419 95.968704 -2.8216445219 9.0 52.0
8.833064 97.70054 -3.2193663219 9.0 52.0
8.833064 97.70054 -3.2193663220 4.0 53.0
9.826432 99.222466 -3.792888220 4.0 53.0
9.826432 99.222466 -3.792888221 3.0 54.0
10.8198 100.74439 -4.3664093221 3.0 54.0
10.8198 100.74439 -4.3664093222 0.0 55.0
12.071801 101.98615 -5.089252222 0.0 55.0
12.071801 101.98615 -5.089252223 0.0 56.0
13.517487 103.22791 -5.089252223 0.0 56.0
10.8198 100.74439 -4.3664093224 2.0 55.0
11.966844 102.26632 -4.3664093224 2.0 55.0
11.966844 102.26632 -4.3664093225 1.0 56.0
13.113887 103.788246 -4.3664093225 1.0 56.0
13.113887 103.788246 -4.3664093226 0.0 57.0
14.365888 105.03001 -5.089252226 0.0 57.0
14.365888 105.03001 -5.089252227 0.0 58.0
15.811573 106.27177 -5.089252227 0.0 58.0
13.113887 103.788246 -4.3664093228 0.0 57.0
13.90933 105.52008 -4.3664093228 0.0 57.0
13.90933 105.52008 -4.3664093229 0.0 58.0
14.704774 107.251915 -4.3664093229 0.0 58.0
8.833064 97.70054 -3.2193663230 8.0 53.0
9.628508 99.43237 -3.2193663230 8.0 53.0
9.628508 99.43237 -3.2193663231 7.0 54.0
10.423951 101.16421 -3.2193663231 7.0 54.0
10.423951 101.16421 -3.2193663232 6.0 55.0
11.219395 102.89604 -3.2193663232 6.0 55.0
11.219395 102.89604 -3.2193663233 5.0 56.0
12.014838 104.62788 -3.2193663233 5.0 56.0
12.014838 104.62788 -3.2193663234 4.0 57.0
13.008206 106.1498 -3.792888234 4.0 57.0
13.008206 106.1498 -3.792888235 3.0 58.0
14.0015745 107.67173 -4.3664093235 3.0 58.0
14.0015745 107.67173 -4.3664093236 0.0 59.0
15.253575 108.91349 -5.089252236 0.0 59.0
15.253575 108.91349 -5.089252237 0.0 60.0
16.69926 110.15525 -5.089252237 0.0 60.0
14.0015745 107.67173 -4.3664093238 2.0 59.0
15.148618 109.19366 -4.3664093238 2.0 59.0
15.148618 109.19366 -4.3664093239 1.0 60.0
16.295662 110.71558 -4.3664093239 1.0 60.0
16.295662 110.71558 -4.3664093240 0.0 61.0
17.547663 111.957344 -5.089252240 0.0 61.0
17.547663 111.957344 -5.089252241 0.0 62.0
18.99335 113.199104 -5.089252241 0.0 62.0
16.295662 110.71558 -4.3664093242 0.0 61.0
17.091106 112.44742 -4.3664093242 0.0 61.0
17.091106 112.44742 -4.3664093243 0.0 62.0
17.88655 114.17925 -4.3664093243 0.0 62.0
12.014838 104.62788 -3.2193663244 4.0 57.0
12.421958 106.489655 -3.2193663244 4.0 57.0
12.421958 106.489655 -3.2193663245 3.0 58.0
12.829078 108.35143 -3.2193663245 3.0 58.0
12.829078 108.35143 -3.2193663246 0.0 59.0
13.517952 110.08327 -3.617088246 0.0 59.0
13.517952 110.08327 -3.617088247 0.0 60.0
14.3133955 111.8151 -3.617088247 0.0 60.0
12.829078 108.35143 -3.2193663248 2.0 59.0
13.236197 110.21321 -3.2193663248 2.0 59.0
13.236197 110.21321 -3.2193663249 1.0 60.0
13.643317 112.07499 -3.2193663249 1.0 60.0
13.643317 112.07499 -3.2193663250 0.0 61.0
14.332191 113.80682 -3.617088250 0.0 61.0
14.332191 113.80682 -3.617088251 0.0 62.0
15.127635 115.53866 -3.617088251 0.0 62.0
13.643317 112.07499 -3.2193663252 0.0 61.0
13.643317 113.98077 -3.2193663252 0.0 61.0
13.643317 113.98077 -3.2193663253 0.0 62.0
13.643317 115.88654 -3.2193663253 0.0 62.0
6.077567 90.7732 -1.6284792254 12.0 49.0
6.077567 92.67898 -1.6284792254 12.0 49.0
6.077567 92.67898 -1.6284792255 11.0 50.0
6.077567 94.584755 -1.6284792255 11.0 50.0
6.077567 94.584755 -1.6284792256 10.0 51.0
6.077567 96.49053 -1.6284792256 10.0 51.0
6.077567 96.49053 -1.6284792257 9.0 52.0
6.077567 98.39631 -1.6284792257 9.0 52.0
6.077567 98.39631 -1.6284792258 4.0 53.0
6.4301434 100.25809 -1.8320391258 4.0 53.0
6.4301434 100.25809 -1.8320391259 3.0 54.0
6.7827196 102.119865 -2.035599259 3.0 54.0
6.7827196 102.119865 -2.035599260 0.0 55.0
7.471594 103.8517 -2.4333208260 0.0 55.0
7.471594 103.8517 -2.4333208261 0.0 56.0
8.267037 105.583534 -2.4333208261 0.0 56.0
6.7827196 102.119865 -2.035599262 2.0 55.0
7.1898394 103.98164 -2.035599262 2.0 55.0
7.1898394 103.98164 -2.035599263 1.0 56.0
7.596959 105.84342 -2.035599263 1.0 56.0
7.596959 105.84342 -2.035599264 0.0 57.0
8.285833 107.57526 -2.4333208264 0.0 57.0
8.285833 107.57526 -2.4333208265 0.0 58.0
9.081277 109.30709 -2.4333208265 0.0 58.0
7.596959 105.84342 -2.035599266 0.0 57.0
7.596959 107.7492 -2.035599266 0.0 57.0
7.596959 107.7492 -2.035599267 0.0 58.0
7.596959 109.654976 -2.035599267 0.0 58.0
6.077567 98.39631 -1.6284792268 8.0 53.0
6.077567 100.302086 -1.6284792268 8.0 53.0
6.077567 100.302086 -1.6284792269 7.0 54.0
6.077567 102.20786 -1.6284792269 7.0 54.0
6.077567 102.20786 -1.6284792270 6.0 55.0
6.077567 104.11364 -1.6284792270 6.0 55.0
6.077567 104.11364 -1.6284792271 5.0 56.0
6.077567 106.01942 -1.6284792271 5.0 56.0
6.077567 106.01942 -1.6284792272 4.0 57.0
6.4301434 107.881195 -1.8320391272 4.0 57.0
6.4301434 107.881195 -1.8320391273 3.0 58.0
6.7827196 109.74297 -2.035599273 3.0 58.0
6.7827196 109.74297 -2.035599274 0.0 59.0
7.471594 111.47481 -2.4333208274 0.0 59.0
7.471594 111.47481 -2.4333208275 0.0 60.0
8.267037 113.20664 -2.4333208275 0.0 60.0
6.7827196 109.74297 -2.035599276 2.0 59.0
7.1898394 111.60475 -2.035599276 2.0 59.0
7.1898394 111.60475 -2.035599277 1.0 60.0
7.596959 113.46653 -2.035599277 1.0 60.0
7.596959 113.46653 -2.035599278 0.0 61.0
8.285833 115.198364 -2.4333208278 0.0 61.0
8.285833 115.198364 -2.4333208279 0.0 62.0
9.081277 116.9302 -2.4333208279 0.0 62.0
7.596959 113.46653 -2.035599280 0.0 61.0
7.596959 115.37231 -2.035599280 0.0 61.0
7.596959 115.37231 -2.035599281 0.0 62.0
7.596959 117.27808 -2.035599281 0.0 62.0
6.077567 106.01942 -1.6284792282 4.0 57.0
5.6704473 107.881195 -1.6284792282 4.0 57.0
5.6704473 107.881195 -1.6284792283 3.0 58.0
5.2633276 109.74297 -1.6284792283 3.0 58.0
5.2633276 109.74297 -1.6284792284 0.0 59.0
5.2633276 111.64875 -1.6284792284 0.0 59.0
5.2633276 111.64875 -1.6284792285 0.0 60.0
5.2633276 113.55453 -1.6284792285 0.0 60.0
5.2633276 109.74297 -1.6284792286 2.0 59.0
4.856208 111.60475 -1.6284792286 2.0 59.0
4.856208 111.60475 -1.6284792287 1.0 60.0
4.449088 113.46653 -1.6284792287 1.0 60.0
4.449088 113.46653 -1.6284792288 0.0 61.0
4.449088 115.37231 -1.6284792288 0.0 61.0
4.449088 115.37231 -1.6284792289 0.0 62.0
4.449088 117.27808 -1.6284792289 0.0 62.0
4.449088 113.46653 -1.6284792290 0.0 61.0
3.6536446 115.198364 -1.6284792290 0.0 61.0
3.6536446 115.198364 -1.6284792291 0.0 62.0
2.858201 116.9302 -1.6284792291 0.0 62.0
0.0 60.984745 0.0292 28.0 33.0
-0.40711984 62.846523 0.0292 28.0 33.0
-0.40711984 62.846523 0.0293 27.0 34.0
-0.8142397 64.708305 0.0293 27.0 34.0
-0.8142397 64.708305 0.0294 26.0 35.0
-1.2213595 66.57008 0.0294 26.0 35.0
-1.2213595 66.57008 0.0295 25.0 36.0
-1.6284794 68.43186 0.0295 25.0 36.0
-1.6284794 68.43186 0.0296 24.0 37.0
-2.0355992 70.29364 0.0296 24.0 37.0
-2.0355992 70.29364 0.0297 23.0 38.0
-2.442719 72.15542 0.0297 23.0 38.0
-2.442719 72.15542 0.0298 22.0 39.0
-2.8498387 74.0172 0.0298 22.0 39.0
-2.8498387 74.0172 0.0299 21.0 40.0
-3.2569585 75.878975 0.0299 21.0 40.0
-3.2569585 75.878975 0.0300 12.0 41.0
-3.2569585 77.78475 0.0300 12.0 41.0
-3.2569585 77.78475 0.0301 11.0 42.0
-3.2569585 79.69053 0.0301 11.0 42.0
-3.2569585 79.69053 0.0302 10.0 43.0
-3.2569585 81.596306 0.0302 10.0 43.0
-3.2569585 81.596306 0.0303 9.0 44.0
-3.2569585 83.50208 0.0303 9.0 44.0
-3.2569585 83.50208 0.0304 4.0 45.0
-2.9043822 85.36386 -0.20355992304 4.0 45.0
-2.9043822 85.36386 -0.20355992305 3.0 46.0
-2.551806 87.22564 -0.40711984305 3.0 46.0
-2.551806 87.22564 -0.40711984306 0.0 47.0
-1.8629316 88.95747 -0.80484164306 0.0 47.0
-1.8629316 88.95747 -0.80484164307 0.0 48.0
-1.067488 90.68931 -0.80484164307 0.0 48.0
-2.551806 87.22564 -0.40711984308 2.0 47.0
-2.1446862 89.08742 -0.40711984308 2.0 47.0
-2.1446862 89.08742 -0.40711984309 1.0 48.0
-1.7375664 90.949196 -0.40711984309 1.0 48.0
-1.7375664 90.949196 -0.40711984310 0.0 49.0
-1.048692 92.68103 -0.80484164310 0.0 49.0
-1.048692 92.68103 -0.80484164311 0.0 50.0
-0.25324833 94.412865 -0.80484164311 0.0 50.0
-1.7375664 90.949196 -0.40711984312 0.0 49.0
-1.7375664 92.85497 -0.40711984312 0.0 49.0
-1.7375664 92.85497 -0.40711984313 0.0 50.0
-1.7375664 94.76075 -0.40711984313 0.0 50.0
-3.2569585 83.50208 0.0314 8.0 45.0
-3.2569585 85.40786 0.0314 8.0 45.0
-3.2569585 85.40786 0.0315 7.0 46.0
-3.2569585 87.31364 0.0315 7.0 46.0
-3.2569585 87.31364 0.0316 6.0 47.0
-3.2569585 89.21941 0.0316 6.0 47.0
-3.2569585 89.21941 0.0317 5.0 48.0
-3.2569585 91.12519 0.0317 5.0 48.0
-3.2569585 91.12519 0.0318 4.0 49.0
-2.9043822 92.98697 -0.20355992318 4.0 49.0
-2.9043822 92.98697 -0.20355992319 3.0 50.0
-2.551806 94.84875 -0.40711984319 3.0 50.0
-2.551806 94.84875 -0.40711984320 0.0 51.0
-1.8629316 96.58058 -0.80484164320 0.0 51.0
-1.8629316 96.58058 -0.80484164321 0.0 52.0
-1.067488 98.312416 -0.80484164321 0.0 52.0
-2.551806 94.84875 -0.40711984322 2.0 51.0
-2.1446862 96.710526 -0.40711984322 2.0 51.0
-2.1446862 96.710526 -0.40711984323 1.0 52.0
-1.7375664 98.5723 -0.40711984323 1.0 52.0
-1.7375664 98.5723 -0.40711984324 0.0 53.0
-1.048692 100.30414 -0.80484164324 0.0 53.0
-1.048692 100.30414 -0.80484164325 0.0 54.0
-0.25324833 102.03597 -0.80484164325 0.0 54.0
-1.7375664 98.5723 -0.40711984326 0.0 53.0
-1.7375664 100.47808 -0.40711984326 0.0 53.0
-1.7375664 100.47808 -0.40711984327 0.0 54.0
-1.7375664 102.38386 -0.40711984327 0.0 54.0
-3.2569585 91.12519 0.0328 4.0 49.0
-3.6640782 92.98697 0.0328 4.0 49.0
-3.6640782 92.98697 0.0329 3.0 50.0
-4.071198 94.84875 0.0329 3.0 50.0
-4.071198 94.84875 0.0330 0.0 51.0
-4.071198 96.754524 0.0330 0.0 51.0
-4.071198 96.754524 0.0331 0.0 52.0
-4.071198 98.6603 0.0331 0.0 52.0
-4.071198 94.84875 0.0332 2.0 51.0
-4.4783177 96.710526 0.0332 2.0 51.0
-4.4783177 96.710526 0.0333 1.0 52.0
-4.8854375 98.5723 0.0333 1.0 52.0
-4.8854375 98.5723 0.0334 0.0 53.0
-4.8854375 100.47808 0.0334 0.0 53.0
-4.8854375 100.47808 0.0335 0.0 54.0
-4.8854375 102.38386 0.0335 0.0 54.0
-4.8854375 98.5723 0.0336 0.0 53.0
-5.680881 100.30414 0.0336 0.0 53.0
-5.680881 100.30414 0.0337 0.0 54.0
-6.4763246 102.03597 0.0337 0.0 54.0
-3.2569585 75.878975 0.0338 20.0 41.0
-3.6640782 77.74075 0.0338 20.0 41.0
-3.6640782 77.74075 0.0339 19.0 42.0
-4.071198 79.60253 0.0339 19.0 42.0
-4.071198 79.60253 0.0340 18.0 43.0
-4.4783177 81.46431 0.0340 18.0 43.0
-4.4783177 81.46431 0.0341 17.0 44.0
-4.8854375 83.32609 0.0341 17.0 44.0
-4.8854375 83.32609 0.0342 16.0 45.0
-5.2925572 85.18787 0.0342 16.0 45.0
-5.2925572 85.18787 0.0343 15.0 46.0
-5.699677 87.049644 0.0343 15.0 46.0
-5.699677 87.049644 0.0344 14.0 47.0
-6.1067967 88.91142 0.0344 14.0 47.0
-6.1067967 88.91142 0.0345 13.0 48.0
-6.5139165 90.7732 0.0345 13.0 48.0
-6.5139165 90.7732 0.0346 12.0 49.0
-6.5139165 92.67898 0.0346 12.0 49.0
-6.5139165 92.67898 0.0347 11.0 50.0
-6.5139165 94.584755 0.0347 11.0 50.0
-6.5139165 94.584755 0.0348 10.0 51.0
-6.5139165 96.49053 0.0348 10.0 51.0
-6.5139165 96.49053 0.0349 9.0 52.0
-6.5139165 98.39631 0.0349 9.0 52.0
-6.5139165 98.39631 0.0350 4.0 53.0
-6.16134 100.25809 -0.20355992350 4.0 53.0
-6.16134 100.25809 -0.20355992351 3.0 54.0
-5.808764 102.119865 -0.40711984351 3.0 54.0
-5.808764 102.119865 -0.40711984352 0.0 55.0
-5.1198897 103.8517 -0.80484164352 0.0 55.0
-5.1198897 103.8517 -0.80484164353 0.0 56.0
-4.324446 105.583534 -0.80484164353 0.0 56.0
-5.808764 102.119865 -0.40711984354 2.0 55.0
-5.401644 103.98164 -0.40711984354 2.0 55.0
-5.401644 103.98164 -0.40711984355 1.0 56.0
-4.9945245 105.84342 -0.40711984355 1.0 56.0
-4.9945245 105.84342 -0.40711984356 0.0 57.0
-4.30565 107.57526 -0.80484164356 0.0 57.0
-4.30565 107.57526 -0.80484164357 0.0 58.0
-3.5102067 109.30709 -0.80484164357 0.0 58.0
-4.9945245 105.84342 -0.40711984358 0.0 57.0
-4.9945245 107.7492 -0.40711984358 0.0 57.0
-4.9945245 107.7492 -0.40711984359 0.0 58.0
-4.9945245 109.654976 -0.40711984359 0.0 58.0
-6.5139165 98.39631 0.0360 8.0 53.0
-6.5139165 100.302086 0.0360 8.0 53.0
-6.5139165 100.302086 0.0361 7.0 54.0
-6.5139165 102.20786 0.0361 7.0 54.0
-6.5139165 102.20786 0.0362 6.0 55.0
-6.5139165 104.11364 0.0362 6.0 55.0
-6.5139165 104.11364 0.0363 5.0 56.0
-6.5139165 106.01942 0.0363 5.0 56.0
-6.5139165 106.01942 0.0364 4.0 57.0
-6.16134 107.881195 -0.20355992364 4.0 57.0
-6.16134 107.881195 -0.20355992365 3.0 58.0
-5.808764 109.74297 -0.40711984365 3.0 58.0
-5.808764 109.74297 -0.40711984366 0.0 59.0
-5.1198897 111.47481 -0.80484164366 0.0 59.0
-5.1198897 111.47481 -0.80484164367 0.0 60.0
-4.324446 113.20664 -0.80484164367 0.0 60.0
-5.808764 109.74297 -0.40711984368 2.0 59.0
-5.401644 111.60475 -0.40711984368 2.0 59.0
-5.401644 111.60475 -0.40711984369 1.0 60.0
-4.9945245 113.46653 -0.40711984369 1.0 60.0
-4.9945245 113.46653 -0.40711984370 0.0 61.0
-4.30565 115.198364 -0.80484164370 0.0 61.0
-4.30565 115.198364 -0.80484164371 0.0 62.0
-3.5102067 116.9302 -0.80484164371 0.0 62.0
-4.9945245 113.46653 -0.40711984372 0.0 61.0
-4.9945245 115.37231 -0.40711984372 0.0 61.0
-4.9945245 115.37231 -0.40711984373 0.0 62.0
-4.9945245 117.27808 -0.40711984373 0.0 62.0
-6.5139165 106.01942 0.0374 4.0 57.0
-6.9210362 107.881195 0.0374 4.0 57.0
-6.9210362 107.881195 0.0375 3.0 58.0
-7.328156 109.74297 0.0375 3.0 58.0
-7.328156 109.74297 0.0376 0.0 59.0
-7.328156 111.64875 0.0376 0.0 59.0
-7.328156 111.64875 0.0377 0.0 60.0
-7.328156 113.55453 0.0377 0.0 60.0
-7.328156 109.74297 0.0378 2.0 59.0
-7.7352757 111.60475 0.0378 2.0 59.0
-7.7352757 111.60475 0.0379 1.0 60.0
-8.142396 113.46653 0.0379 1.0 60.0
-8.142396 113.46653 0.0380 0.0 61.0
-8.142396 115.37231 0.0380 0.0 61.0
-8.142396 115.37231 0.0381 0.0 62.0
-8.142396 117.27808 0.0381 0.0 62.0
-8.142396 113.46653 0.0382 0.0 61.0
-8.9378395 115.198364 0.0382 0.0 61.0
-8.9378395 115.198364 0.0383 0.0 62.0
-9.733283 116.9302 0.0383 0.0 62.0
-6.5139165 90.7732 0.0384 12.0 49.0
-7.30936 92.505035 0.0384 12.0 49.0
-7.30936 92.505035 0.0385 11.0 50.0
-8.104804 94.23687 0.0385 11.0 50.0
-8.104804 94.23687 0.0386 10.0 51.0
-8.900248 95.968704 0.0386 10.0 51.0
-8.900248 95.968704 0.0387 9.0 52.0
-9.695691 97.70054 0.0387 9.0 52.0
-9.695691 97.70054 0.0388 4.0 53.0
-10.048267 99.56232 0.20355992388 4.0 53.0
-10.048267 99.56232 0.20355992389 3.0 54.0
-10.400844 101.424095 0.40711984389 3.0 54.0
-10.400844 101.424095 0.40711984390 0.0 55.0
-10.400844 103.32987 0.40711984390 0.0 55.0
-10.400844 103.32987 0.40711984391 0.0 56.0
-10.400844 105.23565 0.40711984391 0.0 56.0
-10.400844 101.424095 0.40711984392 2.0 55.0
-10.807963 103.28587 0.40711984392 2.0 55.0
-10.807963 103.28587 0.40711984393 1.0 56.0
-11.215083 105.14765 0.40711984393 1.0 56.0
-11.215083 105.14765 0.40711984394 0.0 57.0
-11.215083 107.05343 0.40711984394 0.0 57.0
-11.215083 107.05343 0.40711984395 0.0 58.0
-11.215083 108.959206 0.40711984395 0.0 58.0
-11.215083 105.14765 0.40711984396 0.0 57.0
-12.010527 106.879486 0.40711984396 0.0 57.0
-12.010527 106.879486 0.40711984397 0.0 58.0
-12.80597 108.61132 0.40711984397 0.0 58.0
-9.695691 97.70054 0.0398 8.0 53.0
-10.491135 99.43237 0.0398 8.0 53.0
-10.491135 99.43237 0.0399 7.0 54.0
-11.286578 101.16421 0.0399 7.0 54.0
-11.286578 101.16421 0.0400 6.0 55.0
-12.082022 102.89604 0.0400 6.0 55.0
-12.082022 102.89604 0.0401 5.0 56.0
-12.877465 104.62788 0.0401 5.0 56.0
-12.877465 104.62788 0.0402 4.0 57.0
-13.2300415 106.489655 0.20355992402 4.0 57.0
-13.2300415 106.489655 0.20355992403 3.0 58.0
-13.582618 108.35143 0.40711984403 3.0 58.0
-13.582618 108.35143 0.40711984404 0.0 59.0
-13.582618 110.25721 0.40711984404 0.0 59.0
-13.582618 110.25721 0.40711984405 0.0 60.0
-13.582618 112.16299 0.40711984405 0.0 60.0
-13.582618 108.35143 0.40711984406 2.0 59.0
-13.9897375 110.21321 0.40711984406 2.0 59.0
-13.9897375 110.21321 0.40711984407 1.0 60.0
-14.396857 112.07499 0.40711984407 1.0 60.0
-14.396857 112.07499 0.40711984408 0.0 61.0
-14.396857 113.98077 0.40711984408 0.0 61.0
-14.396857 113.98077 0.40711984409 0.0 62.0
-14.396857 115.88654 0.40711984409 0.0 62.0
-14.396857 112.07499 0.40711984410 0.0 61.0
-15.192301 113.80682 0.40711984410 0.0 61.0
-15.192301 113.80682 0.40711984411 0.0 62.0
-15.987744 115.53866 0.40711984411 0.0 62.0
-12.877465 104.62788 0.0412 4.0 57.0
-14.024508 106.1498 0.0412 4.0 57.0
-14.024508 106.1498 0.0413 3.0 58.0
-15.171552 107.67173 0.0413 3.0 58.0
-15.171552 107.67173 0.0414 0.0 59.0
-15.860426 109.403564 0.3977218414 0.0 59.0
-15.860426 109.403564 0.3977218415 0.0 60.0
-16.65587 111.1354 0.3977218415 0.0 60.0
-15.171552 107.67173 0.0416 2.0 59.0
-16.318596 109.19366 0.0416 2.0 59.0
-16.318596 109.19366 0.0417 1.0 60.0
-17.46564 110.71558 0.0417 1.0 60.0
-17.46564 110.71558 0.0418 0.0 61.0
-18.154514 112.44742 0.3977218418 0.0 61.0
-18.154514 112.44742 0.3977218419 0.0 62.0
-18.949959 114.17925 0.3977218419 0.0 62.0
-17.46564 110.71558 0.0420 0.0 61.0
-18.911325 111.957344 0.0420 0.0 61.0
-18.911325 111.957344 0.0421 0.0 62.0
-20.357012 113.199104 0.0421 0.0 62.0
