0.0 0.0 0.00 60.0 1.0
0.0 0.32993954 0.00 60.0 1.0
0.0 0.32993954 0.01 59.0 2.0
0.0 0.6598791 0.01 59.0 2.0
0.0 0.6598791 0.02 58.0 3.0
0.0 0.98981863 0.02 58.0 3.0
0.0 0.98981863 0.03 57.0 4.0
0.0 1.3197582 0.03 57.0 4.0
0.0 1.3197582 0.04 56.0 5.0
0.0 1.6496978 0.04 56.0 5.0
0.0 1.6496978 0.05 55.0 6.0
0.0 1.9796374 0.05 55.0 6.0
0.0 1.9796374 0.06 54.0 7.0
0.0 2.309577 0.06 54.0 7.0
0.0 2.309577 0.07 53.0 8.0
0.0 2.6395166 0.07 53.0 8.0
0.0 2.6395166 0.08 52.0 9.0
0.0 2.9694562 0.08 52.0 9.0
0.0 2.9694562 0.09 51.0 10.0
0.0 3.2993958 0.09 51.0 10.0
0.0 3.2993958 0.010 50.0 11.0
0.0 3.6293354 0.010 50.0 11.0
0.0 3.6293354 0.011 49.0 12.0
0.0 3.959275 0.011 49.0 12.0
0.0 3.959275 0.012 48.0 13.0
0.0 4.2892146 0.012 48.0 13.0
0.0 4.2892146 0.013 47.0 14.0
0.0 4.619154 0.013 47.0 14.0
0.0 4.619154 0.014 46.0 15.0
0.0 4.9490933 0.014 46.0 15.0
0.0 4.9490933 0.015 45.0 16.0
0.0 5.2790327 0.015 45.0 16.0
0.0 5.2790327 0.016 28.0 17.0
-0.18328744 5.532149 0.1058210616 28.0 17.0
-0.18328744 5.532149 0.1058210617 27.0 18.0
-0.36657488 5.785265 0.2116421217 27.0 18.0
-0.36657488 5.785265 0.2116421218 26.0 19.0
-0.5498623 6.038381 0.3174631618 26.0 19.0
-0.5498623 6.038381 0.3174631619 25.0 20.0
-0.73314977 6.291497 0.4232842319 25.0 20.0
-0.73314977 6.291497 0.4232842320 24.0 21.0
-0.9164372 6.5446134 0.529105320 24.0 21.0
-0.9164372 6.5446134 0.529105321 23.0 22.0
-1.0997247 6.7977295 0.634926421 23.0 22.0
-1.0997247 6.7977295 0.634926422 22.0 23.0
-1.2830122 7.0508456 0.7407474522 22.0 23.0
-1.2830122 7.0508456 0.7407474523 21.0 24.0
-1.4662995 7.3039618 0.846568523 21.0 24.0
-1.4662995 7.3039618 0.846568524 12.0 25.0
-1.4662995 7.633901 0.846568524 12.0 25.0
-1.4662995 7.633901 0.846568525 11.0 26.0
-1.4662995 7.9638405 0.846568525 11.0 26.0
-1.4662995 7.9638405 0.846568526 10.0 27.0
-1.4662995 8.29378 0.846568526 10.0 27.0
-1.4662995 8.29378 0.846568527 9.0 28.0
-1.4662995 8.62372 0.846568527 9.0 28.0
-1.4662995 8.62372 0.846568528 4.0 29.0
-1.6495869 8.876836 0.952389628 4.0 29.0
-1.6495869 8.876836 0.952389629 3.0 30.0
-1.8328743 9.1299515 1.058210629 3.0 30.0
-1.8328743 9.1299515 1.058210630 0.0 31.0
-2.1140954 9.188373 1.220573730 0.0 31.0
-2.1140954 9.188373 1.220573731 0.0 32.0
-2.4388216 9.246794 1.220573731 0.0 32.0
-1.8328743 9.1299515 1.058210632 2.0 31.0
-2.0445163 9.383067 1.058210632 2.0 31.0
-2.0445163 9.383067 1.058210633 1.0 32.0
-2.2561584 9.636183 1.058210633 1.0 32.0
-2.2561584 9.636183 1.058210634 0.0 33.0
-2.2561584 9.966123 1.058210634 0.0 33.0
-2.2561584 9.966123 1.058210635 0.0 34.0
-2.2561584 10.296062 1.058210635 0.0 34.0
-2.2561584 9.636183 1.058210636 0.0 33.0
-2.5808845 9.694604 1.058210636 0.0 33.0
-2.5808845 9.694604 1.058210637 0.0 34.0
-2.9056106 9.753025 1.058210637 0.0 34.0
-1.4662995 8.62372 0.846568538 8.0 29.0
-1.4662995 8.95366 0.846568538 8.0 29.0
-1.4662995 8.95366 0.846568539 7.0 30.0
-1.4662995 9.2836 0.846568539 7.0 30.0
-1.4662995 9.2836 0.846568540 6.0 31.0
-1.4662995 9.61354 0.846568540 6.0 31.0
-1.4662995 9.61354 0.846568541 5.0 32.0
-1.4662995 9.94348 0.846568541 5.0 32.0
-1.4662995 9.94348 0.846568542 4.0 33.0
-1.2830122 10.196595 0.7407474542 4.0 33.0
-1.2830122 10.196595 0.7407474543 3.0 34.0
-1.0997248 10.449711 0.634926443 3.0 34.0
-1.0997248 10.449711 0.634926444 0.0 35.0
-1.0997248 10.779651 0.634926444 0.0 35.0
-1.0997248 10.779651 0.634926445 0.0 36.0
-1.0997248 11.109591 0.634926445 0.0 36.0
-1.0997248 10.449711 0.634926446 2.0 35.0
-0.8880826 10.7028265 0.634926446 2.0 35.0
-0.8880826 10.7028265 0.634926447 1.0 36.0
-0.6764405 10.955942 0.634926447 1.0 36.0
-0.6764405 10.955942 0.634926448 0.0 37.0
-0.39521933 11.014363 0.4725632748 0.0 37.0
-0.39521933 11.014363 0.4725632749 0.0 38.0
-0.07049313 11.072784 0.4725632749 0.0 38.0
-0.6764405 10.955942 0.634926450 0.0 37.0
-0.6764405 11.285882 0.634926450 0.0 37.0
-0.6764405 11.285882 0.634926451 0.0 38.0
-0.6764405 11.615822 0.634926451 0.0 38.0
-1.4662995 9.94348 0.846568552 4.0 33.0
-1.6779417 10.196595 0.846568552 4.0 33.0
-1.6779417 10.196595 0.846568553 3.0 34.0
-1.8895838 10.449711 0.846568553 3.0 34.0
-1.8895838 10.449711 0.846568554 0.0 35.0
-2.170805 10.508132 1.008931654 0.0 35.0
-2.170805 10.508132 1.008931655 0.0 36.0
-2.495531 10.566553 1.008931655 0.0 36.0
-1.8895838 10.449711 0.846568556 2.0 35.0
-2.1012259 10.7028265 0.846568556 2.0 35.0
-2.1012259 10.7028265 0.846568557 1.0 36.0
-2.3128679 10.955942 0.846568557 1.0 36.0
-2.3128679 10.955942 0.846568558 0.0 37.0
-2.3128679 11.285882 0.846568558 0.0 37.0
-2.3128679 11.285882 0.846568559 0.0 38.0
-2.3128679 11.615822 0.846568559 0.0 38.0
-2.3128679 10.955942 0.846568560 0.0 37.0
-2.637594 11.014363 0.846568560 0.0 37.0
-2.637594 11.014363 0.846568561 0.0 38.0
-2.96232 11.072784 0.846568561 0.0 38.0
-1.4662995 7.3039618 0.846568562 20.0 25.0
-1.6779417 7.557078 0.846568562 20.0 25.0
-1.6779417 7.557078 0.846568563 19.0 26.0
-1.8895838 7.810194 0.846568563 19.0 26.0
-1.8895838 7.810194 0.846568564 18.0 27.0
-2.1012259 8.06331 0.846568564 18.0 27.0
-2.1012259 8.06331 0.846568565 17.0 28.0
-2.3128679 8.316425 0.846568565 17.0 28.0
-2.3128679 8.316425 0.846568566 16.0 29.0
-2.52451 8.569541 0.846568566 16.0 29.0
-2.52451 8.569541 0.846568567 15.0 30.0
-2.736152 8.822657 0.846568567 15.0 30.0
-2.736152 8.822657 0.846568568 14.0 31.0
-2.947794 9.075772 0.846568568 14.0 31.0
-2.947794 9.075772 0.846568569 13.0 32.0
-3.159436 9.328888 0.846568569 13.0 32.0
-3.159436 9.328888 0.846568570 12.0 33.0
-3.159436 9.658828 0.846568570 12.0 33.0
-3.159436 9.658828 0.846568571 11.0 34.0
-3.159436 9.988768 0.846568571 11.0 34.0
-3.159436 9.988768 0.846568572 10.0 35.0
-3.159436 10.318707 0.846568572 10.0 35.0
-3.159436 10.318707 0.846568573 9.0 36.0
-3.159436 10.648647 0.846568573 9.0 36.0
-3.159436 10.648647 0.846568574 4.0 37.0
-3.3427234 10.901763 0.952389674 4.0 37.0
-3.3427234 10.901763 0.952389675 3.0 38.0
-3.5260108 11.154879 1.058210675 3.0 38.0
-3.5260108 11.154879 1.058210676 0.0 39.0
-3.807232 11.2133 1.220573776 0.0 39.0
-3.807232 11.2133 1.220573777 0.0 40.0
-4.131958 11.271721 1.220573777 0.0 40.0
-3.5260108 11.154879 1.058210678 2.0 39.0
-3.7376528 11.407994 1.058210678 2.0 39.0
-3.7376528 11.407994 1.058210679 1.0 40.0
-3.9492948 11.66111 1.058210679 1.0 40.0
-3.9492948 11.66111 1.058210680 0.0 41.0
-3.9492948 11.99105 1.058210680 0.0 41.0
-3.9492948 11.99105 1.058210681 0.0 42.0
-3.9492948 12.32099 1.058210681 0.0 42.0
-3.9492948 11.66111 1.058210682 0.0 41.0
-4.274021 11.719531 1.058210682 0.0 41.0
-4.274021 11.719531 1.058210683 0.0 42.0
-4.5987473 11.777952 1.058210683 0.0 42.0
-3.159436 10.648647 0.846568584 8.0 37.0
-3.159436 10.978587 0.846568584 8.0 37.0
-3.159436 10.978587 0.846568585 7.0 38.0
-3.159436 11.308527 0.846568585 7.0 38.0
-3.159436 11.308527 0.846568586 6.0 39.0
-3.159436 11.638467 0.846568586 6.0 39.0
-3.159436 11.638467 0.846568587 5.0 40.0
-3.159436 11.968407 0.846568587 5.0 40.0
-3.159436 11.968407 0.846568588 4.0 41.0
-2.9761486 12.221522 0.7407474588 4.0 41.0
-2.9761486 12.221522 0.7407474589 3.0 42.0
-2.7928612 12.474638 0.634926489 3.0 42.0
-2.7928612 12.474638 0.634926490 0.0 43.0
-2.7928612 12.804578 0.634926490 0.0 43.0
-2.7928612 12.804578 0.634926491 0.0 44.0
-2.7928612 13.134518 0.634926491 0.0 44.0
-2.7928612 12.474638 0.634926492 2.0 43.0
-2.5812192 12.727754 0.634926492 2.0 43.0
-2.5812192 12.727754 0.634926493 1.0 44.0
-2.3695772 12.980869 0.634926493 1.0 44.0
-2.3695772 12.980869 0.634926494 0.0 45.0
-2.088356 13.03929 0.4725632794 0.0 45.0
-2.088356 13.03929 0.4725632795 0.0 46.0
-1.7636298 13.097712 0.4725632795 0.0 46.0
-2.3695772 12.980869 0.634926496 0.0 45.0
-2.3695772 13.310809 0.634926496 0.0 45.0
-2.3695772 13.310809 0.634926497 0.0 46.0
-2.3695772 13.640749 0.634926497 0.0 46.0
-3.159436 11.968407 0.846568598 4.0 41.0
-3.371078 12.221522 0.846568598 4.0 41.0
-3.371078 12.221522 0.846568599 3.0 42.0
-3.58272 12.474638 0.846568599 3.0 42.0
-3.58272 12.474638 0.8465685100 0.0 43.0
-3.8639412 12.533059 1.0089316100 0.0 43.0
-3.8639412 12.533059 1.0089316101 0.0 44.0
-4.1886673 12.59148 1.0089316101 0.0 44.0
-3.58272 12.474638 0.8465685102 2.0 43.0
-3.794362 12.727754 0.8465685102 2.0 43.0
-3.794362 12.727754 0.8465685103 1.0 44.0
-4.0060043 12.980869 0.8465685103 1.0 44.0
-4.0060043 12.980869 0.8465685104 0.0 45.0
-4.0060043 13.310809 0.8465685104 0.0 45.0
-4.0060043 13.310809 0.8465685105 0.0 46.0
-4.0060043 13.640749 0.8465685105 0.0 46.0
-4.0060043 12.980869 0.8465685106 0.0 45.0
-4.3307304 13.03929 0.8465685106 0.0 45.0
-4.3307304 13.03929 0.8465685107 0.0 46.0
-4.6554565 13.097712 0.8465685107 0.0 46.0
-3.159436 9.328888 0.8465685108 12.0 33.0
-3.484162 9.387309 0.8465685108 12.0 33.0
-3.484162 9.387309 0.8465685109 11.0 34.0
-3.8088882 9.44573 0.8465685109 11.0 34.0
-3.8088882 9.44573 0.8465685110 10.0 35.0
-4.1336145 9.504151 0.8465685110 10.0 35.0
-4.1336145 9.504151 0.8465685111 9.0 36.0
-4.4583406 9.5625725 0.8465685111 9.0 36.0
-4.4583406 9.5625725 0.8465685112 4.0 37.0
-4.706536 9.399093 0.98986405112 4.0 37.0
-4.706536 9.399093 0.98986405113 3.0 38.0
-4.954731 9.235613 1.1331595113 3.0 38.0
-4.954731 9.235613 1.1331595114 0.0 39.0
-5.05432 8.926362 1.1906573114 0.0 39.0
-5.05432 8.926362 1.1906573115 0.0 40.0
-5.1693153 8.617111 1.1906573115 0.0 40.0
-4.954731 9.235613 1.1331595116 2.0 39.0
-5.241322 9.072133 1.1331595116 2.0 39.0
-5.241322 9.072133 1.1331595117 1.0 40.0
-5.527913 8.908653 1.1331595117 1.0 40.0
-5.527913 8.908653 1.1331595118 0.0 41.0
-5.8091345 8.967074 1.2955226118 0.0 41.0
-5.8091345 8.967074 1.2955226119 0.0 42.0
-6.1338606 9.025496 1.2955226119 0.0 42.0
-5.527913 8.908653 1.1331595120 0.0 41.0
-5.6429086 8.599402 1.1331595120 0.0 41.0
-5.6429086 8.599402 1.1331595121 0.0 42.0
-5.757904 8.290152 1.1331595121 0.0 42.0
-4.4583406 9.5625725 0.8465685122 8.0 37.0
-4.7830667 9.620994 0.8465685122 8.0 37.0
-4.7830667 9.620994 0.8465685123 7.0 38.0
-5.107793 9.679415 0.8465685123 7.0 38.0
-5.107793 9.679415 0.8465685124 6.0 39.0
-5.432519 9.737836 0.8465685124 6.0 39.0
-5.432519 9.737836 0.8465685125 5.0 40.0
-5.757245 9.796257 0.8465685125 5.0 40.0
-5.757245 9.796257 0.8465685126 4.0 41.0
-5.9405327 10.049373 0.9523896126 4.0 41.0
-5.9405327 10.049373 0.9523896127 3.0 42.0
-6.1238203 10.302488 1.0582106127 3.0 42.0
-6.1238203 10.302488 1.0582106128 0.0 43.0
-6.4050417 10.360909 1.2205737128 0.0 43.0
-6.4050417 10.360909 1.2205737129 0.0 44.0
-6.729768 10.419331 1.2205737129 0.0 44.0
-6.1238203 10.302488 1.0582106130 2.0 43.0
-6.3354626 10.555604 1.0582106130 2.0 43.0
-6.3354626 10.555604 1.0582106131 1.0 44.0
-6.547105 10.80872 1.0582106131 1.0 44.0
-6.547105 10.80872 1.0582106132 0.0 45.0
-6.547105 11.1386595 1.0582106132 0.0 45.0
-6.547105 11.1386595 1.0582106133 0.0 46.0
-6.547105 11.468599 1.0582106133 0.0 46.0
-6.547105 10.80872 1.0582106134 0.0 45.0
-6.871831 10.867141 1.0582106134 0.0 45.0
-6.871831 10.867141 1.0582106135 0.0 46.0
-7.196557 10.925562 1.0582106135 0.0 46.0
-5.757245 9.796257 0.8465685136 4.0 41.0
-6.043836 9.632777 0.8465685136 4.0 41.0
-6.043836 9.632777 0.8465685137 3.0 42.0
-6.330427 9.469297 0.8465685137 3.0 42.0
-6.330427 9.469297 0.8465685138 0.0 43.0
-6.430016 9.160047 0.90406626138 0.0 43.0
-6.430016 9.160047 0.90406626139 0.0 44.0
-6.5450115 8.850796 0.90406626139 0.0 44.0
-6.330427 9.469297 0.8465685140 2.0 43.0
-6.617018 9.305818 0.8465685140 2.0 43.0
-6.617018 9.305818 0.8465685141 1.0 44.0
-6.9036093 9.142338 0.8465685141 1.0 44.0
-6.9036093 9.142338 0.8465685142 0.0 45.0
-7.1848307 9.200759 1.0089316142 0.0 45.0
-7.1848307 9.200759 1.0089316143 0.0 46.0
-7.509557 9.25918 1.0089316143 0.0 46.0
-6.9036093 9.142338 0.8465685144 0.0 45.0
-7.0186048 8.833087 0.8465685144 0.0 45.0
-7.0186048 8.833087 0.8465685145 0.0 46.0
-7.1336 8.523836 0.8465685145 0.0 46.0
0.0 5.2790327 0.0146 44.0 17.0
0.0 5.608972 0.0146 44.0 17.0
0.0 5.608972 0.0147 43.0 18.0
0.0 5.9389114 0.0147 43.0 18.0
0.0 5.9389114 0.0148 42.0 19.0
0.0 6.268851 0.0148 42.0 19.0
0.0 6.268851 0.0149 41.0 20.0
0.0 6.59879 0.0149 41.0 20.0
0.0 6.59879 0.0150 40.0 21.0
0.0 6.9287295 0.0150 40.0 21.0
0.0 6.9287295 0.0151 39.0 22.0
0.0 7.258669 0.0151 39.0 22.0
0.0 7.258669 0.0152 38.0 23.0
0.0 7.5886083 0.0152 38.0 23.0
0.0 7.5886083 0.0153 37.0 24.0
0.0 7.9185476 0.0153 37.0 24.0
0.0 7.9185476 0.0154 36.0 25.0
0.0 8.248487 0.0154 36.0 25.0
0.0 8.248487 0.0155 35.0 26.0
0.0 8.578427 0.0155 35.0 26.0
0.0 8.578427 0.0156 34.0 27.0
0.0 8.908367 0.0156 34.0 27.0
0.0 8.908367 0.0157 33.0 28.0
0.0 9.238307 0.0157 33.0 28.0
0.0 9.238307 0.0158 32.0 29.0
0.0 9.568247 0.0158 32.0 29.0
0.0 9.568247 0.0159 31.0 30.0
0.0 9.898187 0.0159 31.0 30.0
0.0 9.898187 0.0160 30.0 31.0
0.0 10.228127 0.0160 30.0 31.0
0.0 10.228127 0.0161 29.0 32.0
0.0 10.558066 0.0161 29.0 32.0
0.0 10.558066 0.0162 28.0 33.0
0.18328744 10.811182 -0.10582106162 28.0 33.0
0.18328744 10.811182 -0.10582106163 27.0 34.0
0.36657488 11.064298 -0.21164212163 27.0 34.0
0.36657488 11.064298 -0.21164212164 26.0 35.0
0.5498623 11.317413 -0.31746316164 26.0 35.0
0.5498623 11.317413 -0.31746316165 25.0 36.0
0.73314977 11.570529 -0.42328423165 25.0 36.0
0.73314977 11.570529 -0.42328423166 24.0 37.0
0.9164372 11.823645 -0.5291053166 24.0 37.0
0.9164372 11.823645 -0.5291053167 23.0 38.0
1.0997247 12.07676 -0.6349264167 23.0 38.0
1.0997247 12.07676 -0.6349264168 22.0 39.0
1.2830122 12.329876 -0.74074745168 22.0 39.0
1.2830122 12.329876 -0.74074745169 21.0 40.0
1.4662995 12.582992 -0.8465685169 21.0 40.0
1.4662995 12.582992 -0.8465685170 12.0 41.0
1.7475207 12.641413 -1.0089316170 12.0 41.0
1.7475207 12.641413 -1.0089316171 11.0 42.0
2.0287418 12.699834 -1.1712947171 11.0 42.0
2.0287418 12.699834 -1.1712947172 10.0 43.0
2.309963 12.758255 -1.3336577172 10.0 43.0
2.309963 12.758255 -1.3336577173 9.0 44.0
2.5911841 12.816676 -1.4960208173 9.0 44.0
2.5911841 12.816676 -1.4960208174 4.0 45.0
2.7744715 13.069792 -1.6018418174 4.0 45.0
2.7744715 13.069792 -1.6018418175 3.0 46.0
2.957759 13.322907 -1.7076628175 3.0 46.0
2.957759 13.322907 -1.7076628176 0.0 47.0
2.957759 13.652847 -1.7076628176 0.0 47.0
2.957759 13.652847 -1.7076628177 0.0 48.0
2.957759 13.982787 -1.7076628177 0.0 48.0
2.957759 13.322907 -1.7076628178 2.0 47.0
3.169401 13.576023 -1.7076628178 2.0 47.0
3.169401 13.576023 -1.7076628179 1.0 48.0
3.381043 13.829139 -1.7076628179 1.0 48.0
3.381043 13.829139 -1.7076628180 0.0 49.0
3.662264 13.88756 -1.8700259180 0.0 49.0
3.662264 13.88756 -1.8700259181 0.0 50.0
3.9869902 13.945981 -1.8700259181 0.0 50.0
3.381043 13.829139 -1.7076628182 0.0 49.0
3.381043 14.159079 -1.7076628182 0.0 49.0
3.381043 14.159079 -1.7076628183 0.0 50.0
3.381043 14.489018 -1.7076628183 0.0 50.0
2.5911841 12.816676 -1.4960208184 8.0 45.0
2.9159102 12.875097 -1.4960208184 8.0 45.0
2.9159102 12.875097 -1.4960208185 7.0 46.0
3.2406363 12.933518 -1.4960208185 7.0 46.0
3.2406363 12.933518 -1.4960208186 6.0 47.0
3.5653625 12.99194 -1.4960208186 6.0 47.0
3.5653625 12.99194 -1.4960208187 5.0 48.0
3.8900886 13.050361 -1.4960208187 5.0 48.0
3.8900886 13.050361 -1.4960208188 4.0 49.0
4.1382837 12.886881 -1.6393163188 4.0 49.0
4.1382837 12.886881 -1.6393163189 3.0 50.0
4.386479 12.723401 -1.7826118189 3.0 50.0
4.386479 12.723401 -1.7826118190 0.0 51.0
4.6677 12.781822 -1.9449749190 0.0 51.0
4.6677 12.781822 -1.9449749191 0.0 52.0
4.992426 12.840243 -1.9449749191 0.0 52.0
4.386479 12.723401 -1.7826118192 2.0 51.0
4.67307 12.559921 -1.7826118192 2.0 51.0
4.67307 12.559921 -1.7826118193 1.0 52.0
4.959661 12.396441 -1.7826118193 1.0 52.0
4.959661 12.396441 -1.7826118194 0.0 53.0
5.05925 12.087191 -1.8401096194 0.0 53.0
5.05925 12.087191 -1.8401096195 0.0 54.0
5.1742454 11.77794 -1.8401096195 0.0 54.0
4.959661 12.396441 -1.7826118196 0.0 53.0
5.284387 12.454863 -1.7826118196 0.0 53.0
5.284387 12.454863 -1.7826118197 0.0 54.0
5.609113 12.513284 -1.7826118197 0.0 54.0
3.8900886 13.050361 -1.4960208198 4.0 49.0
4.101731 13.303476 -1.4960208198 4.0 49.0
4.101731 13.303476 -1.4960208199 3.0 50.0
4.313373 13.556592 -1.4960208199 3.0 50.0
4.313373 13.556592 -1.4960208200 0.0 51.0
4.313373 13.886532 -1.4960208200 0.0 51.0
4.313373 13.886532 -1.4960208201 0.0 52.0
4.313373 14.216472 -1.4960208201 0.0 52.0
4.313373 13.556592 -1.4960208202 2.0 51.0
4.5250154 13.809708 -1.4960208202 2.0 51.0
4.5250154 13.809708 -1.4960208203 1.0 52.0
4.7366576 14.062823 -1.4960208203 1.0 52.0
4.7366576 14.062823 -1.4960208204 0.0 53.0
5.0178785 14.121244 -1.6583838204 0.0 53.0
5.0178785 14.121244 -1.6583838205 0.0 54.0
5.3426046 14.179666 -1.6583838205 0.0 54.0
4.7366576 14.062823 -1.4960208206 0.0 53.0
4.7366576 14.392763 -1.4960208206 0.0 53.0
4.7366576 14.392763 -1.4960208207 0.0 54.0
4.7366576 14.722703 -1.4960208207 0.0 54.0
1.4662995 12.582992 -0.8465685208 20.0 41.0
1.6779417 12.836107 -0.8465685208 20.0 41.0
1.6779417 12.836107 -0.8465685209 19.0 42.0
1.8895838 13.089223 -0.8465685209 19.0 42.0
1.8895838 13.089223 -0.8465685210 18.0 43.0
2.1012259 13.342339 -0.8465685210 18.0 43.0
2.1012259 13.342339 -0.8465685211 17.0 44.0
2.3128679 13.595454 -0.8465685211 17.0 44.0
2.3128679 13.595454 -0.8465685212 16.0 45.0
2.52451 13.84857 -0.8465685212 16.0 45.0
2.52451 13.84857 -0.8465685213 15.0 46.0
2.736152 14.101686 -0.8465685213 15.0 46.0
2.736152 14.101686 -0.8465685214 14.0 47.0
2.947794 14.354801 -0.8465685214 14.0 47.0
2.947794 14.354801 -0.8465685215 13.0 48.0
3.159436 14.607917 -0.8465685215 13.0 48.0
3.159436 14.607917 -0.8465685216 12.0 49.0
3.4406571 14.666338 -1.0089316216 12.0 49.0
3.4406571 14.666338 -1.0089316217 11.0 50.0
3.7218783 14.724759 -1.1712947217 11.0 50.0
3.7218783 14.724759 -1.1712947218 10.0 51.0
4.0030994 14.78318 -1.3336577218 10.0 51.0
4.0030994 14.78318 -1.3336577219 9.0 52.0
4.284321 14.841601 -1.4960208219 9.0 52.0
4.284321 14.841601 -1.4960208220 4.0 53.0
4.4676085 15.094717 -1.6018418220 4.0 53.0
4.4676085 15.094717 -1.6018418221 3.0 54.0
4.650896 15.347833 -1.7076628221 3.0 54.0
4.650896 15.347833 -1.7076628222 0.0 55.0
4.650896 15.6777725 -1.7076628222 0.0 55.0
4.650896 15.6777725 -1.7076628223 0.0 56.0
4.650896 16.007711 -1.7076628223 0.0 56.0
4.650896 15.347833 -1.7076628224 2.0 55.0
4.8625383 15.600948 -1.7076628224 2.0 55.0
4.8625383 15.600948 -1.7076628225 1.0 56.0
5.0741806 15.854064 -1.7076628225 1.0 56.0
5.0741806 15.854064 -1.7076628226 0.0 57.0
5.355402 15.912485 -1.8700259226 0.0 57.0
5.355402 15.912485 -1.8700259227 0.0 58.0
5.680128 15.970906 -1.8700259227 0.0 58.0
5.0741806 15.854064 -1.7076628228 0.0 57.0
5.0741806 16.184004 -1.7076628228 0.0 57.0
5.0741806 16.184004 -1.7076628229 0.0 58.0
5.0741806 16.513943 -1.7076628229 0.0 58.0
4.284321 14.841601 -1.4960208230 8.0 53.0
4.609047 14.9000225 -1.4960208230 8.0 53.0
4.609047 14.9000225 -1.4960208231 7.0 54.0
4.933773 14.958444 -1.4960208231 7.0 54.0
4.933773 14.958444 -1.4960208232 6.0 55.0
5.258499 15.016865 -1.4960208232 6.0 55.0
5.258499 15.016865 -1.4960208233 5.0 56.0
5.5832253 15.075286 -1.4960208233 5.0 56.0
5.5832253 15.075286 -1.4960208234 4.0 57.0
5.8314204 14.911806 -1.6393163234 4.0 57.0
5.8314204 14.911806 -1.6393163235 3.0 58.0
6.0796156 14.748326 -1.7826118235 3.0 58.0
6.0796156 14.748326 -1.7826118236 0.0 59.0
6.360837 14.806747 -1.9449749236 0.0 59.0
6.360837 14.806747 -1.9449749237 0.0 60.0
6.685563 14.865169 -1.9449749237 0.0 60.0
6.0796156 14.748326 -1.7826118238 2.0 59.0
6.3662066 14.5848465 -1.7826118238 2.0 59.0
6.3662066 14.5848465 -1.7826118239 1.0 60.0
6.6527977 14.421367 -1.7826118239 1.0 60.0
6.6527977 14.421367 -1.7826118240 0.0 61.0
6.7523866 14.112116 -1.8401096240 0.0 61.0
6.7523866 14.112116 -1.8401096241 0.0 62.0
6.867382 13.802865 -1.8401096241 0.0 62.0
6.6527977 14.421367 -1.7826118242 0.0 61.0
6.977524 14.479788 -1.7826118242 0.0 61.0
6.977524 14.479788 -1.7826118243 0.0 62.0
7.30225 14.538209 -1.7826118243 0.0 62.0
5.5832253 15.075286 -1.4960208244 4.0 57.0
5.7948675 15.328402 -1.4960208244 4.0 57.0
5.7948675 15.328402 -1.4960208245 3.0 58.0
6.00651 15.581517 -1.4960208245 3.0 58.0
6.00651 15.581517 -1.4960208246 0.0 59.0
6.00651 15.911457 -1.4960208246 0.0 59.0
6.00651 15.911457 -1.4960208247 0.0 60.0
6.00651 16.241396 -1.4960208247 0.0 60.0
6.00651 15.581517 -1.4960208248 2.0 59.0
6.218152 15.834633 -1.4960208248 2.0 59.0
6.218152 15.834633 -1.4960208249 1.0 60.0
6.4297943 16.08775 -1.4960208249 1.0 60.0
6.4297943 16.08775 -1.4960208250 0.0 61.0
6.7110157 16.14617 -1.6583838250 0.0 61.0
6.7110157 16.14617 -1.6583838251 0.0 62.0
7.035742 16.20459 -1.6583838251 0.0 62.0
6.4297943 16.08775 -1.4960208252 0.0 61.0
6.4297943 16.417688 -1.4960208252 0.0 61.0
6.4297943 16.417688 -1.4960208253 0.0 62.0
6.4297943 16.747627 -1.4960208253 0.0 62.0
3.159436 14.607917 -0.8465685254 12.0 49.0
3.159436 14.937857 -0.8465685254 12.0 49.0
3.159436 14.937857 -0.8465685255 11.0 50.0
3.159436 15.2677965 -0.8465685255 11.0 50.0
3.159436 15.2677965 -0.8465685256 10.0 51.0
3.159436 15.597736 -0.8465685256 10.0 51.0
3.159436 15.597736 -0.8465685257 9.0 52.0
3.159436 15.927676 -0.8465685257 9.0 52.0
3.159436 15.927676 -0.8465685258 4.0 53.0
2.9761486 16.180792 -0.74074745258 4.0 53.0
2.9761486 16.180792 -0.74074745259 3.0 54.0
2.7928612 16.433908 -0.6349264259 3.0 54.0
2.7928612 16.433908 -0.6349264260 0.0 55.0
2.51164 16.492329 -0.47256327260 0.0 55.0
2.51164 16.492329 -0.47256327261 0.0 56.0
2.186914 16.550749 -0.47256327261 0.0 56.0
2.7928612 16.433908 -0.6349264262 2.0 55.0
2.5812192 16.687025 -0.6349264262 2.0 55.0
2.5812192 16.687025 -0.6349264263 1.0 56.0
2.3695772 16.940142 -0.6349264263 1.0 56.0
2.3695772 16.940142 -0.6349264264 0.0 57.0
2.3695772 17.27008 -0.6349264264 0.0 57.0
2.3695772 17.27008 -0.6349264265 0.0 58.0
2.3695772 17.60002 -0.6349264265 0.0 58.0
2.3695772 16.940142 -0.6349264266 0.0 57.0
2.044851 16.998562 -0.6349264266 0.0 57.0
2.044851 16.998562 -0.6349264267 0.0 58.0
1.7201248 17.056982 -0.6349264267 0.0 58.0
3.159436 15.927676 -0.8465685268 8.0 53.0
3.159436 16.257616 -0.8465685268 8.0 53.0
3.159436 16.257616 -0.8465685269 7.0 54.0
3.159436 16.587555 -0.8465685269 7.0 54.0
3.159436 16.587555 -0.8465685270 6.0 55.0
3.159436 16.917494 -0.8465685270 6.0 55.0
3.159436 16.917494 -0.8465685271 5.0 56.0
3.159436 17.247433 -0.8465685271 5.0 56.0
3.159436 17.247433 -0.8465685272 4.0 57.0
3.3427234 17.50055 -0.9523896272 4.0 57.0
3.3427234 17.50055 -0.9523896273 3.0 58.0
3.5260108 17.753666 -1.0582106273 3.0 58.0
3.5260108 17.753666 -1.0582106274 0.0 59.0
3.5260108 18.083605 -1.0582106274 0.0 59.0
3.5260108 18.083605 -1.0582106275 0.0 60.0
3.5260108 18.413544 -1.0582106275 0.0 60.0
3.5260108 17.753666 -1.0582106276 2.0 59.0
3.7376528 18.006783 -1.0582106276 2.0 59.0
3.7376528 18.006783 -1.0582106277 1.0 60.0
3.9492948 18.2599 -1.0582106277 1.0 60.0
3.9492948 18.2599 -1.0582106278 0.0 61.0
4.230516 18.31832 -1.2205737278 0.0 61.0
4.230516 18.31832 -1.2205737279 0.0 62.0
4.555242 18.37674 -1.2205737279 0.0 62.0
3.9492948 18.2599 -1.0582106280 0.0 61.0
3.9492948 18.589838 -1.0582106280 0.0 61.0
3.9492948 18.589838 -1.0582106281 0.0 62.0
3.9492948 18.919777 -1.0582106281 0.0 62.0
3.159436 17.247433 -0.8465685282 4.0 57.0
2.947794 17.50055 -0.8465685282 4.0 57.0
2.947794 17.50055 -0.8465685283 3.0 58.0
2.736152 17.753666 -0.8465685283 3.0 58.0
2.736152 17.753666 -0.8465685284 0.0 59.0
2.4549308 17.812086 -0.6842054284 0.0 59.0
2.4549308 17.812086 -0.6842054285 0.0 60.0
2.1302047 17.870506 -0.6842054285 0.0 60.0
2.736152 17.753666 -0.8465685286 2.0 59.0
2.52451 18.006783 -0.8465685286 2.0 59.0
2.52451 18.006783 -0.8465685287 1.0 60.0
2.3128679 18.2599 -0.8465685287 1.0 60.0
2.3128679 18.2599 -0.8465685288 0.0 61.0
2.3128679 18.589838 -0.8465685288 0.0 61.0
2.3128679 18.589838 -0.8465685289 0.0 62.0
2.3128679 18.919777 -0.8465685289 0.0 62.0
2.3128679 18.2599 -0.8465685290 0.0 61.0
1.9881417 18.31832 -0.8465685290 0.0 61.0
1.9881417 18.31832 -0.8465685291 0.0 62.0
1.6634154 18.37674 -0.8465685291 0.0 62.0
0.0 10.558066 0.0292 28.0 33.0
-0.21164212 10.811182 0.0292 28.0 33.0
-0.21164212 10.811182 0.0293 27.0 34.0
-0.42328423 11.064298 0.0293 27.0 34.0
-0.42328423 11.064298 0.0294 26.0 35.0
-0.6349263 11.317413 0.0294 26.0 35.0
-0.6349263 11.317413 0.0295 25.0 36.0
-0.84656847 11.570529 0.0295 25.0 36.0
-0.84656847 11.570529 0.0296 24.0 37.0
-1.0582106 11.823645 0.0296 24.0 37.0
-1.0582106 11.823645 0.0297 23.0 38.0
-1.2698528 12.07676 0.0297 23.0 38.0
-1.2698528 12.07676 0.0298 22.0 39.0
-1.4814949 12.329876 0.0298 22.0 39.0
-1.4814949 12.329876 0.0299 21.0 40.0
-1.693137 12.582992 0.0299 21.0 40.0
-1.693137 12.582992 0.0300 12.0 41.0
-1.693137 12.912931 0.0300 12.0 41.0
-1.693137 12.912931 0.0301 11.0 42.0
-1.693137 13.242871 0.0301 11.0 42.0
-1.693137 13.242871 0.0302 10.0 43.0
-1.693137 13.572811 0.0302 10.0 43.0
-1.693137 13.572811 0.0303 9.0 44.0
-1.693137 13.902751 0.0303 9.0 44.0
-1.693137 13.902751 0.0304 4.0 45.0
-1.8764246 14.155867 0.10582106304 4.0 45.0
-1.8764246 14.155867 0.10582106305 3.0 46.0
-2.059712 14.408982 0.21164212305 3.0 46.0
-2.059712 14.408982 0.21164212306 0.0 47.0
-2.340933 14.467403 0.3740052306 0.0 47.0
-2.340933 14.467403 0.3740052307 0.0 48.0
-2.6656592 14.525825 0.3740052307 0.0 48.0
-2.059712 14.408982 0.21164212308 2.0 47.0
-2.271354 14.662098 0.21164212308 2.0 47.0
-2.271354 14.662098 0.21164212309 1.0 48.0
-2.482996 14.915214 0.21164212309 1.0 48.0
-2.482996 14.915214 0.21164212310 0.0 49.0
-2.482996 15.245153 0.21164212310 0.0 49.0
-2.482996 15.245153 0.21164212311 0.0 50.0
-2.482996 15.575093 0.21164212311 0.0 50.0
-2.482996 14.915214 0.21164212312 0.0 49.0
-2.807722 14.973635 0.21164212312 0.0 49.0
-2.807722 14.973635 0.21164212313 0.0 50.0
-3.1324482 15.032056 0.21164212313 0.0 50.0
-1.693137 13.902751 0.0314 8.0 45.0
-1.693137 14.232691 0.0314 8.0 45.0
-1.693137 14.232691 0.0315 7.0 46.0
-1.693137 14.562631 0.0315 7.0 46.0
-1.693137 14.562631 0.0316 6.0 47.0
-1.693137 14.8925705 0.0316 6.0 47.0
-1.693137 14.8925705 0.0317 5.0 48.0
-1.693137 15.22251 0.0317 5.0 48.0
-1.693137 15.22251 0.0318 4.0 49.0
-1.5098495 15.475626 -0.10582106318 4.0 49.0
-1.5098495 15.475626 -0.10582106319 3.0 50.0
-1.3265622 15.728742 -0.21164212319 3.0 50.0
-1.3265622 15.728742 -0.21164212320 0.0 51.0
-1.3265622 16.058681 -0.21164212320 0.0 51.0
-1.3265622 16.058681 -0.21164212321 0.0 52.0
-1.3265622 16.38862 -0.21164212321 0.0 52.0
-1.3265622 15.728742 -0.21164212322 2.0 51.0
-1.11492 15.981857 -0.21164212322 2.0 51.0
-1.11492 15.981857 -0.21164212323 1.0 52.0
-0.9032779 16.234974 -0.21164212323 1.0 52.0
-0.9032779 16.234974 -0.21164212324 0.0 53.0
-0.6220567 16.293394 -0.3740052324 0.0 53.0
-0.6220567 16.293394 -0.3740052325 0.0 54.0
-0.29733053 16.351814 -0.3740052325 0.0 54.0
-0.9032779 16.234974 -0.21164212326 0.0 53.0
-0.9032779 16.564913 -0.21164212326 0.0 53.0
-0.9032779 16.564913 -0.21164212327 0.0 54.0
-0.9032779 16.894852 -0.21164212327 0.0 54.0
-1.693137 15.22251 0.0328 4.0 49.0
-1.9047792 15.475626 0.0328 4.0 49.0
-1.9047792 15.475626 0.0329 3.0 50.0
-2.1164212 15.728742 0.0329 3.0 50.0
-2.1164212 15.728742 0.0330 0.0 51.0
-2.3976424 15.787163 0.1623631330 0.0 51.0
-2.3976424 15.787163 0.1623631331 0.0 52.0
-2.7223685 15.845584 0.1623631331 0.0 52.0
-2.1164212 15.728742 0.0332 2.0 51.0
-2.3280632 15.981857 0.0332 2.0 51.0
-2.3280632 15.981857 0.0333 1.0 52.0
-2.5397053 16.234974 0.0333 1.0 52.0
-2.5397053 16.234974 0.0334 0.0 53.0
-2.5397053 16.564913 0.0334 0.0 53.0
-2.5397053 16.564913 0.0335 0.0 54.0
-2.5397053 16.894852 0.0335 0.0 54.0
-2.5397053 16.234974 0.0336 0.0 53.0
-2.8644314 16.293394 0.0336 0.0 53.0
-2.8644314 16.293394 0.0337 0.0 54.0
-3.1891575 16.351814 0.0337 0.0 54.0
-1.693137 12.582992 0.0338 20.0 41.0
-1.9047792 12.836107 0.0338 20.0 41.0
-1.9047792 12.836107 0.0339 19.0 42.0
-2.1164212 13.089223 0.0339 19.0 42.0
-2.1164212 13.089223 0.0340 18.0 43.0
-2.3280632 13.342339 0.0340 18.0 43.0
-2.3280632 13.342339 0.0341 17.0 44.0
-2.5397053 13.595454 0.0341 17.0 44.0
-2.5397053 13.595454 0.0342 16.0 45.0
-2.7513473 13.84857 0.0342 16.0 45.0
-2.7513473 13.84857 0.0343 15.0 46.0
-2.9629893 14.101686 0.0343 15.0 46.0
-2.9629893 14.101686 0.0344 14.0 47.0
-3.1746314 14.354801 0.0344 14.0 47.0
-3.1746314 14.354801 0.0345 13.0 48.0
-3.3862734 14.607917 0.0345 13.0 48.0
-3.3862734 14.607917 0.0346 12.0 49.0
-3.3862734 14.937857 0.0346 12.0 49.0
-3.3862734 14.937857 0.0347 11.0 50.0
-3.3862734 15.2677965 0.0347 11.0 50.0
-3.3862734 15.2677965 0.0348 10.0 51.0
-3.3862734 15.597736 0.0348 10.0 51.0
-3.3862734 15.597736 0.0349 9.0 52.0
-3.3862734 15.927676 0.0349 9.0 52.0
-3.3862734 15.927676 0.0350 4.0 53.0
-3.5695608 16.180792 0.10582106350 4.0 53.0
-3.5695608 16.180792 0.10582106351 3.0 54.0
-3.7528481 16.433908 0.21164212351 3.0 54.0
-3.7528481 16.433908 0.21164212352 0.0 55.0
-4.034069 16.492329 0.3740052352 0.0 55.0
-4.034069 16.492329 0.3740052353 0.0 56.0
-4.358795 16.550749 0.3740052353 0.0 56.0
-3.7528481 16.433908 0.21164212354 2.0 55.0
-3.9644902 16.687025 0.21164212354 2.0 55.0
-3.9644902 16.687025 0.21164212355 1.0 56.0
-4.176132 16.940142 0.21164212355 1.0 56.0
-4.176132 16.940142 0.21164212356 0.0 57.0
-4.176132 17.27008 0.21164212356 0.0 57.0
-4.176132 17.27008 0.21164212357 0.0 58.0
-4.176132 17.60002 0.21164212357 0.0 58.0
-4.176132 16.940142 0.21164212358 0.0 57.0
-4.5008583 16.998562 0.21164212358 0.0 57.0
-4.5008583 16.998562 0.21164212359 0.0 58.0
-4.8255844 17.056982 0.21164212359 0.0 58.0
-3.3862734 15.927676 0.0360 8.0 53.0
-3.3862734 16.257616 0.0360 8.0 53.0
-3.3862734 16.257616 0.0361 7.0 54.0
-3.3862734 16.587555 0.0361 7.0 54.0
-3.3862734 16.587555 0.0362 6.0 55.0
-3.3862734 16.917494 0.0362 6.0 55.0
-3.3862734 16.917494 0.0363 5.0 56.0
-3.3862734 17.247433 0.0363 5.0 56.0
-3.3862734 17.247433 0.0364 4.0 57.0
-3.202986 17.50055 -0.10582106364 4.0 57.0
-3.202986 17.50055 -0.10582106365 3.0 58.0
-3.0196986 17.753666 -0.21164212365 3.0 58.0
-3.0196986 17.753666 -0.21164212366 0.0 59.0
-3.0196986 18.083605 -0.21164212366 0.0 59.0
-3.0196986 18.083605 -0.21164212367 0.0 60.0
-3.0196986 18.413544 -0.21164212367 0.0 60.0
-3.0196986 17.753666 -0.21164212368 2.0 59.0
-2.8080566 18.006783 -0.21164212368 2.0 59.0
-2.8080566 18.006783 -0.21164212369 1.0 60.0
-2.5964146 18.2599 -0.21164212369 1.0 60.0
-2.5964146 18.2599 -0.21164212370 0.0 61.0
-2.3151934 18.31832 -0.3740052370 0.0 61.0
-2.3151934 18.31832 -0.3740052371 0.0 62.0
-1.9904672 18.37674 -0.3740052371 0.0 62.0
-2.5964146 18.2599 -0.21164212372 0.0 61.0
-2.5964146 18.589838 -0.21164212372 0.0 61.0
-2.5964146 18.589838 -0.21164212373 0.0 62.0
-2.5964146 18.919777 -0.21164212373 0.0 62.0
-3.3862734 17.247433 0.0374 4.0 57.0
-3.5979154 17.50055 0.0374 4.0 57.0
-3.5979154 17.50055 0.0375 3.0 58.0
-3.8095574 17.753666 0.0375 3.0 58.0
-3.8095574 17.753666 0.0376 0.0 59.0
-4.0907784 17.812086 0.1623631376 0.0 59.0
-4.0907784 17.812086 0.1623631377 0.0 60.0
-4.4155045 17.870506 0.1623631377 0.0 60.0
-3.8095574 17.753666 0.0378 2.0 59.0
-4.0211997 18.006783 0.0378 2.0 59.0
-4.0211997 18.006783 0.0379 1.0 60.0
-4.232842 18.2599 0.0379 1.0 60.0
-4.232842 18.2599 0.0380 0.0 61.0
-4.232842 18.589838 0.0380 0.0 61.0
-4.232842 18.589838 0.0381 0.0 62.0
-4.232842 18.919777 0.0381 0.0 62.0
-4.232842 18.2599 0.0382 0.0 61.0
-4.557568 18.31832 0.0382 0.0 61.0
-4.557568 18.31832 0.0383 0.0 62.0
-4.882294 18.37674 0.0383 0.0 62.0
-3.3862734 14.607917 0.0384 12.0 49.0
-3.7109995 14.666338 0.0384 12.0 49.0
-3.7109995 14.666338 0.0385 11.0 50.0
-4.0357256 14.724759 0.0385 11.0 50.0
-4.0357256 14.724759 0.0386 10.0 51.0
-4.3604517 14.78318 0.0386 10.0 51.0
-4.3604517 14.78318 0.0387 9.0 52.0
-4.685178 14.841601 0.0387 9.0 52.0
-4.685178 14.841601 0.0388 4.0 53.0
-4.933373 14.678122 0.14329551388 4.0 53.0
-4.933373 14.678122 0.14329551389 3.0 54.0
-5.181568 14.514642 0.28659102389 3.0 54.0
-5.181568 14.514642 0.28659102390 0.0 55.0
-5.281157 14.205391 0.34408873390 0.0 55.0
-5.281157 14.205391 0.34408873391 0.0 56.0
-5.3961525 13.89614 0.34408873391 0.0 56.0
-5.181568 14.514642 0.28659102392 2.0 55.0
-5.468159 14.351162 0.28659102392 2.0 55.0
-5.468159 14.351162 0.28659102393 1.0 56.0
-5.7547503 14.187682 0.28659102393 1.0 56.0
-5.7547503 14.187682 0.28659102394 0.0 57.0
-6.0359716 14.246103 0.4489541394 0.0 57.0
-6.0359716 14.246103 0.4489541395 0.0 58.0
-6.3606977 14.304524 0.4489541395 0.0 58.0
-5.7547503 14.187682 0.28659102396 0.0 57.0
-5.8697457 13.878431 0.28659102396 0.0 57.0
-5.8697457 13.878431 0.28659102397 0.0 58.0
-5.984741 13.5691805 0.28659102397 0.0 58.0
-4.685178 14.841601 0.0398 8.0 53.0
-5.009904 14.9000225 0.0398 8.0 53.0
-5.009904 14.9000225 0.0399 7.0 54.0
-5.33463 14.958444 0.0399 7.0 54.0
-5.33463 14.958444 0.0400 6.0 55.0
-5.659356 15.016865 0.0400 6.0 55.0
-5.659356 15.016865 0.0401 5.0 56.0
-5.984082 15.075286 0.0401 5.0 56.0
-5.984082 15.075286 0.0402 4.0 57.0
-6.16737 15.328402 0.10582106402 4.0 57.0
-6.16737 15.328402 0.10582106403 3.0 58.0
-6.3506575 15.581517 0.21164212403 3.0 58.0
-6.3506575 15.581517 0.21164212404 0.0 59.0
-6.631879 15.639938 0.3740052404 0.0 59.0
-6.631879 15.639938 0.3740052405 0.0 60.0
-6.956605 15.6983595 0.3740052405 0.0 60.0
-6.3506575 15.581517 0.21164212406 2.0 59.0
-6.5622997 15.834633 0.21164212406 2.0 59.0
-6.5622997 15.834633 0.21164212407 1.0 60.0
-6.773942 16.08775 0.21164212407 1.0 60.0
-6.773942 16.08775 0.21164212408 0.0 61.0
-6.773942 16.417688 0.21164212408 0.0 61.0
-6.773942 16.417688 0.21164212409 0.0 62.0
-6.773942 16.747627 0.21164212409 0.0 62.0
-6.773942 16.08775 0.21164212410 0.0 61.0
-7.098668 16.14617 0.21164212410 0.0 61.0
-7.098668 16.14617 0.21164212411 0.0 62.0
-7.423394 16.20459 0.21164212411 0.0 62.0
-5.984082 15.075286 0.0412 4.0 57.0
-6.2706733 14.911806 0.0412 4.0 57.0
-6.2706733 14.911806 0.0413 3.0 58.0
-6.5572643 14.748326 0.0413 3.0 58.0
-6.5572643 14.748326 0.0414 0.0 59.0
-6.656853 14.439075 0.057497714414 0.0 59.0
-6.656853 14.439075 0.057497714415 0.0 60.0
-6.7718487 14.129825 0.057497714415 0.0 60.0
-6.5572643 14.748326 0.0416 2.0 59.0
-6.8438554 14.5848465 0.0416 2.0 59.0
-6.8438554 14.5848465 0.0417 1.0 60.0
-7.1304464 14.421367 0.0417 1.0 60.0
-7.1304464 14.421367 0.0418 0.0 61.0
-7.411668 14.479788 0.1623631418 0.0 61.0
-7.411668 14.479788 0.1623631419 0.0 62.0
-7.736394 14.538209 0.1623631419 0.0 62.0
-7.1304464 14.421367 0.0420 0.0 61.0
-7.245442 14.112116 0.0420 0.0 61.0
-7.245442 14.112116 0.0421 0.0 62.0
-7.3604374 13.802865 0.0421 0.0 62.0
