0.0 0.0 0.00 14.0 1.0
0.0 4.5754333 0.00 14.0 1.0
0.0 4.5754333 0.01 0.0 2.0
2.3959165 8.219703 -1.38328311 0.0 2.0
0.0 4.5754333 0.02 13.0 2.0
0.0 9.1508665 0.02 13.0 2.0
0.0 9.1508665 0.03 0.0 3.0
2.3959165 12.7951355 -1.38328313 0.0 3.0
2.3959165 12.7951355 -1.38328314 0.0 4.0
6.212546 14.024923 -3.5868154 0.0 4.0
2.3959165 12.7951355 -1.38328315 0.0 4.0
5.1624827 16.439405 -1.38328315 0.0 4.0
0.0 9.1508665 0.06 12.0 3.0
0.0 13.726299 0.06 12.0 3.0
0.0 13.726299 0.07 0.0 4.0
2.3959165 17.37057 -1.38328317 0.0 4.0
0.0 13.726299 0.08 11.0 4.0
0.0 18.301733 0.08 11.0 4.0
0.0 18.301733 0.09 2.0 5.0
-2.3959165 21.946003 1.38328319 2.0 5.0
-2.3959165 21.946003 1.383283110 0.0 6.0
-2.3959165 26.521437 1.383283110 0.0 6.0
-2.3959165 21.946003 1.383283111 1.0 6.0
-5.1624827 25.590273 1.383283111 1.0 6.0
-5.1624827 25.590273 1.383283112 0.0 7.0
-5.1624827 30.165707 1.383283112 0.0 7.0
-5.1624827 30.165707 1.383283113 0.0 8.0
-2.7665663 33.809975 0.013 0.0 8.0
-5.1624827 30.165707 1.383283114 0.0 8.0
-5.1624827 34.74114 1.383283114 0.0 8.0
-5.1624827 25.590273 1.383283115 0.0 7.0
-7.929049 29.234543 1.383283115 0.0 7.0
-7.929049 29.234543 1.383283116 0.0 8.0
-7.929049 33.809975 1.383283116 0.0 8.0
-7.929049 29.234543 1.383283117 0.0 8.0
-10.695616 32.87881 1.383283117 0.0 8.0
0.0 18.301733 0.018 10.0 5.0
0.0 22.877167 0.018 10.0 5.0
0.0 22.877167 0.019 0.0 6.0
2.3959165 26.521437 -1.383283119 0.0 6.0
0.0 22.877167 0.020 9.0 6.0
0.0 27.4526 0.020 9.0 6.0
0.0 27.4526 0.021 0.0 7.0
2.3959165 31.09687 -1.383283121 0.0 7.0
2.3959165 31.09687 -1.383283122 0.0 8.0
6.212546 32.326656 -3.58681522 0.0 8.0
2.3959165 31.09687 -1.383283123 0.0 8.0
5.1624827 34.74114 -1.383283123 0.0 8.0
0.0 27.4526 0.024 8.0 7.0
0.0 32.028034 0.024 8.0 7.0
0.0 32.028034 0.025 0.0 8.0
2.3959165 35.672302 -1.383283125 0.0 8.0
0.0 32.028034 0.026 7.0 8.0
0.0 36.603466 0.026 7.0 8.0
0.0 36.603466 0.027 6.0 9.0
-2.3959165 40.247734 1.383283127 6.0 9.0
-2.3959165 40.247734 1.383283128 0.0 10.0
-2.3959165 44.823166 1.383283128 0.0 10.0
-2.3959165 40.247734 1.383283129 5.0 10.0
-5.1624827 43.892002 1.383283129 5.0 10.0
-5.1624827 43.892002 1.383283130 0.0 11.0
-5.1624827 48.467434 1.383283130 0.0 11.0
-5.1624827 48.467434 1.383283131 0.0 12.0
-2.7665663 52.111702 0.031 0.0 12.0
-5.1624827 48.467434 1.383283132 0.0 12.0
-5.1624827 53.042866 1.383283132 0.0 12.0
-5.1624827 43.892002 1.383283133 4.0 11.0
-7.929049 47.53627 1.383283133 4.0 11.0
-7.929049 47.53627 1.383283134 0.0 12.0
-7.929049 52.111702 1.383283134 0.0 12.0
-7.929049 47.53627 1.383283135 3.0 12.0
-10.695616 51.18054 1.383283135 3.0 12.0
-10.695616 51.18054 1.383283136 2.0 13.0
-14.512245 52.410324 3.58681536 2.0 13.0
-14.512245 52.410324 3.58681537 0.0 14.0
-16.908161 56.054592 4.970098537 0.0 14.0
-14.512245 52.410324 3.58681538 1.0 14.0
-18.91931 53.64011 3.58681538 1.0 14.0
-18.91931 53.64011 3.58681539 0.0 15.0
-21.315226 57.284378 4.970098539 0.0 15.0
-21.315226 57.284378 4.970098540 0.0 16.0
-21.315226 61.85981 4.970098540 0.0 16.0
-21.315226 57.284378 4.970098541 0.0 16.0
-24.08179 60.928646 4.970098541 0.0 16.0
-18.91931 53.64011 3.58681542 0.0 15.0
-23.326374 54.869896 3.58681542 0.0 15.0
-23.326374 54.869896 3.58681543 0.0 16.0
-25.72229 58.514164 4.970098543 0.0 16.0
-23.326374 54.869896 3.58681544 0.0 16.0
-27.733438 56.09968 3.58681544 0.0 16.0
-10.695616 51.18054 1.383283145 2.0 13.0
-13.462182 54.824806 1.383283145 2.0 13.0
-13.462182 54.824806 1.383283146 0.0 14.0
-13.462182 59.400238 1.383283146 0.0 14.0
-13.462182 54.824806 1.383283147 1.0 14.0
-16.228748 58.469074 1.383283147 1.0 14.0
-16.228748 58.469074 1.383283148 0.0 15.0
-16.228748 63.044506 1.383283148 0.0 15.0
-16.228748 63.044506 1.383283149 0.0 16.0
-13.832832 66.688774 0.049 0.0 16.0
-16.228748 63.044506 1.383283150 0.0 16.0
-16.228748 67.61994 1.383283150 0.0 16.0
-16.228748 58.469074 1.383283151 0.0 15.0
-18.995316 62.113342 1.383283151 0.0 15.0
-18.995316 62.113342 1.383283152 0.0 16.0
-18.995316 66.688774 1.383283152 0.0 16.0
-18.995316 62.113342 1.383283153 0.0 16.0
-21.761883 65.757614 1.383283153 0.0 16.0
0.0 36.603466 0.054 6.0 9.0
0.0 41.178898 0.054 6.0 9.0
0.0 41.178898 0.055 0.0 10.0
2.3959165 44.823166 -1.383283155 0.0 10.0
0.0 41.178898 0.056 5.0 10.0
0.0 45.75433 0.056 5.0 10.0
0.0 45.75433 0.057 0.0 11.0
2.3959165 49.398598 -1.383283157 0.0 11.0
2.3959165 49.398598 -1.383283158 0.0 12.0
6.212546 50.628384 -3.58681558 0.0 12.0
2.3959165 49.398598 -1.383283159 0.0 12.0
5.1624827 53.042866 -1.383283159 0.0 12.0
0.0 45.75433 0.060 4.0 11.0
0.0 50.32976 0.060 4.0 11.0
0.0 50.32976 0.061 0.0 12.0
2.3959165 53.97403 -1.383283161 0.0 12.0
0.0 50.32976 0.062 3.0 12.0
0.0 54.905193 0.062 3.0 12.0
0.0 54.905193 0.063 2.0 13.0
-2.3959165 58.54946 1.383283163 2.0 13.0
-2.3959165 58.54946 1.383283164 0.0 14.0
-2.3959165 63.124893 1.383283164 0.0 14.0
-2.3959165 58.54946 1.383283165 1.0 14.0
-5.1624827 62.19373 1.383283165 1.0 14.0
-5.1624827 62.19373 1.383283166 0.0 15.0
-5.1624827 66.769165 1.383283166 0.0 15.0
-5.1624827 66.769165 1.383283167 0.0 16.0
-2.7665663 70.41344 0.067 0.0 16.0
-5.1624827 66.769165 1.383283168 0.0 16.0
-5.1624827 71.3446 1.383283168 0.0 16.0
-5.1624827 62.19373 1.383283169 0.0 15.0
-7.929049 65.838 1.383283169 0.0 15.0
-7.929049 65.838 1.383283170 0.0 16.0
-7.929049 70.41343 1.383283170 0.0 16.0
-7.929049 65.838 1.383283171 0.0 16.0
-10.695616 69.48227 1.383283171 0.0 16.0
0.0 54.905193 0.072 2.0 13.0
0.0 59.480625 0.072 2.0 13.0
0.0 59.480625 0.073 0.0 14.0
2.3959165 63.124893 -1.383283173 0.0 14.0
0.0 59.480625 0.074 1.0 14.0
0.0 64.05606 0.074 1.0 14.0
0.0 64.05606 0.075 0.0 15.0
2.3959165 67.70033 -1.383283175 0.0 15.0
2.3959165 67.70033 -1.383283176 0.0 16.0
6.212546 68.93012 -3.58681576 0.0 16.0
2.3959165 67.70033 -1.383283177 0.0 16.0
5.1624827 71.344604 -1.383283177 0.0 16.0
0.0 64.05606 0.078 0.0 15.0
0.0 68.63149 0.078 0.0 15.0
0.0 68.63149 0.079 0.0 16.0
2.3959165 72.275764 -1.383283179 0.0 16.0
0.0 68.63149 0.080 0.0 16.0
0.0 73.206924 0.080 0.0 16.0
