0.0 0.0 0.00 11.0 1.0
0.0 3.8791242 0.00 11.0 1.0
0.0 3.8791242 0.01 10.0 2.0
0.0 7.7582483 0.01 10.0 2.0
0.0 7.7582483 0.02 1.0 3.0
3.359 7.696902 -1.93931952 1.0 3.0
3.359 7.696902 -1.93931953 0.0 4.0
5.7531786 10.418081 -3.3215993 0.0 4.0
5.7531786 10.418081 -3.3215994 0.0 5.0
5.7531786 14.297205 -3.3215994 0.0 5.0
0.0 7.7582483 0.05 1.0 3.0
-2.3941784 10.479427 1.38227955 1.0 3.0
-2.3941784 10.479427 1.38227956 0.0 4.0
-2.3941784 14.358551 1.38227956 0.0 4.0
-2.3941784 14.358551 1.38227957 0.0 5.0
0.0 17.079731 0.07 0.0 5.0
0.0 7.7582483 0.08 9.0 3.0
0.0 11.637373 0.08 9.0 3.0
0.0 11.637373 0.09 8.0 4.0
0.0 15.516497 0.09 8.0 4.0
0.0 15.516497 0.010 1.0 5.0
3.359 15.455151 -1.939319510 1.0 5.0
3.359 15.455151 -1.939319511 0.0 6.0
5.7531786 18.17633 -3.32159911 0.0 6.0
5.7531786 18.17633 -3.32159912 0.0 7.0
5.7531786 22.055454 -3.32159912 0.0 7.0
0.0 15.516497 0.013 1.0 5.0
-2.3941784 18.237677 1.382279513 1.0 5.0
-2.3941784 18.237677 1.382279514 0.0 6.0
-2.3941784 22.1168 1.382279514 0.0 6.0
-2.3941784 22.1168 1.382279515 0.0 7.0
0.0 24.83798 0.015 0.0 7.0
0.0 15.516497 0.016 7.0 5.0
3.359 15.455151 -1.939319516 7.0 5.0
3.359 15.455151 -1.939319517 6.0 6.0
6.718 15.393805 -3.87863917 6.0 6.0
6.718 15.393805 -3.87863918 1.0 7.0
6.6117578 11.516621 -3.817318 1.0 7.0
6.6117578 11.516621 -3.817319 0.0 8.0
8.930211 8.709373 -5.155859519 0.0 8.0
8.930211 8.709373 -5.155859520 0.0 9.0
12.289211 8.648027 -7.09517920 0.0 9.0
6.718 15.393805 -3.87863921 1.0 7.0
9.112178 18.114985 -5.260918621 1.0 7.0
9.112178 18.114985 -5.260918622 0.0 8.0
12.471178 18.053638 -7.20023822 0.0 8.0
12.471178 18.053638 -7.20023823 0.0 9.0
14.789631 15.246391 -8.53879723 0.0 9.0
6.718 15.393805 -3.87863924 5.0 7.0
9.482559 18.114985 -3.87863924 5.0 7.0
9.482559 18.114985 -3.87863925 4.0 8.0
12.247118 20.836164 -3.87863925 4.0 8.0
12.247118 20.836164 -3.87863926 1.0 9.0
14.565571 18.028917 -5.217198426 1.0 9.0
14.565571 18.028917 -5.217198427 0.0 10.0
17.92457 17.967571 -7.15651827 0.0 10.0
17.92457 17.967571 -7.15651828 0.0 11.0
20.318748 20.688751 -8.53879728 0.0 11.0
12.247118 20.836164 -3.87863929 1.0 9.0
12.247118 24.715288 -3.878638729 1.0 9.0
12.247118 24.715288 -3.878638730 0.0 10.0
14.641296 27.436468 -5.26091830 0.0 10.0
14.641296 27.436468 -5.26091831 0.0 11.0
18.000296 27.375122 -7.200237831 0.0 11.0
12.247118 20.836164 -3.87863932 3.0 9.0
12.247118 24.715288 -3.87863932 3.0 9.0
12.247118 24.715288 -3.87863933 2.0 10.0
12.247118 28.594412 -3.87863933 2.0 10.0
12.247118 28.594412 -3.87863934 1.0 11.0
15.606118 28.533066 -5.817958434 1.0 11.0
15.606118 28.533066 -5.817958435 0.0 12.0
18.000296 31.254246 -7.200237835 0.0 12.0
18.000296 31.254246 -7.200237836 0.0 13.0
18.000296 35.13337 -7.200237836 0.0 13.0
12.247118 28.594412 -3.87863937 1.0 11.0
9.85294 31.31559 -2.496359337 1.0 11.0
9.85294 31.31559 -2.496359338 0.0 12.0
9.85294 35.194714 -2.49635938 0.0 12.0
9.85294 35.194714 -2.49635939 0.0 13.0
12.247118 37.915894 -3.878638539 0.0 13.0
0.0 15.516497 0.040 7.0 5.0
-2.3941784 18.237677 1.382279540 7.0 5.0
-2.3941784 18.237677 1.382279541 6.0 6.0
-4.788357 20.958857 2.76455941 6.0 6.0
-4.788357 20.958857 2.76455942 1.0 7.0
-2.3941784 23.680037 1.382279542 1.0 7.0
-2.3941784 23.680037 1.382279543 0.0 8.0
-2.3941784 27.55916 1.382279543 0.0 8.0
-2.3941784 27.55916 1.382279544 0.0 9.0
-4.788357 30.28034 2.76455944 0.0 9.0
-4.788357 20.958857 2.76455945 1.0 7.0
-8.147357 20.89751 4.703878445 1.0 7.0
-8.147357 20.89751 4.703878446 0.0 8.0
-10.541535 23.61869 6.08615846 0.0 8.0
-10.541535 23.61869 6.08615847 0.0 9.0
-10.541535 27.497814 6.08615847 0.0 9.0
-4.788357 20.958857 2.76455948 5.0 7.0
-4.788357 24.83798 2.76455948 5.0 7.0
-4.788357 24.83798 2.76455949 4.0 8.0
-4.788357 28.717104 2.76455949 4.0 8.0
-4.788357 28.717104 2.76455950 1.0 9.0
-1.4293568 28.655758 0.8252395450 1.0 9.0
-1.4293568 28.655758 0.8252395451 0.0 10.0
0.9648216 31.376938 -0.5570451 0.0 10.0
0.9648216 31.376938 -0.5570452 0.0 11.0
0.9648216 35.25606 -0.5570452 0.0 11.0
-4.788357 28.717104 2.76455953 1.0 9.0
-7.182535 31.438284 4.146838753 1.0 9.0
-7.182535 31.438284 4.146838754 0.0 10.0
-7.182535 35.31741 4.146838754 0.0 10.0
-7.182535 35.31741 4.146838755 0.0 11.0
-4.788357 38.03859 2.764559355 0.0 11.0
-4.788357 28.717104 2.76455956 3.0 9.0
-2.0237978 31.438284 2.76455956 3.0 9.0
-2.0237978 31.438284 2.76455957 2.0 10.0
0.7407613 34.159462 2.76455957 2.0 10.0
0.7407613 34.159462 2.76455958 1.0 11.0
3.0592144 31.352215 1.425999558 1.0 11.0
3.0592144 31.352215 1.425999559 0.0 12.0
6.4182143 31.290869 -0.5133199759 0.0 12.0
6.4182143 31.290869 -0.5133199760 0.0 13.0
8.812392 34.012047 -1.895599460 0.0 13.0
0.7407613 34.159462 2.76455961 1.0 11.0
0.7407613 38.038586 2.76455961 1.0 11.0
0.7407613 38.038586 2.76455962 0.0 12.0
3.1349397 40.759766 1.382279562 0.0 12.0
3.1349397 40.759766 1.382279563 0.0 13.0
6.4939394 40.698418 -0.5570463 0.0 13.0
