0.0 0.0 0.00 11.0 1.0
-2.0476527 2.565442 0.00 11.0 1.0
-2.0476527 2.565442 0.01 10.0 2.0
-4.0953054 5.130884 0.01 10.0 2.0
-4.0953054 5.130884 0.02 1.0 3.0
-5.9393296 7.6963263 0.890200262 1.0 3.0
-5.9393296 7.6963263 0.890200263 0.0 4.0
-8.6914625 8.8942375 2.2187893 0.0 4.0
-8.6914625 8.8942375 2.2187894 0.0 5.0
-11.614272 8.403639 3.62977174 0.0 5.0
-4.0953054 5.130884 0.05 1.0 3.0
-6.5665407 3.0832312 0.688835 1.0 3.0
-6.5665407 3.0832312 0.688836 0.0 4.0
-9.692924 2.5926325 1.56027536 0.0 4.0
-9.692924 2.5926325 1.56027537 0.0 5.0
-12.636742 3.7905438 2.38083277 0.0 5.0
-4.0953054 5.130884 0.08 9.0 3.0
-7.34087 4.640286 0.08 9.0 3.0
-7.34087 4.640286 0.09 8.0 4.0
-10.586434 4.149688 0.09 8.0 4.0
-10.586434 4.149688 0.010 1.0 5.0
-13.585755 3.659089 1.240065810 1.0 5.0
-13.585755 3.659089 1.240065811 0.0 6.0
-15.956555 1.6114361 2.220270211 0.0 6.0
-15.956555 1.6114361 2.220270212 0.0 7.0
-17.06358 -1.4446042 2.677968512 0.0 7.0
-10.586434 4.149688 0.013 1.0 5.0
-10.1584 0.90412354 -0.2397343513 1.0 5.0
-10.1584 0.90412354 -0.2397343514 0.0 6.0
-11.203548 -2.1519167 0.3456339214 0.0 6.0
-11.203548 -2.1519167 0.3456339215 0.0 7.0
-13.441834 -4.1995697 1.59925615 0.0 7.0
-10.586434 4.149688 0.016 7.0 5.0
-13.475555 3.659089 1.47873716 7.0 5.0
-13.475555 3.659089 1.47873717 6.0 6.0
-16.364677 3.1684904 2.95747417 6.0 6.0
-16.364677 3.1684904 2.95747418 1.0 7.0
-19.382256 2.6778917 4.15242518 1.0 7.0
-19.382256 2.6778917 4.15242519 0.0 8.0
-21.767487 0.6302388 5.09696819 0.0 8.0
-21.767487 0.6302388 5.09696820 0.0 9.0
-22.88125 -2.4258015 5.53801520 0.0 9.0
-16.364677 3.1684904 2.95747421 1.0 7.0
-15.914722 -0.07707381 2.761957221 1.0 7.0
-15.914722 -0.07707381 2.761957222 0.0 8.0
-17.013395 -3.133114 3.239358222 0.0 8.0
-17.013395 -3.133114 3.239358223 0.0 9.0
-19.366306 -5.180767 4.26175823 0.0 9.0
-16.364677 3.1684904 2.95747424 5.0 7.0
-15.87408 -0.07707381 2.95747424 5.0 7.0
-15.87408 -0.07707381 2.95747425 4.0 8.0
-15.383482 -3.322638 2.95747425 4.0 8.0
-15.383482 -3.322638 2.95747426 1.0 9.0
-14.912769 -6.568202 2.819214826 1.0 9.0
-14.912769 -6.568202 2.819214827 0.0 10.0
-12.9481125 -9.133644 2.242149827 0.0 10.0
-12.9481125 -9.133644 2.242149828 0.0 11.0
-10.01594 -10.331556 1.380903228 0.0 11.0
-15.383482 -3.322638 2.95747429 1.0 9.0
-12.427144 -2.832041 1.61816329 1.0 9.0
-12.427144 -2.832041 1.61816330 0.0 10.0
-9.643441 -4.0299535 0.3570610330 0.0 10.0
-9.643441 -4.0299535 0.3570610331 0.0 11.0
-7.778264 -6.595396 -0.4879208231 0.0 11.0
-15.383482 -3.322638 2.95747432 3.0 9.0
-12.1379175 -2.832041 2.95747432 3.0 9.0
-12.1379175 -2.832041 2.95747433 2.0 10.0
-8.892353 -2.341444 2.95747433 2.0 10.0
-8.892353 -2.341444 2.95747434 1.0 11.0
-5.9787 -1.850847 1.527678134 1.0 11.0
-5.9787 -1.850847 1.527678135 0.0 12.0
-3.6756153 0.19680452 0.3975019535 0.0 12.0
-3.6756153 0.19680452 0.3975019536 0.0 13.0
-2.6002078 3.252844 -0.1302249436 0.0 13.0
-8.892353 -2.341444 2.95747437 1.0 11.0
-9.3383665 0.9041207 3.161817837 1.0 11.0
-9.3383665 0.9041207 3.161817838 0.0 12.0
-8.249312 3.9601603 2.662860938 0.0 12.0
-8.249312 3.9601603 2.662860939 0.0 13.0
-5.917002 6.0078115 1.594298239 0.0 13.0
-10.586434 4.149688 0.040 7.0 5.0
-10.154902 0.90412354 -0.2333802340 7.0 5.0
-10.154902 0.90412354 -0.2333802341 6.0 6.0
-9.723371 -2.3414407 -0.4667604641 6.0 6.0
-9.723371 -2.3414407 -0.4667604642 1.0 7.0
-9.269011 -5.5870047 -0.651809742 1.0 7.0
-9.269011 -5.5870047 -0.651809743 0.0 8.0
-7.372607 -8.152447 -1.42416643 0.0 8.0
-7.372607 -8.152447 -1.42416644 0.0 9.0
-4.5423 -9.350359 -2.57687744 0.0 9.0
-9.723371 -2.3414407 -0.4667604645 1.0 7.0
-6.6696653 -1.8508437 -1.566111345 1.0 7.0
-6.6696653 -1.8508437 -1.566111346 0.0 8.0
-3.794281 -3.0487561 -2.601265746 0.0 8.0
-3.794281 -3.0487561 -2.601265747 0.0 9.0
-1.8676742 -5.6141987 -3.294854947 0.0 9.0
-9.723371 -2.3414407 -0.4667604648 5.0 7.0
-7.6757183 -4.9068832 -0.4667604648 5.0 7.0
-7.6757183 -4.9068832 -0.4667604649 4.0 8.0
-5.628066 -7.4723253 -0.4667604649 4.0 8.0
-5.628066 -7.4723253 -0.4667604650 1.0 9.0
-3.7285259 -10.037767 -1.231369450 1.0 9.0
-3.7285259 -10.037767 -1.231369451 0.0 10.0
-0.8935373 -11.23568 -2.37251851 0.0 10.0
-0.8935373 -11.23568 -2.37251852 0.0 11.0
2.1172671 -10.745083 -3.584436452 0.0 11.0
-5.628066 -7.4723253 -0.4667604653 1.0 9.0
-3.3877654 -5.424674 -1.716780453 1.0 9.0
-3.3877654 -5.424674 -1.716780454 0.0 10.0
-0.5535412 -4.934077 -3.298191854 0.0 10.0
-0.5535412 -4.934077 -3.298191855 0.0 11.0
2.1151786 -6.1319895 -4.787256755 0.0 11.0
-5.628066 -7.4723253 -0.4667604656 3.0 9.0
-2.572026 -8.670238 -0.4667604656 3.0 9.0
-2.572026 -8.670238 -0.4667604657 2.0 10.0
0.48401403 -9.86815 -0.4667604657 2.0 10.0
0.48401403 -9.86815 -0.4667604658 1.0 11.0
3.375819 -11.066062 -1.455115158 1.0 11.0
3.375819 -11.066062 -1.455115159 0.0 12.0
6.4469633 -10.575465 -2.504763859 0.0 12.0
6.4469633 -10.575465 -2.504763860 0.0 13.0
8.8745365 -8.527814 -3.334454560 0.0 13.0
0.48401403 -9.86815 -0.4667604661 1.0 11.0
1.6160231 -6.81211 -0.8586176661 1.0 11.0
1.6160231 -6.81211 -0.8586176662 0.0 12.0
4.0403256 -4.7644587 -1.697816462 0.0 12.0
4.0403256 -4.7644587 -1.697816463 0.0 13.0
7.107332 -4.2738614 -2.759493863 0.0 13.0
