0.0 0.0 0.00 60.0 1.0
0.0 0.3915647 0.00 60.0 1.0
0.0 0.3915647 0.01 59.0 2.0
0.0 0.7831294 0.01 59.0 2.0
0.0 0.7831294 0.02 58.0 3.0
0.0 1.1746941 0.02 58.0 3.0
0.0 1.1746941 0.03 57.0 4.0
0.0 1.5662588 0.03 57.0 4.0
0.0 1.5662588 0.04 56.0 5.0
0.0 1.9578235 0.04 56.0 5.0
0.0 1.9578235 0.05 55.0 6.0
0.0 2.3493881 0.05 55.0 6.0
0.0 2.3493881 0.06 54.0 7.0
0.0 2.7409527 0.06 54.0 7.0
0.0 2.7409527 0.07 53.0 8.0
0.0 3.1325173 0.07 53.0 8.0
0.0 3.1325173 0.08 52.0 9.0
0.0 3.524082 0.08 52.0 9.0
0.0 3.524082 0.09 51.0 10.0
0.0 3.9156466 0.09 51.0 10.0
0.0 3.9156466 0.010 50.0 11.0
0.0 4.3072114 0.010 50.0 11.0
0.0 4.3072114 0.011 49.0 12.0
0.0 4.6987762 0.011 49.0 12.0
0.0 4.6987762 0.012 48.0 13.0
0.0 5.090341 0.012 48.0 13.0
0.0 5.090341 0.013 47.0 14.0
0.0 5.481906 0.013 47.0 14.0
0.0 5.481906 0.014 46.0 15.0
0.0 5.873471 0.014 46.0 15.0
0.0 5.873471 0.015 45.0 16.0
0.0 6.2650356 0.015 45.0 16.0
0.0 6.2650356 0.016 28.0 17.0
0.26011288 6.5162554 -0.1501762416 28.0 17.0
0.26011288 6.5162554 -0.1501762417 27.0 18.0
0.52022576 6.767475 -0.3003524817 27.0 18.0
0.52022576 6.767475 -0.3003524818 26.0 19.0
0.78033864 7.018695 -0.4505287418 26.0 19.0
0.78033864 7.018695 -0.4505287419 25.0 20.0
1.0404515 7.2699146 -0.6007049719 25.0 20.0
1.0404515 7.2699146 -0.6007049720 24.0 21.0
1.3005644 7.5211344 -0.750881220 24.0 21.0
1.3005644 7.5211344 -0.750881221 23.0 22.0
1.5606773 7.772354 -0.901057421 23.0 22.0
1.5606773 7.772354 -0.901057422 22.0 23.0
1.8207902 8.023574 -1.051233622 22.0 23.0
1.8207902 8.023574 -1.051233623 21.0 24.0
2.080903 8.274794 -1.201409923 21.0 24.0
2.080903 8.274794 -1.201409924 12.0 25.0
2.4146688 8.205584 -1.394109724 12.0 25.0
2.4146688 8.205584 -1.394109725 11.0 26.0
2.7484345 8.1363735 -1.586809525 11.0 26.0
2.7484345 8.1363735 -1.586809526 10.0 27.0
3.0822003 8.067163 -1.779509326 10.0 27.0
3.0822003 8.067163 -1.779509327 9.0 28.0
3.415966 7.997953 -1.972209127 9.0 28.0
3.415966 7.997953 -1.972209128 4.0 29.0
3.5841272 7.6579256 -2.06929728 4.0 29.0
3.5841272 7.6579256 -2.06929729 3.0 30.0
3.7522883 7.3178983 -2.16638529 3.0 30.0
3.7522883 7.3178983 -2.16638530 0.0 31.0
4.0860543 7.2486877 -2.359084630 0.0 31.0
4.0860543 7.2486877 -2.359084631 0.0 32.0
4.4714537 7.179477 -2.359084631 0.0 32.0
3.7522883 7.3178983 -2.16638532 2.0 31.0
3.9464643 6.977871 -2.16638532 2.0 31.0
3.9464643 6.977871 -2.16638533 1.0 32.0
4.1406403 6.6378436 -2.16638533 1.0 32.0
4.1406403 6.6378436 -2.16638534 0.0 33.0
4.0226517 6.2707453 -2.098264234 0.0 33.0
4.0226517 6.2707453 -2.098264235 0.0 34.0
3.8864102 5.903647 -2.098264235 0.0 34.0
4.1406403 6.6378436 -2.16638536 0.0 33.0
4.52604 6.568633 -2.16638536 0.0 33.0
4.52604 6.568633 -2.16638537 0.0 34.0
4.91144 6.4994226 -2.16638537 0.0 34.0
3.415966 7.997953 -1.972209138 8.0 29.0
3.8013656 7.9287424 -1.972209138 8.0 29.0
3.8013656 7.9287424 -1.972209139 7.0 30.0
4.186765 7.859532 -1.972209139 7.0 30.0
4.186765 7.859532 -1.972209140 6.0 31.0
4.5721645 7.7903214 -1.972209140 6.0 31.0
4.5721645 7.7903214 -1.972209141 5.0 32.0
4.9575644 7.721111 -1.972209141 5.0 32.0
4.9575644 7.721111 -1.972209142 4.0 33.0
5.1257257 7.3810835 -2.06929742 4.0 33.0
5.1257257 7.3810835 -2.06929743 3.0 34.0
5.293887 7.041056 -2.16638543 3.0 34.0
5.293887 7.041056 -2.16638544 0.0 35.0
5.627653 6.9718456 -2.359084644 0.0 35.0
5.627653 6.9718456 -2.359084645 0.0 36.0
6.013053 6.902635 -2.359084645 0.0 36.0
5.293887 7.041056 -2.16638546 2.0 35.0
5.488063 6.701029 -2.16638546 2.0 35.0
5.488063 6.701029 -2.16638547 1.0 36.0
5.6822386 6.3610015 -2.16638547 1.0 36.0
5.6822386 6.3610015 -2.16638548 0.0 37.0
5.56425 5.993903 -2.098264248 0.0 37.0
5.56425 5.993903 -2.098264249 0.0 38.0
5.4280086 5.626805 -2.098264249 0.0 38.0
5.6822386 6.3610015 -2.16638550 0.0 37.0
6.0676384 6.291791 -2.16638550 0.0 37.0
6.0676384 6.291791 -2.16638551 0.0 38.0
6.453038 6.2225804 -2.16638551 0.0 38.0
4.9575644 7.721111 -1.972209152 4.0 33.0
5.257917 7.9723306 -1.972209152 4.0 33.0
5.257917 7.9723306 -1.972209153 3.0 34.0
5.5582695 8.22355 -1.972209153 3.0 34.0
5.5582695 8.22355 -1.972209154 0.0 35.0
5.5582695 8.615114 -1.972209154 0.0 35.0
5.5582695 8.615114 -1.972209155 0.0 36.0
5.5582695 9.006679 -1.972209155 0.0 36.0
5.5582695 8.22355 -1.972209156 2.0 35.0
5.858622 8.47477 -1.972209156 2.0 35.0
5.858622 8.47477 -1.972209157 1.0 36.0
6.1589746 8.725989 -1.972209157 1.0 36.0
6.1589746 8.725989 -1.972209158 0.0 37.0
6.4927406 8.656779 -2.16490958 0.0 37.0
6.4927406 8.656779 -2.16490959 0.0 38.0
6.8781404 8.587569 -2.16490959 0.0 38.0
6.1589746 8.725989 -1.972209160 0.0 37.0
6.1589746 9.117554 -1.972209160 0.0 37.0
6.1589746 9.117554 -1.972209161 0.0 38.0
6.1589746 9.509118 -1.972209161 0.0 38.0
2.080903 8.274794 -1.201409962 20.0 25.0
2.3812556 8.526013 -1.201409962 20.0 25.0
2.3812556 8.526013 -1.201409963 19.0 26.0
2.6816082 8.777233 -1.201409963 19.0 26.0
2.6816082 8.777233 -1.201409964 18.0 27.0
2.9819608 9.028453 -1.201409964 18.0 27.0
2.9819608 9.028453 -1.201409965 17.0 28.0
3.2823133 9.279673 -1.201409965 17.0 28.0
3.2823133 9.279673 -1.201409966 16.0 29.0
3.582666 9.530892 -1.201409966 16.0 29.0
3.582666 9.530892 -1.201409967 15.0 30.0
3.8830185 9.782112 -1.201409967 15.0 30.0
3.8830185 9.782112 -1.201409968 14.0 31.0
4.183371 10.033332 -1.201409968 14.0 31.0
4.183371 10.033332 -1.201409969 13.0 32.0
4.4837236 10.284552 -1.201409969 13.0 32.0
4.4837236 10.284552 -1.201409970 12.0 33.0
4.8174896 10.215342 -1.394109770 12.0 33.0
4.8174896 10.215342 -1.394109771 11.0 34.0
5.1512556 10.1461315 -1.586809571 11.0 34.0
5.1512556 10.1461315 -1.586809572 10.0 35.0
5.4850216 10.076921 -1.779509372 10.0 35.0
5.4850216 10.076921 -1.779509373 9.0 36.0
5.8187876 10.007711 -1.972209173 9.0 36.0
5.8187876 10.007711 -1.972209174 4.0 37.0
5.986949 9.667684 -2.06929774 4.0 37.0
5.986949 9.667684 -2.06929775 3.0 38.0
6.1551104 9.327656 -2.16638575 3.0 38.0
6.1551104 9.327656 -2.16638576 0.0 39.0
6.4888763 9.258446 -2.359084676 0.0 39.0
6.4888763 9.258446 -2.359084677 0.0 40.0
6.874276 9.189236 -2.359084677 0.0 40.0
6.1551104 9.327656 -2.16638578 2.0 39.0
6.349286 8.987628 -2.16638578 2.0 39.0
6.349286 8.987628 -2.16638579 1.0 40.0
6.543462 8.6476 -2.16638579 1.0 40.0
6.543462 8.6476 -2.16638580 0.0 41.0
6.425473 8.280501 -2.098264280 0.0 41.0
6.425473 8.280501 -2.098264281 0.0 42.0
6.289232 7.913403 -2.098264281 0.0 42.0
6.543462 8.6476 -2.16638582 0.0 41.0
6.9288616 8.57839 -2.16638582 0.0 41.0
6.9288616 8.57839 -2.16638583 0.0 42.0
7.3142614 8.50918 -2.16638583 0.0 42.0
5.8187876 10.007711 -1.972209184 8.0 37.0
6.2041874 9.938501 -1.972209184 8.0 37.0
6.2041874 9.938501 -1.972209185 7.0 38.0
6.589587 9.869291 -1.972209185 7.0 38.0
6.589587 9.869291 -1.972209186 6.0 39.0
6.974987 9.800081 -1.972209186 6.0 39.0
6.974987 9.800081 -1.972209187 5.0 40.0
7.360387 9.730871 -1.972209187 5.0 40.0
7.360387 9.730871 -1.972209188 4.0 41.0
7.5285482 9.390843 -2.06929788 4.0 41.0
7.5285482 9.390843 -2.06929789 3.0 42.0
7.6967096 9.050816 -2.16638589 3.0 42.0
7.6967096 9.050816 -2.16638590 0.0 43.0
8.030476 8.981606 -2.359084690 0.0 43.0
8.030476 8.981606 -2.359084691 0.0 44.0
8.415875 8.9123955 -2.359084691 0.0 44.0
7.6967096 9.050816 -2.16638592 2.0 43.0
7.8908854 8.710788 -2.16638592 2.0 43.0
7.8908854 8.710788 -2.16638593 1.0 44.0
8.085061 8.37076 -2.16638593 1.0 44.0
8.085061 8.37076 -2.16638594 0.0 45.0
7.9670725 8.003661 -2.098264294 0.0 45.0
7.9670725 8.003661 -2.098264295 0.0 46.0
7.830831 7.636563 -2.098264295 0.0 46.0
8.085061 8.37076 -2.16638596 0.0 45.0
8.470461 8.30155 -2.16638596 0.0 45.0
8.470461 8.30155 -2.16638597 0.0 46.0
8.855861 8.23234 -2.16638597 0.0 46.0
7.360387 9.730871 -1.972209198 4.0 41.0
7.6607394 9.982091 -1.972209198 4.0 41.0
7.6607394 9.982091 -1.972209199 3.0 42.0
7.961092 10.233311 -1.972209199 3.0 42.0
7.961092 10.233311 -1.9722091100 0.0 43.0
7.961092 10.624875 -1.9722091100 0.0 43.0
7.961092 10.624875 -1.9722091101 0.0 44.0
7.961092 11.016439 -1.9722091101 0.0 44.0
7.961092 10.233311 -1.9722091102 2.0 43.0
8.261444 10.48453 -1.9722091102 2.0 43.0
8.261444 10.48453 -1.9722091103 1.0 44.0
8.561796 10.73575 -1.9722091103 1.0 44.0
8.561796 10.73575 -1.9722091104 0.0 45.0
8.895562 10.66654 -2.164909104 0.0 45.0
8.895562 10.66654 -2.164909105 0.0 46.0
9.280962 10.59733 -2.164909105 0.0 46.0
8.561796 10.73575 -1.9722091106 0.0 45.0
8.561796 11.127315 -1.9722091106 0.0 45.0
8.561796 11.127315 -1.9722091107 0.0 46.0
8.561796 11.518879 -1.9722091107 0.0 46.0
4.4837236 10.284552 -1.2014099108 12.0 33.0
4.4837236 10.676116 -1.2014099108 12.0 33.0
4.4837236 10.676116 -1.2014099109 11.0 34.0
4.4837236 11.06768 -1.2014099109 11.0 34.0
4.4837236 11.06768 -1.2014099110 10.0 35.0
4.4837236 11.459245 -1.2014099110 10.0 35.0
4.4837236 11.459245 -1.2014099111 9.0 36.0
4.4837236 11.850809 -1.2014099111 9.0 36.0
4.4837236 11.850809 -1.2014099112 4.0 37.0
4.7438364 12.102029 -1.3515862112 4.0 37.0
4.7438364 12.102029 -1.3515862113 3.0 38.0
5.003949 12.353249 -1.5017625113 3.0 38.0
5.003949 12.353249 -1.5017625114 0.0 39.0
5.003949 12.744813 -1.5017625114 0.0 39.0
5.003949 12.744813 -1.5017625115 0.0 40.0
5.003949 13.136377 -1.5017625115 0.0 40.0
5.003949 12.353249 -1.5017625116 2.0 39.0
5.3043017 12.604468 -1.5017625116 2.0 39.0
5.3043017 12.604468 -1.5017625117 1.0 40.0
5.6046543 12.855688 -1.5017625117 1.0 40.0
5.6046543 12.855688 -1.5017625118 0.0 41.0
5.9384203 12.786478 -1.6944623118 0.0 41.0
5.9384203 12.786478 -1.6944623119 0.0 42.0
6.32382 12.717268 -1.6944623119 0.0 42.0
5.6046543 12.855688 -1.5017625120 0.0 41.0
5.6046543 13.247252 -1.5017625120 0.0 41.0
5.6046543 13.247252 -1.5017625121 0.0 42.0
5.6046543 13.638817 -1.5017625121 0.0 42.0
4.4837236 11.850809 -1.2014099122 8.0 37.0
4.4837236 12.242373 -1.2014099122 8.0 37.0
4.4837236 12.242373 -1.2014099123 7.0 38.0
4.4837236 12.633938 -1.2014099123 7.0 38.0
4.4837236 12.633938 -1.2014099124 6.0 39.0
4.4837236 13.025502 -1.2014099124 6.0 39.0
4.4837236 13.025502 -1.2014099125 5.0 40.0
4.4837236 13.417067 -1.2014099125 5.0 40.0
4.4837236 13.417067 -1.2014099126 4.0 41.0
4.7438364 13.668286 -1.3515862126 4.0 41.0
4.7438364 13.668286 -1.3515862127 3.0 42.0
5.003949 13.919506 -1.5017625127 3.0 42.0
5.003949 13.919506 -1.5017625128 0.0 43.0
5.003949 14.31107 -1.5017625128 0.0 43.0
5.003949 14.31107 -1.5017625129 0.0 44.0
5.003949 14.702635 -1.5017625129 0.0 44.0
5.003949 13.919506 -1.5017625130 2.0 43.0
5.3043017 14.170726 -1.5017625130 2.0 43.0
5.3043017 14.170726 -1.5017625131 1.0 44.0
5.6046543 14.421946 -1.5017625131 1.0 44.0
5.6046543 14.421946 -1.5017625132 0.0 45.0
5.9384203 14.3527355 -1.6944623132 0.0 45.0
5.9384203 14.3527355 -1.6944623133 0.0 46.0
6.32382 14.283525 -1.6944623133 0.0 46.0
5.6046543 14.421946 -1.5017625134 0.0 45.0
5.6046543 14.81351 -1.5017625134 0.0 45.0
5.6046543 14.81351 -1.5017625135 0.0 46.0
5.6046543 15.205074 -1.5017625135 0.0 46.0
4.4837236 13.417067 -1.2014099136 4.0 41.0
4.183371 13.668286 -1.2014099136 4.0 41.0
4.183371 13.668286 -1.2014099137 3.0 42.0
3.8830185 13.919506 -1.2014099137 3.0 42.0
3.8830185 13.919506 -1.2014099138 0.0 43.0
3.5492527 13.850296 -1.0087101138 0.0 43.0
3.5492527 13.850296 -1.0087101139 0.0 44.0
3.1638532 13.781086 -1.0087101139 0.0 44.0
3.8830185 13.919506 -1.2014099140 2.0 43.0
3.582666 14.170726 -1.2014099140 2.0 43.0
3.582666 14.170726 -1.2014099141 1.0 44.0
3.2823133 14.421946 -1.2014099141 1.0 44.0
3.2823133 14.421946 -1.2014099142 0.0 45.0
3.2823133 14.81351 -1.2014099142 0.0 45.0
3.2823133 14.81351 -1.2014099143 0.0 46.0
3.2823133 15.205074 -1.2014099143 0.0 46.0
3.2823133 14.421946 -1.2014099144 0.0 45.0
2.8969138 14.3527355 -1.2014099144 0.0 45.0
2.8969138 14.3527355 -1.2014099145 0.0 46.0
2.5115142 14.283525 -1.2014099145 0.0 46.0
0.0 6.2650356 0.0146 44.0 17.0
0.0 6.6566005 0.0146 44.0 17.0
0.0 6.6566005 0.0147 43.0 18.0
0.0 7.0481653 0.0147 43.0 18.0
0.0 7.0481653 0.0148 42.0 19.0
0.0 7.43973 0.0148 42.0 19.0
0.0 7.43973 0.0149 41.0 20.0
0.0 7.831295 0.0149 41.0 20.0
0.0 7.831295 0.0150 40.0 21.0
0.0 8.222859 0.0150 40.0 21.0
0.0 8.222859 0.0151 39.0 22.0
0.0 8.614424 0.0151 39.0 22.0
0.0 8.614424 0.0152 38.0 23.0
0.0 9.005988 0.0152 38.0 23.0
0.0 9.005988 0.0153 37.0 24.0
0.0 9.3975525 0.0153 37.0 24.0
0.0 9.3975525 0.0154 36.0 25.0
0.0 9.789117 0.0154 36.0 25.0
0.0 9.789117 0.0155 35.0 26.0
0.0 10.180681 0.0155 35.0 26.0
0.0 10.180681 0.0156 34.0 27.0
0.0 10.572246 0.0156 34.0 27.0
0.0 10.572246 0.0157 33.0 28.0
0.0 10.96381 0.0157 33.0 28.0
0.0 10.96381 0.0158 32.0 29.0
0.0 11.355374 0.0158 32.0 29.0
0.0 11.355374 0.0159 31.0 30.0
0.0 11.746939 0.0159 31.0 30.0
0.0 11.746939 0.0160 30.0 31.0
0.0 12.138503 0.0160 30.0 31.0
0.0 12.138503 0.0161 29.0 32.0
0.0 12.530067 0.0161 29.0 32.0
0.0 12.530067 0.0162 28.0 33.0
0.26011288 12.781287 -0.15017624162 28.0 33.0
0.26011288 12.781287 -0.15017624163 27.0 34.0
0.52022576 13.032507 -0.30035248163 27.0 34.0
0.52022576 13.032507 -0.30035248164 26.0 35.0
0.78033864 13.283727 -0.45052874164 26.0 35.0
0.78033864 13.283727 -0.45052874165 25.0 36.0
1.0404515 13.534946 -0.60070497165 25.0 36.0
1.0404515 13.534946 -0.60070497166 24.0 37.0
1.3005644 13.786166 -0.7508812166 24.0 37.0
1.3005644 13.786166 -0.7508812167 23.0 38.0
1.5606773 14.037386 -0.9010574167 23.0 38.0
1.5606773 14.037386 -0.9010574168 22.0 39.0
1.8207902 14.288606 -1.0512336168 22.0 39.0
1.8207902 14.288606 -1.0512336169 21.0 40.0
2.080903 14.539825 -1.2014099169 21.0 40.0
2.080903 14.539825 -1.2014099170 12.0 41.0
2.4146688 14.470615 -1.3941097170 12.0 41.0
2.4146688 14.470615 -1.3941097171 11.0 42.0
2.7484345 14.401405 -1.5868095171 11.0 42.0
2.7484345 14.401405 -1.5868095172 10.0 43.0
3.0822003 14.332195 -1.7795093172 10.0 43.0
3.0822003 14.332195 -1.7795093173 9.0 44.0
3.415966 14.262985 -1.9722091173 9.0 44.0
3.415966 14.262985 -1.9722091174 4.0 45.0
3.5841272 13.922957 -2.069297174 4.0 45.0
3.5841272 13.922957 -2.069297175 3.0 46.0
3.7522883 13.58293 -2.166385175 3.0 46.0
3.7522883 13.58293 -2.166385176 0.0 47.0
4.0860543 13.51372 -2.3590846176 0.0 47.0
4.0860543 13.51372 -2.3590846177 0.0 48.0
4.4714537 13.4445095 -2.3590846177 0.0 48.0
3.7522883 13.58293 -2.166385178 2.0 47.0
3.9464643 13.242902 -2.166385178 2.0 47.0
3.9464643 13.242902 -2.166385179 1.0 48.0
4.1406403 12.902874 -2.166385179 1.0 48.0
4.1406403 12.902874 -2.166385180 0.0 49.0
4.0226517 12.535775 -2.0982642180 0.0 49.0
4.0226517 12.535775 -2.0982642181 0.0 50.0
3.8864102 12.168676 -2.0982642181 0.0 50.0
4.1406403 12.902874 -2.166385182 0.0 49.0
4.52604 12.833664 -2.166385182 0.0 49.0
4.52604 12.833664 -2.166385183 0.0 50.0
4.91144 12.764454 -2.166385183 0.0 50.0
3.415966 14.262985 -1.9722091184 8.0 45.0
3.8013656 14.193775 -1.9722091184 8.0 45.0
3.8013656 14.193775 -1.9722091185 7.0 46.0
4.186765 14.124565 -1.9722091185 7.0 46.0
4.186765 14.124565 -1.9722091186 6.0 47.0
4.5721645 14.055355 -1.9722091186 6.0 47.0
4.5721645 14.055355 -1.9722091187 5.0 48.0
4.9575644 13.986145 -1.9722091187 5.0 48.0
4.9575644 13.986145 -1.9722091188 4.0 49.0
5.1257257 13.646117 -2.069297188 4.0 49.0
5.1257257 13.646117 -2.069297189 3.0 50.0
5.293887 13.306089 -2.166385189 3.0 50.0
5.293887 13.306089 -2.166385190 0.0 51.0
5.627653 13.236879 -2.3590846190 0.0 51.0
5.627653 13.236879 -2.3590846191 0.0 52.0
6.013053 13.167669 -2.3590846191 0.0 52.0
5.293887 13.306089 -2.166385192 2.0 51.0
5.488063 12.966062 -2.166385192 2.0 51.0
5.488063 12.966062 -2.166385193 1.0 52.0
5.6822386 12.626034 -2.166385193 1.0 52.0
5.6822386 12.626034 -2.166385194 0.0 53.0
5.56425 12.258935 -2.0982642194 0.0 53.0
5.56425 12.258935 -2.0982642195 0.0 54.0
5.4280086 11.891836 -2.0982642195 0.0 54.0
5.6822386 12.626034 -2.166385196 0.0 53.0
6.0676384 12.556824 -2.166385196 0.0 53.0
6.0676384 12.556824 -2.166385197 0.0 54.0
6.453038 12.487614 -2.166385197 0.0 54.0
4.9575644 13.986145 -1.9722091198 4.0 49.0
5.257917 14.237365 -1.9722091198 4.0 49.0
5.257917 14.237365 -1.9722091199 3.0 50.0
5.5582695 14.4885845 -1.9722091199 3.0 50.0
5.5582695 14.4885845 -1.9722091200 0.0 51.0
5.5582695 14.880149 -1.9722091200 0.0 51.0
5.5582695 14.880149 -1.9722091201 0.0 52.0
5.5582695 15.271713 -1.9722091201 0.0 52.0
5.5582695 14.4885845 -1.9722091202 2.0 51.0
5.858622 14.739804 -1.9722091202 2.0 51.0
5.858622 14.739804 -1.9722091203 1.0 52.0
6.1589746 14.991024 -1.9722091203 1.0 52.0
6.1589746 14.991024 -1.9722091204 0.0 53.0
6.4927406 14.921814 -2.164909204 0.0 53.0
6.4927406 14.921814 -2.164909205 0.0 54.0
6.8781404 14.852604 -2.164909205 0.0 54.0
6.1589746 14.991024 -1.9722091206 0.0 53.0
6.1589746 15.382588 -1.9722091206 0.0 53.0
6.1589746 15.382588 -1.9722091207 0.0 54.0
6.1589746 15.774153 -1.9722091207 0.0 54.0
2.080903 14.539825 -1.2014099208 20.0 41.0
2.3812556 14.791045 -1.2014099208 20.0 41.0
2.3812556 14.791045 -1.2014099209 19.0 42.0
2.6816082 15.042265 -1.2014099209 19.0 42.0
2.6816082 15.042265 -1.2014099210 18.0 43.0
2.9819608 15.293485 -1.2014099210 18.0 43.0
2.9819608 15.293485 -1.2014099211 17.0 44.0
3.2823133 15.544704 -1.2014099211 17.0 44.0
3.2823133 15.544704 -1.2014099212 16.0 45.0
3.582666 15.795924 -1.2014099212 16.0 45.0
3.582666 15.795924 -1.2014099213 15.0 46.0
3.8830185 16.047144 -1.2014099213 15.0 46.0
3.8830185 16.047144 -1.2014099214 14.0 47.0
4.183371 16.298363 -1.2014099214 14.0 47.0
4.183371 16.298363 -1.2014099215 13.0 48.0
4.4837236 16.549582 -1.2014099215 13.0 48.0
4.4837236 16.549582 -1.2014099216 12.0 49.0
4.8174896 16.480371 -1.3941097216 12.0 49.0
4.8174896 16.480371 -1.3941097217 11.0 50.0
5.1512556 16.411161 -1.5868095217 11.0 50.0
5.1512556 16.411161 -1.5868095218 10.0 51.0
5.4850216 16.341951 -1.7795093218 10.0 51.0
5.4850216 16.341951 -1.7795093219 9.0 52.0
5.8187876 16.272741 -1.9722091219 9.0 52.0
5.8187876 16.272741 -1.9722091220 4.0 53.0
5.986949 15.9327135 -2.069297220 4.0 53.0
5.986949 15.9327135 -2.069297221 3.0 54.0
6.1551104 15.592686 -2.166385221 3.0 54.0
6.1551104 15.592686 -2.166385222 0.0 55.0
6.4888763 15.523476 -2.3590846222 0.0 55.0
6.4888763 15.523476 -2.3590846223 0.0 56.0
6.874276 15.454266 -2.3590846223 0.0 56.0
6.1551104 15.592686 -2.166385224 2.0 55.0
6.349286 15.252658 -2.166385224 2.0 55.0
6.349286 15.252658 -2.166385225 1.0 56.0
6.543462 14.91263 -2.166385225 1.0 56.0
6.543462 14.91263 -2.166385226 0.0 57.0
6.425473 14.545531 -2.0982642226 0.0 57.0
6.425473 14.545531 -2.0982642227 0.0 58.0
6.289232 14.178432 -2.0982642227 0.0 58.0
6.543462 14.91263 -2.166385228 0.0 57.0
6.9288616 14.84342 -2.166385228 0.0 57.0
6.9288616 14.84342 -2.166385229 0.0 58.0
7.3142614 14.77421 -2.166385229 0.0 58.0
5.8187876 16.272741 -1.9722091230 8.0 53.0
6.2041874 16.203531 -1.9722091230 8.0 53.0
6.2041874 16.203531 -1.9722091231 7.0 54.0
6.589587 16.134321 -1.9722091231 7.0 54.0
6.589587 16.134321 -1.9722091232 6.0 55.0
6.974987 16.065111 -1.9722091232 6.0 55.0
6.974987 16.065111 -1.9722091233 5.0 56.0
7.360387 15.995901 -1.9722091233 5.0 56.0
7.360387 15.995901 -1.9722091234 4.0 57.0
7.5285482 15.655873 -2.069297234 4.0 57.0
7.5285482 15.655873 -2.069297235 3.0 58.0
7.6967096 15.3158455 -2.166385235 3.0 58.0
7.6967096 15.3158455 -2.166385236 0.0 59.0
8.030476 15.246635 -2.3590846236 0.0 59.0
8.030476 15.246635 -2.3590846237 0.0 60.0
8.415875 15.177425 -2.3590846237 0.0 60.0
7.6967096 15.3158455 -2.166385238 2.0 59.0
7.8908854 14.975818 -2.166385238 2.0 59.0
7.8908854 14.975818 -2.166385239 1.0 60.0
8.085061 14.63579 -2.166385239 1.0 60.0
8.085061 14.63579 -2.166385240 0.0 61.0
7.9670725 14.268691 -2.0982642240 0.0 61.0
7.9670725 14.268691 -2.0982642241 0.0 62.0
7.830831 13.901592 -2.0982642241 0.0 62.0
8.085061 14.63579 -2.166385242 0.0 61.0
8.470461 14.56658 -2.166385242 0.0 61.0
8.470461 14.56658 -2.166385243 0.0 62.0
8.855861 14.49737 -2.166385243 0.0 62.0
7.360387 15.995901 -1.9722091244 4.0 57.0
7.6607394 16.24712 -1.9722091244 4.0 57.0
7.6607394 16.24712 -1.9722091245 3.0 58.0
7.961092 16.498339 -1.9722091245 3.0 58.0
7.961092 16.498339 -1.9722091246 0.0 59.0
7.961092 16.889904 -1.9722091246 0.0 59.0
7.961092 16.889904 -1.9722091247 0.0 60.0
7.961092 17.28147 -1.9722091247 0.0 60.0
7.961092 16.498339 -1.9722091248 2.0 59.0
8.261444 16.749557 -1.9722091248 2.0 59.0
8.261444 16.749557 -1.9722091249 1.0 60.0
8.561796 17.000776 -1.9722091249 1.0 60.0
8.561796 17.000776 -1.9722091250 0.0 61.0
8.895562 16.931566 -2.164909250 0.0 61.0
8.895562 16.931566 -2.164909251 0.0 62.0
9.280962 16.862356 -2.164909251 0.0 62.0
8.561796 17.000776 -1.9722091252 0.0 61.0
8.561796 17.392342 -1.9722091252 0.0 61.0
8.561796 17.392342 -1.9722091253 0.0 62.0
8.561796 17.783907 -1.9722091253 0.0 62.0
4.4837236 16.549582 -1.2014099254 12.0 49.0
4.4837236 16.941147 -1.2014099254 12.0 49.0
4.4837236 16.941147 -1.2014099255 11.0 50.0
4.4837236 17.332712 -1.2014099255 11.0 50.0
4.4837236 17.332712 -1.2014099256 10.0 51.0
4.4837236 17.724277 -1.2014099256 10.0 51.0
4.4837236 17.724277 -1.2014099257 9.0 52.0
4.4837236 18.115843 -1.2014099257 9.0 52.0
4.4837236 18.115843 -1.2014099258 4.0 53.0
4.7438364 18.367062 -1.3515862258 4.0 53.0
4.7438364 18.367062 -1.3515862259 3.0 54.0
5.003949 18.61828 -1.5017625259 3.0 54.0
5.003949 18.61828 -1.5017625260 0.0 55.0
5.003949 19.009846 -1.5017625260 0.0 55.0
5.003949 19.009846 -1.5017625261 0.0 56.0
5.003949 19.401411 -1.5017625261 0.0 56.0
5.003949 18.61828 -1.5017625262 2.0 55.0
5.3043017 18.8695 -1.5017625262 2.0 55.0
5.3043017 18.8695 -1.5017625263 1.0 56.0
5.6046543 19.120718 -1.5017625263 1.0 56.0
5.6046543 19.120718 -1.5017625264 0.0 57.0
5.9384203 19.051508 -1.6944623264 0.0 57.0
5.9384203 19.051508 -1.6944623265 0.0 58.0
6.32382 18.982298 -1.6944623265 0.0 58.0
5.6046543 19.120718 -1.5017625266 0.0 57.0
5.6046543 19.512283 -1.5017625266 0.0 57.0
5.6046543 19.512283 -1.5017625267 0.0 58.0
5.6046543 19.903849 -1.5017625267 0.0 58.0
4.4837236 18.115843 -1.2014099268 8.0 53.0
4.4837236 18.507408 -1.2014099268 8.0 53.0
4.4837236 18.507408 -1.2014099269 7.0 54.0
4.4837236 18.898973 -1.2014099269 7.0 54.0
4.4837236 18.898973 -1.2014099270 6.0 55.0
4.4837236 19.290539 -1.2014099270 6.0 55.0
4.4837236 19.290539 -1.2014099271 5.0 56.0
4.4837236 19.682104 -1.2014099271 5.0 56.0
4.4837236 19.682104 -1.2014099272 4.0 57.0
4.7438364 19.933323 -1.3515862272 4.0 57.0
4.7438364 19.933323 -1.3515862273 3.0 58.0
5.003949 20.184542 -1.5017625273 3.0 58.0
5.003949 20.184542 -1.5017625274 0.0 59.0
5.003949 20.576107 -1.5017625274 0.0 59.0
5.003949 20.576107 -1.5017625275 0.0 60.0
5.003949 20.967672 -1.5017625275 0.0 60.0
5.003949 20.184542 -1.5017625276 2.0 59.0
5.3043017 20.43576 -1.5017625276 2.0 59.0
5.3043017 20.43576 -1.5017625277 1.0 60.0
5.6046543 20.68698 -1.5017625277 1.0 60.0
5.6046543 20.68698 -1.5017625278 0.0 61.0
5.9384203 20.61777 -1.6944623278 0.0 61.0
5.9384203 20.61777 -1.6944623279 0.0 62.0
6.32382 20.54856 -1.6944623279 0.0 62.0
5.6046543 20.68698 -1.5017625280 0.0 61.0
5.6046543 21.078545 -1.5017625280 0.0 61.0
5.6046543 21.078545 -1.5017625281 0.0 62.0
5.6046543 21.47011 -1.5017625281 0.0 62.0
4.4837236 19.682104 -1.2014099282 4.0 57.0
4.183371 19.933323 -1.2014099282 4.0 57.0
4.183371 19.933323 -1.2014099283 3.0 58.0
3.8830185 20.184542 -1.2014099283 3.0 58.0
3.8830185 20.184542 -1.2014099284 0.0 59.0
3.5492527 20.115332 -1.0087101284 0.0 59.0
3.5492527 20.115332 -1.0087101285 0.0 60.0
3.1638532 20.046122 -1.0087101285 0.0 60.0
3.8830185 20.184542 -1.2014099286 2.0 59.0
3.582666 20.43576 -1.2014099286 2.0 59.0
3.582666 20.43576 -1.2014099287 1.0 60.0
3.2823133 20.68698 -1.2014099287 1.0 60.0
3.2823133 20.68698 -1.2014099288 0.0 61.0
3.2823133 21.078545 -1.2014099288 0.0 61.0
3.2823133 21.078545 -1.2014099289 0.0 62.0
3.2823133 21.47011 -1.2014099289 0.0 62.0
3.2823133 20.68698 -1.2014099290 0.0 61.0
2.8969138 20.61777 -1.2014099290 0.0 61.0
2.8969138 20.61777 -1.2014099291 0.0 62.0
2.5115142 20.54856 -1.2014099291 0.0 62.0
0.0 12.530067 0.0292 28.0 33.0
-0.30035248 12.781287 0.0292 28.0 33.0
-0.30035248 12.781287 0.0293 27.0 34.0
-0.60070497 13.032507 0.0293 27.0 34.0
-0.60070497 13.032507 0.0294 26.0 35.0
-0.9010575 13.283727 0.0294 26.0 35.0
-0.9010575 13.283727 0.0295 25.0 36.0
-1.2014099 13.534946 0.0295 25.0 36.0
-1.2014099 13.534946 0.0296 24.0 37.0
-1.5017624 13.786166 0.0296 24.0 37.0
-1.5017624 13.786166 0.0297 23.0 38.0
-1.8021148 14.037386 0.0297 23.0 38.0
-1.8021148 14.037386 0.0298 22.0 39.0
-2.1024673 14.288606 0.0298 22.0 39.0
-2.1024673 14.288606 0.0299 21.0 40.0
-2.4028199 14.539825 0.0299 21.0 40.0
-2.4028199 14.539825 0.0300 12.0 41.0
-2.4028199 14.93139 0.0300 12.0 41.0
-2.4028199 14.93139 0.0301 11.0 42.0
-2.4028199 15.322954 0.0301 11.0 42.0
-2.4028199 15.322954 0.0302 10.0 43.0
-2.4028199 15.714519 0.0302 10.0 43.0
-2.4028199 15.714519 0.0303 9.0 44.0
-2.4028199 16.106083 0.0303 9.0 44.0
-2.4028199 16.106083 0.0304 4.0 45.0
-2.1427069 16.357302 -0.15017624304 4.0 45.0
-2.1427069 16.357302 -0.15017624305 3.0 46.0
-1.882594 16.60852 -0.30035248305 3.0 46.0
-1.882594 16.60852 -0.30035248306 0.0 47.0
-1.882594 17.000086 -0.30035248306 0.0 47.0
-1.882594 17.000086 -0.30035248307 0.0 48.0
-1.882594 17.391651 -0.30035248307 0.0 48.0
-1.882594 16.60852 -0.30035248308 2.0 47.0
-1.5822415 16.85974 -0.30035248308 2.0 47.0
-1.5822415 16.85974 -0.30035248309 1.0 48.0
-1.2818891 17.110958 -0.30035248309 1.0 48.0
-1.2818891 17.110958 -0.30035248310 0.0 49.0
-0.9481232 17.041748 -0.49305227310 0.0 49.0
-0.9481232 17.041748 -0.49305227311 0.0 50.0
-0.56272364 16.972538 -0.49305227311 0.0 50.0
-1.2818891 17.110958 -0.30035248312 0.0 49.0
-1.2818891 17.502523 -0.30035248312 0.0 49.0
-1.2818891 17.502523 -0.30035248313 0.0 50.0
-1.2818891 17.894089 -0.30035248313 0.0 50.0
-2.4028199 16.106083 0.0314 8.0 45.0
-2.4028199 16.497648 0.0314 8.0 45.0
-2.4028199 16.497648 0.0315 7.0 46.0
-2.4028199 16.889214 0.0315 7.0 46.0
-2.4028199 16.889214 0.0316 6.0 47.0
-2.4028199 17.280779 0.0316 6.0 47.0
-2.4028199 17.280779 0.0317 5.0 48.0
-2.4028199 17.672344 0.0317 5.0 48.0
-2.4028199 17.672344 0.0318 4.0 49.0
-2.1427069 17.923563 -0.15017624318 4.0 49.0
-2.1427069 17.923563 -0.15017624319 3.0 50.0
-1.882594 18.174782 -0.30035248319 3.0 50.0
-1.882594 18.174782 -0.30035248320 0.0 51.0
-1.882594 18.566347 -0.30035248320 0.0 51.0
-1.882594 18.566347 -0.30035248321 0.0 52.0
-1.882594 18.957912 -0.30035248321 0.0 52.0
-1.882594 18.174782 -0.30035248322 2.0 51.0
-1.5822415 18.426 -0.30035248322 2.0 51.0
-1.5822415 18.426 -0.30035248323 1.0 52.0
-1.2818891 18.67722 -0.30035248323 1.0 52.0
-1.2818891 18.67722 -0.30035248324 0.0 53.0
-0.9481232 18.60801 -0.49305227324 0.0 53.0
-0.9481232 18.60801 -0.49305227325 0.0 54.0
-0.56272364 18.5388 -0.49305227325 0.0 54.0
-1.2818891 18.67722 -0.30035248326 0.0 53.0
-1.2818891 19.068785 -0.30035248326 0.0 53.0
-1.2818891 19.068785 -0.30035248327 0.0 54.0
-1.2818891 19.46035 -0.30035248327 0.0 54.0
-2.4028199 17.672344 0.0328 4.0 49.0
-2.7031724 17.923563 0.0328 4.0 49.0
-2.7031724 17.923563 0.0329 3.0 50.0
-3.003525 18.174782 0.0329 3.0 50.0
-3.003525 18.174782 0.0330 0.0 51.0
-3.3372908 18.105572 0.19269979330 0.0 51.0
-3.3372908 18.105572 0.19269979331 0.0 52.0
-3.7226903 18.036362 0.19269979331 0.0 52.0
-3.003525 18.174782 0.0332 2.0 51.0
-3.3038776 18.426 0.0332 2.0 51.0
-3.3038776 18.426 0.0333 1.0 52.0
-3.6042302 18.67722 0.0333 1.0 52.0
-3.6042302 18.67722 0.0334 0.0 53.0
-3.6042302 19.068785 0.0334 0.0 53.0
-3.6042302 19.068785 0.0335 0.0 54.0
-3.6042302 19.46035 0.0335 0.0 54.0
-3.6042302 18.67722 0.0336 0.0 53.0
-3.9896297 18.60801 0.0336 0.0 53.0
-3.9896297 18.60801 0.0337 0.0 54.0
-4.3750296 18.5388 0.0337 0.0 54.0
-2.4028199 14.539825 0.0338 20.0 41.0
-2.7031724 14.791045 0.0338 20.0 41.0
-2.7031724 14.791045 0.0339 19.0 42.0
-3.003525 15.042265 0.0339 19.0 42.0
-3.003525 15.042265 0.0340 18.0 43.0
-3.3038776 15.293485 0.0340 18.0 43.0
-3.3038776 15.293485 0.0341 17.0 44.0
-3.6042302 15.544704 0.0341 17.0 44.0
-3.6042302 15.544704 0.0342 16.0 45.0
-3.9045827 15.795924 0.0342 16.0 45.0
-3.9045827 15.795924 0.0343 15.0 46.0
-4.204935 16.047144 0.0343 15.0 46.0
-4.204935 16.047144 0.0344 14.0 47.0
-4.5052876 16.298363 0.0344 14.0 47.0
-4.5052876 16.298363 0.0345 13.0 48.0
-4.80564 16.549582 0.0345 13.0 48.0
-4.80564 16.549582 0.0346 12.0 49.0
-4.80564 16.941147 0.0346 12.0 49.0
-4.80564 16.941147 0.0347 11.0 50.0
-4.80564 17.332712 0.0347 11.0 50.0
-4.80564 17.332712 0.0348 10.0 51.0
-4.80564 17.724277 0.0348 10.0 51.0
-4.80564 17.724277 0.0349 9.0 52.0
-4.80564 18.115843 0.0349 9.0 52.0
-4.80564 18.115843 0.0350 4.0 53.0
-4.5455275 18.367062 -0.15017624350 4.0 53.0
-4.5455275 18.367062 -0.15017624351 3.0 54.0
-4.2854147 18.61828 -0.30035248351 3.0 54.0
-4.2854147 18.61828 -0.30035248352 0.0 55.0
-4.2854147 19.009846 -0.30035248352 0.0 55.0
-4.2854147 19.009846 -0.30035248353 0.0 56.0
-4.2854147 19.401411 -0.30035248353 0.0 56.0
-4.2854147 18.61828 -0.30035248354 2.0 55.0
-3.9850621 18.8695 -0.30035248354 2.0 55.0
-3.9850621 18.8695 -0.30035248355 1.0 56.0
-3.6847095 19.120718 -0.30035248355 1.0 56.0
-3.6847095 19.120718 -0.30035248356 0.0 57.0
-3.3509438 19.051508 -0.49305227356 0.0 57.0
-3.3509438 19.051508 -0.49305227357 0.0 58.0
-2.9655442 18.982298 -0.49305227357 0.0 58.0
-3.6847095 19.120718 -0.30035248358 0.0 57.0
-3.6847095 19.512283 -0.30035248358 0.0 57.0
-3.6847095 19.512283 -0.30035248359 0.0 58.0
-3.6847095 19.903849 -0.30035248359 0.0 58.0
-4.80564 18.115843 0.0360 8.0 53.0
-4.80564 18.507408 0.0360 8.0 53.0
-4.80564 18.507408 0.0361 7.0 54.0
-4.80564 18.898973 0.0361 7.0 54.0
-4.80564 18.898973 0.0362 6.0 55.0
-4.80564 19.290539 0.0362 6.0 55.0
-4.80564 19.290539 0.0363 5.0 56.0
-4.80564 19.682104 0.0363 5.0 56.0
-4.80564 19.682104 0.0364 4.0 57.0
-4.5455275 19.933323 -0.15017624364 4.0 57.0
-4.5455275 19.933323 -0.15017624365 3.0 58.0
-4.2854147 20.184542 -0.30035248365 3.0 58.0
-4.2854147 20.184542 -0.30035248366 0.0 59.0
-4.2854147 20.576107 -0.30035248366 0.0 59.0
-4.2854147 20.576107 -0.30035248367 0.0 60.0
-4.2854147 20.967672 -0.30035248367 0.0 60.0
-4.2854147 20.184542 -0.30035248368 2.0 59.0
-3.9850621 20.43576 -0.30035248368 2.0 59.0
-3.9850621 20.43576 -0.30035248369 1.0 60.0
-3.6847095 20.68698 -0.30035248369 1.0 60.0
-3.6847095 20.68698 -0.30035248370 0.0 61.0
-3.3509438 20.61777 -0.49305227370 0.0 61.0
-3.3509438 20.61777 -0.49305227371 0.0 62.0
-2.9655442 20.54856 -0.49305227371 0.0 62.0
-3.6847095 20.68698 -0.30035248372 0.0 61.0
-3.6847095 21.078545 -0.30035248372 0.0 61.0
-3.6847095 21.078545 -0.30035248373 0.0 62.0
-3.6847095 21.47011 -0.30035248373 0.0 62.0
-4.80564 19.682104 0.0374 4.0 57.0
-5.105993 19.933323 0.0374 4.0 57.0
-5.105993 19.933323 0.0375 3.0 58.0
-5.4063454 20.184542 0.0375 3.0 58.0
-5.4063454 20.184542 0.0376 0.0 59.0
-5.7401114 20.115332 0.19269979376 0.0 59.0
-5.7401114 20.115332 0.19269979377 0.0 60.0
-6.125511 20.046122 0.19269979377 0.0 60.0
-5.4063454 20.184542 0.0378 2.0 59.0
-5.706698 20.43576 0.0378 2.0 59.0
-5.706698 20.43576 0.0379 1.0 60.0
-6.0070505 20.68698 0.0379 1.0 60.0
-6.0070505 20.68698 0.0380 0.0 61.0
-6.0070505 21.078545 0.0380 0.0 61.0
-6.0070505 21.078545 0.0381 0.0 62.0
-6.0070505 21.47011 0.0381 0.0 62.0
-6.0070505 20.68698 0.0382 0.0 61.0
-6.3924503 20.61777 0.0382 0.0 61.0
-6.3924503 20.61777 0.0383 0.0 62.0
-6.77785 20.54856 0.0383 0.0 62.0
-4.80564 16.549582 0.0384 12.0 49.0
-5.19104 16.480371 0.0384 12.0 49.0
-5.19104 16.480371 0.0385 11.0 50.0
-5.57644 16.411161 0.0385 11.0 50.0
-5.57644 16.411161 0.0386 10.0 51.0
-5.9618397 16.341951 0.0386 10.0 51.0
-5.9618397 16.341951 0.0387 9.0 52.0
-6.3472395 16.272741 0.0387 9.0 52.0
-6.3472395 16.272741 0.0388 4.0 53.0
-6.6073523 16.52396 0.15017624388 4.0 53.0
-6.6073523 16.52396 0.15017624389 3.0 54.0
-6.867465 16.775179 0.30035248389 3.0 54.0
-6.867465 16.775179 0.30035248390 0.0 55.0
-7.201231 16.705969 0.49305227390 0.0 55.0
-7.201231 16.705969 0.49305227391 0.0 56.0
-7.586631 16.636759 0.49305227391 0.0 56.0
-6.867465 16.775179 0.30035248392 2.0 55.0
-7.1678176 17.026398 0.30035248392 2.0 55.0
-7.1678176 17.026398 0.30035248393 1.0 56.0
-7.46817 17.277617 0.30035248393 1.0 56.0
-7.46817 17.277617 0.30035248394 0.0 57.0
-7.46817 17.669182 0.30035248394 0.0 57.0
-7.46817 17.669182 0.30035248395 0.0 58.0
-7.46817 18.060747 0.30035248395 0.0 58.0
-7.46817 17.277617 0.30035248396 0.0 57.0
-7.85357 17.208406 0.30035248396 0.0 57.0
-7.85357 17.208406 0.30035248397 0.0 58.0
-8.23897 17.139196 0.30035248397 0.0 58.0
-6.3472395 16.272741 0.0398 8.0 53.0
-6.7326393 16.203531 0.0398 8.0 53.0
-6.7326393 16.203531 0.0399 7.0 54.0
-7.118039 16.134321 0.0399 7.0 54.0
-7.118039 16.134321 0.0400 6.0 55.0
-7.503439 16.065111 0.0400 6.0 55.0
-7.503439 16.065111 0.0401 5.0 56.0
-7.888839 15.995901 0.0401 5.0 56.0
-7.888839 15.995901 0.0402 4.0 57.0
-8.148952 16.24712 0.15017624402 4.0 57.0
-8.148952 16.24712 0.15017624403 3.0 58.0
-8.409064 16.498339 0.30035248403 3.0 58.0
-8.409064 16.498339 0.30035248404 0.0 59.0
-8.74283 16.429129 0.49305227404 0.0 59.0
-8.74283 16.429129 0.49305227405 0.0 60.0
-9.12823 16.359919 0.49305227405 0.0 60.0
-8.409064 16.498339 0.30035248406 2.0 59.0
-8.709416 16.749557 0.30035248406 2.0 59.0
-8.709416 16.749557 0.30035248407 1.0 60.0
-9.0097685 17.000776 0.30035248407 1.0 60.0
-9.0097685 17.000776 0.30035248408 0.0 61.0
-9.0097685 17.392342 0.30035248408 0.0 61.0
-9.0097685 17.392342 0.30035248409 0.0 62.0
-9.0097685 17.783907 0.30035248409 0.0 62.0
-9.0097685 17.000776 0.30035248410 0.0 61.0
-9.395168 16.931566 0.30035248410 0.0 61.0
-9.395168 16.931566 0.30035248411 0.0 62.0
-9.780568 16.862356 0.30035248411 0.0 62.0
-7.888839 15.995901 0.0412 4.0 57.0
-8.0830145 15.655873 0.0412 4.0 57.0
-8.0830145 15.655873 0.0413 3.0 58.0
-8.27719 15.3158455 0.0413 3.0 58.0
-8.27719 15.3158455 0.0414 0.0 59.0
-8.159202 14.948747 -0.06812066414 0.0 59.0
-8.159202 14.948747 -0.06812066415 0.0 60.0
-8.022961 14.581648 -0.06812066415 0.0 60.0
-8.27719 15.3158455 0.0416 2.0 59.0
-8.471366 14.975818 0.0416 2.0 59.0
-8.471366 14.975818 0.0417 1.0 60.0
-8.665542 14.63579 0.0417 1.0 60.0
-8.665542 14.63579 0.0418 0.0 61.0
-8.999308 14.56658 0.19269979418 0.0 61.0
-8.999308 14.56658 0.19269979419 0.0 62.0
-9.384707 14.49737 0.19269979419 0.0 62.0
-8.665542 14.63579 0.0420 0.0 61.0
-8.529301 14.268691 0.0420 0.0 61.0
-8.529301 14.268691 0.0421 0.0 62.0
-8.39306 13.901592 0.0421 0.0 62.0
