0.0 0.0 0.00 60.0 1.0
0.0 1.6077318 0.00 60.0 1.0
0.0 1.6077318 0.01 59.0 2.0
0.0 3.2154636 0.01 59.0 2.0
0.0 3.2154636 0.02 58.0 3.0
0.0 4.8231955 0.02 58.0 3.0
0.0 4.8231955 0.03 57.0 4.0
0.0 6.4309273 0.03 57.0 4.0
0.0 6.4309273 0.04 56.0 5.0
0.0 8.038659 0.04 56.0 5.0
0.0 8.038659 0.05 55.0 6.0
0.0 9.646391 0.05 55.0 6.0
0.0 9.646391 0.06 54.0 7.0
0.0 11.254123 0.06 54.0 7.0
0.0 11.254123 0.07 53.0 8.0
0.0 12.861855 0.07 53.0 8.0
0.0 12.861855 0.08 52.0 9.0
0.0 14.469586 0.08 52.0 9.0
0.0 14.469586 0.09 51.0 10.0
0.0 16.077318 0.09 51.0 10.0
0.0 16.077318 0.010 50.0 11.0
0.0 17.685051 0.010 50.0 11.0
0.0 17.685051 0.011 49.0 12.0
0.0 19.292782 0.011 49.0 12.0
0.0 19.292782 0.012 48.0 13.0
0.0 20.900513 0.012 48.0 13.0
0.0 20.900513 0.013 47.0 14.0
0.0 22.508244 0.013 47.0 14.0
0.0 22.508244 0.014 46.0 15.0
0.0 24.115974 0.014 46.0 15.0
0.0 24.115974 0.015 45.0 16.0
0.0 25.723705 0.015 45.0 16.0
0.0 25.723705 0.016 28.0 17.0
-0.659537 27.13962 0.3807838616 28.0 17.0
-0.659537 27.13962 0.3807838617 27.0 18.0
-1.319074 28.555534 0.761567717 27.0 18.0
-1.319074 28.555534 0.761567718 26.0 19.0
-1.978611 29.971449 1.142351618 26.0 19.0
-1.978611 29.971449 1.142351619 25.0 20.0
-2.638148 31.387363 1.523135419 25.0 20.0
-2.638148 31.387363 1.523135420 24.0 21.0
-3.2976851 32.80328 1.903919220 24.0 21.0
-3.2976851 32.80328 1.903919221 23.0 22.0
-3.9572222 34.219196 2.28470321 23.0 22.0
-3.9572222 34.219196 2.28470322 22.0 23.0
-4.6167593 35.635113 2.665486822 22.0 23.0
-4.6167593 35.635113 2.665486823 21.0 24.0
-5.276296 37.05103 3.046270623 21.0 24.0
-5.276296 37.05103 3.046270624 12.0 25.0
-5.276296 38.65876 3.046270624 12.0 25.0
-5.276296 38.65876 3.046270625 11.0 26.0
-5.276296 40.26649 3.046270625 11.0 26.0
-5.276296 40.26649 3.046270626 10.0 27.0
-5.276296 41.87422 3.046270626 10.0 27.0
-5.276296 41.87422 3.046270627 9.0 28.0
-5.276296 43.481953 3.046270627 9.0 28.0
-5.276296 43.481953 3.046270628 4.0 29.0
-4.6167593 44.89787 2.665486828 4.0 29.0
-4.6167593 44.89787 2.665486829 3.0 30.0
-3.9572222 46.313786 2.28470329 3.0 30.0
-3.9572222 46.313786 2.28470330 0.0 31.0
-2.7955253 47.200024 1.61399730 0.0 31.0
-2.7955253 47.200024 1.61399731 0.0 32.0
-1.4541132 48.08626 1.61399731 0.0 32.0
-3.9572222 46.313786 2.28470332 2.0 31.0
-3.1956544 47.729702 2.28470332 2.0 31.0
-3.1956544 47.729702 2.28470333 1.0 32.0
-2.4340868 49.14562 2.28470333 1.0 32.0
-2.4340868 49.14562 2.28470334 0.0 33.0
-1.2723899 50.031857 1.61399734 0.0 33.0
-1.2723899 50.031857 1.61399735 0.0 34.0
0.06902218 50.918095 1.61399735 0.0 34.0
-2.4340868 49.14562 2.28470336 0.0 33.0
-2.4340868 50.75335 2.28470336 0.0 33.0
-2.4340868 50.75335 2.28470337 0.0 34.0
-2.4340868 52.36108 2.28470337 0.0 34.0
-5.276296 43.481953 3.046270638 8.0 29.0
-5.276296 45.089684 3.046270638 8.0 29.0
-5.276296 45.089684 3.046270639 7.0 30.0
-5.276296 46.697414 3.046270639 7.0 30.0
-5.276296 46.697414 3.046270640 6.0 31.0
-5.276296 48.305145 3.046270640 6.0 31.0
-5.276296 48.305145 3.046270641 5.0 32.0
-5.276296 49.912876 3.046270641 5.0 32.0
-5.276296 49.912876 3.046270642 4.0 33.0
-4.6167593 51.328793 2.665486842 4.0 33.0
-4.6167593 51.328793 2.665486843 3.0 34.0
-3.9572222 52.74471 2.28470343 3.0 34.0
-3.9572222 52.74471 2.28470344 0.0 35.0
-2.7955253 53.630947 1.61399744 0.0 35.0
-2.7955253 53.630947 1.61399745 0.0 36.0
-1.4541132 54.517185 1.61399745 0.0 36.0
-3.9572222 52.74471 2.28470346 2.0 35.0
-3.1956544 54.160625 2.28470346 2.0 35.0
-3.1956544 54.160625 2.28470347 1.0 36.0
-2.4340868 55.57654 2.28470347 1.0 36.0
-2.4340868 55.57654 2.28470348 0.0 37.0
-1.2723899 56.46278 1.61399748 0.0 37.0
-1.2723899 56.46278 1.61399749 0.0 38.0
0.06902218 57.34902 1.61399749 0.0 38.0
-2.4340868 55.57654 2.28470350 0.0 37.0
-2.4340868 57.184273 2.28470350 0.0 37.0
-2.4340868 57.184273 2.28470351 0.0 38.0
-2.4340868 58.792004 2.28470351 0.0 38.0
-5.276296 49.912876 3.046270652 4.0 33.0
-6.0378637 51.328793 3.046270652 4.0 33.0
-6.0378637 51.328793 3.046270653 3.0 34.0
-6.7994313 52.74471 3.046270653 3.0 34.0
-6.7994313 52.74471 3.046270654 0.0 35.0
-6.7994313 54.35244 3.046270654 0.0 35.0
-6.7994313 54.35244 3.046270655 0.0 36.0
-6.7994313 55.96017 3.046270655 0.0 36.0
-6.7994313 52.74471 3.046270656 2.0 35.0
-7.560999 54.160625 3.046270656 2.0 35.0
-7.560999 54.160625 3.046270657 1.0 36.0
-8.322567 55.57654 3.046270657 1.0 36.0
-8.322567 55.57654 3.046270658 0.0 37.0
-8.322567 57.184273 3.046270658 0.0 37.0
-8.322567 57.184273 3.046270659 0.0 38.0
-8.322567 58.792004 3.046270659 0.0 38.0
-8.322567 55.57654 3.046270660 0.0 37.0
-9.663979 56.46278 3.046270660 0.0 37.0
-9.663979 56.46278 3.046270661 0.0 38.0
-11.00539 57.34902 3.046270661 0.0 38.0
-5.276296 37.05103 3.046270662 20.0 25.0
-6.0378637 38.466946 3.046270662 20.0 25.0
-6.0378637 38.466946 3.046270663 19.0 26.0
-6.7994313 39.882862 3.046270663 19.0 26.0
-6.7994313 39.882862 3.046270664 18.0 27.0
-7.560999 41.29878 3.046270664 18.0 27.0
-7.560999 41.29878 3.046270665 17.0 28.0
-8.322567 42.714695 3.046270665 17.0 28.0
-8.322567 42.714695 3.046270666 16.0 29.0
-9.084135 44.13061 3.046270666 16.0 29.0
-9.084135 44.13061 3.046270667 15.0 30.0
-9.845703 45.546528 3.046270667 15.0 30.0
-9.845703 45.546528 3.046270668 14.0 31.0
-10.607271 46.962444 3.046270668 14.0 31.0
-10.607271 46.962444 3.046270669 13.0 32.0
-11.368839 48.37836 3.046270669 13.0 32.0
-11.368839 48.37836 3.046270670 12.0 33.0
-11.368839 49.98609 3.046270670 12.0 33.0
-11.368839 49.98609 3.046270671 11.0 34.0
-11.368839 51.593822 3.046270671 11.0 34.0
-11.368839 51.593822 3.046270672 10.0 35.0
-11.368839 53.201553 3.046270672 10.0 35.0
-11.368839 53.201553 3.046270673 9.0 36.0
-11.368839 54.809284 3.046270673 9.0 36.0
-11.368839 54.809284 3.046270674 4.0 37.0
-10.709302 56.2252 2.665486874 4.0 37.0
-10.709302 56.2252 2.665486875 3.0 38.0
-10.049765 57.641117 2.28470375 3.0 38.0
-10.049765 57.641117 2.28470376 0.0 39.0
-8.888067 58.527355 1.61399776 0.0 39.0
-8.888067 58.527355 1.61399777 0.0 40.0
-7.546655 59.413593 1.61399777 0.0 40.0
-10.049765 57.641117 2.28470378 2.0 39.0
-9.288197 59.057034 2.28470378 2.0 39.0
-9.288197 59.057034 2.28470379 1.0 40.0
-8.5266285 60.47295 2.28470379 1.0 40.0
-8.5266285 60.47295 2.28470380 0.0 41.0
-7.3649316 61.359188 1.61399780 0.0 41.0
-7.3649316 61.359188 1.61399781 0.0 42.0
-6.0235195 62.245426 1.61399781 0.0 42.0
-8.5266285 60.47295 2.28470382 0.0 41.0
-8.5266285 62.08068 2.28470382 0.0 41.0
-8.5266285 62.08068 2.28470383 0.0 42.0
-8.5266285 63.68841 2.28470383 0.0 42.0
-11.368839 54.809284 3.046270684 8.0 37.0
-11.368839 56.417015 3.046270684 8.0 37.0
-11.368839 56.417015 3.046270685 7.0 38.0
-11.368839 58.024746 3.046270685 7.0 38.0
-11.368839 58.024746 3.046270686 6.0 39.0
-11.368839 59.632477 3.046270686 6.0 39.0
-11.368839 59.632477 3.046270687 5.0 40.0
-11.368839 61.240208 3.046270687 5.0 40.0
-11.368839 61.240208 3.046270688 4.0 41.0
-10.709302 62.656124 2.665486888 4.0 41.0
-10.709302 62.656124 2.665486889 3.0 42.0
-10.049765 64.07204 2.28470389 3.0 42.0
-10.049765 64.07204 2.28470390 0.0 43.0
-8.888067 64.958275 1.61399790 0.0 43.0
-8.888067 64.958275 1.61399791 0.0 44.0
-7.546655 65.84451 1.61399791 0.0 44.0
-10.049765 64.07204 2.28470392 2.0 43.0
-9.288197 65.48795 2.28470392 2.0 43.0
-9.288197 65.48795 2.28470393 1.0 44.0
-8.5266285 66.90387 2.28470393 1.0 44.0
-8.5266285 66.90387 2.28470394 0.0 45.0
-7.3649316 67.79011 1.61399794 0.0 45.0
-7.3649316 67.79011 1.61399795 0.0 46.0
-6.0235195 68.676346 1.61399795 0.0 46.0
-8.5266285 66.90387 2.28470396 0.0 45.0
-8.5266285 68.511604 2.28470396 0.0 45.0
-8.5266285 68.511604 2.28470397 0.0 46.0
-8.5266285 70.11934 2.28470397 0.0 46.0
-11.368839 61.240208 3.046270698 4.0 41.0
-12.130407 62.656124 3.046270698 4.0 41.0
-12.130407 62.656124 3.046270699 3.0 42.0
-12.891975 64.07204 3.046270699 3.0 42.0
-12.891975 64.07204 3.0462706100 0.0 43.0
-12.891975 65.67977 3.0462706100 0.0 43.0
-12.891975 65.67977 3.0462706101 0.0 44.0
-12.891975 67.287506 3.0462706101 0.0 44.0
-12.891975 64.07204 3.0462706102 2.0 43.0
-13.653543 65.48795 3.0462706102 2.0 43.0
-13.653543 65.48795 3.0462706103 1.0 44.0
-14.415112 66.90387 3.0462706103 1.0 44.0
-14.415112 66.90387 3.0462706104 0.0 45.0
-14.415112 68.511604 3.0462706104 0.0 45.0
-14.415112 68.511604 3.0462706105 0.0 46.0
-14.415112 70.11934 3.0462706105 0.0 46.0
-14.415112 66.90387 3.0462706106 0.0 45.0
-15.756523 67.79011 3.0462706106 0.0 45.0
-15.756523 67.79011 3.0462706107 0.0 46.0
-17.097935 68.676346 3.0462706107 0.0 46.0
-11.368839 48.37836 3.0462706108 12.0 33.0
-12.710251 49.2646 3.0462706108 12.0 33.0
-12.710251 49.2646 3.0462706109 11.0 34.0
-14.051662 50.150837 3.0462706109 11.0 34.0
-14.051662 50.150837 3.0462706110 10.0 35.0
-15.393074 51.037075 3.0462706110 10.0 35.0
-15.393074 51.037075 3.0462706111 9.0 36.0
-16.734486 51.923313 3.0462706111 9.0 36.0
-16.734486 51.923313 3.0462706112 4.0 37.0
-17.394022 53.33923 3.4270544112 4.0 37.0
-17.394022 53.33923 3.4270544113 3.0 38.0
-18.053558 54.755146 3.8078382113 3.0 38.0
-18.053558 54.755146 3.8078382114 0.0 39.0
-18.053558 56.362877 3.8078382114 0.0 39.0
-18.053558 56.362877 3.8078382115 0.0 40.0
-18.053558 57.970608 3.8078382115 0.0 40.0
-18.053558 54.755146 3.8078382116 2.0 39.0
-18.815126 56.171062 3.8078382116 2.0 39.0
-18.815126 56.171062 3.8078382117 1.0 40.0
-19.576694 57.58698 3.8078382117 1.0 40.0
-19.576694 57.58698 3.8078382118 0.0 41.0
-19.576694 59.19471 3.8078382118 0.0 41.0
-19.576694 59.19471 3.8078382119 0.0 42.0
-19.576694 60.80244 3.8078382119 0.0 42.0
-19.576694 57.58698 3.8078382120 0.0 41.0
-20.918106 58.473217 3.8078382120 0.0 41.0
-20.918106 58.473217 3.8078382121 0.0 42.0
-22.259518 59.359455 3.8078382121 0.0 42.0
-16.734486 51.923313 3.0462706122 8.0 37.0
-18.075897 52.80955 3.0462706122 8.0 37.0
-18.075897 52.80955 3.0462706123 7.0 38.0
-19.417309 53.69579 3.0462706123 7.0 38.0
-19.417309 53.69579 3.0462706124 6.0 39.0
-20.75872 54.582027 3.0462706124 6.0 39.0
-20.75872 54.582027 3.0462706125 5.0 40.0
-22.100132 55.468266 3.0462706125 5.0 40.0
-22.100132 55.468266 3.0462706126 4.0 41.0
-22.759668 56.884182 3.4270544126 4.0 41.0
-22.759668 56.884182 3.4270544127 3.0 42.0
-23.419205 58.3001 3.8078382127 3.0 42.0
-23.419205 58.3001 3.8078382128 0.0 43.0
-23.419205 59.90783 3.8078382128 0.0 43.0
-23.419205 59.90783 3.8078382129 0.0 44.0
-23.419205 61.51556 3.8078382129 0.0 44.0
-23.419205 58.3001 3.8078382130 2.0 43.0
-24.180773 59.716015 3.8078382130 2.0 43.0
-24.180773 59.716015 3.8078382131 1.0 44.0
-24.94234 61.13193 3.8078382131 1.0 44.0
-24.94234 61.13193 3.8078382132 0.0 45.0
-24.94234 62.739662 3.8078382132 0.0 45.0
-24.94234 62.739662 3.8078382133 0.0 46.0
-24.94234 64.3474 3.8078382133 0.0 46.0
-24.94234 61.13193 3.8078382134 0.0 45.0
-26.283752 62.01817 3.8078382134 0.0 45.0
-26.283752 62.01817 3.8078382135 0.0 46.0
-27.625164 62.904408 3.8078382135 0.0 46.0
-22.100132 55.468266 3.0462706136 4.0 41.0
-23.701303 55.61335 3.0462706136 4.0 41.0
-23.701303 55.61335 3.0462706137 3.0 42.0
-25.302475 55.758434 3.0462706137 3.0 42.0
-25.302475 55.758434 3.0462706138 0.0 43.0
-26.464172 56.644672 3.7169766138 0.0 43.0
-26.464172 56.644672 3.7169766139 0.0 44.0
-27.805584 57.53091 3.7169766139 0.0 44.0
-25.302475 55.758434 3.0462706140 2.0 43.0
-26.903646 55.90352 3.0462706140 2.0 43.0
-26.903646 55.90352 3.0462706141 1.0 44.0
-28.504818 56.048603 3.0462706141 1.0 44.0
-28.504818 56.048603 3.0462706142 0.0 45.0
-29.666515 56.93484 3.7169766142 0.0 45.0
-29.666515 56.93484 3.7169766143 0.0 46.0
-31.007927 57.82108 3.7169766143 0.0 46.0
-28.504818 56.048603 3.0462706144 0.0 45.0
-29.983683 55.41792 3.0462706144 0.0 45.0
-29.983683 55.41792 3.0462706145 0.0 46.0
-31.462547 54.787235 3.0462706145 0.0 46.0
0.0 25.723705 0.0146 44.0 17.0
0.0 27.331436 0.0146 44.0 17.0
0.0 27.331436 0.0147 43.0 18.0
0.0 28.939167 0.0147 43.0 18.0
0.0 28.939167 0.0148 42.0 19.0
0.0 30.546898 0.0148 42.0 19.0
0.0 30.546898 0.0149 41.0 20.0
0.0 32.15463 0.0149 41.0 20.0
0.0 32.15463 0.0150 40.0 21.0
0.0 33.76236 0.0150 40.0 21.0
0.0 33.76236 0.0151 39.0 22.0
0.0 35.37009 0.0151 39.0 22.0
0.0 35.37009 0.0152 38.0 23.0
0.0 36.97782 0.0152 38.0 23.0
0.0 36.97782 0.0153 37.0 24.0
0.0 38.585552 0.0153 37.0 24.0
0.0 38.585552 0.0154 36.0 25.0
0.0 40.193283 0.0154 36.0 25.0
0.0 40.193283 0.0155 35.0 26.0
0.0 41.801014 0.0155 35.0 26.0
0.0 41.801014 0.0156 34.0 27.0
0.0 43.408745 0.0156 34.0 27.0
0.0 43.408745 0.0157 33.0 28.0
0.0 45.016476 0.0157 33.0 28.0
0.0 45.016476 0.0158 32.0 29.0
0.0 46.624207 0.0158 32.0 29.0
0.0 46.624207 0.0159 31.0 30.0
0.0 48.231937 0.0159 31.0 30.0
0.0 48.231937 0.0160 30.0 31.0
0.0 49.83967 0.0160 30.0 31.0
0.0 49.83967 0.0161 29.0 32.0
0.0 51.4474 0.0161 29.0 32.0
0.0 51.4474 0.0162 28.0 33.0
0.659537 52.863316 -0.38078386162 28.0 33.0
0.659537 52.863316 -0.38078386163 27.0 34.0
1.319074 54.279232 -0.7615677163 27.0 34.0
1.319074 54.279232 -0.7615677164 26.0 35.0
1.978611 55.69515 -1.1423516164 26.0 35.0
1.978611 55.69515 -1.1423516165 25.0 36.0
2.638148 57.111065 -1.5231354165 25.0 36.0
2.638148 57.111065 -1.5231354166 24.0 37.0
3.2976851 58.52698 -1.9039192166 24.0 37.0
3.2976851 58.52698 -1.9039192167 23.0 38.0
3.9572222 59.942898 -2.284703167 23.0 38.0
3.9572222 59.942898 -2.284703168 22.0 39.0
4.6167593 61.358814 -2.6654868168 22.0 39.0
4.6167593 61.358814 -2.6654868169 21.0 40.0
5.276296 62.77473 -3.0462706169 21.0 40.0
5.276296 62.77473 -3.0462706170 12.0 41.0
6.437993 63.66097 -3.7169766170 12.0 41.0
6.437993 63.66097 -3.7169766171 11.0 42.0
7.59969 64.5472 -4.387683171 11.0 42.0
7.59969 64.5472 -4.387683172 10.0 43.0
8.761387 65.43344 -5.0583887172 10.0 43.0
8.761387 65.43344 -5.0583887173 9.0 44.0
9.923084 66.31968 -5.7290945173 9.0 44.0
9.923084 66.31968 -5.7290945174 4.0 45.0
11.30974 66.46477 -6.5296803174 4.0 45.0
11.30974 66.46477 -6.5296803175 3.0 46.0
12.696396 66.609856 -7.330266175 3.0 46.0
12.696396 66.609856 -7.330266176 0.0 47.0
13.97713 65.97917 -8.069698176 0.0 47.0
13.97713 65.97917 -8.069698177 0.0 48.0
15.455994 65.34849 -8.069698177 0.0 48.0
12.696396 66.609856 -7.330266178 2.0 47.0
14.297567 66.754944 -7.330266178 2.0 47.0
14.297567 66.754944 -7.330266179 1.0 48.0
15.898739 66.90003 -7.330266179 1.0 48.0
15.898739 66.90003 -7.330266180 0.0 49.0
17.179472 66.26935 -8.069698180 0.0 49.0
17.179472 66.26935 -8.069698181 0.0 50.0
18.658337 65.638664 -8.069698181 0.0 50.0
15.898739 66.90003 -7.330266182 0.0 49.0
17.24015 67.78627 -7.330266182 0.0 49.0
17.24015 67.78627 -7.330266183 0.0 50.0
18.581562 68.67251 -7.330266183 0.0 50.0
9.923084 66.31968 -5.7290945184 8.0 45.0
11.264496 67.20592 -5.7290945184 8.0 45.0
11.264496 67.20592 -5.7290945185 7.0 46.0
12.605907 68.092155 -5.7290945185 7.0 46.0
12.605907 68.092155 -5.7290945186 6.0 47.0
13.947319 68.97839 -5.7290945186 6.0 47.0
13.947319 68.97839 -5.7290945187 5.0 48.0
15.288731 69.86463 -5.7290945187 5.0 48.0
15.288731 69.86463 -5.7290945188 4.0 49.0
16.675386 70.00972 -6.5296803188 4.0 49.0
16.675386 70.00972 -6.5296803189 3.0 50.0
18.062042 70.15481 -7.330266189 3.0 50.0
18.062042 70.15481 -7.330266190 0.0 51.0
19.342775 69.524124 -8.069698190 0.0 51.0
19.342775 69.524124 -8.069698191 0.0 52.0
20.82164 68.89344 -8.069698191 0.0 52.0
18.062042 70.15481 -7.330266192 2.0 51.0
19.663214 70.2999 -7.330266192 2.0 51.0
19.663214 70.2999 -7.330266193 1.0 52.0
21.264385 70.444984 -7.330266193 1.0 52.0
21.264385 70.444984 -7.330266194 0.0 53.0
22.545118 69.8143 -8.069698194 0.0 53.0
22.545118 69.8143 -8.069698195 0.0 54.0
24.023983 69.18362 -8.069698195 0.0 54.0
21.264385 70.444984 -7.330266196 0.0 53.0
22.605797 71.33122 -7.330266196 0.0 53.0
22.605797 71.33122 -7.330266197 0.0 54.0
23.947208 72.21746 -7.330266197 0.0 54.0
15.288731 69.86463 -5.7290945198 4.0 49.0
16.050299 71.28055 -5.7290945198 4.0 49.0
16.050299 71.28055 -5.7290945199 3.0 50.0
16.811867 72.696465 -5.7290945199 3.0 50.0
16.811867 72.696465 -5.7290945200 0.0 51.0
17.973564 73.5827 -6.3998003200 0.0 51.0
17.973564 73.5827 -6.3998003201 0.0 52.0
19.314976 74.46894 -6.3998003201 0.0 52.0
16.811867 72.696465 -5.7290945202 2.0 51.0
17.573435 74.11238 -5.7290945202 2.0 51.0
17.573435 74.11238 -5.7290945203 1.0 52.0
18.335003 75.5283 -5.7290945203 1.0 52.0
18.335003 75.5283 -5.7290945204 0.0 53.0
19.4967 76.414536 -6.3998003204 0.0 53.0
19.4967 76.414536 -6.3998003205 0.0 54.0
20.838112 77.30077 -6.3998003205 0.0 54.0
18.335003 75.5283 -5.7290945206 0.0 53.0
18.335003 77.13603 -5.7290945206 0.0 53.0
18.335003 77.13603 -5.7290945207 0.0 54.0
18.335003 78.74377 -5.7290945207 0.0 54.0
5.276296 62.77473 -3.0462706208 20.0 41.0
6.0378637 64.19064 -3.0462706208 20.0 41.0
6.0378637 64.19064 -3.0462706209 19.0 42.0
6.7994313 65.60656 -3.0462706209 19.0 42.0
6.7994313 65.60656 -3.0462706210 18.0 43.0
7.560999 67.02248 -3.0462706210 18.0 43.0
7.560999 67.02248 -3.0462706211 17.0 44.0
8.322567 68.43839 -3.0462706211 17.0 44.0
8.322567 68.43839 -3.0462706212 16.0 45.0
9.084135 69.85431 -3.0462706212 16.0 45.0
9.084135 69.85431 -3.0462706213 15.0 46.0
9.845703 71.270226 -3.0462706213 15.0 46.0
9.845703 71.270226 -3.0462706214 14.0 47.0
10.607271 72.68614 -3.0462706214 14.0 47.0
10.607271 72.68614 -3.0462706215 13.0 48.0
11.368839 74.10206 -3.0462706215 13.0 48.0
11.368839 74.10206 -3.0462706216 12.0 49.0
12.530537 74.9883 -3.7169766216 12.0 49.0
12.530537 74.9883 -3.7169766217 11.0 50.0
13.692234 75.874535 -4.387683217 11.0 50.0
13.692234 75.874535 -4.387683218 10.0 51.0
14.853931 76.76077 -5.0583887218 10.0 51.0
14.853931 76.76077 -5.0583887219 9.0 52.0
16.015629 77.64701 -5.7290945219 9.0 52.0
16.015629 77.64701 -5.7290945220 4.0 53.0
17.402285 77.7921 -6.5296803220 4.0 53.0
17.402285 77.7921 -6.5296803221 3.0 54.0
18.78894 77.93719 -7.330266221 3.0 54.0
18.78894 77.93719 -7.330266222 0.0 55.0
20.069674 77.3065 -8.069698222 0.0 55.0
20.069674 77.3065 -8.069698223 0.0 56.0
21.548538 76.67582 -8.069698223 0.0 56.0
18.78894 77.93719 -7.330266224 2.0 55.0
20.390112 78.082275 -7.330266224 2.0 55.0
20.390112 78.082275 -7.330266225 1.0 56.0
21.991283 78.22736 -7.330266225 1.0 56.0
21.991283 78.22736 -7.330266226 0.0 57.0
23.272017 77.59668 -8.069698226 0.0 57.0
23.272017 77.59668 -8.069698227 0.0 58.0
24.750881 76.965996 -8.069698227 0.0 58.0
21.991283 78.22736 -7.330266228 0.0 57.0
23.332695 79.1136 -7.330266228 0.0 57.0
23.332695 79.1136 -7.330266229 0.0 58.0
24.674107 79.99984 -7.330266229 0.0 58.0
16.015629 77.64701 -5.7290945230 8.0 53.0
17.35704 78.53325 -5.7290945230 8.0 53.0
17.35704 78.53325 -5.7290945231 7.0 54.0
18.698452 79.41949 -5.7290945231 7.0 54.0
18.698452 79.41949 -5.7290945232 6.0 55.0
20.039864 80.305725 -5.7290945232 6.0 55.0
20.039864 80.305725 -5.7290945233 5.0 56.0
21.381275 81.19196 -5.7290945233 5.0 56.0
21.381275 81.19196 -5.7290945234 4.0 57.0
22.767931 81.33705 -6.5296803234 4.0 57.0
22.767931 81.33705 -6.5296803235 3.0 58.0
24.154587 81.48214 -7.330266235 3.0 58.0
24.154587 81.48214 -7.330266236 0.0 59.0
25.43532 80.851456 -8.069698236 0.0 59.0
25.43532 80.851456 -8.069698237 0.0 60.0
26.914185 80.22077 -8.069698237 0.0 60.0
24.154587 81.48214 -7.330266238 2.0 59.0
25.755758 81.62723 -7.330266238 2.0 59.0
25.755758 81.62723 -7.330266239 1.0 60.0
27.35693 81.772316 -7.330266239 1.0 60.0
27.35693 81.772316 -7.330266240 0.0 61.0
28.637663 81.14163 -8.069698240 0.0 61.0
28.637663 81.14163 -8.069698241 0.0 62.0
30.116528 80.51095 -8.069698241 0.0 62.0
27.35693 81.772316 -7.330266242 0.0 61.0
28.698341 82.658554 -7.330266242 0.0 61.0
28.698341 82.658554 -7.330266243 0.0 62.0
30.039753 83.54479 -7.330266243 0.0 62.0
21.381275 81.19196 -5.7290945244 4.0 57.0
22.142843 82.60788 -5.7290945244 4.0 57.0
22.142843 82.60788 -5.7290945245 3.0 58.0
22.904411 84.023796 -5.7290945245 3.0 58.0
22.904411 84.023796 -5.7290945246 0.0 59.0
24.066109 84.910034 -6.3998003246 0.0 59.0
24.066109 84.910034 -6.3998003247 0.0 60.0
25.40752 85.79627 -6.3998003247 0.0 60.0
22.904411 84.023796 -5.7290945248 2.0 59.0
23.66598 85.43971 -5.7290945248 2.0 59.0
23.66598 85.43971 -5.7290945249 1.0 60.0
24.427547 86.85563 -5.7290945249 1.0 60.0
24.427547 86.85563 -5.7290945250 0.0 61.0
25.589245 87.74187 -6.3998003250 0.0 61.0
25.589245 87.74187 -6.3998003251 0.0 62.0
26.930656 88.628105 -6.3998003251 0.0 62.0
24.427547 86.85563 -5.7290945252 0.0 61.0
24.427547 88.46336 -5.7290945252 0.0 61.0
24.427547 88.46336 -5.7290945253 0.0 62.0
24.427547 90.0711 -5.7290945253 0.0 62.0
11.368839 74.10206 -3.0462706254 12.0 49.0
11.368839 75.70979 -3.0462706254 12.0 49.0
11.368839 75.70979 -3.0462706255 11.0 50.0
11.368839 77.31753 -3.0462706255 11.0 50.0
11.368839 77.31753 -3.0462706256 10.0 51.0
11.368839 78.92526 -3.0462706256 10.0 51.0
11.368839 78.92526 -3.0462706257 9.0 52.0
11.368839 80.533 -3.0462706257 9.0 52.0
11.368839 80.533 -3.0462706258 4.0 53.0
12.028377 81.94891 -3.4270544258 4.0 53.0
12.028377 81.94891 -3.4270544259 3.0 54.0
12.687914 83.36483 -3.8078382259 3.0 54.0
12.687914 83.36483 -3.8078382260 0.0 55.0
13.849611 84.25107 -4.478544260 0.0 55.0
13.849611 84.25107 -4.478544261 0.0 56.0
15.191023 85.13731 -4.478544261 0.0 56.0
12.687914 83.36483 -3.8078382262 2.0 55.0
13.449482 84.78075 -3.8078382262 2.0 55.0
13.449482 84.78075 -3.8078382263 1.0 56.0
14.21105 86.19666 -3.8078382263 1.0 56.0
14.21105 86.19666 -3.8078382264 0.0 57.0
15.372747 87.0829 -4.478544264 0.0 57.0
15.372747 87.0829 -4.478544265 0.0 58.0
16.714159 87.96914 -4.478544265 0.0 58.0
14.21105 86.19666 -3.8078382266 0.0 57.0
14.21105 87.8044 -3.8078382266 0.0 57.0
14.21105 87.8044 -3.8078382267 0.0 58.0
14.21105 89.41213 -3.8078382267 0.0 58.0
11.368839 80.533 -3.0462706268 8.0 53.0
11.368839 82.14073 -3.0462706268 8.0 53.0
11.368839 82.14073 -3.0462706269 7.0 54.0
11.368839 83.74847 -3.0462706269 7.0 54.0
11.368839 83.74847 -3.0462706270 6.0 55.0
11.368839 85.3562 -3.0462706270 6.0 55.0
11.368839 85.3562 -3.0462706271 5.0 56.0
11.368839 86.963936 -3.0462706271 5.0 56.0
11.368839 86.963936 -3.0462706272 4.0 57.0
12.028377 88.37985 -3.4270544272 4.0 57.0
12.028377 88.37985 -3.4270544273 3.0 58.0
12.687914 89.79577 -3.8078382273 3.0 58.0
12.687914 89.79577 -3.8078382274 0.0 59.0
13.849611 90.68201 -4.478544274 0.0 59.0
13.849611 90.68201 -4.478544275 0.0 60.0
15.191023 91.568245 -4.478544275 0.0 60.0
12.687914 89.79577 -3.8078382276 2.0 59.0
13.449482 91.211685 -3.8078382276 2.0 59.0
13.449482 91.211685 -3.8078382277 1.0 60.0
14.21105 92.6276 -3.8078382277 1.0 60.0
14.21105 92.6276 -3.8078382278 0.0 61.0
15.372747 93.51384 -4.478544278 0.0 61.0
15.372747 93.51384 -4.478544279 0.0 62.0
16.714159 94.40008 -4.478544279 0.0 62.0
14.21105 92.6276 -3.8078382280 0.0 61.0
14.21105 94.23534 -3.8078382280 0.0 61.0
14.21105 94.23534 -3.8078382281 0.0 62.0
14.21105 95.84307 -3.8078382281 0.0 62.0
11.368839 86.963936 -3.0462706282 4.0 57.0
10.607271 88.37985 -3.0462706282 4.0 57.0
10.607271 88.37985 -3.0462706283 3.0 58.0
9.845703 89.79577 -3.0462706283 3.0 58.0
9.845703 89.79577 -3.0462706284 0.0 59.0
9.845703 91.4035 -3.0462706284 0.0 59.0
9.845703 91.4035 -3.0462706285 0.0 60.0
9.845703 93.01124 -3.0462706285 0.0 60.0
9.845703 89.79577 -3.0462706286 2.0 59.0
9.084135 91.211685 -3.0462706286 2.0 59.0
9.084135 91.211685 -3.0462706287 1.0 60.0
8.322567 92.6276 -3.0462706287 1.0 60.0
8.322567 92.6276 -3.0462706288 0.0 61.0
8.322567 94.23534 -3.0462706288 0.0 61.0
8.322567 94.23534 -3.0462706289 0.0 62.0
8.322567 95.84307 -3.0462706289 0.0 62.0
8.322567 92.6276 -3.0462706290 0.0 61.0
6.981155 93.51384 -3.0462706290 0.0 61.0
6.981155 93.51384 -3.0462706291 0.0 62.0
5.639743 94.40008 -3.0462706291 0.0 62.0
0.0 51.4474 0.0292 28.0 33.0
-0.7615677 52.863316 0.0292 28.0 33.0
-0.7615677 52.863316 0.0293 27.0 34.0
-1.5231354 54.279232 0.0293 27.0 34.0
-1.5231354 54.279232 0.0294 26.0 35.0
-2.2847033 55.69515 0.0294 26.0 35.0
-2.2847033 55.69515 0.0295 25.0 36.0
-3.0462708 57.111065 0.0295 25.0 36.0
-3.0462708 57.111065 0.0296 24.0 37.0
-3.8078384 58.52698 0.0296 24.0 37.0
-3.8078384 58.52698 0.0297 23.0 38.0
-4.569406 59.942898 0.0297 23.0 38.0
-4.569406 59.942898 0.0298 22.0 39.0
-5.3309736 61.358814 0.0298 22.0 39.0
-5.3309736 61.358814 0.0299 21.0 40.0
-6.092541 62.77473 0.0299 21.0 40.0
-6.092541 62.77473 0.0300 12.0 41.0
-6.092541 64.38246 0.0300 12.0 41.0
-6.092541 64.38246 0.0301 11.0 42.0
-6.092541 65.9902 0.0301 11.0 42.0
-6.092541 65.9902 0.0302 10.0 43.0
-6.092541 67.59793 0.0302 10.0 43.0
-6.092541 67.59793 0.0303 9.0 44.0
-6.092541 69.205666 0.0303 9.0 44.0
-6.092541 69.205666 0.0304 4.0 45.0
-5.4330044 70.62158 -0.38078386304 4.0 45.0
-5.4330044 70.62158 -0.38078386305 3.0 46.0
-4.7734675 72.0375 -0.7615677305 3.0 46.0
-4.7734675 72.0375 -0.7615677306 0.0 47.0
-3.6117706 72.92374 -1.4322737306 0.0 47.0
-3.6117706 72.92374 -1.4322737307 0.0 48.0
-2.2703586 73.809975 -1.4322737307 0.0 48.0
-4.7734675 72.0375 -0.7615677308 2.0 47.0
-4.0119 73.453415 -0.7615677308 2.0 47.0
-4.0119 73.453415 -0.7615677309 1.0 48.0
-3.2503324 74.86933 -0.7615677309 1.0 48.0
-3.2503324 74.86933 -0.7615677310 0.0 49.0
-2.0886354 75.75557 -1.4322737310 0.0 49.0
-2.0886354 75.75557 -1.4322737311 0.0 50.0
-0.7472234 76.64181 -1.4322737311 0.0 50.0
-3.2503324 74.86933 -0.7615677312 0.0 49.0
-3.2503324 76.477066 -0.7615677312 0.0 49.0
-3.2503324 76.477066 -0.7615677313 0.0 50.0
-3.2503324 78.0848 -0.7615677313 0.0 50.0
-6.092541 69.205666 0.0314 8.0 45.0
-6.092541 70.8134 0.0314 8.0 45.0
-6.092541 70.8134 0.0315 7.0 46.0
-6.092541 72.421135 0.0315 7.0 46.0
-6.092541 72.421135 0.0316 6.0 47.0
-6.092541 74.02887 0.0316 6.0 47.0
-6.092541 74.02887 0.0317 5.0 48.0
-6.092541 75.636604 0.0317 5.0 48.0
-6.092541 75.636604 0.0318 4.0 49.0
-5.4330044 77.05252 -0.38078386318 4.0 49.0
-5.4330044 77.05252 -0.38078386319 3.0 50.0
-4.7734675 78.46844 -0.7615677319 3.0 50.0
-4.7734675 78.46844 -0.7615677320 0.0 51.0
-3.6117706 79.354675 -1.4322737320 0.0 51.0
-3.6117706 79.354675 -1.4322737321 0.0 52.0
-2.2703586 80.24091 -1.4322737321 0.0 52.0
-4.7734675 78.46844 -0.7615677322 2.0 51.0
-4.0119 79.88435 -0.7615677322 2.0 51.0
-4.0119 79.88435 -0.7615677323 1.0 52.0
-3.2503324 81.30027 -0.7615677323 1.0 52.0
-3.2503324 81.30027 -0.7615677324 0.0 53.0
-2.0886354 82.18651 -1.4322737324 0.0 53.0
-2.0886354 82.18651 -1.4322737325 0.0 54.0
-0.7472234 83.07275 -1.4322737325 0.0 54.0
-3.2503324 81.30027 -0.7615677326 0.0 53.0
-3.2503324 82.908005 -0.7615677326 0.0 53.0
-3.2503324 82.908005 -0.7615677327 0.0 54.0
-3.2503324 84.51574 -0.7615677327 0.0 54.0
-6.092541 75.636604 0.0328 4.0 49.0
-6.854109 77.05252 0.0328 4.0 49.0
-6.854109 77.05252 0.0329 3.0 50.0
-7.6156764 78.46844 0.0329 3.0 50.0
-7.6156764 78.46844 0.0330 0.0 51.0
-7.6156764 80.07617 0.0330 0.0 51.0
-7.6156764 80.07617 0.0331 0.0 52.0
-7.6156764 81.68391 0.0331 0.0 52.0
-7.6156764 78.46844 0.0332 2.0 51.0
-8.377244 79.88435 0.0332 2.0 51.0
-8.377244 79.88435 0.0333 1.0 52.0
-9.138812 81.30027 0.0333 1.0 52.0
-9.138812 81.30027 0.0334 0.0 53.0
-9.138812 82.908005 0.0334 0.0 53.0
-9.138812 82.908005 0.0335 0.0 54.0
-9.138812 84.51574 0.0335 0.0 54.0
-9.138812 81.30027 0.0336 0.0 53.0
-10.480225 82.18651 0.0336 0.0 53.0
-10.480225 82.18651 0.0337 0.0 54.0
-11.821636 83.07275 0.0337 0.0 54.0
-6.092541 62.77473 0.0338 20.0 41.0
-6.854109 64.19064 0.0338 20.0 41.0
-6.854109 64.19064 0.0339 19.0 42.0
-7.6156764 65.60656 0.0339 19.0 42.0
-7.6156764 65.60656 0.0340 18.0 43.0
-8.377244 67.02248 0.0340 18.0 43.0
-8.377244 67.02248 0.0341 17.0 44.0
-9.138812 68.43839 0.0341 17.0 44.0
-9.138812 68.43839 0.0342 16.0 45.0
-9.90038 69.85431 0.0342 16.0 45.0
-9.90038 69.85431 0.0343 15.0 46.0
-10.661948 71.270226 0.0343 15.0 46.0
-10.661948 71.270226 0.0344 14.0 47.0
-11.423516 72.68614 0.0344 14.0 47.0
-11.423516 72.68614 0.0345 13.0 48.0
-12.185084 74.10206 0.0345 13.0 48.0
-12.185084 74.10206 0.0346 12.0 49.0
-12.185084 75.70979 0.0346 12.0 49.0
-12.185084 75.70979 0.0347 11.0 50.0
-12.185084 77.31753 0.0347 11.0 50.0
-12.185084 77.31753 0.0348 10.0 51.0
-12.185084 78.92526 0.0348 10.0 51.0
-12.185084 78.92526 0.0349 9.0 52.0
-12.185084 80.533 0.0349 9.0 52.0
-12.185084 80.533 0.0350 4.0 53.0
-11.525547 81.94891 -0.38078386350 4.0 53.0
-11.525547 81.94891 -0.38078386351 3.0 54.0
-10.86601 83.36483 -0.7615677351 3.0 54.0
-10.86601 83.36483 -0.7615677352 0.0 55.0
-9.704313 84.25107 -1.4322737352 0.0 55.0
-9.704313 84.25107 -1.4322737353 0.0 56.0
-8.362902 85.13731 -1.4322737353 0.0 56.0
-10.86601 83.36483 -0.7615677354 2.0 55.0
-10.104442 84.78075 -0.7615677354 2.0 55.0
-10.104442 84.78075 -0.7615677355 1.0 56.0
-9.342874 86.19666 -0.7615677355 1.0 56.0
-9.342874 86.19666 -0.7615677356 0.0 57.0
-8.181177 87.0829 -1.4322737356 0.0 57.0
-8.181177 87.0829 -1.4322737357 0.0 58.0
-6.839765 87.96914 -1.4322737357 0.0 58.0
-9.342874 86.19666 -0.7615677358 0.0 57.0
-9.342874 87.8044 -0.7615677358 0.0 57.0
-9.342874 87.8044 -0.7615677359 0.0 58.0
-9.342874 89.41213 -0.7615677359 0.0 58.0
-12.185084 80.533 0.0360 8.0 53.0
-12.185084 82.14073 0.0360 8.0 53.0
-12.185084 82.14073 0.0361 7.0 54.0
-12.185084 83.74847 0.0361 7.0 54.0
-12.185084 83.74847 0.0362 6.0 55.0
-12.185084 85.3562 0.0362 6.0 55.0
-12.185084 85.3562 0.0363 5.0 56.0
-12.185084 86.963936 0.0363 5.0 56.0
-12.185084 86.963936 0.0364 4.0 57.0
-11.525547 88.37985 -0.38078386364 4.0 57.0
-11.525547 88.37985 -0.38078386365 3.0 58.0
-10.86601 89.79577 -0.7615677365 3.0 58.0
-10.86601 89.79577 -0.7615677366 0.0 59.0
-9.704313 90.68201 -1.4322737366 0.0 59.0
-9.704313 90.68201 -1.4322737367 0.0 60.0
-8.362902 91.568245 -1.4322737367 0.0 60.0
-10.86601 89.79577 -0.7615677368 2.0 59.0
-10.104442 91.211685 -0.7615677368 2.0 59.0
-10.104442 91.211685 -0.7615677369 1.0 60.0
-9.342874 92.6276 -0.7615677369 1.0 60.0
-9.342874 92.6276 -0.7615677370 0.0 61.0
-8.181177 93.51384 -1.4322737370 0.0 61.0
-8.181177 93.51384 -1.4322737371 0.0 62.0
-6.839765 94.40008 -1.4322737371 0.0 62.0
-9.342874 92.6276 -0.7615677372 0.0 61.0
-9.342874 94.23534 -0.7615677372 0.0 61.0
-9.342874 94.23534 -0.7615677373 0.0 62.0
-9.342874 95.84307 -0.7615677373 0.0 62.0
-12.185084 86.963936 0.0374 4.0 57.0
-12.946652 88.37985 0.0374 4.0 57.0
-12.946652 88.37985 0.0375 3.0 58.0
-13.7082205 89.79577 0.0375 3.0 58.0
-13.7082205 89.79577 0.0376 0.0 59.0
-13.7082205 91.4035 0.0376 0.0 59.0
-13.7082205 91.4035 0.0377 0.0 60.0
-13.7082205 93.01124 0.0377 0.0 60.0
-13.7082205 89.79577 0.0378 2.0 59.0
-14.469789 91.211685 0.0378 2.0 59.0
-14.469789 91.211685 0.0379 1.0 60.0
-15.231357 92.6276 0.0379 1.0 60.0
-15.231357 92.6276 0.0380 0.0 61.0
-15.231357 94.23534 0.0380 0.0 61.0
-15.231357 94.23534 0.0381 0.0 62.0
-15.231357 95.84307 0.0381 0.0 62.0
-15.231357 92.6276 0.0382 0.0 61.0
-16.57277 93.51384 0.0382 0.0 61.0
-16.57277 93.51384 0.0383 0.0 62.0
-17.91418 94.40008 0.0383 0.0 62.0
-12.185084 74.10206 0.0384 12.0 49.0
-13.526497 74.9883 0.0384 12.0 49.0
-13.526497 74.9883 0.0385 11.0 50.0
-14.8679085 75.874535 0.0385 11.0 50.0
-14.8679085 75.874535 0.0386 10.0 51.0
-16.20932 76.76077 0.0386 10.0 51.0
-16.20932 76.76077 0.0387 9.0 52.0
-17.550732 77.64701 0.0387 9.0 52.0
-17.550732 77.64701 0.0388 4.0 53.0
-18.210268 79.06293 0.38078386388 4.0 53.0
-18.210268 79.06293 0.38078386389 3.0 54.0
-18.869804 80.47884 0.7615677389 3.0 54.0
-18.869804 80.47884 0.7615677390 0.0 55.0
-18.869804 82.08658 0.7615677390 0.0 55.0
-18.869804 82.08658 0.7615677391 0.0 56.0
-18.869804 83.69431 0.7615677391 0.0 56.0
-18.869804 80.47884 0.7615677392 2.0 55.0
-19.631372 81.89476 0.7615677392 2.0 55.0
-19.631372 81.89476 0.7615677393 1.0 56.0
-20.39294 83.31068 0.7615677393 1.0 56.0
-20.39294 83.31068 0.7615677394 0.0 57.0
-20.39294 84.91841 0.7615677394 0.0 57.0
-20.39294 84.91841 0.7615677395 0.0 58.0
-20.39294 86.526146 0.7615677395 0.0 58.0
-20.39294 83.31068 0.7615677396 0.0 57.0
-21.734352 84.196915 0.7615677396 0.0 57.0
-21.734352 84.196915 0.7615677397 0.0 58.0
-23.075764 85.08315 0.7615677397 0.0 58.0
-17.550732 77.64701 0.0398 8.0 53.0
-18.892143 78.53325 0.0398 8.0 53.0
-18.892143 78.53325 0.0399 7.0 54.0
-20.233555 79.41949 0.0399 7.0 54.0
-20.233555 79.41949 0.0400 6.0 55.0
-21.574966 80.305725 0.0400 6.0 55.0
-21.574966 80.305725 0.0401 5.0 56.0
-22.916378 81.19196 0.0401 5.0 56.0
-22.916378 81.19196 0.0402 4.0 57.0
-23.575914 82.60788 0.38078386402 4.0 57.0
-23.575914 82.60788 0.38078386403 3.0 58.0
-24.23545 84.023796 0.7615677403 3.0 58.0
-24.23545 84.023796 0.7615677404 0.0 59.0
-24.23545 85.63153 0.7615677404 0.0 59.0
-24.23545 85.63153 0.7615677405 0.0 60.0
-24.23545 87.239265 0.7615677405 0.0 60.0
-24.23545 84.023796 0.7615677406 2.0 59.0
-24.997019 85.43971 0.7615677406 2.0 59.0
-24.997019 85.43971 0.7615677407 1.0 60.0
-25.758587 86.85563 0.7615677407 1.0 60.0
-25.758587 86.85563 0.7615677408 0.0 61.0
-25.758587 88.46336 0.7615677408 0.0 61.0
-25.758587 88.46336 0.7615677409 0.0 62.0
-25.758587 90.0711 0.7615677409 0.0 62.0
-25.758587 86.85563 0.7615677410 0.0 61.0
-27.099998 87.74187 0.7615677410 0.0 61.0
-27.099998 87.74187 0.7615677411 0.0 62.0
-28.44141 88.628105 0.7615677411 0.0 62.0
-22.916378 81.19196 0.0412 4.0 57.0
-24.51755 81.33705 0.0412 4.0 57.0
-24.51755 81.33705 0.0413 3.0 58.0
-26.118721 81.48214 0.0413 3.0 58.0
-26.118721 81.48214 0.0414 0.0 59.0
-27.280418 82.36838 0.67070603414 0.0 59.0
-27.280418 82.36838 0.67070603415 0.0 60.0
-28.62183 83.254616 0.67070603415 0.0 60.0
-26.118721 81.48214 0.0416 2.0 59.0
-27.719893 81.62723 0.0416 2.0 59.0
-27.719893 81.62723 0.0417 1.0 60.0
-29.321064 81.772316 0.0417 1.0 60.0
-29.321064 81.772316 0.0418 0.0 61.0
-30.482761 82.658554 0.67070603418 0.0 61.0
-30.482761 82.658554 0.67070603419 0.0 62.0
-31.824173 83.54479 0.67070603419 0.0 62.0
-29.321064 81.772316 0.0420 0.0 61.0
-30.799929 81.14163 0.0420 0.0 61.0
-30.799929 81.14163 0.0421 0.0 62.0
-32.278793 80.51095 0.0421 0.0 62.0
