0.0 0.0 0.00 60.0 1.0
0.0 1.481279 0.00 60.0 1.0
0.0 1.481279 0.01 59.0 2.0
0.0 2.962558 0.01 59.0 2.0
0.0 2.962558 0.02 58.0 3.0
0.0 4.443837 0.02 58.0 3.0
0.0 4.443837 0.03 57.0 4.0
0.0 5.925116 0.03 57.0 4.0
0.0 5.925116 0.04 56.0 5.0
0.0 7.406395 0.04 56.0 5.0
0.0 7.406395 0.05 55.0 6.0
0.0 8.887674 0.05 55.0 6.0
0.0 8.887674 0.06 54.0 7.0
0.0 10.368954 0.06 54.0 7.0
0.0 10.368954 0.07 53.0 8.0
0.0 11.850233 0.07 53.0 8.0
0.0 11.850233 0.08 52.0 9.0
0.0 13.331512 0.08 52.0 9.0
0.0 13.331512 0.09 51.0 10.0
0.0 14.812792 0.09 51.0 10.0
0.0 14.812792 0.010 50.0 11.0
0.0 16.294071 0.010 50.0 11.0
0.0 16.294071 0.011 49.0 12.0
0.0 17.77535 0.011 49.0 12.0
0.0 17.77535 0.012 48.0 13.0
0.0 19.25663 0.012 48.0 13.0
0.0 19.25663 0.013 47.0 14.0
0.0 20.73791 0.013 47.0 14.0
0.0 20.73791 0.014 46.0 15.0
0.0 22.219189 0.014 46.0 15.0
0.0 22.219189 0.015 45.0 16.0
0.0 23.700468 0.015 45.0 16.0
0.0 23.700468 0.016 28.0 17.0
-0.26755035 25.149172 0.1544702816 28.0 17.0
-0.26755035 25.149172 0.1544702817 27.0 18.0
-0.5351007 26.597876 0.3089405617 27.0 18.0
-0.5351007 26.597876 0.3089405618 26.0 19.0
-0.80265105 28.04658 0.4634108518 26.0 19.0
-0.80265105 28.04658 0.4634108519 25.0 20.0
-1.0702014 29.495283 0.617881119 25.0 20.0
-1.0702014 29.495283 0.617881120 24.0 21.0
-1.3377517 30.943987 0.772351420 24.0 21.0
-1.3377517 30.943987 0.772351421 23.0 22.0
-1.6053021 32.392693 0.9268216521 23.0 22.0
-1.6053021 32.392693 0.9268216522 22.0 23.0
-1.8728524 33.841396 1.081291922 22.0 23.0
-1.8728524 33.841396 1.081291923 21.0 24.0
-2.1404028 35.2901 1.235762223 21.0 24.0
-2.1404028 35.2901 1.235762224 12.0 25.0
-2.1404028 36.771378 1.235762224 12.0 25.0
-2.1404028 36.771378 1.235762225 11.0 26.0
-2.1404028 38.252655 1.235762225 11.0 26.0
-2.1404028 38.252655 1.235762226 10.0 27.0
-2.1404028 39.733932 1.235762226 10.0 27.0
-2.1404028 39.733932 1.235762227 9.0 28.0
-2.1404028 41.21521 1.235762227 9.0 28.0
-2.1404028 41.21521 1.235762228 4.0 29.0
-1.8728524 42.663914 1.081291928 4.0 29.0
-1.8728524 42.663914 1.081291929 3.0 30.0
-1.6053021 44.112617 0.9268216529 3.0 30.0
-1.6053021 44.112617 0.9268216530 0.0 31.0
-1.6053021 45.593895 0.9268216530 0.0 31.0
-1.6053021 45.593895 0.9268216531 0.0 32.0
-1.6053021 47.075172 0.9268216531 0.0 32.0
-1.6053021 44.112617 0.9268216532 2.0 31.0
-1.2963616 45.56132 0.9268216532 2.0 31.0
-1.2963616 45.56132 0.9268216533 1.0 32.0
-0.98742104 47.010025 0.9268216533 1.0 32.0
-0.98742104 47.010025 0.9268216534 0.0 33.0
-0.46408778 48.36244 0.6246750434 0.0 33.0
-0.46408778 48.36244 0.6246750435 0.0 34.0
0.14020538 49.71485 0.6246750435 0.0 34.0
-0.98742104 47.010025 0.9268216536 0.0 33.0
-0.98742104 48.491302 0.9268216536 0.0 33.0
-0.98742104 48.491302 0.9268216537 0.0 34.0
-0.98742104 49.97258 0.9268216537 0.0 34.0
-2.1404028 41.21521 1.235762238 8.0 29.0
-2.1404028 42.696487 1.235762238 8.0 29.0
-2.1404028 42.696487 1.235762239 7.0 30.0
-2.1404028 44.177765 1.235762239 7.0 30.0
-2.1404028 44.177765 1.235762240 6.0 31.0
-2.1404028 45.659042 1.235762240 6.0 31.0
-2.1404028 45.659042 1.235762241 5.0 32.0
-2.1404028 47.14032 1.235762241 5.0 32.0
-2.1404028 47.14032 1.235762242 4.0 33.0
-1.8728524 48.589024 1.081291942 4.0 33.0
-1.8728524 48.589024 1.081291943 3.0 34.0
-1.6053021 50.037727 0.9268216543 3.0 34.0
-1.6053021 50.037727 0.9268216544 0.0 35.0
-1.6053021 51.519005 0.9268216544 0.0 35.0
-1.6053021 51.519005 0.9268216545 0.0 36.0
-1.6053021 53.000282 0.9268216545 0.0 36.0
-1.6053021 50.037727 0.9268216546 2.0 35.0
-1.2963616 51.48643 0.9268216546 2.0 35.0
-1.2963616 51.48643 0.9268216547 1.0 36.0
-0.98742104 52.935135 0.9268216547 1.0 36.0
-0.98742104 52.935135 0.9268216548 0.0 37.0
-0.46408778 54.287548 0.6246750448 0.0 37.0
-0.46408778 54.287548 0.6246750449 0.0 38.0
0.14020538 55.63996 0.6246750449 0.0 38.0
-0.98742104 52.935135 0.9268216550 0.0 37.0
-0.98742104 54.416412 0.9268216550 0.0 37.0
-0.98742104 54.416412 0.9268216551 0.0 38.0
-0.98742104 55.89769 0.9268216551 0.0 38.0
-2.1404028 47.14032 1.235762252 4.0 33.0
-2.4493434 48.589024 1.235762252 4.0 33.0
-2.4493434 48.589024 1.235762253 3.0 34.0
-2.758284 50.037727 1.235762253 3.0 34.0
-2.758284 50.037727 1.235762254 0.0 35.0
-3.2816174 51.39014 1.537908854 0.0 35.0
-3.2816174 51.39014 1.537908855 0.0 36.0
-3.8859105 52.742554 1.537908855 0.0 36.0
-2.758284 50.037727 1.235762256 2.0 35.0
-3.0672247 51.48643 1.235762256 2.0 35.0
-3.0672247 51.48643 1.235762257 1.0 36.0
-3.3761654 52.935135 1.235762257 1.0 36.0
-3.3761654 52.935135 1.235762258 0.0 37.0
-3.3761654 54.416412 1.235762258 0.0 37.0
-3.3761654 54.416412 1.235762259 0.0 38.0
-3.3761654 55.89769 1.235762259 0.0 38.0
-3.3761654 52.935135 1.235762260 0.0 37.0
-3.9804585 54.287548 1.235762260 0.0 37.0
-3.9804585 54.287548 1.235762261 0.0 38.0
-4.5847516 55.63996 1.235762261 0.0 38.0
-2.1404028 35.2901 1.235762262 20.0 25.0
-2.4493434 36.738804 1.235762262 20.0 25.0
-2.4493434 36.738804 1.235762263 19.0 26.0
-2.758284 38.187508 1.235762263 19.0 26.0
-2.758284 38.187508 1.235762264 18.0 27.0
-3.0672247 39.63621 1.235762264 18.0 27.0
-3.0672247 39.63621 1.235762265 17.0 28.0
-3.3761654 41.084915 1.235762265 17.0 28.0
-3.3761654 41.084915 1.235762266 16.0 29.0
-3.685106 42.53362 1.235762266 16.0 29.0
-3.685106 42.53362 1.235762267 15.0 30.0
-3.9940467 43.982323 1.235762267 15.0 30.0
-3.9940467 43.982323 1.235762268 14.0 31.0
-4.302987 45.431026 1.235762268 14.0 31.0
-4.302987 45.431026 1.235762269 13.0 32.0
-4.6119275 46.87973 1.235762269 13.0 32.0
-4.6119275 46.87973 1.235762270 12.0 33.0
-4.6119275 48.361008 1.235762270 12.0 33.0
-4.6119275 48.361008 1.235762271 11.0 34.0
-4.6119275 49.842285 1.235762271 11.0 34.0
-4.6119275 49.842285 1.235762272 10.0 35.0
-4.6119275 51.323563 1.235762272 10.0 35.0
-4.6119275 51.323563 1.235762273 9.0 36.0
-4.6119275 52.80484 1.235762273 9.0 36.0
-4.6119275 52.80484 1.235762274 4.0 37.0
-4.344377 54.253544 1.081291974 4.0 37.0
-4.344377 54.253544 1.081291975 3.0 38.0
-4.0768266 55.702248 0.9268216575 3.0 38.0
-4.0768266 55.702248 0.9268216576 0.0 39.0
-4.0768266 57.183525 0.9268216576 0.0 39.0
-4.0768266 57.183525 0.9268216577 0.0 40.0
-4.0768266 58.664803 0.9268216577 0.0 40.0
-4.0768266 55.702248 0.9268216578 2.0 39.0
-3.767886 57.15095 0.9268216578 2.0 39.0
-3.767886 57.15095 0.9268216579 1.0 40.0
-3.4589453 58.599655 0.9268216579 1.0 40.0
-3.4589453 58.599655 0.9268216580 0.0 41.0
-2.935612 59.95207 0.6246750480 0.0 41.0
-2.935612 59.95207 0.6246750481 0.0 42.0
-2.3313189 61.30448 0.6246750481 0.0 42.0
-3.4589453 58.599655 0.9268216582 0.0 41.0
-3.4589453 60.080933 0.9268216582 0.0 41.0
-3.4589453 60.080933 0.9268216583 0.0 42.0
-3.4589453 61.56221 0.9268216583 0.0 42.0
-4.6119275 52.80484 1.235762284 8.0 37.0
-4.6119275 54.286118 1.235762284 8.0 37.0
-4.6119275 54.286118 1.235762285 7.0 38.0
-4.6119275 55.767395 1.235762285 7.0 38.0
-4.6119275 55.767395 1.235762286 6.0 39.0
-4.6119275 57.248672 1.235762286 6.0 39.0
-4.6119275 57.248672 1.235762287 5.0 40.0
-4.6119275 58.72995 1.235762287 5.0 40.0
-4.6119275 58.72995 1.235762288 4.0 41.0
-4.344377 60.178654 1.081291988 4.0 41.0
-4.344377 60.178654 1.081291989 3.0 42.0
-4.0768266 61.627357 0.9268216589 3.0 42.0
-4.0768266 61.627357 0.9268216590 0.0 43.0
-4.0768266 63.108635 0.9268216590 0.0 43.0
-4.0768266 63.108635 0.9268216591 0.0 44.0
-4.0768266 64.58991 0.9268216591 0.0 44.0
-4.0768266 61.627357 0.9268216592 2.0 43.0
-3.767886 63.07606 0.9268216592 2.0 43.0
-3.767886 63.07606 0.9268216593 1.0 44.0
-3.4589453 64.524765 0.9268216593 1.0 44.0
-3.4589453 64.524765 0.9268216594 0.0 45.0
-2.935612 65.877174 0.6246750494 0.0 45.0
-2.935612 65.877174 0.6246750495 0.0 46.0
-2.3313189 67.22958 0.6246750495 0.0 46.0
-3.4589453 64.524765 0.9268216596 0.0 45.0
-3.4589453 66.00604 0.9268216596 0.0 45.0
-3.4589453 66.00604 0.9268216597 0.0 46.0
-3.4589453 67.48732 0.9268216597 0.0 46.0
-4.6119275 58.72995 1.235762298 4.0 41.0
-4.920868 60.178654 1.235762298 4.0 41.0
-4.920868 60.178654 1.235762299 3.0 42.0
-5.2298083 61.627357 1.235762299 3.0 42.0
-5.2298083 61.627357 1.2357622100 0.0 43.0
-5.7531414 62.97977 1.5379088100 0.0 43.0
-5.7531414 62.97977 1.5379088101 0.0 44.0
-6.3574347 64.332184 1.5379088101 0.0 44.0
-5.2298083 61.627357 1.2357622102 2.0 43.0
-5.5387487 63.07606 1.2357622102 2.0 43.0
-5.5387487 63.07606 1.2357622103 1.0 44.0
-5.847689 64.524765 1.2357622103 1.0 44.0
-5.847689 64.524765 1.2357622104 0.0 45.0
-5.847689 66.00604 1.2357622104 0.0 45.0
-5.847689 66.00604 1.2357622105 0.0 46.0
-5.847689 67.48732 1.2357622105 0.0 46.0
-5.847689 64.524765 1.2357622106 0.0 45.0
-6.4519825 65.877174 1.2357622106 0.0 45.0
-6.4519825 65.877174 1.2357622107 0.0 46.0
-7.056276 67.22958 1.2357622107 0.0 46.0
-4.6119275 46.87973 1.2357622108 12.0 33.0
-5.216221 48.232143 1.2357622108 12.0 33.0
-5.216221 48.232143 1.2357622109 11.0 34.0
-5.820514 49.584557 1.2357622109 11.0 34.0
-5.820514 49.584557 1.2357622110 10.0 35.0
-6.4248075 50.93697 1.2357622110 10.0 35.0
-6.4248075 50.93697 1.2357622111 9.0 36.0
-7.029101 52.289383 1.2357622111 9.0 36.0
-7.029101 52.289383 1.2357622112 4.0 37.0
-7.2966514 53.738087 1.3902326112 4.0 37.0
-7.2966514 53.738087 1.3902326113 3.0 38.0
-7.564202 55.18679 1.5447029113 3.0 38.0
-7.564202 55.18679 1.5447029114 0.0 39.0
-8.087535 56.539204 1.8468494114 0.0 39.0
-8.087535 56.539204 1.8468494115 0.0 40.0
-8.691828 57.891617 1.8468494115 0.0 40.0
-7.564202 55.18679 1.5447029116 2.0 39.0
-7.8731422 56.635494 1.5447029116 2.0 39.0
-7.8731422 56.635494 1.5447029117 1.0 40.0
-8.182083 58.084198 1.5447029117 1.0 40.0
-8.182083 58.084198 1.5447029118 0.0 41.0
-8.182083 59.565475 1.5447029118 0.0 41.0
-8.182083 59.565475 1.5447029119 0.0 42.0
-8.182083 61.046753 1.5447029119 0.0 42.0
-8.182083 58.084198 1.5447029120 0.0 41.0
-8.786376 59.43661 1.5447029120 0.0 41.0
-8.786376 59.43661 1.5447029121 0.0 42.0
-9.390669 60.789024 1.5447029121 0.0 42.0
-7.029101 52.289383 1.2357622122 8.0 37.0
-7.6333942 53.641796 1.2357622122 8.0 37.0
-7.6333942 53.641796 1.2357622123 7.0 38.0
-8.237687 54.99421 1.2357622123 7.0 38.0
-8.237687 54.99421 1.2357622124 6.0 39.0
-8.84198 56.346622 1.2357622124 6.0 39.0
-8.84198 56.346622 1.2357622125 5.0 40.0
-9.446273 57.699036 1.2357622125 5.0 40.0
-9.446273 57.699036 1.2357622126 4.0 41.0
-9.713823 59.14774 1.3902326126 4.0 41.0
-9.713823 59.14774 1.3902326127 3.0 42.0
-9.981374 60.596443 1.5447029127 3.0 42.0
-9.981374 60.596443 1.5447029128 0.0 43.0
-10.504707 61.948856 1.8468494128 0.0 43.0
-10.504707 61.948856 1.8468494129 0.0 44.0
-11.109 63.30127 1.8468494129 0.0 44.0
-9.981374 60.596443 1.5447029130 2.0 43.0
-10.290315 62.045147 1.5447029130 2.0 43.0
-10.290315 62.045147 1.5447029131 1.0 44.0
-10.599256 63.49385 1.5447029131 1.0 44.0
-10.599256 63.49385 1.5447029132 0.0 45.0
-10.599256 64.97513 1.5447029132 0.0 45.0
-10.599256 64.97513 1.5447029133 0.0 46.0
-10.599256 66.456406 1.5447029133 0.0 46.0
-10.599256 63.49385 1.5447029134 0.0 45.0
-11.203548 64.84626 1.5447029134 0.0 45.0
-11.203548 64.84626 1.5447029135 0.0 46.0
-11.807841 66.19867 1.5447029135 0.0 46.0
-9.446273 57.699036 1.2357622136 4.0 41.0
-10.319341 58.89567 1.2357622136 4.0 41.0
-10.319341 58.89567 1.2357622137 3.0 42.0
-11.192409 60.092308 1.2357622137 3.0 42.0
-11.192409 60.092308 1.2357622138 0.0 43.0
-12.148018 61.08054 1.7874835138 0.0 43.0
-12.148018 61.08054 1.7874835139 0.0 44.0
-13.25146 62.06877 1.7874835139 0.0 44.0
-11.192409 60.092308 1.2357622140 2.0 43.0
-12.065476 61.288944 1.2357622140 2.0 43.0
-12.065476 61.288944 1.2357622141 1.0 44.0
-12.938544 62.48558 1.2357622141 1.0 44.0
-12.938544 62.48558 1.2357622142 0.0 45.0
-13.461878 63.837994 1.5379088142 0.0 45.0
-13.461878 63.837994 1.5379088143 0.0 46.0
-14.066171 65.19041 1.5379088143 0.0 46.0
-12.938544 62.48558 1.2357622144 0.0 45.0
-14.041986 63.473812 1.2357622144 0.0 45.0
-14.041986 63.473812 1.2357622145 0.0 46.0
-15.145429 64.46204 1.2357622145 0.0 46.0
0.0 23.700468 0.0146 44.0 17.0
0.0 25.181747 0.0146 44.0 17.0
0.0 25.181747 0.0147 43.0 18.0
0.0 26.663027 0.0147 43.0 18.0
0.0 26.663027 0.0148 42.0 19.0
0.0 28.144306 0.0148 42.0 19.0
0.0 28.144306 0.0149 41.0 20.0
0.0 29.625586 0.0149 41.0 20.0
0.0 29.625586 0.0150 40.0 21.0
0.0 31.106865 0.0150 40.0 21.0
0.0 31.106865 0.0151 39.0 22.0
0.0 32.588142 0.0151 39.0 22.0
0.0 32.588142 0.0152 38.0 23.0
0.0 34.06942 0.0152 38.0 23.0
0.0 34.06942 0.0153 37.0 24.0
0.0 35.550697 0.0153 37.0 24.0
0.0 35.550697 0.0154 36.0 25.0
0.0 37.031975 0.0154 36.0 25.0
0.0 37.031975 0.0155 35.0 26.0
0.0 38.513252 0.0155 35.0 26.0
0.0 38.513252 0.0156 34.0 27.0
0.0 39.99453 0.0156 34.0 27.0
0.0 39.99453 0.0157 33.0 28.0
0.0 41.475807 0.0157 33.0 28.0
0.0 41.475807 0.0158 32.0 29.0
0.0 42.957085 0.0158 32.0 29.0
0.0 42.957085 0.0159 31.0 30.0
0.0 44.438362 0.0159 31.0 30.0
0.0 44.438362 0.0160 30.0 31.0
0.0 45.91964 0.0160 30.0 31.0
0.0 45.91964 0.0161 29.0 32.0
0.0 47.400917 0.0161 29.0 32.0
0.0 47.400917 0.0162 28.0 33.0
0.26755035 48.84962 -0.15447028162 28.0 33.0
0.26755035 48.84962 -0.15447028163 27.0 34.0
0.5351007 50.298325 -0.30894056163 27.0 34.0
0.5351007 50.298325 -0.30894056164 26.0 35.0
0.80265105 51.74703 -0.46341085164 26.0 35.0
0.80265105 51.74703 -0.46341085165 25.0 36.0
1.0702014 53.195732 -0.6178811165 25.0 36.0
1.0702014 53.195732 -0.6178811166 24.0 37.0
1.3377517 54.644436 -0.7723514166 24.0 37.0
1.3377517 54.644436 -0.7723514167 23.0 38.0
1.6053021 56.09314 -0.92682165167 23.0 38.0
1.6053021 56.09314 -0.92682165168 22.0 39.0
1.8728524 57.541843 -1.0812919168 22.0 39.0
1.8728524 57.541843 -1.0812919169 21.0 40.0
2.1404028 58.990547 -1.2357622169 21.0 40.0
2.1404028 58.990547 -1.2357622170 12.0 41.0
2.663736 60.34296 -1.5379088170 12.0 41.0
2.663736 60.34296 -1.5379088171 11.0 42.0
3.1870694 61.695374 -1.8400553171 11.0 42.0
3.1870694 61.695374 -1.8400553172 10.0 43.0
3.7104027 63.047787 -2.142202172 10.0 43.0
3.7104027 63.047787 -2.142202173 9.0 44.0
4.233736 64.4002 -2.4443486173 9.0 44.0
4.233736 64.4002 -2.4443486174 4.0 45.0
4.989835 65.59684 -2.8808823174 4.0 45.0
4.989835 65.59684 -2.8808823175 3.0 46.0
5.7459335 66.79348 -3.3174162175 3.0 46.0
5.7459335 66.79348 -3.3174162176 0.0 47.0
6.2692666 68.14589 -3.6195629176 0.0 47.0
6.2692666 68.14589 -3.6195629177 0.0 48.0
6.87356 69.4983 -3.6195629177 0.0 48.0
5.7459335 66.79348 -3.3174162178 2.0 47.0
6.6190014 67.99012 -3.3174162178 2.0 47.0
6.6190014 67.99012 -3.3174162179 1.0 48.0
7.4920692 69.18676 -3.3174162179 1.0 48.0
7.4920692 69.18676 -3.3174162180 0.0 49.0
8.447679 70.174995 -3.8691375180 0.0 49.0
8.447679 70.174995 -3.8691375181 0.0 50.0
9.551121 71.16323 -3.8691375181 0.0 50.0
7.4920692 69.18676 -3.3174162182 0.0 49.0
8.096362 70.53917 -3.3174162182 0.0 49.0
8.096362 70.53917 -3.3174162183 0.0 50.0
8.700655 71.89158 -3.3174162183 0.0 50.0
4.233736 64.4002 -2.4443486184 8.0 45.0
4.8380294 65.75261 -2.4443486184 8.0 45.0
4.8380294 65.75261 -2.4443486185 7.0 46.0
5.4423227 67.10502 -2.4443486185 7.0 46.0
5.4423227 67.10502 -2.4443486186 6.0 47.0
6.046616 68.45743 -2.4443486186 6.0 47.0
6.046616 68.45743 -2.4443486187 5.0 48.0
6.6509094 69.80984 -2.4443486187 5.0 48.0
6.6509094 69.80984 -2.4443486188 4.0 49.0
7.407008 71.00648 -2.8808823188 4.0 49.0
7.407008 71.00648 -2.8808823189 3.0 50.0
8.163107 72.20312 -3.3174162189 3.0 50.0
8.163107 72.20312 -3.3174162190 0.0 51.0
8.68644 73.55553 -3.6195629190 0.0 51.0
8.68644 73.55553 -3.6195629191 0.0 52.0
9.290733 74.907936 -3.6195629191 0.0 52.0
8.163107 72.20312 -3.3174162192 2.0 51.0
9.036175 73.39976 -3.3174162192 2.0 51.0
9.036175 73.39976 -3.3174162193 1.0 52.0
9.909243 74.5964 -3.3174162193 1.0 52.0
9.909243 74.5964 -3.3174162194 0.0 53.0
10.864852 75.58463 -3.8691375194 0.0 53.0
10.864852 75.58463 -3.8691375195 0.0 54.0
11.968294 76.57287 -3.8691375195 0.0 54.0
9.909243 74.5964 -3.3174162196 0.0 53.0
10.5135355 75.94881 -3.3174162196 0.0 53.0
10.5135355 75.94881 -3.3174162197 0.0 54.0
11.117828 77.301216 -3.3174162197 0.0 54.0
6.6509094 69.80984 -2.4443486198 4.0 49.0
6.95985 71.258545 -2.4443486198 4.0 49.0
6.95985 71.258545 -2.4443486199 3.0 50.0
7.2687902 72.70725 -2.4443486199 3.0 50.0
7.2687902 72.70725 -2.4443486200 0.0 51.0
7.2687902 74.18853 -2.4443486200 0.0 51.0
7.2687902 74.18853 -2.4443486201 0.0 52.0
7.2687902 75.66981 -2.4443486201 0.0 52.0
7.2687902 72.70725 -2.4443486202 2.0 51.0
7.5777307 74.15596 -2.4443486202 2.0 51.0
7.5777307 74.15596 -2.4443486203 1.0 52.0
7.886671 75.60467 -2.4443486203 1.0 52.0
7.886671 75.60467 -2.4443486204 0.0 53.0
8.410005 76.95708 -2.7464952204 0.0 53.0
8.410005 76.95708 -2.7464952205 0.0 54.0
9.0142975 78.30949 -2.7464952205 0.0 54.0
7.886671 75.60467 -2.4443486206 0.0 53.0
7.886671 77.085945 -2.4443486206 0.0 53.0
7.886671 77.085945 -2.4443486207 0.0 54.0
7.886671 78.56722 -2.4443486207 0.0 54.0
2.1404028 58.990547 -1.2357622208 20.0 41.0
2.4493434 60.43925 -1.2357622208 20.0 41.0
2.4493434 60.43925 -1.2357622209 19.0 42.0
2.758284 61.887955 -1.2357622209 19.0 42.0
2.758284 61.887955 -1.2357622210 18.0 43.0
3.0672247 63.33666 -1.2357622210 18.0 43.0
3.0672247 63.33666 -1.2357622211 17.0 44.0
3.3761654 64.78536 -1.2357622211 17.0 44.0
3.3761654 64.78536 -1.2357622212 16.0 45.0
3.685106 66.23407 -1.2357622212 16.0 45.0
3.685106 66.23407 -1.2357622213 15.0 46.0
3.9940467 67.68278 -1.2357622213 15.0 46.0
3.9940467 67.68278 -1.2357622214 14.0 47.0
4.302987 69.131485 -1.2357622214 14.0 47.0
4.302987 69.131485 -1.2357622215 13.0 48.0
4.6119275 70.58019 -1.2357622215 13.0 48.0
4.6119275 70.58019 -1.2357622216 12.0 49.0
5.1352606 71.9326 -1.5379088216 12.0 49.0
5.1352606 71.9326 -1.5379088217 11.0 50.0
5.6585937 73.28501 -1.8400553217 11.0 50.0
5.6585937 73.28501 -1.8400553218 10.0 51.0
6.1819267 74.63742 -2.142202218 10.0 51.0
6.1819267 74.63742 -2.142202219 9.0 52.0
6.70526 75.98983 -2.4443486219 9.0 52.0
6.70526 75.98983 -2.4443486220 4.0 53.0
7.4613585 77.18647 -2.8808823220 4.0 53.0
7.4613585 77.18647 -2.8808823221 3.0 54.0
8.217457 78.38311 -3.3174162221 3.0 54.0
8.217457 78.38311 -3.3174162222 0.0 55.0
8.74079 79.73552 -3.6195629222 0.0 55.0
8.74079 79.73552 -3.6195629223 0.0 56.0
9.345083 81.08793 -3.6195629223 0.0 56.0
8.217457 78.38311 -3.3174162224 2.0 55.0
9.090525 79.57975 -3.3174162224 2.0 55.0
9.090525 79.57975 -3.3174162225 1.0 56.0
9.963593 80.77639 -3.3174162225 1.0 56.0
9.963593 80.77639 -3.3174162226 0.0 57.0
10.919202 81.764626 -3.8691375226 0.0 57.0
10.919202 81.764626 -3.8691375227 0.0 58.0
12.022644 82.75286 -3.8691375227 0.0 58.0
9.963593 80.77639 -3.3174162228 0.0 57.0
10.567885 82.1288 -3.3174162228 0.0 57.0
10.567885 82.1288 -3.3174162229 0.0 58.0
11.172178 83.48121 -3.3174162229 0.0 58.0
6.70526 75.98983 -2.4443486230 8.0 53.0
7.309553 77.34224 -2.4443486230 8.0 53.0
7.309553 77.34224 -2.4443486231 7.0 54.0
7.9138465 78.69465 -2.4443486231 7.0 54.0
7.9138465 78.69465 -2.4443486232 6.0 55.0
8.51814 80.04706 -2.4443486232 6.0 55.0
8.51814 80.04706 -2.4443486233 5.0 56.0
9.122433 81.39947 -2.4443486233 5.0 56.0
9.122433 81.39947 -2.4443486234 4.0 57.0
9.878531 82.59611 -2.8808823234 4.0 57.0
9.878531 82.59611 -2.8808823235 3.0 58.0
10.63463 83.79275 -3.3174162235 3.0 58.0
10.63463 83.79275 -3.3174162236 0.0 59.0
11.157964 85.14516 -3.6195629236 0.0 59.0
11.157964 85.14516 -3.6195629237 0.0 60.0
11.762257 86.49757 -3.6195629237 0.0 60.0
10.63463 83.79275 -3.3174162238 2.0 59.0
11.507698 84.98939 -3.3174162238 2.0 59.0
11.507698 84.98939 -3.3174162239 1.0 60.0
12.380766 86.18603 -3.3174162239 1.0 60.0
12.380766 86.18603 -3.3174162240 0.0 61.0
13.336375 87.17426 -3.8691375240 0.0 61.0
13.336375 87.17426 -3.8691375241 0.0 62.0
14.439817 88.1625 -3.8691375241 0.0 62.0
12.380766 86.18603 -3.3174162242 0.0 61.0
12.985059 87.53844 -3.3174162242 0.0 61.0
12.985059 87.53844 -3.3174162243 0.0 62.0
13.589352 88.89085 -3.3174162243 0.0 62.0
9.122433 81.39947 -2.4443486244 4.0 57.0
9.431374 82.848175 -2.4443486244 4.0 57.0
9.431374 82.848175 -2.4443486245 3.0 58.0
9.7403145 84.29688 -2.4443486245 3.0 58.0
9.7403145 84.29688 -2.4443486246 0.0 59.0
9.7403145 85.77816 -2.4443486246 0.0 59.0
9.7403145 85.77816 -2.4443486247 0.0 60.0
9.7403145 87.25944 -2.4443486247 0.0 60.0
9.7403145 84.29688 -2.4443486248 2.0 59.0
10.049255 85.74559 -2.4443486248 2.0 59.0
10.049255 85.74559 -2.4443486249 1.0 60.0
10.358196 87.1943 -2.4443486249 1.0 60.0
10.358196 87.1943 -2.4443486250 0.0 61.0
10.88153 88.54671 -2.7464952250 0.0 61.0
10.88153 88.54671 -2.7464952251 0.0 62.0
11.485823 89.89912 -2.7464952251 0.0 62.0
10.358196 87.1943 -2.4443486252 0.0 61.0
10.358196 88.675575 -2.4443486252 0.0 61.0
10.358196 88.675575 -2.4443486253 0.0 62.0
10.358196 90.15685 -2.4443486253 0.0 62.0
4.6119275 70.58019 -1.2357622254 12.0 49.0
4.6119275 72.06147 -1.2357622254 12.0 49.0
4.6119275 72.06147 -1.2357622255 11.0 50.0
4.6119275 73.54275 -1.2357622255 11.0 50.0
4.6119275 73.54275 -1.2357622256 10.0 51.0
4.6119275 75.024025 -1.2357622256 10.0 51.0
4.6119275 75.024025 -1.2357622257 9.0 52.0
4.6119275 76.5053 -1.2357622257 9.0 52.0
4.6119275 76.5053 -1.2357622258 4.0 53.0
4.879478 77.95401 -1.3902326258 4.0 53.0
4.879478 77.95401 -1.3902326259 3.0 54.0
5.1470284 79.40272 -1.5447029259 3.0 54.0
5.1470284 79.40272 -1.5447029260 0.0 55.0
5.1470284 80.883995 -1.5447029260 0.0 55.0
5.1470284 80.883995 -1.5447029261 0.0 56.0
5.1470284 82.36527 -1.5447029261 0.0 56.0
5.1470284 79.40272 -1.5447029262 2.0 55.0
5.455969 80.851425 -1.5447029262 2.0 55.0
5.455969 80.851425 -1.5447029263 1.0 56.0
5.7649093 82.30013 -1.5447029263 1.0 56.0
5.7649093 82.30013 -1.5447029264 0.0 57.0
6.2882423 83.65254 -1.8468494264 0.0 57.0
6.2882423 83.65254 -1.8468494265 0.0 58.0
6.8925357 85.00495 -1.8468494265 0.0 58.0
5.7649093 82.30013 -1.5447029266 0.0 57.0
5.7649093 83.78141 -1.5447029266 0.0 57.0
5.7649093 83.78141 -1.5447029267 0.0 58.0
5.7649093 85.26269 -1.5447029267 0.0 58.0
4.6119275 76.5053 -1.2357622268 8.0 53.0
4.6119275 77.98658 -1.2357622268 8.0 53.0
4.6119275 77.98658 -1.2357622269 7.0 54.0
4.6119275 79.46786 -1.2357622269 7.0 54.0
4.6119275 79.46786 -1.2357622270 6.0 55.0
4.6119275 80.949135 -1.2357622270 6.0 55.0
4.6119275 80.949135 -1.2357622271 5.0 56.0
4.6119275 82.43041 -1.2357622271 5.0 56.0
4.6119275 82.43041 -1.2357622272 4.0 57.0
4.879478 83.87912 -1.3902326272 4.0 57.0
4.879478 83.87912 -1.3902326273 3.0 58.0
5.1470284 85.32783 -1.5447029273 3.0 58.0
5.1470284 85.32783 -1.5447029274 0.0 59.0
5.1470284 86.809105 -1.5447029274 0.0 59.0
5.1470284 86.809105 -1.5447029275 0.0 60.0
5.1470284 88.29038 -1.5447029275 0.0 60.0
5.1470284 85.32783 -1.5447029276 2.0 59.0
5.455969 86.776535 -1.5447029276 2.0 59.0
5.455969 86.776535 -1.5447029277 1.0 60.0
5.7649093 88.22524 -1.5447029277 1.0 60.0
5.7649093 88.22524 -1.5447029278 0.0 61.0
6.2882423 89.57765 -1.8468494278 0.0 61.0
6.2882423 89.57765 -1.8468494279 0.0 62.0
6.8925357 90.93006 -1.8468494279 0.0 62.0
5.7649093 88.22524 -1.5447029280 0.0 61.0
5.7649093 89.70652 -1.5447029280 0.0 61.0
5.7649093 89.70652 -1.5447029281 0.0 62.0
5.7649093 91.1878 -1.5447029281 0.0 62.0
4.6119275 82.43041 -1.2357622282 4.0 57.0
4.302987 83.87912 -1.2357622282 4.0 57.0
4.302987 83.87912 -1.2357622283 3.0 58.0
3.9940464 85.32783 -1.2357622283 3.0 58.0
3.9940464 85.32783 -1.2357622284 0.0 59.0
3.4707131 86.68024 -0.9336157284 0.0 59.0
3.4707131 86.68024 -0.9336157285 0.0 60.0
2.86642 88.032646 -0.9336157285 0.0 60.0
3.9940464 85.32783 -1.2357622286 2.0 59.0
3.6851058 86.776535 -1.2357622286 2.0 59.0
3.6851058 86.776535 -1.2357622287 1.0 60.0
3.3761652 88.22524 -1.2357622287 1.0 60.0
3.3761652 88.22524 -1.2357622288 0.0 61.0
3.3761652 89.70652 -1.2357622288 0.0 61.0
3.3761652 89.70652 -1.2357622289 0.0 62.0
3.3761652 91.1878 -1.2357622289 0.0 62.0
3.3761652 88.22524 -1.2357622290 0.0 61.0
2.771872 89.57765 -1.2357622290 0.0 61.0
2.771872 89.57765 -1.2357622291 0.0 62.0
2.167579 90.93006 -1.2357622291 0.0 62.0
0.0 47.400917 0.0292 28.0 33.0
-0.30894056 48.84962 0.0292 28.0 33.0
-0.30894056 48.84962 0.0293 27.0 34.0
-0.6178811 50.298325 0.0293 27.0 34.0
-0.6178811 50.298325 0.0294 26.0 35.0
-0.9268217 51.74703 0.0294 26.0 35.0
-0.9268217 51.74703 0.0295 25.0 36.0
-1.2357622 53.195732 0.0295 25.0 36.0
-1.2357622 53.195732 0.0296 24.0 37.0
-1.5447028 54.644436 0.0296 24.0 37.0
-1.5447028 54.644436 0.0297 23.0 38.0
-1.8536433 56.09314 0.0297 23.0 38.0
-1.8536433 56.09314 0.0298 22.0 39.0
-2.1625838 57.541843 0.0298 22.0 39.0
-2.1625838 57.541843 0.0299 21.0 40.0
-2.4715245 58.990547 0.0299 21.0 40.0
-2.4715245 58.990547 0.0300 12.0 41.0
-2.4715245 60.471825 0.0300 12.0 41.0
-2.4715245 60.471825 0.0301 11.0 42.0
-2.4715245 61.953102 0.0301 11.0 42.0
-2.4715245 61.953102 0.0302 10.0 43.0
-2.4715245 63.43438 0.0302 10.0 43.0
-2.4715245 63.43438 0.0303 9.0 44.0
-2.4715245 64.91566 0.0303 9.0 44.0
-2.4715245 64.91566 0.0304 4.0 45.0
-2.2039742 66.364365 -0.15447028304 4.0 45.0
-2.2039742 66.364365 -0.15447028305 3.0 46.0
-1.9364239 67.81307 -0.30894056305 3.0 46.0
-1.9364239 67.81307 -0.30894056306 0.0 47.0
-1.9364239 69.29435 -0.30894056306 0.0 47.0
-1.9364239 69.29435 -0.30894056307 0.0 48.0
-1.9364239 70.77563 -0.30894056307 0.0 48.0
-1.9364239 67.81307 -0.30894056308 2.0 47.0
-1.6274834 69.26178 -0.30894056308 2.0 47.0
-1.6274834 69.26178 -0.30894056309 1.0 48.0
-1.3185428 70.71049 -0.30894056309 1.0 48.0
-1.3185428 70.71049 -0.30894056310 0.0 49.0
-0.7952096 72.0629 -0.61108714310 0.0 49.0
-0.7952096 72.0629 -0.61108714311 0.0 50.0
-0.19091642 73.415306 -0.61108714311 0.0 50.0
-1.3185428 70.71049 -0.30894056312 0.0 49.0
-1.3185428 72.191765 -0.30894056312 0.0 49.0
-1.3185428 72.191765 -0.30894056313 0.0 50.0
-1.3185428 73.67304 -0.30894056313 0.0 50.0
-2.4715245 64.91566 0.0314 8.0 45.0
-2.4715245 66.396935 0.0314 8.0 45.0
-2.4715245 66.396935 0.0315 7.0 46.0
-2.4715245 67.87821 0.0315 7.0 46.0
-2.4715245 67.87821 0.0316 6.0 47.0
-2.4715245 69.35949 0.0316 6.0 47.0
-2.4715245 69.35949 0.0317 5.0 48.0
-2.4715245 70.84077 0.0317 5.0 48.0
-2.4715245 70.84077 0.0318 4.0 49.0
-2.2039742 72.289474 -0.15447028318 4.0 49.0
-2.2039742 72.289474 -0.15447028319 3.0 50.0
-1.9364239 73.73818 -0.30894056319 3.0 50.0
-1.9364239 73.73818 -0.30894056320 0.0 51.0
-1.9364239 75.21946 -0.30894056320 0.0 51.0
-1.9364239 75.21946 -0.30894056321 0.0 52.0
-1.9364239 76.70074 -0.30894056321 0.0 52.0
-1.9364239 73.73818 -0.30894056322 2.0 51.0
-1.6274834 75.18689 -0.30894056322 2.0 51.0
-1.6274834 75.18689 -0.30894056323 1.0 52.0
-1.3185428 76.6356 -0.30894056323 1.0 52.0
-1.3185428 76.6356 -0.30894056324 0.0 53.0
-0.7952096 77.98801 -0.61108714324 0.0 53.0
-0.7952096 77.98801 -0.61108714325 0.0 54.0
-0.19091642 79.340416 -0.61108714325 0.0 54.0
-1.3185428 76.6356 -0.30894056326 0.0 53.0
-1.3185428 78.116875 -0.30894056326 0.0 53.0
-1.3185428 78.116875 -0.30894056327 0.0 54.0
-1.3185428 79.59815 -0.30894056327 0.0 54.0
-2.4715245 70.84077 0.0328 4.0 49.0
-2.7804651 72.289474 0.0328 4.0 49.0
-2.7804651 72.289474 0.0329 3.0 50.0
-3.0894058 73.73818 0.0329 3.0 50.0
-3.0894058 73.73818 0.0330 0.0 51.0
-3.612739 75.09059 0.30214658330 0.0 51.0
-3.612739 75.09059 0.30214658331 0.0 52.0
-4.2170324 76.443 0.30214658331 0.0 52.0
-3.0894058 73.73818 0.0332 2.0 51.0
-3.3983464 75.18689 0.0332 2.0 51.0
-3.3983464 75.18689 0.0333 1.0 52.0
-3.707287 76.6356 0.0333 1.0 52.0
-3.707287 76.6356 0.0334 0.0 53.0
-3.707287 78.116875 0.0334 0.0 53.0
-3.707287 78.116875 0.0335 0.0 54.0
-3.707287 79.59815 0.0335 0.0 54.0
-3.707287 76.6356 0.0336 0.0 53.0
-4.31158 77.98801 0.0336 0.0 53.0
-4.31158 77.98801 0.0337 0.0 54.0
-4.9158735 79.340416 0.0337 0.0 54.0
-2.4715245 58.990547 0.0338 20.0 41.0
-2.7804651 60.43925 0.0338 20.0 41.0
-2.7804651 60.43925 0.0339 19.0 42.0
-3.0894058 61.887955 0.0339 19.0 42.0
-3.0894058 61.887955 0.0340 18.0 43.0
-3.3983464 63.33666 0.0340 18.0 43.0
-3.3983464 63.33666 0.0341 17.0 44.0
-3.707287 64.78536 0.0341 17.0 44.0
-3.707287 64.78536 0.0342 16.0 45.0
-4.0162277 66.23407 0.0342 16.0 45.0
-4.0162277 66.23407 0.0343 15.0 46.0
-4.325168 67.68278 0.0343 15.0 46.0
-4.325168 67.68278 0.0344 14.0 47.0
-4.6341085 69.131485 0.0344 14.0 47.0
-4.6341085 69.131485 0.0345 13.0 48.0
-4.943049 70.58019 0.0345 13.0 48.0
-4.943049 70.58019 0.0346 12.0 49.0
-4.943049 72.06147 0.0346 12.0 49.0
-4.943049 72.06147 0.0347 11.0 50.0
-4.943049 73.54275 0.0347 11.0 50.0
-4.943049 73.54275 0.0348 10.0 51.0
-4.943049 75.024025 0.0348 10.0 51.0
-4.943049 75.024025 0.0349 9.0 52.0
-4.943049 76.5053 0.0349 9.0 52.0
-4.943049 76.5053 0.0350 4.0 53.0
-4.6754985 77.95401 -0.15447028350 4.0 53.0
-4.6754985 77.95401 -0.15447028351 3.0 54.0
-4.407948 79.40272 -0.30894056351 3.0 54.0
-4.407948 79.40272 -0.30894056352 0.0 55.0
-4.407948 80.883995 -0.30894056352 0.0 55.0
-4.407948 80.883995 -0.30894056353 0.0 56.0
-4.407948 82.36527 -0.30894056353 0.0 56.0
-4.407948 79.40272 -0.30894056354 2.0 55.0
-4.0990076 80.851425 -0.30894056354 2.0 55.0
-4.0990076 80.851425 -0.30894056355 1.0 56.0
-3.790067 82.30013 -0.30894056355 1.0 56.0
-3.790067 82.30013 -0.30894056356 0.0 57.0
-3.2667336 83.65254 -0.61108714356 0.0 57.0
-3.2667336 83.65254 -0.61108714357 0.0 58.0
-2.6624405 85.00495 -0.61108714357 0.0 58.0
-3.790067 82.30013 -0.30894056358 0.0 57.0
-3.790067 83.78141 -0.30894056358 0.0 57.0
-3.790067 83.78141 -0.30894056359 0.0 58.0
-3.790067 85.26269 -0.30894056359 0.0 58.0
-4.943049 76.5053 0.0360 8.0 53.0
-4.943049 77.98658 0.0360 8.0 53.0
-4.943049 77.98658 0.0361 7.0 54.0
-4.943049 79.46786 0.0361 7.0 54.0
-4.943049 79.46786 0.0362 6.0 55.0
-4.943049 80.949135 0.0362 6.0 55.0
-4.943049 80.949135 0.0363 5.0 56.0
-4.943049 82.43041 0.0363 5.0 56.0
-4.943049 82.43041 0.0364 4.0 57.0
-4.6754985 83.87912 -0.15447028364 4.0 57.0
-4.6754985 83.87912 -0.15447028365 3.0 58.0
-4.407948 85.32783 -0.30894056365 3.0 58.0
-4.407948 85.32783 -0.30894056366 0.0 59.0
-4.407948 86.809105 -0.30894056366 0.0 59.0
-4.407948 86.809105 -0.30894056367 0.0 60.0
-4.407948 88.29038 -0.30894056367 0.0 60.0
-4.407948 85.32783 -0.30894056368 2.0 59.0
-4.0990076 86.776535 -0.30894056368 2.0 59.0
-4.0990076 86.776535 -0.30894056369 1.0 60.0
-3.790067 88.22524 -0.30894056369 1.0 60.0
-3.790067 88.22524 -0.30894056370 0.0 61.0
-3.2667336 89.57765 -0.61108714370 0.0 61.0
-3.2667336 89.57765 -0.61108714371 0.0 62.0
-2.6624405 90.93006 -0.61108714371 0.0 62.0
-3.790067 88.22524 -0.30894056372 0.0 61.0
-3.790067 89.70652 -0.30894056372 0.0 61.0
-3.790067 89.70652 -0.30894056373 0.0 62.0
-3.790067 91.1878 -0.30894056373 0.0 62.0
-4.943049 82.43041 0.0374 4.0 57.0
-5.2519894 83.87912 0.0374 4.0 57.0
-5.2519894 83.87912 0.0375 3.0 58.0
-5.56093 85.32783 0.0375 3.0 58.0
-5.56093 85.32783 0.0376 0.0 59.0
-6.084263 86.68024 0.30214658376 0.0 59.0
-6.084263 86.68024 0.30214658377 0.0 60.0
-6.688556 88.032646 0.30214658377 0.0 60.0
-5.56093 85.32783 0.0378 2.0 59.0
-5.86987 86.776535 0.0378 2.0 59.0
-5.86987 86.776535 0.0379 1.0 60.0
-6.1788106 88.22524 0.0379 1.0 60.0
-6.1788106 88.22524 0.0380 0.0 61.0
-6.1788106 89.70652 0.0380 0.0 61.0
-6.1788106 89.70652 0.0381 0.0 62.0
-6.1788106 91.1878 0.0381 0.0 62.0
-6.1788106 88.22524 0.0382 0.0 61.0
-6.783104 89.57765 0.0382 0.0 61.0
-6.783104 89.57765 0.0383 0.0 62.0
-7.3873973 90.93006 0.0383 0.0 62.0
-4.943049 70.58019 0.0384 12.0 49.0
-5.5473423 71.9326 0.0384 12.0 49.0
-5.5473423 71.9326 0.0385 11.0 50.0
-6.1516356 73.28501 0.0385 11.0 50.0
-6.1516356 73.28501 0.0386 10.0 51.0
-6.755929 74.63742 0.0386 10.0 51.0
-6.755929 74.63742 0.0387 9.0 52.0
-7.3602223 75.98983 0.0387 9.0 52.0
-7.3602223 75.98983 0.0388 4.0 53.0
-7.627773 77.43854 0.15447028388 4.0 53.0
-7.627773 77.43854 0.15447028389 3.0 54.0
-7.8953233 78.887245 0.30894056389 3.0 54.0
-7.8953233 78.887245 0.30894056390 0.0 55.0
-8.418656 80.239655 0.61108714390 0.0 55.0
-8.418656 80.239655 0.61108714391 0.0 56.0
-9.022949 81.592064 0.61108714391 0.0 56.0
-7.8953233 78.887245 0.30894056392 2.0 55.0
-8.204264 80.33595 0.30894056392 2.0 55.0
-8.204264 80.33595 0.30894056393 1.0 56.0
-8.513205 81.78466 0.30894056393 1.0 56.0
-8.513205 81.78466 0.30894056394 0.0 57.0
-8.513205 83.26594 0.30894056394 0.0 57.0
-8.513205 83.26594 0.30894056395 0.0 58.0
-8.513205 84.747215 0.30894056395 0.0 58.0
-8.513205 81.78466 0.30894056396 0.0 57.0
-9.117497 83.13707 0.30894056396 0.0 57.0
-9.117497 83.13707 0.30894056397 0.0 58.0
-9.72179 84.48948 0.30894056397 0.0 58.0
-7.3602223 75.98983 0.0398 8.0 53.0
-7.9645157 77.34224 0.0398 8.0 53.0
-7.9645157 77.34224 0.0399 7.0 54.0
-8.568809 78.69465 0.0399 7.0 54.0
-8.568809 78.69465 0.0400 6.0 55.0
-9.173101 80.04706 0.0400 6.0 55.0
-9.173101 80.04706 0.0401 5.0 56.0
-9.777394 81.39947 0.0401 5.0 56.0
-9.777394 81.39947 0.0402 4.0 57.0
-10.044945 82.848175 0.15447028402 4.0 57.0
-10.044945 82.848175 0.15447028403 3.0 58.0
-10.312495 84.29688 0.30894056403 3.0 58.0
-10.312495 84.29688 0.30894056404 0.0 59.0
-10.835829 85.64929 0.61108714404 0.0 59.0
-10.835829 85.64929 0.61108714405 0.0 60.0
-11.440122 87.0017 0.61108714405 0.0 60.0
-10.312495 84.29688 0.30894056406 2.0 59.0
-10.621436 85.74559 0.30894056406 2.0 59.0
-10.621436 85.74559 0.30894056407 1.0 60.0
-10.930377 87.1943 0.30894056407 1.0 60.0
-10.930377 87.1943 0.30894056408 0.0 61.0
-10.930377 88.675575 0.30894056408 0.0 61.0
-10.930377 88.675575 0.30894056409 0.0 62.0
-10.930377 90.15685 0.30894056409 0.0 62.0
-10.930377 87.1943 0.30894056410 0.0 61.0
-11.53467 88.54671 0.30894056410 0.0 61.0
-11.53467 88.54671 0.30894056411 0.0 62.0
-12.138963 89.89912 0.30894056411 0.0 62.0
-9.777394 81.39947 0.0412 4.0 57.0
-10.650462 82.59611 0.0412 4.0 57.0
-10.650462 82.59611 0.0413 3.0 58.0
-11.52353 83.79275 0.0413 3.0 58.0
-11.52353 83.79275 0.0414 0.0 59.0
-12.479139 84.78098 0.5517213414 0.0 59.0
-12.479139 84.78098 0.5517213415 0.0 60.0
-13.5825815 85.76922 0.5517213415 0.0 60.0
-11.52353 83.79275 0.0416 2.0 59.0
-12.396598 84.98939 0.0416 2.0 59.0
-12.396598 84.98939 0.0417 1.0 60.0
-13.269666 86.18603 0.0417 1.0 60.0
-13.269666 86.18603 0.0418 0.0 61.0
-13.792999 87.53844 0.3021466418 0.0 61.0
-13.792999 87.53844 0.3021466419 0.0 62.0
-14.397292 88.89085 0.3021466419 0.0 62.0
-13.269666 86.18603 0.0420 0.0 61.0
-14.373108 87.17426 0.0420 0.0 61.0
-14.373108 87.17426 0.0421 0.0 62.0
-15.47655 88.1625 0.0421 0.0 62.0
