0.0 0.0 0.00 28.0 1.0
-0.6937055 2.727582 0.00 28.0 1.0
-0.6937055 2.727582 0.01 27.0 2.0
-1.387411 5.455164 0.01 27.0 2.0
-1.387411 5.455164 0.02 26.0 3.0
-2.0811164 8.182746 0.02 26.0 3.0
-2.0811164 8.182746 0.03 25.0 4.0
-2.774822 10.910328 0.03 25.0 4.0
-2.774822 10.910328 0.04 24.0 5.0
-3.4685276 13.63791 0.04 24.0 5.0
-3.4685276 13.63791 0.05 23.0 6.0
-4.162233 16.365492 0.05 23.0 6.0
-4.162233 16.365492 0.06 22.0 7.0
-4.8559384 19.093075 0.06 22.0 7.0
-4.8559384 19.093075 0.07 21.0 8.0
-5.549644 21.820656 0.07 21.0 8.0
-5.549644 21.820656 0.08 12.0 9.0
-7.3274865 23.835958 0.83592068 12.0 9.0
-7.3274865 23.835958 0.83592069 11.0 10.0
-9.1053295 25.851261 1.67184119 11.0 10.0
-9.1053295 25.851261 1.671841110 10.0 11.0
-10.883172 27.866564 2.507761710 10.0 11.0
-10.883172 27.866564 2.507761711 9.0 12.0
-12.661015 29.881866 3.343682311 9.0 12.0
-12.661015 29.881866 3.343682312 4.0 13.0
-15.26822 30.64489 4.07934912 4.0 13.0
-15.26822 30.64489 4.07934913 3.0 14.0
-17.875425 31.407913 4.81501613 3.0 14.0
-17.875425 31.407913 4.81501614 0.0 15.0
-20.246637 30.714207 6.162997714 0.0 15.0
-20.246637 30.714207 6.162997715 0.0 16.0
-22.97422 30.0205 6.162997715 0.0 16.0
-17.875425 31.407913 4.81501616 0.0 15.0
-19.754522 33.423214 5.388147416 0.0 15.0
-19.754522 33.423214 5.388147417 0.0 16.0
-21.71908 35.438515 5.388147417 0.0 16.0
-17.875425 31.407913 4.81501618 2.0 15.0
-20.584435 32.170937 4.81501618 2.0 15.0
-20.584435 32.170937 4.81501619 1.0 16.0
-23.293442 32.93396 4.81501619 1.0 16.0
-23.293442 32.93396 4.81501620 0.0 17.0
-26.002449 33.696983 4.81501620 0.0 17.0
-26.002449 33.696983 4.81501621 0.0 18.0
-28.711456 34.460007 4.81501621 0.0 18.0
-12.661015 29.881866 3.343682322 4.0 13.0
-13.314543 32.609447 3.576337822 4.0 13.0
-13.314543 32.609447 3.576337823 3.0 14.0
-13.968071 35.33703 3.808993323 3.0 14.0
-13.968071 35.33703 3.808993324 0.0 15.0
-15.780613 37.35233 4.56674124 0.0 15.0
-15.780613 37.35233 4.56674125 0.0 16.0
-17.74517 39.36763 4.56674125 0.0 16.0
-13.968071 35.33703 3.808993326 0.0 15.0
-13.255675 38.046036 3.535682226 0.0 15.0
-13.255675 38.046036 3.535682227 0.0 16.0
-12.492651 40.755043 3.535682227 0.0 16.0
-13.968071 35.33703 3.808993328 2.0 15.0
-14.661777 38.06461 3.808993328 2.0 15.0
-14.661777 38.06461 3.808993329 1.0 16.0
-15.355482 40.79219 3.808993329 1.0 16.0
-15.355482 40.79219 3.808993330 0.0 17.0
-16.049189 43.51977 3.808993330 0.0 17.0
-16.049189 43.51977 3.808993331 0.0 18.0
-16.742895 46.247353 3.808993331 0.0 18.0
-12.661015 29.881866 3.343682332 8.0 13.0
-14.625572 31.89717 3.343682332 8.0 13.0
-14.625572 31.89717 3.343682333 7.0 14.0
-16.59013 33.91247 3.343682333 7.0 14.0
-16.59013 33.91247 3.343682334 6.0 15.0
-18.554688 35.927773 3.343682334 6.0 15.0
-18.554688 35.927773 3.343682335 5.0 16.0
-20.519245 37.943073 3.343682335 5.0 16.0
-20.519245 37.943073 3.343682336 4.0 17.0
-22.483803 39.958374 3.343682336 4.0 17.0
-22.483803 39.958374 3.343682337 3.0 18.0
-24.44836 41.973675 3.343682337 3.0 18.0
-24.44836 41.973675 3.343682338 0.0 19.0
-26.974968 42.7367 4.320914738 0.0 19.0
-26.974968 42.7367 4.320914739 0.0 20.0
-29.683975 43.49972 4.320914739 0.0 20.0
-24.44836 41.973675 3.343682340 0.0 19.0
-25.087559 44.701256 3.613225540 0.0 19.0
-25.087559 44.701256 3.613225541 0.0 20.0
-25.781265 47.428837 3.613225541 0.0 20.0
-24.44836 41.973675 3.343682342 2.0 19.0
-26.412918 43.988976 3.343682342 2.0 19.0
-26.412918 43.988976 3.343682343 1.0 20.0
-28.377476 46.004276 3.343682343 1.0 20.0
-28.377476 46.004276 3.343682344 0.0 21.0
-30.342033 48.019577 3.343682344 0.0 21.0
-30.342033 48.019577 3.343682345 0.0 22.0
-32.30659 50.034878 3.343682345 0.0 22.0
-5.549644 21.820656 0.046 12.0 9.0
-4.813402 24.529663 -0.2003853846 12.0 9.0
-4.813402 24.529663 -0.2003853847 11.0 10.0
-4.0771604 27.23867 -0.4007707547 11.0 10.0
-4.0771604 27.23867 -0.4007707548 10.0 11.0
-3.3409185 29.947678 -0.601156148 10.0 11.0
-3.3409185 29.947678 -0.601156149 9.0 12.0
-2.6046767 32.656685 -0.801541549 9.0 12.0
-2.6046767 32.656685 -0.801541550 4.0 13.0
-3.2432606 35.384266 -0.5305471450 4.0 13.0
-3.2432606 35.384266 -0.5305471451 3.0 14.0
-3.8818445 38.111847 -0.2595527551 3.0 14.0
-3.8818445 38.111847 -0.2595527552 0.0 15.0
-5.723955 40.127148 0.4231742352 0.0 15.0
-5.723955 40.127148 0.4231742353 0.0 16.0
-7.688513 42.14245 0.4231742353 0.0 16.0
-3.8818445 38.111847 -0.2595527554 0.0 15.0
-3.1760368 40.820854 -0.549452854 0.0 15.0
-3.1760368 40.820854 -0.549452855 0.0 16.0
-2.4130123 43.52986 -0.549452855 0.0 16.0
-3.8818445 38.111847 -0.2595527556 2.0 15.0
-4.57555 40.839428 -0.2595527556 2.0 15.0
-4.57555 40.839428 -0.2595527557 1.0 16.0
-5.2692556 43.56701 -0.2595527557 1.0 16.0
-5.2692556 43.56701 -0.2595527558 0.0 17.0
-5.962961 46.29459 -0.2595527558 0.0 17.0
-5.962961 46.29459 -0.2595527559 0.0 18.0
-6.6566668 49.02217 -0.2595527559 0.0 18.0
-2.6046767 32.656685 -0.801541560 4.0 13.0
-0.8235705 34.621243 -1.744465560 4.0 13.0
-0.8235705 34.621243 -1.744465561 3.0 14.0
0.95753574 36.5858 -2.687389461 3.0 14.0
0.95753574 36.5858 -2.687389462 0.0 15.0
1.6184688 39.294807 -3.068668662 0.0 15.0
1.6184688 39.294807 -3.068668663 0.0 16.0
2.381493 42.003815 -3.068668663 0.0 16.0
0.95753574 36.5858 -2.687389464 0.0 15.0
3.5048418 37.279507 -3.66254964 0.0 15.0
3.5048418 37.279507 -3.66254965 0.0 16.0
6.232424 37.973213 -3.66254965 0.0 16.0
0.95753574 36.5858 -2.687389466 2.0 15.0
2.9728384 38.550358 -2.687389466 2.0 15.0
2.9728384 38.550358 -2.687389467 1.0 16.0
4.988141 40.514915 -2.687389467 1.0 16.0
4.988141 40.514915 -2.687389468 0.0 17.0
7.0034437 42.479473 -2.687389468 0.0 17.0
7.0034437 42.479473 -2.687389469 0.0 18.0
9.018746 44.44403 -2.687389469 0.0 18.0
-2.6046767 32.656685 -0.801541570 8.0 13.0
-1.8416522 35.365692 -0.801541570 8.0 13.0
-1.8416522 35.365692 -0.801541571 7.0 14.0
-1.0786276 38.0747 -0.801541571 7.0 14.0
-1.0786276 38.0747 -0.801541572 6.0 15.0
-0.31560308 40.783707 -0.801541572 6.0 15.0
-0.31560308 40.783707 -0.801541573 5.0 16.0
0.44742143 43.492714 -0.801541573 5.0 16.0
0.44742143 43.492714 -0.801541574 4.0 17.0
1.2104459 46.20172 -0.801541574 4.0 17.0
1.2104459 46.20172 -0.801541575 3.0 18.0
1.9734704 48.91073 -0.801541575 3.0 18.0
1.9734704 48.91073 -0.801541576 0.0 19.0
1.3064651 51.63831 -0.610933876 0.0 19.0
1.3064651 51.63831 -0.610933877 0.0 20.0
0.61275965 54.36589 -0.610933877 0.0 20.0
1.9734704 48.91073 -0.801541578 0.0 19.0
3.7548032 50.875286 -1.744037478 0.0 19.0
3.7548032 50.875286 -1.744037479 0.0 20.0
5.770106 52.839844 -1.744037479 0.0 20.0
1.9734704 48.91073 -0.801541580 2.0 19.0
2.736495 51.619736 -0.801541580 2.0 19.0
2.736495 51.619736 -0.801541581 1.0 20.0
3.4995196 54.328743 -0.801541581 1.0 20.0
3.4995196 54.328743 -0.801541582 0.0 21.0
4.262544 57.03775 -0.801541582 0.0 21.0
4.262544 57.03775 -0.801541583 0.0 22.0
5.0255685 59.746758 -0.801541583 0.0 22.0
-5.549644 21.820656 0.084 20.0 9.0
-6.2433496 24.548237 0.084 20.0 9.0
-6.2433496 24.548237 0.085 19.0 10.0
-6.937055 27.275818 0.085 19.0 10.0
-6.937055 27.275818 0.086 18.0 11.0
-7.6307607 30.003399 0.086 18.0 11.0
-7.6307607 30.003399 0.087 17.0 12.0
-8.324466 32.73098 0.087 17.0 12.0
-8.324466 32.73098 0.088 16.0 13.0
-9.018171 35.45856 0.088 16.0 13.0
-9.018171 35.45856 0.089 15.0 14.0
-9.711877 38.186142 0.089 15.0 14.0
-9.711877 38.186142 0.090 14.0 15.0
-10.405582 40.913723 0.090 14.0 15.0
-10.405582 40.913723 0.091 13.0 16.0
-11.099288 43.641304 0.091 13.0 16.0
-11.099288 43.641304 0.092 12.0 17.0
-11.792994 46.368885 0.092 12.0 17.0
-11.792994 46.368885 0.093 11.0 18.0
-12.486699 49.096466 0.093 11.0 18.0
-12.486699 49.096466 0.094 10.0 19.0
-13.180405 51.824047 0.094 10.0 19.0
-13.180405 51.824047 0.095 9.0 20.0
-13.87411 54.55163 0.095 9.0 20.0
-13.87411 54.55163 0.096 4.0 21.0
-15.62038 56.56693 0.90001696 4.0 21.0
-15.62038 56.56693 0.90001697 3.0 22.0
-17.36665 58.58223 1.80003297 3.0 22.0
-17.36665 58.58223 1.80003298 0.0 23.0
-19.96019 59.345253 2.582510598 0.0 23.0
-19.96019 59.345253 2.582510599 0.0 24.0
-22.669197 60.108276 2.582510599 0.0 24.0
-17.36665 58.58223 1.800032100 0.0 23.0
-18.026571 61.30981 2.0138817100 0.0 23.0
-18.026571 61.30981 2.0138817101 0.0 24.0
-18.720278 64.03739 2.0138817101 0.0 24.0
-17.36665 58.58223 1.800032102 2.0 23.0
-19.331207 60.59753 1.800032102 2.0 23.0
-19.331207 60.59753 1.800032103 1.0 24.0
-21.295765 62.61283 1.800032103 1.0 24.0
-21.295765 62.61283 1.800032104 0.0 25.0
-23.260323 64.628136 1.800032104 0.0 25.0
-23.260323 64.628136 1.800032105 0.0 26.0
-25.22488 66.64344 1.800032105 0.0 26.0
-13.87411 54.55163 0.0106 4.0 21.0
-13.173125 57.260635 -0.3013742106 4.0 21.0
-13.173125 57.260635 -0.3013742107 3.0 22.0
-12.47214 59.969643 -0.6027484107 3.0 22.0
-12.47214 59.969643 -0.6027484108 0.0 23.0
-13.11914 62.697224 -0.3525104108 0.0 23.0
-13.11914 62.697224 -0.3525104109 0.0 24.0
-13.812845 65.424805 -0.3525104109 0.0 24.0
-12.47214 59.969643 -0.6027484110 0.0 23.0
-10.526157 61.9342 -1.1267675110 0.0 23.0
-10.526157 61.9342 -1.1267675111 0.0 24.0
-8.510855 63.898758 -1.1267675111 0.0 24.0
-12.47214 59.969643 -0.6027484112 2.0 23.0
-11.709116 62.67865 -0.6027484112 2.0 23.0
-11.709116 62.67865 -0.6027484113 1.0 24.0
-10.946092 65.38766 -0.6027484113 1.0 24.0
-10.946092 65.38766 -0.6027484114 0.0 25.0
-10.183067 68.096664 -0.6027484114 0.0 25.0
-10.183067 68.096664 -0.6027484115 0.0 26.0
-9.420043 70.80567 -0.6027484115 0.0 26.0
-13.87411 54.55163 0.0116 8.0 21.0
-14.567816 57.27921 0.0116 8.0 21.0
-14.567816 57.27921 0.0117 7.0 22.0
-15.261521 60.00679 0.0117 7.0 22.0
-15.261521 60.00679 0.0118 6.0 23.0
-15.955227 62.73437 0.0118 6.0 23.0
-15.955227 62.73437 0.0119 5.0 24.0
-16.648932 65.46195 0.0119 5.0 24.0
-16.648932 65.46195 0.0120 4.0 25.0
-17.342636 68.18954 0.0120 4.0 25.0
-17.342636 68.18954 0.0121 3.0 26.0
-18.03634 70.91712 0.0121 3.0 26.0
-18.03634 70.91712 0.0122 0.0 27.0
-19.87185 72.93243 0.7002827122 0.0 27.0
-19.87185 72.93243 0.7002827123 0.0 28.0
-21.836407 74.94773 0.7002827123 0.0 28.0
-18.03634 70.91712 0.0124 0.0 27.0
-17.300598 73.62613 -0.2022085124 0.0 27.0
-17.300598 73.62613 -0.2022085125 0.0 28.0
-16.537573 76.33514 -0.2022085125 0.0 28.0
-18.03634 70.91712 0.0126 2.0 27.0
-18.730045 73.64471 0.0126 2.0 27.0
-18.730045 73.64471 0.0127 1.0 28.0
-19.42375 76.37229 0.0127 1.0 28.0
-19.42375 76.37229 0.0128 0.0 29.0
-20.117455 79.09988 0.0128 0.0 29.0
-20.117455 79.09988 0.0129 0.0 30.0
-20.81116 81.82746 0.0129 0.0 30.0
