0.0 0.0 0.00 14.0 1.0
0.0 4.2595353 0.00 14.0 1.0
0.0 4.2595353 0.01 0.0 2.0
-2.4879477 7.4044456 1.43641731 0.0 2.0
0.0 4.2595353 0.02 13.0 2.0
0.0 8.519071 0.02 13.0 2.0
0.0 8.519071 0.03 0.0 3.0
2.4879477 11.663981 -1.43641733 0.0 3.0
2.4879477 11.663981 -1.43641734 0.0 4.0
2.4879477 15.923517 -1.43641734 0.0 4.0
2.4879477 11.663981 -1.43641735 0.0 4.0
5.3607826 14.808892 -1.43641735 0.0 4.0
0.0 8.519071 0.06 12.0 3.0
0.0 12.778606 0.06 12.0 3.0
0.0 12.778606 0.07 0.0 4.0
-2.4879477 15.923517 1.43641737 0.0 4.0
0.0 12.778606 0.08 11.0 4.0
0.0 17.038141 0.08 11.0 4.0
0.0 17.038141 0.09 2.0 5.0
-2.4879477 20.183052 1.43641739 2.0 5.0
-2.4879477 20.183052 1.436417310 0.0 6.0
-6.161763 20.567432 3.557495610 0.0 6.0
-2.4879477 20.183052 1.436417311 1.0 6.0
-5.3607826 23.327963 1.436417311 1.0 6.0
-5.3607826 23.327963 1.436417312 0.0 7.0
-5.3607826 27.587498 1.436417312 0.0 7.0
-5.3607826 27.587498 1.436417313 0.0 8.0
-7.84873 30.732409 2.872834713 0.0 8.0
-5.3607826 27.587498 1.436417314 0.0 8.0
-5.3607826 31.847033 1.436417314 0.0 8.0
-5.3607826 23.327963 1.436417315 0.0 7.0
-8.233618 26.472874 1.436417315 0.0 7.0
-8.233618 26.472874 1.436417316 0.0 8.0
-11.9074335 26.857254 3.557495616 0.0 8.0
-8.233618 26.472874 1.436417317 0.0 8.0
-11.106453 29.617785 1.436417317 0.0 8.0
0.0 17.038141 0.018 10.0 5.0
0.0 21.297676 0.018 10.0 5.0
0.0 21.297676 0.019 0.0 6.0
-2.4879477 24.442587 1.436417319 0.0 6.0
0.0 21.297676 0.020 9.0 6.0
0.0 25.55721 0.020 9.0 6.0
0.0 25.55721 0.021 0.0 7.0
2.4879477 28.702122 -1.436417321 0.0 7.0
2.4879477 28.702122 -1.436417322 0.0 8.0
2.4879477 32.96166 -1.436417322 0.0 8.0
2.4879477 28.702122 -1.436417323 0.0 8.0
5.3607826 31.847033 -1.436417323 0.0 8.0
0.0 25.55721 0.024 8.0 7.0
0.0 29.816746 0.024 8.0 7.0
0.0 29.816746 0.025 0.0 8.0
-2.4879477 32.961655 1.436417325 0.0 8.0
0.0 29.816746 0.026 7.0 8.0
0.0 34.076283 0.026 7.0 8.0
0.0 34.076283 0.027 6.0 9.0
2.4879477 37.22119 -1.436417327 6.0 9.0
2.4879477 37.22119 -1.436417328 0.0 10.0
2.4879477 41.48073 -1.436417328 0.0 10.0
2.4879477 37.22119 -1.436417329 5.0 10.0
5.3607826 40.3661 -1.436417329 5.0 10.0
5.3607826 40.3661 -1.436417330 0.0 11.0
9.034598 40.75048 -3.557495630 0.0 11.0
9.034598 40.75048 -3.557495631 0.0 12.0
11.522546 43.89539 -4.993912731 0.0 12.0
9.034598 40.75048 -3.557495632 0.0 12.0
13.276754 41.13486 -3.557495632 0.0 12.0
5.3607826 40.3661 -1.436417333 4.0 11.0
8.233618 43.51101 -1.436417333 4.0 11.0
8.233618 43.51101 -1.436417334 0.0 12.0
8.233618 47.770546 -1.436417334 0.0 12.0
8.233618 43.51101 -1.436417335 3.0 12.0
11.106453 46.65592 -1.436417335 3.0 12.0
11.106453 46.65592 -1.436417336 2.0 13.0
11.106453 50.915455 -1.436417336 2.0 13.0
11.106453 50.915455 -1.436417337 0.0 14.0
8.6185055 54.060364 0.037 0.0 14.0
11.106453 50.915455 -1.436417338 1.0 14.0
11.106453 55.17499 -1.436417338 1.0 14.0
11.106453 55.17499 -1.436417339 0.0 15.0
13.5944 58.3199 -2.872834739 0.0 15.0
13.5944 58.3199 -2.872834740 0.0 16.0
13.5944 62.579437 -2.872834740 0.0 16.0
13.5944 58.3199 -2.872834741 0.0 16.0
16.467236 61.46481 -2.872834741 0.0 16.0
11.106453 55.17499 -1.436417342 0.0 15.0
11.106453 59.43453 -1.436417342 0.0 15.0
11.106453 59.43453 -1.436417343 0.0 16.0
8.6185055 62.579437 0.043 0.0 16.0
11.106453 59.43453 -1.436417344 0.0 16.0
11.106453 63.694065 -1.436417344 0.0 16.0
11.106453 46.65592 -1.436417345 2.0 13.0
13.979288 49.800827 -1.436417345 2.0 13.0
13.979288 49.800827 -1.436417346 0.0 14.0
13.979288 54.060364 -1.436417346 0.0 14.0
13.979288 49.800827 -1.436417347 1.0 14.0
16.852123 52.945736 -1.436417347 1.0 14.0
16.852123 52.945736 -1.436417348 0.0 15.0
20.525938 53.330116 -3.557495648 0.0 15.0
20.525938 53.330116 -3.557495649 0.0 16.0
23.013885 56.475025 -4.993912749 0.0 16.0
20.525938 53.330116 -3.557495650 0.0 16.0
24.768095 53.714497 -3.557495650 0.0 16.0
16.852123 52.945736 -1.436417351 0.0 15.0
19.724958 56.090645 -1.436417351 0.0 15.0
19.724958 56.090645 -1.436417352 0.0 16.0
19.724958 60.35018 -1.436417352 0.0 16.0
19.724958 56.090645 -1.436417353 0.0 16.0
22.597794 59.235554 -1.436417353 0.0 16.0
0.0 34.076283 0.054 6.0 9.0
0.0 38.33582 0.054 6.0 9.0
0.0 38.33582 0.055 0.0 10.0
-2.4879477 41.48073 1.436417355 0.0 10.0
0.0 38.33582 0.056 5.0 10.0
0.0 42.595356 0.056 5.0 10.0
0.0 42.595356 0.057 0.0 11.0
2.4879477 45.740265 -1.436417357 0.0 11.0
2.4879477 45.740265 -1.436417358 0.0 12.0
2.4879477 49.9998 -1.436417358 0.0 12.0
2.4879477 45.740265 -1.436417359 0.0 12.0
5.3607826 48.885174 -1.436417359 0.0 12.0
0.0 42.595356 0.060 4.0 11.0
0.0 46.854893 0.060 4.0 11.0
0.0 46.854893 0.061 0.0 12.0
-2.4879477 49.9998 1.436417361 0.0 12.0
0.0 46.854893 0.062 3.0 12.0
0.0 51.11443 0.062 3.0 12.0
0.0 51.11443 0.063 2.0 13.0
-2.4879477 54.25934 1.436417363 2.0 13.0
-2.4879477 54.25934 1.436417364 0.0 14.0
-6.161763 54.64372 3.557495664 0.0 14.0
-2.4879477 54.25934 1.436417365 1.0 14.0
-5.3607826 57.404247 1.436417365 1.0 14.0
-5.3607826 57.404247 1.436417366 0.0 15.0
-5.3607826 61.663784 1.436417366 0.0 15.0
-5.3607826 61.663784 1.436417367 0.0 16.0
-7.84873 64.80869 2.872834767 0.0 16.0
-5.3607826 61.663784 1.436417368 0.0 16.0
-5.3607826 65.92332 1.436417368 0.0 16.0
-5.3607826 57.404247 1.436417369 0.0 15.0
-8.233618 60.549156 1.436417369 0.0 15.0
-8.233618 60.549156 1.436417370 0.0 16.0
-11.9074335 60.933537 3.557495670 0.0 16.0
-8.233618 60.549156 1.436417371 0.0 16.0
-11.106453 63.694065 1.436417371 0.0 16.0
0.0 51.11443 0.072 2.0 13.0
0.0 55.373966 0.072 2.0 13.0
0.0 55.373966 0.073 0.0 14.0
-2.4879477 58.518875 1.436417373 0.0 14.0
0.0 55.373966 0.074 1.0 14.0
0.0 59.633503 0.074 1.0 14.0
0.0 59.633503 0.075 0.0 15.0
2.4879477 62.77841 -1.436417375 0.0 15.0
2.4879477 62.77841 -1.436417376 0.0 16.0
2.4879477 67.03795 -1.436417376 0.0 16.0
2.4879477 62.77841 -1.436417377 0.0 16.0
5.3607826 65.923325 -1.436417377 0.0 16.0
0.0 59.633503 0.078 0.0 15.0
0.0 63.89304 0.078 0.0 15.0
0.0 63.89304 0.079 0.0 16.0
-2.4879477 67.03795 1.436417379 0.0 16.0
0.0 63.89304 0.080 0.0 16.0
0.0 68.15257 0.080 0.0 16.0
