0.0 0.0 0.00 14.0 1.0
-2.6659555 3.0064132 0.00 14.0 1.0
-2.6659555 3.0064132 0.01 0.0 2.0
-6.1310067 4.2770658 1.58893061 0.0 2.0
-2.6659555 3.0064132 0.02 13.0 2.0
-5.331911 6.0128264 0.02 13.0 2.0
-5.331911 6.0128264 0.03 0.0 3.0
-8.687757 7.2834787 1.80819863 0.0 3.0
-8.687757 7.2834787 1.80819864 0.0 4.0
-12.3297415 6.4779 3.30246354 0.0 4.0
-8.687757 7.2834787 1.80819865 0.0 4.0
-12.499748 8.5541315 1.80819865 0.0 4.0
-5.331911 6.0128264 0.06 12.0 3.0
-7.9978666 9.019239 0.06 12.0 3.0
-7.9978666 9.019239 0.07 0.0 4.0
-11.363992 10.289892 1.78898927 0.0 4.0
-7.9978666 9.019239 0.08 11.0 4.0
-10.663822 12.025653 0.08 11.0 4.0
-10.663822 12.025653 0.09 2.0 5.0
-14.32078 13.296306 1.07607579 2.0 5.0
-14.32078 13.296306 1.076075710 0.0 6.0
-17.864128 12.490727 2.791176810 0.0 6.0
-14.32078 13.296306 1.076075711 1.0 6.0
-18.13277 14.566958 1.076075711 1.0 6.0
-18.13277 14.566958 1.076075712 0.0 7.0
-21.888496 13.76138 2.25565112 0.0 7.0
-21.888496 13.76138 2.25565113 0.0 8.0
-24.584639 11.095425 3.58581613 0.0 8.0
-21.888496 13.76138 2.25565114 0.0 8.0
-25.825104 12.955802 2.25565114 0.0 8.0
-18.13277 14.566958 1.076075715 0.0 7.0
-21.944763 15.837611 1.076075715 0.0 7.0
-21.944763 15.837611 1.076075716 0.0 8.0
-25.740276 15.032033 2.120563316 0.0 8.0
-21.944763 15.837611 1.076075717 0.0 8.0
-25.756756 17.108263 1.076075717 0.0 8.0
-10.663822 12.025653 0.018 10.0 5.0
-13.329778 15.032066 0.018 10.0 5.0
-13.329778 15.032066 0.019 0.0 6.0
-16.9715 16.30272 1.126560619 0.0 6.0
-13.329778 15.032066 0.020 9.0 6.0
-15.995733 18.038479 0.020 9.0 6.0
-15.995733 18.038479 0.021 0.0 7.0
-19.500473 19.309132 1.499360321 0.0 7.0
-19.500473 19.309132 1.499360322 0.0 8.0
-23.246271 18.503553 2.710093722 0.0 8.0
-19.500473 19.309132 1.499360323 0.0 8.0
-23.312466 20.579784 1.499360323 0.0 8.0
-15.995733 18.038479 0.024 8.0 7.0
-18.66169 21.044891 0.024 8.0 7.0
-18.66169 21.044891 0.025 0.0 8.0
-22.26106 22.315544 1.255311125 0.0 8.0
-18.66169 21.044891 0.026 7.0 8.0
-21.327644 24.051304 0.026 7.0 8.0
-21.327644 24.051304 0.027 6.0 9.0
-24.963999 25.321957 1.143771327 6.0 9.0
-24.963999 25.321957 1.143771328 0.0 10.0
-28.764996 24.516378 2.16812828 0.0 10.0
-24.963999 25.321957 1.143771329 5.0 10.0
-28.77599 26.59261 1.143771329 5.0 10.0
-28.77599 26.59261 1.143771330 0.0 11.0
-32.32091 25.787031 2.855618530 0.0 11.0
-32.32091 25.787031 2.855618531 0.0 12.0
-35.09793 23.121075 4.007440631 0.0 12.0
-32.32091 25.787031 2.855618532 0.0 12.0
-36.25752 24.981453 2.855618532 0.0 12.0
-28.77599 26.59261 1.143771333 4.0 11.0
-32.587982 27.863262 1.143771333 4.0 11.0
-32.587982 27.863262 1.143771334 0.0 12.0
-36.186375 27.057684 2.740156234 0.0 12.0
-32.587982 27.863262 1.143771335 3.0 12.0
-36.399975 29.133915 1.143771335 3.0 12.0
-36.399975 29.133915 1.143771336 2.0 13.0
-40.17514 28.328337 2.259568536 2.0 13.0
-40.17514 28.328337 2.259568537 0.0 14.0
-43.033646 25.66238 3.190951837 0.0 14.0
-40.17514 28.328337 2.259568538 1.0 14.0
-44.111748 27.522758 2.259568538 1.0 14.0
-44.111748 27.522758 2.259568539 0.0 15.0
-46.990593 24.856804 3.126035239 0.0 15.0
-46.990593 24.856804 3.126035240 0.0 16.0
-48.14043 21.044811 3.666802640 0.0 16.0
-46.990593 24.856804 3.126035241 0.0 16.0
-49.997005 22.19085 3.126035241 0.0 16.0
-44.111748 27.522758 2.259568542 0.0 15.0
-48.048355 26.71718 2.259568542 0.0 15.0
-48.048355 26.71718 2.259568543 0.0 16.0
-50.847538 24.051224 3.35642643 0.0 16.0
-48.048355 26.71718 2.259568544 0.0 16.0
-51.984962 25.911602 2.259568544 0.0 16.0
-36.399975 29.133915 1.143771345 2.0 13.0
-40.211967 30.404568 1.143771345 2.0 13.0
-40.211967 30.404568 1.143771346 0.0 14.0
-43.9025 29.59899 2.51375346 0.0 14.0
-40.211967 30.404568 1.143771347 1.0 14.0
-44.02396 31.67522 1.143771347 1.0 14.0
-44.02396 31.67522 1.143771348 0.0 15.0
-47.442097 30.869642 3.096516648 0.0 15.0
-47.442097 30.869642 3.096516649 0.0 16.0
-50.2714 28.203686 4.11315949 0.0 16.0
-47.442097 30.869642 3.096516650 0.0 16.0
-51.378704 30.064064 3.096516650 0.0 16.0
-44.02396 31.67522 1.143771351 0.0 15.0
-47.835953 32.945873 1.143771351 0.0 15.0
-47.835953 32.945873 1.143771352 0.0 16.0
-51.3742 32.140293 2.869372652 0.0 16.0
-47.835953 32.945873 1.143771353 0.0 16.0
-51.647945 34.216526 1.143771353 0.0 16.0
-21.327644 24.051304 0.054 6.0 9.0
-23.993599 27.057716 0.054 6.0 9.0
-23.993599 27.057716 0.055 0.0 10.0
-27.502094 28.32837 1.490548655 0.0 10.0
-23.993599 27.057716 0.056 5.0 10.0
-26.659554 30.064129 0.056 5.0 10.0
-26.659554 30.064129 0.057 0.0 11.0
-30.104149 31.334782 1.632804257 0.0 11.0
-30.104149 31.334782 1.632804258 0.0 12.0
-33.820667 30.529203 2.93064358 0.0 12.0
-30.104149 31.334782 1.632804259 0.0 12.0
-33.91614 32.605434 1.632804259 0.0 12.0
-26.659554 30.064129 0.060 4.0 11.0
-29.325508 33.07054 0.060 4.0 11.0
-29.325508 33.07054 0.061 0.0 12.0
-32.836197 34.341194 1.485375561 0.0 12.0
-29.325508 33.07054 0.062 3.0 12.0
-31.991463 36.076954 0.062 3.0 12.0
-31.991463 36.076954 0.063 2.0 13.0
-35.481293 37.347607 1.53374263 2.0 13.0
-35.481293 37.347607 1.53374264 0.0 14.0
-38.90273 36.542027 3.480701764 0.0 14.0
-35.481293 37.347607 1.53374265 1.0 14.0
-39.293285 38.61826 1.53374265 1.0 14.0
-39.293285 38.61826 1.53374266 0.0 15.0
-42.972935 37.81268 2.932688766 0.0 15.0
-42.972935 37.81268 2.932688767 0.0 16.0
-45.83641 35.146725 3.848674367 0.0 16.0
-42.972935 37.81268 2.932688768 0.0 16.0
-46.909542 37.0071 2.932688768 0.0 16.0
-39.293285 38.61826 1.53374269 0.0 15.0
-43.105278 39.888912 1.53374269 0.0 15.0
-43.105278 39.888912 1.53374270 0.0 16.0
-46.7521 39.083332 3.01615870 0.0 16.0
-43.105278 39.888912 1.53374271 0.0 16.0
-46.91727 41.159565 1.53374271 0.0 16.0
-31.991463 36.076954 0.072 2.0 13.0
-34.657417 39.083366 0.072 2.0 13.0
-34.657417 39.083366 0.073 0.0 14.0
-38.200706 40.35402 1.405844173 0.0 14.0
-34.657417 39.083366 0.074 1.0 14.0
-37.32337 42.08978 0.074 1.0 14.0
-37.32337 42.08978 0.075 0.0 15.0
-40.84741 43.36043 1.453429775 0.0 15.0
-40.84741 43.36043 1.453429776 0.0 16.0
-44.636208 42.55485 2.522012776 0.0 16.0
-40.84741 43.36043 1.453429777 0.0 16.0
-44.6594 44.631084 1.453429777 0.0 16.0
-37.32337 42.08978 0.078 0.0 15.0
-39.989326 45.09619 0.078 0.0 15.0
-39.989326 45.09619 0.079 0.0 16.0
-43.665375 46.366844 1.008928779 0.0 16.0
-39.989326 45.09619 0.080 0.0 16.0
-42.65528 48.102604 0.080 0.0 16.0
