0.0 0.0 0.00 60.0 1.0
0.0 0.9359147 0.00 60.0 1.0
0.0 0.9359147 0.01 59.0 2.0
0.0 1.8718294 0.01 59.0 2.0
0.0 1.8718294 0.02 58.0 3.0
0.0 2.807744 0.02 58.0 3.0
0.0 2.807744 0.03 57.0 4.0
0.0 3.7436588 0.03 57.0 4.0
0.0 3.7436588 0.04 56.0 5.0
0.0 4.6795735 0.04 56.0 5.0
0.0 4.6795735 0.05 55.0 6.0
0.0 5.615488 0.05 55.0 6.0
0.0 5.615488 0.06 54.0 7.0
0.0 6.5514026 0.06 54.0 7.0
0.0 6.5514026 0.07 53.0 8.0
0.0 7.487317 0.07 53.0 8.0
0.0 7.487317 0.08 52.0 9.0
0.0 8.423232 0.08 52.0 9.0
0.0 8.423232 0.09 51.0 10.0
0.0 9.359147 0.09 51.0 10.0
0.0 9.359147 0.010 50.0 11.0
0.0 10.295062 0.010 50.0 11.0
0.0 10.295062 0.011 49.0 12.0
0.0 11.230977 0.011 49.0 12.0
0.0 11.230977 0.012 48.0 13.0
0.0 12.166892 0.012 48.0 13.0
0.0 12.166892 0.013 47.0 14.0
0.0 13.102807 0.013 47.0 14.0
0.0 13.102807 0.014 46.0 15.0
0.0 14.038722 0.014 46.0 15.0
0.0 14.038722 0.015 45.0 16.0
0.0 14.974637 0.015 45.0 16.0
0.0 14.974637 0.016 28.0 17.0
0.5145241 15.697794 -0.297060616 28.0 17.0
0.5145241 15.697794 -0.297060617 27.0 18.0
1.0290482 16.420952 -0.594121217 27.0 18.0
1.0290482 16.420952 -0.594121218 26.0 19.0
1.5435723 17.14411 -0.891181818 26.0 19.0
1.5435723 17.14411 -0.891181819 25.0 20.0
2.0580964 17.867268 -1.188242419 25.0 20.0
2.0580964 17.867268 -1.188242420 24.0 21.0
2.5726204 18.590425 -1.48530320 24.0 21.0
2.5726204 18.590425 -1.48530321 23.0 22.0
3.0871444 19.313583 -1.782363721 23.0 22.0
3.0871444 19.313583 -1.782363722 22.0 23.0
3.6016684 20.036741 -2.079424422 22.0 23.0
3.6016684 20.036741 -2.079424423 21.0 24.0
4.1161923 20.7599 -2.376484923 21.0 24.0
4.1161923 20.7599 -2.376484924 12.0 25.0
4.911311 20.941515 -2.83554724 12.0 25.0
4.911311 20.941515 -2.83554725 11.0 26.0
5.70643 21.12313 -3.29460925 11.0 26.0
5.70643 21.12313 -3.29460926 10.0 27.0
6.501549 21.304747 -3.753671226 10.0 27.0
6.501549 21.304747 -3.753671227 9.0 28.0
7.2966676 21.486362 -4.212733327 9.0 28.0
7.2966676 21.486362 -4.212733328 4.0 29.0
8.0108795 21.043863 -4.625083428 4.0 29.0
8.0108795 21.043863 -4.625083429 3.0 30.0
8.725091 20.601364 -5.037433629 3.0 30.0
8.725091 20.601364 -5.037433630 0.0 31.0
9.033678 19.735935 -5.21559630 0.0 31.0
9.033678 19.735935 -5.21559631 0.0 32.0
9.390003 18.870506 -5.21559631 0.0 32.0
8.725091 20.601364 -5.037433632 2.0 31.0
9.549791 20.158865 -5.037433632 2.0 31.0
9.549791 20.158865 -5.037433633 1.0 32.0
10.374492 19.716366 -5.037433633 1.0 32.0
10.374492 19.716366 -5.037433634 0.0 33.0
10.683079 18.850937 -5.21559634 0.0 33.0
10.683079 18.850937 -5.21559635 0.0 34.0
11.039404 17.985508 -5.21559635 0.0 34.0
10.374492 19.716366 -5.037433636 0.0 33.0
11.292616 19.897982 -5.037433636 0.0 33.0
11.292616 19.897982 -5.037433637 0.0 34.0
12.21074 20.079597 -5.037433637 0.0 34.0
7.2966676 21.486362 -4.212733338 8.0 29.0
8.214792 21.667978 -4.212733338 8.0 29.0
8.214792 21.667978 -4.212733339 7.0 30.0
9.132916 21.849594 -4.212733339 7.0 30.0
9.132916 21.849594 -4.212733340 6.0 31.0
10.051041 22.03121 -4.212733340 6.0 31.0
10.051041 22.03121 -4.212733341 5.0 32.0
10.969165 22.212826 -4.212733341 5.0 32.0
10.969165 22.212826 -4.212733342 4.0 33.0
11.683376 21.770327 -4.625083442 4.0 33.0
11.683376 21.770327 -4.625083443 3.0 34.0
12.397588 21.327827 -5.037433643 3.0 34.0
12.397588 21.327827 -5.037433644 0.0 35.0
12.706175 20.462399 -5.21559644 0.0 35.0
12.706175 20.462399 -5.21559645 0.0 36.0
13.0625 19.59697 -5.21559645 0.0 36.0
12.397588 21.327827 -5.037433646 2.0 35.0
13.222288 20.885328 -5.037433646 2.0 35.0
13.222288 20.885328 -5.037433647 1.0 36.0
14.0469885 20.44283 -5.037433647 1.0 36.0
14.0469885 20.44283 -5.037433648 0.0 37.0
14.355576 19.5774 -5.21559648 0.0 37.0
14.355576 19.5774 -5.21559649 0.0 38.0
14.711901 18.711971 -5.21559649 0.0 38.0
14.0469885 20.44283 -5.037433650 0.0 37.0
14.965113 20.624445 -5.037433650 0.0 37.0
14.965113 20.624445 -5.037433651 0.0 38.0
15.883237 20.80606 -5.037433651 0.0 38.0
10.969165 22.212826 -4.212733352 4.0 33.0
11.563286 22.935984 -4.212733352 4.0 33.0
11.563286 22.935984 -4.212733353 3.0 34.0
12.157407 23.659142 -4.212733353 3.0 34.0
12.157407 23.659142 -4.212733354 0.0 35.0
12.952526 23.840757 -4.671795454 0.0 35.0
12.952526 23.840757 -4.671795455 0.0 36.0
13.87065 24.022373 -4.671795455 0.0 36.0
12.157407 23.659142 -4.212733356 2.0 35.0
12.751528 24.3823 -4.212733356 2.0 35.0
12.751528 24.3823 -4.212733357 1.0 36.0
13.345649 25.105457 -4.212733357 1.0 36.0
13.345649 25.105457 -4.212733358 0.0 37.0
14.140768 25.287073 -4.671795458 0.0 37.0
14.140768 25.287073 -4.671795459 0.0 38.0
15.058892 25.468689 -4.671795459 0.0 38.0
13.345649 25.105457 -4.212733360 0.0 37.0
13.345649 26.041372 -4.212733360 0.0 37.0
13.345649 26.041372 -4.212733361 0.0 38.0
13.345649 26.977287 -4.212733361 0.0 38.0
4.1161923 20.7599 -2.376484962 20.0 25.0
4.710314 21.483057 -2.376484962 20.0 25.0
4.710314 21.483057 -2.376484963 19.0 26.0
5.304435 22.206215 -2.376484963 19.0 26.0
5.304435 22.206215 -2.376484964 18.0 27.0
5.8985558 22.929373 -2.376484964 18.0 27.0
5.8985558 22.929373 -2.376484965 17.0 28.0
6.4926767 23.65253 -2.376484965 17.0 28.0
6.4926767 23.65253 -2.376484966 16.0 29.0
7.0867977 24.375689 -2.376484966 16.0 29.0
7.0867977 24.375689 -2.376484967 15.0 30.0
7.6809187 25.098846 -2.376484967 15.0 30.0
7.6809187 25.098846 -2.376484968 14.0 31.0
8.27504 25.822004 -2.376484968 14.0 31.0
8.27504 25.822004 -2.376484969 13.0 32.0
8.869161 26.545162 -2.376484969 13.0 32.0
8.869161 26.545162 -2.376484970 12.0 33.0
9.66428 26.726778 -2.83554770 12.0 33.0
9.66428 26.726778 -2.83554771 11.0 34.0
10.459399 26.908394 -3.29460971 11.0 34.0
10.459399 26.908394 -3.29460972 10.0 35.0
11.2545185 27.09001 -3.753671272 10.0 35.0
11.2545185 27.09001 -3.753671273 9.0 36.0
12.049638 27.271626 -4.212733373 9.0 36.0
12.049638 27.271626 -4.212733374 4.0 37.0
12.763849 26.829126 -4.625083474 4.0 37.0
12.763849 26.829126 -4.625083475 3.0 38.0
13.478061 26.386627 -5.037433675 3.0 38.0
13.478061 26.386627 -5.037433676 0.0 39.0
13.786648 25.521198 -5.21559676 0.0 39.0
13.786648 25.521198 -5.21559677 0.0 40.0
14.142973 24.65577 -5.21559677 0.0 40.0
13.478061 26.386627 -5.037433678 2.0 39.0
14.302761 25.944128 -5.037433678 2.0 39.0
14.302761 25.944128 -5.037433679 1.0 40.0
15.127461 25.501629 -5.037433679 1.0 40.0
15.127461 25.501629 -5.037433680 0.0 41.0
15.4360485 24.6362 -5.21559680 0.0 41.0
15.4360485 24.6362 -5.21559681 0.0 42.0
15.792374 23.770771 -5.21559681 0.0 42.0
15.127461 25.501629 -5.037433682 0.0 41.0
16.045586 25.683245 -5.037433682 0.0 41.0
16.045586 25.683245 -5.037433683 0.0 42.0
16.96371 25.86486 -5.037433683 0.0 42.0
12.049638 27.271626 -4.212733384 8.0 37.0
12.967762 27.453241 -4.212733384 8.0 37.0
12.967762 27.453241 -4.212733385 7.0 38.0
13.885886 27.634857 -4.212733385 7.0 38.0
13.885886 27.634857 -4.212733386 6.0 39.0
14.80401 27.816473 -4.212733386 6.0 39.0
14.80401 27.816473 -4.212733387 5.0 40.0
15.722135 27.998089 -4.212733387 5.0 40.0
15.722135 27.998089 -4.212733388 4.0 41.0
16.436346 27.55559 -4.625083488 4.0 41.0
16.436346 27.55559 -4.625083489 3.0 42.0
17.150558 27.11309 -5.037433689 3.0 42.0
17.150558 27.11309 -5.037433690 0.0 43.0
17.459145 26.247662 -5.21559690 0.0 43.0
17.459145 26.247662 -5.21559691 0.0 44.0
17.81547 25.382233 -5.21559691 0.0 44.0
17.150558 27.11309 -5.037433692 2.0 43.0
17.97526 26.670591 -5.037433692 2.0 43.0
17.97526 26.670591 -5.037433693 1.0 44.0
18.799961 26.228092 -5.037433693 1.0 44.0
18.799961 26.228092 -5.037433694 0.0 45.0
19.108547 25.362663 -5.21559694 0.0 45.0
19.108547 25.362663 -5.21559695 0.0 46.0
19.464872 24.497234 -5.21559695 0.0 46.0
18.799961 26.228092 -5.037433696 0.0 45.0
19.718086 26.409708 -5.037433696 0.0 45.0
19.718086 26.409708 -5.037433697 0.0 46.0
20.636211 26.591324 -5.037433697 0.0 46.0
15.722135 27.998089 -4.212733398 4.0 41.0
16.316256 28.721247 -4.212733398 4.0 41.0
16.316256 28.721247 -4.212733399 3.0 42.0
16.910378 29.444405 -4.212733399 3.0 42.0
16.910378 29.444405 -4.2127333100 0.0 43.0
17.705496 29.62602 -4.6717954100 0.0 43.0
17.705496 29.62602 -4.6717954101 0.0 44.0
18.623621 29.807636 -4.6717954101 0.0 44.0
16.910378 29.444405 -4.2127333102 2.0 43.0
17.5045 30.167562 -4.2127333102 2.0 43.0
17.5045 30.167562 -4.2127333103 1.0 44.0
18.098621 30.89072 -4.2127333103 1.0 44.0
18.098621 30.89072 -4.2127333104 0.0 45.0
18.89374 31.072336 -4.6717954104 0.0 45.0
18.89374 31.072336 -4.6717954105 0.0 46.0
19.811865 31.253952 -4.6717954105 0.0 46.0
18.098621 30.89072 -4.2127333106 0.0 45.0
18.098621 31.826635 -4.2127333106 0.0 45.0
18.098621 31.826635 -4.2127333107 0.0 46.0
18.098621 32.76255 -4.2127333107 0.0 46.0
8.869161 26.545162 -2.3764849108 12.0 33.0
8.869161 27.481077 -2.3764849108 12.0 33.0
8.869161 27.481077 -2.3764849109 11.0 34.0
8.869161 28.416992 -2.3764849109 11.0 34.0
8.869161 28.416992 -2.3764849110 10.0 35.0
8.869161 29.352907 -2.3764849110 10.0 35.0
8.869161 29.352907 -2.3764849111 9.0 36.0
8.869161 30.288822 -2.3764849111 9.0 36.0
8.869161 30.288822 -2.3764849112 4.0 37.0
9.383685 31.01198 -2.6735454112 4.0 37.0
9.383685 31.01198 -2.6735454113 3.0 38.0
9.89821 31.735138 -2.9706059113 3.0 38.0
9.89821 31.735138 -2.9706059114 0.0 39.0
10.693329 31.916754 -3.429668114 0.0 39.0
10.693329 31.916754 -3.429668115 0.0 40.0
11.611453 32.09837 -3.429668115 0.0 40.0
9.89821 31.735138 -2.9706059116 2.0 39.0
10.492331 32.458294 -2.9706059116 2.0 39.0
10.492331 32.458294 -2.9706059117 1.0 40.0
11.086452 33.18145 -2.9706059117 1.0 40.0
11.086452 33.18145 -2.9706059118 0.0 41.0
11.881571 33.363064 -3.429668118 0.0 41.0
11.881571 33.363064 -3.429668119 0.0 42.0
12.799695 33.544678 -3.429668119 0.0 42.0
11.086452 33.18145 -2.9706059120 0.0 41.0
11.086452 34.117363 -2.9706059120 0.0 41.0
11.086452 34.117363 -2.9706059121 0.0 42.0
11.086452 35.053276 -2.9706059121 0.0 42.0
8.869161 30.288822 -2.3764849122 8.0 37.0
8.869161 31.224737 -2.3764849122 8.0 37.0
8.869161 31.224737 -2.3764849123 7.0 38.0
8.869161 32.160652 -2.3764849123 7.0 38.0
8.869161 32.160652 -2.3764849124 6.0 39.0
8.869161 33.096565 -2.3764849124 6.0 39.0
8.869161 33.096565 -2.3764849125 5.0 40.0
8.869161 34.03248 -2.3764849125 5.0 40.0
8.869161 34.03248 -2.3764849126 4.0 41.0
9.383685 34.755634 -2.6735454126 4.0 41.0
9.383685 34.755634 -2.6735454127 3.0 42.0
9.89821 35.47879 -2.9706059127 3.0 42.0
9.89821 35.47879 -2.9706059128 0.0 43.0
10.693329 35.660404 -3.429668128 0.0 43.0
10.693329 35.660404 -3.429668129 0.0 44.0
11.611453 35.84202 -3.429668129 0.0 44.0
9.89821 35.47879 -2.9706059130 2.0 43.0
10.492331 36.201946 -2.9706059130 2.0 43.0
10.492331 36.201946 -2.9706059131 1.0 44.0
11.086452 36.925102 -2.9706059131 1.0 44.0
11.086452 36.925102 -2.9706059132 0.0 45.0
11.881571 37.106716 -3.429668132 0.0 45.0
11.881571 37.106716 -3.429668133 0.0 46.0
12.799695 37.28833 -3.429668133 0.0 46.0
11.086452 36.925102 -2.9706059134 0.0 45.0
11.086452 37.861015 -2.9706059134 0.0 45.0
11.086452 37.861015 -2.9706059135 0.0 46.0
11.086452 38.79693 -2.9706059135 0.0 46.0
8.869161 34.03248 -2.3764849136 4.0 41.0
8.27504 34.755634 -2.3764849136 4.0 41.0
8.27504 34.755634 -2.3764849137 3.0 42.0
7.6809187 35.47879 -2.3764849137 3.0 42.0
7.6809187 35.47879 -2.3764849138 0.0 43.0
7.6809187 36.414703 -2.3764849138 0.0 43.0
7.6809187 36.414703 -2.3764849139 0.0 44.0
7.6809187 37.350616 -2.3764849139 0.0 44.0
7.6809187 35.47879 -2.3764849140 2.0 43.0
7.0867977 36.201946 -2.3764849140 2.0 43.0
7.0867977 36.201946 -2.3764849141 1.0 44.0
6.4926767 36.925102 -2.3764849141 1.0 44.0
6.4926767 36.925102 -2.3764849142 0.0 45.0
6.4926767 37.861015 -2.3764849142 0.0 45.0
6.4926767 37.861015 -2.3764849143 0.0 46.0
6.4926767 38.79693 -2.3764849143 0.0 46.0
6.4926767 36.925102 -2.3764849144 0.0 45.0
5.5745525 37.106716 -2.3764849144 0.0 45.0
5.5745525 37.106716 -2.3764849145 0.0 46.0
4.6564283 37.28833 -2.3764849145 0.0 46.0
0.0 14.974637 0.0146 44.0 17.0
0.0 15.910552 0.0146 44.0 17.0
0.0 15.910552 0.0147 43.0 18.0
0.0 16.846466 0.0147 43.0 18.0
0.0 16.846466 0.0148 42.0 19.0
0.0 17.782381 0.0148 42.0 19.0
0.0 17.782381 0.0149 41.0 20.0
0.0 18.718296 0.0149 41.0 20.0
0.0 18.718296 0.0150 40.0 21.0
0.0 19.654211 0.0150 40.0 21.0
0.0 19.654211 0.0151 39.0 22.0
0.0 20.590126 0.0151 39.0 22.0
0.0 20.590126 0.0152 38.0 23.0
0.0 21.526041 0.0152 38.0 23.0
0.0 21.526041 0.0153 37.0 24.0
0.0 22.461956 0.0153 37.0 24.0
0.0 22.461956 0.0154 36.0 25.0
0.0 23.397871 0.0154 36.0 25.0
0.0 23.397871 0.0155 35.0 26.0
0.0 24.333786 0.0155 35.0 26.0
0.0 24.333786 0.0156 34.0 27.0
0.0 25.269701 0.0156 34.0 27.0
0.0 25.269701 0.0157 33.0 28.0
0.0 26.205616 0.0157 33.0 28.0
0.0 26.205616 0.0158 32.0 29.0
0.0 27.141531 0.0158 32.0 29.0
0.0 27.141531 0.0159 31.0 30.0
0.0 28.077446 0.0159 31.0 30.0
0.0 28.077446 0.0160 30.0 31.0
0.0 29.013361 0.0160 30.0 31.0
0.0 29.013361 0.0161 29.0 32.0
0.0 29.949276 0.0161 29.0 32.0
0.0 29.949276 0.0162 28.0 33.0
0.5145241 30.672434 -0.2970606162 28.0 33.0
0.5145241 30.672434 -0.2970606163 27.0 34.0
1.0290482 31.395592 -0.5941212163 27.0 34.0
1.0290482 31.395592 -0.5941212164 26.0 35.0
1.5435723 32.118748 -0.8911818164 26.0 35.0
1.5435723 32.118748 -0.8911818165 25.0 36.0
2.0580964 32.841904 -1.1882424165 25.0 36.0
2.0580964 32.841904 -1.1882424166 24.0 37.0
2.5726204 33.56506 -1.485303166 24.0 37.0
2.5726204 33.56506 -1.485303167 23.0 38.0
3.0871444 34.288216 -1.7823637167 23.0 38.0
3.0871444 34.288216 -1.7823637168 22.0 39.0
3.6016684 35.01137 -2.0794244168 22.0 39.0
3.6016684 35.01137 -2.0794244169 21.0 40.0
4.1161923 35.734528 -2.3764849169 21.0 40.0
4.1161923 35.734528 -2.3764849170 12.0 41.0
4.911311 35.91614 -2.835547170 12.0 41.0
4.911311 35.91614 -2.835547171 11.0 42.0
5.70643 36.097755 -3.294609171 11.0 42.0
5.70643 36.097755 -3.294609172 10.0 43.0
6.501549 36.27937 -3.7536712172 10.0 43.0
6.501549 36.27937 -3.7536712173 9.0 44.0
7.2966676 36.460983 -4.2127333173 9.0 44.0
7.2966676 36.460983 -4.2127333174 4.0 45.0
8.0108795 36.018486 -4.6250834174 4.0 45.0
8.0108795 36.018486 -4.6250834175 3.0 46.0
8.725091 35.57599 -5.0374336175 3.0 46.0
8.725091 35.57599 -5.0374336176 0.0 47.0
9.033678 34.71056 -5.215596176 0.0 47.0
9.033678 34.71056 -5.215596177 0.0 48.0
9.390003 33.84513 -5.215596177 0.0 48.0
8.725091 35.57599 -5.0374336178 2.0 47.0
9.549791 35.13349 -5.0374336178 2.0 47.0
9.549791 35.13349 -5.0374336179 1.0 48.0
10.374492 34.690994 -5.0374336179 1.0 48.0
10.374492 34.690994 -5.0374336180 0.0 49.0
10.683079 33.825565 -5.215596180 0.0 49.0
10.683079 33.825565 -5.215596181 0.0 50.0
11.039404 32.960136 -5.215596181 0.0 50.0
10.374492 34.690994 -5.0374336182 0.0 49.0
11.292616 34.87261 -5.0374336182 0.0 49.0
11.292616 34.87261 -5.0374336183 0.0 50.0
12.21074 35.054222 -5.0374336183 0.0 50.0
7.2966676 36.460983 -4.2127333184 8.0 45.0
8.214792 36.642597 -4.2127333184 8.0 45.0
8.214792 36.642597 -4.2127333185 7.0 46.0
9.132916 36.82421 -4.2127333185 7.0 46.0
9.132916 36.82421 -4.2127333186 6.0 47.0
10.051041 37.005825 -4.2127333186 6.0 47.0
10.051041 37.005825 -4.2127333187 5.0 48.0
10.969165 37.18744 -4.2127333187 5.0 48.0
10.969165 37.18744 -4.2127333188 4.0 49.0
11.683376 36.74494 -4.6250834188 4.0 49.0
11.683376 36.74494 -4.6250834189 3.0 50.0
12.397588 36.302444 -5.0374336189 3.0 50.0
12.397588 36.302444 -5.0374336190 0.0 51.0
12.706175 35.437016 -5.215596190 0.0 51.0
12.706175 35.437016 -5.215596191 0.0 52.0
13.0625 34.571587 -5.215596191 0.0 52.0
12.397588 36.302444 -5.0374336192 2.0 51.0
13.222288 35.859947 -5.0374336192 2.0 51.0
13.222288 35.859947 -5.0374336193 1.0 52.0
14.0469885 35.41745 -5.0374336193 1.0 52.0
14.0469885 35.41745 -5.0374336194 0.0 53.0
14.355576 34.55202 -5.215596194 0.0 53.0
14.355576 34.55202 -5.215596195 0.0 54.0
14.711901 33.686592 -5.215596195 0.0 54.0
14.0469885 35.41745 -5.0374336196 0.0 53.0
14.965113 35.599064 -5.0374336196 0.0 53.0
14.965113 35.599064 -5.0374336197 0.0 54.0
15.883237 35.780678 -5.0374336197 0.0 54.0
10.969165 37.18744 -4.2127333198 4.0 49.0
11.563286 37.910595 -4.2127333198 4.0 49.0
11.563286 37.910595 -4.2127333199 3.0 50.0
12.157407 38.63375 -4.2127333199 3.0 50.0
12.157407 38.63375 -4.2127333200 0.0 51.0
12.952526 38.815365 -4.6717954200 0.0 51.0
12.952526 38.815365 -4.6717954201 0.0 52.0
13.87065 38.99698 -4.6717954201 0.0 52.0
12.157407 38.63375 -4.2127333202 2.0 51.0
12.751528 39.356907 -4.2127333202 2.0 51.0
12.751528 39.356907 -4.2127333203 1.0 52.0
13.345649 40.080063 -4.2127333203 1.0 52.0
13.345649 40.080063 -4.2127333204 0.0 53.0
14.140768 40.261677 -4.6717954204 0.0 53.0
14.140768 40.261677 -4.6717954205 0.0 54.0
15.058892 40.44329 -4.6717954205 0.0 54.0
13.345649 40.080063 -4.2127333206 0.0 53.0
13.345649 41.015976 -4.2127333206 0.0 53.0
13.345649 41.015976 -4.2127333207 0.0 54.0
13.345649 41.95189 -4.2127333207 0.0 54.0
4.1161923 35.734528 -2.3764849208 20.0 41.0
4.710314 36.457684 -2.3764849208 20.0 41.0
4.710314 36.457684 -2.3764849209 19.0 42.0
5.304435 37.18084 -2.3764849209 19.0 42.0
5.304435 37.18084 -2.3764849210 18.0 43.0
5.8985558 37.903996 -2.3764849210 18.0 43.0
5.8985558 37.903996 -2.3764849211 17.0 44.0
6.4926767 38.62715 -2.3764849211 17.0 44.0
6.4926767 38.62715 -2.3764849212 16.0 45.0
7.0867977 39.350307 -2.3764849212 16.0 45.0
7.0867977 39.350307 -2.3764849213 15.0 46.0
7.6809187 40.073463 -2.3764849213 15.0 46.0
7.6809187 40.073463 -2.3764849214 14.0 47.0
8.27504 40.79662 -2.3764849214 14.0 47.0
8.27504 40.79662 -2.3764849215 13.0 48.0
8.869161 41.519775 -2.3764849215 13.0 48.0
8.869161 41.519775 -2.3764849216 12.0 49.0
9.66428 41.70139 -2.835547216 12.0 49.0
9.66428 41.70139 -2.835547217 11.0 50.0
10.459399 41.883003 -3.294609217 11.0 50.0
10.459399 41.883003 -3.294609218 10.0 51.0
11.2545185 42.064617 -3.7536712218 10.0 51.0
11.2545185 42.064617 -3.7536712219 9.0 52.0
12.049638 42.24623 -4.2127333219 9.0 52.0
12.049638 42.24623 -4.2127333220 4.0 53.0
12.763849 41.803734 -4.6250834220 4.0 53.0
12.763849 41.803734 -4.6250834221 3.0 54.0
13.478061 41.361237 -5.0374336221 3.0 54.0
13.478061 41.361237 -5.0374336222 0.0 55.0
13.786648 40.495808 -5.215596222 0.0 55.0
13.786648 40.495808 -5.215596223 0.0 56.0
14.142973 39.63038 -5.215596223 0.0 56.0
13.478061 41.361237 -5.0374336224 2.0 55.0
14.302761 40.91874 -5.0374336224 2.0 55.0
14.302761 40.91874 -5.0374336225 1.0 56.0
15.127461 40.476242 -5.0374336225 1.0 56.0
15.127461 40.476242 -5.0374336226 0.0 57.0
15.4360485 39.610813 -5.215596226 0.0 57.0
15.4360485 39.610813 -5.215596227 0.0 58.0
15.792374 38.745384 -5.215596227 0.0 58.0
15.127461 40.476242 -5.0374336228 0.0 57.0
16.045586 40.657856 -5.0374336228 0.0 57.0
16.045586 40.657856 -5.0374336229 0.0 58.0
16.96371 40.83947 -5.0374336229 0.0 58.0
12.049638 42.24623 -4.2127333230 8.0 53.0
12.967762 42.427845 -4.2127333230 8.0 53.0
12.967762 42.427845 -4.2127333231 7.0 54.0
13.885886 42.60946 -4.2127333231 7.0 54.0
13.885886 42.60946 -4.2127333232 6.0 55.0
14.80401 42.791073 -4.2127333232 6.0 55.0
14.80401 42.791073 -4.2127333233 5.0 56.0
15.722135 42.972687 -4.2127333233 5.0 56.0
15.722135 42.972687 -4.2127333234 4.0 57.0
16.436346 42.53019 -4.6250834234 4.0 57.0
16.436346 42.53019 -4.6250834235 3.0 58.0
17.150558 42.087692 -5.0374336235 3.0 58.0
17.150558 42.087692 -5.0374336236 0.0 59.0
17.459145 41.222263 -5.215596236 0.0 59.0
17.459145 41.222263 -5.215596237 0.0 60.0
17.81547 40.356834 -5.215596237 0.0 60.0
17.150558 42.087692 -5.0374336238 2.0 59.0
17.97526 41.645195 -5.0374336238 2.0 59.0
17.97526 41.645195 -5.0374336239 1.0 60.0
18.799961 41.202698 -5.0374336239 1.0 60.0
18.799961 41.202698 -5.0374336240 0.0 61.0
19.108547 40.33727 -5.215596240 0.0 61.0
19.108547 40.33727 -5.215596241 0.0 62.0
19.464872 39.47184 -5.215596241 0.0 62.0
18.799961 41.202698 -5.0374336242 0.0 61.0
19.718086 41.38431 -5.0374336242 0.0 61.0
19.718086 41.38431 -5.0374336243 0.0 62.0
20.636211 41.565926 -5.0374336243 0.0 62.0
15.722135 42.972687 -4.2127333244 4.0 57.0
16.316256 43.695843 -4.2127333244 4.0 57.0
16.316256 43.695843 -4.2127333245 3.0 58.0
16.910378 44.419 -4.2127333245 3.0 58.0
16.910378 44.419 -4.2127333246 0.0 59.0
17.705496 44.600613 -4.6717954246 0.0 59.0
17.705496 44.600613 -4.6717954247 0.0 60.0
18.623621 44.782227 -4.6717954247 0.0 60.0
16.910378 44.419 -4.2127333248 2.0 59.0
17.5045 45.142155 -4.2127333248 2.0 59.0
17.5045 45.142155 -4.2127333249 1.0 60.0
18.098621 45.86531 -4.2127333249 1.0 60.0
18.098621 45.86531 -4.2127333250 0.0 61.0
18.89374 46.046925 -4.6717954250 0.0 61.0
18.89374 46.046925 -4.6717954251 0.0 62.0
19.811865 46.22854 -4.6717954251 0.0 62.0
18.098621 45.86531 -4.2127333252 0.0 61.0
18.098621 46.801224 -4.2127333252 0.0 61.0
18.098621 46.801224 -4.2127333253 0.0 62.0
18.098621 47.737137 -4.2127333253 0.0 62.0
8.869161 41.519775 -2.3764849254 12.0 49.0
8.869161 42.45569 -2.3764849254 12.0 49.0
8.869161 42.45569 -2.3764849255 11.0 50.0
8.869161 43.3916 -2.3764849255 11.0 50.0
8.869161 43.3916 -2.3764849256 10.0 51.0
8.869161 44.327515 -2.3764849256 10.0 51.0
8.869161 44.327515 -2.3764849257 9.0 52.0
8.869161 45.263428 -2.3764849257 9.0 52.0
8.869161 45.263428 -2.3764849258 4.0 53.0
9.383685 45.986584 -2.6735454258 4.0 53.0
9.383685 45.986584 -2.6735454259 3.0 54.0
9.89821 46.70974 -2.9706059259 3.0 54.0
9.89821 46.70974 -2.9706059260 0.0 55.0
10.693329 46.891354 -3.429668260 0.0 55.0
10.693329 46.891354 -3.429668261 0.0 56.0
11.611453 47.072968 -3.429668261 0.0 56.0
9.89821 46.70974 -2.9706059262 2.0 55.0
10.492331 47.432896 -2.9706059262 2.0 55.0
10.492331 47.432896 -2.9706059263 1.0 56.0
11.086452 48.15605 -2.9706059263 1.0 56.0
11.086452 48.15605 -2.9706059264 0.0 57.0
11.881571 48.337666 -3.429668264 0.0 57.0
11.881571 48.337666 -3.429668265 0.0 58.0
12.799695 48.51928 -3.429668265 0.0 58.0
11.086452 48.15605 -2.9706059266 0.0 57.0
11.086452 49.091965 -2.9706059266 0.0 57.0
11.086452 49.091965 -2.9706059267 0.0 58.0
11.086452 50.027878 -2.9706059267 0.0 58.0
8.869161 45.263428 -2.3764849268 8.0 53.0
8.869161 46.19934 -2.3764849268 8.0 53.0
8.869161 46.19934 -2.3764849269 7.0 54.0
8.869161 47.135254 -2.3764849269 7.0 54.0
8.869161 47.135254 -2.3764849270 6.0 55.0
8.869161 48.071167 -2.3764849270 6.0 55.0
8.869161 48.071167 -2.3764849271 5.0 56.0
8.869161 49.00708 -2.3764849271 5.0 56.0
8.869161 49.00708 -2.3764849272 4.0 57.0
9.383685 49.730236 -2.6735454272 4.0 57.0
9.383685 49.730236 -2.6735454273 3.0 58.0
9.89821 50.453392 -2.9706059273 3.0 58.0
9.89821 50.453392 -2.9706059274 0.0 59.0
10.693329 50.635006 -3.429668274 0.0 59.0
10.693329 50.635006 -3.429668275 0.0 60.0
11.611453 50.81662 -3.429668275 0.0 60.0
9.89821 50.453392 -2.9706059276 2.0 59.0
10.492331 51.176548 -2.9706059276 2.0 59.0
10.492331 51.176548 -2.9706059277 1.0 60.0
11.086452 51.899704 -2.9706059277 1.0 60.0
11.086452 51.899704 -2.9706059278 0.0 61.0
11.881571 52.081318 -3.429668278 0.0 61.0
11.881571 52.081318 -3.429668279 0.0 62.0
12.799695 52.26293 -3.429668279 0.0 62.0
11.086452 51.899704 -2.9706059280 0.0 61.0
11.086452 52.835617 -2.9706059280 0.0 61.0
11.086452 52.835617 -2.9706059281 0.0 62.0
11.086452 53.77153 -2.9706059281 0.0 62.0
8.869161 49.00708 -2.3764849282 4.0 57.0
8.27504 49.730236 -2.3764849282 4.0 57.0
8.27504 49.730236 -2.3764849283 3.0 58.0
7.6809187 50.453392 -2.3764849283 3.0 58.0
7.6809187 50.453392 -2.3764849284 0.0 59.0
7.6809187 51.389305 -2.3764849284 0.0 59.0
7.6809187 51.389305 -2.3764849285 0.0 60.0
7.6809187 52.32522 -2.3764849285 0.0 60.0
7.6809187 50.453392 -2.3764849286 2.0 59.0
7.0867977 51.176548 -2.3764849286 2.0 59.0
7.0867977 51.176548 -2.3764849287 1.0 60.0
6.4926767 51.899704 -2.3764849287 1.0 60.0
6.4926767 51.899704 -2.3764849288 0.0 61.0
6.4926767 52.835617 -2.3764849288 0.0 61.0
6.4926767 52.835617 -2.3764849289 0.0 62.0
6.4926767 53.77153 -2.3764849289 0.0 62.0
6.4926767 51.899704 -2.3764849290 0.0 61.0
5.5745525 52.081318 -2.3764849290 0.0 61.0
5.5745525 52.081318 -2.3764849291 0.0 62.0
4.6564283 52.26293 -2.3764849291 0.0 62.0
0.0 29.949276 0.0292 28.0 33.0
-0.5941212 30.672434 0.0292 28.0 33.0
-0.5941212 30.672434 0.0293 27.0 34.0
-1.1882424 31.395592 0.0293 27.0 34.0
-1.1882424 31.395592 0.0294 26.0 35.0
-1.7823637 32.118748 0.0294 26.0 35.0
-1.7823637 32.118748 0.0295 25.0 36.0
-2.3764849 32.841904 0.0295 25.0 36.0
-2.3764849 32.841904 0.0296 24.0 37.0
-2.970606 33.56506 0.0296 24.0 37.0
-2.970606 33.56506 0.0297 23.0 38.0
-3.5647273 34.288216 0.0297 23.0 38.0
-3.5647273 34.288216 0.0298 22.0 39.0
-4.158849 35.01137 0.0298 22.0 39.0
-4.158849 35.01137 0.0299 21.0 40.0
-4.7529697 35.734528 0.0299 21.0 40.0
-4.7529697 35.734528 0.0300 12.0 41.0
-4.7529697 36.67044 0.0300 12.0 41.0
-4.7529697 36.67044 0.0301 11.0 42.0
-4.7529697 37.606354 0.0301 11.0 42.0
-4.7529697 37.606354 0.0302 10.0 43.0
-4.7529697 38.542267 0.0302 10.0 43.0
-4.7529697 38.542267 0.0303 9.0 44.0
-4.7529697 39.47818 0.0303 9.0 44.0
-4.7529697 39.47818 0.0304 4.0 45.0
-4.2384458 40.201336 -0.2970606304 4.0 45.0
-4.2384458 40.201336 -0.2970606305 3.0 46.0
-3.7239218 40.92449 -0.5941212305 3.0 46.0
-3.7239218 40.92449 -0.5941212306 0.0 47.0
-2.9288027 41.106106 -1.0531833306 0.0 47.0
-2.9288027 41.106106 -1.0531833307 0.0 48.0
-2.0106783 41.28772 -1.0531833307 0.0 48.0
-3.7239218 40.92449 -0.5941212308 2.0 47.0
-3.1298006 41.647648 -0.5941212308 2.0 47.0
-3.1298006 41.647648 -0.5941212309 1.0 48.0
-2.5356793 42.370804 -0.5941212309 1.0 48.0
-2.5356793 42.370804 -0.5941212310 0.0 49.0
-1.7405603 42.552418 -1.0531833310 0.0 49.0
-1.7405603 42.552418 -1.0531833311 0.0 50.0
-0.822436 42.73403 -1.0531833311 0.0 50.0
-2.5356793 42.370804 -0.5941212312 0.0 49.0
-2.5356793 43.306717 -0.5941212312 0.0 49.0
-2.5356793 43.306717 -0.5941212313 0.0 50.0
-2.5356793 44.24263 -0.5941212313 0.0 50.0
-4.7529697 39.47818 0.0314 8.0 45.0
-4.7529697 40.414093 0.0314 8.0 45.0
-4.7529697 40.414093 0.0315 7.0 46.0
-4.7529697 41.350006 0.0315 7.0 46.0
-4.7529697 41.350006 0.0316 6.0 47.0
-4.7529697 42.28592 0.0316 6.0 47.0
-4.7529697 42.28592 0.0317 5.0 48.0
-4.7529697 43.221832 0.0317 5.0 48.0
-4.7529697 43.221832 0.0318 4.0 49.0
-4.2384458 43.94499 -0.2970606318 4.0 49.0
-4.2384458 43.94499 -0.2970606319 3.0 50.0
-3.7239218 44.668144 -0.5941212319 3.0 50.0
-3.7239218 44.668144 -0.5941212320 0.0 51.0
-2.9288027 44.84976 -1.0531833320 0.0 51.0
-2.9288027 44.84976 -1.0531833321 0.0 52.0
-2.0106783 45.031372 -1.0531833321 0.0 52.0
-3.7239218 44.668144 -0.5941212322 2.0 51.0
-3.1298006 45.3913 -0.5941212322 2.0 51.0
-3.1298006 45.3913 -0.5941212323 1.0 52.0
-2.5356793 46.114456 -0.5941212323 1.0 52.0
-2.5356793 46.114456 -0.5941212324 0.0 53.0
-1.7405603 46.29607 -1.0531833324 0.0 53.0
-1.7405603 46.29607 -1.0531833325 0.0 54.0
-0.822436 46.477684 -1.0531833325 0.0 54.0
-2.5356793 46.114456 -0.5941212326 0.0 53.0
-2.5356793 47.05037 -0.5941212326 0.0 53.0
-2.5356793 47.05037 -0.5941212327 0.0 54.0
-2.5356793 47.986282 -0.5941212327 0.0 54.0
-4.7529697 43.221832 0.0328 4.0 49.0
-5.3470907 43.94499 0.0328 4.0 49.0
-5.3470907 43.94499 0.0329 3.0 50.0
-5.9412117 44.668144 0.0329 3.0 50.0
-5.9412117 44.668144 0.0330 0.0 51.0
-5.9412117 45.604057 0.0330 0.0 51.0
-5.9412117 45.604057 0.0331 0.0 52.0
-5.9412117 46.53997 0.0331 0.0 52.0
-5.9412117 44.668144 0.0332 2.0 51.0
-6.5353327 45.3913 0.0332 2.0 51.0
-6.5353327 45.3913 0.0333 1.0 52.0
-7.1294537 46.114456 0.0333 1.0 52.0
-7.1294537 46.114456 0.0334 0.0 53.0
-7.1294537 47.05037 0.0334 0.0 53.0
-7.1294537 47.05037 0.0335 0.0 54.0
-7.1294537 47.986282 0.0335 0.0 54.0
-7.1294537 46.114456 0.0336 0.0 53.0
-8.047578 46.29607 0.0336 0.0 53.0
-8.047578 46.29607 0.0337 0.0 54.0
-8.965702 46.477684 0.0337 0.0 54.0
-4.7529697 35.734528 0.0338 20.0 41.0
-5.3470907 36.457684 0.0338 20.0 41.0
-5.3470907 36.457684 0.0339 19.0 42.0
-5.9412117 37.18084 0.0339 19.0 42.0
-5.9412117 37.18084 0.0340 18.0 43.0
-6.5353327 37.903996 0.0340 18.0 43.0
-6.5353327 37.903996 0.0341 17.0 44.0
-7.1294537 38.62715 0.0341 17.0 44.0
-7.1294537 38.62715 0.0342 16.0 45.0
-7.7235746 39.350307 0.0342 16.0 45.0
-7.7235746 39.350307 0.0343 15.0 46.0
-8.317696 40.073463 0.0343 15.0 46.0
-8.317696 40.073463 0.0344 14.0 47.0
-8.911817 40.79662 0.0344 14.0 47.0
-8.911817 40.79662 0.0345 13.0 48.0
-9.505938 41.519775 0.0345 13.0 48.0
-9.505938 41.519775 0.0346 12.0 49.0
-9.505938 42.45569 0.0346 12.0 49.0
-9.505938 42.45569 0.0347 11.0 50.0
-9.505938 43.3916 0.0347 11.0 50.0
-9.505938 43.3916 0.0348 10.0 51.0
-9.505938 44.327515 0.0348 10.0 51.0
-9.505938 44.327515 0.0349 9.0 52.0
-9.505938 45.263428 0.0349 9.0 52.0
-9.505938 45.263428 0.0350 4.0 53.0
-8.991413 45.986584 -0.2970606350 4.0 53.0
-8.991413 45.986584 -0.2970606351 3.0 54.0
-8.476889 46.70974 -0.5941212351 3.0 54.0
-8.476889 46.70974 -0.5941212352 0.0 55.0
-7.68177 46.891354 -1.0531833352 0.0 55.0
-7.68177 46.891354 -1.0531833353 0.0 56.0
-6.7636456 47.072968 -1.0531833353 0.0 56.0
-8.476889 46.70974 -0.5941212354 2.0 55.0
-7.8827677 47.432896 -0.5941212354 2.0 55.0
-7.8827677 47.432896 -0.5941212355 1.0 56.0
-7.2886467 48.15605 -0.5941212355 1.0 56.0
-7.2886467 48.15605 -0.5941212356 0.0 57.0
-6.493528 48.337666 -1.0531833356 0.0 57.0
-6.493528 48.337666 -1.0531833357 0.0 58.0
-5.5754037 48.51928 -1.0531833357 0.0 58.0
-7.2886467 48.15605 -0.5941212358 0.0 57.0
-7.2886467 49.091965 -0.5941212358 0.0 57.0
-7.2886467 49.091965 -0.5941212359 0.0 58.0
-7.2886467 50.027878 -0.5941212359 0.0 58.0
-9.505938 45.263428 0.0360 8.0 53.0
-9.505938 46.19934 0.0360 8.0 53.0
-9.505938 46.19934 0.0361 7.0 54.0
-9.505938 47.135254 0.0361 7.0 54.0
-9.505938 47.135254 0.0362 6.0 55.0
-9.505938 48.071167 0.0362 6.0 55.0
-9.505938 48.071167 0.0363 5.0 56.0
-9.505938 49.00708 0.0363 5.0 56.0
-9.505938 49.00708 0.0364 4.0 57.0
-8.991413 49.730236 -0.2970606364 4.0 57.0
-8.991413 49.730236 -0.2970606365 3.0 58.0
-8.476889 50.453392 -0.5941212365 3.0 58.0
-8.476889 50.453392 -0.5941212366 0.0 59.0
-7.68177 50.635006 -1.0531833366 0.0 59.0
-7.68177 50.635006 -1.0531833367 0.0 60.0
-6.7636456 50.81662 -1.0531833367 0.0 60.0
-8.476889 50.453392 -0.5941212368 2.0 59.0
-7.8827677 51.176548 -0.5941212368 2.0 59.0
-7.8827677 51.176548 -0.5941212369 1.0 60.0
-7.2886467 51.899704 -0.5941212369 1.0 60.0
-7.2886467 51.899704 -0.5941212370 0.0 61.0
-6.493528 52.081318 -1.0531833370 0.0 61.0
-6.493528 52.081318 -1.0531833371 0.0 62.0
-5.5754037 52.26293 -1.0531833371 0.0 62.0
-7.2886467 51.899704 -0.5941212372 0.0 61.0
-7.2886467 52.835617 -0.5941212372 0.0 61.0
-7.2886467 52.835617 -0.5941212373 0.0 62.0
-7.2886467 53.77153 -0.5941212373 0.0 62.0
-9.505938 49.00708 0.0374 4.0 57.0
-10.100059 49.730236 0.0374 4.0 57.0
-10.100059 49.730236 0.0375 3.0 58.0
-10.69418 50.453392 0.0375 3.0 58.0
-10.69418 50.453392 0.0376 0.0 59.0
-10.69418 51.389305 0.0376 0.0 59.0
-10.69418 51.389305 0.0377 0.0 60.0
-10.69418 52.32522 0.0377 0.0 60.0
-10.69418 50.453392 0.0378 2.0 59.0
-11.2883005 51.176548 0.0378 2.0 59.0
-11.2883005 51.176548 0.0379 1.0 60.0
-11.8824215 51.899704 0.0379 1.0 60.0
-11.8824215 51.899704 0.0380 0.0 61.0
-11.8824215 52.835617 0.0380 0.0 61.0
-11.8824215 52.835617 0.0381 0.0 62.0
-11.8824215 53.77153 0.0381 0.0 62.0
-11.8824215 51.899704 0.0382 0.0 61.0
-12.800546 52.081318 0.0382 0.0 61.0
-12.800546 52.081318 0.0383 0.0 62.0
-13.71867 52.26293 0.0383 0.0 62.0
-9.505938 41.519775 0.0384 12.0 49.0
-10.424062 41.70139 0.0384 12.0 49.0
-10.424062 41.70139 0.0385 11.0 50.0
-11.342186 41.883003 0.0385 11.0 50.0
-11.342186 41.883003 0.0386 10.0 51.0
-12.26031 42.064617 0.0386 10.0 51.0
-12.26031 42.064617 0.0387 9.0 52.0
-13.178434 42.24623 0.0387 9.0 52.0
-13.178434 42.24623 0.0388 4.0 53.0
-13.692959 42.969387 0.2970606388 4.0 53.0
-13.692959 42.969387 0.2970606389 3.0 54.0
-14.207483 43.692543 0.5941212389 3.0 54.0
-14.207483 43.692543 0.5941212390 0.0 55.0
-14.207483 44.628456 0.5941212390 0.0 55.0
-14.207483 44.628456 0.5941212391 0.0 56.0
-14.207483 45.56437 0.5941212391 0.0 56.0
-14.207483 43.692543 0.5941212392 2.0 55.0
-14.801604 44.4157 0.5941212392 2.0 55.0
-14.801604 44.4157 0.5941212393 1.0 56.0
-15.395725 45.138855 0.5941212393 1.0 56.0
-15.395725 45.138855 0.5941212394 0.0 57.0
-15.395725 46.074768 0.5941212394 0.0 57.0
-15.395725 46.074768 0.5941212395 0.0 58.0
-15.395725 47.01068 0.5941212395 0.0 58.0
-15.395725 45.138855 0.5941212396 0.0 57.0
-16.31385 45.32047 0.5941212396 0.0 57.0
-16.31385 45.32047 0.5941212397 0.0 58.0
-17.231976 45.502083 0.5941212397 0.0 58.0
-13.178434 42.24623 0.0398 8.0 53.0
-14.096559 42.427845 0.0398 8.0 53.0
-14.096559 42.427845 0.0399 7.0 54.0
-15.014683 42.60946 0.0399 7.0 54.0
-15.014683 42.60946 0.0400 6.0 55.0
-15.932807 42.791073 0.0400 6.0 55.0
-15.932807 42.791073 0.0401 5.0 56.0
-16.850931 42.972687 0.0401 5.0 56.0
-16.850931 42.972687 0.0402 4.0 57.0
-17.365456 43.695843 0.2970606402 4.0 57.0
-17.365456 43.695843 0.2970606403 3.0 58.0
-17.87998 44.419 0.5941212403 3.0 58.0
-17.87998 44.419 0.5941212404 0.0 59.0
-17.87998 45.35491 0.5941212404 0.0 59.0
-17.87998 45.35491 0.5941212405 0.0 60.0
-17.87998 46.290825 0.5941212405 0.0 60.0
-17.87998 44.419 0.5941212406 2.0 59.0
-18.474102 45.142155 0.5941212406 2.0 59.0
-18.474102 45.142155 0.5941212407 1.0 60.0
-19.068224 45.86531 0.5941212407 1.0 60.0
-19.068224 45.86531 0.5941212408 0.0 61.0
-19.068224 46.801224 0.5941212408 0.0 61.0
-19.068224 46.801224 0.5941212409 0.0 62.0
-19.068224 47.737137 0.5941212409 0.0 62.0
-19.068224 45.86531 0.5941212410 0.0 61.0
-19.98635 46.046925 0.5941212410 0.0 61.0
-19.98635 46.046925 0.5941212411 0.0 62.0
-20.904474 46.22854 0.5941212411 0.0 62.0
-16.850931 42.972687 0.0412 4.0 57.0
-17.675632 42.53019 0.0412 4.0 57.0
-17.675632 42.53019 0.0413 3.0 58.0
-18.500334 42.087692 0.0413 3.0 58.0
-18.500334 42.087692 0.0414 0.0 59.0
-19.295452 42.269306 0.45906216414 0.0 59.0
-19.295452 42.269306 0.45906216415 0.0 60.0
-20.213577 42.45092 0.45906216415 0.0 60.0
-18.500334 42.087692 0.0416 2.0 59.0
-19.325035 41.645195 0.0416 2.0 59.0
-19.325035 41.645195 0.0417 1.0 60.0
-20.149736 41.202698 0.0417 1.0 60.0
-20.149736 41.202698 0.0418 0.0 61.0
-20.944855 41.38431 0.45906216418 0.0 61.0
-20.944855 41.38431 0.45906216419 0.0 62.0
-21.86298 41.565926 0.45906216419 0.0 62.0
-20.149736 41.202698 0.0420 0.0 61.0
-20.506062 40.33727 0.0420 0.0 61.0
-20.506062 40.33727 0.0421 0.0 62.0
-20.862387 39.47184 0.0421 0.0 62.0
