0.0 0.0 0.00 60.0 1.0
0.0 0.8635969 0.00 60.0 1.0
0.0 0.8635969 0.01 59.0 2.0
0.0 1.7271938 0.01 59.0 2.0
0.0 1.7271938 0.02 58.0 3.0
0.0 2.5907907 0.02 58.0 3.0
0.0 2.5907907 0.03 57.0 4.0
0.0 3.4543877 0.03 57.0 4.0
0.0 3.4543877 0.04 56.0 5.0
0.0 4.3179846 0.04 56.0 5.0
0.0 4.3179846 0.05 55.0 6.0
0.0 5.1815815 0.05 55.0 6.0
0.0 5.1815815 0.06 54.0 7.0
0.0 6.0451784 0.06 54.0 7.0
0.0 6.0451784 0.07 53.0 8.0
0.0 6.9087753 0.07 53.0 8.0
0.0 6.9087753 0.08 52.0 9.0
0.0 7.7723722 0.08 52.0 9.0
0.0 7.7723722 0.09 51.0 10.0
0.0 8.635969 0.09 51.0 10.0
0.0 8.635969 0.010 50.0 11.0
0.0 9.499566 0.010 50.0 11.0
0.0 9.499566 0.011 49.0 12.0
0.0 10.363163 0.011 49.0 12.0
0.0 10.363163 0.012 48.0 13.0
0.0 11.22676 0.012 48.0 13.0
0.0 11.22676 0.013 47.0 14.0
0.0 12.090357 0.013 47.0 14.0
0.0 12.090357 0.014 46.0 15.0
0.0 12.953954 0.014 46.0 15.0
0.0 12.953954 0.015 45.0 16.0
0.0 13.817551 0.015 45.0 16.0
0.0 13.817551 0.016 28.0 17.0
0.3171477 14.599656 -0.1831053216 28.0 17.0
0.3171477 14.599656 -0.1831053217 27.0 18.0
0.6342954 15.381762 -0.3662106417 27.0 18.0
0.6342954 15.381762 -0.3662106418 26.0 19.0
0.9514431 16.163868 -0.549315918 26.0 19.0
0.9514431 16.163868 -0.549315919 25.0 20.0
1.2685908 16.945974 -0.732421319 25.0 20.0
1.2685908 16.945974 -0.732421320 24.0 21.0
1.5857385 17.72808 -0.915526620 24.0 21.0
1.5857385 17.72808 -0.915526621 23.0 22.0
1.9028863 18.510187 -1.09863221 23.0 22.0
1.9028863 18.510187 -1.09863222 22.0 23.0
2.220034 19.292294 -1.281737322 22.0 23.0
2.220034 19.292294 -1.281737323 21.0 24.0
2.5371816 20.0744 -1.464842723 21.0 24.0
2.5371816 20.0744 -1.464842724 12.0 25.0
2.5371816 20.937996 -1.464842724 12.0 25.0
2.5371816 20.937996 -1.464842725 11.0 26.0
2.5371816 21.801594 -1.464842725 11.0 26.0
2.5371816 21.801594 -1.464842726 10.0 27.0
2.5371816 22.665192 -1.464842726 10.0 27.0
2.5371816 22.665192 -1.464842727 9.0 28.0
2.5371816 23.52879 -1.464842727 9.0 28.0
2.5371816 23.52879 -1.464842728 4.0 29.0
2.220034 24.310896 -1.281737328 4.0 29.0
2.220034 24.310896 -1.281737329 3.0 30.0
1.9028862 25.093002 -1.09863229 3.0 30.0
1.9028862 25.093002 -1.09863230 0.0 31.0
1.3284445 25.646013 -0.766977930 0.0 31.0
1.3284445 25.646013 -0.766977931 0.0 32.0
0.66513634 26.199024 -0.766977931 0.0 32.0
1.9028862 25.093002 -1.09863232 2.0 31.0
1.5366755 25.875109 -1.09863232 2.0 31.0
1.5366755 25.875109 -1.09863233 1.0 32.0
1.1704648 26.657215 -1.09863233 1.0 32.0
1.1704648 26.657215 -1.09863234 0.0 33.0
1.1704648 27.520813 -1.09863234 0.0 33.0
1.1704648 27.520813 -1.09863235 0.0 34.0
1.1704648 28.38441 -1.09863235 0.0 34.0
1.1704648 26.657215 -1.09863236 0.0 33.0
0.5071566 27.210226 -1.09863236 0.0 33.0
0.5071566 27.210226 -1.09863237 0.0 34.0
-0.15615153 27.763237 -1.09863237 0.0 34.0
2.5371816 23.52879 -1.464842738 8.0 29.0
2.5371816 24.392387 -1.464842738 8.0 29.0
2.5371816 24.392387 -1.464842739 7.0 30.0
2.5371816 25.255985 -1.464842739 7.0 30.0
2.5371816 25.255985 -1.464842740 6.0 31.0
2.5371816 26.119583 -1.464842740 6.0 31.0
2.5371816 26.119583 -1.464842741 5.0 32.0
2.5371816 26.983181 -1.464842741 5.0 32.0
2.5371816 26.983181 -1.464842742 4.0 33.0
2.8543293 27.765287 -1.64794842 4.0 33.0
2.8543293 27.765287 -1.64794843 3.0 34.0
3.171477 28.547394 -1.831053443 3.0 34.0
3.171477 28.547394 -1.831053444 0.0 35.0
3.171477 29.410992 -1.831053444 0.0 35.0
3.171477 29.410992 -1.831053445 0.0 36.0
3.171477 30.27459 -1.831053445 0.0 36.0
3.171477 28.547394 -1.831053446 2.0 35.0
3.5376878 29.3295 -1.831053446 2.0 35.0
3.5376878 29.3295 -1.831053447 1.0 36.0
3.9038985 30.111607 -1.831053447 1.0 36.0
3.9038985 30.111607 -1.831053448 0.0 37.0
4.47834 30.664618 -2.162707348 0.0 37.0
4.47834 30.664618 -2.162707349 0.0 38.0
5.1416483 31.217628 -2.162707349 0.0 38.0
3.9038985 30.111607 -1.831053450 0.0 37.0
3.9038985 30.975204 -1.831053450 0.0 37.0
3.9038985 30.975204 -1.831053451 0.0 38.0
3.9038985 31.838802 -1.831053451 0.0 38.0
2.5371816 26.983181 -1.464842752 4.0 33.0
2.170971 27.765287 -1.464842752 4.0 33.0
2.170971 27.765287 -1.464842753 3.0 34.0
1.8047602 28.547394 -1.464842753 3.0 34.0
1.8047602 28.547394 -1.464842754 0.0 35.0
1.2303185 29.100405 -1.133188654 0.0 35.0
1.2303185 29.100405 -1.133188655 0.0 36.0
0.5670104 29.653416 -1.133188655 0.0 36.0
1.8047602 28.547394 -1.464842756 2.0 35.0
1.4385495 29.3295 -1.464842756 2.0 35.0
1.4385495 29.3295 -1.464842757 1.0 36.0
1.0723388 30.111607 -1.464842757 1.0 36.0
1.0723388 30.111607 -1.464842758 0.0 37.0
1.0723388 30.975204 -1.464842758 0.0 37.0
1.0723388 30.975204 -1.464842759 0.0 38.0
1.0723388 31.838802 -1.464842759 0.0 38.0
1.0723388 30.111607 -1.464842760 0.0 37.0
0.40903068 30.664618 -1.464842760 0.0 37.0
0.40903068 30.664618 -1.464842761 0.0 38.0
-0.25427747 31.217628 -1.464842761 0.0 38.0
2.5371816 20.0744 -1.464842762 20.0 25.0
2.9033923 20.856506 -1.464842762 20.0 25.0
2.9033923 20.856506 -1.464842763 19.0 26.0
3.269603 21.638613 -1.464842763 19.0 26.0
3.269603 21.638613 -1.464842764 18.0 27.0
3.6358137 22.42072 -1.464842764 18.0 27.0
3.6358137 22.42072 -1.464842765 17.0 28.0
4.002024 23.202826 -1.464842765 17.0 28.0
4.002024 23.202826 -1.464842766 16.0 29.0
4.3682346 23.984932 -1.464842766 16.0 29.0
4.3682346 23.984932 -1.464842767 15.0 30.0
4.734445 24.767038 -1.464842767 15.0 30.0
4.734445 24.767038 -1.464842768 14.0 31.0
5.1006556 25.549145 -1.464842768 14.0 31.0
5.1006556 25.549145 -1.464842769 13.0 32.0
5.466866 26.331251 -1.464842769 13.0 32.0
5.466866 26.331251 -1.464842770 12.0 33.0
6.041308 26.884262 -1.796496770 12.0 33.0
6.041308 26.884262 -1.796496771 11.0 34.0
6.61575 27.437273 -2.12815171 11.0 34.0
6.61575 27.437273 -2.12815172 10.0 35.0
7.1901917 27.990284 -2.45980572 10.0 35.0
7.1901917 27.990284 -2.45980573 9.0 36.0
7.7646337 28.543295 -2.79145973 9.0 36.0
7.7646337 28.543295 -2.79145974 4.0 37.0
8.081781 29.325401 -2.974564374 4.0 37.0
8.081781 29.325401 -2.974564375 3.0 38.0
8.398929 30.107508 -3.157669575 3.0 38.0
8.398929 30.107508 -3.157669576 0.0 39.0
8.398929 30.971104 -3.157669576 0.0 39.0
8.398929 30.971104 -3.157669577 0.0 40.0
8.398929 31.834702 -3.157669577 0.0 40.0
8.398929 30.107508 -3.157669578 2.0 39.0
8.76514 30.889614 -3.157669578 2.0 39.0
8.76514 30.889614 -3.157669579 1.0 40.0
9.1313505 31.67172 -3.157669579 1.0 40.0
9.1313505 31.67172 -3.157669580 0.0 41.0
9.705792 32.22473 -3.489323680 0.0 41.0
9.705792 32.22473 -3.489323681 0.0 42.0
10.369101 32.777744 -3.489323681 0.0 42.0
9.1313505 31.67172 -3.157669582 0.0 41.0
9.1313505 32.535316 -3.157669582 0.0 41.0
9.1313505 32.535316 -3.157669583 0.0 42.0
9.1313505 33.398914 -3.157669583 0.0 42.0
7.7646337 28.543295 -2.79145984 8.0 37.0
8.427942 29.096306 -2.79145984 8.0 37.0
8.427942 29.096306 -2.79145985 7.0 38.0
9.09125 29.649317 -2.79145985 7.0 38.0
9.09125 29.649317 -2.79145986 6.0 39.0
9.754559 30.202328 -2.79145986 6.0 39.0
9.754559 30.202328 -2.79145987 5.0 40.0
10.417867 30.755339 -2.79145987 5.0 40.0
10.417867 30.755339 -2.79145988 4.0 41.0
11.141191 30.97489 -3.209070488 4.0 41.0
11.141191 30.97489 -3.209070489 3.0 42.0
11.864514 31.19444 -3.626681889 3.0 42.0
11.864514 31.19444 -3.626681890 0.0 43.0
12.438956 31.747452 -3.958335990 0.0 43.0
12.438956 31.747452 -3.958335991 0.0 44.0
13.102264 32.300465 -3.958335991 0.0 44.0
11.864514 31.19444 -3.626681892 2.0 43.0
12.699738 31.413992 -3.626681892 2.0 43.0
12.699738 31.413992 -3.626681893 1.0 44.0
13.534961 31.633543 -3.626681893 1.0 44.0
13.534961 31.633543 -3.626681894 0.0 45.0
14.2706585 31.478197 -4.05143794 0.0 45.0
14.2706585 31.478197 -4.05143795 0.0 46.0
15.120169 31.322851 -4.05143795 0.0 46.0
13.534961 31.633543 -3.626681896 0.0 45.0
14.198269 32.186554 -3.626681896 0.0 45.0
14.198269 32.186554 -3.626681897 0.0 46.0
14.861577 32.739567 -3.626681897 0.0 46.0
10.417867 30.755339 -2.79145998 4.0 41.0
10.784078 31.537445 -2.79145998 4.0 41.0
10.784078 31.537445 -2.79145999 3.0 42.0
11.150289 32.31955 -2.79145999 3.0 42.0
11.150289 32.31955 -2.791459100 0.0 43.0
11.150289 33.183147 -2.791459100 0.0 43.0
11.150289 33.183147 -2.791459101 0.0 44.0
11.150289 34.046745 -2.791459101 0.0 44.0
11.150289 32.31955 -2.791459102 2.0 43.0
11.5164995 33.101654 -2.791459102 2.0 43.0
11.5164995 33.101654 -2.791459103 1.0 44.0
11.88271 33.88376 -2.791459103 1.0 44.0
11.88271 33.88376 -2.791459104 0.0 45.0
12.457152 34.43677 -3.1231132104 0.0 45.0
12.457152 34.43677 -3.1231132105 0.0 46.0
13.1204605 34.989784 -3.1231132105 0.0 46.0
11.88271 33.88376 -2.791459106 0.0 45.0
11.88271 34.747356 -2.791459106 0.0 45.0
11.88271 34.747356 -2.791459107 0.0 46.0
11.88271 35.610954 -2.791459107 0.0 46.0
5.466866 26.331251 -1.4648427108 12.0 33.0
5.466866 27.194847 -1.4648427108 12.0 33.0
5.466866 27.194847 -1.4648427109 11.0 34.0
5.466866 28.058445 -1.4648427109 11.0 34.0
5.466866 28.058445 -1.4648427110 10.0 35.0
5.466866 28.922043 -1.4648427110 10.0 35.0
5.466866 28.922043 -1.4648427111 9.0 36.0
5.466866 29.78564 -1.4648427111 9.0 36.0
5.466866 29.78564 -1.4648427112 4.0 37.0
5.1497183 30.567747 -1.2817373112 4.0 37.0
5.1497183 30.567747 -1.2817373113 3.0 38.0
4.8325706 31.349854 -1.098632113 3.0 38.0
4.8325706 31.349854 -1.098632114 0.0 39.0
4.2581286 31.902864 -0.7669779114 0.0 39.0
4.2581286 31.902864 -0.7669779115 0.0 40.0
3.5948205 32.455875 -0.7669779115 0.0 40.0
4.8325706 31.349854 -1.098632116 2.0 39.0
4.46636 32.131958 -1.098632116 2.0 39.0
4.46636 32.131958 -1.098632117 1.0 40.0
4.1001496 32.914062 -1.098632117 1.0 40.0
4.1001496 32.914062 -1.098632118 0.0 41.0
4.1001496 33.77766 -1.098632118 0.0 41.0
4.1001496 33.77766 -1.098632119 0.0 42.0
4.1001496 34.64126 -1.098632119 0.0 42.0
4.1001496 32.914062 -1.098632120 0.0 41.0
3.4368415 33.467075 -1.098632120 0.0 41.0
3.4368415 33.467075 -1.098632121 0.0 42.0
2.7735333 34.02009 -1.098632121 0.0 42.0
5.466866 29.78564 -1.4648427122 8.0 37.0
5.466866 30.649239 -1.4648427122 8.0 37.0
5.466866 30.649239 -1.4648427123 7.0 38.0
5.466866 31.512836 -1.4648427123 7.0 38.0
5.466866 31.512836 -1.4648427124 6.0 39.0
5.466866 32.376434 -1.4648427124 6.0 39.0
5.466866 32.376434 -1.4648427125 5.0 40.0
5.466866 33.240032 -1.4648427125 5.0 40.0
5.466866 33.240032 -1.4648427126 4.0 41.0
5.7840137 34.022137 -1.647948126 4.0 41.0
5.7840137 34.022137 -1.647948127 3.0 42.0
6.1011615 34.80424 -1.8310534127 3.0 42.0
6.1011615 34.80424 -1.8310534128 0.0 43.0
6.1011615 35.66784 -1.8310534128 0.0 43.0
6.1011615 35.66784 -1.8310534129 0.0 44.0
6.1011615 36.531437 -1.8310534129 0.0 44.0
6.1011615 34.80424 -1.8310534130 2.0 43.0
6.467372 35.586346 -1.8310534130 2.0 43.0
6.467372 35.586346 -1.8310534131 1.0 44.0
6.8335824 36.36845 -1.8310534131 1.0 44.0
6.8335824 36.36845 -1.8310534132 0.0 45.0
7.4080243 36.921463 -2.1627073132 0.0 45.0
7.4080243 36.921463 -2.1627073133 0.0 46.0
8.071333 37.474476 -2.1627073133 0.0 46.0
6.8335824 36.36845 -1.8310534134 0.0 45.0
6.8335824 37.232048 -1.8310534134 0.0 45.0
6.8335824 37.232048 -1.8310534135 0.0 46.0
6.8335824 38.095646 -1.8310534135 0.0 46.0
5.466866 33.240032 -1.4648427136 4.0 41.0
5.1006556 34.022137 -1.4648427136 4.0 41.0
5.1006556 34.022137 -1.4648427137 3.0 42.0
4.734445 34.80424 -1.4648427137 3.0 42.0
4.734445 34.80424 -1.4648427138 0.0 43.0
4.160003 35.357254 -1.1331886138 0.0 43.0
4.160003 35.357254 -1.1331886139 0.0 44.0
3.496695 35.910267 -1.1331886139 0.0 44.0
4.734445 34.80424 -1.4648427140 2.0 43.0
4.3682346 35.586346 -1.4648427140 2.0 43.0
4.3682346 35.586346 -1.4648427141 1.0 44.0
4.002024 36.36845 -1.4648427141 1.0 44.0
4.002024 36.36845 -1.4648427142 0.0 45.0
4.002024 37.232048 -1.4648427142 0.0 45.0
4.002024 37.232048 -1.4648427143 0.0 46.0
4.002024 38.095646 -1.4648427143 0.0 46.0
4.002024 36.36845 -1.4648427144 0.0 45.0
3.338716 36.921463 -1.4648427144 0.0 45.0
3.338716 36.921463 -1.4648427145 0.0 46.0
2.675408 37.474476 -1.4648427145 0.0 46.0
0.0 13.817551 0.0146 44.0 17.0
0.0 14.681148 0.0146 44.0 17.0
0.0 14.681148 0.0147 43.0 18.0
0.0 15.5447445 0.0147 43.0 18.0
0.0 15.5447445 0.0148 42.0 19.0
0.0 16.40834 0.0148 42.0 19.0
0.0 16.40834 0.0149 41.0 20.0
0.0 17.271938 0.0149 41.0 20.0
0.0 17.271938 0.0150 40.0 21.0
0.0 18.135536 0.0150 40.0 21.0
0.0 18.135536 0.0151 39.0 22.0
0.0 18.999134 0.0151 39.0 22.0
0.0 18.999134 0.0152 38.0 23.0
0.0 19.862732 0.0152 38.0 23.0
0.0 19.862732 0.0153 37.0 24.0
0.0 20.72633 0.0153 37.0 24.0
0.0 20.72633 0.0154 36.0 25.0
0.0 21.589928 0.0154 36.0 25.0
0.0 21.589928 0.0155 35.0 26.0
0.0 22.453526 0.0155 35.0 26.0
0.0 22.453526 0.0156 34.0 27.0
0.0 23.317123 0.0156 34.0 27.0
0.0 23.317123 0.0157 33.0 28.0
0.0 24.180721 0.0157 33.0 28.0
0.0 24.180721 0.0158 32.0 29.0
0.0 25.04432 0.0158 32.0 29.0
0.0 25.04432 0.0159 31.0 30.0
0.0 25.907917 0.0159 31.0 30.0
0.0 25.907917 0.0160 30.0 31.0
0.0 26.771515 0.0160 30.0 31.0
0.0 26.771515 0.0161 29.0 32.0
0.0 27.635113 0.0161 29.0 32.0
0.0 27.635113 0.0162 28.0 33.0
0.3171477 28.41722 -0.18310532162 28.0 33.0
0.3171477 28.41722 -0.18310532163 27.0 34.0
0.6342954 29.199326 -0.36621064163 27.0 34.0
0.6342954 29.199326 -0.36621064164 26.0 35.0
0.9514431 29.981432 -0.5493159164 26.0 35.0
0.9514431 29.981432 -0.5493159165 25.0 36.0
1.2685908 30.763538 -0.7324213165 25.0 36.0
1.2685908 30.763538 -0.7324213166 24.0 37.0
1.5857385 31.545645 -0.9155266166 24.0 37.0
1.5857385 31.545645 -0.9155266167 23.0 38.0
1.9028863 32.32775 -1.098632167 23.0 38.0
1.9028863 32.32775 -1.098632168 22.0 39.0
2.220034 33.109856 -1.2817373168 22.0 39.0
2.220034 33.109856 -1.2817373169 21.0 40.0
2.5371816 33.89196 -1.4648427169 21.0 40.0
2.5371816 33.89196 -1.4648427170 12.0 41.0
2.5371816 34.755558 -1.4648427170 12.0 41.0
2.5371816 34.755558 -1.4648427171 11.0 42.0
2.5371816 35.619156 -1.4648427171 11.0 42.0
2.5371816 35.619156 -1.4648427172 10.0 43.0
2.5371816 36.482754 -1.4648427172 10.0 43.0
2.5371816 36.482754 -1.4648427173 9.0 44.0
2.5371816 37.34635 -1.4648427173 9.0 44.0
2.5371816 37.34635 -1.4648427174 4.0 45.0
2.220034 38.128456 -1.2817373174 4.0 45.0
2.220034 38.128456 -1.2817373175 3.0 46.0
1.9028862 38.91056 -1.098632175 3.0 46.0
1.9028862 38.91056 -1.098632176 0.0 47.0
1.3284445 39.463573 -0.7669779176 0.0 47.0
1.3284445 39.463573 -0.7669779177 0.0 48.0
0.66513634 40.016586 -0.7669779177 0.0 48.0
1.9028862 38.91056 -1.098632178 2.0 47.0
1.5366755 39.692665 -1.098632178 2.0 47.0
1.5366755 39.692665 -1.098632179 1.0 48.0
1.1704648 40.47477 -1.098632179 1.0 48.0
1.1704648 40.47477 -1.098632180 0.0 49.0
1.1704648 41.338367 -1.098632180 0.0 49.0
1.1704648 41.338367 -1.098632181 0.0 50.0
1.1704648 42.201965 -1.098632181 0.0 50.0
1.1704648 40.47477 -1.098632182 0.0 49.0
0.5071566 41.027782 -1.098632182 0.0 49.0
0.5071566 41.027782 -1.098632183 0.0 50.0
-0.15615153 41.580795 -1.098632183 0.0 50.0
2.5371816 37.34635 -1.4648427184 8.0 45.0
2.5371816 38.20995 -1.4648427184 8.0 45.0
2.5371816 38.20995 -1.4648427185 7.0 46.0
2.5371816 39.073547 -1.4648427185 7.0 46.0
2.5371816 39.073547 -1.4648427186 6.0 47.0
2.5371816 39.937145 -1.4648427186 6.0 47.0
2.5371816 39.937145 -1.4648427187 5.0 48.0
2.5371816 40.800743 -1.4648427187 5.0 48.0
2.5371816 40.800743 -1.4648427188 4.0 49.0
2.8543293 41.582848 -1.647948188 4.0 49.0
2.8543293 41.582848 -1.647948189 3.0 50.0
3.171477 42.364952 -1.8310534189 3.0 50.0
3.171477 42.364952 -1.8310534190 0.0 51.0
3.171477 43.22855 -1.8310534190 0.0 51.0
3.171477 43.22855 -1.8310534191 0.0 52.0
3.171477 44.092148 -1.8310534191 0.0 52.0
3.171477 42.364952 -1.8310534192 2.0 51.0
3.5376878 43.147057 -1.8310534192 2.0 51.0
3.5376878 43.147057 -1.8310534193 1.0 52.0
3.9038985 43.92916 -1.8310534193 1.0 52.0
3.9038985 43.92916 -1.8310534194 0.0 53.0
4.47834 44.482174 -2.1627073194 0.0 53.0
4.47834 44.482174 -2.1627073195 0.0 54.0
5.1416483 45.035187 -2.1627073195 0.0 54.0
3.9038985 43.92916 -1.8310534196 0.0 53.0
3.9038985 44.79276 -1.8310534196 0.0 53.0
3.9038985 44.79276 -1.8310534197 0.0 54.0
3.9038985 45.656357 -1.8310534197 0.0 54.0
2.5371816 40.800743 -1.4648427198 4.0 49.0
2.170971 41.582848 -1.4648427198 4.0 49.0
2.170971 41.582848 -1.4648427199 3.0 50.0
1.8047602 42.364952 -1.4648427199 3.0 50.0
1.8047602 42.364952 -1.4648427200 0.0 51.0
1.2303185 42.917965 -1.1331886200 0.0 51.0
1.2303185 42.917965 -1.1331886201 0.0 52.0
0.5670104 43.470978 -1.1331886201 0.0 52.0
1.8047602 42.364952 -1.4648427202 2.0 51.0
1.4385495 43.147057 -1.4648427202 2.0 51.0
1.4385495 43.147057 -1.4648427203 1.0 52.0
1.0723388 43.92916 -1.4648427203 1.0 52.0
1.0723388 43.92916 -1.4648427204 0.0 53.0
1.0723388 44.79276 -1.4648427204 0.0 53.0
1.0723388 44.79276 -1.4648427205 0.0 54.0
1.0723388 45.656357 -1.4648427205 0.0 54.0
1.0723388 43.92916 -1.4648427206 0.0 53.0
0.40903068 44.482174 -1.4648427206 0.0 53.0
0.40903068 44.482174 -1.4648427207 0.0 54.0
-0.25427747 45.035187 -1.4648427207 0.0 54.0
2.5371816 33.89196 -1.4648427208 20.0 41.0
2.9033923 34.674065 -1.4648427208 20.0 41.0
2.9033923 34.674065 -1.4648427209 19.0 42.0
3.269603 35.45617 -1.4648427209 19.0 42.0
3.269603 35.45617 -1.4648427210 18.0 43.0
3.6358137 36.238274 -1.4648427210 18.0 43.0
3.6358137 36.238274 -1.4648427211 17.0 44.0
4.002024 37.02038 -1.4648427211 17.0 44.0
4.002024 37.02038 -1.4648427212 16.0 45.0
4.3682346 37.802483 -1.4648427212 16.0 45.0
4.3682346 37.802483 -1.4648427213 15.0 46.0
4.734445 38.584587 -1.4648427213 15.0 46.0
4.734445 38.584587 -1.4648427214 14.0 47.0
5.1006556 39.36669 -1.4648427214 14.0 47.0
5.1006556 39.36669 -1.4648427215 13.0 48.0
5.466866 40.148796 -1.4648427215 13.0 48.0
5.466866 40.148796 -1.4648427216 12.0 49.0
6.041308 40.70181 -1.7964967216 12.0 49.0
6.041308 40.70181 -1.7964967217 11.0 50.0
6.61575 41.25482 -2.128151217 11.0 50.0
6.61575 41.25482 -2.128151218 10.0 51.0
7.1901917 41.807835 -2.459805218 10.0 51.0
7.1901917 41.807835 -2.459805219 9.0 52.0
7.7646337 42.360847 -2.791459219 9.0 52.0
7.7646337 42.360847 -2.791459220 4.0 53.0
8.081781 43.142952 -2.9745643220 4.0 53.0
8.081781 43.142952 -2.9745643221 3.0 54.0
8.398929 43.925056 -3.1576695221 3.0 54.0
8.398929 43.925056 -3.1576695222 0.0 55.0
8.398929 44.788654 -3.1576695222 0.0 55.0
8.398929 44.788654 -3.1576695223 0.0 56.0
8.398929 45.652252 -3.1576695223 0.0 56.0
8.398929 43.925056 -3.1576695224 2.0 55.0
8.76514 44.70716 -3.1576695224 2.0 55.0
8.76514 44.70716 -3.1576695225 1.0 56.0
9.1313505 45.489265 -3.1576695225 1.0 56.0
9.1313505 45.489265 -3.1576695226 0.0 57.0
9.705792 46.04228 -3.4893236226 0.0 57.0
9.705792 46.04228 -3.4893236227 0.0 58.0
10.369101 46.59529 -3.4893236227 0.0 58.0
9.1313505 45.489265 -3.1576695228 0.0 57.0
9.1313505 46.352863 -3.1576695228 0.0 57.0
9.1313505 46.352863 -3.1576695229 0.0 58.0
9.1313505 47.21646 -3.1576695229 0.0 58.0
7.7646337 42.360847 -2.791459230 8.0 53.0
8.427942 42.91386 -2.791459230 8.0 53.0
8.427942 42.91386 -2.791459231 7.0 54.0
9.09125 43.466873 -2.791459231 7.0 54.0
9.09125 43.466873 -2.791459232 6.0 55.0
9.754559 44.019886 -2.791459232 6.0 55.0
9.754559 44.019886 -2.791459233 5.0 56.0
10.417867 44.5729 -2.791459233 5.0 56.0
10.417867 44.5729 -2.791459234 4.0 57.0
11.141191 44.79245 -3.2090704234 4.0 57.0
11.141191 44.79245 -3.2090704235 3.0 58.0
11.864514 45.012 -3.6266818235 3.0 58.0
11.864514 45.012 -3.6266818236 0.0 59.0
12.438956 45.565014 -3.9583359236 0.0 59.0
12.438956 45.565014 -3.9583359237 0.0 60.0
13.102264 46.118027 -3.9583359237 0.0 60.0
11.864514 45.012 -3.6266818238 2.0 59.0
12.699738 45.231552 -3.6266818238 2.0 59.0
12.699738 45.231552 -3.6266818239 1.0 60.0
13.534961 45.451103 -3.6266818239 1.0 60.0
13.534961 45.451103 -3.6266818240 0.0 61.0
14.2706585 45.295757 -4.051437240 0.0 61.0
14.2706585 45.295757 -4.051437241 0.0 62.0
15.120169 45.14041 -4.051437241 0.0 62.0
13.534961 45.451103 -3.6266818242 0.0 61.0
14.198269 46.004116 -3.6266818242 0.0 61.0
14.198269 46.004116 -3.6266818243 0.0 62.0
14.861577 46.55713 -3.6266818243 0.0 62.0
10.417867 44.5729 -2.791459244 4.0 57.0
10.784078 45.355003 -2.791459244 4.0 57.0
10.784078 45.355003 -2.791459245 3.0 58.0
11.150289 46.137108 -2.791459245 3.0 58.0
11.150289 46.137108 -2.791459246 0.0 59.0
11.150289 47.000706 -2.791459246 0.0 59.0
11.150289 47.000706 -2.791459247 0.0 60.0
11.150289 47.864304 -2.791459247 0.0 60.0
11.150289 46.137108 -2.791459248 2.0 59.0
11.5164995 46.919212 -2.791459248 2.0 59.0
11.5164995 46.919212 -2.791459249 1.0 60.0
11.88271 47.701317 -2.791459249 1.0 60.0
11.88271 47.701317 -2.791459250 0.0 61.0
12.457152 48.25433 -3.1231132250 0.0 61.0
12.457152 48.25433 -3.1231132251 0.0 62.0
13.1204605 48.807343 -3.1231132251 0.0 62.0
11.88271 47.701317 -2.791459252 0.0 61.0
11.88271 48.564915 -2.791459252 0.0 61.0
11.88271 48.564915 -2.791459253 0.0 62.0
11.88271 49.428513 -2.791459253 0.0 62.0
5.466866 40.148796 -1.4648427254 12.0 49.0
5.466866 41.012394 -1.4648427254 12.0 49.0
5.466866 41.012394 -1.4648427255 11.0 50.0
5.466866 41.87599 -1.4648427255 11.0 50.0
5.466866 41.87599 -1.4648427256 10.0 51.0
5.466866 42.73959 -1.4648427256 10.0 51.0
5.466866 42.73959 -1.4648427257 9.0 52.0
5.466866 43.603188 -1.4648427257 9.0 52.0
5.466866 43.603188 -1.4648427258 4.0 53.0
5.1497183 44.385292 -1.2817373258 4.0 53.0
5.1497183 44.385292 -1.2817373259 3.0 54.0
4.8325706 45.167397 -1.098632259 3.0 54.0
4.8325706 45.167397 -1.098632260 0.0 55.0
4.2581286 45.72041 -0.7669779260 0.0 55.0
4.2581286 45.72041 -0.7669779261 0.0 56.0
3.5948205 46.273422 -0.7669779261 0.0 56.0
4.8325706 45.167397 -1.098632262 2.0 55.0
4.46636 45.9495 -1.098632262 2.0 55.0
4.46636 45.9495 -1.098632263 1.0 56.0
4.1001496 46.731606 -1.098632263 1.0 56.0
4.1001496 46.731606 -1.098632264 0.0 57.0
4.1001496 47.595203 -1.098632264 0.0 57.0
4.1001496 47.595203 -1.098632265 0.0 58.0
4.1001496 48.4588 -1.098632265 0.0 58.0
4.1001496 46.731606 -1.098632266 0.0 57.0
3.4368415 47.28462 -1.098632266 0.0 57.0
3.4368415 47.28462 -1.098632267 0.0 58.0
2.7735333 47.83763 -1.098632267 0.0 58.0
5.466866 43.603188 -1.4648427268 8.0 53.0
5.466866 44.466785 -1.4648427268 8.0 53.0
5.466866 44.466785 -1.4648427269 7.0 54.0
5.466866 45.330383 -1.4648427269 7.0 54.0
5.466866 45.330383 -1.4648427270 6.0 55.0
5.466866 46.19398 -1.4648427270 6.0 55.0
5.466866 46.19398 -1.4648427271 5.0 56.0
5.466866 47.05758 -1.4648427271 5.0 56.0
5.466866 47.05758 -1.4648427272 4.0 57.0
5.7840137 47.839684 -1.647948272 4.0 57.0
5.7840137 47.839684 -1.647948273 3.0 58.0
6.1011615 48.621788 -1.8310534273 3.0 58.0
6.1011615 48.621788 -1.8310534274 0.0 59.0
6.1011615 49.485386 -1.8310534274 0.0 59.0
6.1011615 49.485386 -1.8310534275 0.0 60.0
6.1011615 50.348984 -1.8310534275 0.0 60.0
6.1011615 48.621788 -1.8310534276 2.0 59.0
6.467372 49.403893 -1.8310534276 2.0 59.0
6.467372 49.403893 -1.8310534277 1.0 60.0
6.8335824 50.185997 -1.8310534277 1.0 60.0
6.8335824 50.185997 -1.8310534278 0.0 61.0
7.4080243 50.73901 -2.1627073278 0.0 61.0
7.4080243 50.73901 -2.1627073279 0.0 62.0
8.071333 51.292023 -2.1627073279 0.0 62.0
6.8335824 50.185997 -1.8310534280 0.0 61.0
6.8335824 51.049595 -1.8310534280 0.0 61.0
6.8335824 51.049595 -1.8310534281 0.0 62.0
6.8335824 51.913193 -1.8310534281 0.0 62.0
5.466866 47.05758 -1.4648427282 4.0 57.0
5.1006556 47.839684 -1.4648427282 4.0 57.0
5.1006556 47.839684 -1.4648427283 3.0 58.0
4.734445 48.621788 -1.4648427283 3.0 58.0
4.734445 48.621788 -1.4648427284 0.0 59.0
4.160003 49.1748 -1.1331886284 0.0 59.0
4.160003 49.1748 -1.1331886285 0.0 60.0
3.496695 49.727814 -1.1331886285 0.0 60.0
4.734445 48.621788 -1.4648427286 2.0 59.0
4.3682346 49.403893 -1.4648427286 2.0 59.0
4.3682346 49.403893 -1.4648427287 1.0 60.0
4.002024 50.185997 -1.4648427287 1.0 60.0
4.002024 50.185997 -1.4648427288 0.0 61.0
4.002024 51.049595 -1.4648427288 0.0 61.0
4.002024 51.049595 -1.4648427289 0.0 62.0
4.002024 51.913193 -1.4648427289 0.0 62.0
4.002024 50.185997 -1.4648427290 0.0 61.0
3.338716 50.73901 -1.4648427290 0.0 61.0
3.338716 50.73901 -1.4648427291 0.0 62.0
2.675408 51.292023 -1.4648427291 0.0 62.0
0.0 27.635113 0.0292 28.0 33.0
-0.36621064 28.41722 0.0292 28.0 33.0
-0.36621064 28.41722 0.0293 27.0 34.0
-0.7324213 29.199326 0.0293 27.0 34.0
-0.7324213 29.199326 0.0294 26.0 35.0
-1.0986319 29.981432 0.0294 26.0 35.0
-1.0986319 29.981432 0.0295 25.0 36.0
-1.4648426 30.763538 0.0295 25.0 36.0
-1.4648426 30.763538 0.0296 24.0 37.0
-1.8310533 31.545645 0.0296 24.0 37.0
-1.8310533 31.545645 0.0297 23.0 38.0
-2.197264 32.32775 0.0297 23.0 38.0
-2.197264 32.32775 0.0298 22.0 39.0
-2.5634747 33.109856 0.0298 22.0 39.0
-2.5634747 33.109856 0.0299 21.0 40.0
-2.9296854 33.89196 0.0299 21.0 40.0
-2.9296854 33.89196 0.0300 12.0 41.0
-3.504127 34.444973 0.33165407300 12.0 41.0
-3.504127 34.444973 0.33165407301 11.0 42.0
-4.078569 34.997986 0.66330814301 11.0 42.0
-4.078569 34.997986 0.66330814302 10.0 43.0
-4.653011 35.551 0.9949622302 10.0 43.0
-4.653011 35.551 0.9949622303 9.0 44.0
-5.2274528 36.10401 1.3266163303 9.0 44.0
-5.2274528 36.10401 1.3266163304 4.0 45.0
-5.950777 36.323563 1.7442278304 4.0 45.0
-5.950777 36.323563 1.7442278305 3.0 46.0
-6.6741014 36.543114 2.1618392305 3.0 46.0
-6.6741014 36.543114 2.1618392306 0.0 47.0
-7.4097986 36.387768 2.5865943306 0.0 47.0
-7.4097986 36.387768 2.5865943307 0.0 48.0
-8.259309 36.23242 2.5865943307 0.0 48.0
-6.6741014 36.543114 2.1618392308 2.0 47.0
-7.509324 36.762665 2.1618392308 2.0 47.0
-7.509324 36.762665 2.1618392309 1.0 48.0
-8.344547 36.982216 2.1618392309 1.0 48.0
-8.344547 36.982216 2.1618392310 0.0 49.0
-8.918989 37.53523 2.4934933310 0.0 49.0
-8.918989 37.53523 2.4934933311 0.0 50.0
-9.582297 38.08824 2.4934933311 0.0 50.0
-8.344547 36.982216 2.1618392312 0.0 49.0
-9.194057 36.82687 2.1618392312 0.0 49.0
-9.194057 36.82687 2.1618392313 0.0 50.0
-10.043568 36.671524 2.1618392313 0.0 50.0
-5.2274528 36.10401 1.3266163314 8.0 45.0
-5.890761 36.657024 1.3266163314 8.0 45.0
-5.890761 36.657024 1.3266163315 7.0 46.0
-6.554069 37.210037 1.3266163315 7.0 46.0
-6.554069 37.210037 1.3266163316 6.0 47.0
-7.217377 37.76305 1.3266163316 6.0 47.0
-7.217377 37.76305 1.3266163317 5.0 48.0
-7.8806853 38.316063 1.3266163317 5.0 48.0
-7.8806853 38.316063 1.3266163318 4.0 49.0
-8.197833 39.098167 1.5097216318 4.0 49.0
-8.197833 39.098167 1.5097216319 3.0 50.0
-8.51498 39.880272 1.692827319 3.0 50.0
-8.51498 39.880272 1.692827320 0.0 51.0
-9.089422 40.433285 2.024481320 0.0 51.0
-9.089422 40.433285 2.024481321 0.0 52.0
-9.75273 40.986298 2.024481321 0.0 52.0
-8.51498 39.880272 1.692827322 2.0 51.0
-8.881191 40.662376 1.692827322 2.0 51.0
-8.881191 40.662376 1.692827323 1.0 52.0
-9.247402 41.44448 1.692827323 1.0 52.0
-9.247402 41.44448 1.692827324 0.0 53.0
-9.247402 42.30808 1.692827324 0.0 53.0
-9.247402 42.30808 1.692827325 0.0 54.0
-9.247402 43.171677 1.692827325 0.0 54.0
-9.247402 41.44448 1.692827326 0.0 53.0
-9.91071 41.997494 1.692827326 0.0 53.0
-9.91071 41.997494 1.692827327 0.0 54.0
-10.5740185 42.550507 1.692827327 0.0 54.0
-7.8806853 38.316063 1.3266163328 4.0 49.0
-8.715908 38.535614 1.3266163328 4.0 49.0
-8.715908 38.535614 1.3266163329 3.0 50.0
-9.551131 38.755165 1.3266163329 3.0 50.0
-9.551131 38.755165 1.3266163330 0.0 51.0
-10.286829 38.59982 1.7513714330 0.0 51.0
-10.286829 38.59982 1.7513714331 0.0 52.0
-11.136339 38.444473 1.7513714331 0.0 52.0
-9.551131 38.755165 1.3266163332 2.0 51.0
-10.386354 38.974716 1.3266163332 2.0 51.0
-10.386354 38.974716 1.3266163333 1.0 52.0
-11.221578 39.194267 1.3266163333 1.0 52.0
-11.221578 39.194267 1.3266163334 0.0 53.0
-11.79602 39.74728 1.6582704334 0.0 53.0
-11.79602 39.74728 1.6582704335 0.0 54.0
-12.459328 40.300293 1.6582704335 0.0 54.0
-11.221578 39.194267 1.3266163336 0.0 53.0
-12.071088 39.03892 1.3266163336 0.0 53.0
-12.071088 39.03892 1.3266163337 0.0 54.0
-12.920598 38.883575 1.3266163337 0.0 54.0
-2.9296854 33.89196 0.0338 20.0 41.0
-3.295896 34.674065 0.0338 20.0 41.0
-3.295896 34.674065 0.0339 19.0 42.0
-3.6621068 35.45617 0.0339 19.0 42.0
-3.6621068 35.45617 0.0340 18.0 43.0
-4.0283175 36.238274 0.0340 18.0 43.0
-4.0283175 36.238274 0.0341 17.0 44.0
-4.394528 37.02038 0.0341 17.0 44.0
-4.394528 37.02038 0.0342 16.0 45.0
-4.7607384 37.802483 0.0342 16.0 45.0
-4.7607384 37.802483 0.0343 15.0 46.0
-5.126949 38.584587 0.0343 15.0 46.0
-5.126949 38.584587 0.0344 14.0 47.0
-5.4931593 39.36669 0.0344 14.0 47.0
-5.4931593 39.36669 0.0345 13.0 48.0
-5.8593698 40.148796 0.0345 13.0 48.0
-5.8593698 40.148796 0.0346 12.0 49.0
-5.8593698 41.012394 0.0346 12.0 49.0
-5.8593698 41.012394 0.0347 11.0 50.0
-5.8593698 41.87599 0.0347 11.0 50.0
-5.8593698 41.87599 0.0348 10.0 51.0
-5.8593698 42.73959 0.0348 10.0 51.0
-5.8593698 42.73959 0.0349 9.0 52.0
-5.8593698 43.603188 0.0349 9.0 52.0
-5.8593698 43.603188 0.0350 4.0 53.0
-6.1765175 44.385292 0.18310532350 4.0 53.0
-6.1765175 44.385292 0.18310532351 3.0 54.0
-6.493665 45.167397 0.36621064351 3.0 54.0
-6.493665 45.167397 0.36621064352 0.0 55.0
-7.068107 45.72041 0.6978647352 0.0 55.0
-7.068107 45.72041 0.6978647353 0.0 56.0
-7.7314153 46.273422 0.6978647353 0.0 56.0
-6.493665 45.167397 0.36621064354 2.0 55.0
-6.8598757 45.9495 0.36621064354 2.0 55.0
-6.8598757 45.9495 0.36621064355 1.0 56.0
-7.226086 46.731606 0.36621064355 1.0 56.0
-7.226086 46.731606 0.36621064356 0.0 57.0
-7.226086 47.595203 0.36621064356 0.0 57.0
-7.226086 47.595203 0.36621064357 0.0 58.0
-7.226086 48.4588 0.36621064357 0.0 58.0
-7.226086 46.731606 0.36621064358 0.0 57.0
-7.8893943 47.28462 0.36621064358 0.0 57.0
-7.8893943 47.28462 0.36621064359 0.0 58.0
-8.552702 47.83763 0.36621064359 0.0 58.0
-5.8593698 43.603188 0.0360 8.0 53.0
-5.8593698 44.466785 0.0360 8.0 53.0
-5.8593698 44.466785 0.0361 7.0 54.0
-5.8593698 45.330383 0.0361 7.0 54.0
-5.8593698 45.330383 0.0362 6.0 55.0
-5.8593698 46.19398 0.0362 6.0 55.0
-5.8593698 46.19398 0.0363 5.0 56.0
-5.8593698 47.05758 0.0363 5.0 56.0
-5.8593698 47.05758 0.0364 4.0 57.0
-5.542222 47.839684 -0.18310532364 4.0 57.0
-5.542222 47.839684 -0.18310532365 3.0 58.0
-5.2250743 48.621788 -0.36621064365 3.0 58.0
-5.2250743 48.621788 -0.36621064366 0.0 59.0
-5.2250743 49.485386 -0.36621064366 0.0 59.0
-5.2250743 49.485386 -0.36621064367 0.0 60.0
-5.2250743 50.348984 -0.36621064367 0.0 60.0
-5.2250743 48.621788 -0.36621064368 2.0 59.0
-4.858864 49.403893 -0.36621064368 2.0 59.0
-4.858864 49.403893 -0.36621064369 1.0 60.0
-4.4926534 50.185997 -0.36621064369 1.0 60.0
-4.4926534 50.185997 -0.36621064370 0.0 61.0
-3.9182117 50.73901 -0.6978647370 0.0 61.0
-3.9182117 50.73901 -0.6978647371 0.0 62.0
-3.2549036 51.292023 -0.6978647371 0.0 62.0
-4.4926534 50.185997 -0.36621064372 0.0 61.0
-4.4926534 51.049595 -0.36621064372 0.0 61.0
-4.4926534 51.049595 -0.36621064373 0.0 62.0
-4.4926534 51.913193 -0.36621064373 0.0 62.0
-5.8593698 47.05758 0.0374 4.0 57.0
-6.22558 47.839684 0.0374 4.0 57.0
-6.22558 47.839684 0.0375 3.0 58.0
-6.5917907 48.621788 0.0375 3.0 58.0
-6.5917907 48.621788 0.0376 0.0 59.0
-7.1662326 49.1748 0.33165407376 0.0 59.0
-7.1662326 49.1748 0.33165407377 0.0 60.0
-7.8295407 49.727814 0.33165407377 0.0 60.0
-6.5917907 48.621788 0.0378 2.0 59.0
-6.958001 49.403893 0.0378 2.0 59.0
-6.958001 49.403893 0.0379 1.0 60.0
-7.3242116 50.185997 0.0379 1.0 60.0
-7.3242116 50.185997 0.0380 0.0 61.0
-7.3242116 51.049595 0.0380 0.0 61.0
-7.3242116 51.049595 0.0381 0.0 62.0
-7.3242116 51.913193 0.0381 0.0 62.0
-7.3242116 50.185997 0.0382 0.0 61.0
-7.9875197 50.73901 0.0382 0.0 61.0
-7.9875197 50.73901 0.0383 0.0 62.0
-8.650827 51.292023 0.0383 0.0 62.0
-5.8593698 40.148796 0.0384 12.0 49.0
-6.522678 40.70181 0.0384 12.0 49.0
-6.522678 40.70181 0.0385 11.0 50.0
-7.185986 41.25482 0.0385 11.0 50.0
-7.185986 41.25482 0.0386 10.0 51.0
-7.849294 41.807835 0.0386 10.0 51.0
-7.849294 41.807835 0.0387 9.0 52.0
-8.512602 42.360847 0.0387 9.0 52.0
-8.512602 42.360847 0.0388 4.0 53.0
-9.235926 42.5804 0.41761145388 4.0 53.0
-9.235926 42.5804 0.41761145389 3.0 54.0
-9.9592495 42.79995 0.8352229389 3.0 54.0
-9.9592495 42.79995 0.8352229390 0.0 55.0
-10.694947 42.644604 1.2599779390 0.0 55.0
-10.694947 42.644604 1.2599779391 0.0 56.0
-11.544457 42.489258 1.2599779391 0.0 56.0
-9.9592495 42.79995 0.8352229392 2.0 55.0
-10.794473 43.0195 0.8352229392 2.0 55.0
-10.794473 43.0195 0.8352229393 1.0 56.0
-11.629696 43.23905 0.8352229393 1.0 56.0
-11.629696 43.23905 0.8352229394 0.0 57.0
-12.204138 43.792065 1.166877394 0.0 57.0
-12.204138 43.792065 1.166877395 0.0 58.0
-12.867446 44.345078 1.166877395 0.0 58.0
-11.629696 43.23905 0.8352229396 0.0 57.0
-12.479206 43.083706 0.8352229396 0.0 57.0
-12.479206 43.083706 0.8352229397 0.0 58.0
-13.328716 42.92836 0.8352229397 0.0 58.0
-8.512602 42.360847 0.0398 8.0 53.0
-9.17591 42.91386 0.0398 8.0 53.0
-9.17591 42.91386 0.0399 7.0 54.0
-9.839218 43.466873 0.0399 7.0 54.0
-9.839218 43.466873 0.0400 6.0 55.0
-10.502526 44.019886 0.0400 6.0 55.0
-10.502526 44.019886 0.0401 5.0 56.0
-11.165834 44.5729 0.0401 5.0 56.0
-11.165834 44.5729 0.0402 4.0 57.0
-11.482982 45.355003 0.18310532402 4.0 57.0
-11.482982 45.355003 0.18310532403 3.0 58.0
-11.800129 46.137108 0.36621064403 3.0 58.0
-11.800129 46.137108 0.36621064404 0.0 59.0
-12.374571 46.69012 0.6978647404 0.0 59.0
-12.374571 46.69012 0.6978647405 0.0 60.0
-13.037879 47.243134 0.6978647405 0.0 60.0
-11.800129 46.137108 0.36621064406 2.0 59.0
-12.16634 46.919212 0.36621064406 2.0 59.0
-12.16634 46.919212 0.36621064407 1.0 60.0
-12.532551 47.701317 0.36621064407 1.0 60.0
-12.532551 47.701317 0.36621064408 0.0 61.0
-12.532551 48.564915 0.36621064408 0.0 61.0
-12.532551 48.564915 0.36621064409 0.0 62.0
-12.532551 49.428513 0.36621064409 0.0 62.0
-12.532551 47.701317 0.36621064410 0.0 61.0
-13.195859 48.25433 0.36621064410 0.0 61.0
-13.195859 48.25433 0.36621064411 0.0 62.0
-13.859167 48.807343 0.36621064411 0.0 62.0
-11.165834 44.5729 0.0412 4.0 57.0
-12.001058 44.79245 0.0412 4.0 57.0
-12.001058 44.79245 0.0413 3.0 58.0
-12.836281 45.012 0.0413 3.0 58.0
-12.836281 45.012 0.0414 0.0 59.0
-13.571979 44.856655 0.42475507414 0.0 59.0
-13.571979 44.856655 0.42475507415 0.0 60.0
-14.421489 44.70131 0.42475507415 0.0 60.0
-12.836281 45.012 0.0416 2.0 59.0
-13.671504 45.231552 0.0416 2.0 59.0
-13.671504 45.231552 0.0417 1.0 60.0
-14.506727 45.451103 0.0417 1.0 60.0
-14.506727 45.451103 0.0418 0.0 61.0
-15.081169 46.004116 0.33165407418 0.0 61.0
-15.081169 46.004116 0.33165407419 0.0 62.0
-15.744477 46.55713 0.33165407419 0.0 62.0
-14.506727 45.451103 0.0420 0.0 61.0
-15.356237 45.295757 0.0420 0.0 61.0
-15.356237 45.295757 0.0421 0.0 62.0
-16.205748 45.14041 0.0421 0.0 62.0
