0.0 0.0 0.00 60.0 1.0
0.0 1.0457507 0.00 60.0 1.0
0.0 1.0457507 0.01 59.0 2.0
0.0 2.0915015 0.01 59.0 2.0
0.0 2.0915015 0.02 58.0 3.0
0.0 3.1372523 0.02 58.0 3.0
0.0 3.1372523 0.03 57.0 4.0
0.0 4.183003 0.03 57.0 4.0
0.0 4.183003 0.04 56.0 5.0
0.0 5.2287536 0.04 56.0 5.0
0.0 5.2287536 0.05 55.0 6.0
0.0 6.274504 0.05 55.0 6.0
0.0 6.274504 0.06 54.0 7.0
0.0 7.320255 0.06 54.0 7.0
0.0 7.320255 0.07 53.0 8.0
0.0 8.366006 0.07 53.0 8.0
0.0 8.366006 0.08 52.0 9.0
0.0 9.4117565 0.08 52.0 9.0
0.0 9.4117565 0.09 51.0 10.0
0.0 10.457507 0.09 51.0 10.0
0.0 10.457507 0.010 50.0 11.0
0.0 11.503258 0.010 50.0 11.0
0.0 11.503258 0.011 49.0 12.0
0.0 12.549008 0.011 49.0 12.0
0.0 12.549008 0.012 48.0 13.0
0.0 13.594759 0.012 48.0 13.0
0.0 13.594759 0.013 47.0 14.0
0.0 14.64051 0.013 47.0 14.0
0.0 14.64051 0.014 46.0 15.0
0.0 15.68626 0.014 46.0 15.0
0.0 15.68626 0.015 45.0 16.0
0.0 16.732012 0.015 45.0 16.0
0.0 16.732012 0.016 28.0 17.0
-0.21098657 17.748987 0.12181315616 28.0 17.0
-0.21098657 17.748987 0.12181315617 27.0 18.0
-0.42197314 18.765963 0.2436263117 27.0 18.0
-0.42197314 18.765963 0.2436263118 26.0 19.0
-0.6329597 19.782938 0.3654394718 26.0 19.0
-0.6329597 19.782938 0.3654394719 25.0 20.0
-0.8439463 20.799913 0.4872526219 25.0 20.0
-0.8439463 20.799913 0.4872526220 24.0 21.0
-1.0549328 21.816889 0.609065820 24.0 21.0
-1.0549328 21.816889 0.609065821 23.0 22.0
-1.2659194 22.833864 0.7308789521 23.0 22.0
-1.2659194 22.833864 0.7308789522 22.0 23.0
-1.4769061 23.85084 0.852692122 22.0 23.0
-1.4769061 23.85084 0.852692123 21.0 24.0
-1.6878927 24.867815 0.974505323 21.0 24.0
-1.6878927 24.867815 0.974505324 12.0 25.0
-1.6878927 25.913567 0.974505324 12.0 25.0
-1.6878927 25.913567 0.974505325 11.0 26.0
-1.6878927 26.959318 0.974505325 11.0 26.0
-1.6878927 26.959318 0.974505326 10.0 27.0
-1.6878927 28.00507 0.974505326 10.0 27.0
-1.6878927 28.00507 0.974505327 9.0 28.0
-1.6878927 29.050821 0.974505327 9.0 28.0
-1.6878927 29.050821 0.974505328 4.0 29.0
-1.4769061 30.067797 0.852692128 4.0 29.0
-1.4769061 30.067797 0.852692129 3.0 30.0
-1.2659194 31.084772 0.7308789529 3.0 30.0
-1.2659194 31.084772 0.7308789530 0.0 31.0
-0.85555714 32.01701 0.4939561530 0.0 31.0
-0.85555714 32.01701 0.4939561531 0.0 32.0
-0.38171157 32.949245 0.4939561531 0.0 32.0
-1.2659194 31.084772 0.7308789532 2.0 31.0
-1.0222931 32.10175 0.7308789532 2.0 31.0
-1.0222931 32.10175 0.7308789533 1.0 32.0
-0.7786668 33.118725 0.7308789533 1.0 32.0
-0.7786668 33.118725 0.7308789534 0.0 33.0
-0.3683045 34.05096 0.4939561534 0.0 33.0
-0.3683045 34.05096 0.4939561535 0.0 34.0
0.10554108 34.983196 0.4939561535 0.0 34.0
-0.7786668 33.118725 0.7308789536 0.0 33.0
-0.7786668 34.164474 0.7308789536 0.0 33.0
-0.7786668 34.164474 0.7308789537 0.0 34.0
-0.7786668 35.210224 0.7308789537 0.0 34.0
-1.6878927 29.050821 0.974505338 8.0 29.0
-1.6878927 30.096573 0.974505338 8.0 29.0
-1.6878927 30.096573 0.974505339 7.0 30.0
-1.6878927 31.142324 0.974505339 7.0 30.0
-1.6878927 31.142324 0.974505340 6.0 31.0
-1.6878927 32.188076 0.974505340 6.0 31.0
-1.6878927 32.188076 0.974505341 5.0 32.0
-1.6878927 33.233826 0.974505341 5.0 32.0
-1.6878927 33.233826 0.974505342 4.0 33.0
-1.4769061 34.2508 0.852692142 4.0 33.0
-1.4769061 34.2508 0.852692143 3.0 34.0
-1.2659194 35.267776 0.7308789543 3.0 34.0
-1.2659194 35.267776 0.7308789544 0.0 35.0
-0.85555714 36.200012 0.4939561544 0.0 35.0
-0.85555714 36.200012 0.4939561545 0.0 36.0
-0.38171157 37.132248 0.4939561545 0.0 36.0
-1.2659194 35.267776 0.7308789546 2.0 35.0
-1.0222931 36.28475 0.7308789546 2.0 35.0
-1.0222931 36.28475 0.7308789547 1.0 36.0
-0.7786668 37.301727 0.7308789547 1.0 36.0
-0.7786668 37.301727 0.7308789548 0.0 37.0
-0.3683045 38.233963 0.4939561548 0.0 37.0
-0.3683045 38.233963 0.4939561549 0.0 38.0
0.10554108 39.1662 0.4939561549 0.0 38.0
-0.7786668 37.301727 0.7308789550 0.0 37.0
-0.7786668 38.347477 0.7308789550 0.0 37.0
-0.7786668 38.347477 0.7308789551 0.0 38.0
-0.7786668 39.393227 0.7308789551 0.0 38.0
-1.6878927 33.233826 0.974505352 4.0 33.0
-1.931519 34.2508 0.974505352 4.0 33.0
-1.931519 34.2508 0.974505353 3.0 34.0
-2.1751454 35.267776 0.974505353 3.0 34.0
-2.1751454 35.267776 0.974505354 0.0 35.0
-2.1751454 36.313526 0.974505354 0.0 35.0
-2.1751454 36.313526 0.974505355 0.0 36.0
-2.1751454 37.359276 0.974505355 0.0 36.0
-2.1751454 35.267776 0.974505356 2.0 35.0
-2.4187717 36.28475 0.974505356 2.0 35.0
-2.4187717 36.28475 0.974505357 1.0 36.0
-2.662398 37.301727 0.974505357 1.0 36.0
-2.662398 37.301727 0.974505358 0.0 37.0
-2.662398 38.347477 0.974505358 0.0 37.0
-2.662398 38.347477 0.974505359 0.0 38.0
-2.662398 39.393227 0.974505359 0.0 38.0
-2.662398 37.301727 0.974505360 0.0 37.0
-3.1362436 38.233963 0.974505360 0.0 37.0
-3.1362436 38.233963 0.974505361 0.0 38.0
-3.610089 39.1662 0.974505361 0.0 38.0
-1.6878927 24.867815 0.974505362 20.0 25.0
-1.931519 25.88479 0.974505362 20.0 25.0
-1.931519 25.88479 0.974505363 19.0 26.0
-2.1751454 26.901766 0.974505363 19.0 26.0
-2.1751454 26.901766 0.974505364 18.0 27.0
-2.4187717 27.918741 0.974505364 18.0 27.0
-2.4187717 27.918741 0.974505365 17.0 28.0
-2.662398 28.935717 0.974505365 17.0 28.0
-2.662398 28.935717 0.974505366 16.0 29.0
-2.9060245 29.952692 0.974505366 16.0 29.0
-2.9060245 29.952692 0.974505367 15.0 30.0
-3.1496508 30.969667 0.974505367 15.0 30.0
-3.1496508 30.969667 0.974505368 14.0 31.0
-3.3932772 31.986643 0.974505368 14.0 31.0
-3.3932772 31.986643 0.974505369 13.0 32.0
-3.6369035 33.00362 0.974505369 13.0 32.0
-3.6369035 33.00362 0.974505370 12.0 33.0
-3.6369035 34.04937 0.974505370 12.0 33.0
-3.6369035 34.04937 0.974505371 11.0 34.0
-3.6369035 35.09512 0.974505371 11.0 34.0
-3.6369035 35.09512 0.974505372 10.0 35.0
-3.6369035 36.14087 0.974505372 10.0 35.0
-3.6369035 36.14087 0.974505373 9.0 36.0
-3.6369035 37.18662 0.974505373 9.0 36.0
-3.6369035 37.18662 0.974505374 4.0 37.0
-3.425917 38.203594 0.852692174 4.0 37.0
-3.425917 38.203594 0.852692175 3.0 38.0
-3.2149303 39.22057 0.7308789575 3.0 38.0
-3.2149303 39.22057 0.7308789576 0.0 39.0
-2.804568 40.152805 0.4939561576 0.0 39.0
-2.804568 40.152805 0.4939561577 0.0 40.0
-2.3307226 41.08504 0.4939561577 0.0 40.0
-3.2149303 39.22057 0.7308789578 2.0 39.0
-2.971304 40.237545 0.7308789578 2.0 39.0
-2.971304 40.237545 0.7308789579 1.0 40.0
-2.7276776 41.25452 0.7308789579 1.0 40.0
-2.7276776 41.25452 0.7308789580 0.0 41.0
-2.3173153 42.186756 0.4939561580 0.0 41.0
-2.3173153 42.186756 0.4939561581 0.0 42.0
-1.8434697 43.11899 0.4939561581 0.0 42.0
-2.7276776 41.25452 0.7308789582 0.0 41.0
-2.7276776 42.30027 0.7308789582 0.0 41.0
-2.7276776 42.30027 0.7308789583 0.0 42.0
-2.7276776 43.34602 0.7308789583 0.0 42.0
-3.6369035 37.18662 0.974505384 8.0 37.0
-3.6369035 38.23237 0.974505384 8.0 37.0
-3.6369035 38.23237 0.974505385 7.0 38.0
-3.6369035 39.27812 0.974505385 7.0 38.0
-3.6369035 39.27812 0.974505386 6.0 39.0
-3.6369035 40.323868 0.974505386 6.0 39.0
-3.6369035 40.323868 0.974505387 5.0 40.0
-3.6369035 41.369617 0.974505387 5.0 40.0
-3.6369035 41.369617 0.974505388 4.0 41.0
-3.425917 42.386593 0.852692188 4.0 41.0
-3.425917 42.386593 0.852692189 3.0 42.0
-3.2149303 43.40357 0.7308789589 3.0 42.0
-3.2149303 43.40357 0.7308789590 0.0 43.0
-2.804568 44.335804 0.4939561590 0.0 43.0
-2.804568 44.335804 0.4939561591 0.0 44.0
-2.3307226 45.26804 0.4939561591 0.0 44.0
-3.2149303 43.40357 0.7308789592 2.0 43.0
-2.971304 44.420544 0.7308789592 2.0 43.0
-2.971304 44.420544 0.7308789593 1.0 44.0
-2.7276776 45.43752 0.7308789593 1.0 44.0
-2.7276776 45.43752 0.7308789594 0.0 45.0
-2.3173153 46.369755 0.4939561594 0.0 45.0
-2.3173153 46.369755 0.4939561595 0.0 46.0
-1.8434697 47.30199 0.4939561595 0.0 46.0
-2.7276776 45.43752 0.7308789596 0.0 45.0
-2.7276776 46.48327 0.7308789596 0.0 45.0
-2.7276776 46.48327 0.7308789597 0.0 46.0
-2.7276776 47.52902 0.7308789597 0.0 46.0
-3.6369035 41.369617 0.974505398 4.0 41.0
-3.8805299 42.386593 0.974505398 4.0 41.0
-3.8805299 42.386593 0.974505399 3.0 42.0
-4.124156 43.40357 0.974505399 3.0 42.0
-4.124156 43.40357 0.9745053100 0.0 43.0
-4.124156 44.449318 0.9745053100 0.0 43.0
-4.124156 44.449318 0.9745053101 0.0 44.0
-4.124156 45.495068 0.9745053101 0.0 44.0
-4.124156 43.40357 0.9745053102 2.0 43.0
-4.367782 44.420544 0.9745053102 2.0 43.0
-4.367782 44.420544 0.9745053103 1.0 44.0
-4.611408 45.43752 0.9745053103 1.0 44.0
-4.611408 45.43752 0.9745053104 0.0 45.0
-4.611408 46.48327 0.9745053104 0.0 45.0
-4.611408 46.48327 0.9745053105 0.0 46.0
-4.611408 47.52902 0.9745053105 0.0 46.0
-4.611408 45.43752 0.9745053106 0.0 45.0
-5.0852537 46.369755 0.9745053106 0.0 45.0
-5.0852537 46.369755 0.9745053107 0.0 46.0
-5.559099 47.30199 0.9745053107 0.0 46.0
-3.6369035 33.00362 0.9745053108 12.0 33.0
-4.1107492 33.935856 0.9745053108 12.0 33.0
-4.1107492 33.935856 0.9745053109 11.0 34.0
-4.5845947 34.86809 0.9745053109 11.0 34.0
-4.5845947 34.86809 0.9745053110 10.0 35.0
-5.05844 35.800327 0.9745053110 10.0 35.0
-5.05844 35.800327 0.9745053111 9.0 36.0
-5.5322857 36.732563 0.9745053111 9.0 36.0
-5.5322857 36.732563 0.9745053112 4.0 37.0
-5.7432723 37.74954 1.0963185112 4.0 37.0
-5.7432723 37.74954 1.0963185113 3.0 38.0
-5.954259 38.766514 1.2181317113 3.0 38.0
-5.954259 38.766514 1.2181317114 0.0 39.0
-5.954259 39.812263 1.2181317114 0.0 39.0
-5.954259 39.812263 1.2181317115 0.0 40.0
-5.954259 40.858013 1.2181317115 0.0 40.0
-5.954259 38.766514 1.2181317116 2.0 39.0
-6.197885 39.78349 1.2181317116 2.0 39.0
-6.197885 39.78349 1.2181317117 1.0 40.0
-6.441511 40.800465 1.2181317117 1.0 40.0
-6.441511 40.800465 1.2181317118 0.0 41.0
-6.441511 41.846214 1.2181317118 0.0 41.0
-6.441511 41.846214 1.2181317119 0.0 42.0
-6.441511 42.891964 1.2181317119 0.0 42.0
-6.441511 40.800465 1.2181317120 0.0 41.0
-6.9153566 41.7327 1.2181317120 0.0 41.0
-6.9153566 41.7327 1.2181317121 0.0 42.0
-7.389202 42.664936 1.2181317121 0.0 42.0
-5.5322857 36.732563 0.9745053122 8.0 37.0
-6.006131 37.6648 0.9745053122 8.0 37.0
-6.006131 37.6648 0.9745053123 7.0 38.0
-6.4799767 38.597034 0.9745053123 7.0 38.0
-6.4799767 38.597034 0.9745053124 6.0 39.0
-6.953822 39.52927 0.9745053124 6.0 39.0
-6.953822 39.52927 0.9745053125 5.0 40.0
-7.4276676 40.461506 0.9745053125 5.0 40.0
-7.4276676 40.461506 0.9745053126 4.0 41.0
-7.638654 41.47848 1.0963185126 4.0 41.0
-7.638654 41.47848 1.0963185127 3.0 42.0
-7.849641 42.495457 1.2181317127 3.0 42.0
-7.849641 42.495457 1.2181317128 0.0 43.0
-7.849641 43.541206 1.2181317128 0.0 43.0
-7.849641 43.541206 1.2181317129 0.0 44.0
-7.849641 44.586956 1.2181317129 0.0 44.0
-7.849641 42.495457 1.2181317130 2.0 43.0
-8.093267 43.512432 1.2181317130 2.0 43.0
-8.093267 43.512432 1.2181317131 1.0 44.0
-8.336894 44.529408 1.2181317131 1.0 44.0
-8.336894 44.529408 1.2181317132 0.0 45.0
-8.336894 45.575157 1.2181317132 0.0 45.0
-8.336894 45.575157 1.2181317133 0.0 46.0
-8.336894 46.620907 1.2181317133 0.0 46.0
-8.336894 44.529408 1.2181317134 0.0 45.0
-8.8107395 45.461643 1.2181317134 0.0 45.0
-8.8107395 45.461643 1.2181317135 0.0 46.0
-9.284585 46.39388 1.2181317135 0.0 46.0
-7.4276676 40.461506 0.9745053136 4.0 41.0
-8.105657 41.2577 0.9745053136 4.0 41.0
-8.105657 41.2577 0.9745053137 3.0 42.0
-8.783646 42.053898 0.9745053137 3.0 42.0
-8.783646 42.053898 0.9745053138 0.0 43.0
-9.194008 42.986134 1.211428138 0.0 43.0
-9.194008 42.986134 1.211428139 0.0 44.0
-9.667853 43.91837 1.211428139 0.0 44.0
-8.783646 42.053898 0.9745053140 2.0 43.0
-9.461635 42.850094 0.9745053140 2.0 43.0
-9.461635 42.850094 0.9745053141 1.0 44.0
-10.139624 43.64629 0.9745053141 1.0 44.0
-10.139624 43.64629 0.9745053142 0.0 45.0
-10.549986 44.578526 1.211428142 0.0 45.0
-10.549986 44.578526 1.211428143 0.0 46.0
-11.023831 45.51076 1.211428143 0.0 46.0
-10.139624 43.64629 0.9745053144 0.0 45.0
-10.984445 44.262627 0.9745053144 0.0 45.0
-10.984445 44.262627 0.9745053145 0.0 46.0
-11.829266 44.878963 0.9745053145 0.0 46.0
0.0 16.732012 0.0146 44.0 17.0
0.0 17.777763 0.0146 44.0 17.0
0.0 17.777763 0.0147 43.0 18.0
0.0 18.823515 0.0147 43.0 18.0
0.0 18.823515 0.0148 42.0 19.0
0.0 19.869267 0.0148 42.0 19.0
0.0 19.869267 0.0149 41.0 20.0
0.0 20.915018 0.0149 41.0 20.0
0.0 20.915018 0.0150 40.0 21.0
0.0 21.96077 0.0150 40.0 21.0
0.0 21.96077 0.0151 39.0 22.0
0.0 23.006521 0.0151 39.0 22.0
0.0 23.006521 0.0152 38.0 23.0
0.0 24.052273 0.0152 38.0 23.0
0.0 24.052273 0.0153 37.0 24.0
0.0 25.098024 0.0153 37.0 24.0
0.0 25.098024 0.0154 36.0 25.0
0.0 26.143776 0.0154 36.0 25.0
0.0 26.143776 0.0155 35.0 26.0
0.0 27.189528 0.0155 35.0 26.0
0.0 27.189528 0.0156 34.0 27.0
0.0 28.23528 0.0156 34.0 27.0
0.0 28.23528 0.0157 33.0 28.0
0.0 29.28103 0.0157 33.0 28.0
0.0 29.28103 0.0158 32.0 29.0
0.0 30.326782 0.0158 32.0 29.0
0.0 30.326782 0.0159 31.0 30.0
0.0 31.372534 0.0159 31.0 30.0
0.0 31.372534 0.0160 30.0 31.0
0.0 32.418285 0.0160 30.0 31.0
0.0 32.418285 0.0161 29.0 32.0
0.0 33.464035 0.0161 29.0 32.0
0.0 33.464035 0.0162 28.0 33.0
0.21098657 34.48101 -0.121813156162 28.0 33.0
0.21098657 34.48101 -0.121813156163 27.0 34.0
0.42197314 35.497986 -0.24362631163 27.0 34.0
0.42197314 35.497986 -0.24362631164 26.0 35.0
0.6329597 36.51496 -0.36543947164 26.0 35.0
0.6329597 36.51496 -0.36543947165 25.0 36.0
0.8439463 37.531937 -0.48725262165 25.0 36.0
0.8439463 37.531937 -0.48725262166 24.0 37.0
1.0549328 38.548912 -0.6090658166 24.0 37.0
1.0549328 38.548912 -0.6090658167 23.0 38.0
1.2659194 39.565887 -0.73087895167 23.0 38.0
1.2659194 39.565887 -0.73087895168 22.0 39.0
1.4769061 40.582863 -0.8526921168 22.0 39.0
1.4769061 40.582863 -0.8526921169 21.0 40.0
1.6878927 41.59984 -0.9745053169 21.0 40.0
1.6878927 41.59984 -0.9745053170 12.0 41.0
2.098255 42.532074 -1.211428170 12.0 41.0
2.098255 42.532074 -1.211428171 11.0 42.0
2.5086172 43.46431 -1.4483508171 11.0 42.0
2.5086172 43.46431 -1.4483508172 10.0 43.0
2.9189794 44.396545 -1.6852735172 10.0 43.0
2.9189794 44.396545 -1.6852735173 9.0 44.0
3.3293417 45.32878 -1.9221963173 9.0 44.0
3.3293417 45.32878 -1.9221963174 4.0 45.0
3.916497 46.124977 -2.2611907174 4.0 45.0
3.916497 46.124977 -2.2611907175 3.0 46.0
4.5036526 46.921173 -2.600185175 3.0 46.0
4.5036526 46.921173 -2.600185176 0.0 47.0
5.235289 47.53751 -3.0225954176 0.0 47.0
5.235289 47.53751 -3.0225954177 0.0 48.0
6.08011 48.153847 -3.0225954177 0.0 48.0
4.5036526 46.921173 -2.600185178 2.0 47.0
5.181641 47.71737 -2.600185178 2.0 47.0
5.181641 47.71737 -2.600185179 1.0 48.0
5.8596296 48.513565 -2.600185179 1.0 48.0
5.8596296 48.513565 -2.600185180 0.0 49.0
6.591266 49.1299 -3.0225954180 0.0 49.0
6.591266 49.1299 -3.0225954181 0.0 50.0
7.436087 49.74624 -3.0225954181 0.0 50.0
5.8596296 48.513565 -2.600185182 0.0 49.0
6.333475 49.4458 -2.600185182 0.0 49.0
6.333475 49.4458 -2.600185183 0.0 50.0
6.8073206 50.378036 -2.600185183 0.0 50.0
3.3293417 45.32878 -1.9221963184 8.0 45.0
3.8031871 46.261017 -1.9221963184 8.0 45.0
3.8031871 46.261017 -1.9221963185 7.0 46.0
4.277033 47.193253 -1.9221963185 7.0 46.0
4.277033 47.193253 -1.9221963186 6.0 47.0
4.7508783 48.12549 -1.9221963186 6.0 47.0
4.7508783 48.12549 -1.9221963187 5.0 48.0
5.224724 49.057724 -1.9221963187 5.0 48.0
5.224724 49.057724 -1.9221963188 4.0 49.0
5.811879 49.85392 -2.2611907188 4.0 49.0
5.811879 49.85392 -2.2611907189 3.0 50.0
6.3990345 50.650116 -2.600185189 3.0 50.0
6.3990345 50.650116 -2.600185190 0.0 51.0
7.130671 51.266453 -3.0225954190 0.0 51.0
7.130671 51.266453 -3.0225954191 0.0 52.0
7.975492 51.88279 -3.0225954191 0.0 52.0
6.3990345 50.650116 -2.600185192 2.0 51.0
7.077023 51.446312 -2.600185192 2.0 51.0
7.077023 51.446312 -2.600185193 1.0 52.0
7.7550116 52.242508 -2.600185193 1.0 52.0
7.7550116 52.242508 -2.600185194 0.0 53.0
8.486649 52.858845 -3.0225954194 0.0 53.0
8.486649 52.858845 -3.0225954195 0.0 54.0
9.33147 53.47518 -3.0225954195 0.0 54.0
7.7550116 52.242508 -2.600185196 0.0 53.0
8.228857 53.174744 -2.600185196 0.0 53.0
8.228857 53.174744 -2.600185197 0.0 54.0
8.7027025 54.10698 -2.600185197 0.0 54.0
5.224724 49.057724 -1.9221963198 4.0 49.0
5.46835 50.0747 -1.9221963198 4.0 49.0
5.46835 50.0747 -1.9221963199 3.0 50.0
5.711976 51.091675 -1.9221963199 3.0 50.0
5.711976 51.091675 -1.9221963200 0.0 51.0
6.1223383 52.02391 -2.1591191200 0.0 51.0
6.1223383 52.02391 -2.1591191201 0.0 52.0
6.596184 52.956146 -2.1591191201 0.0 52.0
5.711976 51.091675 -1.9221963202 2.0 51.0
5.955602 52.10865 -1.9221963202 2.0 51.0
5.955602 52.10865 -1.9221963203 1.0 52.0
6.1992283 53.125626 -1.9221963203 1.0 52.0
6.1992283 53.125626 -1.9221963204 0.0 53.0
6.6095905 54.05786 -2.1591191204 0.0 53.0
6.6095905 54.05786 -2.1591191205 0.0 54.0
7.083436 54.990097 -2.1591191205 0.0 54.0
6.1992283 53.125626 -1.9221963206 0.0 53.0
6.1992283 54.171375 -1.9221963206 0.0 53.0
6.1992283 54.171375 -1.9221963207 0.0 54.0
6.1992283 55.217125 -1.9221963207 0.0 54.0
1.6878927 41.59984 -0.9745053208 20.0 41.0
1.931519 42.616814 -0.9745053208 20.0 41.0
1.931519 42.616814 -0.9745053209 19.0 42.0
2.1751454 43.63379 -0.9745053209 19.0 42.0
2.1751454 43.63379 -0.9745053210 18.0 43.0
2.4187717 44.650764 -0.9745053210 18.0 43.0
2.4187717 44.650764 -0.9745053211 17.0 44.0
2.662398 45.66774 -0.9745053211 17.0 44.0
2.662398 45.66774 -0.9745053212 16.0 45.0
2.9060245 46.684715 -0.9745053212 16.0 45.0
2.9060245 46.684715 -0.9745053213 15.0 46.0
3.1496508 47.70169 -0.9745053213 15.0 46.0
3.1496508 47.70169 -0.9745053214 14.0 47.0
3.3932772 48.718666 -0.9745053214 14.0 47.0
3.3932772 48.718666 -0.9745053215 13.0 48.0
3.6369035 49.73564 -0.9745053215 13.0 48.0
3.6369035 49.73564 -0.9745053216 12.0 49.0
4.047266 50.667877 -1.211428216 12.0 49.0
4.047266 50.667877 -1.211428217 11.0 50.0
4.4576283 51.600113 -1.4483508217 11.0 50.0
4.4576283 51.600113 -1.4483508218 10.0 51.0
4.8679905 52.53235 -1.6852735218 10.0 51.0
4.8679905 52.53235 -1.6852735219 9.0 52.0
5.2783527 53.464584 -1.9221963219 9.0 52.0
5.2783527 53.464584 -1.9221963220 4.0 53.0
5.865508 54.26078 -2.2611907220 4.0 53.0
5.865508 54.26078 -2.2611907221 3.0 54.0
6.4526634 55.056976 -2.600185221 3.0 54.0
6.4526634 55.056976 -2.600185222 0.0 55.0
7.1843 55.673313 -3.0225954222 0.0 55.0
7.1843 55.673313 -3.0225954223 0.0 56.0
8.029121 56.28965 -3.0225954223 0.0 56.0
6.4526634 55.056976 -2.600185224 2.0 55.0
7.130652 55.853172 -2.600185224 2.0 55.0
7.130652 55.853172 -2.600185225 1.0 56.0
7.8086405 56.64937 -2.600185225 1.0 56.0
7.8086405 56.64937 -2.600185226 0.0 57.0
8.5402775 57.265705 -3.0225954226 0.0 57.0
8.5402775 57.265705 -3.0225954227 0.0 58.0
9.385098 57.882042 -3.0225954227 0.0 58.0
7.8086405 56.64937 -2.600185228 0.0 57.0
8.282486 57.581604 -2.600185228 0.0 57.0
8.282486 57.581604 -2.600185229 0.0 58.0
8.756331 58.51384 -2.600185229 0.0 58.0
5.2783527 53.464584 -1.9221963230 8.0 53.0
5.752198 54.39682 -1.9221963230 8.0 53.0
5.752198 54.39682 -1.9221963231 7.0 54.0
6.2260437 55.329056 -1.9221963231 7.0 54.0
6.2260437 55.329056 -1.9221963232 6.0 55.0
6.699889 56.26129 -1.9221963232 6.0 55.0
6.699889 56.26129 -1.9221963233 5.0 56.0
7.1737347 57.193527 -1.9221963233 5.0 56.0
7.1737347 57.193527 -1.9221963234 4.0 57.0
7.76089 57.989723 -2.2611907234 4.0 57.0
7.76089 57.989723 -2.2611907235 3.0 58.0
8.348045 58.78592 -2.600185235 3.0 58.0
8.348045 58.78592 -2.600185236 0.0 59.0
9.079682 59.402256 -3.0225954236 0.0 59.0
9.079682 59.402256 -3.0225954237 0.0 60.0
9.924503 60.018593 -3.0225954237 0.0 60.0
8.348045 58.78592 -2.600185238 2.0 59.0
9.026034 59.582115 -2.600185238 2.0 59.0
9.026034 59.582115 -2.600185239 1.0 60.0
9.704023 60.37831 -2.600185239 1.0 60.0
9.704023 60.37831 -2.600185240 0.0 61.0
10.43566 60.994648 -3.0225954240 0.0 61.0
10.43566 60.994648 -3.0225954241 0.0 62.0
11.280481 61.610985 -3.0225954241 0.0 62.0
9.704023 60.37831 -2.600185242 0.0 61.0
10.177869 61.310547 -2.600185242 0.0 61.0
10.177869 61.310547 -2.600185243 0.0 62.0
10.651714 62.242783 -2.600185243 0.0 62.0
7.1737347 57.193527 -1.9221963244 4.0 57.0
7.417361 58.210503 -1.9221963244 4.0 57.0
7.417361 58.210503 -1.9221963245 3.0 58.0
7.660987 59.227478 -1.9221963245 3.0 58.0
7.660987 59.227478 -1.9221963246 0.0 59.0
8.071349 60.159714 -2.1591191246 0.0 59.0
8.071349 60.159714 -2.1591191247 0.0 60.0
8.545195 61.09195 -2.1591191247 0.0 60.0
7.660987 59.227478 -1.9221963248 2.0 59.0
7.904613 60.244453 -1.9221963248 2.0 59.0
7.904613 60.244453 -1.9221963249 1.0 60.0
8.148239 61.26143 -1.9221963249 1.0 60.0
8.148239 61.26143 -1.9221963250 0.0 61.0
8.558601 62.193665 -2.1591191250 0.0 61.0
8.558601 62.193665 -2.1591191251 0.0 62.0
9.032447 63.1259 -2.1591191251 0.0 62.0
8.148239 61.26143 -1.9221963252 0.0 61.0
8.148239 62.30718 -1.9221963252 0.0 61.0
8.148239 62.30718 -1.9221963253 0.0 62.0
8.148239 63.35293 -1.9221963253 0.0 62.0
3.6369035 49.73564 -0.9745053254 12.0 49.0
3.6369035 50.78139 -0.9745053254 12.0 49.0
3.6369035 50.78139 -0.9745053255 11.0 50.0
3.6369035 51.82714 -0.9745053255 11.0 50.0
3.6369035 51.82714 -0.9745053256 10.0 51.0
3.6369035 52.87289 -0.9745053256 10.0 51.0
3.6369035 52.87289 -0.9745053257 9.0 52.0
3.6369035 53.91864 -0.9745053257 9.0 52.0
3.6369035 53.91864 -0.9745053258 4.0 53.0
3.8478901 54.935616 -1.0963185258 4.0 53.0
3.8478901 54.935616 -1.0963185259 3.0 54.0
4.0588765 55.95259 -1.2181317259 3.0 54.0
4.0588765 55.95259 -1.2181317260 0.0 55.0
4.4692388 56.884827 -1.4550544260 0.0 55.0
4.4692388 56.884827 -1.4550544261 0.0 56.0
4.9430842 57.817062 -1.4550544261 0.0 56.0
4.0588765 55.95259 -1.2181317262 2.0 55.0
4.3025026 56.969566 -1.2181317262 2.0 55.0
4.3025026 56.969566 -1.2181317263 1.0 56.0
4.5461287 57.98654 -1.2181317263 1.0 56.0
4.5461287 57.98654 -1.2181317264 0.0 57.0
4.956491 58.918777 -1.4550544264 0.0 57.0
4.956491 58.918777 -1.4550544265 0.0 58.0
5.4303365 59.851013 -1.4550544265 0.0 58.0
4.5461287 57.98654 -1.2181317266 0.0 57.0
4.5461287 59.03229 -1.2181317266 0.0 57.0
4.5461287 59.03229 -1.2181317267 0.0 58.0
4.5461287 60.07804 -1.2181317267 0.0 58.0
3.6369035 53.91864 -0.9745053268 8.0 53.0
3.6369035 54.96439 -0.9745053268 8.0 53.0
3.6369035 54.96439 -0.9745053269 7.0 54.0
3.6369035 56.01014 -0.9745053269 7.0 54.0
3.6369035 56.01014 -0.9745053270 6.0 55.0
3.6369035 57.05589 -0.9745053270 6.0 55.0
3.6369035 57.05589 -0.9745053271 5.0 56.0
3.6369035 58.10164 -0.9745053271 5.0 56.0
3.6369035 58.10164 -0.9745053272 4.0 57.0
3.8478901 59.118614 -1.0963185272 4.0 57.0
3.8478901 59.118614 -1.0963185273 3.0 58.0
4.0588765 60.13559 -1.2181317273 3.0 58.0
4.0588765 60.13559 -1.2181317274 0.0 59.0
4.4692388 61.067825 -1.4550544274 0.0 59.0
4.4692388 61.067825 -1.4550544275 0.0 60.0
4.9430842 62.00006 -1.4550544275 0.0 60.0
4.0588765 60.13559 -1.2181317276 2.0 59.0
4.3025026 61.152565 -1.2181317276 2.0 59.0
4.3025026 61.152565 -1.2181317277 1.0 60.0
4.5461287 62.16954 -1.2181317277 1.0 60.0
4.5461287 62.16954 -1.2181317278 0.0 61.0
4.956491 63.101776 -1.4550544278 0.0 61.0
4.956491 63.101776 -1.4550544279 0.0 62.0
5.4303365 64.03401 -1.4550544279 0.0 62.0
4.5461287 62.16954 -1.2181317280 0.0 61.0
4.5461287 63.21529 -1.2181317280 0.0 61.0
4.5461287 63.21529 -1.2181317281 0.0 62.0
4.5461287 64.26104 -1.2181317281 0.0 62.0
3.6369035 58.10164 -0.9745053282 4.0 57.0
3.3932772 59.118614 -0.9745053282 4.0 57.0
3.3932772 59.118614 -0.9745053283 3.0 58.0
3.1496508 60.13559 -0.9745053283 3.0 58.0
3.1496508 60.13559 -0.9745053284 0.0 59.0
3.1496508 61.18134 -0.9745053284 0.0 59.0
3.1496508 61.18134 -0.9745053285 0.0 60.0
3.1496508 62.22709 -0.9745053285 0.0 60.0
3.1496508 60.13559 -0.9745053286 2.0 59.0
2.9060245 61.152565 -0.9745053286 2.0 59.0
2.9060245 61.152565 -0.9745053287 1.0 60.0
2.662398 62.16954 -0.9745053287 1.0 60.0
2.662398 62.16954 -0.9745053288 0.0 61.0
2.662398 63.21529 -0.9745053288 0.0 61.0
2.662398 63.21529 -0.9745053289 0.0 62.0
2.662398 64.26104 -0.9745053289 0.0 62.0
2.662398 62.16954 -0.9745053290 0.0 61.0
2.1885526 63.101776 -0.9745053290 0.0 61.0
2.1885526 63.101776 -0.9745053291 0.0 62.0
1.714707 64.03401 -0.9745053291 0.0 62.0
0.0 33.464035 0.0292 28.0 33.0
-0.24362631 34.48101 0.0292 28.0 33.0
-0.24362631 34.48101 0.0293 27.0 34.0
-0.48725262 35.497986 0.0293 27.0 34.0
-0.48725262 35.497986 0.0294 26.0 35.0
-0.73087895 36.51496 0.0294 26.0 35.0
-0.73087895 36.51496 0.0295 25.0 36.0
-0.97450525 37.531937 0.0295 25.0 36.0
-0.97450525 37.531937 0.0296 24.0 37.0
-1.2181315 38.548912 0.0296 24.0 37.0
-1.2181315 38.548912 0.0297 23.0 38.0
-1.4617579 39.565887 0.0297 23.0 38.0
-1.4617579 39.565887 0.0298 22.0 39.0
-1.7053843 40.582863 0.0298 22.0 39.0
-1.7053843 40.582863 0.0299 21.0 40.0
-1.9490106 41.59984 0.0299 21.0 40.0
-1.9490106 41.59984 0.0300 12.0 41.0
-1.9490106 42.645588 0.0300 12.0 41.0
-1.9490106 42.645588 0.0301 11.0 42.0
-1.9490106 43.691338 0.0301 11.0 42.0
-1.9490106 43.691338 0.0302 10.0 43.0
-1.9490106 44.737087 0.0302 10.0 43.0
-1.9490106 44.737087 0.0303 9.0 44.0
-1.9490106 45.782837 0.0303 9.0 44.0
-1.9490106 45.782837 0.0304 4.0 45.0
-1.738024 46.799812 -0.121813156304 4.0 45.0
-1.738024 46.799812 -0.121813156305 3.0 46.0
-1.5270374 47.816788 -0.24362631305 3.0 46.0
-1.5270374 47.816788 -0.24362631306 0.0 47.0
-1.1166751 48.749023 -0.4805491306 0.0 47.0
-1.1166751 48.749023 -0.4805491307 0.0 48.0
-0.64282954 49.68126 -0.4805491307 0.0 48.0
-1.5270374 47.816788 -0.24362631308 2.0 47.0
-1.283411 48.833763 -0.24362631308 2.0 47.0
-1.283411 48.833763 -0.24362631309 1.0 48.0
-1.0397847 49.85074 -0.24362631309 1.0 48.0
-1.0397847 49.85074 -0.24362631310 0.0 49.0
-0.62942237 50.782974 -0.4805491310 0.0 49.0
-0.62942237 50.782974 -0.4805491311 0.0 50.0
-0.1555768 51.71521 -0.4805491311 0.0 50.0
-1.0397847 49.85074 -0.24362631312 0.0 49.0
-1.0397847 50.89649 -0.24362631312 0.0 49.0
-1.0397847 50.89649 -0.24362631313 0.0 50.0
-1.0397847 51.942238 -0.24362631313 0.0 50.0
-1.9490106 45.782837 0.0314 8.0 45.0
-1.9490106 46.828587 0.0314 8.0 45.0
-1.9490106 46.828587 0.0315 7.0 46.0
-1.9490106 47.874336 0.0315 7.0 46.0
-1.9490106 47.874336 0.0316 6.0 47.0
-1.9490106 48.920086 0.0316 6.0 47.0
-1.9490106 48.920086 0.0317 5.0 48.0
-1.9490106 49.965836 0.0317 5.0 48.0
-1.9490106 49.965836 0.0318 4.0 49.0
-1.738024 50.98281 -0.121813156318 4.0 49.0
-1.738024 50.98281 -0.121813156319 3.0 50.0
-1.5270374 51.999786 -0.24362631319 3.0 50.0
-1.5270374 51.999786 -0.24362631320 0.0 51.0
-1.1166751 52.932022 -0.4805491320 0.0 51.0
-1.1166751 52.932022 -0.4805491321 0.0 52.0
-0.64282954 53.864258 -0.4805491321 0.0 52.0
-1.5270374 51.999786 -0.24362631322 2.0 51.0
-1.283411 53.01676 -0.24362631322 2.0 51.0
-1.283411 53.01676 -0.24362631323 1.0 52.0
-1.0397847 54.033737 -0.24362631323 1.0 52.0
-1.0397847 54.033737 -0.24362631324 0.0 53.0
-0.62942237 54.965973 -0.4805491324 0.0 53.0
-0.62942237 54.965973 -0.4805491325 0.0 54.0
-0.1555768 55.89821 -0.4805491325 0.0 54.0
-1.0397847 54.033737 -0.24362631326 0.0 53.0
-1.0397847 55.079487 -0.24362631326 0.0 53.0
-1.0397847 55.079487 -0.24362631327 0.0 54.0
-1.0397847 56.125237 -0.24362631327 0.0 54.0
-1.9490106 49.965836 0.0328 4.0 49.0
-2.192637 50.98281 0.0328 4.0 49.0
-2.192637 50.98281 0.0329 3.0 50.0
-2.4362633 51.999786 0.0329 3.0 50.0
-2.4362633 51.999786 0.0330 0.0 51.0
-2.4362633 53.045536 0.0330 0.0 51.0
-2.4362633 53.045536 0.0331 0.0 52.0
-2.4362633 54.091286 0.0331 0.0 52.0
-2.4362633 51.999786 0.0332 2.0 51.0
-2.6798897 53.01676 0.0332 2.0 51.0
-2.6798897 53.01676 0.0333 1.0 52.0
-2.923516 54.033737 0.0333 1.0 52.0
-2.923516 54.033737 0.0334 0.0 53.0
-2.923516 55.079487 0.0334 0.0 53.0
-2.923516 55.079487 0.0335 0.0 54.0
-2.923516 56.125237 0.0335 0.0 54.0
-2.923516 54.033737 0.0336 0.0 53.0
-3.3973615 54.965973 0.0336 0.0 53.0
-3.3973615 54.965973 0.0337 0.0 54.0
-3.871207 55.89821 0.0337 0.0 54.0
-1.9490106 41.59984 0.0338 20.0 41.0
-2.192637 42.616814 0.0338 20.0 41.0
-2.192637 42.616814 0.0339 19.0 42.0
-2.4362633 43.63379 0.0339 19.0 42.0
-2.4362633 43.63379 0.0340 18.0 43.0
-2.6798897 44.650764 0.0340 18.0 43.0
-2.6798897 44.650764 0.0341 17.0 44.0
-2.923516 45.66774 0.0341 17.0 44.0
-2.923516 45.66774 0.0342 16.0 45.0
-3.1671424 46.684715 0.0342 16.0 45.0
-3.1671424 46.684715 0.0343 15.0 46.0
-3.4107687 47.70169 0.0343 15.0 46.0
-3.4107687 47.70169 0.0344 14.0 47.0
-3.654395 48.718666 0.0344 14.0 47.0
-3.654395 48.718666 0.0345 13.0 48.0
-3.8980215 49.73564 0.0345 13.0 48.0
-3.8980215 49.73564 0.0346 12.0 49.0
-3.8980215 50.78139 0.0346 12.0 49.0
-3.8980215 50.78139 0.0347 11.0 50.0
-3.8980215 51.82714 0.0347 11.0 50.0
-3.8980215 51.82714 0.0348 10.0 51.0
-3.8980215 52.87289 0.0348 10.0 51.0
-3.8980215 52.87289 0.0349 9.0 52.0
-3.8980215 53.91864 0.0349 9.0 52.0
-3.8980215 53.91864 0.0350 4.0 53.0
-3.6870348 54.935616 -0.121813156350 4.0 53.0
-3.6870348 54.935616 -0.121813156351 3.0 54.0
-3.4760482 55.95259 -0.24362631351 3.0 54.0
-3.4760482 55.95259 -0.24362631352 0.0 55.0
-3.065686 56.884827 -0.4805491352 0.0 55.0
-3.065686 56.884827 -0.4805491353 0.0 56.0
-2.5918405 57.817062 -0.4805491353 0.0 56.0
-3.4760482 55.95259 -0.24362631354 2.0 55.0
-3.2324219 56.969566 -0.24362631354 2.0 55.0
-3.2324219 56.969566 -0.24362631355 1.0 56.0
-2.9887955 57.98654 -0.24362631355 1.0 56.0
-2.9887955 57.98654 -0.24362631356 0.0 57.0
-2.5784333 58.918777 -0.4805491356 0.0 57.0
-2.5784333 58.918777 -0.4805491357 0.0 58.0
-2.1045878 59.851013 -0.4805491357 0.0 58.0
-2.9887955 57.98654 -0.24362631358 0.0 57.0
-2.9887955 59.03229 -0.24362631358 0.0 57.0
-2.9887955 59.03229 -0.24362631359 0.0 58.0
-2.9887955 60.07804 -0.24362631359 0.0 58.0
-3.8980215 53.91864 0.0360 8.0 53.0
-3.8980215 54.96439 0.0360 8.0 53.0
-3.8980215 54.96439 0.0361 7.0 54.0
-3.8980215 56.01014 0.0361 7.0 54.0
-3.8980215 56.01014 0.0362 6.0 55.0
-3.8980215 57.05589 0.0362 6.0 55.0
-3.8980215 57.05589 0.0363 5.0 56.0
-3.8980215 58.10164 0.0363 5.0 56.0
-3.8980215 58.10164 0.0364 4.0 57.0
-3.6870348 59.118614 -0.121813156364 4.0 57.0
-3.6870348 59.118614 -0.121813156365 3.0 58.0
-3.4760482 60.13559 -0.24362631365 3.0 58.0
-3.4760482 60.13559 -0.24362631366 0.0 59.0
-3.065686 61.067825 -0.4805491366 0.0 59.0
-3.065686 61.067825 -0.4805491367 0.0 60.0
-2.5918405 62.00006 -0.4805491367 0.0 60.0
-3.4760482 60.13559 -0.24362631368 2.0 59.0
-3.2324219 61.152565 -0.24362631368 2.0 59.0
-3.2324219 61.152565 -0.24362631369 1.0 60.0
-2.9887955 62.16954 -0.24362631369 1.0 60.0
-2.9887955 62.16954 -0.24362631370 0.0 61.0
-2.5784333 63.101776 -0.4805491370 0.0 61.0
-2.5784333 63.101776 -0.4805491371 0.0 62.0
-2.1045878 64.03401 -0.4805491371 0.0 62.0
-2.9887955 62.16954 -0.24362631372 0.0 61.0
-2.9887955 63.21529 -0.24362631372 0.0 61.0
-2.9887955 63.21529 -0.24362631373 0.0 62.0
-2.9887955 64.26104 -0.24362631373 0.0 62.0
-3.8980215 58.10164 0.0374 4.0 57.0
-4.141648 59.118614 0.0374 4.0 57.0
-4.141648 59.118614 0.0375 3.0 58.0
-4.385274 60.13559 0.0375 3.0 58.0
-4.385274 60.13559 0.0376 0.0 59.0
-4.385274 61.18134 0.0376 0.0 59.0
-4.385274 61.18134 0.0377 0.0 60.0
-4.385274 62.22709 0.0377 0.0 60.0
-4.385274 60.13559 0.0378 2.0 59.0
-4.6289 61.152565 0.0378 2.0 59.0
-4.6289 61.152565 0.0379 1.0 60.0
-4.872526 62.16954 0.0379 1.0 60.0
-4.872526 62.16954 0.0380 0.0 61.0
-4.872526 63.21529 0.0380 0.0 61.0
-4.872526 63.21529 0.0381 0.0 62.0
-4.872526 64.26104 0.0381 0.0 62.0
-4.872526 62.16954 0.0382 0.0 61.0
-5.3463717 63.101776 0.0382 0.0 61.0
-5.3463717 63.101776 0.0383 0.0 62.0
-5.820217 64.03401 0.0383 0.0 62.0
-3.8980215 49.73564 0.0384 12.0 49.0
-4.371867 50.667877 0.0384 12.0 49.0
-4.371867 50.667877 0.0385 11.0 50.0
-4.8457127 51.600113 0.0385 11.0 50.0
-4.8457127 51.600113 0.0386 10.0 51.0
-5.319558 52.53235 0.0386 10.0 51.0
-5.319558 52.53235 0.0387 9.0 52.0
-5.7934036 53.464584 0.0387 9.0 52.0
-5.7934036 53.464584 0.0388 4.0 53.0
-6.0043902 54.48156 0.121813156388 4.0 53.0
-6.0043902 54.48156 0.121813156389 3.0 54.0
-6.215377 55.498535 0.24362631389 3.0 54.0
-6.215377 55.498535 0.24362631390 0.0 55.0
-6.215377 56.544285 0.24362631390 0.0 55.0
-6.215377 56.544285 0.24362631391 0.0 56.0
-6.215377 57.590034 0.24362631391 0.0 56.0
-6.215377 55.498535 0.24362631392 2.0 55.0
-6.459003 56.51551 0.24362631392 2.0 55.0
-6.459003 56.51551 0.24362631393 1.0 56.0
-6.702629 57.532486 0.24362631393 1.0 56.0
-6.702629 57.532486 0.24362631394 0.0 57.0
-6.702629 58.578236 0.24362631394 0.0 57.0
-6.702629 58.578236 0.24362631395 0.0 58.0
-6.702629 59.623985 0.24362631395 0.0 58.0
-6.702629 57.532486 0.24362631396 0.0 57.0
-7.1764746 58.46472 0.24362631396 0.0 57.0
-7.1764746 58.46472 0.24362631397 0.0 58.0
-7.65032 59.396957 0.24362631397 0.0 58.0
-5.7934036 53.464584 0.0398 8.0 53.0
-6.267249 54.39682 0.0398 8.0 53.0
-6.267249 54.39682 0.0399 7.0 54.0
-6.7410946 55.329056 0.0399 7.0 54.0
-6.7410946 55.329056 0.0400 6.0 55.0
-7.21494 56.26129 0.0400 6.0 55.0
-7.21494 56.26129 0.0401 5.0 56.0
-7.6887856 57.193527 0.0401 5.0 56.0
-7.6887856 57.193527 0.0402 4.0 57.0
-7.899772 58.210503 0.121813156402 4.0 57.0
-7.899772 58.210503 0.121813156403 3.0 58.0
-8.110759 59.227478 0.24362631403 3.0 58.0
-8.110759 59.227478 0.24362631404 0.0 59.0
-8.110759 60.273228 0.24362631404 0.0 59.0
-8.110759 60.273228 0.24362631405 0.0 60.0
-8.110759 61.318977 0.24362631405 0.0 60.0
-8.110759 59.227478 0.24362631406 2.0 59.0
-8.354385 60.244453 0.24362631406 2.0 59.0
-8.354385 60.244453 0.24362631407 1.0 60.0
-8.598012 61.26143 0.24362631407 1.0 60.0
-8.598012 61.26143 0.24362631408 0.0 61.0
-8.598012 62.30718 0.24362631408 0.0 61.0
-8.598012 62.30718 0.24362631409 0.0 62.0
-8.598012 63.35293 0.24362631409 0.0 62.0
-8.598012 61.26143 0.24362631410 0.0 61.0
-9.071857 62.193665 0.24362631410 0.0 61.0
-9.071857 62.193665 0.24362631411 0.0 62.0
-9.545703 63.1259 0.24362631411 0.0 62.0
-7.6887856 57.193527 0.0412 4.0 57.0
-8.366775 57.989723 0.0412 4.0 57.0
-8.366775 57.989723 0.0413 3.0 58.0
-9.044764 58.78592 0.0413 3.0 58.0
-9.044764 58.78592 0.0414 0.0 59.0
-9.455126 59.718155 0.23692279414 0.0 59.0
-9.455126 59.718155 0.23692279415 0.0 60.0
-9.928971 60.65039 0.23692279415 0.0 60.0
-9.044764 58.78592 0.0416 2.0 59.0
-9.722753 59.582115 0.0416 2.0 59.0
-9.722753 59.582115 0.0417 1.0 60.0
-10.400742 60.37831 0.0417 1.0 60.0
-10.400742 60.37831 0.0418 0.0 61.0
-10.811104 61.310547 0.23692279418 0.0 61.0
-10.811104 61.310547 0.23692279419 0.0 62.0
-11.284949 62.242783 0.23692279419 0.0 62.0
-10.400742 60.37831 0.0420 0.0 61.0
-11.245563 60.994648 0.0420 0.0 61.0
-11.245563 60.994648 0.0421 0.0 62.0
-12.090384 61.610985 0.0421 0.0 62.0
