0.0 0.0 0.00 28.0 1.0
-0.84732544 1.4208324 0.00 28.0 1.0
-0.84732544 1.4208324 0.01 27.0 2.0
-1.6946509 2.8416648 0.01 27.0 2.0
-1.6946509 2.8416648 0.02 26.0 3.0
-2.5419765 4.262497 0.02 26.0 3.0
-2.5419765 4.262497 0.03 25.0 4.0
-3.3893018 5.6833296 0.03 25.0 4.0
-3.3893018 5.6833296 0.04 24.0 5.0
-4.236627 7.104162 0.04 24.0 5.0
-4.236627 7.104162 0.05 23.0 6.0
-5.0839524 8.524995 0.05 23.0 6.0
-5.0839524 8.524995 0.06 22.0 7.0
-5.9312778 9.9458275 0.06 22.0 7.0
-5.9312778 9.9458275 0.07 21.0 8.0
-6.778603 11.36666 0.07 21.0 8.0
-6.778603 11.36666 0.08 12.0 9.0
-8.161309 12.173474 0.417013948 12.0 9.0
-8.161309 12.173474 0.417013949 11.0 10.0
-9.544015 12.9802885 0.83402799 11.0 10.0
-9.544015 12.9802885 0.834027910 10.0 11.0
-10.926721 13.787103 1.251041910 10.0 11.0
-10.926721 13.787103 1.251041911 9.0 12.0
-12.309426 14.593917 1.668055811 9.0 12.0
-12.309426 14.593917 1.668055812 4.0 13.0
-13.761185 14.570528 2.46088412 4.0 13.0
-13.761185 14.570528 2.46088413 3.0 14.0
-15.212942 14.547139 3.253712413 3.0 14.0
-15.212942 14.547139 3.253712414 0.0 15.0
-16.480686 13.699814 3.895265614 0.0 15.0
-16.480686 13.699814 3.895265615 0.0 16.0
-17.901518 12.8524885 3.895265615 0.0 16.0
-15.212942 14.547139 3.253712416 0.0 15.0
-16.577213 15.353953 3.727569316 0.0 15.0
-16.577213 15.353953 3.727569317 0.0 16.0
-18.021435 16.160767 3.727569317 0.0 16.0
-15.212942 14.547139 3.253712418 2.0 15.0
-16.867083 14.52375 3.253712418 2.0 15.0
-16.867083 14.52375 3.253712419 1.0 16.0
-18.521223 14.500361 3.253712419 1.0 16.0
-18.521223 14.500361 3.253712420 0.0 17.0
-20.175364 14.476973 3.253712420 0.0 17.0
-20.175364 14.476973 3.253712421 0.0 18.0
-21.829504 14.453584 3.253712421 0.0 18.0
-12.309426 14.593917 1.668055822 4.0 13.0
-13.088161 16.01475 2.002020122 4.0 13.0
-13.088161 16.01475 2.002020123 3.0 14.0
-13.866897 17.435581 2.335984523 3.0 14.0
-13.866897 17.435581 2.335984524 0.0 15.0
-15.1570835 18.242395 2.98497824 0.0 15.0
-15.1570835 18.242395 2.98497825 0.0 16.0
-16.601305 19.04921 2.98497825 0.0 16.0
-13.866897 17.435581 2.335984526 0.0 15.0
-13.889037 19.089722 2.343524726 0.0 15.0
-13.889037 19.089722 2.343524727 0.0 16.0
-13.912426 20.743862 2.343524727 0.0 16.0
-13.866897 17.435581 2.335984528 2.0 15.0
-14.714222 18.856413 2.335984528 2.0 15.0
-14.714222 18.856413 2.335984529 1.0 16.0
-15.561547 20.277245 2.335984529 1.0 16.0
-15.561547 20.277245 2.335984530 0.0 17.0
-16.408873 21.698076 2.335984530 0.0 17.0
-16.408873 21.698076 2.335984531 0.0 18.0
-17.256199 23.118908 2.335984531 0.0 18.0
-12.309426 14.593917 1.668055832 8.0 13.0
-13.753648 15.400731 1.668055832 8.0 13.0
-13.753648 15.400731 1.668055833 7.0 14.0
-15.197869 16.207546 1.668055833 7.0 14.0
-15.197869 16.207546 1.668055834 6.0 15.0
-16.64209 17.01436 1.668055834 6.0 15.0
-16.64209 17.01436 1.668055835 5.0 16.0
-18.086311 17.821175 1.668055835 5.0 16.0
-18.086311 17.821175 1.668055836 4.0 17.0
-19.530533 18.627989 1.668055836 4.0 17.0
-19.530533 18.627989 1.668055837 3.0 18.0
-20.974754 19.434803 1.668055837 3.0 18.0
-20.974754 19.434803 1.668055838 0.0 19.0
-22.485346 19.411413 2.342067238 0.0 19.0
-22.485346 19.411413 2.342067239 0.0 20.0
-24.139486 19.388023 2.342067239 0.0 20.0
-20.974754 19.434803 1.668055840 0.0 19.0
-21.742405 20.855635 2.026764240 0.0 19.0
-21.742405 20.855635 2.026764241 0.0 20.0
-22.589731 22.276466 2.026764241 0.0 20.0
-20.974754 19.434803 1.668055842 2.0 19.0
-22.418976 20.241617 1.668055842 2.0 19.0
-22.418976 20.241617 1.668055843 1.0 20.0
-23.863197 21.048431 1.668055843 1.0 20.0
-23.863197 21.048431 1.668055844 0.0 21.0
-25.307419 21.855246 1.668055844 0.0 21.0
-25.307419 21.855246 1.668055845 0.0 22.0
-26.75164 22.66206 1.668055845 0.0 22.0
-6.778603 11.36666 0.046 12.0 9.0
-6.7999544 13.0208 0.00954857246 12.0 9.0
-6.7999544 13.0208 0.00954857247 11.0 10.0
-6.8213058 14.674939 0.01909714447 11.0 10.0
-6.8213058 14.674939 0.01909714448 10.0 11.0
-6.842657 16.329079 0.02864571748 10.0 11.0
-6.842657 16.329079 0.02864571749 9.0 12.0
-6.8640084 17.98322 0.03819428849 9.0 12.0
-6.8640084 17.98322 0.03819428850 4.0 13.0
-7.660923 19.40405 0.3260957350 4.0 13.0
-7.660923 19.40405 0.3260957351 3.0 14.0
-8.457838 20.824883 0.6139971651 3.0 14.0
-8.457838 20.824883 0.6139971652 0.0 15.0
-9.810363 21.631697 1.120407652 0.0 15.0
-9.810363 21.631697 1.120407653 0.0 16.0
-11.254584 22.43851 1.120407653 0.0 16.0
-8.457838 20.824883 0.6139971654 0.0 15.0
-8.479371 22.479023 0.623129354 0.0 15.0
-8.479371 22.479023 0.623129355 0.0 16.0
-8.50276 24.133163 0.623129355 0.0 16.0
-8.457838 20.824883 0.6139971656 2.0 15.0
-9.305163 22.245714 0.6139971656 2.0 15.0
-9.305163 22.245714 0.6139971657 1.0 16.0
-10.152489 23.666546 0.6139971657 1.0 16.0
-10.152489 23.666546 0.6139971658 0.0 17.0
-10.999814 25.087378 0.6139971658 0.0 17.0
-10.999814 25.087378 0.6139971659 0.0 18.0
-11.847139 26.50821 0.6139971659 0.0 18.0
-6.8640084 17.98322 0.03819428860 4.0 13.0
-6.112776 19.42744 -0.2560820360 4.0 13.0
-6.112776 19.42744 -0.2560820361 3.0 14.0
-5.361543 20.871662 -0.5503583661 3.0 14.0
-5.361543 20.871662 -0.5503583662 0.0 15.0
-5.3836436 22.525803 -0.542702362 0.0 15.0
-5.3836436 22.525803 -0.542702363 0.0 16.0
-5.407033 24.179943 -0.542702363 0.0 16.0
-5.361543 20.871662 -0.5503583664 0.0 15.0
-4.0203495 21.718987 -1.019361964 0.0 15.0
-4.0203495 21.718987 -1.019361965 0.0 16.0
-2.599517 22.56631 -1.019361965 0.0 16.0
-5.361543 20.871662 -0.5503583666 2.0 15.0
-4.554729 22.315884 -0.5503583666 2.0 15.0
-4.554729 22.315884 -0.5503583667 1.0 16.0
-3.7479148 23.760105 -0.5503583667 1.0 16.0
-3.7479148 23.760105 -0.5503583668 0.0 17.0
-2.9411006 25.204327 -0.5503583668 0.0 17.0
-2.9411006 25.204327 -0.5503583669 0.0 18.0
-2.1342864 26.648548 -0.5503583669 0.0 18.0
-6.8640084 17.98322 0.03819428870 8.0 13.0
-6.887398 19.63736 0.03819428870 8.0 13.0
-6.887398 19.63736 0.03819428871 7.0 14.0
-6.910787 21.2915 0.03819428871 7.0 14.0
-6.910787 21.2915 0.03819428872 6.0 15.0
-6.9341764 22.94564 0.03819428872 6.0 15.0
-6.9341764 22.94564 0.03819428873 5.0 16.0
-6.957566 24.599781 0.03819428873 5.0 16.0
-6.957566 24.599781 0.03819428874 4.0 17.0
-6.980955 26.253922 0.03819428874 4.0 17.0
-6.980955 26.253922 0.03819428875 3.0 18.0
-7.0043445 27.908062 0.03819428875 3.0 18.0
-7.0043445 27.908062 0.03819428876 0.0 19.0
-7.75362 29.328894 0.433854176 0.0 19.0
-7.75362 29.328894 0.433854177 0.0 20.0
-8.600945 30.749725 0.433854177 0.0 20.0
-7.0043445 27.908062 0.03819428878 0.0 19.0
-6.227459 29.352283 -0.1795176978 0.0 19.0
-6.227459 29.352283 -0.1795176979 0.0 20.0
-5.4206448 30.796505 -0.1795176979 0.0 20.0
-7.0043445 27.908062 0.03819428880 2.0 19.0
-7.027734 29.562202 0.03819428880 2.0 19.0
-7.027734 29.562202 0.03819428881 1.0 20.0
-7.051123 31.216343 0.03819428881 1.0 20.0
-7.051123 31.216343 0.03819428882 0.0 21.0
-7.0745125 32.870483 0.03819428882 0.0 21.0
-7.0745125 32.870483 0.03819428883 0.0 22.0
-7.097902 34.524624 0.03819428883 0.0 22.0
-6.778603 11.36666 0.084 20.0 9.0
-7.6259284 12.787493 0.084 20.0 9.0
-7.6259284 12.787493 0.085 19.0 10.0
-8.473254 14.208325 0.085 19.0 10.0
-8.473254 14.208325 0.086 18.0 11.0
-9.32058 15.629158 0.086 18.0 11.0
-9.32058 15.629158 0.087 17.0 12.0
-10.167905 17.04999 0.087 17.0 12.0
-10.167905 17.04999 0.088 16.0 13.0
-11.01523 18.470821 0.088 16.0 13.0
-11.01523 18.470821 0.089 15.0 14.0
-11.8625555 19.891653 0.089 15.0 14.0
-11.8625555 19.891653 0.090 14.0 15.0
-12.709881 21.312485 0.090 14.0 15.0
-12.709881 21.312485 0.091 13.0 16.0
-13.557206 22.733316 0.091 13.0 16.0
-13.557206 22.733316 0.092 12.0 17.0
-14.4045315 24.154148 0.092 12.0 17.0
-14.4045315 24.154148 0.093 11.0 18.0
-15.251857 25.57498 0.093 11.0 18.0
-15.251857 25.57498 0.094 10.0 19.0
-16.099182 26.995811 0.094 10.0 19.0
-16.099182 26.995811 0.095 9.0 20.0
-16.946508 28.416643 0.095 9.0 20.0
-16.946508 28.416643 0.096 4.0 21.0
-18.336884 29.223457 0.3906795796 4.0 21.0
-18.336884 29.223457 0.3906795797 3.0 22.0
-19.727259 30.030272 0.7813591497 3.0 22.0
-19.727259 30.030272 0.7813591498 0.0 23.0
-21.257898 30.006882 1.4085198 0.0 23.0
-21.257898 30.006882 1.4085199 0.0 24.0
-22.912039 29.983492 1.4085199 0.0 24.0
-19.727259 30.030272 0.78135914100 0.0 23.0
-20.47254 31.451103 1.184492100 0.0 23.0
-20.47254 31.451103 1.184492101 0.0 24.0
-21.319866 32.871937 1.184492101 0.0 24.0
-19.727259 30.030272 0.78135914102 2.0 23.0
-21.17148 30.837086 0.78135914102 2.0 23.0
-21.17148 30.837086 0.78135914103 1.0 24.0
-22.615702 31.6439 0.78135914103 1.0 24.0
-22.615702 31.6439 0.78135914104 0.0 25.0
-24.059923 32.450714 0.78135914104 0.0 25.0
-24.059923 32.450714 0.78135914105 0.0 26.0
-25.504145 33.25753 0.78135914105 0.0 26.0
-16.946508 28.416643 0.0106 4.0 21.0
-16.967165 30.070784 0.010970549106 4.0 21.0
-16.967165 30.070784 0.010970549107 3.0 22.0
-16.987822 31.724924 0.021941097107 3.0 22.0
-16.987822 31.724924 0.021941097108 0.0 23.0
-17.733221 33.145756 0.42485437108 0.0 23.0
-17.733221 33.145756 0.42485437109 0.0 24.0
-18.580547 34.56659 0.42485437109 0.0 24.0
-16.987822 31.724924 0.021941097110 0.0 23.0
-16.261946 33.169144 -0.33027068110 0.0 23.0
-16.261946 33.169144 -0.33027068111 0.0 24.0
-15.455132 34.613365 -0.33027068111 0.0 24.0
-16.987822 31.724924 0.021941097112 2.0 23.0
-17.011211 33.379063 0.021941097112 2.0 23.0
-17.011211 33.379063 0.021941097113 1.0 24.0
-17.034601 35.033203 0.021941097113 1.0 24.0
-17.034601 35.033203 0.021941097114 0.0 25.0
-17.057991 36.687344 0.021941097114 0.0 25.0
-17.057991 36.687344 0.021941097115 0.0 26.0
-17.08138 38.341484 0.021941097115 0.0 26.0
-16.946508 28.416643 0.0116 8.0 21.0
-17.793835 29.837475 0.0116 8.0 21.0
-17.793835 29.837475 0.0117 7.0 22.0
-18.641161 31.258307 0.0117 7.0 22.0
-18.641161 31.258307 0.0118 6.0 23.0
-19.488487 32.67914 0.0118 6.0 23.0
-19.488487 32.67914 0.0119 5.0 24.0
-20.335814 34.09997 0.0119 5.0 24.0
-20.335814 34.09997 0.0120 4.0 25.0
-21.18314 35.520805 0.0120 4.0 25.0
-21.18314 35.520805 0.0121 3.0 26.0
-22.030466 36.94164 0.0121 3.0 26.0
-22.030466 36.94164 0.0122 0.0 27.0
-23.334179 37.74845 0.62137455122 0.0 27.0
-23.334179 37.74845 0.62137455123 0.0 28.0
-24.7784 38.555267 0.62137455123 0.0 28.0
-22.030466 36.94164 0.0124 0.0 27.0
-22.052649 38.59578 0.0074145114124 0.0 27.0
-22.052649 38.59578 0.0074145114125 0.0 28.0
-22.076038 40.24992 0.0074145114125 0.0 28.0
-22.030466 36.94164 0.0126 2.0 27.0
-22.877792 38.362473 0.0126 2.0 27.0
-22.877792 38.362473 0.0127 1.0 28.0
-23.725119 39.783306 0.0127 1.0 28.0
-23.725119 39.783306 0.0128 0.0 29.0
-24.572445 41.20414 0.0128 0.0 29.0
-24.572445 41.20414 0.0129 0.0 30.0
-25.419771 42.624973 0.0129 0.0 30.0
