0.0 0.0 0.00 60.0 1.0
0.0 0.5526954 0.00 60.0 1.0
0.0 0.5526954 0.01 59.0 2.0
0.0 1.1053908 0.01 59.0 2.0
0.0 1.1053908 0.02 58.0 3.0
0.0 1.6580862 0.02 58.0 3.0
0.0 1.6580862 0.03 57.0 4.0
0.0 2.2107816 0.03 57.0 4.0
0.0 2.2107816 0.04 56.0 5.0
0.0 2.7634768 0.04 56.0 5.0
0.0 2.7634768 0.05 55.0 6.0
0.0 3.3161721 0.05 55.0 6.0
0.0 3.3161721 0.06 54.0 7.0
0.0 3.8688674 0.06 54.0 7.0
0.0 3.8688674 0.07 53.0 8.0
0.0 4.4215627 0.07 53.0 8.0
0.0 4.4215627 0.08 52.0 9.0
0.0 4.974258 0.08 52.0 9.0
0.0 4.974258 0.09 51.0 10.0
0.0 5.526953 0.09 51.0 10.0
0.0 5.526953 0.010 50.0 11.0
0.0 6.0796485 0.010 50.0 11.0
0.0 6.0796485 0.011 49.0 12.0
0.0 6.632344 0.011 49.0 12.0
0.0 6.632344 0.012 48.0 13.0
0.0 7.185039 0.012 48.0 13.0
0.0 7.185039 0.013 47.0 14.0
0.0 7.7377343 0.013 47.0 14.0
0.0 7.7377343 0.014 46.0 15.0
0.0 8.29043 0.014 46.0 15.0
0.0 8.29043 0.015 45.0 16.0
0.0 8.843125 0.015 45.0 16.0
0.0 8.843125 0.016 28.0 17.0
0.14864899 9.368492 -0.08582254516 28.0 17.0
0.14864899 9.368492 -0.08582254517 27.0 18.0
0.29729798 9.893859 -0.1716450917 27.0 18.0
0.29729798 9.893859 -0.1716450918 26.0 19.0
0.445947 10.419226 -0.2574676318 26.0 19.0
0.445947 10.419226 -0.2574676319 25.0 20.0
0.59459597 10.944592 -0.3432901819 25.0 20.0
0.59459597 10.944592 -0.3432901820 24.0 21.0
0.74324495 11.469959 -0.4291127320 24.0 21.0
0.74324495 11.469959 -0.4291127321 23.0 22.0
0.8918939 11.995326 -0.5149352621 23.0 22.0
0.8918939 11.995326 -0.5149352622 22.0 23.0
1.040543 12.520693 -0.600757822 22.0 23.0
1.040543 12.520693 -0.600757823 21.0 24.0
1.1891919 13.04606 -0.686580323 21.0 24.0
1.1891919 13.04606 -0.686580324 12.0 25.0
1.1891919 13.598755 -0.686580324 12.0 25.0
1.1891919 13.598755 -0.686580325 11.0 26.0
1.1891919 14.15145 -0.686580325 11.0 26.0
1.1891919 14.15145 -0.686580326 10.0 27.0
1.1891919 14.704145 -0.686580326 10.0 27.0
1.1891919 14.704145 -0.686580327 9.0 28.0
1.1891919 15.256841 -0.686580327 9.0 28.0
1.1891919 15.256841 -0.686580328 4.0 29.0
1.3378409 15.7822075 -0.772402828 4.0 29.0
1.3378409 15.7822075 -0.772402829 3.0 30.0
1.4864899 16.307573 -0.8582253529 3.0 30.0
1.4864899 16.307573 -0.8582253530 0.0 31.0
1.4864899 16.86027 -0.8582253530 0.0 31.0
1.4864899 16.86027 -0.8582253531 0.0 32.0
1.4864899 17.412966 -0.8582253531 0.0 32.0
1.4864899 16.307573 -0.8582253532 2.0 31.0
1.6581349 16.83294 -0.8582253532 2.0 31.0
1.6581349 16.83294 -0.8582253533 1.0 32.0
1.82978 17.358305 -0.8582253533 1.0 32.0
1.82978 17.358305 -0.8582253534 0.0 33.0
2.1123776 17.804388 -1.021383334 0.0 33.0
2.1123776 17.804388 -1.021383335 0.0 34.0
2.4386935 18.250471 -1.021383335 0.0 34.0
1.82978 17.358305 -0.8582253536 0.0 33.0
1.82978 17.911001 -0.8582253536 0.0 33.0
1.82978 17.911001 -0.8582253537 0.0 34.0
1.82978 18.463697 -0.8582253537 0.0 34.0
1.1891919 15.256841 -0.686580338 8.0 29.0
1.1891919 15.809536 -0.686580338 8.0 29.0
1.1891919 15.809536 -0.686580339 7.0 30.0
1.1891919 16.362232 -0.686580339 7.0 30.0
1.1891919 16.362232 -0.686580340 6.0 31.0
1.1891919 16.914928 -0.686580340 6.0 31.0
1.1891919 16.914928 -0.686580341 5.0 32.0
1.1891919 17.467625 -0.686580341 5.0 32.0
1.1891919 17.467625 -0.686580342 4.0 33.0
1.3378409 17.99299 -0.772402842 4.0 33.0
1.3378409 17.99299 -0.772402843 3.0 34.0
1.4864899 18.518356 -0.8582253543 3.0 34.0
1.4864899 18.518356 -0.8582253544 0.0 35.0
1.4864899 19.071053 -0.8582253544 0.0 35.0
1.4864899 19.071053 -0.8582253545 0.0 36.0
1.4864899 19.623749 -0.8582253545 0.0 36.0
1.4864899 18.518356 -0.8582253546 2.0 35.0
1.6581349 19.043722 -0.8582253546 2.0 35.0
1.6581349 19.043722 -0.8582253547 1.0 36.0
1.82978 19.569088 -0.8582253547 1.0 36.0
1.82978 19.569088 -0.8582253548 0.0 37.0
2.1123776 20.015171 -1.021383348 0.0 37.0
2.1123776 20.015171 -1.021383349 0.0 38.0
2.4386935 20.461254 -1.021383349 0.0 38.0
1.82978 19.569088 -0.8582253550 0.0 37.0
1.82978 20.121784 -0.8582253550 0.0 37.0
1.82978 20.121784 -0.8582253551 0.0 38.0
1.82978 20.67448 -0.8582253551 0.0 38.0
1.1891919 17.467625 -0.686580352 4.0 33.0
1.0175469 17.99299 -0.686580352 4.0 33.0
1.0175469 17.99299 -0.686580353 3.0 34.0
0.8459018 18.518356 -0.686580353 3.0 34.0
0.8459018 18.518356 -0.686580354 0.0 35.0
0.56330407 18.96444 -0.523422454 0.0 35.0
0.56330407 18.96444 -0.523422455 0.0 36.0
0.23698828 19.410522 -0.523422455 0.0 36.0
0.8459018 18.518356 -0.686580356 2.0 35.0
0.6742567 19.043722 -0.686580356 2.0 35.0
0.6742567 19.043722 -0.686580357 1.0 36.0
0.5026116 19.569088 -0.686580357 1.0 36.0
0.5026116 19.569088 -0.686580358 0.0 37.0
0.5026116 20.121784 -0.686580358 0.0 37.0
0.5026116 20.121784 -0.686580359 0.0 38.0
0.5026116 20.67448 -0.686580359 0.0 38.0
0.5026116 19.569088 -0.686580360 0.0 37.0
0.17629579 20.015171 -0.686580360 0.0 37.0
0.17629579 20.015171 -0.686580361 0.0 38.0
-0.15002 20.461254 -0.686580361 0.0 38.0
1.1891919 13.04606 -0.686580362 20.0 25.0
1.360837 13.571426 -0.686580362 20.0 25.0
1.360837 13.571426 -0.686580363 19.0 26.0
1.532482 14.096793 -0.686580363 19.0 26.0
1.532482 14.096793 -0.686580364 18.0 27.0
1.7041271 14.62216 -0.686580364 18.0 27.0
1.7041271 14.62216 -0.686580365 17.0 28.0
1.8757721 15.147527 -0.686580365 17.0 28.0
1.8757721 15.147527 -0.686580366 16.0 29.0
2.0474172 15.672894 -0.686580366 16.0 29.0
2.0474172 15.672894 -0.686580367 15.0 30.0
2.2190623 16.19826 -0.686580367 15.0 30.0
2.2190623 16.19826 -0.686580368 14.0 31.0
2.3907075 16.723625 -0.686580368 14.0 31.0
2.3907075 16.723625 -0.686580369 13.0 32.0
2.5623527 17.248991 -0.686580369 13.0 32.0
2.5623527 17.248991 -0.686580370 12.0 33.0
2.8449504 17.695074 -0.849738270 12.0 33.0
2.8449504 17.695074 -0.849738271 11.0 34.0
3.1275482 18.141157 -1.012896171 11.0 34.0
3.1275482 18.141157 -1.012896172 10.0 35.0
3.410146 18.58724 -1.17605472 10.0 35.0
3.410146 18.58724 -1.17605473 9.0 36.0
3.6927438 19.033323 -1.33921273 9.0 36.0
3.6927438 19.033323 -1.33921274 4.0 37.0
4.0813437 19.356009 -1.563570174 4.0 37.0
4.0813437 19.356009 -1.563570175 3.0 38.0
4.4699435 19.678694 -1.787928375 3.0 38.0
4.4699435 19.678694 -1.787928376 0.0 39.0
4.752541 20.124777 -1.951086376 0.0 39.0
4.752541 20.124777 -1.951086377 0.0 40.0
5.078857 20.57086 -1.951086377 0.0 40.0
4.4699435 19.678694 -1.787928378 2.0 39.0
4.9186597 20.001379 -1.787928378 2.0 39.0
4.9186597 20.001379 -1.787928379 1.0 40.0
5.367376 20.324064 -1.787928379 1.0 40.0
5.367376 20.324064 -1.787928380 0.0 41.0
5.823548 20.49144 -2.051299380 0.0 41.0
5.823548 20.49144 -2.051299381 0.0 42.0
6.35029 20.658815 -2.051299381 0.0 42.0
5.367376 20.324064 -1.787928382 0.0 41.0
5.6936917 20.770147 -1.787928382 0.0 41.0
5.6936917 20.770147 -1.787928383 0.0 42.0
6.0200076 21.21623 -1.787928383 0.0 42.0
3.6927438 19.033323 -1.33921284 8.0 37.0
4.0190597 19.479406 -1.33921284 8.0 37.0
4.0190597 19.479406 -1.33921285 7.0 38.0
4.3453755 19.92549 -1.33921285 7.0 38.0
4.3453755 19.92549 -1.33921286 6.0 39.0
4.6716914 20.371572 -1.33921286 6.0 39.0
4.6716914 20.371572 -1.33921287 5.0 40.0
4.9980073 20.817656 -1.33921287 5.0 40.0
4.9980073 20.817656 -1.33921288 4.0 41.0
5.386607 21.14034 -1.563570188 4.0 41.0
5.386607 21.14034 -1.563570189 3.0 42.0
5.775207 21.463026 -1.787928389 3.0 42.0
5.775207 21.463026 -1.787928390 0.0 43.0
6.0578046 21.90911 -1.951086390 0.0 43.0
6.0578046 21.90911 -1.951086391 0.0 44.0
6.3841205 22.355192 -1.951086391 0.0 44.0
5.775207 21.463026 -1.787928392 2.0 43.0
6.223923 21.785711 -1.787928392 2.0 43.0
6.223923 21.785711 -1.787928393 1.0 44.0
6.6726394 22.108397 -1.787928393 1.0 44.0
6.6726394 22.108397 -1.787928394 0.0 45.0
7.1288114 22.275772 -2.051299394 0.0 45.0
7.1288114 22.275772 -2.051299395 0.0 46.0
7.6555533 22.443148 -2.051299395 0.0 46.0
6.6726394 22.108397 -1.787928396 0.0 45.0
6.9989552 22.55448 -1.787928396 0.0 45.0
6.9989552 22.55448 -1.787928397 0.0 46.0
7.325271 23.000563 -1.787928397 0.0 46.0
4.9980073 20.817656 -1.33921298 4.0 41.0
5.1696525 21.343021 -1.33921298 4.0 41.0
5.1696525 21.343021 -1.33921299 3.0 42.0
5.3412976 21.868387 -1.33921299 3.0 42.0
5.3412976 21.868387 -1.339212100 0.0 43.0
5.3412976 22.421083 -1.339212100 0.0 43.0
5.3412976 22.421083 -1.339212101 0.0 44.0
5.3412976 22.97378 -1.339212101 0.0 44.0
5.3412976 21.868387 -1.339212102 2.0 43.0
5.512943 22.393753 -1.339212102 2.0 43.0
5.512943 22.393753 -1.339212103 1.0 44.0
5.684588 22.919119 -1.339212103 1.0 44.0
5.684588 22.919119 -1.339212104 0.0 45.0
5.9671855 23.365202 -1.5023699104 0.0 45.0
5.9671855 23.365202 -1.5023699105 0.0 46.0
6.2935014 23.811285 -1.5023699105 0.0 46.0
5.684588 22.919119 -1.339212106 0.0 45.0
5.684588 23.471815 -1.339212106 0.0 45.0
5.684588 23.471815 -1.339212107 0.0 46.0
5.684588 24.024511 -1.339212107 0.0 46.0
2.5623527 17.248991 -0.6865803108 12.0 33.0
2.5623527 17.801687 -0.6865803108 12.0 33.0
2.5623527 17.801687 -0.6865803109 11.0 34.0
2.5623527 18.354383 -0.6865803109 11.0 34.0
2.5623527 18.354383 -0.6865803110 10.0 35.0
2.5623527 18.90708 -0.6865803110 10.0 35.0
2.5623527 18.90708 -0.6865803111 9.0 36.0
2.5623527 19.459776 -0.6865803111 9.0 36.0
2.5623527 19.459776 -0.6865803112 4.0 37.0
2.7110016 19.985142 -0.7724028112 4.0 37.0
2.7110016 19.985142 -0.7724028113 3.0 38.0
2.8596506 20.510508 -0.85822535113 3.0 38.0
2.8596506 20.510508 -0.85822535114 0.0 39.0
2.8596506 21.063204 -0.85822535114 0.0 39.0
2.8596506 21.063204 -0.85822535115 0.0 40.0
2.8596506 21.6159 -0.85822535115 0.0 40.0
2.8596506 20.510508 -0.85822535116 2.0 39.0
3.0312958 21.035873 -0.85822535116 2.0 39.0
3.0312958 21.035873 -0.85822535117 1.0 40.0
3.202941 21.56124 -0.85822535117 1.0 40.0
3.202941 21.56124 -0.85822535118 0.0 41.0
3.4855387 22.007322 -1.0213833118 0.0 41.0
3.4855387 22.007322 -1.0213833119 0.0 42.0
3.8118546 22.453405 -1.0213833119 0.0 42.0
3.202941 21.56124 -0.85822535120 0.0 41.0
3.202941 22.113935 -0.85822535120 0.0 41.0
3.202941 22.113935 -0.85822535121 0.0 42.0
3.202941 22.666632 -0.85822535121 0.0 42.0
2.5623527 19.459776 -0.6865803122 8.0 37.0
2.5623527 20.012472 -0.6865803122 8.0 37.0
2.5623527 20.012472 -0.6865803123 7.0 38.0
2.5623527 20.565168 -0.6865803123 7.0 38.0
2.5623527 20.565168 -0.6865803124 6.0 39.0
2.5623527 21.117865 -0.6865803124 6.0 39.0
2.5623527 21.117865 -0.6865803125 5.0 40.0
2.5623527 21.67056 -0.6865803125 5.0 40.0
2.5623527 21.67056 -0.6865803126 4.0 41.0
2.7110016 22.195927 -0.7724028126 4.0 41.0
2.7110016 22.195927 -0.7724028127 3.0 42.0
2.8596506 22.721292 -0.85822535127 3.0 42.0
2.8596506 22.721292 -0.85822535128 0.0 43.0
2.8596506 23.273989 -0.85822535128 0.0 43.0
2.8596506 23.273989 -0.85822535129 0.0 44.0
2.8596506 23.826685 -0.85822535129 0.0 44.0
2.8596506 22.721292 -0.85822535130 2.0 43.0
3.0312958 23.246658 -0.85822535130 2.0 43.0
3.0312958 23.246658 -0.85822535131 1.0 44.0
3.202941 23.772024 -0.85822535131 1.0 44.0
3.202941 23.772024 -0.85822535132 0.0 45.0
3.4855387 24.218107 -1.0213833132 0.0 45.0
3.4855387 24.218107 -1.0213833133 0.0 46.0
3.8118546 24.66419 -1.0213833133 0.0 46.0
3.202941 23.772024 -0.85822535134 0.0 45.0
3.202941 24.32472 -0.85822535134 0.0 45.0
3.202941 24.32472 -0.85822535135 0.0 46.0
3.202941 24.877417 -0.85822535135 0.0 46.0
2.5623527 21.67056 -0.6865803136 4.0 41.0
2.3907075 22.195927 -0.6865803136 4.0 41.0
2.3907075 22.195927 -0.6865803137 3.0 42.0
2.2190623 22.721292 -0.6865803137 3.0 42.0
2.2190623 22.721292 -0.6865803138 0.0 43.0
1.9364645 23.167376 -0.5234224138 0.0 43.0
1.9364645 23.167376 -0.5234224139 0.0 44.0
1.6101488 23.613459 -0.5234224139 0.0 44.0
2.2190623 22.721292 -0.6865803140 2.0 43.0
2.0474172 23.246658 -0.6865803140 2.0 43.0
2.0474172 23.246658 -0.6865803141 1.0 44.0
1.8757721 23.772024 -0.6865803141 1.0 44.0
1.8757721 23.772024 -0.6865803142 0.0 45.0
1.8757721 24.32472 -0.6865803142 0.0 45.0
1.8757721 24.32472 -0.6865803143 0.0 46.0
1.8757721 24.877417 -0.6865803143 0.0 46.0
1.8757721 23.772024 -0.6865803144 0.0 45.0
1.5494564 24.218107 -0.6865803144 0.0 45.0
1.5494564 24.218107 -0.6865803145 0.0 46.0
1.2231406 24.66419 -0.6865803145 0.0 46.0
0.0 8.843125 0.0146 44.0 17.0
0.0 9.395821 0.0146 44.0 17.0
0.0 9.395821 0.0147 43.0 18.0
0.0 9.948516 0.0147 43.0 18.0
0.0 9.948516 0.0148 42.0 19.0
0.0 10.501211 0.0148 42.0 19.0
0.0 10.501211 0.0149 41.0 20.0
0.0 11.053906 0.0149 41.0 20.0
0.0 11.053906 0.0150 40.0 21.0
0.0 11.606602 0.0150 40.0 21.0
0.0 11.606602 0.0151 39.0 22.0
0.0 12.159297 0.0151 39.0 22.0
0.0 12.159297 0.0152 38.0 23.0
0.0 12.711992 0.0152 38.0 23.0
0.0 12.711992 0.0153 37.0 24.0
0.0 13.264688 0.0153 37.0 24.0
0.0 13.264688 0.0154 36.0 25.0
0.0 13.817383 0.0154 36.0 25.0
0.0 13.817383 0.0155 35.0 26.0
0.0 14.370078 0.0155 35.0 26.0
0.0 14.370078 0.0156 34.0 27.0
0.0 14.922773 0.0156 34.0 27.0
0.0 14.922773 0.0157 33.0 28.0
0.0 15.475469 0.0157 33.0 28.0
0.0 15.475469 0.0158 32.0 29.0
0.0 16.028164 0.0158 32.0 29.0
0.0 16.028164 0.0159 31.0 30.0
0.0 16.58086 0.0159 31.0 30.0
0.0 16.58086 0.0160 30.0 31.0
0.0 17.133556 0.0160 30.0 31.0
0.0 17.133556 0.0161 29.0 32.0
0.0 17.686253 0.0161 29.0 32.0
0.0 17.686253 0.0162 28.0 33.0
0.14864899 18.211618 -0.085822545162 28.0 33.0
0.14864899 18.211618 -0.085822545163 27.0 34.0
0.29729798 18.736984 -0.17164509163 27.0 34.0
0.29729798 18.736984 -0.17164509164 26.0 35.0
0.445947 19.26235 -0.25746763164 26.0 35.0
0.445947 19.26235 -0.25746763165 25.0 36.0
0.59459597 19.787716 -0.34329018165 25.0 36.0
0.59459597 19.787716 -0.34329018166 24.0 37.0
0.74324495 20.313082 -0.42911273166 24.0 37.0
0.74324495 20.313082 -0.42911273167 23.0 38.0
0.8918939 20.838448 -0.51493526167 23.0 38.0
0.8918939 20.838448 -0.51493526168 22.0 39.0
1.040543 21.363813 -0.6007578168 22.0 39.0
1.040543 21.363813 -0.6007578169 21.0 40.0
1.1891919 21.88918 -0.6865803169 21.0 40.0
1.1891919 21.88918 -0.6865803170 12.0 41.0
1.1891919 22.441875 -0.6865803170 12.0 41.0
1.1891919 22.441875 -0.6865803171 11.0 42.0
1.1891919 22.994572 -0.6865803171 11.0 42.0
1.1891919 22.994572 -0.6865803172 10.0 43.0
1.1891919 23.547268 -0.6865803172 10.0 43.0
1.1891919 23.547268 -0.6865803173 9.0 44.0
1.1891919 24.099964 -0.6865803173 9.0 44.0
1.1891919 24.099964 -0.6865803174 4.0 45.0
1.3378409 24.62533 -0.7724028174 4.0 45.0
1.3378409 24.62533 -0.7724028175 3.0 46.0
1.4864899 25.150696 -0.85822535175 3.0 46.0
1.4864899 25.150696 -0.85822535176 0.0 47.0
1.4864899 25.703392 -0.85822535176 0.0 47.0
1.4864899 25.703392 -0.85822535177 0.0 48.0
1.4864899 26.256088 -0.85822535177 0.0 48.0
1.4864899 25.150696 -0.85822535178 2.0 47.0
1.6581349 25.676062 -0.85822535178 2.0 47.0
1.6581349 25.676062 -0.85822535179 1.0 48.0
1.82978 26.201427 -0.85822535179 1.0 48.0
1.82978 26.201427 -0.85822535180 0.0 49.0
2.1123776 26.64751 -1.0213833180 0.0 49.0
2.1123776 26.64751 -1.0213833181 0.0 50.0
2.4386935 27.093594 -1.0213833181 0.0 50.0
1.82978 26.201427 -0.85822535182 0.0 49.0
1.82978 26.754124 -0.85822535182 0.0 49.0
1.82978 26.754124 -0.85822535183 0.0 50.0
1.82978 27.30682 -0.85822535183 0.0 50.0
1.1891919 24.099964 -0.6865803184 8.0 45.0
1.1891919 24.65266 -0.6865803184 8.0 45.0
1.1891919 24.65266 -0.6865803185 7.0 46.0
1.1891919 25.205357 -0.6865803185 7.0 46.0
1.1891919 25.205357 -0.6865803186 6.0 47.0
1.1891919 25.758053 -0.6865803186 6.0 47.0
1.1891919 25.758053 -0.6865803187 5.0 48.0
1.1891919 26.31075 -0.6865803187 5.0 48.0
1.1891919 26.31075 -0.6865803188 4.0 49.0
1.3378409 26.836115 -0.7724028188 4.0 49.0
1.3378409 26.836115 -0.7724028189 3.0 50.0
1.4864899 27.36148 -0.85822535189 3.0 50.0
1.4864899 27.36148 -0.85822535190 0.0 51.0
1.4864899 27.914177 -0.85822535190 0.0 51.0
1.4864899 27.914177 -0.85822535191 0.0 52.0
1.4864899 28.466873 -0.85822535191 0.0 52.0
1.4864899 27.36148 -0.85822535192 2.0 51.0
1.6581349 27.886847 -0.85822535192 2.0 51.0
1.6581349 27.886847 -0.85822535193 1.0 52.0
1.82978 28.412212 -0.85822535193 1.0 52.0
1.82978 28.412212 -0.85822535194 0.0 53.0
2.1123776 28.858295 -1.0213833194 0.0 53.0
2.1123776 28.858295 -1.0213833195 0.0 54.0
2.4386935 29.304379 -1.0213833195 0.0 54.0
1.82978 28.412212 -0.85822535196 0.0 53.0
1.82978 28.964909 -0.85822535196 0.0 53.0
1.82978 28.964909 -0.85822535197 0.0 54.0
1.82978 29.517605 -0.85822535197 0.0 54.0
1.1891919 26.31075 -0.6865803198 4.0 49.0
1.0175469 26.836115 -0.6865803198 4.0 49.0
1.0175469 26.836115 -0.6865803199 3.0 50.0
0.8459018 27.36148 -0.6865803199 3.0 50.0
0.8459018 27.36148 -0.6865803200 0.0 51.0
0.56330407 27.807564 -0.5234224200 0.0 51.0
0.56330407 27.807564 -0.5234224201 0.0 52.0
0.23698828 28.253647 -0.5234224201 0.0 52.0
0.8459018 27.36148 -0.6865803202 2.0 51.0
0.6742567 27.886847 -0.6865803202 2.0 51.0
0.6742567 27.886847 -0.6865803203 1.0 52.0
0.5026116 28.412212 -0.6865803203 1.0 52.0
0.5026116 28.412212 -0.6865803204 0.0 53.0
0.5026116 28.964909 -0.6865803204 0.0 53.0
0.5026116 28.964909 -0.6865803205 0.0 54.0
0.5026116 29.517605 -0.6865803205 0.0 54.0
0.5026116 28.412212 -0.6865803206 0.0 53.0
0.17629579 28.858295 -0.6865803206 0.0 53.0
0.17629579 28.858295 -0.6865803207 0.0 54.0
-0.15002 29.304379 -0.6865803207 0.0 54.0
1.1891919 21.88918 -0.6865803208 20.0 41.0
1.360837 22.414545 -0.6865803208 20.0 41.0
1.360837 22.414545 -0.6865803209 19.0 42.0
1.532482 22.93991 -0.6865803209 19.0 42.0
1.532482 22.93991 -0.6865803210 18.0 43.0
1.7041271 23.465277 -0.6865803210 18.0 43.0
1.7041271 23.465277 -0.6865803211 17.0 44.0
1.8757721 23.990643 -0.6865803211 17.0 44.0
1.8757721 23.990643 -0.6865803212 16.0 45.0
2.0474172 24.516008 -0.6865803212 16.0 45.0
2.0474172 24.516008 -0.6865803213 15.0 46.0
2.2190623 25.041374 -0.6865803213 15.0 46.0
2.2190623 25.041374 -0.6865803214 14.0 47.0
2.3907075 25.56674 -0.6865803214 14.0 47.0
2.3907075 25.56674 -0.6865803215 13.0 48.0
2.5623527 26.092106 -0.6865803215 13.0 48.0
2.5623527 26.092106 -0.6865803216 12.0 49.0
2.8449504 26.538189 -0.8497382216 12.0 49.0
2.8449504 26.538189 -0.8497382217 11.0 50.0
3.1275482 26.984272 -1.0128961217 11.0 50.0
3.1275482 26.984272 -1.0128961218 10.0 51.0
3.410146 27.430355 -1.176054218 10.0 51.0
3.410146 27.430355 -1.176054219 9.0 52.0
3.6927438 27.876438 -1.339212219 9.0 52.0
3.6927438 27.876438 -1.339212220 4.0 53.0
4.0813437 28.199123 -1.5635701220 4.0 53.0
4.0813437 28.199123 -1.5635701221 3.0 54.0
4.4699435 28.521809 -1.7879283221 3.0 54.0
4.4699435 28.521809 -1.7879283222 0.0 55.0
4.752541 28.967892 -1.9510863222 0.0 55.0
4.752541 28.967892 -1.9510863223 0.0 56.0
5.078857 29.413975 -1.9510863223 0.0 56.0
4.4699435 28.521809 -1.7879283224 2.0 55.0
4.9186597 28.844494 -1.7879283224 2.0 55.0
4.9186597 28.844494 -1.7879283225 1.0 56.0
5.367376 29.16718 -1.7879283225 1.0 56.0
5.367376 29.16718 -1.7879283226 0.0 57.0
5.823548 29.334555 -2.0512993226 0.0 57.0
5.823548 29.334555 -2.0512993227 0.0 58.0
6.35029 29.50193 -2.0512993227 0.0 58.0
5.367376 29.16718 -1.7879283228 0.0 57.0
5.6936917 29.613262 -1.7879283228 0.0 57.0
5.6936917 29.613262 -1.7879283229 0.0 58.0
6.0200076 30.059345 -1.7879283229 0.0 58.0
3.6927438 27.876438 -1.339212230 8.0 53.0
4.0190597 28.322521 -1.339212230 8.0 53.0
4.0190597 28.322521 -1.339212231 7.0 54.0
4.3453755 28.768604 -1.339212231 7.0 54.0
4.3453755 28.768604 -1.339212232 6.0 55.0
4.6716914 29.214687 -1.339212232 6.0 55.0
4.6716914 29.214687 -1.339212233 5.0 56.0
4.9980073 29.66077 -1.339212233 5.0 56.0
4.9980073 29.66077 -1.339212234 4.0 57.0
5.386607 29.983456 -1.5635701234 4.0 57.0
5.386607 29.983456 -1.5635701235 3.0 58.0
5.775207 30.30614 -1.7879283235 3.0 58.0
5.775207 30.30614 -1.7879283236 0.0 59.0
6.0578046 30.752224 -1.9510863236 0.0 59.0
6.0578046 30.752224 -1.9510863237 0.0 60.0
6.3841205 31.198307 -1.9510863237 0.0 60.0
5.775207 30.30614 -1.7879283238 2.0 59.0
6.223923 30.628826 -1.7879283238 2.0 59.0
6.223923 30.628826 -1.7879283239 1.0 60.0
6.6726394 30.951511 -1.7879283239 1.0 60.0
6.6726394 30.951511 -1.7879283240 0.0 61.0
7.1288114 31.118887 -2.0512993240 0.0 61.0
7.1288114 31.118887 -2.0512993241 0.0 62.0
7.6555533 31.286263 -2.0512993241 0.0 62.0
6.6726394 30.951511 -1.7879283242 0.0 61.0
6.9989552 31.397594 -1.7879283242 0.0 61.0
6.9989552 31.397594 -1.7879283243 0.0 62.0
7.325271 31.843678 -1.7879283243 0.0 62.0
4.9980073 29.66077 -1.339212244 4.0 57.0
5.1696525 30.186136 -1.339212244 4.0 57.0
5.1696525 30.186136 -1.339212245 3.0 58.0
5.3412976 30.711502 -1.339212245 3.0 58.0
5.3412976 30.711502 -1.339212246 0.0 59.0
5.3412976 31.264198 -1.339212246 0.0 59.0
5.3412976 31.264198 -1.339212247 0.0 60.0
5.3412976 31.816895 -1.339212247 0.0 60.0
5.3412976 30.711502 -1.339212248 2.0 59.0
5.512943 31.236868 -1.339212248 2.0 59.0
5.512943 31.236868 -1.339212249 1.0 60.0
5.684588 31.762234 -1.339212249 1.0 60.0
5.684588 31.762234 -1.339212250 0.0 61.0
5.9671855 32.208317 -1.5023699250 0.0 61.0
5.9671855 32.208317 -1.5023699251 0.0 62.0
6.2935014 32.6544 -1.5023699251 0.0 62.0
5.684588 31.762234 -1.339212252 0.0 61.0
5.684588 32.31493 -1.339212252 0.0 61.0
5.684588 32.31493 -1.339212253 0.0 62.0
5.684588 32.867626 -1.339212253 0.0 62.0
2.5623527 26.092106 -0.6865803254 12.0 49.0
2.5623527 26.644802 -0.6865803254 12.0 49.0
2.5623527 26.644802 -0.6865803255 11.0 50.0
2.5623527 27.197498 -0.6865803255 11.0 50.0
2.5623527 27.197498 -0.6865803256 10.0 51.0
2.5623527 27.750195 -0.6865803256 10.0 51.0
2.5623527 27.750195 -0.6865803257 9.0 52.0
2.5623527 28.30289 -0.6865803257 9.0 52.0
2.5623527 28.30289 -0.6865803258 4.0 53.0
2.7110016 28.828257 -0.7724028258 4.0 53.0
2.7110016 28.828257 -0.7724028259 3.0 54.0
2.8596506 29.353622 -0.85822535259 3.0 54.0
2.8596506 29.353622 -0.85822535260 0.0 55.0
2.8596506 29.906319 -0.85822535260 0.0 55.0
2.8596506 29.906319 -0.85822535261 0.0 56.0
2.8596506 30.459015 -0.85822535261 0.0 56.0
2.8596506 29.353622 -0.85822535262 2.0 55.0
3.0312958 29.878988 -0.85822535262 2.0 55.0
3.0312958 29.878988 -0.85822535263 1.0 56.0
3.202941 30.404354 -0.85822535263 1.0 56.0
3.202941 30.404354 -0.85822535264 0.0 57.0
3.4855387 30.850437 -1.0213833264 0.0 57.0
3.4855387 30.850437 -1.0213833265 0.0 58.0
3.8118546 31.29652 -1.0213833265 0.0 58.0
3.202941 30.404354 -0.85822535266 0.0 57.0
3.202941 30.95705 -0.85822535266 0.0 57.0
3.202941 30.95705 -0.85822535267 0.0 58.0
3.202941 31.509747 -0.85822535267 0.0 58.0
2.5623527 28.30289 -0.6865803268 8.0 53.0
2.5623527 28.855587 -0.6865803268 8.0 53.0
2.5623527 28.855587 -0.6865803269 7.0 54.0
2.5623527 29.408283 -0.6865803269 7.0 54.0
2.5623527 29.408283 -0.6865803270 6.0 55.0
2.5623527 29.96098 -0.6865803270 6.0 55.0
2.5623527 29.96098 -0.6865803271 5.0 56.0
2.5623527 30.513676 -0.6865803271 5.0 56.0
2.5623527 30.513676 -0.6865803272 4.0 57.0
2.7110016 31.039042 -0.7724028272 4.0 57.0
2.7110016 31.039042 -0.7724028273 3.0 58.0
2.8596506 31.564407 -0.85822535273 3.0 58.0
2.8596506 31.564407 -0.85822535274 0.0 59.0
2.8596506 32.117104 -0.85822535274 0.0 59.0
2.8596506 32.117104 -0.85822535275 0.0 60.0
2.8596506 32.6698 -0.85822535275 0.0 60.0
2.8596506 31.564407 -0.85822535276 2.0 59.0
3.0312958 32.089775 -0.85822535276 2.0 59.0
3.0312958 32.089775 -0.85822535277 1.0 60.0
3.202941 32.615143 -0.85822535277 1.0 60.0
3.202941 32.615143 -0.85822535278 0.0 61.0
3.4855387 33.061226 -1.0213833278 0.0 61.0
3.4855387 33.061226 -1.0213833279 0.0 62.0
3.8118546 33.50731 -1.0213833279 0.0 62.0
3.202941 32.615143 -0.85822535280 0.0 61.0
3.202941 33.16784 -0.85822535280 0.0 61.0
3.202941 33.16784 -0.85822535281 0.0 62.0
3.202941 33.720535 -0.85822535281 0.0 62.0
2.5623527 30.513676 -0.6865803282 4.0 57.0
2.3907075 31.039042 -0.6865803282 4.0 57.0
2.3907075 31.039042 -0.6865803283 3.0 58.0
2.2190623 31.564407 -0.6865803283 3.0 58.0
2.2190623 31.564407 -0.6865803284 0.0 59.0
1.9364645 32.01049 -0.5234224284 0.0 59.0
1.9364645 32.01049 -0.5234224285 0.0 60.0
1.6101488 32.456573 -0.5234224285 0.0 60.0
2.2190623 31.564407 -0.6865803286 2.0 59.0
2.0474172 32.089775 -0.6865803286 2.0 59.0
2.0474172 32.089775 -0.6865803287 1.0 60.0
1.8757721 32.615143 -0.6865803287 1.0 60.0
1.8757721 32.615143 -0.6865803288 0.0 61.0
1.8757721 33.16784 -0.6865803288 0.0 61.0
1.8757721 33.16784 -0.6865803289 0.0 62.0
1.8757721 33.720535 -0.6865803289 0.0 62.0
1.8757721 32.615143 -0.6865803290 0.0 61.0
1.5494564 33.061226 -0.6865803290 0.0 61.0
1.5494564 33.061226 -0.6865803291 0.0 62.0
1.2231406 33.50731 -0.6865803291 0.0 62.0
0.0 17.686253 0.0292 28.0 33.0
-0.17164509 18.211618 0.0292 28.0 33.0
-0.17164509 18.211618 0.0293 27.0 34.0
-0.34329018 18.736984 0.0293 27.0 34.0
-0.34329018 18.736984 0.0294 26.0 35.0
-0.51493526 19.26235 0.0294 26.0 35.0
-0.51493526 19.26235 0.0295 25.0 36.0
-0.68658036 19.787716 0.0295 25.0 36.0
-0.68658036 19.787716 0.0296 24.0 37.0
-0.85822546 20.313082 0.0296 24.0 37.0
-0.85822546 20.313082 0.0297 23.0 38.0
-1.0298705 20.838448 0.0297 23.0 38.0
-1.0298705 20.838448 0.0298 22.0 39.0
-1.2015156 21.363813 0.0298 22.0 39.0
-1.2015156 21.363813 0.0299 21.0 40.0
-1.3731606 21.88918 0.0299 21.0 40.0
-1.3731606 21.88918 0.0300 12.0 41.0
-1.6557584 22.335262 0.1631579300 12.0 41.0
-1.6557584 22.335262 0.1631579301 11.0 42.0
-1.9383562 22.781345 0.3263158301 11.0 42.0
-1.9383562 22.781345 0.3263158302 10.0 43.0
-2.220954 23.227428 0.4894737302 10.0 43.0
-2.220954 23.227428 0.4894737303 9.0 44.0
-2.5035517 23.673512 0.6526316303 9.0 44.0
-2.5035517 23.673512 0.6526316304 4.0 45.0
-2.6522007 24.198877 0.7384541304 4.0 45.0
-2.6522007 24.198877 0.7384541305 3.0 46.0
-2.8008497 24.724243 0.8242766305 3.0 46.0
-2.8008497 24.724243 0.8242766306 0.0 47.0
-3.0834475 25.170326 0.9874345306 0.0 47.0
-3.0834475 25.170326 0.9874345307 0.0 48.0
-3.4097633 25.61641 0.9874345307 0.0 48.0
-2.8008497 24.724243 0.8242766308 2.0 47.0
-2.9724948 25.249609 0.8242766308 2.0 47.0
-2.9724948 25.249609 0.8242766309 1.0 48.0
-3.14414 25.774975 0.8242766309 1.0 48.0
-3.14414 25.774975 0.8242766310 0.0 49.0
-3.14414 26.327671 0.8242766310 0.0 49.0
-3.14414 26.327671 0.8242766311 0.0 50.0
-3.14414 26.880367 0.8242766311 0.0 50.0
-3.14414 25.774975 0.8242766312 0.0 49.0
-3.470456 26.221058 0.8242766312 0.0 49.0
-3.470456 26.221058 0.8242766313 0.0 50.0
-3.7967718 26.667141 0.8242766313 0.0 50.0
-2.5035517 23.673512 0.6526316314 8.0 45.0
-2.8298676 24.119595 0.6526316314 8.0 45.0
-2.8298676 24.119595 0.6526316315 7.0 46.0
-3.1561835 24.565678 0.6526316315 7.0 46.0
-3.1561835 24.565678 0.6526316316 6.0 47.0
-3.4824994 25.01176 0.6526316316 6.0 47.0
-3.4824994 25.01176 0.6526316317 5.0 48.0
-3.8088152 25.457844 0.6526316317 5.0 48.0
-3.8088152 25.457844 0.6526316318 4.0 49.0
-3.9574642 25.98321 0.7384541318 4.0 49.0
-3.9574642 25.98321 0.7384541319 3.0 50.0
-4.1061134 26.508575 0.8242766319 3.0 50.0
-4.1061134 26.508575 0.8242766320 0.0 51.0
-4.388711 26.954659 0.9874345320 0.0 51.0
-4.388711 26.954659 0.9874345321 0.0 52.0
-4.715027 27.400742 0.9874345321 0.0 52.0
-4.1061134 26.508575 0.8242766322 2.0 51.0
-4.2777586 27.033941 0.8242766322 2.0 51.0
-4.2777586 27.033941 0.8242766323 1.0 52.0
-4.449404 27.559307 0.8242766323 1.0 52.0
-4.449404 27.559307 0.8242766324 0.0 53.0
-4.449404 28.112003 0.8242766324 0.0 53.0
-4.449404 28.112003 0.8242766325 0.0 54.0
-4.449404 28.6647 0.8242766325 0.0 54.0
-4.449404 27.559307 0.8242766326 0.0 53.0
-4.7757196 28.00539 0.8242766326 0.0 53.0
-4.7757196 28.00539 0.8242766327 0.0 54.0
-5.1020355 28.451473 0.8242766327 0.0 54.0
-3.8088152 25.457844 0.6526316328 4.0 49.0
-4.2575316 25.780529 0.6526316328 4.0 49.0
-4.2575316 25.780529 0.6526316329 3.0 50.0
-4.706248 26.103214 0.6526316329 3.0 50.0
-4.706248 26.103214 0.6526316330 0.0 51.0
-5.16242 26.27059 0.91600263330 0.0 51.0
-5.16242 26.27059 0.91600263331 0.0 52.0
-5.689162 26.437965 0.91600263331 0.0 52.0
-4.706248 26.103214 0.6526316332 2.0 51.0
-5.154964 26.4259 0.6526316332 2.0 51.0
-5.154964 26.4259 0.6526316333 1.0 52.0
-5.60368 26.748585 0.6526316333 1.0 52.0
-5.60368 26.748585 0.6526316334 0.0 53.0
-5.8862777 27.194668 0.81578946334 0.0 53.0
-5.8862777 27.194668 0.81578946335 0.0 54.0
-6.2125936 27.64075 0.81578946335 0.0 54.0
-5.60368 26.748585 0.6526316336 0.0 53.0
-6.130422 26.91596 0.6526316336 0.0 53.0
-6.130422 26.91596 0.6526316337 0.0 54.0
-6.657164 27.083336 0.6526316337 0.0 54.0
-1.3731606 21.88918 0.0338 20.0 41.0
-1.5448056 22.414545 0.0338 20.0 41.0
-1.5448056 22.414545 0.0339 19.0 42.0
-1.7164507 22.93991 0.0339 19.0 42.0
-1.7164507 22.93991 0.0340 18.0 43.0
-1.8880957 23.465277 0.0340 18.0 43.0
-1.8880957 23.465277 0.0341 17.0 44.0
-2.0597408 23.990643 0.0341 17.0 44.0
-2.0597408 23.990643 0.0342 16.0 45.0
-2.231386 24.516008 0.0342 16.0 45.0
-2.231386 24.516008 0.0343 15.0 46.0
-2.403031 25.041374 0.0343 15.0 46.0
-2.403031 25.041374 0.0344 14.0 47.0
-2.5746763 25.56674 0.0344 14.0 47.0
-2.5746763 25.56674 0.0345 13.0 48.0
-2.7463214 26.092106 0.0345 13.0 48.0
-2.7463214 26.092106 0.0346 12.0 49.0
-2.7463214 26.644802 0.0346 12.0 49.0
-2.7463214 26.644802 0.0347 11.0 50.0
-2.7463214 27.197498 0.0347 11.0 50.0
-2.7463214 27.197498 0.0348 10.0 51.0
-2.7463214 27.750195 0.0348 10.0 51.0
-2.7463214 27.750195 0.0349 9.0 52.0
-2.7463214 28.30289 0.0349 9.0 52.0
-2.7463214 28.30289 0.0350 4.0 53.0
-2.5976725 28.828257 -0.085822545350 4.0 53.0
-2.5976725 28.828257 -0.085822545351 3.0 54.0
-2.4490235 29.353622 -0.17164509351 3.0 54.0
-2.4490235 29.353622 -0.17164509352 0.0 55.0
-2.4490235 29.906319 -0.17164509352 0.0 55.0
-2.4490235 29.906319 -0.17164509353 0.0 56.0
-2.4490235 30.459015 -0.17164509353 0.0 56.0
-2.4490235 29.353622 -0.17164509354 2.0 55.0
-2.2773783 29.878988 -0.17164509354 2.0 55.0
-2.2773783 29.878988 -0.17164509355 1.0 56.0
-2.1057332 30.404354 -0.17164509355 1.0 56.0
-2.1057332 30.404354 -0.17164509356 0.0 57.0
-1.8231354 30.850437 -0.334803356 0.0 57.0
-1.8231354 30.850437 -0.334803357 0.0 58.0
-1.4968196 31.29652 -0.334803357 0.0 58.0
-2.1057332 30.404354 -0.17164509358 0.0 57.0
-2.1057332 30.95705 -0.17164509358 0.0 57.0
-2.1057332 30.95705 -0.17164509359 0.0 58.0
-2.1057332 31.509747 -0.17164509359 0.0 58.0
-2.7463214 28.30289 0.0360 8.0 53.0
-2.7463214 28.855587 0.0360 8.0 53.0
-2.7463214 28.855587 0.0361 7.0 54.0
-2.7463214 29.408283 0.0361 7.0 54.0
-2.7463214 29.408283 0.0362 6.0 55.0
-2.7463214 29.96098 0.0362 6.0 55.0
-2.7463214 29.96098 0.0363 5.0 56.0
-2.7463214 30.513676 0.0363 5.0 56.0
-2.7463214 30.513676 0.0364 4.0 57.0
-2.5976725 31.039042 -0.085822545364 4.0 57.0
-2.5976725 31.039042 -0.085822545365 3.0 58.0
-2.4490235 31.564407 -0.17164509365 3.0 58.0
-2.4490235 31.564407 -0.17164509366 0.0 59.0
-2.4490235 32.117104 -0.17164509366 0.0 59.0
-2.4490235 32.117104 -0.17164509367 0.0 60.0
-2.4490235 32.6698 -0.17164509367 0.0 60.0
-2.4490235 31.564407 -0.17164509368 2.0 59.0
-2.2773783 32.089775 -0.17164509368 2.0 59.0
-2.2773783 32.089775 -0.17164509369 1.0 60.0
-2.1057332 32.615143 -0.17164509369 1.0 60.0
-2.1057332 32.615143 -0.17164509370 0.0 61.0
-1.8231354 33.061226 -0.334803370 0.0 61.0
-1.8231354 33.061226 -0.334803371 0.0 62.0
-1.4968196 33.50731 -0.334803371 0.0 62.0
-2.1057332 32.615143 -0.17164509372 0.0 61.0
-2.1057332 33.16784 -0.17164509372 0.0 61.0
-2.1057332 33.16784 -0.17164509373 0.0 62.0
-2.1057332 33.720535 -0.17164509373 0.0 62.0
-2.7463214 30.513676 0.0374 4.0 57.0
-2.9179666 31.039042 0.0374 4.0 57.0
-2.9179666 31.039042 0.0375 3.0 58.0
-3.0896118 31.564407 0.0375 3.0 58.0
-3.0896118 31.564407 0.0376 0.0 59.0
-3.3722095 32.01049 0.1631579376 0.0 59.0
-3.3722095 32.01049 0.1631579377 0.0 60.0
-3.6985254 32.456573 0.1631579377 0.0 60.0
-3.0896118 31.564407 0.0378 2.0 59.0
-3.261257 32.089775 0.0378 2.0 59.0
-3.261257 32.089775 0.0379 1.0 60.0
-3.432902 32.615143 0.0379 1.0 60.0
-3.432902 32.615143 0.0380 0.0 61.0
-3.432902 33.16784 0.0380 0.0 61.0
-3.432902 33.16784 0.0381 0.0 62.0
-3.432902 33.720535 0.0381 0.0 62.0
-3.432902 32.615143 0.0382 0.0 61.0
-3.759218 33.061226 0.0382 0.0 61.0
-3.759218 33.061226 0.0383 0.0 62.0
-4.0855336 33.50731 0.0383 0.0 62.0
-2.7463214 26.092106 0.0384 12.0 49.0
-3.0726373 26.538189 0.0384 12.0 49.0
-3.0726373 26.538189 0.0385 11.0 50.0
-3.3989532 26.984272 0.0385 11.0 50.0
-3.3989532 26.984272 0.0386 10.0 51.0
-3.725269 27.430355 0.0386 10.0 51.0
-3.725269 27.430355 0.0387 9.0 52.0
-4.0515847 27.876438 0.0387 9.0 52.0
-4.0515847 27.876438 0.0388 4.0 53.0
-4.200234 28.401804 0.085822545388 4.0 53.0
-4.200234 28.401804 0.085822545389 3.0 54.0
-4.348883 28.92717 0.17164509389 3.0 54.0
-4.348883 28.92717 0.17164509390 0.0 55.0
-4.6314807 29.373253 0.334803390 0.0 55.0
-4.6314807 29.373253 0.334803391 0.0 56.0
-4.9577966 29.819336 0.334803391 0.0 56.0
-4.348883 28.92717 0.17164509392 2.0 55.0
-4.5205283 29.452536 0.17164509392 2.0 55.0
-4.5205283 29.452536 0.17164509393 1.0 56.0
-4.6921735 29.977901 0.17164509393 1.0 56.0
-4.6921735 29.977901 0.17164509394 0.0 57.0
-4.6921735 30.530598 0.17164509394 0.0 57.0
-4.6921735 30.530598 0.17164509395 0.0 58.0
-4.6921735 31.083294 0.17164509395 0.0 58.0
-4.6921735 29.977901 0.17164509396 0.0 57.0
-5.0184894 30.423985 0.17164509396 0.0 57.0
-5.0184894 30.423985 0.17164509397 0.0 58.0
-5.3448052 30.870068 0.17164509397 0.0 58.0
-4.0515847 27.876438 0.0398 8.0 53.0
-4.3779006 28.322521 0.0398 8.0 53.0
-4.3779006 28.322521 0.0399 7.0 54.0
-4.7042165 28.768604 0.0399 7.0 54.0
-4.7042165 28.768604 0.0400 6.0 55.0
-5.0305324 29.214687 0.0400 6.0 55.0
-5.0305324 29.214687 0.0401 5.0 56.0
-5.3568482 29.66077 0.0401 5.0 56.0
-5.3568482 29.66077 0.0402 4.0 57.0
-5.5054975 30.186136 0.085822545402 4.0 57.0
-5.5054975 30.186136 0.085822545403 3.0 58.0
-5.6541467 30.711502 0.17164509403 3.0 58.0
-5.6541467 30.711502 0.17164509404 0.0 59.0
-5.936744 31.157585 0.334803404 0.0 59.0
-5.936744 31.157585 0.334803405 0.0 60.0
-6.26306 31.603668 0.334803405 0.0 60.0
-5.6541467 30.711502 0.17164509406 2.0 59.0
-5.825792 31.236868 0.17164509406 2.0 59.0
-5.825792 31.236868 0.17164509407 1.0 60.0
-5.997437 31.762234 0.17164509407 1.0 60.0
-5.997437 31.762234 0.17164509408 0.0 61.0
-5.997437 32.31493 0.17164509408 0.0 61.0
-5.997437 32.31493 0.17164509409 0.0 62.0
-5.997437 32.867626 0.17164509409 0.0 62.0
-5.997437 31.762234 0.17164509410 0.0 61.0
-6.323753 32.208317 0.17164509410 0.0 61.0
-6.323753 32.208317 0.17164509411 0.0 62.0
-6.6500688 32.6544 0.17164509411 0.0 62.0
-5.3568482 29.66077 0.0412 4.0 57.0
-5.8055644 29.983456 0.0412 4.0 57.0
-5.8055644 29.983456 0.0413 3.0 58.0
-6.2542806 30.30614 0.0413 3.0 58.0
-6.2542806 30.30614 0.0414 0.0 59.0
-6.7104526 30.473516 0.26337108414 0.0 59.0
-6.7104526 30.473516 0.26337108415 0.0 60.0
-7.2371945 30.640892 0.26337108415 0.0 60.0
-6.2542806 30.30614 0.0416 2.0 59.0
-6.7029967 30.628826 0.0416 2.0 59.0
-6.7029967 30.628826 0.0417 1.0 60.0
-7.151713 30.951511 0.0417 1.0 60.0
-7.151713 30.951511 0.0418 0.0 61.0
-7.4343104 31.397594 0.1631579418 0.0 61.0
-7.4343104 31.397594 0.1631579419 0.0 62.0
-7.7606263 31.843678 0.1631579419 0.0 62.0
-7.151713 30.951511 0.0420 0.0 61.0
-7.678455 31.118887 0.0420 0.0 61.0
-7.678455 31.118887 0.0421 0.0 62.0
-8.205197 31.286263 0.0421 0.0 62.0
