0.0 0.0 0.00 28.0 1.0
0.0 2.448946 0.00 28.0 1.0
0.0 2.448946 0.01 27.0 2.0
0.0 4.897892 0.01 27.0 2.0
0.0 4.897892 0.02 26.0 3.0
0.0 7.346838 0.02 26.0 3.0
0.0 7.346838 0.03 25.0 4.0
0.0 9.795784 0.03 25.0 4.0
0.0 9.795784 0.04 24.0 5.0
0.0 12.24473 0.04 24.0 5.0
0.0 12.24473 0.05 23.0 6.0
0.0 14.693676 0.05 23.0 6.0
0.0 14.693676 0.06 22.0 7.0
0.0 17.142622 0.06 22.0 7.0
0.0 17.142622 0.07 21.0 8.0
0.0 19.591568 0.07 21.0 8.0
0.0 19.591568 0.08 12.0 9.0
-0.7658783 21.87526 0.442180078 12.0 9.0
-0.7658783 21.87526 0.442180079 11.0 10.0
-1.5317566 24.15895 0.884360139 11.0 10.0
-1.5317566 24.15895 0.8843601310 10.0 11.0
-2.297635 26.442642 1.326540210 10.0 11.0
-2.297635 26.442642 1.326540211 9.0 12.0
-3.0635133 28.726334 1.768720311 9.0 12.0
-3.0635133 28.726334 1.768720312 4.0 13.0
-4.4919066 30.536562 2.593403612 4.0 13.0
-4.4919066 30.536562 2.593403613 3.0 14.0
-5.9203 32.34679 3.41808713 3.0 14.0
-5.9203 32.34679 3.41808714 0.0 15.0
-7.8184323 33.439247 4.51397414 0.0 15.0
-7.8184323 33.439247 4.51397415 0.0 16.0
-10.010206 34.531704 4.51397415 0.0 16.0
-5.9203 32.34679 3.41808716 0.0 15.0
-6.686178 34.63048 3.860267216 0.0 15.0
-6.686178 34.63048 3.860267217 0.0 16.0
-7.5705385 36.914173 3.860267217 0.0 16.0
-5.9203 32.34679 3.41808718 2.0 15.0
-7.569667 34.157017 3.41808718 2.0 15.0
-7.569667 34.157017 3.41808719 1.0 16.0
-9.219033 35.967243 3.41808719 1.0 16.0
-9.219033 35.967243 3.41808720 0.0 17.0
-10.8684 37.77747 3.41808720 0.0 17.0
-10.8684 37.77747 3.41808721 0.0 18.0
-12.517766 39.587696 3.41808721 0.0 18.0
-3.0635133 28.726334 1.768720322 4.0 13.0
-3.0635133 31.17528 1.768720322 4.0 13.0
-3.0635133 31.17528 1.768720323 3.0 14.0
-3.0635133 33.624226 1.768720323 3.0 14.0
-3.0635133 33.624226 1.768720324 0.0 15.0
-3.8293915 35.907917 2.210900324 0.0 15.0
-3.8293915 35.907917 2.210900325 0.0 16.0
-4.713752 38.19161 2.210900325 0.0 16.0
-3.0635133 33.624226 1.768720326 0.0 15.0
-2.297635 35.907917 1.326540226 0.0 15.0
-2.297635 35.907917 1.326540227 0.0 16.0
-1.413275 38.19161 1.326540227 0.0 16.0
-3.0635133 33.624226 1.768720328 2.0 15.0
-3.0635133 36.073174 1.768720328 2.0 15.0
-3.0635133 36.073174 1.768720329 1.0 16.0
-3.0635133 38.522118 1.768720329 1.0 16.0
-3.0635133 38.522118 1.768720330 0.0 17.0
-3.0635133 40.97106 1.768720330 0.0 17.0
-3.0635133 40.97106 1.768720331 0.0 18.0
-3.0635133 43.420006 1.768720331 0.0 18.0
-3.0635133 28.726334 1.768720332 8.0 13.0
-3.9478734 31.010025 1.768720332 8.0 13.0
-3.9478734 31.010025 1.768720333 7.0 14.0
-4.8322334 33.293716 1.768720333 7.0 14.0
-4.8322334 33.293716 1.768720334 6.0 15.0
-5.7165937 35.577408 1.768720334 6.0 15.0
-5.7165937 35.577408 1.768720335 5.0 16.0
-6.600954 37.8611 1.768720335 5.0 16.0
-6.600954 37.8611 1.768720336 4.0 17.0
-7.4853144 40.14479 1.768720336 4.0 17.0
-7.4853144 40.14479 1.768720337 3.0 18.0
-8.369675 42.428482 1.768720337 3.0 18.0
-8.369675 42.428482 1.768720338 0.0 19.0
-9.798068 44.23871 2.593403638 0.0 19.0
-9.798068 44.23871 2.593403639 0.0 20.0
-11.447434 46.048935 2.593403639 0.0 20.0
-8.369675 42.428482 1.768720340 0.0 19.0
-8.369675 44.877426 1.768720340 0.0 19.0
-8.369675 44.877426 1.768720341 0.0 20.0
-8.369675 47.32637 1.768720341 0.0 20.0
-8.369675 42.428482 1.768720342 2.0 19.0
-9.254035 44.712173 1.768720342 2.0 19.0
-9.254035 44.712173 1.768720343 1.0 20.0
-10.138395 46.995865 1.768720343 1.0 20.0
-10.138395 46.995865 1.768720344 0.0 21.0
-11.022756 49.279556 1.768720344 0.0 21.0
-11.022756 49.279556 1.768720345 0.0 22.0
-11.907116 51.563248 1.768720345 0.0 22.0
0.0 19.591568 0.046 12.0 9.0
0.7658783 21.87526 -0.4421800746 12.0 9.0
0.7658783 21.87526 -0.4421800747 11.0 10.0
1.5317566 24.15895 -0.8843601347 11.0 10.0
1.5317566 24.15895 -0.8843601348 10.0 11.0
2.297635 26.442642 -1.326540248 10.0 11.0
2.297635 26.442642 -1.326540249 9.0 12.0
3.0635133 28.726334 -1.768720349 9.0 12.0
3.0635133 28.726334 -1.768720350 4.0 13.0
3.0635133 31.17528 -1.768720350 4.0 13.0
3.0635133 31.17528 -1.768720351 3.0 14.0
3.0635133 33.624226 -1.768720351 3.0 14.0
3.0635133 33.624226 -1.768720352 0.0 15.0
2.297635 35.907917 -1.326540252 0.0 15.0
2.297635 35.907917 -1.326540253 0.0 16.0
1.413275 38.19161 -1.326540253 0.0 16.0
3.0635133 33.624226 -1.768720354 0.0 15.0
3.8293915 35.907917 -2.210900354 0.0 15.0
3.8293915 35.907917 -2.210900355 0.0 16.0
4.713752 38.19161 -2.210900355 0.0 16.0
3.0635133 33.624226 -1.768720356 2.0 15.0
3.0635133 36.073174 -1.768720356 2.0 15.0
3.0635133 36.073174 -1.768720357 1.0 16.0
3.0635133 38.522118 -1.768720357 1.0 16.0
3.0635133 38.522118 -1.768720358 0.0 17.0
3.0635133 40.97106 -1.768720358 0.0 17.0
3.0635133 40.97106 -1.768720359 0.0 18.0
3.0635133 43.420006 -1.768720359 0.0 18.0
3.0635133 28.726334 -1.768720360 4.0 13.0
4.4919066 30.536562 -2.593403660 4.0 13.0
4.4919066 30.536562 -2.593403661 3.0 14.0
5.9203 32.34679 -3.41808761 3.0 14.0
5.9203 32.34679 -3.41808762 0.0 15.0
6.686178 34.63048 -3.860267262 0.0 15.0
6.686178 34.63048 -3.860267263 0.0 16.0
7.5705385 36.914173 -3.860267263 0.0 16.0
5.9203 32.34679 -3.41808764 0.0 15.0
7.8184323 33.439247 -4.51397464 0.0 15.0
7.8184323 33.439247 -4.51397465 0.0 16.0
10.010206 34.531704 -4.51397465 0.0 16.0
5.9203 32.34679 -3.41808766 2.0 15.0
7.569667 34.157017 -3.41808766 2.0 15.0
7.569667 34.157017 -3.41808767 1.0 16.0
9.219033 35.967243 -3.41808767 1.0 16.0
9.219033 35.967243 -3.41808768 0.0 17.0
10.8684 37.77747 -3.41808768 0.0 17.0
10.8684 37.77747 -3.41808769 0.0 18.0
12.517766 39.587696 -3.41808769 0.0 18.0
3.0635133 28.726334 -1.768720370 8.0 13.0
3.9478734 31.010025 -1.768720370 8.0 13.0
3.9478734 31.010025 -1.768720371 7.0 14.0
4.8322334 33.293716 -1.768720371 7.0 14.0
4.8322334 33.293716 -1.768720372 6.0 15.0
5.7165937 35.577408 -1.768720372 6.0 15.0
5.7165937 35.577408 -1.768720373 5.0 16.0
6.600954 37.8611 -1.768720373 5.0 16.0
6.600954 37.8611 -1.768720374 4.0 17.0
7.4853144 40.14479 -1.768720374 4.0 17.0
7.4853144 40.14479 -1.768720375 3.0 18.0
8.369675 42.428482 -1.768720375 3.0 18.0
8.369675 42.428482 -1.768720376 0.0 19.0
8.369675 44.877426 -1.768720376 0.0 19.0
8.369675 44.877426 -1.768720377 0.0 20.0
8.369675 47.32637 -1.768720377 0.0 20.0
8.369675 42.428482 -1.768720378 0.0 19.0
9.798068 44.23871 -2.593403678 0.0 19.0
9.798068 44.23871 -2.593403679 0.0 20.0
11.447434 46.048935 -2.593403679 0.0 20.0
8.369675 42.428482 -1.768720380 2.0 19.0
9.254035 44.712173 -1.768720380 2.0 19.0
9.254035 44.712173 -1.768720381 1.0 20.0
10.138395 46.995865 -1.768720381 1.0 20.0
10.138395 46.995865 -1.768720382 0.0 21.0
11.022756 49.279556 -1.768720382 0.0 21.0
11.022756 49.279556 -1.768720383 0.0 22.0
11.907116 51.563248 -1.768720383 0.0 22.0
0.0 19.591568 0.084 20.0 9.0
0.0 22.040514 0.084 20.0 9.0
0.0 22.040514 0.085 19.0 10.0
0.0 24.48946 0.085 19.0 10.0
0.0 24.48946 0.086 18.0 11.0
0.0 26.938406 0.086 18.0 11.0
0.0 26.938406 0.087 17.0 12.0
0.0 29.387352 0.087 17.0 12.0
0.0 29.387352 0.088 16.0 13.0
0.0 31.836298 0.088 16.0 13.0
0.0 31.836298 0.089 15.0 14.0
0.0 34.285244 0.089 15.0 14.0
0.0 34.285244 0.090 14.0 15.0
0.0 36.73419 0.090 14.0 15.0
0.0 36.73419 0.091 13.0 16.0
0.0 39.183136 0.091 13.0 16.0
0.0 39.183136 0.092 12.0 17.0
0.0 41.63208 0.092 12.0 17.0
0.0 41.63208 0.093 11.0 18.0
0.0 44.081024 0.093 11.0 18.0
0.0 44.081024 0.094 10.0 19.0
0.0 46.52997 0.094 10.0 19.0
0.0 46.52997 0.095 9.0 20.0
0.0 48.978912 0.095 9.0 20.0
0.0 48.978912 0.096 4.0 21.0
-0.7658783 51.262604 0.4421800796 4.0 21.0
-0.7658783 51.262604 0.4421800797 3.0 22.0
-1.5317566 53.546295 0.8843601397 3.0 22.0
-1.5317566 53.546295 0.8843601398 0.0 23.0
-2.96015 55.35652 1.709043598 0.0 23.0
-2.96015 55.35652 1.709043599 0.0 24.0
-4.6095166 57.166748 1.709043599 0.0 24.0
-1.5317566 53.546295 0.88436013100 0.0 23.0
-1.5317566 55.99524 0.88436013100 0.0 23.0
-1.5317566 55.99524 0.88436013101 0.0 24.0
-1.5317566 58.444183 0.88436013101 0.0 24.0
-1.5317566 53.546295 0.88436013102 2.0 23.0
-2.4161167 55.829987 0.88436013102 2.0 23.0
-2.4161167 55.829987 0.88436013103 1.0 24.0
-3.3004768 58.113678 0.88436013103 1.0 24.0
-3.3004768 58.113678 0.88436013104 0.0 25.0
-4.184837 60.39737 0.88436013104 0.0 25.0
-4.184837 60.39737 0.88436013105 0.0 26.0
-5.069197 62.68106 0.88436013105 0.0 26.0
0.0 48.978912 0.0106 4.0 21.0
0.7658783 51.262604 -0.44218007106 4.0 21.0
0.7658783 51.262604 -0.44218007107 3.0 22.0
1.5317566 53.546295 -0.88436013107 3.0 22.0
1.5317566 53.546295 -0.88436013108 0.0 23.0
1.5317566 55.99524 -0.88436013108 0.0 23.0
1.5317566 55.99524 -0.88436013109 0.0 24.0
1.5317566 58.444183 -0.88436013109 0.0 24.0
1.5317566 53.546295 -0.88436013110 0.0 23.0
2.96015 55.35652 -1.7090435110 0.0 23.0
2.96015 55.35652 -1.7090435111 0.0 24.0
4.6095166 57.166748 -1.7090435111 0.0 24.0
1.5317566 53.546295 -0.88436013112 2.0 23.0
2.4161167 55.829987 -0.88436013112 2.0 23.0
2.4161167 55.829987 -0.88436013113 1.0 24.0
3.3004768 58.113678 -0.88436013113 1.0 24.0
3.3004768 58.113678 -0.88436013114 0.0 25.0
4.184837 60.39737 -0.88436013114 0.0 25.0
4.184837 60.39737 -0.88436013115 0.0 26.0
5.069197 62.68106 -0.88436013115 0.0 26.0
0.0 48.978912 0.0116 8.0 21.0
0.0 51.427856 0.0116 8.0 21.0
0.0 51.427856 0.0117 7.0 22.0
0.0 53.8768 0.0117 7.0 22.0
0.0 53.8768 0.0118 6.0 23.0
0.0 56.325745 0.0118 6.0 23.0
0.0 56.325745 0.0119 5.0 24.0
0.0 58.77469 0.0119 5.0 24.0
0.0 58.77469 0.0120 4.0 25.0
0.0 61.223633 0.0120 4.0 25.0
0.0 61.223633 0.0121 3.0 26.0
0.0 63.672577 0.0121 3.0 26.0
0.0 63.672577 0.0122 0.0 27.0
-0.7658783 65.95627 0.44218007122 0.0 27.0
-0.7658783 65.95627 0.44218007123 0.0 28.0
-1.6502385 68.23996 0.44218007123 0.0 28.0
0.0 63.672577 0.0124 0.0 27.0
0.7658783 65.95627 -0.44218007124 0.0 27.0
0.7658783 65.95627 -0.44218007125 0.0 28.0
1.6502385 68.23996 -0.44218007125 0.0 28.0
0.0 63.672577 0.0126 2.0 27.0
0.0 66.12152 0.0126 2.0 27.0
0.0 66.12152 0.0127 1.0 28.0
0.0 68.570465 0.0127 1.0 28.0
0.0 68.570465 0.0128 0.0 29.0
0.0 71.01941 0.0128 0.0 29.0
0.0 71.01941 0.0129 0.0 30.0
0.0 73.46835 0.0129 0.0 30.0
