0.0 0.0 0.00 14.0 1.0
0.0 4.542916 0.00 14.0 1.0
0.0 4.542916 0.01 0.0 2.0
-0.89726484 8.966109 0.518036071 0.0 2.0
0.0 4.542916 0.02 13.0 2.0
0.0 9.085832 0.02 13.0 2.0
0.0 9.085832 0.03 0.0 3.0
-0.89726484 13.509026 0.518036073 0.0 3.0
-0.89726484 13.509026 0.518036074 0.0 4.0
-2.6445022 17.579361 1.5268044 0.0 4.0
-0.89726484 13.509026 0.518036075 0.0 4.0
-1.933337 17.932219 0.518036075 0.0 4.0
0.0 9.085832 0.06 12.0 3.0
0.0 13.628748 0.06 12.0 3.0
0.0 13.628748 0.07 0.0 4.0
-0.89726484 18.05194 0.518036077 0.0 4.0
0.0 13.628748 0.08 11.0 4.0
0.0 18.171663 0.08 11.0 4.0
0.0 18.171663 0.09 2.0 5.0
0.89726484 22.594856 -0.518036079 2.0 5.0
0.89726484 22.594856 -0.5180360710 0.0 6.0
0.89726484 27.137772 -0.5180360710 0.0 6.0
0.89726484 22.594856 -0.5180360711 1.0 6.0
1.933337 27.01805 -0.5180360711 1.0 6.0
1.933337 27.01805 -0.5180360712 0.0 7.0
1.933337 31.560965 -0.5180360712 0.0 7.0
1.933337 31.560965 -0.5180360713 0.0 8.0
1.0360721 35.984158 0.013 0.0 8.0
1.933337 31.560965 -0.5180360714 0.0 8.0
1.933337 36.10388 -0.5180360714 0.0 8.0
1.933337 27.01805 -0.5180360715 0.0 7.0
2.969409 31.441242 -0.5180360715 0.0 7.0
2.969409 31.441242 -0.5180360716 0.0 8.0
2.969409 35.984158 -0.5180360716 0.0 8.0
2.969409 31.441242 -0.5180360717 0.0 8.0
4.0054812 35.864437 -0.5180360717 0.0 8.0
0.0 18.171663 0.018 10.0 5.0
0.0 22.714579 0.018 10.0 5.0
0.0 22.714579 0.019 0.0 6.0
-0.89726484 27.137772 0.5180360719 0.0 6.0
0.0 22.714579 0.020 9.0 6.0
0.0 27.257494 0.020 9.0 6.0
0.0 27.257494 0.021 0.0 7.0
-0.89726484 31.680687 0.5180360721 0.0 7.0
-0.89726484 31.680687 0.5180360722 0.0 8.0
-2.6445022 35.751022 1.52680422 0.0 8.0
-0.89726484 31.680687 0.5180360723 0.0 8.0
-1.933337 36.10388 0.5180360723 0.0 8.0
0.0 27.257494 0.024 8.0 7.0
0.0 31.80041 0.024 8.0 7.0
0.0 31.80041 0.025 0.0 8.0
-0.89726484 36.223602 0.5180360725 0.0 8.0
0.0 31.80041 0.026 7.0 8.0
0.0 36.343327 0.026 7.0 8.0
0.0 36.343327 0.027 6.0 9.0
-0.89726484 40.76652 0.5180360727 6.0 9.0
-0.89726484 40.76652 0.5180360728 0.0 10.0
-2.6445022 44.836857 1.52680428 0.0 10.0
-0.89726484 40.76652 0.5180360729 5.0 10.0
-1.933337 45.189716 0.5180360729 5.0 10.0
-1.933337 45.189716 0.5180360730 0.0 11.0
-3.6805742 49.26005 1.52680430 0.0 11.0
-3.6805742 49.26005 1.52680431 0.0 12.0
-6.185692 52.762993 2.97313431 0.0 12.0
-3.6805742 49.26005 1.52680432 0.0 12.0
-5.6981096 53.330387 1.52680432 0.0 12.0
-1.933337 45.189716 0.5180360733 4.0 11.0
-2.969409 49.61291 0.5180360733 4.0 11.0
-2.969409 49.61291 0.5180360734 0.0 12.0
-4.716646 53.683247 1.52680434 0.0 12.0
-2.969409 49.61291 0.5180360735 3.0 12.0
-4.0054812 54.036106 0.5180360735 3.0 12.0
-4.0054812 54.036106 0.5180360736 2.0 13.0
-4.0054812 58.57902 0.5180360736 2.0 13.0
-4.0054812 58.57902 0.5180360737 0.0 14.0
-4.902746 63.002216 1.036072137 0.0 14.0
-4.0054812 58.57902 0.5180360738 1.0 14.0
-4.0054812 63.121937 0.5180360738 1.0 14.0
-4.0054812 63.121937 0.5180360739 0.0 15.0
-4.902746 67.54513 1.036072139 0.0 15.0
-4.902746 67.54513 1.036072140 0.0 16.0
-6.6499834 71.61546 2.044839940 0.0 16.0
-4.902746 67.54513 1.036072141 0.0 16.0
-5.9388185 71.96832 1.036072141 0.0 16.0
-4.0054812 63.121937 0.5180360742 0.0 15.0
-4.0054812 67.664856 0.5180360742 0.0 15.0
-4.0054812 67.664856 0.5180360743 0.0 16.0
-4.902746 72.08805 1.036072143 0.0 16.0
-4.0054812 67.664856 0.5180360744 0.0 16.0
-4.0054812 72.20777 0.5180360744 0.0 16.0
-4.0054812 54.036106 0.5180360745 2.0 13.0
-5.0415535 58.4593 0.5180360745 2.0 13.0
-5.0415535 58.4593 0.5180360746 0.0 14.0
-6.7887907 62.529636 1.52680446 0.0 14.0
-5.0415535 58.4593 0.5180360747 1.0 14.0
-6.0776258 62.882496 0.5180360747 1.0 14.0
-6.0776258 62.882496 0.5180360748 0.0 15.0
-7.824863 66.952835 1.52680448 0.0 15.0
-7.824863 66.952835 1.52680449 0.0 16.0
-10.329981 70.45578 2.97313449 0.0 16.0
-7.824863 66.952835 1.52680450 0.0 16.0
-9.842399 71.02317 1.52680450 0.0 16.0
-6.0776258 62.882496 0.5180360751 0.0 15.0
-7.113698 67.30569 0.5180360751 0.0 15.0
-7.113698 67.30569 0.5180360752 0.0 16.0
-8.860935 71.37602 1.52680452 0.0 16.0
-7.113698 67.30569 0.5180360753 0.0 16.0
-8.14977 71.72888 0.5180360753 0.0 16.0
0.0 36.343327 0.054 6.0 9.0
0.0 40.886242 0.054 6.0 9.0
0.0 40.886242 0.055 0.0 10.0
-0.89726484 45.309437 0.5180360755 0.0 10.0
0.0 40.886242 0.056 5.0 10.0
0.0 45.429157 0.056 5.0 10.0
0.0 45.429157 0.057 0.0 11.0
-0.89726484 49.852352 0.5180360757 0.0 11.0
-0.89726484 49.852352 0.5180360758 0.0 12.0
-2.6445022 53.922688 1.52680458 0.0 12.0
-0.89726484 49.852352 0.5180360759 0.0 12.0
-1.933337 54.275547 0.5180360759 0.0 12.0
0.0 45.429157 0.060 4.0 11.0
0.0 49.972073 0.060 4.0 11.0
0.0 49.972073 0.061 0.0 12.0
-0.89726484 54.395267 0.5180360761 0.0 12.0
0.0 49.972073 0.062 3.0 12.0
0.0 54.514988 0.062 3.0 12.0
0.0 54.514988 0.063 2.0 13.0
0.89726484 58.938183 -0.5180360763 2.0 13.0
0.89726484 58.938183 -0.5180360764 0.0 14.0
0.89726484 63.4811 -0.5180360764 0.0 14.0
0.89726484 58.938183 -0.5180360765 1.0 14.0
1.933337 63.361378 -0.5180360765 1.0 14.0
1.933337 63.361378 -0.5180360766 0.0 15.0
1.933337 67.9043 -0.5180360766 0.0 15.0
1.933337 67.9043 -0.5180360767 0.0 16.0
1.0360721 72.32749 0.067 0.0 16.0
1.933337 67.9043 -0.5180360768 0.0 16.0
1.933337 72.44721 -0.5180360768 0.0 16.0
1.933337 63.361378 -0.5180360769 0.0 15.0
2.969409 67.78457 -0.5180360769 0.0 15.0
2.969409 67.78457 -0.5180360770 0.0 16.0
2.969409 72.327484 -0.5180360770 0.0 16.0
2.969409 67.78457 -0.5180360771 0.0 16.0
4.0054812 72.20776 -0.5180360771 0.0 16.0
0.0 54.514988 0.072 2.0 13.0
0.0 59.057903 0.072 2.0 13.0
0.0 59.057903 0.073 0.0 14.0
-0.89726484 63.4811 0.5180360773 0.0 14.0
0.0 59.057903 0.074 1.0 14.0
0.0 63.60082 0.074 1.0 14.0
0.0 63.60082 0.075 0.0 15.0
-0.89726484 68.02401 0.5180360775 0.0 15.0
-0.89726484 68.02401 0.5180360776 0.0 16.0
-2.6445022 72.094345 1.52680476 0.0 16.0
-0.89726484 68.02401 0.5180360777 0.0 16.0
-1.933337 72.447205 0.5180360777 0.0 16.0
0.0 63.60082 0.078 0.0 15.0
0.0 68.14374 0.078 0.0 15.0
0.0 68.14374 0.079 0.0 16.0
-0.89726484 72.56693 0.5180360779 0.0 16.0
0.0 68.14374 0.080 0.0 16.0
0.0 72.68665 0.080 0.0 16.0
