0.0 0.0 0.00 28.0 1.0
0.0 2.421544 0.00 28.0 1.0
0.0 2.421544 0.01 27.0 2.0
0.0 4.843088 0.01 27.0 2.0
0.0 4.843088 0.02 26.0 3.0
0.0 7.264632 0.02 26.0 3.0
0.0 7.264632 0.03 25.0 4.0
0.0 9.686176 0.03 25.0 4.0
0.0 9.686176 0.04 24.0 5.0
0.0 12.10772 0.04 24.0 5.0
0.0 12.10772 0.05 23.0 6.0
0.0 14.529264 0.05 23.0 6.0
0.0 14.529264 0.06 22.0 7.0
0.0 16.95081 0.06 22.0 7.0
0.0 16.95081 0.07 21.0 8.0
0.0 19.372353 0.07 21.0 8.0
0.0 19.372353 0.08 12.0 9.0
-0.37958744 21.753899 0.219154928 12.0 9.0
-0.37958744 21.753899 0.219154929 11.0 10.0
-0.7591749 24.135445 0.438309859 11.0 10.0
-0.7591749 24.135445 0.4383098510 10.0 11.0
-1.1387624 26.51699 0.6574647410 10.0 11.0
-1.1387624 26.51699 0.6574647411 9.0 12.0
-1.5183498 28.898537 0.876619711 9.0 12.0
-1.5183498 28.898537 0.876619712 4.0 13.0
-2.2649848 31.16141 1.307689712 4.0 13.0
-2.2649848 31.16141 1.307689713 3.0 14.0
-3.01162 33.424282 1.738759613 3.0 14.0
-3.01162 33.424282 1.738759614 0.0 15.0
-4.1006374 35.493725 2.367504114 0.0 15.0
-4.1006374 35.493725 2.367504115 0.0 16.0
-5.3581266 37.563168 2.367504115 0.0 16.0
-3.01162 33.424282 1.738759616 0.0 15.0
-3.3912075 35.80583 1.957914616 0.0 15.0
-3.3912075 35.80583 1.957914617 0.0 16.0
-3.8295174 38.187374 1.957914617 0.0 16.0
-3.01162 33.424282 1.738759618 2.0 15.0
-3.87376 35.687153 1.738759618 2.0 15.0
-3.87376 35.687153 1.738759619 1.0 16.0
-4.7359 37.950024 1.738759619 1.0 16.0
-4.7359 37.950024 1.738759620 0.0 17.0
-5.59804 40.212894 1.738759620 0.0 17.0
-5.59804 40.212894 1.738759621 0.0 18.0
-6.4601803 42.475765 1.738759621 0.0 18.0
-1.5183498 28.898537 0.876619722 4.0 13.0
-1.5183498 31.32008 0.876619722 4.0 13.0
-1.5183498 31.32008 0.876619723 3.0 14.0
-1.5183498 33.741623 0.876619723 3.0 14.0
-1.5183498 33.741623 0.876619724 0.0 15.0
-1.8979372 36.12317 1.095774724 0.0 15.0
-1.8979372 36.12317 1.095774725 0.0 16.0
-2.336247 38.504715 1.095774725 0.0 16.0
-1.5183498 33.741623 0.876619726 0.0 15.0
-1.1387624 36.12317 0.6574647426 0.0 15.0
-1.1387624 36.12317 0.6574647427 0.0 16.0
-0.7004525 38.504715 0.6574647427 0.0 16.0
-1.5183498 33.741623 0.876619728 2.0 15.0
-1.5183498 36.163166 0.876619728 2.0 15.0
-1.5183498 36.163166 0.876619729 1.0 16.0
-1.5183498 38.58471 0.876619729 1.0 16.0
-1.5183498 38.58471 0.876619730 0.0 17.0
-1.5183498 41.006252 0.876619730 0.0 17.0
-1.5183498 41.006252 0.876619731 0.0 18.0
-1.5183498 43.427795 0.876619731 0.0 18.0
-1.5183498 28.898537 0.876619732 8.0 13.0
-1.9566596 31.280083 0.876619732 8.0 13.0
-1.9566596 31.280083 0.876619733 7.0 14.0
-2.3949695 33.66163 0.876619733 7.0 14.0
-2.3949695 33.66163 0.876619734 6.0 15.0
-2.8332794 36.043175 0.876619734 6.0 15.0
-2.8332794 36.043175 0.876619735 5.0 16.0
-3.2715893 38.42472 0.876619735 5.0 16.0
-3.2715893 38.42472 0.876619736 4.0 17.0
-3.7098992 40.806267 0.876619736 4.0 17.0
-3.7098992 40.806267 0.876619737 3.0 18.0
-4.148209 43.187813 0.876619737 3.0 18.0
-4.148209 43.187813 0.876619738 0.0 19.0
-4.894844 45.450684 1.307689738 0.0 19.0
-4.894844 45.450684 1.307689739 0.0 20.0
-5.756984 47.713554 1.307689739 0.0 20.0
-4.148209 43.187813 0.876619740 0.0 19.0
-4.148209 45.609356 0.876619740 0.0 19.0
-4.148209 45.609356 0.876619741 0.0 20.0
-4.148209 48.0309 0.876619741 0.0 20.0
-4.148209 43.187813 0.876619742 2.0 19.0
-4.586519 45.56936 0.876619742 2.0 19.0
-4.586519 45.56936 0.876619743 1.0 20.0
-5.0248284 47.950905 0.876619743 1.0 20.0
-5.0248284 47.950905 0.876619744 0.0 21.0
-5.463138 50.33245 0.876619744 0.0 21.0
-5.463138 50.33245 0.876619745 0.0 22.0
-5.901448 52.713997 0.876619745 0.0 22.0
0.0 19.372353 0.046 12.0 9.0
0.37958744 21.753899 -0.2191549246 12.0 9.0
0.37958744 21.753899 -0.2191549247 11.0 10.0
0.7591749 24.135445 -0.4383098547 11.0 10.0
0.7591749 24.135445 -0.4383098548 10.0 11.0
1.1387624 26.51699 -0.6574647448 10.0 11.0
1.1387624 26.51699 -0.6574647449 9.0 12.0
1.5183498 28.898537 -0.876619749 9.0 12.0
1.5183498 28.898537 -0.876619750 4.0 13.0
1.5183498 31.32008 -0.876619750 4.0 13.0
1.5183498 31.32008 -0.876619751 3.0 14.0
1.5183498 33.741623 -0.876619751 3.0 14.0
1.5183498 33.741623 -0.876619752 0.0 15.0
1.1387624 36.12317 -0.6574647452 0.0 15.0
1.1387624 36.12317 -0.6574647453 0.0 16.0
0.7004525 38.504715 -0.6574647453 0.0 16.0
1.5183498 33.741623 -0.876619754 0.0 15.0
1.8979372 36.12317 -1.095774754 0.0 15.0
1.8979372 36.12317 -1.095774755 0.0 16.0
2.336247 38.504715 -1.095774755 0.0 16.0
1.5183498 33.741623 -0.876619756 2.0 15.0
1.5183498 36.163166 -0.876619756 2.0 15.0
1.5183498 36.163166 -0.876619757 1.0 16.0
1.5183498 38.58471 -0.876619757 1.0 16.0
1.5183498 38.58471 -0.876619758 0.0 17.0
1.5183498 41.006252 -0.876619758 0.0 17.0
1.5183498 41.006252 -0.876619759 0.0 18.0
1.5183498 43.427795 -0.876619759 0.0 18.0
1.5183498 28.898537 -0.876619760 4.0 13.0
2.2649848 31.16141 -1.307689760 4.0 13.0
2.2649848 31.16141 -1.307689761 3.0 14.0
3.01162 33.424282 -1.738759661 3.0 14.0
3.01162 33.424282 -1.738759662 0.0 15.0
3.3912075 35.80583 -1.957914662 0.0 15.0
3.3912075 35.80583 -1.957914663 0.0 16.0
3.8295174 38.187374 -1.957914663 0.0 16.0
3.01162 33.424282 -1.738759664 0.0 15.0
4.1006374 35.493725 -2.367504164 0.0 15.0
4.1006374 35.493725 -2.367504165 0.0 16.0
5.3581266 37.563168 -2.367504165 0.0 16.0
3.01162 33.424282 -1.738759666 2.0 15.0
3.87376 35.687153 -1.738759666 2.0 15.0
3.87376 35.687153 -1.738759667 1.0 16.0
4.7359 37.950024 -1.738759667 1.0 16.0
4.7359 37.950024 -1.738759668 0.0 17.0
5.59804 40.212894 -1.738759668 0.0 17.0
5.59804 40.212894 -1.738759669 0.0 18.0
6.4601803 42.475765 -1.738759669 0.0 18.0
1.5183498 28.898537 -0.876619770 8.0 13.0
1.9566596 31.280083 -0.876619770 8.0 13.0
1.9566596 31.280083 -0.876619771 7.0 14.0
2.3949695 33.66163 -0.876619771 7.0 14.0
2.3949695 33.66163 -0.876619772 6.0 15.0
2.8332794 36.043175 -0.876619772 6.0 15.0
2.8332794 36.043175 -0.876619773 5.0 16.0
3.2715893 38.42472 -0.876619773 5.0 16.0
3.2715893 38.42472 -0.876619774 4.0 17.0
3.7098992 40.806267 -0.876619774 4.0 17.0
3.7098992 40.806267 -0.876619775 3.0 18.0
4.148209 43.187813 -0.876619775 3.0 18.0
4.148209 43.187813 -0.876619776 0.0 19.0
4.148209 45.609356 -0.876619776 0.0 19.0
4.148209 45.609356 -0.876619777 0.0 20.0
4.148209 48.0309 -0.876619777 0.0 20.0
4.148209 43.187813 -0.876619778 0.0 19.0
4.894844 45.450684 -1.307689778 0.0 19.0
4.894844 45.450684 -1.307689779 0.0 20.0
5.756984 47.713554 -1.307689779 0.0 20.0
4.148209 43.187813 -0.876619780 2.0 19.0
4.586519 45.56936 -0.876619780 2.0 19.0
4.586519 45.56936 -0.876619781 1.0 20.0
5.0248284 47.950905 -0.876619781 1.0 20.0
5.0248284 47.950905 -0.876619782 0.0 21.0
5.463138 50.33245 -0.876619782 0.0 21.0
5.463138 50.33245 -0.876619783 0.0 22.0
5.901448 52.713997 -0.876619783 0.0 22.0
0.0 19.372353 0.084 20.0 9.0
0.0 21.793896 0.084 20.0 9.0
0.0 21.793896 0.085 19.0 10.0
0.0 24.215439 0.085 19.0 10.0
0.0 24.215439 0.086 18.0 11.0
0.0 26.636982 0.086 18.0 11.0
0.0 26.636982 0.087 17.0 12.0
0.0 29.058525 0.087 17.0 12.0
0.0 29.058525 0.088 16.0 13.0
0.0 31.480068 0.088 16.0 13.0
0.0 31.480068 0.089 15.0 14.0
0.0 33.90161 0.089 15.0 14.0
0.0 33.90161 0.090 14.0 15.0
0.0 36.323154 0.090 14.0 15.0
0.0 36.323154 0.091 13.0 16.0
0.0 38.744698 0.091 13.0 16.0
0.0 38.744698 0.092 12.0 17.0
0.0 41.16624 0.092 12.0 17.0
0.0 41.16624 0.093 11.0 18.0
0.0 43.587784 0.093 11.0 18.0
0.0 43.587784 0.094 10.0 19.0
0.0 46.009327 0.094 10.0 19.0
0.0 46.009327 0.095 9.0 20.0
0.0 48.43087 0.095 9.0 20.0
0.0 48.43087 0.096 4.0 21.0
-0.37958744 50.812416 0.2191549296 4.0 21.0
-0.37958744 50.812416 0.2191549297 3.0 22.0
-0.7591749 53.193962 0.4383098597 3.0 22.0
-0.7591749 53.193962 0.4383098598 0.0 23.0
-1.50581 55.456833 0.869379998 0.0 23.0
-1.50581 55.456833 0.869379999 0.0 24.0
-2.36795 57.719704 0.869379999 0.0 24.0
-0.7591749 53.193962 0.43830985100 0.0 23.0
-0.7591749 55.615505 0.43830985100 0.0 23.0
-0.7591749 55.615505 0.43830985101 0.0 24.0
-0.7591749 58.03705 0.43830985101 0.0 24.0
-0.7591749 53.193962 0.43830985102 2.0 23.0
-1.1974847 55.57551 0.43830985102 2.0 23.0
-1.1974847 55.57551 0.43830985103 1.0 24.0
-1.6357946 57.957054 0.43830985103 1.0 24.0
-1.6357946 57.957054 0.43830985104 0.0 25.0
-2.0741045 60.3386 0.43830985104 0.0 25.0
-2.0741045 60.3386 0.43830985105 0.0 26.0
-2.5124145 62.720146 0.43830985105 0.0 26.0
0.0 48.43087 0.0106 4.0 21.0
0.37958744 50.812416 -0.21915492106 4.0 21.0
0.37958744 50.812416 -0.21915492107 3.0 22.0
0.7591749 53.193962 -0.43830985107 3.0 22.0
0.7591749 53.193962 -0.43830985108 0.0 23.0
0.7591749 55.615505 -0.43830985108 0.0 23.0
0.7591749 55.615505 -0.43830985109 0.0 24.0
0.7591749 58.03705 -0.43830985109 0.0 24.0
0.7591749 53.193962 -0.43830985110 0.0 23.0
1.50581 55.456833 -0.8693799110 0.0 23.0
1.50581 55.456833 -0.8693799111 0.0 24.0
2.36795 57.719704 -0.8693799111 0.0 24.0
0.7591749 53.193962 -0.43830985112 2.0 23.0
1.1974847 55.57551 -0.43830985112 2.0 23.0
1.1974847 55.57551 -0.43830985113 1.0 24.0
1.6357946 57.957054 -0.43830985113 1.0 24.0
1.6357946 57.957054 -0.43830985114 0.0 25.0
2.0741045 60.3386 -0.43830985114 0.0 25.0
2.0741045 60.3386 -0.43830985115 0.0 26.0
2.5124145 62.720146 -0.43830985115 0.0 26.0
0.0 48.43087 0.0116 8.0 21.0
0.0 50.852413 0.0116 8.0 21.0
0.0 50.852413 0.0117 7.0 22.0
0.0 53.273956 0.0117 7.0 22.0
0.0 53.273956 0.0118 6.0 23.0
0.0 55.6955 0.0118 6.0 23.0
0.0 55.6955 0.0119 5.0 24.0
0.0 58.117043 0.0119 5.0 24.0
0.0 58.117043 0.0120 4.0 25.0
0.0 60.538586 0.0120 4.0 25.0
0.0 60.538586 0.0121 3.0 26.0
0.0 62.96013 0.0121 3.0 26.0
0.0 62.96013 0.0122 0.0 27.0
-0.37958744 65.341675 0.21915492122 0.0 27.0
-0.37958744 65.341675 0.21915492123 0.0 28.0
-0.8178973 67.72322 0.21915492123 0.0 28.0
0.0 62.96013 0.0124 0.0 27.0
0.37958744 65.341675 -0.21915492124 0.0 27.0
0.37958744 65.341675 -0.21915492125 0.0 28.0
0.8178973 67.72322 -0.21915492125 0.0 28.0
0.0 62.96013 0.0126 2.0 27.0
0.0 65.381676 0.0126 2.0 27.0
0.0 65.381676 0.0127 1.0 28.0
0.0 67.80322 0.0127 1.0 28.0
0.0 67.80322 0.0128 0.0 29.0
0.0 70.22477 0.0128 0.0 29.0
0.0 70.22477 0.0129 0.0 30.0
0.0 72.64632 0.0129 0.0 30.0
