0.0 0.0 0.00 60.0 1.0
0.0 0.9725208 0.00 60.0 1.0
0.0 0.9725208 0.01 59.0 2.0
0.0 1.9450417 0.01 59.0 2.0
0.0 1.9450417 0.02 58.0 3.0
0.0 2.9175625 0.02 58.0 3.0
0.0 2.9175625 0.03 57.0 4.0
0.0 3.8900833 0.03 57.0 4.0
0.0 3.8900833 0.04 56.0 5.0
0.0 4.862604 0.04 56.0 5.0
0.0 4.862604 0.05 55.0 6.0
0.0 5.835125 0.05 55.0 6.0
0.0 5.835125 0.06 54.0 7.0
0.0 6.807646 0.06 54.0 7.0
0.0 6.807646 0.07 53.0 8.0
0.0 7.7801666 0.07 53.0 8.0
0.0 7.7801666 0.08 52.0 9.0
0.0 8.752687 0.08 52.0 9.0
0.0 8.752687 0.09 51.0 10.0
0.0 9.725208 0.09 51.0 10.0
0.0 9.725208 0.010 50.0 11.0
0.0 10.697729 0.010 50.0 11.0
0.0 10.697729 0.011 49.0 12.0
0.0 11.67025 0.011 49.0 12.0
0.0 11.67025 0.012 48.0 13.0
0.0 12.642771 0.012 48.0 13.0
0.0 12.642771 0.013 47.0 14.0
0.0 13.615292 0.013 47.0 14.0
0.0 13.615292 0.014 46.0 15.0
0.0 14.587812 0.014 46.0 15.0
0.0 14.587812 0.015 45.0 16.0
0.0 15.560333 0.015 45.0 16.0
0.0 15.560333 0.016 28.0 17.0
0.6032037 16.23905 -0.3482598416 28.0 17.0
0.6032037 16.23905 -0.3482598417 27.0 18.0
1.2064074 16.917767 -0.696519717 27.0 18.0
1.2064074 16.917767 -0.696519718 26.0 19.0
1.8096111 17.596483 -1.044779518 26.0 19.0
1.8096111 17.596483 -1.044779519 25.0 20.0
2.4128149 18.2752 -1.393039319 25.0 20.0
2.4128149 18.2752 -1.393039320 24.0 21.0
3.0160186 18.953917 -1.741299220 24.0 21.0
3.0160186 18.953917 -1.741299221 23.0 22.0
3.6192224 19.632633 -2.08955921 23.0 22.0
3.6192224 19.632633 -2.08955922 22.0 23.0
4.222426 20.31135 -2.43781922 22.0 23.0
4.222426 20.31135 -2.43781923 21.0 24.0
4.8256297 20.990067 -2.78607923 21.0 24.0
4.8256297 20.990067 -2.78607924 12.0 25.0
4.8256297 21.962587 -2.78607924 12.0 25.0
4.8256297 21.962587 -2.78607925 11.0 26.0
4.8256297 22.935108 -2.78607925 11.0 26.0
4.8256297 22.935108 -2.78607926 10.0 27.0
4.8256297 23.907629 -2.78607926 10.0 27.0
4.8256297 23.907629 -2.78607927 9.0 28.0
4.8256297 24.88015 -2.78607927 9.0 28.0
4.8256297 24.88015 -2.78607928 4.0 29.0
4.222426 25.558867 -2.43781928 4.0 29.0
4.222426 25.558867 -2.43781929 3.0 30.0
3.6192222 26.237583 -2.08955929 3.0 30.0
3.6192222 26.237583 -2.08955930 0.0 31.0
3.6192222 27.210104 -2.08955930 0.0 31.0
3.6192222 27.210104 -2.08955931 0.0 32.0
3.6192222 28.182625 -2.08955931 0.0 32.0
3.6192222 26.237583 -2.08955932 2.0 31.0
2.9227026 26.9163 -2.08955932 2.0 31.0
2.9227026 26.9163 -2.08955933 1.0 32.0
2.226183 27.595016 -2.08955933 1.0 32.0
2.226183 27.595016 -2.08955934 0.0 33.0
2.226183 28.567537 -2.08955934 0.0 33.0
2.226183 28.567537 -2.08955935 0.0 34.0
2.226183 29.540058 -2.08955935 0.0 34.0
2.226183 27.595016 -2.08955936 0.0 33.0
1.253988 27.569841 -2.08955936 0.0 33.0
1.253988 27.569841 -2.08955937 0.0 34.0
0.28179312 27.544666 -2.08955937 0.0 34.0
4.8256297 24.88015 -2.78607938 8.0 29.0
4.8256297 25.85267 -2.78607938 8.0 29.0
4.8256297 25.85267 -2.78607939 7.0 30.0
4.8256297 26.825191 -2.78607939 7.0 30.0
4.8256297 26.825191 -2.78607940 6.0 31.0
4.8256297 27.797712 -2.78607940 6.0 31.0
4.8256297 27.797712 -2.78607941 5.0 32.0
4.8256297 28.770233 -2.78607941 5.0 32.0
4.8256297 28.770233 -2.78607942 4.0 33.0
5.4288335 29.44895 -3.134338942 4.0 33.0
5.4288335 29.44895 -3.134338943 3.0 34.0
6.0320373 30.127666 -3.482598843 3.0 34.0
6.0320373 30.127666 -3.482598844 0.0 35.0
6.873983 30.102491 -3.96869644 0.0 35.0
6.873983 30.102491 -3.96869645 0.0 36.0
7.846178 30.077316 -3.96869645 0.0 36.0
6.0320373 30.127666 -3.482598846 2.0 35.0
6.728557 30.806383 -3.482598846 2.0 35.0
6.728557 30.806383 -3.482598847 1.0 36.0
7.425077 31.4851 -3.482598847 1.0 36.0
7.425077 31.4851 -3.482598848 0.0 37.0
8.267022 31.459925 -3.96869648 0.0 37.0
8.267022 31.459925 -3.96869649 0.0 38.0
9.239217 31.43475 -3.96869649 0.0 38.0
7.425077 31.4851 -3.482598850 0.0 37.0
7.425077 32.45762 -3.482598850 0.0 37.0
7.425077 32.45762 -3.482598851 0.0 38.0
7.425077 33.430138 -3.482598851 0.0 38.0
4.8256297 28.770233 -2.78607952 4.0 33.0
4.12911 29.44895 -2.78607952 4.0 33.0
4.12911 29.44895 -2.78607953 3.0 34.0
3.4325902 30.127666 -2.78607953 3.0 34.0
3.4325902 30.127666 -2.78607954 0.0 35.0
3.4325902 31.100187 -2.78607954 0.0 35.0
3.4325902 31.100187 -2.78607955 0.0 36.0
3.4325902 32.07271 -2.78607955 0.0 36.0
3.4325902 30.127666 -2.78607956 2.0 35.0
2.7360706 30.806383 -2.78607956 2.0 35.0
2.7360706 30.806383 -2.78607957 1.0 36.0
2.039551 31.4851 -2.78607957 1.0 36.0
2.039551 31.4851 -2.78607958 0.0 37.0
2.039551 32.45762 -2.78607958 0.0 37.0
2.039551 32.45762 -2.78607959 0.0 38.0
2.039551 33.430138 -2.78607959 0.0 38.0
2.039551 31.4851 -2.78607960 0.0 37.0
1.0673561 31.459925 -2.78607960 0.0 37.0
1.0673561 31.459925 -2.78607961 0.0 38.0
0.0951612 31.43475 -2.78607961 0.0 38.0
4.8256297 20.990067 -2.78607962 20.0 25.0
5.5221496 21.668783 -2.78607962 20.0 25.0
5.5221496 21.668783 -2.78607963 19.0 26.0
6.2186694 22.3475 -2.78607963 19.0 26.0
6.2186694 22.3475 -2.78607964 18.0 27.0
6.9151893 23.026217 -2.78607964 18.0 27.0
6.9151893 23.026217 -2.78607965 17.0 28.0
7.611709 23.704933 -2.78607965 17.0 28.0
7.611709 23.704933 -2.78607966 16.0 29.0
8.3082285 24.38365 -2.78607966 16.0 29.0
8.3082285 24.38365 -2.78607967 15.0 30.0
9.004748 25.062366 -2.78607967 15.0 30.0
9.004748 25.062366 -2.78607968 14.0 31.0
9.701268 25.741083 -2.78607968 14.0 31.0
9.701268 25.741083 -2.78607969 13.0 32.0
10.397788 26.4198 -2.78607969 13.0 32.0
10.397788 26.4198 -2.78607970 12.0 33.0
11.239734 26.394625 -3.272176370 12.0 33.0
11.239734 26.394625 -3.272176371 11.0 34.0
12.081679 26.36945 -3.758273671 11.0 34.0
12.081679 26.36945 -3.758273672 10.0 35.0
12.923625 26.344275 -4.24437172 10.0 35.0
12.923625 26.344275 -4.24437173 9.0 36.0
13.765571 26.3191 -4.730468373 9.0 36.0
13.765571 26.3191 -4.730468374 4.0 37.0
14.368774 26.997816 -5.07872874 4.0 37.0
14.368774 26.997816 -5.07872875 3.0 38.0
14.971978 27.676533 -5.42698875 3.0 38.0
14.971978 27.676533 -5.42698876 0.0 39.0
15.813924 27.651358 -5.913085576 0.0 39.0
15.813924 27.651358 -5.913085577 0.0 40.0
16.78612 27.626183 -5.913085577 0.0 40.0
14.971978 27.676533 -5.42698878 2.0 39.0
15.668498 28.35525 -5.42698878 2.0 39.0
15.668498 28.35525 -5.42698879 1.0 40.0
16.365017 29.033966 -5.42698879 1.0 40.0
16.365017 29.033966 -5.42698880 0.0 41.0
17.206963 29.008791 -5.913085580 0.0 41.0
17.206963 29.008791 -5.913085581 0.0 42.0
18.179157 28.983616 -5.913085581 0.0 42.0
16.365017 29.033966 -5.42698882 0.0 41.0
16.365017 30.006487 -5.42698882 0.0 41.0
16.365017 30.006487 -5.42698883 0.0 42.0
16.365017 30.979008 -5.42698883 0.0 42.0
13.765571 26.3191 -4.730468384 8.0 37.0
14.737765 26.293924 -4.730468384 8.0 37.0
14.737765 26.293924 -4.730468385 7.0 38.0
15.70996 26.26875 -4.730468385 7.0 38.0
15.70996 26.26875 -4.730468386 6.0 39.0
16.682156 26.243574 -4.730468386 6.0 39.0
16.682156 26.243574 -4.730468387 5.0 40.0
17.65435 26.2184 -4.730468387 5.0 40.0
17.65435 26.2184 -4.730468388 4.0 41.0
18.226326 25.504543 -5.060698588 4.0 41.0
18.226326 25.504543 -5.060698589 3.0 42.0
18.798302 24.790688 -5.390928789 3.0 42.0
18.798302 24.790688 -5.390928790 0.0 43.0
18.754713 23.81947 -5.36576390 0.0 43.0
18.754713 23.81947 -5.36576391 0.0 44.0
18.704382 22.848251 -5.36576391 0.0 44.0
18.798302 24.790688 -5.390928792 2.0 43.0
19.458761 24.076832 -5.390928792 2.0 43.0
19.458761 24.076832 -5.390928793 1.0 44.0
20.11922 23.362976 -5.390928793 1.0 44.0
20.11922 23.362976 -5.390928794 0.0 45.0
20.075632 22.391758 -5.36576394 0.0 45.0
20.075632 22.391758 -5.36576395 0.0 46.0
20.025301 21.42054 -5.36576395 0.0 46.0
20.11922 23.362976 -5.390928796 0.0 45.0
21.091415 23.337801 -5.390928796 0.0 45.0
21.091415 23.337801 -5.390928797 0.0 46.0
22.06361 23.312626 -5.390928797 0.0 46.0
17.65435 26.2184 -4.730468398 4.0 41.0
18.35087 26.897116 -4.730468398 4.0 41.0
18.35087 26.897116 -4.730468399 3.0 42.0
19.04739 27.575832 -4.730468399 3.0 42.0
19.04739 27.575832 -4.7304683100 0.0 43.0
19.889336 27.550657 -5.2165656100 0.0 43.0
19.889336 27.550657 -5.2165656101 0.0 44.0
20.86153 27.525482 -5.2165656101 0.0 44.0
19.04739 27.575832 -4.7304683102 2.0 43.0
19.74391 28.254549 -4.7304683102 2.0 43.0
19.74391 28.254549 -4.7304683103 1.0 44.0
20.44043 28.933266 -4.7304683103 1.0 44.0
20.44043 28.933266 -4.7304683104 0.0 45.0
21.282375 28.90809 -5.2165656104 0.0 45.0
21.282375 28.90809 -5.2165656105 0.0 46.0
22.25457 28.882915 -5.2165656105 0.0 46.0
20.44043 28.933266 -4.7304683106 0.0 45.0
20.44043 29.905787 -4.7304683106 0.0 45.0
20.44043 29.905787 -4.7304683107 0.0 46.0
20.44043 30.878307 -4.7304683107 0.0 46.0
10.397788 26.4198 -2.786079108 12.0 33.0
10.397788 27.39232 -2.786079108 12.0 33.0
10.397788 27.39232 -2.786079109 11.0 34.0
10.397788 28.364841 -2.786079109 11.0 34.0
10.397788 28.364841 -2.786079110 10.0 35.0
10.397788 29.337362 -2.786079110 10.0 35.0
10.397788 29.337362 -2.786079111 9.0 36.0
10.397788 30.309883 -2.786079111 9.0 36.0
10.397788 30.309883 -2.786079112 4.0 37.0
9.794584 30.9886 -2.437819112 4.0 37.0
9.794584 30.9886 -2.437819113 3.0 38.0
9.1913805 31.667316 -2.089559113 3.0 38.0
9.1913805 31.667316 -2.089559114 0.0 39.0
9.1913805 32.63984 -2.089559114 0.0 39.0
9.1913805 32.63984 -2.089559115 0.0 40.0
9.1913805 33.61236 -2.089559115 0.0 40.0
9.1913805 31.667316 -2.089559116 2.0 39.0
8.494861 32.346035 -2.089559116 2.0 39.0
8.494861 32.346035 -2.089559117 1.0 40.0
7.798341 33.024754 -2.089559117 1.0 40.0
7.798341 33.024754 -2.089559118 0.0 41.0
7.798341 33.997276 -2.089559118 0.0 41.0
7.798341 33.997276 -2.089559119 0.0 42.0
7.798341 34.969795 -2.089559119 0.0 42.0
7.798341 33.024754 -2.089559120 0.0 41.0
6.826146 32.99958 -2.089559120 0.0 41.0
6.826146 32.99958 -2.089559121 0.0 42.0
5.8539515 32.974407 -2.089559121 0.0 42.0
10.397788 30.309883 -2.786079122 8.0 37.0
10.397788 31.282404 -2.786079122 8.0 37.0
10.397788 31.282404 -2.786079123 7.0 38.0
10.397788 32.254925 -2.786079123 7.0 38.0
10.397788 32.254925 -2.786079124 6.0 39.0
10.397788 33.227448 -2.786079124 6.0 39.0
10.397788 33.227448 -2.786079125 5.0 40.0
10.397788 34.199966 -2.786079125 5.0 40.0
10.397788 34.199966 -2.786079126 4.0 41.0
11.000992 34.878685 -3.1343389126 4.0 41.0
11.000992 34.878685 -3.1343389127 3.0 42.0
11.604196 35.557404 -3.4825988127 3.0 42.0
11.604196 35.557404 -3.4825988128 0.0 43.0
12.446141 35.53223 -3.968696128 0.0 43.0
12.446141 35.53223 -3.968696129 0.0 44.0
13.418336 35.507057 -3.968696129 0.0 44.0
11.604196 35.557404 -3.4825988130 2.0 43.0
12.300715 36.236122 -3.4825988130 2.0 43.0
12.300715 36.236122 -3.4825988131 1.0 44.0
12.997235 36.91484 -3.4825988131 1.0 44.0
12.997235 36.91484 -3.4825988132 0.0 45.0
13.839181 36.889668 -3.968696132 0.0 45.0
13.839181 36.889668 -3.968696133 0.0 46.0
14.811376 36.864494 -3.968696133 0.0 46.0
12.997235 36.91484 -3.4825988134 0.0 45.0
12.997235 37.88736 -3.4825988134 0.0 45.0
12.997235 37.88736 -3.4825988135 0.0 46.0
12.997235 38.85988 -3.4825988135 0.0 46.0
10.397788 34.199966 -2.786079136 4.0 41.0
9.701268 34.878685 -2.786079136 4.0 41.0
9.701268 34.878685 -2.786079137 3.0 42.0
9.004748 35.557404 -2.786079137 3.0 42.0
9.004748 35.557404 -2.786079138 0.0 43.0
9.004748 36.529922 -2.786079138 0.0 43.0
9.004748 36.529922 -2.786079139 0.0 44.0
9.004748 37.50244 -2.786079139 0.0 44.0
9.004748 35.557404 -2.786079140 2.0 43.0
8.3082285 36.236122 -2.786079140 2.0 43.0
8.3082285 36.236122 -2.786079141 1.0 44.0
7.6117086 36.91484 -2.786079141 1.0 44.0
7.6117086 36.91484 -2.786079142 0.0 45.0
7.6117086 37.88736 -2.786079142 0.0 45.0
7.6117086 37.88736 -2.786079143 0.0 46.0
7.6117086 38.85988 -2.786079143 0.0 46.0
7.6117086 36.91484 -2.786079144 0.0 45.0
6.639514 36.889668 -2.786079144 0.0 45.0
6.639514 36.889668 -2.786079145 0.0 46.0
5.6673193 36.864494 -2.786079145 0.0 46.0
0.0 15.560333 0.0146 44.0 17.0
0.0 16.532854 0.0146 44.0 17.0
0.0 16.532854 0.0147 43.0 18.0
0.0 17.505375 0.0147 43.0 18.0
0.0 17.505375 0.0148 42.0 19.0
0.0 18.477896 0.0148 42.0 19.0
0.0 18.477896 0.0149 41.0 20.0
0.0 19.450417 0.0149 41.0 20.0
0.0 19.450417 0.0150 40.0 21.0
0.0 20.422937 0.0150 40.0 21.0
0.0 20.422937 0.0151 39.0 22.0
0.0 21.395458 0.0151 39.0 22.0
0.0 21.395458 0.0152 38.0 23.0
0.0 22.36798 0.0152 38.0 23.0
0.0 22.36798 0.0153 37.0 24.0
0.0 23.3405 0.0153 37.0 24.0
0.0 23.3405 0.0154 36.0 25.0
0.0 24.31302 0.0154 36.0 25.0
0.0 24.31302 0.0155 35.0 26.0
0.0 25.285542 0.0155 35.0 26.0
0.0 25.285542 0.0156 34.0 27.0
0.0 26.258062 0.0156 34.0 27.0
0.0 26.258062 0.0157 33.0 28.0
0.0 27.230583 0.0157 33.0 28.0
0.0 27.230583 0.0158 32.0 29.0
0.0 28.203104 0.0158 32.0 29.0
0.0 28.203104 0.0159 31.0 30.0
0.0 29.175625 0.0159 31.0 30.0
0.0 29.175625 0.0160 30.0 31.0
0.0 30.148146 0.0160 30.0 31.0
0.0 30.148146 0.0161 29.0 32.0
0.0 31.120667 0.0161 29.0 32.0
0.0 31.120667 0.0162 28.0 33.0
0.6032037 31.799383 -0.34825984162 28.0 33.0
0.6032037 31.799383 -0.34825984163 27.0 34.0
1.2064074 32.4781 -0.6965197163 27.0 34.0
1.2064074 32.4781 -0.6965197164 26.0 35.0
1.8096111 33.15682 -1.0447795164 26.0 35.0
1.8096111 33.15682 -1.0447795165 25.0 36.0
2.4128149 33.835537 -1.3930393165 25.0 36.0
2.4128149 33.835537 -1.3930393166 24.0 37.0
3.0160186 34.514256 -1.7412992166 24.0 37.0
3.0160186 34.514256 -1.7412992167 23.0 38.0
3.6192224 35.192974 -2.089559167 23.0 38.0
3.6192224 35.192974 -2.089559168 22.0 39.0
4.222426 35.871693 -2.437819168 22.0 39.0
4.222426 35.871693 -2.437819169 21.0 40.0
4.8256297 36.55041 -2.786079169 21.0 40.0
4.8256297 36.55041 -2.786079170 12.0 41.0
4.8256297 37.522934 -2.786079170 12.0 41.0
4.8256297 37.522934 -2.786079171 11.0 42.0
4.8256297 38.495453 -2.786079171 11.0 42.0
4.8256297 38.495453 -2.786079172 10.0 43.0
4.8256297 39.46797 -2.786079172 10.0 43.0
4.8256297 39.46797 -2.786079173 9.0 44.0
4.8256297 40.44049 -2.786079173 9.0 44.0
4.8256297 40.44049 -2.786079174 4.0 45.0
4.222426 41.11921 -2.437819174 4.0 45.0
4.222426 41.11921 -2.437819175 3.0 46.0
3.6192222 41.797928 -2.089559175 3.0 46.0
3.6192222 41.797928 -2.089559176 0.0 47.0
3.6192222 42.770447 -2.089559176 0.0 47.0
3.6192222 42.770447 -2.089559177 0.0 48.0
3.6192222 43.742966 -2.089559177 0.0 48.0
3.6192222 41.797928 -2.089559178 2.0 47.0
2.9227026 42.476646 -2.089559178 2.0 47.0
2.9227026 42.476646 -2.089559179 1.0 48.0
2.226183 43.155365 -2.089559179 1.0 48.0
2.226183 43.155365 -2.089559180 0.0 49.0
2.226183 44.127884 -2.089559180 0.0 49.0
2.226183 44.127884 -2.089559181 0.0 50.0
2.226183 45.100403 -2.089559181 0.0 50.0
2.226183 43.155365 -2.089559182 0.0 49.0
1.253988 43.13019 -2.089559182 0.0 49.0
1.253988 43.13019 -2.089559183 0.0 50.0
0.28179312 43.10502 -2.089559183 0.0 50.0
4.8256297 40.44049 -2.786079184 8.0 45.0
4.8256297 41.41301 -2.786079184 8.0 45.0
4.8256297 41.41301 -2.786079185 7.0 46.0
4.8256297 42.38553 -2.786079185 7.0 46.0
4.8256297 42.38553 -2.786079186 6.0 47.0
4.8256297 43.358047 -2.786079186 6.0 47.0
4.8256297 43.358047 -2.786079187 5.0 48.0
4.8256297 44.330566 -2.786079187 5.0 48.0
4.8256297 44.330566 -2.786079188 4.0 49.0
5.4288335 45.009285 -3.1343389188 4.0 49.0
5.4288335 45.009285 -3.1343389189 3.0 50.0
6.0320373 45.688004 -3.4825988189 3.0 50.0
6.0320373 45.688004 -3.4825988190 0.0 51.0
6.873983 45.66283 -3.968696190 0.0 51.0
6.873983 45.66283 -3.968696191 0.0 52.0
7.846178 45.637657 -3.968696191 0.0 52.0
6.0320373 45.688004 -3.4825988192 2.0 51.0
6.728557 46.366722 -3.4825988192 2.0 51.0
6.728557 46.366722 -3.4825988193 1.0 52.0
7.425077 47.04544 -3.4825988193 1.0 52.0
7.425077 47.04544 -3.4825988194 0.0 53.0
8.267022 47.020267 -3.968696194 0.0 53.0
8.267022 47.020267 -3.968696195 0.0 54.0
9.239217 46.995094 -3.968696195 0.0 54.0
7.425077 47.04544 -3.4825988196 0.0 53.0
7.425077 48.01796 -3.4825988196 0.0 53.0
7.425077 48.01796 -3.4825988197 0.0 54.0
7.425077 48.99048 -3.4825988197 0.0 54.0
4.8256297 44.330566 -2.786079198 4.0 49.0
4.12911 45.009285 -2.786079198 4.0 49.0
4.12911 45.009285 -2.786079199 3.0 50.0
3.4325902 45.688004 -2.786079199 3.0 50.0
3.4325902 45.688004 -2.786079200 0.0 51.0
3.4325902 46.660522 -2.786079200 0.0 51.0
3.4325902 46.660522 -2.786079201 0.0 52.0
3.4325902 47.63304 -2.786079201 0.0 52.0
3.4325902 45.688004 -2.786079202 2.0 51.0
2.7360706 46.366722 -2.786079202 2.0 51.0
2.7360706 46.366722 -2.786079203 1.0 52.0
2.039551 47.04544 -2.786079203 1.0 52.0
2.039551 47.04544 -2.786079204 0.0 53.0
2.039551 48.01796 -2.786079204 0.0 53.0
2.039551 48.01796 -2.786079205 0.0 54.0
2.039551 48.99048 -2.786079205 0.0 54.0
2.039551 47.04544 -2.786079206 0.0 53.0
1.0673561 47.020267 -2.786079206 0.0 53.0
1.0673561 47.020267 -2.786079207 0.0 54.0
0.0951612 46.995094 -2.786079207 0.0 54.0
4.8256297 36.55041 -2.786079208 20.0 41.0
5.5221496 37.22913 -2.786079208 20.0 41.0
5.5221496 37.22913 -2.786079209 19.0 42.0
6.2186694 37.90785 -2.786079209 19.0 42.0
6.2186694 37.90785 -2.786079210 18.0 43.0
6.9151893 38.586567 -2.786079210 18.0 43.0
6.9151893 38.586567 -2.786079211 17.0 44.0
7.611709 39.265285 -2.786079211 17.0 44.0
7.611709 39.265285 -2.786079212 16.0 45.0
8.3082285 39.944004 -2.786079212 16.0 45.0
8.3082285 39.944004 -2.786079213 15.0 46.0
9.004748 40.622723 -2.786079213 15.0 46.0
9.004748 40.622723 -2.786079214 14.0 47.0
9.701268 41.30144 -2.786079214 14.0 47.0
9.701268 41.30144 -2.786079215 13.0 48.0
10.397788 41.98016 -2.786079215 13.0 48.0
10.397788 41.98016 -2.786079216 12.0 49.0
11.239734 41.954987 -3.2721763216 12.0 49.0
11.239734 41.954987 -3.2721763217 11.0 50.0
12.081679 41.929813 -3.7582736217 11.0 50.0
12.081679 41.929813 -3.7582736218 10.0 51.0
12.923625 41.90464 -4.244371218 10.0 51.0
12.923625 41.90464 -4.244371219 9.0 52.0
13.765571 41.879467 -4.7304683219 9.0 52.0
13.765571 41.879467 -4.7304683220 4.0 53.0
14.368774 42.558186 -5.078728220 4.0 53.0
14.368774 42.558186 -5.078728221 3.0 54.0
14.971978 43.236904 -5.426988221 3.0 54.0
14.971978 43.236904 -5.426988222 0.0 55.0
15.813924 43.21173 -5.9130855222 0.0 55.0
15.813924 43.21173 -5.9130855223 0.0 56.0
16.78612 43.186558 -5.9130855223 0.0 56.0
14.971978 43.236904 -5.426988224 2.0 55.0
15.668498 43.915623 -5.426988224 2.0 55.0
15.668498 43.915623 -5.426988225 1.0 56.0
16.365017 44.59434 -5.426988225 1.0 56.0
16.365017 44.59434 -5.426988226 0.0 57.0
17.206963 44.569168 -5.9130855226 0.0 57.0
17.206963 44.569168 -5.9130855227 0.0 58.0
18.179157 44.543995 -5.9130855227 0.0 58.0
16.365017 44.59434 -5.426988228 0.0 57.0
16.365017 45.566864 -5.426988228 0.0 57.0
16.365017 45.566864 -5.426988229 0.0 58.0
16.365017 46.539383 -5.426988229 0.0 58.0
13.765571 41.879467 -4.7304683230 8.0 53.0
14.737765 41.854294 -4.7304683230 8.0 53.0
14.737765 41.854294 -4.7304683231 7.0 54.0
15.70996 41.82912 -4.7304683231 7.0 54.0
15.70996 41.82912 -4.7304683232 6.0 55.0
16.682156 41.803947 -4.7304683232 6.0 55.0
16.682156 41.803947 -4.7304683233 5.0 56.0
17.65435 41.778774 -4.7304683233 5.0 56.0
17.65435 41.778774 -4.7304683234 4.0 57.0
18.226326 41.06492 -5.0606985234 4.0 57.0
18.226326 41.06492 -5.0606985235 3.0 58.0
18.798302 40.351063 -5.3909287235 3.0 58.0
18.798302 40.351063 -5.3909287236 0.0 59.0
18.754713 39.379845 -5.365763236 0.0 59.0
18.754713 39.379845 -5.365763237 0.0 60.0
18.704382 38.408627 -5.365763237 0.0 60.0
18.798302 40.351063 -5.3909287238 2.0 59.0
19.458761 39.637207 -5.3909287238 2.0 59.0
19.458761 39.637207 -5.3909287239 1.0 60.0
20.11922 38.92335 -5.3909287239 1.0 60.0
20.11922 38.92335 -5.3909287240 0.0 61.0
20.075632 37.952133 -5.365763240 0.0 61.0
20.075632 37.952133 -5.365763241 0.0 62.0
20.025301 36.980915 -5.365763241 0.0 62.0
20.11922 38.92335 -5.3909287242 0.0 61.0
21.091415 38.89818 -5.3909287242 0.0 61.0
21.091415 38.89818 -5.3909287243 0.0 62.0
22.06361 38.873005 -5.3909287243 0.0 62.0
17.65435 41.778774 -4.7304683244 4.0 57.0
18.35087 42.457493 -4.7304683244 4.0 57.0
18.35087 42.457493 -4.7304683245 3.0 58.0
19.04739 43.13621 -4.7304683245 3.0 58.0
19.04739 43.13621 -4.7304683246 0.0 59.0
19.889336 43.11104 -5.2165656246 0.0 59.0
19.889336 43.11104 -5.2165656247 0.0 60.0
20.86153 43.085865 -5.2165656247 0.0 60.0
19.04739 43.13621 -4.7304683248 2.0 59.0
19.74391 43.81493 -4.7304683248 2.0 59.0
19.74391 43.81493 -4.7304683249 1.0 60.0
20.44043 44.49365 -4.7304683249 1.0 60.0
20.44043 44.49365 -4.7304683250 0.0 61.0
21.282375 44.468475 -5.2165656250 0.0 61.0
21.282375 44.468475 -5.2165656251 0.0 62.0
22.25457 44.443302 -5.2165656251 0.0 62.0
20.44043 44.49365 -4.7304683252 0.0 61.0
20.44043 45.46617 -4.7304683252 0.0 61.0
20.44043 45.46617 -4.7304683253 0.0 62.0
20.44043 46.43869 -4.7304683253 0.0 62.0
10.397788 41.98016 -2.786079254 12.0 49.0
10.397788 42.952682 -2.786079254 12.0 49.0
10.397788 42.952682 -2.786079255 11.0 50.0
10.397788 43.9252 -2.786079255 11.0 50.0
10.397788 43.9252 -2.786079256 10.0 51.0
10.397788 44.89772 -2.786079256 10.0 51.0
10.397788 44.89772 -2.786079257 9.0 52.0
10.397788 45.87024 -2.786079257 9.0 52.0
10.397788 45.87024 -2.786079258 4.0 53.0
9.794584 46.548958 -2.437819258 4.0 53.0
9.794584 46.548958 -2.437819259 3.0 54.0
9.1913805 47.227676 -2.089559259 3.0 54.0
9.1913805 47.227676 -2.089559260 0.0 55.0
9.1913805 48.200195 -2.089559260 0.0 55.0
9.1913805 48.200195 -2.089559261 0.0 56.0
9.1913805 49.172714 -2.089559261 0.0 56.0
9.1913805 47.227676 -2.089559262 2.0 55.0
8.494861 47.906395 -2.089559262 2.0 55.0
8.494861 47.906395 -2.089559263 1.0 56.0
7.798341 48.585114 -2.089559263 1.0 56.0
7.798341 48.585114 -2.089559264 0.0 57.0
7.798341 49.557632 -2.089559264 0.0 57.0
7.798341 49.557632 -2.089559265 0.0 58.0
7.798341 50.53015 -2.089559265 0.0 58.0
7.798341 48.585114 -2.089559266 0.0 57.0
6.826146 48.55994 -2.089559266 0.0 57.0
6.826146 48.55994 -2.089559267 0.0 58.0
5.8539515 48.534767 -2.089559267 0.0 58.0
10.397788 45.87024 -2.786079268 8.0 53.0
10.397788 46.84276 -2.786079268 8.0 53.0
10.397788 46.84276 -2.786079269 7.0 54.0
10.397788 47.815277 -2.786079269 7.0 54.0
10.397788 47.815277 -2.786079270 6.0 55.0
10.397788 48.787796 -2.786079270 6.0 55.0
10.397788 48.787796 -2.786079271 5.0 56.0
10.397788 49.760315 -2.786079271 5.0 56.0
10.397788 49.760315 -2.786079272 4.0 57.0
11.000992 50.439034 -3.1343389272 4.0 57.0
11.000992 50.439034 -3.1343389273 3.0 58.0
11.604196 51.117752 -3.4825988273 3.0 58.0
11.604196 51.117752 -3.4825988274 0.0 59.0
12.446141 51.09258 -3.968696274 0.0 59.0
12.446141 51.09258 -3.968696275 0.0 60.0
13.418336 51.067406 -3.968696275 0.0 60.0
11.604196 51.117752 -3.4825988276 2.0 59.0
12.300715 51.79647 -3.4825988276 2.0 59.0
12.300715 51.79647 -3.4825988277 1.0 60.0
12.997235 52.47519 -3.4825988277 1.0 60.0
12.997235 52.47519 -3.4825988278 0.0 61.0
13.839181 52.450016 -3.968696278 0.0 61.0
13.839181 52.450016 -3.968696279 0.0 62.0
14.811376 52.424843 -3.968696279 0.0 62.0
12.997235 52.47519 -3.4825988280 0.0 61.0
12.997235 53.44771 -3.4825988280 0.0 61.0
12.997235 53.44771 -3.4825988281 0.0 62.0
12.997235 54.420227 -3.4825988281 0.0 62.0
10.397788 49.760315 -2.786079282 4.0 57.0
9.701268 50.439034 -2.786079282 4.0 57.0
9.701268 50.439034 -2.786079283 3.0 58.0
9.004748 51.117752 -2.786079283 3.0 58.0
9.004748 51.117752 -2.786079284 0.0 59.0
9.004748 52.09027 -2.786079284 0.0 59.0
9.004748 52.09027 -2.786079285 0.0 60.0
9.004748 53.06279 -2.786079285 0.0 60.0
9.004748 51.117752 -2.786079286 2.0 59.0
8.3082285 51.79647 -2.786079286 2.0 59.0
8.3082285 51.79647 -2.786079287 1.0 60.0
7.6117086 52.47519 -2.786079287 1.0 60.0
7.6117086 52.47519 -2.786079288 0.0 61.0
7.6117086 53.44771 -2.786079288 0.0 61.0
7.6117086 53.44771 -2.786079289 0.0 62.0
7.6117086 54.420227 -2.786079289 0.0 62.0
7.6117086 52.47519 -2.786079290 0.0 61.0
6.639514 52.450016 -2.786079290 0.0 61.0
6.639514 52.450016 -2.786079291 0.0 62.0
5.6673193 52.424843 -2.786079291 0.0 62.0
0.0 31.120667 0.0292 28.0 33.0
-0.6965197 31.799383 0.0292 28.0 33.0
-0.6965197 31.799383 0.0293 27.0 34.0
-1.3930393 32.4781 0.0293 27.0 34.0
-1.3930393 32.4781 0.0294 26.0 35.0
-2.089559 33.15682 0.0294 26.0 35.0
-2.089559 33.15682 0.0295 25.0 36.0
-2.7860787 33.835537 0.0295 25.0 36.0
-2.7860787 33.835537 0.0296 24.0 37.0
-3.4825983 34.514256 0.0296 24.0 37.0
-3.4825983 34.514256 0.0297 23.0 38.0
-4.179118 35.192974 0.0297 23.0 38.0
-4.179118 35.192974 0.0298 22.0 39.0
-4.875638 35.871693 0.0298 22.0 39.0
-4.875638 35.871693 0.0299 21.0 40.0
-5.572158 36.55041 0.0299 21.0 40.0
-5.572158 36.55041 0.0300 12.0 41.0
-6.4141035 36.525238 0.48609746300 12.0 41.0
-6.4141035 36.525238 0.48609746301 11.0 42.0
-7.256049 36.500065 0.9721949301 11.0 42.0
-7.256049 36.500065 0.9721949302 10.0 43.0
-8.097995 36.47489 1.4582924302 10.0 43.0
-8.097995 36.47489 1.4582924303 9.0 44.0
-8.93994 36.44972 1.9443898303 9.0 44.0
-8.93994 36.44972 1.9443898304 4.0 45.0
-9.511915 35.735863 2.2746198304 4.0 45.0
-9.511915 35.735863 2.2746198305 3.0 46.0
-10.08389 35.022007 2.6048498305 3.0 46.0
-10.08389 35.022007 2.6048498306 0.0 47.0
-10.925836 34.996834 3.0909472306 0.0 47.0
-10.925836 34.996834 3.0909472307 0.0 48.0
-11.89803 34.97166 3.0909472307 0.0 48.0
-10.08389 35.022007 2.6048498308 2.0 47.0
-10.74435 34.30815 2.6048498308 2.0 47.0
-10.74435 34.30815 2.6048498309 1.0 48.0
-11.404811 33.594296 2.6048498309 1.0 48.0
-11.404811 33.594296 2.6048498310 0.0 49.0
-12.246757 33.569122 3.0909472310 0.0 49.0
-12.246757 33.569122 3.0909472311 0.0 50.0
-13.218951 33.54395 3.0909472311 0.0 50.0
-11.404811 33.594296 2.6048498312 0.0 49.0
-11.35448 32.623077 2.6048498312 0.0 49.0
-11.35448 32.623077 2.6048498313 0.0 50.0
-11.304149 31.65186 2.6048498313 0.0 50.0
-8.93994 36.44972 1.9443898314 8.0 45.0
-9.912135 36.424545 1.9443898314 8.0 45.0
-9.912135 36.424545 1.9443898315 7.0 46.0
-10.88433 36.399372 1.9443898315 7.0 46.0
-10.88433 36.399372 1.9443898316 6.0 47.0
-11.856524 36.3742 1.9443898316 6.0 47.0
-11.856524 36.3742 1.9443898317 5.0 48.0
-12.828719 36.349026 1.9443898317 5.0 48.0
-12.828719 36.349026 1.9443898318 4.0 49.0
-13.431923 37.027744 2.2926497318 4.0 49.0
-13.431923 37.027744 2.2926497319 3.0 50.0
-14.035127 37.706463 2.6409097319 3.0 50.0
-14.035127 37.706463 2.6409097320 0.0 51.0
-14.035127 38.678986 2.6409097320 0.0 51.0
-14.035127 38.678986 2.6409097321 0.0 52.0
-14.035127 39.651505 2.6409097321 0.0 52.0
-14.035127 37.706463 2.6409097322 2.0 51.0
-14.731647 38.38518 2.6409097322 2.0 51.0
-14.731647 38.38518 2.6409097323 1.0 52.0
-15.428166 39.0639 2.6409097323 1.0 52.0
-15.428166 39.0639 2.6409097324 0.0 53.0
-15.428166 40.036423 2.6409097324 0.0 53.0
-15.428166 40.036423 2.6409097325 0.0 54.0
-15.428166 41.00894 2.6409097325 0.0 54.0
-15.428166 39.0639 2.6409097326 0.0 53.0
-16.400362 39.038727 2.6409097326 0.0 53.0
-16.400362 39.038727 2.6409097327 0.0 54.0
-17.372557 39.013554 2.6409097327 0.0 54.0
-12.828719 36.349026 1.9443898328 4.0 49.0
-13.48918 35.63517 1.9443898328 4.0 49.0
-13.48918 35.63517 1.9443898329 3.0 50.0
-14.14964 34.921314 1.9443898329 3.0 50.0
-14.14964 34.921314 1.9443898330 0.0 51.0
-14.991586 34.89614 2.4304872330 0.0 51.0
-14.991586 34.89614 2.4304872331 0.0 52.0
-15.96378 34.870968 2.4304872331 0.0 52.0
-14.14964 34.921314 1.9443898332 2.0 51.0
-14.810101 34.20746 1.9443898332 2.0 51.0
-14.810101 34.20746 1.9443898333 1.0 52.0
-15.470561 33.493603 1.9443898333 1.0 52.0
-15.470561 33.493603 1.9443898334 0.0 53.0
-16.312506 33.46843 2.4304872334 0.0 53.0
-16.312506 33.46843 2.4304872335 0.0 54.0
-17.2847 33.443256 2.4304872335 0.0 54.0
-15.470561 33.493603 1.9443898336 0.0 53.0
-15.42023 32.522385 1.9443898336 0.0 53.0
-15.42023 32.522385 1.9443898337 0.0 54.0
-15.369899 31.551167 1.9443898337 0.0 54.0
-5.572158 36.55041 0.0338 20.0 41.0
-6.2686777 37.22913 0.0338 20.0 41.0
-6.2686777 37.22913 0.0339 19.0 42.0
-6.9651976 37.90785 0.0339 19.0 42.0
-6.9651976 37.90785 0.0340 18.0 43.0
-7.6617174 38.586567 0.0340 18.0 43.0
-7.6617174 38.586567 0.0341 17.0 44.0
-8.358237 39.265285 0.0341 17.0 44.0
-8.358237 39.265285 0.0342 16.0 45.0
-9.054757 39.944004 0.0342 16.0 45.0
-9.054757 39.944004 0.0343 15.0 46.0
-9.751277 40.622723 0.0343 15.0 46.0
-9.751277 40.622723 0.0344 14.0 47.0
-10.447797 41.30144 0.0344 14.0 47.0
-10.447797 41.30144 0.0345 13.0 48.0
-11.144317 41.98016 0.0345 13.0 48.0
-11.144317 41.98016 0.0346 12.0 49.0
-11.144317 42.952682 0.0346 12.0 49.0
-11.144317 42.952682 0.0347 11.0 50.0
-11.144317 43.9252 0.0347 11.0 50.0
-11.144317 43.9252 0.0348 10.0 51.0
-11.144317 44.89772 0.0348 10.0 51.0
-11.144317 44.89772 0.0349 9.0 52.0
-11.144317 45.87024 0.0349 9.0 52.0
-11.144317 45.87024 0.0350 4.0 53.0
-11.74752 46.548958 0.34825984350 4.0 53.0
-11.74752 46.548958 0.34825984351 3.0 54.0
-12.350724 47.227676 0.6965197351 3.0 54.0
-12.350724 47.227676 0.6965197352 0.0 55.0
-12.350724 48.200195 0.6965197352 0.0 55.0
-12.350724 48.200195 0.6965197353 0.0 56.0
-12.350724 49.172714 0.6965197353 0.0 56.0
-12.350724 47.227676 0.6965197354 2.0 55.0
-13.047244 47.906395 0.6965197354 2.0 55.0
-13.047244 47.906395 0.6965197355 1.0 56.0
-13.743764 48.585114 0.6965197355 1.0 56.0
-13.743764 48.585114 0.6965197356 0.0 57.0
-13.743764 49.557632 0.6965197356 0.0 57.0
-13.743764 49.557632 0.6965197357 0.0 58.0
-13.743764 50.53015 0.6965197357 0.0 58.0
-13.743764 48.585114 0.6965197358 0.0 57.0
-14.715959 48.55994 0.6965197358 0.0 57.0
-14.715959 48.55994 0.6965197359 0.0 58.0
-15.688153 48.534767 0.6965197359 0.0 58.0
-11.144317 45.87024 0.0360 8.0 53.0
-11.144317 46.84276 0.0360 8.0 53.0
-11.144317 46.84276 0.0361 7.0 54.0
-11.144317 47.815277 0.0361 7.0 54.0
-11.144317 47.815277 0.0362 6.0 55.0
-11.144317 48.787796 0.0362 6.0 55.0
-11.144317 48.787796 0.0363 5.0 56.0
-11.144317 49.760315 0.0363 5.0 56.0
-11.144317 49.760315 0.0364 4.0 57.0
-10.541113 50.439034 -0.34825984364 4.0 57.0
-10.541113 50.439034 -0.34825984365 3.0 58.0
-9.937909 51.117752 -0.6965197365 3.0 58.0
-9.937909 51.117752 -0.6965197366 0.0 59.0
-9.0959635 51.09258 -1.1826172366 0.0 59.0
-9.0959635 51.09258 -1.1826172367 0.0 60.0
-8.123769 51.067406 -1.1826172367 0.0 60.0
-9.937909 51.117752 -0.6965197368 2.0 59.0
-9.241389 51.79647 -0.6965197368 2.0 59.0
-9.241389 51.79647 -0.6965197369 1.0 60.0
-8.544869 52.47519 -0.6965197369 1.0 60.0
-8.544869 52.47519 -0.6965197370 0.0 61.0
-7.702924 52.450016 -1.1826172370 0.0 61.0
-7.702924 52.450016 -1.1826172371 0.0 62.0
-6.730729 52.424843 -1.1826172371 0.0 62.0
-8.544869 52.47519 -0.6965197372 0.0 61.0
-8.544869 53.44771 -0.6965197372 0.0 61.0
-8.544869 53.44771 -0.6965197373 0.0 62.0
-8.544869 54.420227 -0.6965197373 0.0 62.0
-11.144317 49.760315 0.0374 4.0 57.0
-11.840837 50.439034 0.0374 4.0 57.0
-11.840837 50.439034 0.0375 3.0 58.0
-12.537356 51.117752 0.0375 3.0 58.0
-12.537356 51.117752 0.0376 0.0 59.0
-12.537356 52.09027 0.0376 0.0 59.0
-12.537356 52.09027 0.0377 0.0 60.0
-12.537356 53.06279 0.0377 0.0 60.0
-12.537356 51.117752 0.0378 2.0 59.0
-13.233876 51.79647 0.0378 2.0 59.0
-13.233876 51.79647 0.0379 1.0 60.0
-13.930396 52.47519 0.0379 1.0 60.0
-13.930396 52.47519 0.0380 0.0 61.0
-13.930396 53.44771 0.0380 0.0 61.0
-13.930396 53.44771 0.0381 0.0 62.0
-13.930396 54.420227 0.0381 0.0 62.0
-13.930396 52.47519 0.0382 0.0 61.0
-14.902591 52.450016 0.0382 0.0 61.0
-14.902591 52.450016 0.0383 0.0 62.0
-15.874785 52.424843 0.0383 0.0 62.0
-11.144317 41.98016 0.0384 12.0 49.0
-12.116511 41.954987 0.0384 12.0 49.0
-12.116511 41.954987 0.0385 11.0 50.0
-13.088706 41.929813 0.0385 11.0 50.0
-13.088706 41.929813 0.0386 10.0 51.0
-14.060901 41.90464 0.0386 10.0 51.0
-14.060901 41.90464 0.0387 9.0 52.0
-15.033095 41.879467 0.0387 9.0 52.0
-15.033095 41.879467 0.0388 4.0 53.0
-15.60507 41.16561 0.33023003388 4.0 53.0
-15.60507 41.16561 0.33023003389 3.0 54.0
-16.177046 40.451756 0.66046005389 3.0 54.0
-16.177046 40.451756 0.66046005390 0.0 55.0
-17.018991 40.426582 1.1465576390 0.0 55.0
-17.018991 40.426582 1.1465576391 0.0 56.0
-17.991186 40.40141 1.1465576391 0.0 56.0
-16.177046 40.451756 0.66046005392 2.0 55.0
-16.837505 39.7379 0.66046005392 2.0 55.0
-16.837505 39.7379 0.66046005393 1.0 56.0
-17.497965 39.024044 0.66046005393 1.0 56.0
-17.497965 39.024044 0.66046005394 0.0 57.0
-18.33991 38.99887 1.1465576394 0.0 57.0
-18.33991 38.99887 1.1465576395 0.0 58.0
-19.312105 38.973698 1.1465576395 0.0 58.0
-17.497965 39.024044 0.66046005396 0.0 57.0
-17.447634 38.052826 0.66046005396 0.0 57.0
-17.447634 38.052826 0.66046005397 0.0 58.0
-17.397303 37.081608 0.66046005397 0.0 58.0
-15.033095 41.879467 0.0398 8.0 53.0
-16.005291 41.854294 0.0398 8.0 53.0
-16.005291 41.854294 0.0399 7.0 54.0
-16.977486 41.82912 0.0399 7.0 54.0
-16.977486 41.82912 0.0400 6.0 55.0
-17.94968 41.803947 0.0400 6.0 55.0
-17.94968 41.803947 0.0401 5.0 56.0
-18.921875 41.778774 0.0401 5.0 56.0
-18.921875 41.778774 0.0402 4.0 57.0
-19.525078 42.457493 0.34825984402 4.0 57.0
-19.525078 42.457493 0.34825984403 3.0 58.0
-20.12828 43.13621 0.6965197403 3.0 58.0
-20.12828 43.13621 0.6965197404 0.0 59.0
-20.12828 44.108734 0.6965197404 0.0 59.0
-20.12828 44.108734 0.6965197405 0.0 60.0
-20.12828 45.081253 0.6965197405 0.0 60.0
-20.12828 43.13621 0.6965197406 2.0 59.0
-20.8248 43.81493 0.6965197406 2.0 59.0
-20.8248 43.81493 0.6965197407 1.0 60.0
-21.52132 44.49365 0.6965197407 1.0 60.0
-21.52132 44.49365 0.6965197408 0.0 61.0
-21.52132 45.46617 0.6965197408 0.0 61.0
-21.52132 45.46617 0.6965197409 0.0 62.0
-21.52132 46.43869 0.6965197409 0.0 62.0
-21.52132 44.49365 0.6965197410 0.0 61.0
-22.493515 44.468475 0.6965197410 0.0 61.0
-22.493515 44.468475 0.6965197411 0.0 62.0
-23.46571 44.443302 0.6965197411 0.0 62.0
-18.921875 41.778774 0.0412 4.0 57.0
-19.582335 41.06492 0.0412 4.0 57.0
-19.582335 41.06492 0.0413 3.0 58.0
-20.242794 40.351063 0.0413 3.0 58.0
-20.242794 40.351063 0.0414 0.0 59.0
-21.08474 40.32589 0.48609746414 0.0 59.0
-21.08474 40.32589 0.48609746415 0.0 60.0
-22.056934 40.300716 0.48609746415 0.0 60.0
-20.242794 40.351063 0.0416 2.0 59.0
-20.903254 39.637207 0.0416 2.0 59.0
-20.903254 39.637207 0.0417 1.0 60.0
-21.563713 38.92335 0.0417 1.0 60.0
-21.563713 38.92335 0.0418 0.0 61.0
-22.405659 38.89818 0.48609746418 0.0 61.0
-22.405659 38.89818 0.48609746419 0.0 62.0
-23.377853 38.873005 0.48609746419 0.0 62.0
-21.563713 38.92335 0.0420 0.0 61.0
-21.513382 37.952133 0.0420 0.0 61.0
-21.513382 37.952133 0.0421 0.0 62.0
-21.46305 36.980915 0.0421 0.0 62.0
