0.0 0.0 0.00 28.0 1.0
0.0 1.6437511 0.00 28.0 1.0
0.0 1.6437511 0.01 27.0 2.0
0.0 3.2875023 0.01 27.0 2.0
0.0 3.2875023 0.02 26.0 3.0
0.0 4.9312534 0.02 26.0 3.0
0.0 4.9312534 0.03 25.0 4.0
0.0 6.5750046 0.03 25.0 4.0
0.0 6.5750046 0.04 24.0 5.0
0.0 8.218756 0.04 24.0 5.0
0.0 8.218756 0.05 23.0 6.0
0.0 9.862507 0.05 23.0 6.0
0.0 9.862507 0.06 22.0 7.0
0.0 11.506258 0.06 22.0 7.0
0.0 11.506258 0.07 21.0 8.0
0.0 13.150009 0.07 21.0 8.0
0.0 13.150009 0.08 12.0 9.0
-0.6599791 14.606427 0.38103918 12.0 9.0
-0.6599791 14.606427 0.38103919 11.0 10.0
-1.3199582 16.062845 0.76207829 11.0 10.0
-1.3199582 16.062845 0.762078210 10.0 11.0
-1.9799373 17.519264 1.143117310 10.0 11.0
-1.9799373 17.519264 1.143117311 9.0 12.0
-2.6399164 18.975683 1.524156511 9.0 12.0
-2.6399164 18.975683 1.524156512 4.0 13.0
-3.8094435 19.912804 2.199383312 4.0 13.0
-3.8094435 19.912804 2.199383313 3.0 14.0
-4.9789705 20.849924 2.8746113 3.0 14.0
-4.9789705 20.849924 2.8746114 0.0 15.0
-6.3914714 21.054144 3.690117814 0.0 15.0
-6.3914714 21.054144 3.690117815 0.0 16.0
-8.022487 21.258364 3.690117815 0.0 16.0
-4.9789705 20.849924 2.8746116 0.0 15.0
-5.6389494 22.306343 3.25564916 0.0 15.0
-5.6389494 22.306343 3.25564917 0.0 16.0
-6.4010277 23.762762 3.25564917 0.0 16.0
-4.9789705 20.849924 2.8746118 2.0 15.0
-6.329424 21.787045 2.8746118 2.0 15.0
-6.329424 21.787045 2.8746119 1.0 16.0
-7.6798773 22.724165 2.8746119 1.0 16.0
-7.6798773 22.724165 2.8746120 0.0 17.0
-9.030331 23.661285 2.8746120 0.0 17.0
-9.030331 23.661285 2.8746121 0.0 18.0
-10.380784 24.598406 2.8746121 0.0 18.0
-2.6399164 18.975683 1.524156522 4.0 13.0
-2.6399164 20.619434 1.524156522 4.0 13.0
-2.6399164 20.619434 1.524156523 3.0 14.0
-2.6399164 22.263186 1.524156523 3.0 14.0
-2.6399164 22.263186 1.524156524 0.0 15.0
-3.2998955 23.719604 1.905195624 0.0 15.0
-3.2998955 23.719604 1.905195625 0.0 16.0
-4.0619736 25.176023 1.905195625 0.0 16.0
-2.6399164 22.263186 1.524156526 0.0 15.0
-1.9799373 23.719604 1.143117326 0.0 15.0
-1.9799373 23.719604 1.143117327 0.0 16.0
-1.217859 25.176023 1.143117327 0.0 16.0
-2.6399164 22.263186 1.524156528 2.0 15.0
-2.6399164 23.906937 1.524156528 2.0 15.0
-2.6399164 23.906937 1.524156529 1.0 16.0
-2.6399164 25.550688 1.524156529 1.0 16.0
-2.6399164 25.550688 1.524156530 0.0 17.0
-2.6399164 27.194439 1.524156530 0.0 17.0
-2.6399164 27.194439 1.524156531 0.0 18.0
-2.6399164 28.83819 1.524156531 0.0 18.0
-2.6399164 18.975683 1.524156532 8.0 13.0
-3.4019947 20.432102 1.524156532 8.0 13.0
-3.4019947 20.432102 1.524156533 7.0 14.0
-4.164073 21.888521 1.524156533 7.0 14.0
-4.164073 21.888521 1.524156534 6.0 15.0
-4.9261513 23.34494 1.524156534 6.0 15.0
-4.9261513 23.34494 1.524156535 5.0 16.0
-5.6882296 24.80136 1.524156535 5.0 16.0
-5.6882296 24.80136 1.524156536 4.0 17.0
-6.450308 26.257778 1.524156536 4.0 17.0
-6.450308 26.257778 1.524156537 3.0 18.0
-7.212386 27.714197 1.524156537 3.0 18.0
-7.212386 27.714197 1.524156538 0.0 19.0
-8.381913 28.651318 2.199383338 0.0 19.0
-8.381913 28.651318 2.199383339 0.0 20.0
-9.732367 29.588438 2.199383339 0.0 20.0
-7.212386 27.714197 1.524156540 0.0 19.0
-7.212386 29.357948 1.524156540 0.0 19.0
-7.212386 29.357948 1.524156541 0.0 20.0
-7.212386 31.0017 1.524156541 0.0 20.0
-7.212386 27.714197 1.524156542 2.0 19.0
-7.9744644 29.170616 1.524156542 2.0 19.0
-7.9744644 29.170616 1.524156543 1.0 20.0
-8.736543 30.627035 1.524156543 1.0 20.0
-8.736543 30.627035 1.524156544 0.0 21.0
-9.498621 32.083454 1.524156544 0.0 21.0
-9.498621 32.083454 1.524156545 0.0 22.0
-10.260699 33.53987 1.524156545 0.0 22.0
0.0 13.150009 0.046 12.0 9.0
0.6599791 14.606427 -0.381039146 12.0 9.0
0.6599791 14.606427 -0.381039147 11.0 10.0
1.3199582 16.062845 -0.762078247 11.0 10.0
1.3199582 16.062845 -0.762078248 10.0 11.0
1.9799373 17.519264 -1.143117348 10.0 11.0
1.9799373 17.519264 -1.143117349 9.0 12.0
2.6399164 18.975683 -1.524156549 9.0 12.0
2.6399164 18.975683 -1.524156550 4.0 13.0
2.6399164 20.619434 -1.524156550 4.0 13.0
2.6399164 20.619434 -1.524156551 3.0 14.0
2.6399164 22.263186 -1.524156551 3.0 14.0
2.6399164 22.263186 -1.524156552 0.0 15.0
1.9799373 23.719604 -1.143117352 0.0 15.0
1.9799373 23.719604 -1.143117353 0.0 16.0
1.217859 25.176023 -1.143117353 0.0 16.0
2.6399164 22.263186 -1.524156554 0.0 15.0
3.2998955 23.719604 -1.905195654 0.0 15.0
3.2998955 23.719604 -1.905195655 0.0 16.0
4.0619736 25.176023 -1.905195655 0.0 16.0
2.6399164 22.263186 -1.524156556 2.0 15.0
2.6399164 23.906937 -1.524156556 2.0 15.0
2.6399164 23.906937 -1.524156557 1.0 16.0
2.6399164 25.550688 -1.524156557 1.0 16.0
2.6399164 25.550688 -1.524156558 0.0 17.0
2.6399164 27.194439 -1.524156558 0.0 17.0
2.6399164 27.194439 -1.524156559 0.0 18.0
2.6399164 28.83819 -1.524156559 0.0 18.0
2.6399164 18.975683 -1.524156560 4.0 13.0
3.8094435 19.912804 -2.199383360 4.0 13.0
3.8094435 19.912804 -2.199383361 3.0 14.0
4.9789705 20.849924 -2.8746161 3.0 14.0
4.9789705 20.849924 -2.8746162 0.0 15.0
5.6389494 22.306343 -3.25564962 0.0 15.0
5.6389494 22.306343 -3.25564963 0.0 16.0
6.4010277 23.762762 -3.25564963 0.0 16.0
4.9789705 20.849924 -2.8746164 0.0 15.0
6.3914714 21.054144 -3.690117864 0.0 15.0
6.3914714 21.054144 -3.690117865 0.0 16.0
8.022487 21.258364 -3.690117865 0.0 16.0
4.9789705 20.849924 -2.8746166 2.0 15.0
6.329424 21.787045 -2.8746166 2.0 15.0
6.329424 21.787045 -2.8746167 1.0 16.0
7.6798773 22.724165 -2.8746167 1.0 16.0
7.6798773 22.724165 -2.8746168 0.0 17.0
9.030331 23.661285 -2.8746168 0.0 17.0
9.030331 23.661285 -2.8746169 0.0 18.0
10.380784 24.598406 -2.8746169 0.0 18.0
2.6399164 18.975683 -1.524156570 8.0 13.0
3.4019947 20.432102 -1.524156570 8.0 13.0
3.4019947 20.432102 -1.524156571 7.0 14.0
4.164073 21.888521 -1.524156571 7.0 14.0
4.164073 21.888521 -1.524156572 6.0 15.0
4.9261513 23.34494 -1.524156572 6.0 15.0
4.9261513 23.34494 -1.524156573 5.0 16.0
5.6882296 24.80136 -1.524156573 5.0 16.0
5.6882296 24.80136 -1.524156574 4.0 17.0
6.450308 26.257778 -1.524156574 4.0 17.0
6.450308 26.257778 -1.524156575 3.0 18.0
7.212386 27.714197 -1.524156575 3.0 18.0
7.212386 27.714197 -1.524156576 0.0 19.0
7.212386 29.357948 -1.524156576 0.0 19.0
7.212386 29.357948 -1.524156577 0.0 20.0
7.212386 31.0017 -1.524156577 0.0 20.0
7.212386 27.714197 -1.524156578 0.0 19.0
8.381913 28.651318 -2.199383378 0.0 19.0
8.381913 28.651318 -2.199383379 0.0 20.0
9.732367 29.588438 -2.199383379 0.0 20.0
7.212386 27.714197 -1.524156580 2.0 19.0
7.9744644 29.170616 -1.524156580 2.0 19.0
7.9744644 29.170616 -1.524156581 1.0 20.0
8.736543 30.627035 -1.524156581 1.0 20.0
8.736543 30.627035 -1.524156582 0.0 21.0
9.498621 32.083454 -1.524156582 0.0 21.0
9.498621 32.083454 -1.524156583 0.0 22.0
10.260699 33.53987 -1.524156583 0.0 22.0
0.0 13.150009 0.084 20.0 9.0
0.0 14.79376 0.084 20.0 9.0
0.0 14.79376 0.085 19.0 10.0
0.0 16.437511 0.085 19.0 10.0
0.0 16.437511 0.086 18.0 11.0
0.0 18.081263 0.086 18.0 11.0
0.0 18.081263 0.087 17.0 12.0
0.0 19.725014 0.087 17.0 12.0
0.0 19.725014 0.088 16.0 13.0
0.0 21.368765 0.088 16.0 13.0
0.0 21.368765 0.089 15.0 14.0
0.0 23.012516 0.089 15.0 14.0
0.0 23.012516 0.090 14.0 15.0
0.0 24.656267 0.090 14.0 15.0
0.0 24.656267 0.091 13.0 16.0
0.0 26.300018 0.091 13.0 16.0
0.0 26.300018 0.092 12.0 17.0
0.0 27.94377 0.092 12.0 17.0
0.0 27.94377 0.093 11.0 18.0
0.0 29.58752 0.093 11.0 18.0
0.0 29.58752 0.094 10.0 19.0
0.0 31.231272 0.094 10.0 19.0
0.0 31.231272 0.095 9.0 20.0
0.0 32.875023 0.095 9.0 20.0
0.0 32.875023 0.096 4.0 21.0
-0.6599791 34.33144 0.381039196 4.0 21.0
-0.6599791 34.33144 0.381039197 3.0 22.0
-1.3199582 35.787857 0.762078297 3.0 22.0
-1.3199582 35.787857 0.762078298 0.0 23.0
-2.4894853 36.724976 1.43730598 0.0 23.0
-2.4894853 36.724976 1.43730599 0.0 24.0
-3.8399389 37.662094 1.43730599 0.0 24.0
-1.3199582 35.787857 0.7620782100 0.0 23.0
-1.3199582 37.43161 0.7620782100 0.0 23.0
-1.3199582 37.43161 0.7620782101 0.0 24.0
-1.3199582 39.075363 0.7620782101 0.0 24.0
-1.3199582 35.787857 0.7620782102 2.0 23.0
-2.0820365 37.244274 0.7620782102 2.0 23.0
-2.0820365 37.244274 0.7620782103 1.0 24.0
-2.8441148 38.70069 0.7620782103 1.0 24.0
-2.8441148 38.70069 0.7620782104 0.0 25.0
-3.606193 40.15711 0.7620782104 0.0 25.0
-3.606193 40.15711 0.7620782105 0.0 26.0
-4.3682714 41.613525 0.7620782105 0.0 26.0
0.0 32.875023 0.0106 4.0 21.0
0.6599791 34.33144 -0.3810391106 4.0 21.0
0.6599791 34.33144 -0.3810391107 3.0 22.0
1.3199582 35.787857 -0.7620782107 3.0 22.0
1.3199582 35.787857 -0.7620782108 0.0 23.0
1.3199582 37.43161 -0.7620782108 0.0 23.0
1.3199582 37.43161 -0.7620782109 0.0 24.0
1.3199582 39.075363 -0.7620782109 0.0 24.0
1.3199582 35.787857 -0.7620782110 0.0 23.0
2.4894853 36.724976 -1.437305110 0.0 23.0
2.4894853 36.724976 -1.437305111 0.0 24.0
3.8399389 37.662094 -1.437305111 0.0 24.0
1.3199582 35.787857 -0.7620782112 2.0 23.0
2.0820365 37.244274 -0.7620782112 2.0 23.0
2.0820365 37.244274 -0.7620782113 1.0 24.0
2.8441148 38.70069 -0.7620782113 1.0 24.0
2.8441148 38.70069 -0.7620782114 0.0 25.0
3.606193 40.15711 -0.7620782114 0.0 25.0
3.606193 40.15711 -0.7620782115 0.0 26.0
4.3682714 41.613525 -0.7620782115 0.0 26.0
0.0 32.875023 0.0116 8.0 21.0
0.0 34.518776 0.0116 8.0 21.0
0.0 34.518776 0.0117 7.0 22.0
0.0 36.16253 0.0117 7.0 22.0
0.0 36.16253 0.0118 6.0 23.0
0.0 37.806282 0.0118 6.0 23.0
0.0 37.806282 0.0119 5.0 24.0
0.0 39.450035 0.0119 5.0 24.0
0.0 39.450035 0.0120 4.0 25.0
0.0 41.09379 0.0120 4.0 25.0
0.0 41.09379 0.0121 3.0 26.0
0.0 42.73754 0.0121 3.0 26.0
0.0 42.73754 0.0122 0.0 27.0
-0.6599791 44.19396 0.3810391122 0.0 27.0
-0.6599791 44.19396 0.3810391123 0.0 28.0
-1.4220574 45.650375 0.3810391123 0.0 28.0
0.0 42.73754 0.0124 0.0 27.0
0.6599791 44.19396 -0.3810391124 0.0 27.0
0.6599791 44.19396 -0.3810391125 0.0 28.0
1.4220574 45.650375 -0.3810391125 0.0 28.0
0.0 42.73754 0.0126 2.0 27.0
0.0 44.381294 0.0126 2.0 27.0
0.0 44.381294 0.0127 1.0 28.0
0.0 46.025047 0.0127 1.0 28.0
0.0 46.025047 0.0128 0.0 29.0
0.0 47.6688 0.0128 0.0 29.0
0.0 47.6688 0.0129 0.0 30.0
0.0 49.312553 0.0129 0.0 30.0
