0.0 0.0 0.00 14.0 1.0
0.0 4.3782377 0.00 14.0 1.0
0.0 4.3782377 0.01 0.0 2.0
1.2375396 8.51671 -0.71449391 0.0 2.0
0.0 4.3782377 0.02 13.0 2.0
0.0 8.756475 0.02 13.0 2.0
0.0 8.756475 0.03 0.0 3.0
1.2375396 12.894949 -0.71449393 0.0 3.0
1.2375396 12.894949 -0.71449394 0.0 4.0
3.577077 16.34039 -2.0652264 0.0 4.0
1.2375396 12.894949 -0.71449395 0.0 4.0
2.6665273 17.033422 -0.71449395 0.0 4.0
0.0 8.756475 0.06 12.0 3.0
0.0 13.134713 0.06 12.0 3.0
0.0 13.134713 0.07 0.0 4.0
1.2375396 17.273186 -0.71449397 0.0 4.0
0.0 13.134713 0.08 11.0 4.0
0.0 17.51295 0.08 11.0 4.0
0.0 17.51295 0.09 2.0 5.0
1.2375396 21.651424 -0.71449399 2.0 5.0
1.2375396 21.651424 -0.714493910 0.0 6.0
3.577077 25.096865 -2.06522610 0.0 6.0
1.2375396 21.651424 -0.714493911 1.0 6.0
2.6665273 25.789898 -0.714493911 1.0 6.0
2.6665273 25.789898 -0.714493912 0.0 7.0
5.0060644 29.235338 -2.06522612 0.0 7.0
5.0060644 29.235338 -2.06522613 0.0 8.0
8.1913595 31.61038 -3.90425713 0.0 8.0
5.0060644 29.235338 -2.06522614 0.0 8.0
7.707529 32.68078 -2.06522614 0.0 8.0
2.6665273 25.789898 -0.714493915 0.0 7.0
4.0955153 29.928371 -0.714493915 0.0 7.0
4.0955153 29.928371 -0.714493916 0.0 8.0
6.4350524 33.37381 -2.06522616 0.0 8.0
4.0955153 29.928371 -0.714493917 0.0 8.0
5.5245028 34.066845 -0.714493917 0.0 8.0
0.0 17.51295 0.018 10.0 5.0
0.0 21.89119 0.018 10.0 5.0
0.0 21.89119 0.019 0.0 6.0
1.2375396 26.029663 -0.714493919 0.0 6.0
0.0 21.89119 0.020 9.0 6.0
0.0 26.269428 0.020 9.0 6.0
0.0 26.269428 0.021 0.0 7.0
1.2375396 30.407902 -0.714493921 0.0 7.0
1.2375396 30.407902 -0.714493922 0.0 8.0
3.577077 33.85334 -2.06522622 0.0 8.0
1.2375396 30.407902 -0.714493923 0.0 8.0
2.6665273 34.546375 -0.714493923 0.0 8.0
0.0 26.269428 0.024 8.0 7.0
0.0 30.647667 0.024 8.0 7.0
0.0 30.647667 0.025 0.0 8.0
1.2375396 34.78614 -0.714493925 0.0 8.0
0.0 30.647667 0.026 7.0 8.0
0.0 35.025906 0.026 7.0 8.0
0.0 35.025906 0.027 6.0 9.0
-1.2375396 39.16438 0.714493927 6.0 9.0
-1.2375396 39.16438 0.714493928 0.0 10.0
-1.2375396 43.542618 0.714493928 0.0 10.0
-1.2375396 39.16438 0.714493929 5.0 10.0
-2.6665273 43.302853 0.714493929 5.0 10.0
-2.6665273 43.302853 0.714493930 0.0 11.0
-2.6665273 47.68109 0.714493930 0.0 11.0
-2.6665273 47.68109 0.714493931 0.0 12.0
-1.4289876 51.819565 0.031 0.0 12.0
-2.6665273 47.68109 0.714493932 0.0 12.0
-2.6665273 52.05933 0.714493932 0.0 12.0
-2.6665273 43.302853 0.714493933 4.0 11.0
-4.0955153 47.441326 0.714493933 4.0 11.0
-4.0955153 47.441326 0.714493934 0.0 12.0
-4.0955153 51.819565 0.714493934 0.0 12.0
-4.0955153 47.441326 0.714493935 3.0 12.0
-5.5245028 51.5798 0.714493935 3.0 12.0
-5.5245028 51.5798 0.714493936 2.0 13.0
-5.5245028 55.95804 0.714493936 2.0 13.0
-5.5245028 55.95804 0.714493937 0.0 14.0
-4.286963 60.09651 0.037 0.0 14.0
-5.5245028 55.95804 0.714493938 1.0 14.0
-5.5245028 60.336277 0.714493938 1.0 14.0
-5.5245028 60.336277 0.714493939 0.0 15.0
-4.286963 64.47475 0.039 0.0 15.0
-4.286963 64.47475 0.040 0.0 16.0
-1.9474258 67.92019 -1.350732340 0.0 16.0
-4.286963 64.47475 0.041 0.0 16.0
-2.8579752 68.61322 0.041 0.0 16.0
-5.5245028 60.336277 0.714493942 0.0 15.0
-5.5245028 64.714516 0.714493942 0.0 15.0
-5.5245028 64.714516 0.714493943 0.0 16.0
-4.286963 68.85299 0.043 0.0 16.0
-5.5245028 64.714516 0.714493944 0.0 16.0
-5.5245028 69.09275 0.714493944 0.0 16.0
-5.5245028 51.5798 0.714493945 2.0 13.0
-6.9534903 55.718273 0.714493945 2.0 13.0
-6.9534903 55.718273 0.714493946 0.0 14.0
-6.9534903 60.09651 0.714493946 0.0 14.0
-6.9534903 55.718273 0.714493947 1.0 14.0
-8.382478 59.856747 0.714493947 1.0 14.0
-8.382478 59.856747 0.714493948 0.0 15.0
-8.382478 64.234985 0.714493948 0.0 15.0
-8.382478 64.234985 0.714493949 0.0 16.0
-7.144938 68.37346 0.049 0.0 16.0
-8.382478 64.234985 0.714493950 0.0 16.0
-8.382478 68.61322 0.714493950 0.0 16.0
-8.382478 59.856747 0.714493951 0.0 15.0
-9.811465 63.99522 0.714493951 0.0 15.0
-9.811465 63.99522 0.714493952 0.0 16.0
-9.811465 68.37346 0.714493952 0.0 16.0
-9.811465 63.99522 0.714493953 0.0 16.0
-11.240453 68.13369 0.714493953 0.0 16.0
0.0 35.025906 0.054 6.0 9.0
0.0 39.404144 0.054 6.0 9.0
0.0 39.404144 0.055 0.0 10.0
1.2375396 43.542618 -0.714493955 0.0 10.0
0.0 39.404144 0.056 5.0 10.0
0.0 43.782383 0.056 5.0 10.0
0.0 43.782383 0.057 0.0 11.0
1.2375396 47.920856 -0.714493957 0.0 11.0
1.2375396 47.920856 -0.714493958 0.0 12.0
3.577077 51.366295 -2.06522658 0.0 12.0
1.2375396 47.920856 -0.714493959 0.0 12.0
2.6665273 52.05933 -0.714493959 0.0 12.0
0.0 43.782383 0.060 4.0 11.0
0.0 48.16062 0.060 4.0 11.0
0.0 48.16062 0.061 0.0 12.0
1.2375396 52.299095 -0.714493961 0.0 12.0
0.0 48.16062 0.062 3.0 12.0
0.0 52.53886 0.062 3.0 12.0
0.0 52.53886 0.063 2.0 13.0
1.2375396 56.677334 -0.714493963 2.0 13.0
1.2375396 56.677334 -0.714493964 0.0 14.0
3.577077 60.122772 -2.06522664 0.0 14.0
1.2375396 56.677334 -0.714493965 1.0 14.0
2.6665273 60.815807 -0.714493965 1.0 14.0
2.6665273 60.815807 -0.714493966 0.0 15.0
5.0060644 64.261246 -2.06522666 0.0 15.0
5.0060644 64.261246 -2.06522667 0.0 16.0
8.1913595 66.63629 -3.90425767 0.0 16.0
5.0060644 64.261246 -2.06522668 0.0 16.0
7.707529 67.70669 -2.06522668 0.0 16.0
2.6665273 60.815807 -0.714493969 0.0 15.0
4.0955153 64.95428 -0.714493969 0.0 15.0
4.0955153 64.95428 -0.714493970 0.0 16.0
6.4350524 68.39972 -2.06522670 0.0 16.0
4.0955153 64.95428 -0.714493971 0.0 16.0
5.5245028 69.09275 -0.714493971 0.0 16.0
0.0 52.53886 0.072 2.0 13.0
0.0 56.9171 0.072 2.0 13.0
0.0 56.9171 0.073 0.0 14.0
1.2375396 61.055573 -0.714493973 0.0 14.0
0.0 56.9171 0.074 1.0 14.0
0.0 61.295338 0.074 1.0 14.0
0.0 61.295338 0.075 0.0 15.0
1.2375396 65.43381 -0.714493975 0.0 15.0
1.2375396 65.43381 -0.714493976 0.0 16.0
3.577077 68.87925 -2.06522676 0.0 16.0
1.2375396 65.43381 -0.714493977 0.0 16.0
2.6665273 69.57228 -0.714493977 0.0 16.0
0.0 61.295338 0.078 0.0 15.0
0.0 65.67358 0.078 0.0 15.0
0.0 65.67358 0.079 0.0 16.0
1.2375396 69.81205 -0.714493979 0.0 16.0
0.0 65.67358 0.080 0.0 16.0
0.0 70.05181 0.080 0.0 16.0
