0.0 0.0 0.00 60.0 1.0
0.0 1.0086834 0.00 60.0 1.0
0.0 1.0086834 0.01 59.0 2.0
0.0 2.017367 0.01 59.0 2.0
0.0 2.017367 0.02 58.0 3.0
0.0 3.0260503 0.02 58.0 3.0
0.0 3.0260503 0.03 57.0 4.0
0.0 4.034734 0.03 57.0 4.0
0.0 4.034734 0.04 56.0 5.0
0.0 5.043417 0.04 56.0 5.0
0.0 5.043417 0.05 55.0 6.0
0.0 6.0521 0.05 55.0 6.0
0.0 6.0521 0.06 54.0 7.0
0.0 7.0607834 0.06 54.0 7.0
0.0 7.0607834 0.07 53.0 8.0
0.0 8.069467 0.07 53.0 8.0
0.0 8.069467 0.08 52.0 9.0
0.0 9.07815 0.08 52.0 9.0
0.0 9.07815 0.09 51.0 10.0
0.0 10.086833 0.09 51.0 10.0
0.0 10.086833 0.010 50.0 11.0
0.0 11.095516 0.010 50.0 11.0
0.0 11.095516 0.011 49.0 12.0
0.0 12.104199 0.011 49.0 12.0
0.0 12.104199 0.012 48.0 13.0
0.0 13.112883 0.012 48.0 13.0
0.0 13.112883 0.013 47.0 14.0
0.0 14.121566 0.013 47.0 14.0
0.0 14.121566 0.014 46.0 15.0
0.0 15.130249 0.014 46.0 15.0
0.0 15.130249 0.015 45.0 16.0
0.0 16.138933 0.015 45.0 16.0
0.0 16.138933 0.016 28.0 17.0
-0.34518945 17.065523 0.1992952416 28.0 17.0
-0.34518945 17.065523 0.1992952417 27.0 18.0
-0.6903789 17.992113 0.3985904817 27.0 18.0
-0.6903789 17.992113 0.3985904818 26.0 19.0
-1.0355684 18.918703 0.597885718 26.0 19.0
-1.0355684 18.918703 0.597885719 25.0 20.0
-1.3807578 19.845293 0.7971809519 25.0 20.0
-1.3807578 19.845293 0.7971809520 24.0 21.0
-1.7259473 20.771883 0.996476220 24.0 21.0
-1.7259473 20.771883 0.996476221 23.0 22.0
-2.0711367 21.698473 1.195771521 23.0 22.0
-2.0711367 21.698473 1.195771522 22.0 23.0
-2.416326 22.625063 1.395066722 22.0 23.0
-2.416326 22.625063 1.395066723 21.0 24.0
-2.7615156 23.551653 1.59436223 21.0 24.0
-2.7615156 23.551653 1.59436224 12.0 25.0
-3.3957064 24.245323 1.960512324 12.0 25.0
-3.3957064 24.245323 1.960512325 11.0 26.0
-4.029897 24.938993 2.326662525 11.0 26.0
-4.029897 24.938993 2.326662526 10.0 27.0
-4.6640882 25.632664 2.69281326 10.0 27.0
-4.6640882 25.632664 2.69281327 9.0 28.0
-5.2982793 26.326334 3.058963327 9.0 28.0
-5.2982793 26.326334 3.058963328 4.0 29.0
-6.1182413 26.674173 3.532368728 4.0 29.0
-6.1182413 26.674173 3.532368729 3.0 30.0
-6.9382033 27.022013 4.00577429 3.0 30.0
-6.9382033 27.022013 4.00577430 0.0 31.0
-7.5723944 27.715683 4.371924430 0.0 31.0
-7.5723944 27.715683 4.371924431 0.0 32.0
-8.304695 28.409353 4.371924431 0.0 32.0
-6.9382033 27.022013 4.00577432 2.0 31.0
-7.885014 27.369852 4.00577432 2.0 31.0
-7.885014 27.369852 4.00577433 1.0 32.0
-8.831824 27.717691 4.00577433 1.0 32.0
-8.831824 27.717691 4.00577434 0.0 33.0
-9.466015 28.411362 4.371924434 0.0 33.0
-9.466015 28.411362 4.371924435 0.0 34.0
-10.198316 29.105032 4.371924435 0.0 34.0
-8.831824 27.717691 4.00577436 0.0 33.0
-9.839028 27.66308 4.00577436 0.0 33.0
-9.839028 27.66308 4.00577437 0.0 34.0
-10.846232 27.608469 4.00577437 0.0 34.0
-5.2982793 26.326334 3.058963338 8.0 29.0
-6.0305796 27.020004 3.058963338 8.0 29.0
-6.0305796 27.020004 3.058963339 7.0 30.0
-6.7628803 27.713675 3.058963339 7.0 30.0
-6.7628803 27.713675 3.058963340 6.0 31.0
-7.495181 28.407345 3.058963340 6.0 31.0
-7.495181 28.407345 3.058963341 5.0 32.0
-8.227482 29.101015 3.058963341 5.0 32.0
-8.227482 29.101015 3.058963342 4.0 33.0
-8.572671 30.027605 3.258258642 4.0 33.0
-8.572671 30.027605 3.258258643 3.0 34.0
-8.91786 30.954195 3.457553943 3.0 34.0
-8.91786 30.954195 3.457553944 0.0 35.0
-8.91786 31.96288 3.457553944 0.0 35.0
-8.91786 31.96288 3.457553945 0.0 36.0
-8.91786 32.97156 3.457553945 0.0 36.0
-8.91786 30.954195 3.457553946 2.0 35.0
-9.31645 31.880785 3.457553946 2.0 35.0
-9.31645 31.880785 3.457553947 1.0 36.0
-9.71504 32.807373 3.457553947 1.0 36.0
-9.71504 32.807373 3.457553948 0.0 37.0
-9.71504 33.816055 3.457553948 0.0 37.0
-9.71504 33.816055 3.457553949 0.0 38.0
-9.71504 34.824738 3.457553949 0.0 38.0
-9.71504 32.807373 3.457553950 0.0 37.0
-10.447341 33.50104 3.457553950 0.0 37.0
-10.447341 33.50104 3.457553951 0.0 38.0
-11.179642 34.19471 3.457553951 0.0 38.0
-8.227482 29.101015 3.058963352 4.0 33.0
-9.174293 29.448854 3.058963352 4.0 33.0
-9.174293 29.448854 3.058963353 3.0 34.0
-10.121103 29.796694 3.058963353 3.0 34.0
-10.121103 29.796694 3.058963354 0.0 35.0
-10.755294 30.490364 3.425113754 0.0 35.0
-10.755294 30.490364 3.425113755 0.0 36.0
-11.487595 31.184034 3.425113755 0.0 36.0
-10.121103 29.796694 3.058963356 2.0 35.0
-11.067914 30.144533 3.058963356 2.0 35.0
-11.067914 30.144533 3.058963357 1.0 36.0
-12.014725 30.492373 3.058963357 1.0 36.0
-12.014725 30.492373 3.058963358 0.0 37.0
-12.648915 31.186043 3.425113758 0.0 37.0
-12.648915 31.186043 3.425113759 0.0 38.0
-13.381216 31.879713 3.425113759 0.0 38.0
-12.014725 30.492373 3.058963360 0.0 37.0
-13.021929 30.437761 3.058963360 0.0 37.0
-13.021929 30.437761 3.058963361 0.0 38.0
-14.029133 30.38315 3.058963361 0.0 38.0
-2.7615156 23.551653 1.59436262 20.0 25.0
-3.1601062 24.478243 1.59436262 20.0 25.0
-3.1601062 24.478243 1.59436263 19.0 26.0
-3.5586967 25.404833 1.59436263 19.0 26.0
-3.5586967 25.404833 1.59436264 18.0 27.0
-3.9572873 26.331423 1.59436264 18.0 27.0
-3.9572873 26.331423 1.59436265 17.0 28.0
-4.355878 27.258013 1.59436265 17.0 28.0
-4.355878 27.258013 1.59436266 16.0 29.0
-4.7544684 28.184603 1.59436266 16.0 29.0
-4.7544684 28.184603 1.59436267 15.0 30.0
-5.153059 29.111193 1.59436267 15.0 30.0
-5.153059 29.111193 1.59436268 14.0 31.0
-5.5516496 30.037783 1.59436268 14.0 31.0
-5.5516496 30.037783 1.59436269 13.0 32.0
-5.95024 30.964373 1.59436269 13.0 32.0
-5.95024 30.964373 1.59436270 12.0 33.0
-5.95024 31.973057 1.59436270 12.0 33.0
-5.95024 31.973057 1.59436271 11.0 34.0
-5.95024 32.98174 1.59436271 11.0 34.0
-5.95024 32.98174 1.59436272 10.0 35.0
-5.95024 33.99042 1.59436272 10.0 35.0
-5.95024 33.99042 1.59436273 9.0 36.0
-5.95024 34.999104 1.59436273 9.0 36.0
-5.95024 34.999104 1.59436274 4.0 37.0
-6.2954297 35.925694 1.793657374 4.0 37.0
-6.2954297 35.925694 1.793657375 3.0 38.0
-6.6406193 36.852283 1.992952675 3.0 38.0
-6.6406193 36.852283 1.992952676 0.0 39.0
-6.6406193 37.860966 1.992952676 0.0 39.0
-6.6406193 37.860966 1.992952677 0.0 40.0
-6.6406193 38.869648 1.992952677 0.0 40.0
-6.6406193 36.852283 1.992952678 2.0 39.0
-7.03921 37.778873 1.992952678 2.0 39.0
-7.03921 37.778873 1.992952679 1.0 40.0
-7.4378004 38.705463 1.992952679 1.0 40.0
-7.4378004 38.705463 1.992952680 0.0 41.0
-7.4378004 39.714146 1.992952680 0.0 41.0
-7.4378004 39.714146 1.992952681 0.0 42.0
-7.4378004 40.722828 1.992952681 0.0 42.0
-7.4378004 38.705463 1.992952682 0.0 41.0
-8.170101 39.39913 1.992952682 0.0 41.0
-8.170101 39.39913 1.992952683 0.0 42.0
-8.902402 40.0928 1.992952683 0.0 42.0
-5.95024 34.999104 1.59436284 8.0 37.0
-5.95024 36.007786 1.59436284 8.0 37.0
-5.95024 36.007786 1.59436285 7.0 38.0
-5.95024 37.016468 1.59436285 7.0 38.0
-5.95024 37.016468 1.59436286 6.0 39.0
-5.95024 38.02515 1.59436286 6.0 39.0
-5.95024 38.02515 1.59436287 5.0 40.0
-5.95024 39.033833 1.59436287 5.0 40.0
-5.95024 39.033833 1.59436288 4.0 41.0
-5.6050506 39.960423 1.395066788 4.0 41.0
-5.6050506 39.960423 1.395066789 3.0 42.0
-5.259861 40.887012 1.195771589 3.0 42.0
-5.259861 40.887012 1.195771590 0.0 43.0
-4.62567 41.58068 0.829621290 0.0 43.0
-4.62567 41.58068 0.829621291 0.0 44.0
-3.8933694 42.27435 0.829621291 0.0 44.0
-5.259861 40.887012 1.195771592 2.0 43.0
-4.8612704 41.813602 1.195771592 2.0 43.0
-4.8612704 41.813602 1.195771593 1.0 44.0
-4.46268 42.740192 1.195771593 1.0 44.0
-4.46268 42.740192 1.195771594 0.0 45.0
-3.828489 43.43386 0.829621294 0.0 45.0
-3.828489 43.43386 0.829621295 0.0 46.0
-3.0961885 44.12753 0.829621295 0.0 46.0
-4.46268 42.740192 1.195771596 0.0 45.0
-4.46268 43.748875 1.195771596 0.0 45.0
-4.46268 43.748875 1.195771597 0.0 46.0
-4.46268 44.757557 1.195771597 0.0 46.0
-5.95024 39.033833 1.59436298 4.0 41.0
-6.3488307 39.960423 1.59436298 4.0 41.0
-6.3488307 39.960423 1.59436299 3.0 42.0
-6.7474213 40.887012 1.59436299 3.0 42.0
-6.7474213 40.887012 1.594362100 0.0 43.0
-6.7474213 41.895695 1.594362100 0.0 43.0
-6.7474213 41.895695 1.594362101 0.0 44.0
-6.7474213 42.904377 1.594362101 0.0 44.0
-6.7474213 40.887012 1.594362102 2.0 43.0
-7.146012 41.813602 1.594362102 2.0 43.0
-7.146012 41.813602 1.594362103 1.0 44.0
-7.5446024 42.740192 1.594362103 1.0 44.0
-7.5446024 42.740192 1.594362104 0.0 45.0
-7.5446024 43.748875 1.594362104 0.0 45.0
-7.5446024 43.748875 1.594362105 0.0 46.0
-7.5446024 44.757557 1.594362105 0.0 46.0
-7.5446024 42.740192 1.594362106 0.0 45.0
-8.276903 43.43386 1.594362106 0.0 45.0
-8.276903 43.43386 1.594362107 0.0 46.0
-9.009204 44.12753 1.594362107 0.0 46.0
-5.95024 30.964373 1.594362108 12.0 33.0
-6.682541 31.658043 1.594362108 12.0 33.0
-6.682541 31.658043 1.594362109 11.0 34.0
-7.4148417 32.35171 1.594362109 11.0 34.0
-7.4148417 32.35171 1.594362110 10.0 35.0
-8.147142 33.04538 1.594362110 10.0 35.0
-8.147142 33.04538 1.594362111 9.0 36.0
-8.879443 33.739048 1.594362111 9.0 36.0
-8.879443 33.739048 1.594362112 4.0 37.0
-9.699406 34.086887 2.0677674112 4.0 37.0
-9.699406 34.086887 2.0677674113 3.0 38.0
-10.519367 34.434727 2.5411727113 3.0 38.0
-10.519367 34.434727 2.5411727114 0.0 39.0
-11.153558 35.128395 2.907323114 0.0 39.0
-11.153558 35.128395 2.907323115 0.0 40.0
-11.885859 35.822063 2.907323115 0.0 40.0
-10.519367 34.434727 2.5411727116 2.0 39.0
-11.466178 34.782566 2.5411727116 2.0 39.0
-11.466178 34.782566 2.5411727117 1.0 40.0
-12.412989 35.130405 2.5411727117 1.0 40.0
-12.412989 35.130405 2.5411727118 0.0 41.0
-13.047179 35.824074 2.907323118 0.0 41.0
-13.047179 35.824074 2.907323119 0.0 42.0
-13.77948 36.517742 2.907323119 0.0 42.0
-12.412989 35.130405 2.5411727120 0.0 41.0
-13.420193 35.075794 2.5411727120 0.0 41.0
-13.420193 35.075794 2.5411727121 0.0 42.0
-14.427397 35.021183 2.5411727121 0.0 42.0
-8.879443 33.739048 1.594362122 8.0 37.0
-9.611744 34.432716 1.594362122 8.0 37.0
-9.611744 34.432716 1.594362123 7.0 38.0
-10.344045 35.126385 1.594362123 7.0 38.0
-10.344045 35.126385 1.594362124 6.0 39.0
-11.076345 35.820053 1.594362124 6.0 39.0
-11.076345 35.820053 1.594362125 5.0 40.0
-11.808646 36.51372 1.594362125 5.0 40.0
-11.808646 36.51372 1.594362126 4.0 41.0
-12.153835 37.44031 1.7936573126 4.0 41.0
-12.153835 37.44031 1.7936573127 3.0 42.0
-12.499024 38.3669 1.9929526127 3.0 42.0
-12.499024 38.3669 1.9929526128 0.0 43.0
-12.499024 39.375584 1.9929526128 0.0 43.0
-12.499024 39.375584 1.9929526129 0.0 44.0
-12.499024 40.384266 1.9929526129 0.0 44.0
-12.499024 38.3669 1.9929526130 2.0 43.0
-12.8976145 39.29349 1.9929526130 2.0 43.0
-12.8976145 39.29349 1.9929526131 1.0 44.0
-13.296205 40.22008 1.9929526131 1.0 44.0
-13.296205 40.22008 1.9929526132 0.0 45.0
-13.296205 41.228764 1.9929526132 0.0 45.0
-13.296205 41.228764 1.9929526133 0.0 46.0
-13.296205 42.237446 1.9929526133 0.0 46.0
-13.296205 40.22008 1.9929526134 0.0 45.0
-14.028505 40.91375 1.9929526134 0.0 45.0
-14.028505 40.91375 1.9929526135 0.0 46.0
-14.760806 41.607418 1.9929526135 0.0 46.0
-11.808646 36.51372 1.594362136 4.0 41.0
-12.755457 36.86156 1.594362136 4.0 41.0
-12.755457 36.86156 1.594362137 3.0 42.0
-13.702268 37.2094 1.594362137 3.0 42.0
-13.702268 37.2094 1.594362138 0.0 43.0
-14.336458 37.90307 1.9605123138 0.0 43.0
-14.336458 37.90307 1.9605123139 0.0 44.0
-15.068759 38.596737 1.9605123139 0.0 44.0
-13.702268 37.2094 1.594362140 2.0 43.0
-14.649078 37.55724 1.594362140 2.0 43.0
-14.649078 37.55724 1.594362141 1.0 44.0
-15.595889 37.90508 1.594362141 1.0 44.0
-15.595889 37.90508 1.594362142 0.0 45.0
-16.23008 38.598747 1.9605123142 0.0 45.0
-16.23008 38.598747 1.9605123143 0.0 46.0
-16.96238 39.292416 1.9605123143 0.0 46.0
-15.595889 37.90508 1.594362144 0.0 45.0
-16.603092 37.850468 1.594362144 0.0 45.0
-16.603092 37.850468 1.594362145 0.0 46.0
-17.610296 37.795856 1.594362145 0.0 46.0
0.0 16.138933 0.0146 44.0 17.0
0.0 17.147617 0.0146 44.0 17.0
0.0 17.147617 0.0147 43.0 18.0
0.0 18.156301 0.0147 43.0 18.0
0.0 18.156301 0.0148 42.0 19.0
0.0 19.164986 0.0148 42.0 19.0
0.0 19.164986 0.0149 41.0 20.0
0.0 20.17367 0.0149 41.0 20.0
0.0 20.17367 0.0150 40.0 21.0
0.0 21.182354 0.0150 40.0 21.0
0.0 21.182354 0.0151 39.0 22.0
0.0 22.191038 0.0151 39.0 22.0
0.0 22.191038 0.0152 38.0 23.0
0.0 23.199722 0.0152 38.0 23.0
0.0 23.199722 0.0153 37.0 24.0
0.0 24.208406 0.0153 37.0 24.0
0.0 24.208406 0.0154 36.0 25.0
0.0 25.21709 0.0154 36.0 25.0
0.0 25.21709 0.0155 35.0 26.0
0.0 26.225775 0.0155 35.0 26.0
0.0 26.225775 0.0156 34.0 27.0
0.0 27.234459 0.0156 34.0 27.0
0.0 27.234459 0.0157 33.0 28.0
0.0 28.243143 0.0157 33.0 28.0
0.0 28.243143 0.0158 32.0 29.0
0.0 29.251827 0.0158 32.0 29.0
0.0 29.251827 0.0159 31.0 30.0
0.0 30.260511 0.0159 31.0 30.0
0.0 30.260511 0.0160 30.0 31.0
0.0 31.269196 0.0160 30.0 31.0
0.0 31.269196 0.0161 29.0 32.0
0.0 32.277878 0.0161 29.0 32.0
0.0 32.277878 0.0162 28.0 33.0
0.34518945 33.204468 -0.19929524162 28.0 33.0
0.34518945 33.204468 -0.19929524163 27.0 34.0
0.6903789 34.131058 -0.39859048163 27.0 34.0
0.6903789 34.131058 -0.39859048164 26.0 35.0
1.0355684 35.057648 -0.5978857164 26.0 35.0
1.0355684 35.057648 -0.5978857165 25.0 36.0
1.3807578 35.984238 -0.79718095165 25.0 36.0
1.3807578 35.984238 -0.79718095166 24.0 37.0
1.7259473 36.910828 -0.9964762166 24.0 37.0
1.7259473 36.910828 -0.9964762167 23.0 38.0
2.0711367 37.837418 -1.1957715167 23.0 38.0
2.0711367 37.837418 -1.1957715168 22.0 39.0
2.416326 38.764008 -1.3950667168 22.0 39.0
2.416326 38.764008 -1.3950667169 21.0 40.0
2.7615156 39.690598 -1.594362169 21.0 40.0
2.7615156 39.690598 -1.594362170 12.0 41.0
2.7615156 40.69928 -1.594362170 12.0 41.0
2.7615156 40.69928 -1.594362171 11.0 42.0
2.7615156 41.707962 -1.594362171 11.0 42.0
2.7615156 41.707962 -1.594362172 10.0 43.0
2.7615156 42.716644 -1.594362172 10.0 43.0
2.7615156 42.716644 -1.594362173 9.0 44.0
2.7615156 43.725327 -1.594362173 9.0 44.0
2.7615156 43.725327 -1.594362174 4.0 45.0
2.416326 44.651917 -1.3950667174 4.0 45.0
2.416326 44.651917 -1.3950667175 3.0 46.0
2.0711365 45.578506 -1.1957715175 3.0 46.0
2.0711365 45.578506 -1.1957715176 0.0 47.0
2.0711365 46.58719 -1.1957715176 0.0 47.0
2.0711365 46.58719 -1.1957715177 0.0 48.0
2.0711365 47.59587 -1.1957715177 0.0 48.0
2.0711365 45.578506 -1.1957715178 2.0 47.0
1.672546 46.505096 -1.1957715178 2.0 47.0
1.672546 46.505096 -1.1957715179 1.0 48.0
1.2739556 47.431686 -1.1957715179 1.0 48.0
1.2739556 47.431686 -1.1957715180 0.0 49.0
1.2739556 48.44037 -1.1957715180 0.0 49.0
1.2739556 48.44037 -1.1957715181 0.0 50.0
1.2739556 49.44905 -1.1957715181 0.0 50.0
1.2739556 47.431686 -1.1957715182 0.0 49.0
0.54165506 48.125355 -1.1957715182 0.0 49.0
0.54165506 48.125355 -1.1957715183 0.0 50.0
-0.19064546 48.819023 -1.1957715183 0.0 50.0
2.7615156 43.725327 -1.594362184 8.0 45.0
2.7615156 44.73401 -1.594362184 8.0 45.0
2.7615156 44.73401 -1.594362185 7.0 46.0
2.7615156 45.74269 -1.594362185 7.0 46.0
2.7615156 45.74269 -1.594362186 6.0 47.0
2.7615156 46.751373 -1.594362186 6.0 47.0
2.7615156 46.751373 -1.594362187 5.0 48.0
2.7615156 47.760056 -1.594362187 5.0 48.0
2.7615156 47.760056 -1.594362188 4.0 49.0
3.1067052 48.686646 -1.7936573188 4.0 49.0
3.1067052 48.686646 -1.7936573189 3.0 50.0
3.4518948 49.613235 -1.9929526189 3.0 50.0
3.4518948 49.613235 -1.9929526190 0.0 51.0
4.086086 50.306904 -2.3591027190 0.0 51.0
4.086086 50.306904 -2.3591027191 0.0 52.0
4.818386 51.000572 -2.3591027191 0.0 52.0
3.4518948 49.613235 -1.9929526192 2.0 51.0
3.8504853 50.539825 -1.9929526192 2.0 51.0
3.8504853 50.539825 -1.9929526193 1.0 52.0
4.249076 51.466415 -1.9929526193 1.0 52.0
4.249076 51.466415 -1.9929526194 0.0 53.0
4.883267 52.160084 -2.3591027194 0.0 53.0
4.883267 52.160084 -2.3591027195 0.0 54.0
5.615567 52.853752 -2.3591027195 0.0 54.0
4.249076 51.466415 -1.9929526196 0.0 53.0
4.249076 52.475098 -1.9929526196 0.0 53.0
4.249076 52.475098 -1.9929526197 0.0 54.0
4.249076 53.48378 -1.9929526197 0.0 54.0
2.7615156 47.760056 -1.594362198 4.0 49.0
2.362925 48.686646 -1.594362198 4.0 49.0
2.362925 48.686646 -1.594362199 3.0 50.0
1.9643346 49.613235 -1.594362199 3.0 50.0
1.9643346 49.613235 -1.594362200 0.0 51.0
1.9643346 50.621918 -1.594362200 0.0 51.0
1.9643346 50.621918 -1.594362201 0.0 52.0
1.9643346 51.6306 -1.594362201 0.0 52.0
1.9643346 49.613235 -1.594362202 2.0 51.0
1.5657442 50.539825 -1.594362202 2.0 51.0
1.5657442 50.539825 -1.594362203 1.0 52.0
1.1671537 51.466415 -1.594362203 1.0 52.0
1.1671537 51.466415 -1.594362204 0.0 53.0
1.1671537 52.475098 -1.594362204 0.0 53.0
1.1671537 52.475098 -1.594362205 0.0 54.0
1.1671537 53.48378 -1.594362205 0.0 54.0
1.1671537 51.466415 -1.594362206 0.0 53.0
0.4348532 52.160084 -1.594362206 0.0 53.0
0.4348532 52.160084 -1.594362207 0.0 54.0
-0.29744732 52.853752 -1.594362207 0.0 54.0
2.7615156 39.690598 -1.594362208 20.0 41.0
3.1601062 40.617188 -1.594362208 20.0 41.0
3.1601062 40.617188 -1.594362209 19.0 42.0
3.5586967 41.543777 -1.594362209 19.0 42.0
3.5586967 41.543777 -1.594362210 18.0 43.0
3.9572873 42.470367 -1.594362210 18.0 43.0
3.9572873 42.470367 -1.594362211 17.0 44.0
4.355878 43.396957 -1.594362211 17.0 44.0
4.355878 43.396957 -1.594362212 16.0 45.0
4.7544684 44.323547 -1.594362212 16.0 45.0
4.7544684 44.323547 -1.594362213 15.0 46.0
5.153059 45.250137 -1.594362213 15.0 46.0
5.153059 45.250137 -1.594362214 14.0 47.0
5.5516496 46.176727 -1.594362214 14.0 47.0
5.5516496 46.176727 -1.594362215 13.0 48.0
5.95024 47.103317 -1.594362215 13.0 48.0
5.95024 47.103317 -1.594362216 12.0 49.0
6.584431 47.796986 -1.9605123216 12.0 49.0
6.584431 47.796986 -1.9605123217 11.0 50.0
7.218622 48.490654 -2.3266625217 11.0 50.0
7.218622 48.490654 -2.3266625218 10.0 51.0
7.8528132 49.184322 -2.692813218 10.0 51.0
7.8528132 49.184322 -2.692813219 9.0 52.0
8.487004 49.87799 -3.0589633219 9.0 52.0
8.487004 49.87799 -3.0589633220 4.0 53.0
8.832193 50.80458 -3.2582586220 4.0 53.0
8.832193 50.80458 -3.2582586221 3.0 54.0
9.177382 51.73117 -3.4575539221 3.0 54.0
9.177382 51.73117 -3.4575539222 0.0 55.0
9.811573 52.42484 -3.8237042222 0.0 55.0
9.811573 52.42484 -3.8237042223 0.0 56.0
10.543874 53.118507 -3.8237042223 0.0 56.0
9.177382 51.73117 -3.4575539224 2.0 55.0
9.575973 52.65776 -3.4575539224 2.0 55.0
9.575973 52.65776 -3.4575539225 1.0 56.0
9.974563 53.58435 -3.4575539225 1.0 56.0
9.974563 53.58435 -3.4575539226 0.0 57.0
10.608753 54.27802 -3.8237042226 0.0 57.0
10.608753 54.27802 -3.8237042227 0.0 58.0
11.341054 54.971687 -3.8237042227 0.0 58.0
9.974563 53.58435 -3.4575539228 0.0 57.0
9.974563 54.593033 -3.4575539228 0.0 57.0
9.974563 54.593033 -3.4575539229 0.0 58.0
9.974563 55.601715 -3.4575539229 0.0 58.0
8.487004 49.87799 -3.0589633230 8.0 53.0
9.219305 50.57166 -3.0589633230 8.0 53.0
9.219305 50.57166 -3.0589633231 7.0 54.0
9.951606 51.265327 -3.0589633231 7.0 54.0
9.951606 51.265327 -3.0589633232 6.0 55.0
10.683907 51.958996 -3.0589633232 6.0 55.0
10.683907 51.958996 -3.0589633233 5.0 56.0
11.416207 52.652664 -3.0589633233 5.0 56.0
11.416207 52.652664 -3.0589633234 4.0 57.0
12.23617 53.000504 -3.5323687234 4.0 57.0
12.23617 53.000504 -3.5323687235 3.0 58.0
13.056131 53.348343 -4.005774235 3.0 58.0
13.056131 53.348343 -4.005774236 0.0 59.0
13.928395 53.29373 -4.509376236 0.0 59.0
13.928395 53.29373 -4.509376237 0.0 60.0
14.935599 53.23912 -4.509376237 0.0 60.0
13.056131 53.348343 -4.005774238 2.0 59.0
14.002942 53.696182 -4.005774238 2.0 59.0
14.002942 53.696182 -4.005774239 1.0 60.0
14.949753 54.04402 -4.005774239 1.0 60.0
14.949753 54.04402 -4.005774240 0.0 61.0
15.822017 53.98941 -4.509376240 0.0 61.0
15.822017 53.98941 -4.509376241 0.0 62.0
16.82922 53.9348 -4.509376241 0.0 62.0
14.949753 54.04402 -4.005774242 0.0 61.0
15.682054 54.73769 -4.005774242 0.0 61.0
15.682054 54.73769 -4.005774243 0.0 62.0
16.414354 55.43136 -4.005774243 0.0 62.0
11.416207 52.652664 -3.0589633244 4.0 57.0
11.814797 53.579254 -3.0589633244 4.0 57.0
11.814797 53.579254 -3.0589633245 3.0 58.0
12.2133875 54.505844 -3.0589633245 3.0 58.0
12.2133875 54.505844 -3.0589633246 0.0 59.0
12.847578 55.199512 -3.4251137246 0.0 59.0
12.847578 55.199512 -3.4251137247 0.0 60.0
13.579879 55.89318 -3.4251137247 0.0 60.0
12.2133875 54.505844 -3.0589633248 2.0 59.0
12.611978 55.432434 -3.0589633248 2.0 59.0
12.611978 55.432434 -3.0589633249 1.0 60.0
13.010568 56.359024 -3.0589633249 1.0 60.0
13.010568 56.359024 -3.0589633250 0.0 61.0
13.644758 57.052692 -3.4251137250 0.0 61.0
13.644758 57.052692 -3.4251137251 0.0 62.0
14.377059 57.74636 -3.4251137251 0.0 62.0
13.010568 56.359024 -3.0589633252 0.0 61.0
13.010568 57.367706 -3.0589633252 0.0 61.0
13.010568 57.367706 -3.0589633253 0.0 62.0
13.010568 58.37639 -3.0589633253 0.0 62.0
5.95024 47.103317 -1.594362254 12.0 49.0
5.95024 48.112 -1.594362254 12.0 49.0
5.95024 48.112 -1.594362255 11.0 50.0
5.95024 49.12068 -1.594362255 11.0 50.0
5.95024 49.12068 -1.594362256 10.0 51.0
5.95024 50.129364 -1.594362256 10.0 51.0
5.95024 50.129364 -1.594362257 9.0 52.0
5.95024 51.138046 -1.594362257 9.0 52.0
5.95024 51.138046 -1.594362258 4.0 53.0
5.6050506 52.064636 -1.3950667258 4.0 53.0
5.6050506 52.064636 -1.3950667259 3.0 54.0
5.259861 52.991226 -1.1957715259 3.0 54.0
5.259861 52.991226 -1.1957715260 0.0 55.0
5.259861 53.99991 -1.1957715260 0.0 55.0
5.259861 53.99991 -1.1957715261 0.0 56.0
5.259861 55.00859 -1.1957715261 0.0 56.0
5.259861 52.991226 -1.1957715262 2.0 55.0
4.8612704 53.917816 -1.1957715262 2.0 55.0
4.8612704 53.917816 -1.1957715263 1.0 56.0
4.46268 54.844406 -1.1957715263 1.0 56.0
4.46268 54.844406 -1.1957715264 0.0 57.0
4.46268 55.85309 -1.1957715264 0.0 57.0
4.46268 55.85309 -1.1957715265 0.0 58.0
4.46268 56.86177 -1.1957715265 0.0 58.0
4.46268 54.844406 -1.1957715266 0.0 57.0
3.7303793 55.538074 -1.1957715266 0.0 57.0
3.7303793 55.538074 -1.1957715267 0.0 58.0
2.9980788 56.231743 -1.1957715267 0.0 58.0
5.95024 51.138046 -1.594362268 8.0 53.0
5.95024 52.14673 -1.594362268 8.0 53.0
5.95024 52.14673 -1.594362269 7.0 54.0
5.95024 53.15541 -1.594362269 7.0 54.0
5.95024 53.15541 -1.594362270 6.0 55.0
5.95024 54.164093 -1.594362270 6.0 55.0
5.95024 54.164093 -1.594362271 5.0 56.0
5.95024 55.172775 -1.594362271 5.0 56.0
5.95024 55.172775 -1.594362272 4.0 57.0
6.2954297 56.099365 -1.7936573272 4.0 57.0
6.2954297 56.099365 -1.7936573273 3.0 58.0
6.6406193 57.025955 -1.9929526273 3.0 58.0
6.6406193 57.025955 -1.9929526274 0.0 59.0
7.2748103 57.719624 -2.3591027274 0.0 59.0
7.2748103 57.719624 -2.3591027275 0.0 60.0
8.007111 58.413292 -2.3591027275 0.0 60.0
6.6406193 57.025955 -1.9929526276 2.0 59.0
7.03921 57.952545 -1.9929526276 2.0 59.0
7.03921 57.952545 -1.9929526277 1.0 60.0
7.4378004 58.879135 -1.9929526277 1.0 60.0
7.4378004 58.879135 -1.9929526278 0.0 61.0
8.071991 59.572803 -2.3591027278 0.0 61.0
8.071991 59.572803 -2.3591027279 0.0 62.0
8.804292 60.26647 -2.3591027279 0.0 62.0
7.4378004 58.879135 -1.9929526280 0.0 61.0
7.4378004 59.887817 -1.9929526280 0.0 61.0
7.4378004 59.887817 -1.9929526281 0.0 62.0
7.4378004 60.8965 -1.9929526281 0.0 62.0
5.95024 55.172775 -1.594362282 4.0 57.0
5.5516496 56.099365 -1.594362282 4.0 57.0
5.5516496 56.099365 -1.594362283 3.0 58.0
5.153059 57.025955 -1.594362283 3.0 58.0
5.153059 57.025955 -1.594362284 0.0 59.0
5.153059 58.034637 -1.594362284 0.0 59.0
5.153059 58.034637 -1.594362285 0.0 60.0
5.153059 59.04332 -1.594362285 0.0 60.0
5.153059 57.025955 -1.594362286 2.0 59.0
4.7544684 57.952545 -1.594362286 2.0 59.0
4.7544684 57.952545 -1.594362287 1.0 60.0
4.355878 58.879135 -1.594362287 1.0 60.0
4.355878 58.879135 -1.594362288 0.0 61.0
4.355878 59.887817 -1.594362288 0.0 61.0
4.355878 59.887817 -1.594362289 0.0 62.0
4.355878 60.8965 -1.594362289 0.0 62.0
4.355878 58.879135 -1.594362290 0.0 61.0
3.6235774 59.572803 -1.594362290 0.0 61.0
3.6235774 59.572803 -1.594362291 0.0 62.0
2.8912768 60.26647 -1.594362291 0.0 62.0
0.0 32.277878 0.0292 28.0 33.0
-0.39859048 33.204468 0.0292 28.0 33.0
-0.39859048 33.204468 0.0293 27.0 34.0
-0.79718095 34.131058 0.0293 27.0 34.0
-0.79718095 34.131058 0.0294 26.0 35.0
-1.1957715 35.057648 0.0294 26.0 35.0
-1.1957715 35.057648 0.0295 25.0 36.0
-1.5943619 35.984238 0.0295 25.0 36.0
-1.5943619 35.984238 0.0296 24.0 37.0
-1.9929523 36.910828 0.0296 24.0 37.0
-1.9929523 36.910828 0.0297 23.0 38.0
-2.391543 37.837418 0.0297 23.0 38.0
-2.391543 37.837418 0.0298 22.0 39.0
-2.7901335 38.764008 0.0298 22.0 39.0
-2.7901335 38.764008 0.0299 21.0 40.0
-3.188724 39.690598 0.0299 21.0 40.0
-3.188724 39.690598 0.0300 12.0 41.0
-3.8229148 40.384266 0.36615026300 12.0 41.0
-3.8229148 40.384266 0.36615026301 11.0 42.0
-4.4571056 41.077934 0.7323005301 11.0 42.0
-4.4571056 41.077934 0.7323005302 10.0 43.0
-5.0912967 41.771603 1.0984508302 10.0 43.0
-5.0912967 41.771603 1.0984508303 9.0 44.0
-5.7254877 42.46527 1.464601303 9.0 44.0
-5.7254877 42.46527 1.464601304 4.0 45.0
-6.5454497 42.81311 1.9380064304 4.0 45.0
-6.5454497 42.81311 1.9380064305 3.0 46.0
-7.3654118 43.16095 2.4114118305 3.0 46.0
-7.3654118 43.16095 2.4114118306 0.0 47.0
-7.999603 43.854618 2.7775621306 0.0 47.0
-7.999603 43.854618 2.7775621307 0.0 48.0
-8.731903 44.548286 2.7775621307 0.0 48.0
-7.3654118 43.16095 2.4114118308 2.0 47.0
-8.3122225 43.50879 2.4114118308 2.0 47.0
-8.3122225 43.50879 2.4114118309 1.0 48.0
-9.259033 43.85663 2.4114118309 1.0 48.0
-9.259033 43.85663 2.4114118310 0.0 49.0
-9.893224 44.550297 2.7775621310 0.0 49.0
-9.893224 44.550297 2.7775621311 0.0 50.0
-10.6255245 45.243965 2.7775621311 0.0 50.0
-9.259033 43.85663 2.4114118312 0.0 49.0
-10.266237 43.802017 2.4114118312 0.0 49.0
-10.266237 43.802017 2.4114118313 0.0 50.0
-11.273441 43.747406 2.4114118313 0.0 50.0
-5.7254877 42.46527 1.464601314 8.0 45.0
-6.4577885 43.15894 1.464601314 8.0 45.0
-6.4577885 43.15894 1.464601315 7.0 46.0
-7.190089 43.852608 1.464601315 7.0 46.0
-7.190089 43.852608 1.464601316 6.0 47.0
-7.92239 44.546276 1.464601316 6.0 47.0
-7.92239 44.546276 1.464601317 5.0 48.0
-8.654691 45.239944 1.464601317 5.0 48.0
-8.654691 45.239944 1.464601318 4.0 49.0
-8.99988 46.166534 1.6638963318 4.0 49.0
-8.99988 46.166534 1.6638963319 3.0 50.0
-9.345069 47.093124 1.8631916319 3.0 50.0
-9.345069 47.093124 1.8631916320 0.0 51.0
-9.345069 48.101807 1.8631916320 0.0 51.0
-9.345069 48.101807 1.8631916321 0.0 52.0
-9.345069 49.11049 1.8631916321 0.0 52.0
-9.345069 47.093124 1.8631916322 2.0 51.0
-9.743659 48.019714 1.8631916322 2.0 51.0
-9.743659 48.019714 1.8631916323 1.0 52.0
-10.142249 48.946304 1.8631916323 1.0 52.0
-10.142249 48.946304 1.8631916324 0.0 53.0
-10.142249 49.954987 1.8631916324 0.0 53.0
-10.142249 49.954987 1.8631916325 0.0 54.0
-10.142249 50.96367 1.8631916325 0.0 54.0
-10.142249 48.946304 1.8631916326 0.0 53.0
-10.87455 49.639973 1.8631916326 0.0 53.0
-10.87455 49.639973 1.8631916327 0.0 54.0
-11.606851 50.33364 1.8631916327 0.0 54.0
-8.654691 45.239944 1.464601328 4.0 49.0
-9.601501 45.587784 1.464601328 4.0 49.0
-9.601501 45.587784 1.464601329 3.0 50.0
-10.548312 45.935623 1.464601329 3.0 50.0
-10.548312 45.935623 1.464601330 0.0 51.0
-11.182503 46.62929 1.8307513330 0.0 51.0
-11.182503 46.62929 1.8307513331 0.0 52.0
-11.9148035 47.32296 1.8307513331 0.0 52.0
-10.548312 45.935623 1.464601332 2.0 51.0
-11.495123 46.283463 1.464601332 2.0 51.0
-11.495123 46.283463 1.464601333 1.0 52.0
-12.441934 46.6313 1.464601333 1.0 52.0
-12.441934 46.6313 1.464601334 0.0 53.0
-13.076124 47.32497 1.8307513334 0.0 53.0
-13.076124 47.32497 1.8307513335 0.0 54.0
-13.808425 48.01864 1.8307513335 0.0 54.0
-12.441934 46.6313 1.464601336 0.0 53.0
-13.449138 46.57669 1.464601336 0.0 53.0
-13.449138 46.57669 1.464601337 0.0 54.0
-14.456342 46.52208 1.464601337 0.0 54.0
-3.188724 39.690598 0.0338 20.0 41.0
-3.5873146 40.617188 0.0338 20.0 41.0
-3.5873146 40.617188 0.0339 19.0 42.0
-3.9859052 41.543777 0.0339 19.0 42.0
-3.9859052 41.543777 0.0340 18.0 43.0
-4.3844957 42.470367 0.0340 18.0 43.0
-4.3844957 42.470367 0.0341 17.0 44.0
-4.7830863 43.396957 0.0341 17.0 44.0
-4.7830863 43.396957 0.0342 16.0 45.0
-5.181677 44.323547 0.0342 16.0 45.0
-5.181677 44.323547 0.0343 15.0 46.0
-5.5802674 45.250137 0.0343 15.0 46.0
-5.5802674 45.250137 0.0344 14.0 47.0
-5.978858 46.176727 0.0344 14.0 47.0
-5.978858 46.176727 0.0345 13.0 48.0
-6.3774486 47.103317 0.0345 13.0 48.0
-6.3774486 47.103317 0.0346 12.0 49.0
-6.3774486 48.112 0.0346 12.0 49.0
-6.3774486 48.112 0.0347 11.0 50.0
-6.3774486 49.12068 0.0347 11.0 50.0
-6.3774486 49.12068 0.0348 10.0 51.0
-6.3774486 50.129364 0.0348 10.0 51.0
-6.3774486 50.129364 0.0349 9.0 52.0
-6.3774486 51.138046 0.0349 9.0 52.0
-6.3774486 51.138046 0.0350 4.0 53.0
-6.722638 52.064636 0.19929524350 4.0 53.0
-6.722638 52.064636 0.19929524351 3.0 54.0
-7.0678277 52.991226 0.39859048351 3.0 54.0
-7.0678277 52.991226 0.39859048352 0.0 55.0
-7.0678277 53.99991 0.39859048352 0.0 55.0
-7.0678277 53.99991 0.39859048353 0.0 56.0
-7.0678277 55.00859 0.39859048353 0.0 56.0
-7.0678277 52.991226 0.39859048354 2.0 55.0
-7.4664183 53.917816 0.39859048354 2.0 55.0
-7.4664183 53.917816 0.39859048355 1.0 56.0
-7.865009 54.844406 0.39859048355 1.0 56.0
-7.865009 54.844406 0.39859048356 0.0 57.0
-7.865009 55.85309 0.39859048356 0.0 57.0
-7.865009 55.85309 0.39859048357 0.0 58.0
-7.865009 56.86177 0.39859048357 0.0 58.0
-7.865009 54.844406 0.39859048358 0.0 57.0
-8.597309 55.538074 0.39859048358 0.0 57.0
-8.597309 55.538074 0.39859048359 0.0 58.0
-9.32961 56.231743 0.39859048359 0.0 58.0
-6.3774486 51.138046 0.0360 8.0 53.0
-6.3774486 52.14673 0.0360 8.0 53.0
-6.3774486 52.14673 0.0361 7.0 54.0
-6.3774486 53.15541 0.0361 7.0 54.0
-6.3774486 53.15541 0.0362 6.0 55.0
-6.3774486 54.164093 0.0362 6.0 55.0
-6.3774486 54.164093 0.0363 5.0 56.0
-6.3774486 55.172775 0.0363 5.0 56.0
-6.3774486 55.172775 0.0364 4.0 57.0
-6.032259 56.099365 -0.19929524364 4.0 57.0
-6.032259 56.099365 -0.19929524365 3.0 58.0
-5.6870694 57.025955 -0.39859048365 3.0 58.0
-5.6870694 57.025955 -0.39859048366 0.0 59.0
-5.0528784 57.719624 -0.7647407366 0.0 59.0
-5.0528784 57.719624 -0.7647407367 0.0 60.0
-4.3205776 58.413292 -0.7647407367 0.0 60.0
-5.6870694 57.025955 -0.39859048368 2.0 59.0
-5.288479 57.952545 -0.39859048368 2.0 59.0
-5.288479 57.952545 -0.39859048369 1.0 60.0
-4.8898883 58.879135 -0.39859048369 1.0 60.0
-4.8898883 58.879135 -0.39859048370 0.0 61.0
-4.2556973 59.572803 -0.7647407370 0.0 61.0
-4.2556973 59.572803 -0.7647407371 0.0 62.0
-3.5233967 60.26647 -0.7647407371 0.0 62.0
-4.8898883 58.879135 -0.39859048372 0.0 61.0
-4.8898883 59.887817 -0.39859048372 0.0 61.0
-4.8898883 59.887817 -0.39859048373 0.0 62.0
-4.8898883 60.8965 -0.39859048373 0.0 62.0
-6.3774486 55.172775 0.0374 4.0 57.0
-6.776039 56.099365 0.0374 4.0 57.0
-6.776039 56.099365 0.0375 3.0 58.0
-7.1746297 57.025955 0.0375 3.0 58.0
-7.1746297 57.025955 0.0376 0.0 59.0
-7.1746297 58.034637 0.0376 0.0 59.0
-7.1746297 58.034637 0.0377 0.0 60.0
-7.1746297 59.04332 0.0377 0.0 60.0
-7.1746297 57.025955 0.0378 2.0 59.0
-7.5732203 57.952545 0.0378 2.0 59.0
-7.5732203 57.952545 0.0379 1.0 60.0
-7.971811 58.879135 0.0379 1.0 60.0
-7.971811 58.879135 0.0380 0.0 61.0
-7.971811 59.887817 0.0380 0.0 61.0
-7.971811 59.887817 0.0381 0.0 62.0
-7.971811 60.8965 0.0381 0.0 62.0
-7.971811 58.879135 0.0382 0.0 61.0
-8.704111 59.572803 0.0382 0.0 61.0
-8.704111 59.572803 0.0383 0.0 62.0
-9.436412 60.26647 0.0383 0.0 62.0
-6.3774486 47.103317 0.0384 12.0 49.0
-7.109749 47.796986 0.0384 12.0 49.0
-7.109749 47.796986 0.0385 11.0 50.0
-7.8420496 48.490654 0.0385 11.0 50.0
-7.8420496 48.490654 0.0386 10.0 51.0
-8.57435 49.184322 0.0386 10.0 51.0
-8.57435 49.184322 0.0387 9.0 52.0
-9.306651 49.87799 0.0387 9.0 52.0
-9.306651 49.87799 0.0388 4.0 53.0
-10.126614 50.22583 0.4734053388 4.0 53.0
-10.126614 50.22583 0.4734053389 3.0 54.0
-10.946575 50.57367 0.9468106389 3.0 54.0
-10.946575 50.57367 0.9468106390 0.0 55.0
-11.580766 51.267338 1.3129609390 0.0 55.0
-11.580766 51.267338 1.3129609391 0.0 56.0
-12.3130665 51.961006 1.3129609391 0.0 56.0
-10.946575 50.57367 0.9468106392 2.0 55.0
-11.893386 50.92151 0.9468106392 2.0 55.0
-11.893386 50.92151 0.9468106393 1.0 56.0
-12.840197 51.26935 0.9468106393 1.0 56.0
-12.840197 51.26935 0.9468106394 0.0 57.0
-13.474387 51.963017 1.3129609394 0.0 57.0
-13.474387 51.963017 1.3129609395 0.0 58.0
-14.206688 52.656685 1.3129609395 0.0 58.0
-12.840197 51.26935 0.9468106396 0.0 57.0
-13.847401 51.214737 0.9468106396 0.0 57.0
-13.847401 51.214737 0.9468106397 0.0 58.0
-14.854605 51.160126 0.9468106397 0.0 58.0
-9.306651 49.87799 0.0398 8.0 53.0
-10.038952 50.57166 0.0398 8.0 53.0
-10.038952 50.57166 0.0399 7.0 54.0
-10.771253 51.265327 0.0399 7.0 54.0
-10.771253 51.265327 0.0400 6.0 55.0
-11.503553 51.958996 0.0400 6.0 55.0
-11.503553 51.958996 0.0401 5.0 56.0
-12.235854 52.652664 0.0401 5.0 56.0
-12.235854 52.652664 0.0402 4.0 57.0
-12.581043 53.579254 0.19929524402 4.0 57.0
-12.581043 53.579254 0.19929524403 3.0 58.0
-12.926232 54.505844 0.39859048403 3.0 58.0
-12.926232 54.505844 0.39859048404 0.0 59.0
-12.926232 55.514526 0.39859048404 0.0 59.0
-12.926232 55.514526 0.39859048405 0.0 60.0
-12.926232 56.52321 0.39859048405 0.0 60.0
-12.926232 54.505844 0.39859048406 2.0 59.0
-13.324822 55.432434 0.39859048406 2.0 59.0
-13.324822 55.432434 0.39859048407 1.0 60.0
-13.7234125 56.359024 0.39859048407 1.0 60.0
-13.7234125 56.359024 0.39859048408 0.0 61.0
-13.7234125 57.367706 0.39859048408 0.0 61.0
-13.7234125 57.367706 0.39859048409 0.0 62.0
-13.7234125 58.37639 0.39859048409 0.0 62.0
-13.7234125 56.359024 0.39859048410 0.0 61.0
-14.455713 57.052692 0.39859048410 0.0 61.0
-14.455713 57.052692 0.39859048411 0.0 62.0
-15.188014 57.74636 0.39859048411 0.0 62.0
-12.235854 52.652664 0.0412 4.0 57.0
-13.182665 53.000504 0.0412 4.0 57.0
-13.182665 53.000504 0.0413 3.0 58.0
-14.129476 53.348343 0.0413 3.0 58.0
-14.129476 53.348343 0.0414 0.0 59.0
-14.763666 54.04201 0.36615026414 0.0 59.0
-14.763666 54.04201 0.36615026415 0.0 60.0
-15.495967 54.73568 0.36615026415 0.0 60.0
-14.129476 53.348343 0.0416 2.0 59.0
-15.076286 53.696182 0.0416 2.0 59.0
-15.076286 53.696182 0.0417 1.0 60.0
-16.023096 54.04402 0.0417 1.0 60.0
-16.023096 54.04402 0.0418 0.0 61.0
-16.657288 54.73769 0.36615026418 0.0 61.0
-16.657288 54.73769 0.36615026419 0.0 62.0
-17.389587 55.43136 0.36615026419 0.0 62.0
-16.023096 54.04402 0.0420 0.0 61.0
-17.0303 53.98941 0.0420 0.0 61.0
-17.0303 53.98941 0.0421 0.0 62.0
-18.037504 53.9348 0.0421 0.0 62.0
