0.0 0.0 0.00 60.0 1.0
0.0 0.9660416 0.00 60.0 1.0
0.0 0.9660416 0.01 59.0 2.0
0.0 1.9320832 0.01 59.0 2.0
0.0 1.9320832 0.02 58.0 3.0
0.0 2.898125 0.02 58.0 3.0
0.0 2.898125 0.03 57.0 4.0
0.0 3.8641665 0.03 57.0 4.0
0.0 3.8641665 0.04 56.0 5.0
0.0 4.8302083 0.04 56.0 5.0
0.0 4.8302083 0.05 55.0 6.0
0.0 5.79625 0.05 55.0 6.0
0.0 5.79625 0.06 54.0 7.0
0.0 6.7622914 0.06 54.0 7.0
0.0 6.7622914 0.07 53.0 8.0
0.0 7.728333 0.07 53.0 8.0
0.0 7.728333 0.08 52.0 9.0
0.0 8.694375 0.08 52.0 9.0
0.0 8.694375 0.09 51.0 10.0
0.0 9.660417 0.09 51.0 10.0
0.0 9.660417 0.010 50.0 11.0
0.0 10.626458 0.010 50.0 11.0
0.0 10.626458 0.011 49.0 12.0
0.0 11.5925 0.011 49.0 12.0
0.0 11.5925 0.012 48.0 13.0
0.0 12.558541 0.012 48.0 13.0
0.0 12.558541 0.013 47.0 14.0
0.0 13.524583 0.013 47.0 14.0
0.0 13.524583 0.014 46.0 15.0
0.0 14.490624 0.014 46.0 15.0
0.0 14.490624 0.015 45.0 16.0
0.0 15.456666 0.015 45.0 16.0
0.0 15.456666 0.016 28.0 17.0
0.34186083 16.338375 -0.1973734516 28.0 17.0
0.34186083 16.338375 -0.1973734517 27.0 18.0
0.68372166 17.220085 -0.394746917 27.0 18.0
0.68372166 17.220085 -0.394746918 26.0 19.0
1.0255826 18.101795 -0.5921203518 26.0 19.0
1.0255826 18.101795 -0.5921203519 25.0 20.0
1.3674433 18.983505 -0.789493819 25.0 20.0
1.3674433 18.983505 -0.789493820 24.0 21.0
1.7093041 19.865215 -0.9868672520 24.0 21.0
1.7093041 19.865215 -0.9868672521 23.0 22.0
2.0511649 20.746925 -1.184240721 23.0 22.0
2.0511649 20.746925 -1.184240722 22.0 23.0
2.3930256 21.628635 -1.381614222 22.0 23.0
2.3930256 21.628635 -1.381614223 21.0 24.0
2.7348864 22.510345 -1.578987623 21.0 24.0
2.7348864 22.510345 -1.578987624 12.0 25.0
2.7348864 23.476387 -1.578987624 12.0 25.0
2.7348864 23.476387 -1.578987625 11.0 26.0
2.7348864 24.442429 -1.578987625 11.0 26.0
2.7348864 24.442429 -1.578987626 10.0 27.0
2.7348864 25.40847 -1.578987626 10.0 27.0
2.7348864 25.40847 -1.578987627 9.0 28.0
2.7348864 26.374512 -1.578987627 9.0 28.0
2.7348864 26.374512 -1.578987628 4.0 29.0
3.0767472 27.256222 -1.77636128 4.0 29.0
3.0767472 27.256222 -1.77636129 3.0 30.0
3.418608 28.137932 -1.973734429 3.0 30.0
3.418608 28.137932 -1.973734430 0.0 31.0
3.418608 29.103973 -1.973734430 0.0 31.0
3.418608 29.103973 -1.973734431 0.0 32.0
3.418608 30.070015 -1.973734431 0.0 32.0
3.418608 28.137932 -1.973734432 2.0 31.0
3.813355 29.019642 -1.973734432 2.0 31.0
3.813355 29.019642 -1.973734433 1.0 32.0
4.2081017 29.901352 -1.973734433 1.0 32.0
4.2081017 29.901352 -1.973734434 0.0 33.0
4.8321366 30.544788 -2.33402134 0.0 33.0
4.8321366 30.544788 -2.33402135 0.0 34.0
5.55271 31.188225 -2.33402135 0.0 34.0
4.2081017 29.901352 -1.973734436 0.0 33.0
4.2081017 30.867393 -1.973734436 0.0 33.0
4.2081017 30.867393 -1.973734437 0.0 34.0
4.2081017 31.833435 -1.973734437 0.0 34.0
2.7348864 26.374512 -1.578987638 8.0 29.0
2.7348864 27.340553 -1.578987638 8.0 29.0
2.7348864 27.340553 -1.578987639 7.0 30.0
2.7348864 28.306595 -1.578987639 7.0 30.0
2.7348864 28.306595 -1.578987640 6.0 31.0
2.7348864 29.272636 -1.578987640 6.0 31.0
2.7348864 29.272636 -1.578987641 5.0 32.0
2.7348864 30.238678 -1.578987641 5.0 32.0
2.7348864 30.238678 -1.578987642 4.0 33.0
3.0767472 31.120388 -1.77636142 4.0 33.0
3.0767472 31.120388 -1.77636143 3.0 34.0
3.418608 32.002098 -1.973734443 3.0 34.0
3.418608 32.002098 -1.973734444 0.0 35.0
3.418608 32.96814 -1.973734444 0.0 35.0
3.418608 32.96814 -1.973734445 0.0 36.0
3.418608 33.93418 -1.973734445 0.0 36.0
3.418608 32.002098 -1.973734446 2.0 35.0
3.813355 32.88381 -1.973734446 2.0 35.0
3.813355 32.88381 -1.973734447 1.0 36.0
4.2081017 33.76552 -1.973734447 1.0 36.0
4.2081017 33.76552 -1.973734448 0.0 37.0
4.8321366 34.408955 -2.33402148 0.0 37.0
4.8321366 34.408955 -2.33402149 0.0 38.0
5.55271 35.05239 -2.33402149 0.0 38.0
4.2081017 33.76552 -1.973734450 0.0 37.0
4.2081017 34.73156 -1.973734450 0.0 37.0
4.2081017 34.73156 -1.973734451 0.0 38.0
4.2081017 35.6976 -1.973734451 0.0 38.0
2.7348864 30.238678 -1.578987652 4.0 33.0
2.3401394 31.120388 -1.578987652 4.0 33.0
2.3401394 31.120388 -1.578987653 3.0 34.0
1.9453925 32.002098 -1.578987653 3.0 34.0
1.9453925 32.002098 -1.578987654 0.0 35.0
1.3213575 32.645535 -1.218700954 0.0 35.0
1.3213575 32.645535 -1.218700955 0.0 36.0
0.60078394 33.28897 -1.218700955 0.0 36.0
1.9453925 32.002098 -1.578987656 2.0 35.0
1.5506456 32.88381 -1.578987656 2.0 35.0
1.5506456 32.88381 -1.578987657 1.0 36.0
1.1558987 33.76552 -1.578987657 1.0 36.0
1.1558987 33.76552 -1.578987658 0.0 37.0
1.1558987 34.73156 -1.578987658 0.0 37.0
1.1558987 34.73156 -1.578987659 0.0 38.0
1.1558987 35.6976 -1.578987659 0.0 38.0
1.1558987 33.76552 -1.578987660 0.0 37.0
0.43532515 34.408955 -1.578987660 0.0 37.0
0.43532515 34.408955 -1.578987661 0.0 38.0
-0.2852484 35.05239 -1.578987661 0.0 38.0
2.7348864 22.510345 -1.578987662 20.0 25.0
3.1296334 23.392056 -1.578987662 20.0 25.0
3.1296334 23.392056 -1.578987663 19.0 26.0
3.5243802 24.273766 -1.578987663 19.0 26.0
3.5243802 24.273766 -1.578987664 18.0 27.0
3.919127 25.155476 -1.578987664 18.0 27.0
3.919127 25.155476 -1.578987665 17.0 28.0
4.313874 26.037186 -1.578987665 17.0 28.0
4.313874 26.037186 -1.578987666 16.0 29.0
4.7086205 26.918896 -1.578987666 16.0 29.0
4.7086205 26.918896 -1.578987667 15.0 30.0
5.1033673 27.800606 -1.578987667 15.0 30.0
5.1033673 27.800606 -1.578987668 14.0 31.0
5.498114 28.682316 -1.578987668 14.0 31.0
5.498114 28.682316 -1.578987669 13.0 32.0
5.892861 29.564026 -1.578987669 13.0 32.0
5.892861 29.564026 -1.578987670 12.0 33.0
6.516896 30.207462 -1.939274370 12.0 33.0
6.516896 30.207462 -1.939274371 11.0 34.0
7.1409307 30.850899 -2.29956171 11.0 34.0
7.1409307 30.850899 -2.29956172 10.0 35.0
7.7649655 31.494335 -2.659847772 10.0 35.0
7.7649655 31.494335 -2.659847773 9.0 36.0
8.389001 32.13777 -3.020134473 9.0 36.0
8.389001 32.13777 -3.020134474 4.0 37.0
9.186257 32.430595 -3.480430874 4.0 37.0
9.186257 32.430595 -3.480430875 3.0 38.0
9.983514 32.72342 -3.940727275 3.0 38.0
9.983514 32.72342 -3.940727276 0.0 39.0
10.607549 33.366856 -4.30101476 0.0 39.0
10.607549 33.366856 -4.30101477 0.0 40.0
11.328122 34.010292 -4.30101477 0.0 40.0
9.983514 32.72342 -3.940727278 2.0 39.0
10.904106 33.016243 -3.940727278 2.0 39.0
10.904106 33.016243 -3.940727279 1.0 40.0
11.824698 33.309067 -3.940727279 1.0 40.0
11.824698 33.309067 -3.940727280 0.0 41.0
12.655981 33.200153 -4.420668680 0.0 41.0
12.655981 33.200153 -4.420668681 0.0 42.0
13.615864 33.09124 -4.420668681 0.0 42.0
11.824698 33.309067 -3.940727282 0.0 41.0
12.545272 33.952503 -3.940727282 0.0 41.0
12.545272 33.952503 -3.940727283 0.0 42.0
13.265845 34.59594 -3.940727283 0.0 42.0
8.389001 32.13777 -3.020134484 8.0 37.0
9.109574 32.781208 -3.020134484 8.0 37.0
9.109574 32.781208 -3.020134485 7.0 38.0
9.830148 33.424644 -3.020134485 7.0 38.0
9.830148 33.424644 -3.020134486 6.0 39.0
10.550721 34.06808 -3.020134486 6.0 39.0
10.550721 34.06808 -3.020134487 5.0 40.0
11.271295 34.711517 -3.020134487 5.0 40.0
11.271295 34.711517 -3.020134488 4.0 41.0
12.068551 35.00434 -3.480430888 4.0 41.0
12.068551 35.00434 -3.480430889 3.0 42.0
12.865808 35.297165 -3.940727289 3.0 42.0
12.865808 35.297165 -3.940727290 0.0 43.0
13.489842 35.9406 -4.30101490 0.0 43.0
13.489842 35.9406 -4.30101491 0.0 44.0
14.210416 36.584038 -4.30101491 0.0 44.0
12.865808 35.297165 -3.940727292 2.0 43.0
13.7864 35.58999 -3.940727292 2.0 43.0
13.7864 35.58999 -3.940727293 1.0 44.0
14.706992 35.882812 -3.940727293 1.0 44.0
14.706992 35.882812 -3.940727294 0.0 45.0
15.538275 35.7739 -4.420668694 0.0 45.0
15.538275 35.7739 -4.420668695 0.0 46.0
16.498158 35.664986 -4.420668695 0.0 46.0
14.706992 35.882812 -3.940727296 0.0 45.0
15.427566 36.52625 -3.940727296 0.0 45.0
15.427566 36.52625 -3.940727297 0.0 46.0
16.14814 37.169685 -3.940727297 0.0 46.0
11.271295 34.711517 -3.020134498 4.0 41.0
11.666041 35.593227 -3.020134498 4.0 41.0
11.666041 35.593227 -3.020134499 3.0 42.0
12.060788 36.474937 -3.020134499 3.0 42.0
12.060788 36.474937 -3.0201344100 0.0 43.0
12.060788 37.44098 -3.0201344100 0.0 43.0
12.060788 37.44098 -3.0201344101 0.0 44.0
12.060788 38.40702 -3.0201344101 0.0 44.0
12.060788 36.474937 -3.0201344102 2.0 43.0
12.455535 37.356647 -3.0201344102 2.0 43.0
12.455535 37.356647 -3.0201344103 1.0 44.0
12.850282 38.238358 -3.0201344103 1.0 44.0
12.850282 38.238358 -3.0201344104 0.0 45.0
13.474317 38.881794 -3.3804212104 0.0 45.0
13.474317 38.881794 -3.3804212105 0.0 46.0
14.19489 39.52523 -3.3804212105 0.0 46.0
12.850282 38.238358 -3.0201344106 0.0 45.0
12.850282 39.2044 -3.0201344106 0.0 45.0
12.850282 39.2044 -3.0201344107 0.0 46.0
12.850282 40.17044 -3.0201344107 0.0 46.0
5.892861 29.564026 -1.5789876108 12.0 33.0
5.892861 30.530067 -1.5789876108 12.0 33.0
5.892861 30.530067 -1.5789876109 11.0 34.0
5.892861 31.496109 -1.5789876109 11.0 34.0
5.892861 31.496109 -1.5789876110 10.0 35.0
5.892861 32.46215 -1.5789876110 10.0 35.0
5.892861 32.46215 -1.5789876111 9.0 36.0
5.892861 33.428192 -1.5789876111 9.0 36.0
5.892861 33.428192 -1.5789876112 4.0 37.0
6.2347217 34.309902 -1.776361112 4.0 37.0
6.2347217 34.309902 -1.776361113 3.0 38.0
6.5765824 35.191612 -1.9737344113 3.0 38.0
6.5765824 35.191612 -1.9737344114 0.0 39.0
6.5765824 36.157654 -1.9737344114 0.0 39.0
6.5765824 36.157654 -1.9737344115 0.0 40.0
6.5765824 37.123695 -1.9737344115 0.0 40.0
6.5765824 35.191612 -1.9737344116 2.0 39.0
6.971329 36.073322 -1.9737344116 2.0 39.0
6.971329 36.073322 -1.9737344117 1.0 40.0
7.366076 36.955032 -1.9737344117 1.0 40.0
7.366076 36.955032 -1.9737344118 0.0 41.0
7.990111 37.59847 -2.334021118 0.0 41.0
7.990111 37.59847 -2.334021119 0.0 42.0
8.710685 38.241905 -2.334021119 0.0 42.0
7.366076 36.955032 -1.9737344120 0.0 41.0
7.366076 37.921074 -1.9737344120 0.0 41.0
7.366076 37.921074 -1.9737344121 0.0 42.0
7.366076 38.887115 -1.9737344121 0.0 42.0
5.892861 33.428192 -1.5789876122 8.0 37.0
5.892861 34.394234 -1.5789876122 8.0 37.0
5.892861 34.394234 -1.5789876123 7.0 38.0
5.892861 35.360275 -1.5789876123 7.0 38.0
5.892861 35.360275 -1.5789876124 6.0 39.0
5.892861 36.326317 -1.5789876124 6.0 39.0
5.892861 36.326317 -1.5789876125 5.0 40.0
5.892861 37.29236 -1.5789876125 5.0 40.0
5.892861 37.29236 -1.5789876126 4.0 41.0
6.2347217 38.17407 -1.776361126 4.0 41.0
6.2347217 38.17407 -1.776361127 3.0 42.0
6.5765824 39.05578 -1.9737344127 3.0 42.0
6.5765824 39.05578 -1.9737344128 0.0 43.0
6.5765824 40.02182 -1.9737344128 0.0 43.0
6.5765824 40.02182 -1.9737344129 0.0 44.0
6.5765824 40.98786 -1.9737344129 0.0 44.0
6.5765824 39.05578 -1.9737344130 2.0 43.0
6.971329 39.93749 -1.9737344130 2.0 43.0
6.971329 39.93749 -1.9737344131 1.0 44.0
7.366076 40.8192 -1.9737344131 1.0 44.0
7.366076 40.8192 -1.9737344132 0.0 45.0
7.990111 41.462635 -2.334021132 0.0 45.0
7.990111 41.462635 -2.334021133 0.0 46.0
8.710685 42.10607 -2.334021133 0.0 46.0
7.366076 40.8192 -1.9737344134 0.0 45.0
7.366076 41.78524 -1.9737344134 0.0 45.0
7.366076 41.78524 -1.9737344135 0.0 46.0
7.366076 42.75128 -1.9737344135 0.0 46.0
5.892861 37.29236 -1.5789876136 4.0 41.0
5.498114 38.17407 -1.5789876136 4.0 41.0
5.498114 38.17407 -1.5789876137 3.0 42.0
5.1033673 39.05578 -1.5789876137 3.0 42.0
5.1033673 39.05578 -1.5789876138 0.0 43.0
4.4793324 39.699215 -1.2187009138 0.0 43.0
4.4793324 39.699215 -1.2187009139 0.0 44.0
3.758759 40.34265 -1.2187009139 0.0 44.0
5.1033673 39.05578 -1.5789876140 2.0 43.0
4.7086205 39.93749 -1.5789876140 2.0 43.0
4.7086205 39.93749 -1.5789876141 1.0 44.0
4.313874 40.8192 -1.5789876141 1.0 44.0
4.313874 40.8192 -1.5789876142 0.0 45.0
4.313874 41.78524 -1.5789876142 0.0 45.0
4.313874 41.78524 -1.5789876143 0.0 46.0
4.313874 42.75128 -1.5789876143 0.0 46.0
4.313874 40.8192 -1.5789876144 0.0 45.0
3.5933003 41.462635 -1.5789876144 0.0 45.0
3.5933003 41.462635 -1.5789876145 0.0 46.0
2.872727 42.10607 -1.5789876145 0.0 46.0
0.0 15.456666 0.0146 44.0 17.0
0.0 16.422709 0.0146 44.0 17.0
0.0 16.422709 0.0147 43.0 18.0
0.0 17.38875 0.0147 43.0 18.0
0.0 17.38875 0.0148 42.0 19.0
0.0 18.354792 0.0148 42.0 19.0
0.0 18.354792 0.0149 41.0 20.0
0.0 19.320833 0.0149 41.0 20.0
0.0 19.320833 0.0150 40.0 21.0
0.0 20.286875 0.0150 40.0 21.0
0.0 20.286875 0.0151 39.0 22.0
0.0 21.252916 0.0151 39.0 22.0
0.0 21.252916 0.0152 38.0 23.0
0.0 22.218958 0.0152 38.0 23.0
0.0 22.218958 0.0153 37.0 24.0
0.0 23.185 0.0153 37.0 24.0
0.0 23.185 0.0154 36.0 25.0
0.0 24.151041 0.0154 36.0 25.0
0.0 24.151041 0.0155 35.0 26.0
0.0 25.117083 0.0155 35.0 26.0
0.0 25.117083 0.0156 34.0 27.0
0.0 26.083124 0.0156 34.0 27.0
0.0 26.083124 0.0157 33.0 28.0
0.0 27.049166 0.0157 33.0 28.0
0.0 27.049166 0.0158 32.0 29.0
0.0 28.015207 0.0158 32.0 29.0
0.0 28.015207 0.0159 31.0 30.0
0.0 28.981249 0.0159 31.0 30.0
0.0 28.981249 0.0160 30.0 31.0
0.0 29.94729 0.0160 30.0 31.0
0.0 29.94729 0.0161 29.0 32.0
0.0 30.913332 0.0161 29.0 32.0
0.0 30.913332 0.0162 28.0 33.0
0.34186083 31.795042 -0.19737345162 28.0 33.0
0.34186083 31.795042 -0.19737345163 27.0 34.0
0.68372166 32.67675 -0.3947469163 27.0 34.0
0.68372166 32.67675 -0.3947469164 26.0 35.0
1.0255826 33.55846 -0.59212035164 26.0 35.0
1.0255826 33.55846 -0.59212035165 25.0 36.0
1.3674433 34.44017 -0.7894938165 25.0 36.0
1.3674433 34.44017 -0.7894938166 24.0 37.0
1.7093041 35.32188 -0.98686725166 24.0 37.0
1.7093041 35.32188 -0.98686725167 23.0 38.0
2.0511649 36.20359 -1.1842407167 23.0 38.0
2.0511649 36.20359 -1.1842407168 22.0 39.0
2.3930256 37.0853 -1.3816142168 22.0 39.0
2.3930256 37.0853 -1.3816142169 21.0 40.0
2.7348864 37.96701 -1.5789876169 21.0 40.0
2.7348864 37.96701 -1.5789876170 12.0 41.0
2.7348864 38.933052 -1.5789876170 12.0 41.0
2.7348864 38.933052 -1.5789876171 11.0 42.0
2.7348864 39.899094 -1.5789876171 11.0 42.0
2.7348864 39.899094 -1.5789876172 10.0 43.0
2.7348864 40.865135 -1.5789876172 10.0 43.0
2.7348864 40.865135 -1.5789876173 9.0 44.0
2.7348864 41.831177 -1.5789876173 9.0 44.0
2.7348864 41.831177 -1.5789876174 4.0 45.0
3.0767472 42.712887 -1.776361174 4.0 45.0
3.0767472 42.712887 -1.776361175 3.0 46.0
3.418608 43.594597 -1.9737344175 3.0 46.0
3.418608 43.594597 -1.9737344176 0.0 47.0
3.418608 44.56064 -1.9737344176 0.0 47.0
3.418608 44.56064 -1.9737344177 0.0 48.0
3.418608 45.52668 -1.9737344177 0.0 48.0
3.418608 43.594597 -1.9737344178 2.0 47.0
3.813355 44.476307 -1.9737344178 2.0 47.0
3.813355 44.476307 -1.9737344179 1.0 48.0
4.2081017 45.358017 -1.9737344179 1.0 48.0
4.2081017 45.358017 -1.9737344180 0.0 49.0
4.8321366 46.001453 -2.334021180 0.0 49.0
4.8321366 46.001453 -2.334021181 0.0 50.0
5.55271 46.64489 -2.334021181 0.0 50.0
4.2081017 45.358017 -1.9737344182 0.0 49.0
4.2081017 46.32406 -1.9737344182 0.0 49.0
4.2081017 46.32406 -1.9737344183 0.0 50.0
4.2081017 47.2901 -1.9737344183 0.0 50.0
2.7348864 41.831177 -1.5789876184 8.0 45.0
2.7348864 42.79722 -1.5789876184 8.0 45.0
2.7348864 42.79722 -1.5789876185 7.0 46.0
2.7348864 43.76326 -1.5789876185 7.0 46.0
2.7348864 43.76326 -1.5789876186 6.0 47.0
2.7348864 44.7293 -1.5789876186 6.0 47.0
2.7348864 44.7293 -1.5789876187 5.0 48.0
2.7348864 45.695343 -1.5789876187 5.0 48.0
2.7348864 45.695343 -1.5789876188 4.0 49.0
3.0767472 46.577053 -1.776361188 4.0 49.0
3.0767472 46.577053 -1.776361189 3.0 50.0
3.418608 47.458763 -1.9737344189 3.0 50.0
3.418608 47.458763 -1.9737344190 0.0 51.0
3.418608 48.424805 -1.9737344190 0.0 51.0
3.418608 48.424805 -1.9737344191 0.0 52.0
3.418608 49.390846 -1.9737344191 0.0 52.0
3.418608 47.458763 -1.9737344192 2.0 51.0
3.813355 48.340473 -1.9737344192 2.0 51.0
3.813355 48.340473 -1.9737344193 1.0 52.0
4.2081017 49.222183 -1.9737344193 1.0 52.0
4.2081017 49.222183 -1.9737344194 0.0 53.0
4.8321366 49.86562 -2.334021194 0.0 53.0
4.8321366 49.86562 -2.334021195 0.0 54.0
5.55271 50.509056 -2.334021195 0.0 54.0
4.2081017 49.222183 -1.9737344196 0.0 53.0
4.2081017 50.188225 -1.9737344196 0.0 53.0
4.2081017 50.188225 -1.9737344197 0.0 54.0
4.2081017 51.154266 -1.9737344197 0.0 54.0
2.7348864 45.695343 -1.5789876198 4.0 49.0
2.3401394 46.577053 -1.5789876198 4.0 49.0
2.3401394 46.577053 -1.5789876199 3.0 50.0
1.9453925 47.458763 -1.5789876199 3.0 50.0
1.9453925 47.458763 -1.5789876200 0.0 51.0
1.3213575 48.1022 -1.2187009200 0.0 51.0
1.3213575 48.1022 -1.2187009201 0.0 52.0
0.60078394 48.745636 -1.2187009201 0.0 52.0
1.9453925 47.458763 -1.5789876202 2.0 51.0
1.5506456 48.340473 -1.5789876202 2.0 51.0
1.5506456 48.340473 -1.5789876203 1.0 52.0
1.1558987 49.222183 -1.5789876203 1.0 52.0
1.1558987 49.222183 -1.5789876204 0.0 53.0
1.1558987 50.188225 -1.5789876204 0.0 53.0
1.1558987 50.188225 -1.5789876205 0.0 54.0
1.1558987 51.154266 -1.5789876205 0.0 54.0
1.1558987 49.222183 -1.5789876206 0.0 53.0
0.43532515 49.86562 -1.5789876206 0.0 53.0
0.43532515 49.86562 -1.5789876207 0.0 54.0
-0.2852484 50.509056 -1.5789876207 0.0 54.0
2.7348864 37.96701 -1.5789876208 20.0 41.0
3.1296334 38.84872 -1.5789876208 20.0 41.0
3.1296334 38.84872 -1.5789876209 19.0 42.0
3.5243802 39.73043 -1.5789876209 19.0 42.0
3.5243802 39.73043 -1.5789876210 18.0 43.0
3.919127 40.61214 -1.5789876210 18.0 43.0
3.919127 40.61214 -1.5789876211 17.0 44.0
4.313874 41.49385 -1.5789876211 17.0 44.0
4.313874 41.49385 -1.5789876212 16.0 45.0
4.7086205 42.37556 -1.5789876212 16.0 45.0
4.7086205 42.37556 -1.5789876213 15.0 46.0
5.1033673 43.25727 -1.5789876213 15.0 46.0
5.1033673 43.25727 -1.5789876214 14.0 47.0
5.498114 44.13898 -1.5789876214 14.0 47.0
5.498114 44.13898 -1.5789876215 13.0 48.0
5.892861 45.02069 -1.5789876215 13.0 48.0
5.892861 45.02069 -1.5789876216 12.0 49.0
6.516896 45.664127 -1.9392743216 12.0 49.0
6.516896 45.664127 -1.9392743217 11.0 50.0
7.1409307 46.307564 -2.299561217 11.0 50.0
7.1409307 46.307564 -2.299561218 10.0 51.0
7.7649655 46.951 -2.6598477218 10.0 51.0
7.7649655 46.951 -2.6598477219 9.0 52.0
8.389001 47.594437 -3.0201344219 9.0 52.0
8.389001 47.594437 -3.0201344220 4.0 53.0
9.186257 47.88726 -3.4804308220 4.0 53.0
9.186257 47.88726 -3.4804308221 3.0 54.0
9.983514 48.180084 -3.9407272221 3.0 54.0
9.983514 48.180084 -3.9407272222 0.0 55.0
10.607549 48.82352 -4.301014222 0.0 55.0
10.607549 48.82352 -4.301014223 0.0 56.0
11.328122 49.466957 -4.301014223 0.0 56.0
9.983514 48.180084 -3.9407272224 2.0 55.0
10.904106 48.472908 -3.9407272224 2.0 55.0
10.904106 48.472908 -3.9407272225 1.0 56.0
11.824698 48.76573 -3.9407272225 1.0 56.0
11.824698 48.76573 -3.9407272226 0.0 57.0
12.655981 48.65682 -4.4206686226 0.0 57.0
12.655981 48.65682 -4.4206686227 0.0 58.0
13.615864 48.547905 -4.4206686227 0.0 58.0
11.824698 48.76573 -3.9407272228 0.0 57.0
12.545272 49.40917 -3.9407272228 0.0 57.0
12.545272 49.40917 -3.9407272229 0.0 58.0
13.265845 50.052605 -3.9407272229 0.0 58.0
8.389001 47.594437 -3.0201344230 8.0 53.0
9.109574 48.237873 -3.0201344230 8.0 53.0
9.109574 48.237873 -3.0201344231 7.0 54.0
9.830148 48.88131 -3.0201344231 7.0 54.0
9.830148 48.88131 -3.0201344232 6.0 55.0
10.550721 49.524746 -3.0201344232 6.0 55.0
10.550721 49.524746 -3.0201344233 5.0 56.0
11.271295 50.168182 -3.0201344233 5.0 56.0
11.271295 50.168182 -3.0201344234 4.0 57.0
12.068551 50.461006 -3.4804308234 4.0 57.0
12.068551 50.461006 -3.4804308235 3.0 58.0
12.865808 50.75383 -3.9407272235 3.0 58.0
12.865808 50.75383 -3.9407272236 0.0 59.0
13.489842 51.397266 -4.301014236 0.0 59.0
13.489842 51.397266 -4.301014237 0.0 60.0
14.210416 52.040703 -4.301014237 0.0 60.0
12.865808 50.75383 -3.9407272238 2.0 59.0
13.7864 51.046654 -3.9407272238 2.0 59.0
13.7864 51.046654 -3.9407272239 1.0 60.0
14.706992 51.339478 -3.9407272239 1.0 60.0
14.706992 51.339478 -3.9407272240 0.0 61.0
15.538275 51.230564 -4.4206686240 0.0 61.0
15.538275 51.230564 -4.4206686241 0.0 62.0
16.498158 51.12165 -4.4206686241 0.0 62.0
14.706992 51.339478 -3.9407272242 0.0 61.0
15.427566 51.982914 -3.9407272242 0.0 61.0
15.427566 51.982914 -3.9407272243 0.0 62.0
16.14814 52.62635 -3.9407272243 0.0 62.0
11.271295 50.168182 -3.0201344244 4.0 57.0
11.666041 51.049892 -3.0201344244 4.0 57.0
11.666041 51.049892 -3.0201344245 3.0 58.0
12.060788 51.931602 -3.0201344245 3.0 58.0
12.060788 51.931602 -3.0201344246 0.0 59.0
12.060788 52.897644 -3.0201344246 0.0 59.0
12.060788 52.897644 -3.0201344247 0.0 60.0
12.060788 53.863686 -3.0201344247 0.0 60.0
12.060788 51.931602 -3.0201344248 2.0 59.0
12.455535 52.813313 -3.0201344248 2.0 59.0
12.455535 52.813313 -3.0201344249 1.0 60.0
12.850282 53.695023 -3.0201344249 1.0 60.0
12.850282 53.695023 -3.0201344250 0.0 61.0
13.474317 54.33846 -3.3804212250 0.0 61.0
13.474317 54.33846 -3.3804212251 0.0 62.0
14.19489 54.981895 -3.3804212251 0.0 62.0
12.850282 53.695023 -3.0201344252 0.0 61.0
12.850282 54.661064 -3.0201344252 0.0 61.0
12.850282 54.661064 -3.0201344253 0.0 62.0
12.850282 55.627106 -3.0201344253 0.0 62.0
5.892861 45.02069 -1.5789876254 12.0 49.0
5.892861 45.986732 -1.5789876254 12.0 49.0
5.892861 45.986732 -1.5789876255 11.0 50.0
5.892861 46.952774 -1.5789876255 11.0 50.0
5.892861 46.952774 -1.5789876256 10.0 51.0
5.892861 47.918816 -1.5789876256 10.0 51.0
5.892861 47.918816 -1.5789876257 9.0 52.0
5.892861 48.884857 -1.5789876257 9.0 52.0
5.892861 48.884857 -1.5789876258 4.0 53.0
6.2347217 49.766567 -1.776361258 4.0 53.0
6.2347217 49.766567 -1.776361259 3.0 54.0
6.5765824 50.648277 -1.9737344259 3.0 54.0
6.5765824 50.648277 -1.9737344260 0.0 55.0
6.5765824 51.61432 -1.9737344260 0.0 55.0
6.5765824 51.61432 -1.9737344261 0.0 56.0
6.5765824 52.58036 -1.9737344261 0.0 56.0
6.5765824 50.648277 -1.9737344262 2.0 55.0
6.971329 51.529987 -1.9737344262 2.0 55.0
6.971329 51.529987 -1.9737344263 1.0 56.0
7.366076 52.411697 -1.9737344263 1.0 56.0
7.366076 52.411697 -1.9737344264 0.0 57.0
7.990111 53.055134 -2.334021264 0.0 57.0
7.990111 53.055134 -2.334021265 0.0 58.0
8.710685 53.69857 -2.334021265 0.0 58.0
7.366076 52.411697 -1.9737344266 0.0 57.0
7.366076 53.37774 -1.9737344266 0.0 57.0
7.366076 53.37774 -1.9737344267 0.0 58.0
7.366076 54.34378 -1.9737344267 0.0 58.0
5.892861 48.884857 -1.5789876268 8.0 53.0
5.892861 49.8509 -1.5789876268 8.0 53.0
5.892861 49.8509 -1.5789876269 7.0 54.0
5.892861 50.81694 -1.5789876269 7.0 54.0
5.892861 50.81694 -1.5789876270 6.0 55.0
5.892861 51.78298 -1.5789876270 6.0 55.0
5.892861 51.78298 -1.5789876271 5.0 56.0
5.892861 52.749023 -1.5789876271 5.0 56.0
5.892861 52.749023 -1.5789876272 4.0 57.0
6.2347217 53.630733 -1.776361272 4.0 57.0
6.2347217 53.630733 -1.776361273 3.0 58.0
6.5765824 54.512444 -1.9737344273 3.0 58.0
6.5765824 54.512444 -1.9737344274 0.0 59.0
6.5765824 55.478485 -1.9737344274 0.0 59.0
6.5765824 55.478485 -1.9737344275 0.0 60.0
6.5765824 56.444527 -1.9737344275 0.0 60.0
6.5765824 54.512444 -1.9737344276 2.0 59.0
6.971329 55.394154 -1.9737344276 2.0 59.0
6.971329 55.394154 -1.9737344277 1.0 60.0
7.366076 56.275864 -1.9737344277 1.0 60.0
7.366076 56.275864 -1.9737344278 0.0 61.0
7.990111 56.9193 -2.334021278 0.0 61.0
7.990111 56.9193 -2.334021279 0.0 62.0
8.710685 57.562737 -2.334021279 0.0 62.0
7.366076 56.275864 -1.9737344280 0.0 61.0
7.366076 57.241905 -1.9737344280 0.0 61.0
7.366076 57.241905 -1.9737344281 0.0 62.0
7.366076 58.207947 -1.9737344281 0.0 62.0
5.892861 52.749023 -1.5789876282 4.0 57.0
5.498114 53.630733 -1.5789876282 4.0 57.0
5.498114 53.630733 -1.5789876283 3.0 58.0
5.1033673 54.512444 -1.5789876283 3.0 58.0
5.1033673 54.512444 -1.5789876284 0.0 59.0
4.4793324 55.15588 -1.2187009284 0.0 59.0
4.4793324 55.15588 -1.2187009285 0.0 60.0
3.758759 55.799316 -1.2187009285 0.0 60.0
5.1033673 54.512444 -1.5789876286 2.0 59.0
4.7086205 55.394154 -1.5789876286 2.0 59.0
4.7086205 55.394154 -1.5789876287 1.0 60.0
4.313874 56.275864 -1.5789876287 1.0 60.0
4.313874 56.275864 -1.5789876288 0.0 61.0
4.313874 57.241905 -1.5789876288 0.0 61.0
4.313874 57.241905 -1.5789876289 0.0 62.0
4.313874 58.207947 -1.5789876289 0.0 62.0
4.313874 56.275864 -1.5789876290 0.0 61.0
3.5933003 56.9193 -1.5789876290 0.0 61.0
3.5933003 56.9193 -1.5789876291 0.0 62.0
2.872727 57.562737 -1.5789876291 0.0 62.0
0.0 30.913332 0.0292 28.0 33.0
-0.3947469 31.795042 0.0292 28.0 33.0
-0.3947469 31.795042 0.0293 27.0 34.0
-0.7894938 32.67675 0.0293 27.0 34.0
-0.7894938 32.67675 0.0294 26.0 35.0
-1.1842407 33.55846 0.0294 26.0 35.0
-1.1842407 33.55846 0.0295 25.0 36.0
-1.5789876 34.44017 0.0295 25.0 36.0
-1.5789876 34.44017 0.0296 24.0 37.0
-1.9737345 35.32188 0.0296 24.0 37.0
-1.9737345 35.32188 0.0297 23.0 38.0
-2.3684814 36.20359 0.0297 23.0 38.0
-2.3684814 36.20359 0.0298 22.0 39.0
-2.7632284 37.0853 0.0298 22.0 39.0
-2.7632284 37.0853 0.0299 21.0 40.0
-3.1579752 37.96701 0.0299 21.0 40.0
-3.1579752 37.96701 0.0300 12.0 41.0
-3.78201 38.610447 0.36028677300 12.0 41.0
-3.78201 38.610447 0.36028677301 11.0 42.0
-4.406045 39.253883 0.72057354301 11.0 42.0
-4.406045 39.253883 0.72057354302 10.0 43.0
-5.03008 39.89732 1.0808604302 10.0 43.0
-5.03008 39.89732 1.0808604303 9.0 44.0
-5.6541147 40.540756 1.4411471303 9.0 44.0
-5.6541147 40.540756 1.4411471304 4.0 45.0
-5.9959755 41.422466 1.6385205304 4.0 45.0
-5.9959755 41.422466 1.6385205305 3.0 46.0
-6.3378363 42.304176 1.8358939305 3.0 46.0
-6.3378363 42.304176 1.8358939306 0.0 47.0
-6.961871 42.947613 2.1961806306 0.0 47.0
-6.961871 42.947613 2.1961806307 0.0 48.0
-7.6824446 43.59105 2.1961806307 0.0 48.0
-6.3378363 42.304176 1.8358939308 2.0 47.0
-6.732583 43.185886 1.8358939308 2.0 47.0
-6.732583 43.185886 1.8358939309 1.0 48.0
-7.12733 44.067596 1.8358939309 1.0 48.0
-7.12733 44.067596 1.8358939310 0.0 49.0
-7.12733 45.033638 1.8358939310 0.0 49.0
-7.12733 45.033638 1.8358939311 0.0 50.0
-7.12733 45.99968 1.8358939311 0.0 50.0
-7.12733 44.067596 1.8358939312 0.0 49.0
-7.8479033 44.711033 1.8358939312 0.0 49.0
-7.8479033 44.711033 1.8358939313 0.0 50.0
-8.568477 45.35447 1.8358939313 0.0 50.0
-5.6541147 40.540756 1.4411471314 8.0 45.0
-6.374688 41.184193 1.4411471314 8.0 45.0
-6.374688 41.184193 1.4411471315 7.0 46.0
-7.0952616 41.82763 1.4411471315 7.0 46.0
-7.0952616 41.82763 1.4411471316 6.0 47.0
-7.815835 42.471066 1.4411471316 6.0 47.0
-7.815835 42.471066 1.4411471317 5.0 48.0
-8.536408 43.114502 1.4411471317 5.0 48.0
-8.536408 43.114502 1.4411471318 4.0 49.0
-8.878269 43.996212 1.6385205318 4.0 49.0
-8.878269 43.996212 1.6385205319 3.0 50.0
-9.22013 44.877922 1.8358939319 3.0 50.0
-9.22013 44.877922 1.8358939320 0.0 51.0
-9.844165 45.52136 2.1961806320 0.0 51.0
-9.844165 45.52136 2.1961806321 0.0 52.0
-10.564738 46.164795 2.1961806321 0.0 52.0
-9.22013 44.877922 1.8358939322 2.0 51.0
-9.614877 45.759632 1.8358939322 2.0 51.0
-9.614877 45.759632 1.8358939323 1.0 52.0
-10.009624 46.641342 1.8358939323 1.0 52.0
-10.009624 46.641342 1.8358939324 0.0 53.0
-10.009624 47.607384 1.8358939324 0.0 53.0
-10.009624 47.607384 1.8358939325 0.0 54.0
-10.009624 48.573425 1.8358939325 0.0 54.0
-10.009624 46.641342 1.8358939326 0.0 53.0
-10.730197 47.28478 1.8358939326 0.0 53.0
-10.730197 47.28478 1.8358939327 0.0 54.0
-11.45077 47.928215 1.8358939327 0.0 54.0
-8.536408 43.114502 1.4411471328 4.0 49.0
-9.457001 43.407326 1.4411471328 4.0 49.0
-9.457001 43.407326 1.4411471329 3.0 50.0
-10.377593 43.70015 1.4411471329 3.0 50.0
-10.377593 43.70015 1.4411471330 0.0 51.0
-11.208876 43.591236 1.9210882330 0.0 51.0
-11.208876 43.591236 1.9210882331 0.0 52.0
-12.168758 43.482323 1.9210882331 0.0 52.0
-10.377593 43.70015 1.4411471332 2.0 51.0
-11.298185 43.992973 1.4411471332 2.0 51.0
-11.298185 43.992973 1.4411471333 1.0 52.0
-12.218778 44.285797 1.4411471333 1.0 52.0
-12.218778 44.285797 1.4411471334 0.0 53.0
-12.842813 44.929234 1.8014338334 0.0 53.0
-12.842813 44.929234 1.8014338335 0.0 54.0
-13.563386 45.57267 1.8014338335 0.0 54.0
-12.218778 44.285797 1.4411471336 0.0 53.0
-13.178659 44.176884 1.4411471336 0.0 53.0
-13.178659 44.176884 1.4411471337 0.0 54.0
-14.138542 44.06797 1.4411471337 0.0 54.0
-3.1579752 37.96701 0.0338 20.0 41.0
-3.552722 38.84872 0.0338 20.0 41.0
-3.552722 38.84872 0.0339 19.0 42.0
-3.9474688 39.73043 0.0339 19.0 42.0
-3.9474688 39.73043 0.0340 18.0 43.0
-4.3422155 40.61214 0.0340 18.0 43.0
-4.3422155 40.61214 0.0341 17.0 44.0
-4.7369623 41.49385 0.0341 17.0 44.0
-4.7369623 41.49385 0.0342 16.0 45.0
-5.131709 42.37556 0.0342 16.0 45.0
-5.131709 42.37556 0.0343 15.0 46.0
-5.526456 43.25727 0.0343 15.0 46.0
-5.526456 43.25727 0.0344 14.0 47.0
-5.9212027 44.13898 0.0344 14.0 47.0
-5.9212027 44.13898 0.0345 13.0 48.0
-6.3159494 45.02069 0.0345 13.0 48.0
-6.3159494 45.02069 0.0346 12.0 49.0
-6.3159494 45.986732 0.0346 12.0 49.0
-6.3159494 45.986732 0.0347 11.0 50.0
-6.3159494 46.952774 0.0347 11.0 50.0
-6.3159494 46.952774 0.0348 10.0 51.0
-6.3159494 47.918816 0.0348 10.0 51.0
-6.3159494 47.918816 0.0349 9.0 52.0
-6.3159494 48.884857 0.0349 9.0 52.0
-6.3159494 48.884857 0.0350 4.0 53.0
-5.9740887 49.766567 -0.19737345350 4.0 53.0
-5.9740887 49.766567 -0.19737345351 3.0 54.0
-5.632228 50.648277 -0.3947469351 3.0 54.0
-5.632228 50.648277 -0.3947469352 0.0 55.0
-5.632228 51.61432 -0.3947469352 0.0 55.0
-5.632228 51.61432 -0.3947469353 0.0 56.0
-5.632228 52.58036 -0.3947469353 0.0 56.0
-5.632228 50.648277 -0.3947469354 2.0 55.0
-5.237481 51.529987 -0.3947469354 2.0 55.0
-5.237481 51.529987 -0.3947469355 1.0 56.0
-4.8427343 52.411697 -0.3947469355 1.0 56.0
-4.8427343 52.411697 -0.3947469356 0.0 57.0
-4.2186995 53.055134 -0.7550337356 0.0 57.0
-4.2186995 53.055134 -0.7550337357 0.0 58.0
-3.498126 53.69857 -0.7550337357 0.0 58.0
-4.8427343 52.411697 -0.3947469358 0.0 57.0
-4.8427343 53.37774 -0.3947469358 0.0 57.0
-4.8427343 53.37774 -0.3947469359 0.0 58.0
-4.8427343 54.34378 -0.3947469359 0.0 58.0
-6.3159494 48.884857 0.0360 8.0 53.0
-6.3159494 49.8509 0.0360 8.0 53.0
-6.3159494 49.8509 0.0361 7.0 54.0
-6.3159494 50.81694 0.0361 7.0 54.0
-6.3159494 50.81694 0.0362 6.0 55.0
-6.3159494 51.78298 0.0362 6.0 55.0
-6.3159494 51.78298 0.0363 5.0 56.0
-6.3159494 52.749023 0.0363 5.0 56.0
-6.3159494 52.749023 0.0364 4.0 57.0
-5.9740887 53.630733 -0.19737345364 4.0 57.0
-5.9740887 53.630733 -0.19737345365 3.0 58.0
-5.632228 54.512444 -0.3947469365 3.0 58.0
-5.632228 54.512444 -0.3947469366 0.0 59.0
-5.632228 55.478485 -0.3947469366 0.0 59.0
-5.632228 55.478485 -0.3947469367 0.0 60.0
-5.632228 56.444527 -0.3947469367 0.0 60.0
-5.632228 54.512444 -0.3947469368 2.0 59.0
-5.237481 55.394154 -0.3947469368 2.0 59.0
-5.237481 55.394154 -0.3947469369 1.0 60.0
-4.8427343 56.275864 -0.3947469369 1.0 60.0
-4.8427343 56.275864 -0.3947469370 0.0 61.0
-4.2186995 56.9193 -0.7550337370 0.0 61.0
-4.2186995 56.9193 -0.7550337371 0.0 62.0
-3.498126 57.562737 -0.7550337371 0.0 62.0
-4.8427343 56.275864 -0.3947469372 0.0 61.0
-4.8427343 57.241905 -0.3947469372 0.0 61.0
-4.8427343 57.241905 -0.3947469373 0.0 62.0
-4.8427343 58.207947 -0.3947469373 0.0 62.0
-6.3159494 52.749023 0.0374 4.0 57.0
-6.710696 53.630733 0.0374 4.0 57.0
-6.710696 53.630733 0.0375 3.0 58.0
-7.105443 54.512444 0.0375 3.0 58.0
-7.105443 54.512444 0.0376 0.0 59.0
-7.729478 55.15588 0.36028677376 0.0 59.0
-7.729478 55.15588 0.36028677377 0.0 60.0
-8.450051 55.799316 0.36028677377 0.0 60.0
-7.105443 54.512444 0.0378 2.0 59.0
-7.50019 55.394154 0.0378 2.0 59.0
-7.50019 55.394154 0.0379 1.0 60.0
-7.8949366 56.275864 0.0379 1.0 60.0
-7.8949366 56.275864 0.0380 0.0 61.0
-7.8949366 57.241905 0.0380 0.0 61.0
-7.8949366 57.241905 0.0381 0.0 62.0
-7.8949366 58.207947 0.0381 0.0 62.0
-7.8949366 56.275864 0.0382 0.0 61.0
-8.61551 56.9193 0.0382 0.0 61.0
-8.61551 56.9193 0.0383 0.0 62.0
-9.336083 57.562737 0.0383 0.0 62.0
-6.3159494 45.02069 0.0384 12.0 49.0
-7.036523 45.664127 0.0384 12.0 49.0
-7.036523 45.664127 0.0385 11.0 50.0
-7.7570963 46.307564 0.0385 11.0 50.0
-7.7570963 46.307564 0.0386 10.0 51.0
-8.47767 46.951 0.0386 10.0 51.0
-8.47767 46.951 0.0387 9.0 52.0
-9.198243 47.594437 0.0387 9.0 52.0
-9.198243 47.594437 0.0388 4.0 53.0
-9.540104 48.476147 0.19737345388 4.0 53.0
-9.540104 48.476147 0.19737345389 3.0 54.0
-9.881965 49.357857 0.3947469389 3.0 54.0
-9.881965 49.357857 0.3947469390 0.0 55.0
-10.506 50.001293 0.7550337390 0.0 55.0
-10.506 50.001293 0.7550337391 0.0 56.0
-11.226573 50.64473 0.7550337391 0.0 56.0
-9.881965 49.357857 0.3947469392 2.0 55.0
-10.276711 50.239567 0.3947469392 2.0 55.0
-10.276711 50.239567 0.3947469393 1.0 56.0
-10.671458 51.121277 0.3947469393 1.0 56.0
-10.671458 51.121277 0.3947469394 0.0 57.0
-10.671458 52.08732 0.3947469394 0.0 57.0
-10.671458 52.08732 0.3947469395 0.0 58.0
-10.671458 53.05336 0.3947469395 0.0 58.0
-10.671458 51.121277 0.3947469396 0.0 57.0
-11.392032 51.764713 0.3947469396 0.0 57.0
-11.392032 51.764713 0.3947469397 0.0 58.0
-12.112605 52.40815 0.3947469397 0.0 58.0
-9.198243 47.594437 0.0398 8.0 53.0
-9.918817 48.237873 0.0398 8.0 53.0
-9.918817 48.237873 0.0399 7.0 54.0
-10.63939 48.88131 0.0399 7.0 54.0
-10.63939 48.88131 0.0400 6.0 55.0
-11.359963 49.524746 0.0400 6.0 55.0
-11.359963 49.524746 0.0401 5.0 56.0
-12.080537 50.168182 0.0401 5.0 56.0
-12.080537 50.168182 0.0402 4.0 57.0
-12.422398 51.049892 0.19737345402 4.0 57.0
-12.422398 51.049892 0.19737345403 3.0 58.0
-12.764258 51.931602 0.3947469403 3.0 58.0
-12.764258 51.931602 0.3947469404 0.0 59.0
-13.388293 52.57504 0.7550337404 0.0 59.0
-13.388293 52.57504 0.7550337405 0.0 60.0
-14.108867 53.218475 0.7550337405 0.0 60.0
-12.764258 51.931602 0.3947469406 2.0 59.0
-13.159005 52.813313 0.3947469406 2.0 59.0
-13.159005 52.813313 0.3947469407 1.0 60.0
-13.553752 53.695023 0.3947469407 1.0 60.0
-13.553752 53.695023 0.3947469408 0.0 61.0
-13.553752 54.661064 0.3947469408 0.0 61.0
-13.553752 54.661064 0.3947469409 0.0 62.0
-13.553752 55.627106 0.3947469409 0.0 62.0
-13.553752 53.695023 0.3947469410 0.0 61.0
-14.274325 54.33846 0.3947469410 0.0 61.0
-14.274325 54.33846 0.3947469411 0.0 62.0
-14.994899 54.981895 0.3947469411 0.0 62.0
-12.080537 50.168182 0.0412 4.0 57.0
-13.001129 50.461006 0.0412 4.0 57.0
-13.001129 50.461006 0.0413 3.0 58.0
-13.921721 50.75383 0.0413 3.0 58.0
-13.921721 50.75383 0.0414 0.0 59.0
-14.753004 50.644917 0.47994113414 0.0 59.0
-14.753004 50.644917 0.47994113415 0.0 60.0
-15.712887 50.536003 0.47994113415 0.0 60.0
-13.921721 50.75383 0.0416 2.0 59.0
-14.842314 51.046654 0.0416 2.0 59.0
-14.842314 51.046654 0.0417 1.0 60.0
-15.762906 51.339478 0.0417 1.0 60.0
-15.762906 51.339478 0.0418 0.0 61.0
-16.386942 51.982914 0.36028677418 0.0 61.0
-16.386942 51.982914 0.36028677419 0.0 62.0
-17.107515 52.62635 0.36028677419 0.0 62.0
-15.762906 51.339478 0.0420 0.0 61.0
-16.722788 51.230564 0.0420 0.0 61.0
-16.722788 51.230564 0.0421 0.0 62.0
-17.68267 51.12165 0.0421 0.0 62.0
