0.0 0.0 0.00 14.0 1.0
0.0 4.890355 0.00 14.0 1.0
0.0 4.890355 0.01 0.0 2.0
-1.0623194 9.624368 0.613330361 0.0 2.0
0.0 4.890355 0.02 13.0 2.0
0.0 9.78071 0.02 13.0 2.0
0.0 9.78071 0.03 0.0 3.0
-1.0623194 14.514723 0.613330363 0.0 3.0
-1.0623194 14.514723 0.613330364 0.0 4.0
-3.1190343 18.789705 1.80077534 0.0 4.0
-1.0623194 14.514723 0.613330365 0.0 4.0
-2.28898 19.248735 0.613330365 0.0 4.0
0.0 9.78071 0.06 12.0 3.0
0.0 14.671065 0.06 12.0 3.0
0.0 14.671065 0.07 0.0 4.0
-1.0623194 19.405079 0.613330367 0.0 4.0
0.0 14.671065 0.08 11.0 4.0
0.0 19.56142 0.08 11.0 4.0
0.0 19.56142 0.09 2.0 5.0
-1.0623194 24.295433 0.613330369 2.0 5.0
-1.0623194 24.295433 0.6133303610 0.0 6.0
-3.1190343 28.570415 1.800775310 0.0 6.0
-1.0623194 24.295433 0.6133303611 1.0 6.0
-2.28898 29.029446 0.6133303611 1.0 6.0
-2.28898 29.029446 0.6133303612 0.0 7.0
-4.345695 33.30443 1.800775312 0.0 7.0
-4.345695 33.30443 1.800775313 0.0 8.0
-7.265301 36.847042 3.486410613 0.0 8.0
-4.345695 33.30443 1.800775314 0.0 8.0
-6.720585 37.57941 1.800775314 0.0 8.0
-2.28898 29.029446 0.6133303615 0.0 7.0
-3.5156407 33.76346 0.6133303615 0.0 7.0
-3.5156407 33.76346 0.6133303616 0.0 8.0
-5.5723557 38.03844 1.800775316 0.0 8.0
-3.5156407 33.76346 0.6133303617 0.0 8.0
-4.7423015 38.49747 0.6133303617 0.0 8.0
0.0 19.56142 0.018 10.0 5.0
0.0 24.451775 0.018 10.0 5.0
0.0 24.451775 0.019 0.0 6.0
-1.0623194 29.185787 0.6133303619 0.0 6.0
0.0 24.451775 0.020 9.0 6.0
0.0 29.342129 0.020 9.0 6.0
0.0 29.342129 0.021 0.0 7.0
-1.0623194 34.07614 0.6133303621 0.0 7.0
-1.0623194 34.07614 0.6133303622 0.0 8.0
-3.1190343 38.351124 1.800775322 0.0 8.0
-1.0623194 34.07614 0.6133303623 0.0 8.0
-2.28898 38.810154 0.6133303623 0.0 8.0
0.0 29.342129 0.024 8.0 7.0
0.0 34.232483 0.024 8.0 7.0
0.0 34.232483 0.025 0.0 8.0
-1.0623194 38.966496 0.6133303625 0.0 8.0
0.0 34.232483 0.026 7.0 8.0
0.0 39.122837 0.026 7.0 8.0
0.0 39.122837 0.027 6.0 9.0
1.0623194 43.85685 -0.6133303627 6.0 9.0
1.0623194 43.85685 -0.6133303628 0.0 10.0
1.0623194 48.747204 -0.6133303628 0.0 10.0
1.0623194 43.85685 -0.6133303629 5.0 10.0
2.28898 48.590862 -0.6133303629 5.0 10.0
2.28898 48.590862 -0.6133303630 0.0 11.0
2.28898 53.481216 -0.6133303630 0.0 11.0
2.28898 53.481216 -0.6133303631 0.0 12.0
1.2266606 58.21523 0.031 0.0 12.0
2.28898 53.481216 -0.6133303632 0.0 12.0
2.28898 58.37157 -0.6133303632 0.0 12.0
2.28898 48.590862 -0.6133303633 4.0 11.0
3.5156407 53.324875 -0.6133303633 4.0 11.0
3.5156407 53.324875 -0.6133303634 0.0 12.0
3.5156407 58.21523 -0.6133303634 0.0 12.0
3.5156407 53.324875 -0.6133303635 3.0 12.0
4.7423015 58.058887 -0.6133303635 3.0 12.0
4.7423015 58.058887 -0.6133303636 2.0 13.0
4.7423015 62.94924 -0.6133303636 2.0 13.0
4.7423015 62.94924 -0.6133303637 0.0 14.0
3.6799822 67.68326 0.037 0.0 14.0
4.7423015 62.94924 -0.6133303638 1.0 14.0
4.7423015 67.8396 -0.6133303638 1.0 14.0
4.7423015 67.8396 -0.6133303639 0.0 15.0
3.6799822 72.57361 0.039 0.0 15.0
3.6799822 72.57361 0.040 0.0 16.0
1.6232672 76.84859 1.187444940 0.0 16.0
3.6799822 72.57361 0.041 0.0 16.0
2.4533215 77.30762 0.041 0.0 16.0
4.7423015 67.8396 -0.6133303642 0.0 15.0
4.7423015 72.72996 -0.6133303642 0.0 15.0
4.7423015 72.72996 -0.6133303643 0.0 16.0
3.6799822 77.463974 0.043 0.0 16.0
4.7423015 72.72996 -0.6133303644 0.0 16.0
4.7423015 77.620316 -0.6133303644 0.0 16.0
4.7423015 58.058887 -0.6133303645 2.0 13.0
5.968962 62.7929 -0.6133303645 2.0 13.0
5.968962 62.7929 -0.6133303646 0.0 14.0
5.968962 67.68326 -0.6133303646 0.0 14.0
5.968962 62.7929 -0.6133303647 1.0 14.0
7.195623 67.52692 -0.6133303647 1.0 14.0
7.195623 67.52692 -0.6133303648 0.0 15.0
7.195623 72.417274 -0.6133303648 0.0 15.0
7.195623 72.417274 -0.6133303649 0.0 16.0
6.1333036 77.15129 0.049 0.0 16.0
7.195623 72.417274 -0.6133303650 0.0 16.0
7.195623 77.30763 -0.6133303650 0.0 16.0
7.195623 67.52692 -0.6133303651 0.0 15.0
8.422283 72.260925 -0.6133303651 0.0 15.0
8.422283 72.260925 -0.6133303652 0.0 16.0
8.422283 77.15128 -0.6133303652 0.0 16.0
8.422283 72.260925 -0.6133303653 0.0 16.0
9.648944 76.994934 -0.6133303653 0.0 16.0
0.0 39.122837 0.054 6.0 9.0
0.0 44.01319 0.054 6.0 9.0
0.0 44.01319 0.055 0.0 10.0
-1.0623194 48.747204 0.6133303655 0.0 10.0
0.0 44.01319 0.056 5.0 10.0
0.0 48.903545 0.056 5.0 10.0
0.0 48.903545 0.057 0.0 11.0
-1.0623194 53.637558 0.6133303657 0.0 11.0
-1.0623194 53.637558 0.6133303658 0.0 12.0
-3.1190343 57.91254 1.800775358 0.0 12.0
-1.0623194 53.637558 0.6133303659 0.0 12.0
-2.28898 58.37157 0.6133303659 0.0 12.0
0.0 48.903545 0.060 4.0 11.0
0.0 53.7939 0.060 4.0 11.0
0.0 53.7939 0.061 0.0 12.0
-1.0623194 58.527912 0.6133303661 0.0 12.0
0.0 53.7939 0.062 3.0 12.0
0.0 58.684254 0.062 3.0 12.0
0.0 58.684254 0.063 2.0 13.0
-1.0623194 63.418266 0.6133303663 2.0 13.0
-1.0623194 63.418266 0.6133303664 0.0 14.0
-3.1190343 67.693245 1.800775364 0.0 14.0
-1.0623194 63.418266 0.6133303665 1.0 14.0
-2.28898 68.15228 0.6133303665 1.0 14.0
-2.28898 68.15228 0.6133303666 0.0 15.0
-4.345695 72.42726 1.800775366 0.0 15.0
-4.345695 72.42726 1.800775367 0.0 16.0
-7.265301 75.96987 3.486410667 0.0 16.0
-4.345695 72.42726 1.800775368 0.0 16.0
-6.720585 76.70224 1.800775368 0.0 16.0
-2.28898 68.15228 0.6133303669 0.0 15.0
-3.5156407 72.88629 0.6133303669 0.0 15.0
-3.5156407 72.88629 0.6133303670 0.0 16.0
-5.5723557 77.16127 1.800775370 0.0 16.0
-3.5156407 72.88629 0.6133303671 0.0 16.0
-4.7423015 77.6203 0.6133303671 0.0 16.0
0.0 58.684254 0.072 2.0 13.0
0.0 63.574608 0.072 2.0 13.0
0.0 63.574608 0.073 0.0 14.0
-1.0623194 68.308624 0.6133303673 0.0 14.0
0.0 63.574608 0.074 1.0 14.0
0.0 68.464966 0.074 1.0 14.0
0.0 68.464966 0.075 0.0 15.0
-1.0623194 73.198975 0.6133303675 0.0 15.0
-1.0623194 73.198975 0.6133303676 0.0 16.0
-3.1190343 77.47395 1.800775376 0.0 16.0
-1.0623194 73.198975 0.6133303677 0.0 16.0
-2.28898 77.93298 0.6133303677 0.0 16.0
0.0 68.464966 0.078 0.0 15.0
0.0 73.35532 0.078 0.0 15.0
0.0 73.35532 0.079 0.0 16.0
-1.0623194 78.08934 0.6133303679 0.0 16.0
0.0 73.35532 0.080 0.0 16.0
0.0 78.24568 0.080 0.0 16.0
