0.0 0.0 0.00 14.0 1.0
0.0 4.692079 0.00 14.0 1.0
0.0 4.692079 0.01 0.0 2.0
0.5117139 9.346805 -0.295438171 0.0 2.0
0.0 4.692079 0.02 13.0 2.0
0.0 9.384158 0.02 13.0 2.0
0.0 9.384158 0.03 0.0 3.0
-0.5117139 14.038883 0.295438173 0.0 3.0
-0.5117139 14.038883 0.295438174 0.0 4.0
-0.5117139 18.730963 0.295438174 0.0 4.0
-0.5117139 14.038883 0.295438175 0.0 4.0
-1.1025903 18.69361 0.295438175 0.0 4.0
0.0 9.384158 0.06 12.0 3.0
0.0 14.076237 0.06 12.0 3.0
0.0 14.076237 0.07 0.0 4.0
0.5117139 18.730963 -0.295438177 0.0 4.0
0.0 14.076237 0.08 11.0 4.0
0.0 18.768316 0.08 11.0 4.0
0.0 18.768316 0.09 2.0 5.0
-0.5117139 23.423042 0.295438179 2.0 5.0
-0.5117139 23.423042 0.2954381710 0.0 6.0
-0.5117139 28.115122 0.2954381710 0.0 6.0
-0.5117139 23.423042 0.2954381711 1.0 6.0
-1.1025903 28.077768 0.2954381711 1.0 6.0
-1.1025903 28.077768 0.2954381712 0.0 7.0
-2.1178708 32.62103 0.881610612 0.0 7.0
-2.1178708 32.62103 0.881610613 0.0 8.0
-2.6295848 37.275753 1.177048713 0.0 8.0
-2.1178708 32.62103 0.881610614 0.0 8.0
-3.2902155 37.164288 0.881610614 0.0 8.0
-1.1025903 28.077768 0.2954381715 0.0 7.0
-1.6934667 32.732494 0.2954381715 0.0 7.0
-1.6934667 32.732494 0.2954381716 0.0 8.0
-1.6934667 37.424572 0.2954381716 0.0 8.0
-1.6934667 32.732494 0.2954381717 0.0 8.0
-2.284343 37.38722 0.2954381717 0.0 8.0
0.0 18.768316 0.018 10.0 5.0
0.0 23.460396 0.018 10.0 5.0
0.0 23.460396 0.019 0.0 6.0
0.5117139 28.115122 -0.2954381719 0.0 6.0
0.0 23.460396 0.020 9.0 6.0
0.0 28.152475 0.020 9.0 6.0
0.0 28.152475 0.021 0.0 7.0
-0.5117139 32.8072 0.2954381721 0.0 7.0
-0.5117139 32.8072 0.2954381722 0.0 8.0
-0.5117139 37.49928 0.2954381722 0.0 8.0
-0.5117139 32.8072 0.2954381723 0.0 8.0
-1.1025903 37.461926 0.2954381723 0.0 8.0
0.0 28.152475 0.024 8.0 7.0
0.0 32.844555 0.024 8.0 7.0
0.0 32.844555 0.025 0.0 8.0
0.5117139 37.49928 -0.2954381725 0.0 8.0
0.0 32.844555 0.026 7.0 8.0
0.0 37.536633 0.026 7.0 8.0
0.0 37.536633 0.027 6.0 9.0
-0.5117139 42.191357 0.2954381727 6.0 9.0
-0.5117139 42.191357 0.2954381728 0.0 10.0
-0.5117139 46.883434 0.2954381728 0.0 10.0
-0.5117139 42.191357 0.2954381729 5.0 10.0
-1.1025903 46.84608 0.2954381729 5.0 10.0
-1.1025903 46.84608 0.2954381730 0.0 11.0
-2.1178708 51.38934 0.881610630 0.0 11.0
-2.1178708 51.38934 0.881610631 0.0 12.0
-2.6295848 56.044064 1.177048731 0.0 12.0
-2.1178708 51.38934 0.881610632 0.0 12.0
-3.2902155 55.9326 0.881610632 0.0 12.0
-1.1025903 46.84608 0.2954381733 4.0 11.0
-1.6934667 51.500805 0.2954381733 4.0 11.0
-1.6934667 51.500805 0.2954381734 0.0 12.0
-1.6934667 56.192883 0.2954381734 0.0 12.0
-1.6934667 51.500805 0.2954381735 3.0 12.0
-2.284343 56.15553 0.2954381735 3.0 12.0
-2.284343 56.15553 0.2954381736 2.0 13.0
-3.2996235 60.698788 0.881610636 2.0 13.0
-3.2996235 60.698788 0.881610637 0.0 14.0
-3.8113375 65.353516 1.177048737 0.0 14.0
-3.2996235 60.698788 0.881610638 1.0 14.0
-4.471968 65.24205 0.881610638 1.0 14.0
-4.471968 65.24205 0.881610639 0.0 15.0
-5.97465 69.60151 1.749184439 0.0 15.0
-5.97465 69.60151 1.749184440 0.0 16.0
-6.98993 74.14477 2.335356740 0.0 16.0
-5.97465 69.60151 1.749184441 0.0 16.0
-7.7097974 73.96097 1.749184441 0.0 16.0
-4.471968 65.24205 0.881610642 0.0 15.0
-5.644313 69.78531 0.881610642 0.0 15.0
-5.644313 69.78531 0.881610643 0.0 16.0
-6.156027 74.44003 1.177048743 0.0 16.0
-5.644313 69.78531 0.881610644 0.0 16.0
-6.8166575 74.32857 0.881610644 0.0 16.0
-2.284343 56.15553 0.2954381745 2.0 13.0
-2.8752193 60.810253 0.2954381745 2.0 13.0
-2.8752193 60.810253 0.2954381746 0.0 14.0
-2.8752193 65.502335 0.2954381746 0.0 14.0
-2.8752193 60.810253 0.2954381747 1.0 14.0
-3.4660957 65.46498 0.2954381747 1.0 14.0
-3.4660957 65.46498 0.2954381748 0.0 15.0
-4.481376 70.00824 0.881610648 0.0 15.0
-4.481376 70.00824 0.881610649 0.0 16.0
-4.99309 74.662964 1.177048749 0.0 16.0
-4.481376 70.00824 0.881610650 0.0 16.0
-5.653721 74.5515 0.881610650 0.0 16.0
-3.4660957 65.46498 0.2954381751 0.0 15.0
-4.056972 70.119705 0.2954381751 0.0 15.0
-4.056972 70.119705 0.2954381752 0.0 16.0
-4.056972 74.81178 0.2954381752 0.0 16.0
-4.056972 70.119705 0.2954381753 0.0 16.0
-4.647848 74.77443 0.2954381753 0.0 16.0
0.0 37.536633 0.054 6.0 9.0
0.0 42.22871 0.054 6.0 9.0
0.0 42.22871 0.055 0.0 10.0
0.5117139 46.883434 -0.2954381755 0.0 10.0
0.0 42.22871 0.056 5.0 10.0
0.0 46.920788 0.056 5.0 10.0
0.0 46.920788 0.057 0.0 11.0
-0.5117139 51.575512 0.2954381757 0.0 11.0
-0.5117139 51.575512 0.2954381758 0.0 12.0
-0.5117139 56.26759 0.2954381758 0.0 12.0
-0.5117139 51.575512 0.2954381759 0.0 12.0
-1.1025903 56.230236 0.2954381759 0.0 12.0
0.0 46.920788 0.060 4.0 11.0
0.0 51.612865 0.060 4.0 11.0
0.0 51.612865 0.061 0.0 12.0
0.5117139 56.26759 -0.2954381761 0.0 12.0
0.0 51.612865 0.062 3.0 12.0
0.0 56.304943 0.062 3.0 12.0
0.0 56.304943 0.063 2.0 13.0
-0.5117139 60.959667 0.2954381763 2.0 13.0
-0.5117139 60.959667 0.2954381764 0.0 14.0
-0.5117139 65.65175 0.2954381764 0.0 14.0
-0.5117139 60.959667 0.2954381765 1.0 14.0
-1.1025903 65.614395 0.2954381765 1.0 14.0
-1.1025903 65.614395 0.2954381766 0.0 15.0
-2.1178708 70.15765 0.881610666 0.0 15.0
-2.1178708 70.15765 0.881610667 0.0 16.0
-2.6295848 74.81238 1.177048767 0.0 16.0
-2.1178708 70.15765 0.881610668 0.0 16.0
-3.2902155 74.70091 0.881610668 0.0 16.0
-1.1025903 65.614395 0.2954381769 0.0 15.0
-1.6934667 70.26912 0.2954381769 0.0 15.0
-1.6934667 70.26912 0.2954381770 0.0 16.0
-1.6934667 74.9612 0.2954381770 0.0 16.0
-1.6934667 70.26912 0.2954381771 0.0 16.0
-2.284343 74.92384 0.2954381771 0.0 16.0
0.0 56.304943 0.072 2.0 13.0
0.0 60.99702 0.072 2.0 13.0
0.0 60.99702 0.073 0.0 14.0
0.5117139 65.65175 -0.2954381773 0.0 14.0
0.0 60.99702 0.074 1.0 14.0
0.0 65.6891 0.074 1.0 14.0
0.0 65.6891 0.075 0.0 15.0
-0.5117139 70.34383 0.2954381775 0.0 15.0
-0.5117139 70.34383 0.2954381776 0.0 16.0
-0.5117139 75.035904 0.2954381776 0.0 16.0
-0.5117139 70.34383 0.2954381777 0.0 16.0
-1.1025903 74.99855 0.2954381777 0.0 16.0
0.0 65.6891 0.078 0.0 15.0
0.0 70.38118 0.078 0.0 15.0
0.0 70.38118 0.079 0.0 16.0
0.5117139 75.035904 -0.2954381779 0.0 16.0
0.0 70.38118 0.080 0.0 16.0
0.0 75.07326 0.080 0.0 16.0
