0.0 0.0 0.00 28.0 1.0
-0.7678079 2.5356462 0.00 28.0 1.0
-0.7678079 2.5356462 0.01 27.0 2.0
-1.5356158 5.0712924 0.01 27.0 2.0
-1.5356158 5.0712924 0.02 26.0 3.0
-2.3034236 7.6069384 0.02 26.0 3.0
-2.3034236 7.6069384 0.03 25.0 4.0
-3.0712316 10.142585 0.03 25.0 4.0
-3.0712316 10.142585 0.04 24.0 5.0
-3.8390396 12.678231 0.04 24.0 5.0
-3.8390396 12.678231 0.05 23.0 6.0
-4.6068473 15.213878 0.05 23.0 6.0
-4.6068473 15.213878 0.06 22.0 7.0
-5.3746552 17.749523 0.06 22.0 7.0
-5.3746552 17.749523 0.07 21.0 8.0
-6.142463 20.28517 0.07 21.0 8.0
-6.142463 20.28517 0.08 12.0 9.0
-7.9073286 22.0972 0.787925848 12.0 9.0
-7.9073286 22.0972 0.787925849 11.0 10.0
-9.6721945 23.909231 1.57585179 11.0 10.0
-9.6721945 23.909231 1.575851710 10.0 11.0
-11.43706 25.721262 2.363777610 10.0 11.0
-11.43706 25.721262 2.363777611 9.0 12.0
-13.201926 27.533293 3.151703411 9.0 12.0
-13.201926 27.533293 3.151703412 4.0 13.0
-15.6905365 28.136175 3.831689612 4.0 13.0
-15.6905365 28.136175 3.831689613 3.0 14.0
-18.179148 28.739058 4.51167613 3.0 14.0
-18.179148 28.739058 4.51167614 0.0 15.0
-20.38182 27.971249 5.767752614 0.0 15.0
-20.38182 27.971249 5.767752615 0.0 16.0
-22.917467 27.20344 5.767752615 0.0 16.0
-18.179148 28.739058 4.51167616 0.0 15.0
-19.986494 30.551088 5.196568516 0.0 15.0
-19.986494 30.551088 5.196568517 0.0 16.0
-21.919258 32.363117 5.196568517 0.0 16.0
-18.179148 28.739058 4.51167618 2.0 15.0
-20.758986 29.34194 4.51167618 2.0 15.0
-20.758986 29.34194 4.51167619 1.0 16.0
-23.338823 29.944822 4.51167619 1.0 16.0
-23.338823 29.944822 4.51167620 0.0 17.0
-25.918661 30.547705 4.51167620 0.0 17.0
-25.918661 30.547705 4.51167621 0.0 18.0
-28.498499 31.150587 4.51167621 0.0 18.0
-13.201926 27.533293 3.151703422 4.0 13.0
-13.90666 30.06894 3.456463822 4.0 13.0
-13.90666 30.06894 3.456463823 3.0 14.0
-14.611394 32.604584 3.761224323 3.0 14.0
-14.611394 32.604584 3.761224324 0.0 15.0
-16.440529 34.416615 4.385598724 0.0 15.0
-16.440529 34.416615 4.385598725 0.0 16.0
-18.373293 36.228645 4.385598725 0.0 16.0
-14.611394 32.604584 3.761224326 0.0 15.0
-14.058114 35.18442 3.52174926 0.0 15.0
-14.058114 35.18442 3.52174927 0.0 16.0
-13.455232 37.76426 3.52174927 0.0 16.0
-14.611394 32.604584 3.761224328 2.0 15.0
-15.379202 35.14023 3.761224328 2.0 15.0
-15.379202 35.14023 3.761224329 1.0 16.0
-16.147009 37.675873 3.761224329 1.0 16.0
-16.147009 37.675873 3.761224330 0.0 17.0
-16.914816 40.211517 3.761224330 0.0 17.0
-16.914816 40.211517 3.761224331 0.0 18.0
-17.682623 42.74716 3.761224331 0.0 18.0
-13.201926 27.533293 3.151703432 8.0 13.0
-15.13469 29.345324 3.151703432 8.0 13.0
-15.13469 29.345324 3.151703433 7.0 14.0
-17.067455 31.157354 3.151703433 7.0 14.0
-17.067455 31.157354 3.151703434 6.0 15.0
-19.00022 32.969383 3.151703434 6.0 15.0
-19.00022 32.969383 3.151703435 5.0 16.0
-20.932983 34.781414 3.151703435 5.0 16.0
-20.932983 34.781414 3.151703436 4.0 17.0
-22.865747 36.593445 3.151703436 4.0 17.0
-22.865747 36.593445 3.151703437 3.0 18.0
-24.798512 38.405476 3.151703437 3.0 18.0
-24.798512 38.405476 3.151703438 0.0 19.0
-27.269346 39.008358 3.893685638 0.0 19.0
-27.269346 39.008358 3.893685639 0.0 20.0
-29.849184 39.61124 3.893685639 0.0 20.0
-24.798512 38.405476 3.151703440 0.0 19.0
-25.522934 40.94112 3.40614640 0.0 19.0
-25.522934 40.94112 3.40614641 0.0 20.0
-26.290741 43.476765 3.40614641 0.0 20.0
-24.798512 38.405476 3.151703442 2.0 19.0
-26.731276 40.217506 3.151703442 2.0 19.0
-26.731276 40.217506 3.151703443 1.0 20.0
-28.66404 42.029537 3.151703443 1.0 20.0
-28.66404 42.029537 3.151703444 0.0 21.0
-30.596804 43.841568 3.151703444 0.0 21.0
-30.596804 43.841568 3.151703445 0.0 22.0
-32.529568 45.6536 3.151703445 0.0 22.0
-6.142463 20.28517 0.046 12.0 9.0
-5.568232 22.865007 -0.1836440746 12.0 9.0
-5.568232 22.865007 -0.1836440747 11.0 10.0
-4.994001 25.444845 -0.3672881447 11.0 10.0
-4.994001 25.444845 -0.3672881448 10.0 11.0
-4.41977 28.024683 -0.550932248 10.0 11.0
-4.41977 28.024683 -0.550932249 9.0 12.0
-3.8455386 30.60452 -0.734576349 9.0 12.0
-3.8455386 30.60452 -0.734576350 4.0 13.0
-4.571377 33.140167 -0.4842002450 4.0 13.0
-4.571377 33.140167 -0.4842002451 3.0 14.0
-5.297215 35.67581 -0.233824251 3.0 14.0
-5.297215 35.67581 -0.233824252 0.0 15.0
-7.1596947 37.487843 0.2826517852 0.0 15.0
-7.1596947 37.487843 0.2826517853 0.0 16.0
-9.092459 39.299873 0.2826517853 0.0 16.0
-5.297215 35.67581 -0.233824254 0.0 15.0
-4.734301 38.25565 -0.449681854 0.0 15.0
-4.734301 38.25565 -0.449681855 0.0 16.0
-4.131419 40.835487 -0.449681855 0.0 16.0
-5.297215 35.67581 -0.233824256 2.0 15.0
-6.065023 38.211456 -0.233824256 2.0 15.0
-6.065023 38.211456 -0.233824257 1.0 16.0
-6.832831 40.7471 -0.233824257 1.0 16.0
-6.832831 40.7471 -0.233824258 0.0 17.0
-7.600639 43.282745 -0.233824258 0.0 17.0
-7.600639 43.282745 -0.233824259 0.0 18.0
-8.368446 45.81839 -0.233824259 0.0 18.0
-3.8455386 30.60452 -0.734576360 4.0 13.0
-2.2593896 32.537285 -1.610695460 4.0 13.0
-2.2593896 32.537285 -1.610695461 3.0 14.0
-0.67324066 34.47005 -2.486814561 3.0 14.0
-0.67324066 34.47005 -2.486814562 0.0 15.0
-0.15079558 37.04989 -2.787676362 0.0 15.0
-0.15079558 37.04989 -2.787676363 0.0 16.0
0.4520864 39.629726 -2.787676363 0.0 16.0
-0.67324066 34.47005 -2.486814564 0.0 15.0
1.5262585 35.237858 -3.748442664 0.0 15.0
1.5262585 35.237858 -3.748442665 0.0 16.0
4.061905 36.005665 -3.748442665 0.0 16.0
-0.67324066 34.47005 -2.486814566 2.0 15.0
1.1387895 36.402817 -2.486814566 2.0 15.0
1.1387895 36.402817 -2.486814567 1.0 16.0
2.9508197 38.335583 -2.486814567 1.0 16.0
2.9508197 38.335583 -2.486814568 0.0 17.0
4.76285 40.26835 -2.486814568 0.0 17.0
4.76285 40.26835 -2.486814569 0.0 18.0
6.57488 42.201115 -2.486814569 0.0 18.0
-3.8455386 30.60452 -0.734576370 8.0 13.0
-3.2426567 33.18436 -0.734576370 8.0 13.0
-3.2426567 33.18436 -0.734576371 7.0 14.0
-2.6397748 35.7642 -0.734576371 7.0 14.0
-2.6397748 35.7642 -0.734576372 6.0 15.0
-2.036893 38.344036 -0.734576372 6.0 15.0
-2.036893 38.344036 -0.734576373 5.0 16.0
-1.434011 40.923874 -0.734576373 5.0 16.0
-1.434011 40.923874 -0.734576374 4.0 17.0
-0.831129 43.50371 -0.734576374 4.0 17.0
-0.831129 43.50371 -0.734576375 3.0 18.0
-0.22824705 46.08355 -0.734576375 3.0 18.0
-0.22824705 46.08355 -0.734576376 0.0 19.0
-0.96801704 48.619194 -0.528981276 0.0 19.0
-0.96801704 48.619194 -0.528981277 0.0 20.0
-1.735825 51.15484 -0.528981277 0.0 20.0
-0.22824705 46.08355 -0.734576378 0.0 19.0
1.5086598 48.016315 -1.250917278 0.0 19.0
1.5086598 48.016315 -1.250917279 0.0 20.0
3.3206902 49.94908 -1.250917279 0.0 20.0
-0.22824705 46.08355 -0.734576380 2.0 19.0
0.37463492 48.663387 -0.734576380 2.0 19.0
0.37463492 48.663387 -0.734576381 1.0 20.0
0.9775169 51.243225 -0.734576381 1.0 20.0
0.9775169 51.243225 -0.734576382 0.0 21.0
1.5803988 53.823063 -0.734576382 0.0 21.0
1.5803988 53.823063 -0.734576383 0.0 22.0
2.1832807 56.4029 -0.734576383 0.0 22.0
-6.142463 20.28517 0.084 20.0 9.0
-6.910271 22.820816 0.084 20.0 9.0
-6.910271 22.820816 0.085 19.0 10.0
-7.678079 25.356462 0.085 19.0 10.0
-7.678079 25.356462 0.086 18.0 11.0
-8.445887 27.892109 0.086 18.0 11.0
-8.445887 27.892109 0.087 17.0 12.0
-9.213695 30.427755 0.087 17.0 12.0
-9.213695 30.427755 0.088 16.0 13.0
-9.981503 32.9634 0.088 16.0 13.0
-9.981503 32.9634 0.089 15.0 14.0
-10.7493105 35.499046 0.089 15.0 14.0
-10.7493105 35.499046 0.090 14.0 15.0
-11.517118 38.03469 0.090 14.0 15.0
-11.517118 38.03469 0.091 13.0 16.0
-12.284926 40.570335 0.091 13.0 16.0
-12.284926 40.570335 0.092 12.0 17.0
-13.052734 43.10598 0.092 12.0 17.0
-13.052734 43.10598 0.093 11.0 18.0
-13.820542 45.641624 0.093 11.0 18.0
-13.820542 45.641624 0.094 10.0 19.0
-14.58835 48.17727 0.094 10.0 19.0
-14.58835 48.17727 0.095 9.0 20.0
-15.356158 50.712914 0.095 9.0 20.0
-15.356158 50.712914 0.096 4.0 21.0
-17.117083 52.524944 0.796696296 4.0 21.0
-17.117083 52.524944 0.796696297 3.0 22.0
-18.878006 54.336975 1.593392497 3.0 22.0
-18.878006 54.336975 1.593392498 0.0 23.0
-21.200733 54.939857 2.716115598 0.0 23.0
-21.200733 54.939857 2.716115599 0.0 24.0
-23.780571 55.54274 2.716115599 0.0 24.0
-18.878006 54.336975 1.5933924100 0.0 23.0
-19.6146 56.87262 1.8100941100 0.0 23.0
-19.6146 56.87262 1.8100941101 0.0 24.0
-20.382406 59.408264 1.8100941101 0.0 24.0
-18.878006 54.336975 1.5933924102 2.0 23.0
-20.81077 56.149006 1.5933924102 2.0 23.0
-20.81077 56.149006 1.5933924103 1.0 24.0
-22.743534 57.961037 1.5933924103 1.0 24.0
-22.743534 57.961037 1.5933924104 0.0 25.0
-24.676298 59.773067 1.5933924104 0.0 25.0
-24.676298 59.773067 1.5933924105 0.0 26.0
-26.609062 61.5851 1.5933924105 0.0 26.0
-15.356158 50.712914 0.0106 4.0 21.0
-14.785845 53.29275 -0.19547169106 4.0 21.0
-14.785845 53.29275 -0.19547169107 3.0 22.0
-14.215531 55.87259 -0.39094338107 3.0 22.0
-14.215531 55.87259 -0.39094338108 0.0 23.0
-14.946403 58.408234 -0.1556654108 0.0 23.0
-14.946403 58.408234 -0.1556654109 0.0 24.0
-15.7142105 60.94388 -0.1556654109 0.0 24.0
-14.215531 55.87259 -0.39094338110 0.0 23.0
-12.509392 57.805355 -1.0013053110 0.0 23.0
-12.509392 57.805355 -1.0013053111 0.0 24.0
-10.697362 59.73812 -1.0013053111 0.0 24.0
-14.215531 55.87259 -0.39094338112 2.0 23.0
-13.612649 58.452427 -0.39094338112 2.0 23.0
-13.612649 58.452427 -0.39094338113 1.0 24.0
-13.009767 61.032265 -0.39094338113 1.0 24.0
-13.009767 61.032265 -0.39094338114 0.0 25.0
-12.406884 63.612103 -0.39094338114 0.0 25.0
-12.406884 63.612103 -0.39094338115 0.0 26.0
-11.804002 66.19194 -0.39094338115 0.0 26.0
-15.356158 50.712914 0.0116 8.0 21.0
-16.123966 53.248558 0.0116 8.0 21.0
-16.123966 53.248558 0.0117 7.0 22.0
-16.891773 55.784203 0.0117 7.0 22.0
-16.891773 55.784203 0.0118 6.0 23.0
-17.65958 58.319847 0.0118 6.0 23.0
-17.65958 58.319847 0.0119 5.0 24.0
-18.427387 60.85549 0.0119 5.0 24.0
-18.427387 60.85549 0.0120 4.0 25.0
-19.195194 63.391136 0.0120 4.0 25.0
-19.195194 63.391136 0.0121 3.0 26.0
-19.963001 65.92678 0.0121 3.0 26.0
-19.963001 65.92678 0.0122 0.0 27.0
-21.64086 67.73881 0.9593582122 0.0 27.0
-21.64086 67.73881 0.9593582123 0.0 28.0
-23.573624 69.550835 0.9593582123 0.0 28.0
-19.963001 65.92678 0.0124 0.0 27.0
-19.438604 68.50662 -0.29744762124 0.0 27.0
-19.438604 68.50662 -0.29744762125 0.0 28.0
-18.835722 71.086464 -0.29744762125 0.0 28.0
-19.963001 65.92678 0.0126 2.0 27.0
-20.730808 68.462425 0.0126 2.0 27.0
-20.730808 68.462425 0.0127 1.0 28.0
-21.498615 70.99807 0.0127 1.0 28.0
-21.498615 70.99807 0.0128 0.0 29.0
-22.266422 73.533714 0.0128 0.0 29.0
-22.266422 73.533714 0.0129 0.0 30.0
-23.03423 76.06936 0.0129 0.0 30.0
