0.0 0.0 0.00 11.0 1.0
-2.5250165 3.9700902 0.00 11.0 1.0
-2.5250165 3.9700902 0.01 10.0 2.0
-5.050033 7.9401803 0.01 10.0 2.0
-5.050033 7.9401803 0.02 1.0 3.0
-3.0329528 12.111954 -0.815486672 1.0 3.0
-3.0329528 12.111954 -0.815486673 0.0 4.0
-3.219933 16.81266 -0.73989233 0.0 4.0
-3.219933 16.81266 -0.73989234 0.0 5.0
-5.5608726 20.782751 0.206527654 0.0 5.0
-5.050033 7.9401803 0.05 1.0 3.0
-8.744913 10.115871 1.93689445 1.0 3.0
-8.744913 10.115871 1.93689446 0.0 4.0
-10.981284 14.085961 3.10922346 0.0 4.0
-10.981284 14.085961 3.10922347 0.0 5.0
-11.159912 18.786669 3.2028627 0.0 5.0
-5.050033 7.9401803 0.08 9.0 3.0
-7.5750494 11.910271 0.08 9.0 3.0
-7.5750494 11.910271 0.09 8.0 4.0
-10.100066 15.880361 0.09 8.0 4.0
-10.100066 15.880361 0.010 1.0 5.0
-8.17579 20.052134 -1.015279210 1.0 5.0
-8.17579 20.052134 -1.015279211 0.0 6.0
-8.354167 24.75284 -0.9211643311 0.0 6.0
-8.354167 24.75284 -0.9211643312 0.0 7.0
-10.587402 28.72293 0.257126412 0.0 7.0
-10.100066 15.880361 0.013 1.0 5.0
-13.834461 18.056051 1.859567913 1.0 5.0
-13.834461 18.056051 1.859567914 0.0 6.0
-16.09475 22.026142 2.98509414 0.0 6.0
-16.09475 22.026142 2.98509415 0.0 7.0
-16.275288 26.726849 3.074994615 0.0 7.0
-10.100066 15.880361 0.016 7.0 5.0
-8.116915 20.052134 -0.894842716 7.0 5.0
-8.116915 20.052134 -0.894842717 6.0 6.0
-6.133764 24.223907 -1.789685417 6.0 6.0
-6.133764 24.223907 -1.789685418 1.0 7.0
-1.5954709 24.42559 -3.014653218 1.0 7.0
-1.5954709 24.42559 -3.014653219 0.0 8.0
2.2374485 26.950607 -4.049227719 0.0 8.0
2.2374485 26.950607 -4.049227720 0.0 9.0
4.337967 31.122381 -4.616195720 0.0 9.0
-6.133764 24.223907 -1.789685421 1.0 7.0
-6.3122406 28.924614 -1.695758621 1.0 7.0
-6.3122406 28.924614 -1.695758622 0.0 8.0
-4.3868947 33.096386 -2.709007322 0.0 8.0
-4.3868947 33.096386 -2.709007323 0.0 9.0
-0.87362075 35.621403 -4.557932423 0.0 9.0
-6.133764 24.223907 -1.789685424 5.0 7.0
-6.3354473 28.924614 -1.789685424 5.0 7.0
-6.3354473 28.924614 -1.789685425 4.0 8.0
-6.537131 33.62532 -1.789685425 4.0 8.0
-6.537131 33.62532 -1.789685426 1.0 9.0
-2.7583947 36.150337 -3.007375726 1.0 9.0
-2.7583947 36.150337 -3.007375727 0.0 10.0
-0.6875701 40.32211 -3.67469527 0.0 10.0
-0.6875701 40.32211 -3.67469528 0.0 11.0
-0.87953264 45.022816 -3.612835428 0.0 11.0
-6.537131 33.62532 -1.789685429 1.0 9.0
-8.841621 37.59541 -0.7576813729 1.0 9.0
-8.841621 37.59541 -0.7576813730 0.0 10.0
-9.025691 42.296116 -0.6752509530 0.0 10.0
-9.025691 42.296116 -0.6752509531 0.0 11.0
-7.0400176 46.467888 -1.564481331 0.0 11.0
-6.537131 33.62532 -1.789685432 3.0 9.0
-9.062147 37.59541 -1.789685432 3.0 9.0
-9.062147 37.59541 -1.789685433 2.0 10.0
-11.587164 41.5655 -1.789685433 2.0 10.0
-11.587164 41.5655 -1.789685434 1.0 11.0
-9.495736 45.73727 -2.389317534 1.0 11.0
-9.495736 45.73727 -2.389317535 0.0 12.0
-9.689609 50.437977 -2.333732435 0.0 12.0
-9.689609 50.437977 -2.333732436 0.0 13.0
-12.116834 54.408066 -1.63782436 0.0 13.0
-11.587164 41.5655 -1.789685437 1.0 11.0
-15.243971 43.741188 0.2181633737 1.0 11.0
-15.243971 43.741188 0.2181633738 0.0 12.0
-17.457298 47.711277 1.433438138 0.0 12.0
-17.457298 47.711277 1.433438139 0.0 13.0
-17.634087 52.411983 1.530507139 0.0 13.0
-10.100066 15.880361 0.040 7.0 5.0
-14.106228 18.056051 1.163770840 7.0 5.0
-14.106228 18.056051 1.163770841 6.0 6.0
-18.11239 20.231743 2.327541641 6.0 6.0
-18.11239 20.231743 2.327541642 1.0 7.0
-18.301903 24.93245 2.396543542 1.0 7.0
-18.301903 24.93245 2.396543543 0.0 8.0
-20.674541 28.90254 3.260427743 0.0 8.0
-20.674541 28.90254 3.260427744 0.0 9.0
-24.594559 31.078232 4.687717444 0.0 9.0
-18.11239 20.231743 2.327541645 1.0 7.0
-22.382153 20.03006 4.293745 1.0 7.0
-22.382153 20.03006 4.293746 0.0 8.0
-26.171473 22.20575 6.038622446 0.0 8.0
-26.171473 22.20575 6.038622447 0.0 9.0
-28.465004 26.17584 7.09475847 0.0 9.0
-18.11239 20.231743 2.327541648 5.0 7.0
-20.637407 24.201834 2.327541648 5.0 7.0
-20.637407 24.201834 2.327541649 4.0 8.0
-23.162424 28.171925 2.327541649 4.0 8.0
-23.162424 28.171925 2.327541650 1.0 9.0
-21.262417 32.343697 1.267540550 1.0 9.0
-21.262417 32.343697 1.267540551 0.0 10.0
-21.438545 37.044403 1.365801151 0.0 10.0
-21.438545 37.044403 1.365801152 0.0 11.0
-23.643616 41.014492 2.595994552 0.0 11.0
-23.162424 28.171925 2.327541653 1.0 9.0
-27.163486 30.347614 3.508724753 1.0 9.0
-27.163486 30.347614 3.508724754 0.0 10.0
-29.585178 34.317703 4.2236554 0.0 10.0
-29.585178 34.317703 4.2236555 0.0 11.0
-29.778608 39.01841 4.28075455 0.0 11.0
-23.162424 28.171925 2.327541656 3.0 9.0
-23.364107 32.87263 2.327541656 3.0 9.0
-23.364107 32.87263 2.327541657 2.0 10.0
-23.56579 37.573338 2.327541657 2.0 10.0
-23.56579 37.573338 2.327541658 1.0 11.0
-19.825626 40.098354 0.9960800458 1.0 11.0
-19.825626 40.098354 0.9960800459 0.0 12.0
-17.77594 44.270126 0.2664118459 0.0 12.0
-17.77594 44.270126 0.2664118460 0.0 13.0
-17.965942 48.970833 0.3340510760 0.0 13.0
-23.56579 37.573338 2.327541661 1.0 11.0
-25.839766 41.543427 3.425151361 1.0 11.0
-25.839766 41.543427 3.425151362 0.0 12.0
-26.021397 46.244133 3.51282262 0.0 12.0
-26.021397 46.244133 3.51282263 0.0 13.0
-24.062017 50.415905 2.56706263 0.0 13.0
