0.0 0.0 0.00 28.0 1.0
0.0 0.8287734 0.00 28.0 1.0
0.0 0.8287734 0.01 27.0 2.0
0.0 1.6575468 0.01 27.0 2.0
0.0 1.6575468 0.02 26.0 3.0
0.0 2.48632 0.02 26.0 3.0
0.0 2.48632 0.03 25.0 4.0
0.0 3.3150935 0.03 25.0 4.0
0.0 3.3150935 0.04 24.0 5.0
0.0 4.143867 0.04 24.0 5.0
0.0 4.143867 0.05 23.0 6.0
0.0 4.9726405 0.05 23.0 6.0
0.0 4.9726405 0.06 22.0 7.0
0.0 5.801414 0.06 22.0 7.0
0.0 5.801414 0.07 21.0 8.0
0.0 6.6301875 0.07 21.0 8.0
0.0 6.6301875 0.08 12.0 9.0
-0.36702487 7.3424063 0.21190198 12.0 9.0
-0.36702487 7.3424063 0.21190199 11.0 10.0
-0.73404974 8.0546255 0.42380389 11.0 10.0
-0.73404974 8.0546255 0.423803810 10.0 11.0
-1.1010746 8.766845 0.635705710 10.0 11.0
-1.1010746 8.766845 0.635705711 9.0 12.0
-1.4680995 9.479064 0.847607611 9.0 12.0
-1.4680995 9.479064 0.847607612 4.0 13.0
-2.098916 9.874402 1.211809812 4.0 13.0
-2.098916 9.874402 1.211809813 3.0 14.0
-2.7297328 10.26974 1.576011913 3.0 14.0
-2.7297328 10.26974 1.576011914 0.0 15.0
-3.4469113 10.237001 1.990075114 0.0 15.0
-3.4469113 10.237001 1.990075115 0.0 16.0
-4.275038 10.204263 1.990075115 0.0 16.0
-2.7297328 10.26974 1.576011916 0.0 15.0
-3.0967577 10.981959 1.787913816 0.0 15.0
-3.0967577 10.981959 1.787913817 0.0 16.0
-3.5205615 11.694179 1.787913817 0.0 16.0
-2.7297328 10.26974 1.576011918 2.0 15.0
-3.458137 10.665078 1.576011918 2.0 15.0
-3.458137 10.665078 1.576011919 1.0 16.0
-4.1865416 11.060416 1.576011919 1.0 16.0
-4.1865416 11.060416 1.576011920 0.0 17.0
-4.914946 11.455754 1.576011920 0.0 17.0
-4.914946 11.455754 1.576011921 0.0 18.0
-5.6433506 11.851092 1.576011921 0.0 18.0
-1.4680995 9.479064 0.847607622 4.0 13.0
-1.4680995 10.3078375 0.847607622 4.0 13.0
-1.4680995 10.3078375 0.847607623 3.0 14.0
-1.4680995 11.136611 0.847607623 3.0 14.0
-1.4680995 11.136611 0.847607624 0.0 15.0
-1.8351244 11.84883 1.059509524 0.0 15.0
-1.8351244 11.84883 1.059509525 0.0 16.0
-2.2589283 12.561049 1.059509525 0.0 16.0
-1.4680995 11.136611 0.847607626 0.0 15.0
-1.1010746 11.84883 0.635705726 0.0 15.0
-1.1010746 11.84883 0.635705727 0.0 16.0
-0.67727077 12.561049 0.635705727 0.0 16.0
-1.4680995 11.136611 0.847607628 2.0 15.0
-1.4680995 11.9653845 0.847607628 2.0 15.0
-1.4680995 11.9653845 0.847607629 1.0 16.0
-1.4680995 12.794158 0.847607629 1.0 16.0
-1.4680995 12.794158 0.847607630 0.0 17.0
-1.4680995 13.6229315 0.847607630 0.0 17.0
-1.4680995 13.6229315 0.847607631 0.0 18.0
-1.4680995 14.451705 0.847607631 0.0 18.0
-1.4680995 9.479064 0.847607632 8.0 13.0
-1.8919033 10.191283 0.847607632 8.0 13.0
-1.8919033 10.191283 0.847607633 7.0 14.0
-2.3157072 10.903502 0.847607633 7.0 14.0
-2.3157072 10.903502 0.847607634 6.0 15.0
-2.739511 11.615722 0.847607634 6.0 15.0
-2.739511 11.615722 0.847607635 5.0 16.0
-3.1633148 12.327941 0.847607635 5.0 16.0
-3.1633148 12.327941 0.847607636 4.0 17.0
-3.5871186 13.04016 0.847607636 4.0 17.0
-3.5871186 13.04016 0.847607637 3.0 18.0
-4.0109224 13.752379 0.847607637 3.0 18.0
-4.0109224 13.752379 0.847607638 0.0 19.0
-4.641739 14.147717 1.211809838 0.0 19.0
-4.641739 14.147717 1.211809839 0.0 20.0
-5.3701434 14.543056 1.211809839 0.0 20.0
-4.0109224 13.752379 0.847607640 0.0 19.0
-4.0109224 14.581153 0.847607640 0.0 19.0
-4.0109224 14.581153 0.847607641 0.0 20.0
-4.0109224 15.409926 0.847607641 0.0 20.0
-4.0109224 13.752379 0.847607642 2.0 19.0
-4.434726 14.464599 0.847607642 2.0 19.0
-4.434726 14.464599 0.847607643 1.0 20.0
-4.85853 15.176818 0.847607643 1.0 20.0
-4.85853 15.176818 0.847607644 0.0 21.0
-5.282334 15.889037 0.847607644 0.0 21.0
-5.282334 15.889037 0.847607645 0.0 22.0
-5.7061377 16.601255 0.847607645 0.0 22.0
0.0 6.6301875 0.046 12.0 9.0
0.36702487 7.3424063 -0.211901946 12.0 9.0
0.36702487 7.3424063 -0.211901947 11.0 10.0
0.73404974 8.0546255 -0.423803847 11.0 10.0
0.73404974 8.0546255 -0.423803848 10.0 11.0
1.1010746 8.766845 -0.635705748 10.0 11.0
1.1010746 8.766845 -0.635705749 9.0 12.0
1.4680995 9.479064 -0.847607649 9.0 12.0
1.4680995 9.479064 -0.847607650 4.0 13.0
1.4680995 10.3078375 -0.847607650 4.0 13.0
1.4680995 10.3078375 -0.847607651 3.0 14.0
1.4680995 11.136611 -0.847607651 3.0 14.0
1.4680995 11.136611 -0.847607652 0.0 15.0
1.1010746 11.84883 -0.635705752 0.0 15.0
1.1010746 11.84883 -0.635705753 0.0 16.0
0.67727077 12.561049 -0.635705753 0.0 16.0
1.4680995 11.136611 -0.847607654 0.0 15.0
1.8351244 11.84883 -1.059509554 0.0 15.0
1.8351244 11.84883 -1.059509555 0.0 16.0
2.2589283 12.561049 -1.059509555 0.0 16.0
1.4680995 11.136611 -0.847607656 2.0 15.0
1.4680995 11.9653845 -0.847607656 2.0 15.0
1.4680995 11.9653845 -0.847607657 1.0 16.0
1.4680995 12.794158 -0.847607657 1.0 16.0
1.4680995 12.794158 -0.847607658 0.0 17.0
1.4680995 13.6229315 -0.847607658 0.0 17.0
1.4680995 13.6229315 -0.847607659 0.0 18.0
1.4680995 14.451705 -0.847607659 0.0 18.0
1.4680995 9.479064 -0.847607660 4.0 13.0
2.098916 9.874402 -1.211809860 4.0 13.0
2.098916 9.874402 -1.211809861 3.0 14.0
2.7297328 10.26974 -1.576011961 3.0 14.0
2.7297328 10.26974 -1.576011962 0.0 15.0
3.0967577 10.981959 -1.787913862 0.0 15.0
3.0967577 10.981959 -1.787913863 0.0 16.0
3.5205615 11.694179 -1.787913863 0.0 16.0
2.7297328 10.26974 -1.576011964 0.0 15.0
3.4469113 10.237001 -1.990075164 0.0 15.0
3.4469113 10.237001 -1.990075165 0.0 16.0
4.275038 10.204263 -1.990075165 0.0 16.0
2.7297328 10.26974 -1.576011966 2.0 15.0
3.458137 10.665078 -1.576011966 2.0 15.0
3.458137 10.665078 -1.576011967 1.0 16.0
4.1865416 11.060416 -1.576011967 1.0 16.0
4.1865416 11.060416 -1.576011968 0.0 17.0
4.914946 11.455754 -1.576011968 0.0 17.0
4.914946 11.455754 -1.576011969 0.0 18.0
5.6433506 11.851092 -1.576011969 0.0 18.0
1.4680995 9.479064 -0.847607670 8.0 13.0
1.8919033 10.191283 -0.847607670 8.0 13.0
1.8919033 10.191283 -0.847607671 7.0 14.0
2.3157072 10.903502 -0.847607671 7.0 14.0
2.3157072 10.903502 -0.847607672 6.0 15.0
2.739511 11.615722 -0.847607672 6.0 15.0
2.739511 11.615722 -0.847607673 5.0 16.0
3.1633148 12.327941 -0.847607673 5.0 16.0
3.1633148 12.327941 -0.847607674 4.0 17.0
3.5871186 13.04016 -0.847607674 4.0 17.0
3.5871186 13.04016 -0.847607675 3.0 18.0
4.0109224 13.752379 -0.847607675 3.0 18.0
4.0109224 13.752379 -0.847607676 0.0 19.0
4.0109224 14.581153 -0.847607676 0.0 19.0
4.0109224 14.581153 -0.847607677 0.0 20.0
4.0109224 15.409926 -0.847607677 0.0 20.0
4.0109224 13.752379 -0.847607678 0.0 19.0
4.641739 14.147717 -1.211809878 0.0 19.0
4.641739 14.147717 -1.211809879 0.0 20.0
5.3701434 14.543056 -1.211809879 0.0 20.0
4.0109224 13.752379 -0.847607680 2.0 19.0
4.434726 14.464599 -0.847607680 2.0 19.0
4.434726 14.464599 -0.847607681 1.0 20.0
4.85853 15.176818 -0.847607681 1.0 20.0
4.85853 15.176818 -0.847607682 0.0 21.0
5.282334 15.889037 -0.847607682 0.0 21.0
5.282334 15.889037 -0.847607683 0.0 22.0
5.7061377 16.601255 -0.847607683 0.0 22.0
0.0 6.6301875 0.084 20.0 9.0
0.0 7.458961 0.084 20.0 9.0
0.0 7.458961 0.085 19.0 10.0
0.0 8.287734 0.085 19.0 10.0
0.0 8.287734 0.086 18.0 11.0
0.0 9.116508 0.086 18.0 11.0
0.0 9.116508 0.087 17.0 12.0
0.0 9.945281 0.087 17.0 12.0
0.0 9.945281 0.088 16.0 13.0
0.0 10.774055 0.088 16.0 13.0
0.0 10.774055 0.089 15.0 14.0
0.0 11.602828 0.089 15.0 14.0
0.0 11.602828 0.090 14.0 15.0
0.0 12.431602 0.090 14.0 15.0
0.0 12.431602 0.091 13.0 16.0
0.0 13.260375 0.091 13.0 16.0
0.0 13.260375 0.092 12.0 17.0
0.0 14.0891485 0.092 12.0 17.0
0.0 14.0891485 0.093 11.0 18.0
0.0 14.917922 0.093 11.0 18.0
0.0 14.917922 0.094 10.0 19.0
0.0 15.7466955 0.094 10.0 19.0
0.0 15.7466955 0.095 9.0 20.0
0.0 16.575468 0.095 9.0 20.0
0.0 16.575468 0.096 4.0 21.0
-0.36702487 17.287687 0.211901996 4.0 21.0
-0.36702487 17.287687 0.211901997 3.0 22.0
-0.73404974 17.999907 0.423803897 3.0 22.0
-0.73404974 17.999907 0.423803898 0.0 23.0
-1.3648664 18.395245 0.7880059598 0.0 23.0
-1.3648664 18.395245 0.7880059599 0.0 24.0
-2.0932708 18.790583 0.7880059599 0.0 24.0
-0.73404974 17.999907 0.4238038100 0.0 23.0
-0.73404974 18.82868 0.4238038100 0.0 23.0
-0.73404974 18.82868 0.4238038101 0.0 24.0
-0.73404974 19.657454 0.4238038101 0.0 24.0
-0.73404974 17.999907 0.4238038102 2.0 23.0
-1.1578536 18.712126 0.4238038102 2.0 23.0
-1.1578536 18.712126 0.4238038103 1.0 24.0
-1.5816574 19.424345 0.4238038103 1.0 24.0
-1.5816574 19.424345 0.4238038104 0.0 25.0
-2.0054612 20.136564 0.4238038104 0.0 25.0
-2.0054612 20.136564 0.4238038105 0.0 26.0
-2.429265 20.848783 0.4238038105 0.0 26.0
0.0 16.575468 0.0106 4.0 21.0
0.36702487 17.287687 -0.2119019106 4.0 21.0
0.36702487 17.287687 -0.2119019107 3.0 22.0
0.73404974 17.999907 -0.4238038107 3.0 22.0
0.73404974 17.999907 -0.4238038108 0.0 23.0
0.73404974 18.82868 -0.4238038108 0.0 23.0
0.73404974 18.82868 -0.4238038109 0.0 24.0
0.73404974 19.657454 -0.4238038109 0.0 24.0
0.73404974 17.999907 -0.4238038110 0.0 23.0
1.3648664 18.395245 -0.78800595110 0.0 23.0
1.3648664 18.395245 -0.78800595111 0.0 24.0
2.0932708 18.790583 -0.78800595111 0.0 24.0
0.73404974 17.999907 -0.4238038112 2.0 23.0
1.1578536 18.712126 -0.4238038112 2.0 23.0
1.1578536 18.712126 -0.4238038113 1.0 24.0
1.5816574 19.424345 -0.4238038113 1.0 24.0
1.5816574 19.424345 -0.4238038114 0.0 25.0
2.0054612 20.136564 -0.4238038114 0.0 25.0
2.0054612 20.136564 -0.4238038115 0.0 26.0
2.429265 20.848783 -0.4238038115 0.0 26.0
0.0 16.575468 0.0116 8.0 21.0
0.0 17.404242 0.0116 8.0 21.0
0.0 17.404242 0.0117 7.0 22.0
0.0 18.233015 0.0117 7.0 22.0
0.0 18.233015 0.0118 6.0 23.0
0.0 19.061789 0.0118 6.0 23.0
0.0 19.061789 0.0119 5.0 24.0
0.0 19.890562 0.0119 5.0 24.0
0.0 19.890562 0.0120 4.0 25.0
0.0 20.719336 0.0120 4.0 25.0
0.0 20.719336 0.0121 3.0 26.0
0.0 21.54811 0.0121 3.0 26.0
0.0 21.54811 0.0122 0.0 27.0
-0.36702487 22.260328 0.2119019122 0.0 27.0
-0.36702487 22.260328 0.2119019123 0.0 28.0
-0.7908287 22.972548 0.2119019123 0.0 28.0
0.0 21.54811 0.0124 0.0 27.0
0.36702487 22.260328 -0.2119019124 0.0 27.0
0.36702487 22.260328 -0.2119019125 0.0 28.0
0.7908287 22.972548 -0.2119019125 0.0 28.0
0.0 21.54811 0.0126 2.0 27.0
0.0 22.376883 0.0126 2.0 27.0
0.0 22.376883 0.0127 1.0 28.0
0.0 23.205656 0.0127 1.0 28.0
0.0 23.205656 0.0128 0.0 29.0
0.0 24.03443 0.0128 0.0 29.0
0.0 24.03443 0.0129 0.0 30.0
0.0 24.863203 0.0129 0.0 30.0
