0.0 0.0 0.00 28.0 1.0
0.0 2.5906458 0.00 28.0 1.0
0.0 2.5906458 0.01 27.0 2.0
0.0 5.1812916 0.01 27.0 2.0
0.0 5.1812916 0.02 26.0 3.0
0.0 7.7719374 0.02 26.0 3.0
0.0 7.7719374 0.03 25.0 4.0
0.0 10.362583 0.03 25.0 4.0
0.0 10.362583 0.04 24.0 5.0
0.0 12.953229 0.04 24.0 5.0
0.0 12.953229 0.05 23.0 6.0
0.0 15.543875 0.05 23.0 6.0
0.0 15.543875 0.06 22.0 7.0
0.0 18.134521 0.06 22.0 7.0
0.0 18.134521 0.07 21.0 8.0
0.0 20.725166 0.07 21.0 8.0
0.0 20.725166 0.08 12.0 9.0
-0.9826659 23.0541 0.56734248 12.0 9.0
-0.9826659 23.0541 0.56734249 11.0 10.0
-1.9653318 25.383034 1.13468489 11.0 10.0
-1.9653318 25.383034 1.134684810 10.0 11.0
-2.9479976 27.711967 1.702027210 10.0 11.0
-2.9479976 27.711967 1.702027211 9.0 12.0
-3.9306636 30.040901 2.269369611 9.0 12.0
-3.9306636 30.040901 2.269369612 4.0 13.0
-5.6974545 31.637579 3.289426812 4.0 13.0
-5.6974545 31.637579 3.289426813 3.0 14.0
-7.4642453 33.234257 4.30948413 3.0 14.0
-7.4642453 33.234257 4.30948414 0.0 15.0
-9.658193 33.77608 5.576160414 0.0 15.0
-9.658193 33.77608 5.576160415 0.0 16.0
-12.1915455 34.317905 5.576160415 0.0 16.0
-7.4642453 33.234257 4.30948416 0.0 15.0
-8.446911 35.56319 4.876826316 0.0 15.0
-8.446911 35.56319 4.876826317 0.0 16.0
-9.581595 37.892124 4.876826317 0.0 16.0
-7.4642453 33.234257 4.30948418 2.0 15.0
-9.504359 34.830933 4.30948418 2.0 15.0
-9.504359 34.830933 4.30948419 1.0 16.0
-11.544474 36.42761 4.30948419 1.0 16.0
-11.544474 36.42761 4.30948420 0.0 17.0
-13.584588 38.024284 4.30948420 0.0 17.0
-13.584588 38.024284 4.30948421 0.0 18.0
-15.624702 39.62096 4.30948421 0.0 18.0
-3.9306636 30.040901 2.269369622 4.0 13.0
-3.9306636 32.631546 2.269369622 4.0 13.0
-3.9306636 32.631546 2.269369623 3.0 14.0
-3.9306636 35.22219 2.269369623 3.0 14.0
-3.9306636 35.22219 2.269369624 0.0 15.0
-4.9133296 37.551125 2.83671224 0.0 15.0
-4.9133296 37.551125 2.83671225 0.0 16.0
-6.0480146 39.88006 2.83671225 0.0 16.0
-3.9306636 35.22219 2.269369626 0.0 15.0
-2.9479976 37.551125 1.702027226 0.0 15.0
-2.9479976 37.551125 1.702027227 0.0 16.0
-1.8133128 39.88006 1.702027227 0.0 16.0
-3.9306636 35.22219 2.269369628 2.0 15.0
-3.9306636 37.812836 2.269369628 2.0 15.0
-3.9306636 37.812836 2.269369629 1.0 16.0
-3.9306636 40.40348 2.269369629 1.0 16.0
-3.9306636 40.40348 2.269369630 0.0 17.0
-3.9306636 42.994125 2.269369630 0.0 17.0
-3.9306636 42.994125 2.269369631 0.0 18.0
-3.9306636 45.58477 2.269369631 0.0 18.0
-3.9306636 30.040901 2.269369632 8.0 13.0
-5.0653486 32.369835 2.269369632 8.0 13.0
-5.0653486 32.369835 2.269369633 7.0 14.0
-6.200033 34.69877 2.269369633 7.0 14.0
-6.200033 34.69877 2.269369634 6.0 15.0
-7.3347178 37.027702 2.269369634 6.0 15.0
-7.3347178 37.027702 2.269369635 5.0 16.0
-8.469402 39.356636 2.269369635 5.0 16.0
-8.469402 39.356636 2.269369636 4.0 17.0
-9.604087 41.68557 2.269369636 4.0 17.0
-9.604087 41.68557 2.269369637 3.0 18.0
-10.738771 44.014503 2.269369637 3.0 18.0
-10.738771 44.014503 2.269369638 0.0 19.0
-12.505562 45.61118 3.289426838 0.0 19.0
-12.505562 45.61118 3.289426839 0.0 20.0
-14.545676 47.207855 3.289426839 0.0 20.0
-10.738771 44.014503 2.269369640 0.0 19.0
-10.738771 46.60515 2.269369640 0.0 19.0
-10.738771 46.60515 2.269369641 0.0 20.0
-10.738771 49.195793 2.269369641 0.0 20.0
-10.738771 44.014503 2.269369642 2.0 19.0
-11.873456 46.343437 2.269369642 2.0 19.0
-11.873456 46.343437 2.269369643 1.0 20.0
-13.008141 48.67237 2.269369643 1.0 20.0
-13.008141 48.67237 2.269369644 0.0 21.0
-14.142825 51.001305 2.269369644 0.0 21.0
-14.142825 51.001305 2.269369645 0.0 22.0
-15.27751 53.33024 2.269369645 0.0 22.0
0.0 20.725166 0.046 12.0 9.0
0.9826659 23.0541 -0.567342446 12.0 9.0
0.9826659 23.0541 -0.567342447 11.0 10.0
1.9653318 25.383034 -1.134684847 11.0 10.0
1.9653318 25.383034 -1.134684848 10.0 11.0
2.9479976 27.711967 -1.702027248 10.0 11.0
2.9479976 27.711967 -1.702027249 9.0 12.0
3.9306636 30.040901 -2.269369649 9.0 12.0
3.9306636 30.040901 -2.269369650 4.0 13.0
3.9306636 32.631546 -2.269369650 4.0 13.0
3.9306636 32.631546 -2.269369651 3.0 14.0
3.9306636 35.22219 -2.269369651 3.0 14.0
3.9306636 35.22219 -2.269369652 0.0 15.0
2.9479976 37.551125 -1.702027252 0.0 15.0
2.9479976 37.551125 -1.702027253 0.0 16.0
1.8133128 39.88006 -1.702027253 0.0 16.0
3.9306636 35.22219 -2.269369654 0.0 15.0
4.9133296 37.551125 -2.83671254 0.0 15.0
4.9133296 37.551125 -2.83671255 0.0 16.0
6.0480146 39.88006 -2.83671255 0.0 16.0
3.9306636 35.22219 -2.269369656 2.0 15.0
3.9306636 37.812836 -2.269369656 2.0 15.0
3.9306636 37.812836 -2.269369657 1.0 16.0
3.9306636 40.40348 -2.269369657 1.0 16.0
3.9306636 40.40348 -2.269369658 0.0 17.0
3.9306636 42.994125 -2.269369658 0.0 17.0
3.9306636 42.994125 -2.269369659 0.0 18.0
3.9306636 45.58477 -2.269369659 0.0 18.0
3.9306636 30.040901 -2.269369660 4.0 13.0
5.6974545 31.637579 -3.289426860 4.0 13.0
5.6974545 31.637579 -3.289426861 3.0 14.0
7.4642453 33.234257 -4.30948461 3.0 14.0
7.4642453 33.234257 -4.30948462 0.0 15.0
8.446911 35.56319 -4.876826362 0.0 15.0
8.446911 35.56319 -4.876826363 0.0 16.0
9.581595 37.892124 -4.876826363 0.0 16.0
7.4642453 33.234257 -4.30948464 0.0 15.0
9.658193 33.77608 -5.576160464 0.0 15.0
9.658193 33.77608 -5.576160465 0.0 16.0
12.1915455 34.317905 -5.576160465 0.0 16.0
7.4642453 33.234257 -4.30948466 2.0 15.0
9.504359 34.830933 -4.30948466 2.0 15.0
9.504359 34.830933 -4.30948467 1.0 16.0
11.544474 36.42761 -4.30948467 1.0 16.0
11.544474 36.42761 -4.30948468 0.0 17.0
13.584588 38.024284 -4.30948468 0.0 17.0
13.584588 38.024284 -4.30948469 0.0 18.0
15.624702 39.62096 -4.30948469 0.0 18.0
3.9306636 30.040901 -2.269369670 8.0 13.0
5.0653486 32.369835 -2.269369670 8.0 13.0
5.0653486 32.369835 -2.269369671 7.0 14.0
6.200033 34.69877 -2.269369671 7.0 14.0
6.200033 34.69877 -2.269369672 6.0 15.0
7.3347178 37.027702 -2.269369672 6.0 15.0
7.3347178 37.027702 -2.269369673 5.0 16.0
8.469402 39.356636 -2.269369673 5.0 16.0
8.469402 39.356636 -2.269369674 4.0 17.0
9.604087 41.68557 -2.269369674 4.0 17.0
9.604087 41.68557 -2.269369675 3.0 18.0
10.738771 44.014503 -2.269369675 3.0 18.0
10.738771 44.014503 -2.269369676 0.0 19.0
10.738771 46.60515 -2.269369676 0.0 19.0
10.738771 46.60515 -2.269369677 0.0 20.0
10.738771 49.195793 -2.269369677 0.0 20.0
10.738771 44.014503 -2.269369678 0.0 19.0
12.505562 45.61118 -3.289426878 0.0 19.0
12.505562 45.61118 -3.289426879 0.0 20.0
14.545676 47.207855 -3.289426879 0.0 20.0
10.738771 44.014503 -2.269369680 2.0 19.0
11.873456 46.343437 -2.269369680 2.0 19.0
11.873456 46.343437 -2.269369681 1.0 20.0
13.008141 48.67237 -2.269369681 1.0 20.0
13.008141 48.67237 -2.269369682 0.0 21.0
14.142825 51.001305 -2.269369682 0.0 21.0
14.142825 51.001305 -2.269369683 0.0 22.0
15.27751 53.33024 -2.269369683 0.0 22.0
0.0 20.725166 0.084 20.0 9.0
0.0 23.315811 0.084 20.0 9.0
0.0 23.315811 0.085 19.0 10.0
0.0 25.906456 0.085 19.0 10.0
0.0 25.906456 0.086 18.0 11.0
0.0 28.4971 0.086 18.0 11.0
0.0 28.4971 0.087 17.0 12.0
0.0 31.087746 0.087 17.0 12.0
0.0 31.087746 0.088 16.0 13.0
0.0 33.67839 0.088 16.0 13.0
0.0 33.67839 0.089 15.0 14.0
0.0 36.269035 0.089 15.0 14.0
0.0 36.269035 0.090 14.0 15.0
0.0 38.85968 0.090 14.0 15.0
0.0 38.85968 0.091 13.0 16.0
0.0 41.450325 0.091 13.0 16.0
0.0 41.450325 0.092 12.0 17.0
0.0 44.04097 0.092 12.0 17.0
0.0 44.04097 0.093 11.0 18.0
0.0 46.631615 0.093 11.0 18.0
0.0 46.631615 0.094 10.0 19.0
0.0 49.22226 0.094 10.0 19.0
0.0 49.22226 0.095 9.0 20.0
0.0 51.812904 0.095 9.0 20.0
0.0 51.812904 0.096 4.0 21.0
-0.9826659 54.141838 0.567342496 4.0 21.0
-0.9826659 54.141838 0.567342497 3.0 22.0
-1.9653318 56.47077 1.134684897 3.0 22.0
-1.9653318 56.47077 1.134684898 0.0 23.0
-3.7321224 58.067448 2.154741898 0.0 23.0
-3.7321224 58.067448 2.154741899 0.0 24.0
-5.772237 59.664124 2.154741899 0.0 24.0
-1.9653318 56.47077 1.1346848100 0.0 23.0
-1.9653318 59.061417 1.1346848100 0.0 23.0
-1.9653318 59.061417 1.1346848101 0.0 24.0
-1.9653318 61.65206 1.1346848101 0.0 24.0
-1.9653318 56.47077 1.1346848102 2.0 23.0
-3.1000166 58.799706 1.1346848102 2.0 23.0
-3.1000166 58.799706 1.1346848103 1.0 24.0
-4.234701 61.12864 1.1346848103 1.0 24.0
-4.234701 61.12864 1.1346848104 0.0 25.0
-5.3693857 63.457573 1.1346848104 0.0 25.0
-5.3693857 63.457573 1.1346848105 0.0 26.0
-6.5040703 65.78651 1.1346848105 0.0 26.0
0.0 51.812904 0.0106 4.0 21.0
0.9826659 54.141838 -0.5673424106 4.0 21.0
0.9826659 54.141838 -0.5673424107 3.0 22.0
1.9653318 56.47077 -1.1346848107 3.0 22.0
1.9653318 56.47077 -1.1346848108 0.0 23.0
1.9653318 59.061417 -1.1346848108 0.0 23.0
1.9653318 59.061417 -1.1346848109 0.0 24.0
1.9653318 61.65206 -1.1346848109 0.0 24.0
1.9653318 56.47077 -1.1346848110 0.0 23.0
3.7321224 58.067448 -2.1547418110 0.0 23.0
3.7321224 58.067448 -2.1547418111 0.0 24.0
5.772237 59.664124 -2.1547418111 0.0 24.0
1.9653318 56.47077 -1.1346848112 2.0 23.0
3.1000166 58.799706 -1.1346848112 2.0 23.0
3.1000166 58.799706 -1.1346848113 1.0 24.0
4.234701 61.12864 -1.1346848113 1.0 24.0
4.234701 61.12864 -1.1346848114 0.0 25.0
5.3693857 63.457573 -1.1346848114 0.0 25.0
5.3693857 63.457573 -1.1346848115 0.0 26.0
6.5040703 65.78651 -1.1346848115 0.0 26.0
0.0 51.812904 0.0116 8.0 21.0
0.0 54.40355 0.0116 8.0 21.0
0.0 54.40355 0.0117 7.0 22.0
0.0 56.994194 0.0117 7.0 22.0
0.0 56.994194 0.0118 6.0 23.0
0.0 59.58484 0.0118 6.0 23.0
0.0 59.58484 0.0119 5.0 24.0
0.0 62.175484 0.0119 5.0 24.0
0.0 62.175484 0.0120 4.0 25.0
0.0 64.76613 0.0120 4.0 25.0
0.0 64.76613 0.0121 3.0 26.0
0.0 67.35677 0.0121 3.0 26.0
0.0 67.35677 0.0122 0.0 27.0
-0.9826659 69.68571 0.5673424122 0.0 27.0
-0.9826659 69.68571 0.5673424123 0.0 28.0
-2.1173506 72.01464 0.5673424123 0.0 28.0
0.0 67.35677 0.0124 0.0 27.0
0.9826659 69.68571 -0.5673424124 0.0 27.0
0.9826659 69.68571 -0.5673424125 0.0 28.0
2.1173506 72.01464 -0.5673424125 0.0 28.0
0.0 67.35677 0.0126 2.0 27.0
0.0 69.94742 0.0126 2.0 27.0
0.0 69.94742 0.0127 1.0 28.0
0.0 72.53806 0.0127 1.0 28.0
0.0 72.53806 0.0128 0.0 29.0
0.0 75.12871 0.0128 0.0 29.0
0.0 75.12871 0.0129 0.0 30.0
0.0 77.71935 0.0129 0.0 30.0
