0.0 0.0 0.00 14.0 1.0
0.0 4.2410483 0.00 14.0 1.0
0.0 4.2410483 0.01 0.0 2.0
0.52420765 8.438679 -0.30265141 0.0 2.0
0.0 4.2410483 0.02 13.0 2.0
0.0 8.482097 0.02 13.0 2.0
0.0 8.482097 0.03 0.0 3.0
-0.52420765 12.679728 0.30265143 0.0 3.0
-0.52420765 12.679728 0.30265144 0.0 4.0
-0.52420765 16.920776 0.30265144 0.0 4.0
-0.52420765 12.679728 0.30265145 0.0 4.0
-1.1295104 16.877357 0.30265145 0.0 4.0
0.0 8.482097 0.06 12.0 3.0
0.0 12.723145 0.06 12.0 3.0
0.0 12.723145 0.07 0.0 4.0
0.52420765 16.920774 -0.30265147 0.0 4.0
0.0 12.723145 0.08 11.0 4.0
0.0 16.964193 0.08 11.0 4.0
0.0 16.964193 0.09 2.0 5.0
0.52420765 21.161823 -0.30265149 2.0 5.0
0.52420765 21.161823 -0.302651410 0.0 6.0
1.5618896 25.230087 -0.9017573610 0.0 6.0
0.52420765 21.161823 -0.302651411 1.0 6.0
1.1295104 25.359453 -0.302651411 1.0 6.0
1.1295104 25.359453 -0.302651412 0.0 7.0
1.1295104 29.600502 -0.302651412 0.0 7.0
1.1295104 29.600502 -0.302651413 0.0 8.0
1.653718 33.798134 -0.605302813 0.0 8.0
1.1295104 29.600502 -0.302651414 0.0 8.0
1.1295104 33.84155 -0.302651414 0.0 8.0
1.1295104 25.359453 -0.302651415 0.0 7.0
1.7348132 29.557083 -0.302651415 0.0 7.0
1.7348132 29.557083 -0.302651416 0.0 8.0
2.7724953 33.625347 -0.9017573616 0.0 8.0
1.7348132 29.557083 -0.302651417 0.0 8.0
2.340116 33.754715 -0.302651417 0.0 8.0
0.0 16.964193 0.018 10.0 5.0
0.0 21.205242 0.018 10.0 5.0
0.0 21.205242 0.019 0.0 6.0
0.52420765 25.402872 -0.302651419 0.0 6.0
0.0 21.205242 0.020 9.0 6.0
0.0 25.446291 0.020 9.0 6.0
0.0 25.446291 0.021 0.0 7.0
-0.52420765 29.64392 0.302651421 0.0 7.0
-0.52420765 29.64392 0.302651422 0.0 8.0
-0.52420765 33.884968 0.302651422 0.0 8.0
-0.52420765 29.64392 0.302651423 0.0 8.0
-1.1295104 33.841553 0.302651423 0.0 8.0
0.0 25.446291 0.024 8.0 7.0
0.0 29.68734 0.024 8.0 7.0
0.0 29.68734 0.025 0.0 8.0
0.52420765 33.88497 -0.302651425 0.0 8.0
0.0 29.68734 0.026 7.0 8.0
0.0 33.928387 0.026 7.0 8.0
0.0 33.928387 0.027 6.0 9.0
-0.52420765 38.12602 0.302651427 6.0 9.0
-0.52420765 38.12602 0.302651428 0.0 10.0
-0.52420765 42.367065 0.302651428 0.0 10.0
-0.52420765 38.12602 0.302651429 5.0 10.0
-1.1295104 42.32365 0.302651429 5.0 10.0
-1.1295104 42.32365 0.302651430 0.0 11.0
-2.1671925 46.391914 0.9017573630 0.0 11.0
-2.1671925 46.391914 0.9017573631 0.0 12.0
-2.6914 50.589546 1.204408831 0.0 12.0
-2.1671925 46.391914 0.9017573632 0.0 12.0
-3.3654044 50.46018 0.9017573632 0.0 12.0
-1.1295104 42.32365 0.302651433 4.0 11.0
-1.7348132 46.521282 0.302651433 4.0 11.0
-1.7348132 46.521282 0.302651434 0.0 12.0
-1.7348132 50.76233 0.302651434 0.0 12.0
-1.7348132 46.521282 0.302651435 3.0 12.0
-2.340116 50.718914 0.302651435 3.0 12.0
-2.340116 50.718914 0.302651436 2.0 13.0
-2.340116 54.95996 0.302651436 2.0 13.0
-2.340116 54.95996 0.302651437 0.0 14.0
-1.8159084 59.157593 0.037 0.0 14.0
-2.340116 54.95996 0.302651438 1.0 14.0
-2.340116 59.201008 0.302651438 1.0 14.0
-2.340116 59.201008 0.302651439 0.0 15.0
-2.8643236 63.39864 0.605302839 0.0 15.0
-2.8643236 63.39864 0.605302840 0.0 16.0
-2.8643236 67.63969 0.605302840 0.0 16.0
-2.8643236 63.39864 0.605302841 0.0 16.0
-3.4696264 67.59627 0.605302841 0.0 16.0
-2.340116 59.201008 0.302651442 0.0 15.0
-2.340116 63.442055 0.302651442 0.0 15.0
-2.340116 63.442055 0.302651443 0.0 16.0
-1.8159084 67.63969 0.043 0.0 16.0
-2.340116 63.442055 0.302651444 0.0 16.0
-2.340116 67.683105 0.302651444 0.0 16.0
-2.340116 50.718914 0.302651445 2.0 13.0
-2.9454188 54.916546 0.302651445 2.0 13.0
-2.9454188 54.916546 0.302651446 0.0 14.0
-2.9454188 59.157593 0.302651446 0.0 14.0
-2.9454188 54.916546 0.302651447 1.0 14.0
-3.5507216 59.114178 0.302651447 1.0 14.0
-3.5507216 59.114178 0.302651448 0.0 15.0
-4.5884037 63.18244 0.9017573648 0.0 15.0
-4.5884037 63.18244 0.9017573649 0.0 16.0
-5.1126113 67.38007 1.204408849 0.0 16.0
-4.5884037 63.18244 0.9017573650 0.0 16.0
-5.7866154 67.25071 0.9017573650 0.0 16.0
-3.5507216 59.114178 0.302651451 0.0 15.0
-4.1560245 63.31181 0.302651451 0.0 15.0
-4.1560245 63.31181 0.302651452 0.0 16.0
-4.1560245 67.55286 0.302651452 0.0 16.0
-4.1560245 63.31181 0.302651453 0.0 16.0
-4.7613273 67.50944 0.302651453 0.0 16.0
0.0 33.928387 0.054 6.0 9.0
0.0 38.169434 0.054 6.0 9.0
0.0 38.169434 0.055 0.0 10.0
0.52420765 42.367065 -0.302651455 0.0 10.0
0.0 38.169434 0.056 5.0 10.0
0.0 42.41048 0.056 5.0 10.0
0.0 42.41048 0.057 0.0 11.0
-0.52420765 46.608112 0.302651457 0.0 11.0
-0.52420765 46.608112 0.302651458 0.0 12.0
-0.52420765 50.84916 0.302651458 0.0 12.0
-0.52420765 46.608112 0.302651459 0.0 12.0
-1.1295104 50.805744 0.302651459 0.0 12.0
0.0 42.41048 0.060 4.0 11.0
0.0 46.651527 0.060 4.0 11.0
0.0 46.651527 0.061 0.0 12.0
0.52420765 50.84916 -0.302651461 0.0 12.0
0.0 46.651527 0.062 3.0 12.0
0.0 50.892574 0.062 3.0 12.0
0.0 50.892574 0.063 2.0 13.0
0.52420765 55.090206 -0.302651463 2.0 13.0
0.52420765 55.090206 -0.302651464 0.0 14.0
1.5618896 59.15847 -0.9017573664 0.0 14.0
0.52420765 55.090206 -0.302651465 1.0 14.0
1.1295104 59.287838 -0.302651465 1.0 14.0
1.1295104 59.287838 -0.302651466 0.0 15.0
1.1295104 63.528885 -0.302651466 0.0 15.0
1.1295104 63.528885 -0.302651467 0.0 16.0
1.653718 67.72652 -0.605302867 0.0 16.0
1.1295104 63.528885 -0.302651468 0.0 16.0
1.1295104 67.769936 -0.302651468 0.0 16.0
1.1295104 59.287838 -0.302651469 0.0 15.0
1.7348132 63.48547 -0.302651469 0.0 15.0
1.7348132 63.48547 -0.302651470 0.0 16.0
2.7724953 67.553734 -0.9017573670 0.0 16.0
1.7348132 63.48547 -0.302651471 0.0 16.0
2.340116 67.6831 -0.302651471 0.0 16.0
0.0 50.892574 0.072 2.0 13.0
0.0 55.13362 0.072 2.0 13.0
0.0 55.13362 0.073 0.0 14.0
0.52420765 59.331253 -0.302651473 0.0 14.0
0.0 55.13362 0.074 1.0 14.0
0.0 59.37467 0.074 1.0 14.0
0.0 59.37467 0.075 0.0 15.0
-0.52420765 63.5723 0.302651475 0.0 15.0
-0.52420765 63.5723 0.302651476 0.0 16.0
-0.52420765 67.81335 0.302651476 0.0 16.0
-0.52420765 63.5723 0.302651477 0.0 16.0
-1.1295104 67.76993 0.302651477 0.0 16.0
0.0 59.37467 0.078 0.0 15.0
0.0 63.615715 0.078 0.0 15.0
0.0 63.615715 0.079 0.0 16.0
0.52420765 67.81335 -0.302651479 0.0 16.0
0.0 63.615715 0.080 0.0 16.0
0.0 67.856766 0.080 0.0 16.0
