0.0 0.0 0.00 14.0 1.0
0.0 4.7674894 0.00 14.0 1.0
0.0 4.7674894 0.01 0.0 2.0
-1.0592678 9.399918 0.384087621 0.0 2.0
0.0 4.7674894 0.02 13.0 2.0
0.0 9.534979 0.02 13.0 2.0
0.0 9.534979 0.03 0.0 3.0
1.0863565 14.167406 -0.299000383 0.0 3.0
1.0863565 14.167406 -0.299000384 0.0 4.0
1.0863565 18.934895 -0.299000384 0.0 4.0
1.0863565 14.167406 -0.299000385 0.0 4.0
2.213109 18.799833 -0.299000385 0.0 4.0
0.0 9.534979 0.06 12.0 3.0
0.0 14.302468 0.06 12.0 3.0
0.0 14.302468 0.07 0.0 4.0
-1.0340028 18.934896 0.447671567 0.0 4.0
0.0 14.302468 0.08 11.0 4.0
0.0 19.069958 0.08 11.0 4.0
0.0 19.069958 0.09 2.0 5.0
1.0606291 23.702385 -0.380312119 2.0 5.0
1.0606291 23.702385 -0.3803121110 0.0 6.0
1.0606291 28.469875 -0.3803121110 0.0 6.0
1.0606291 23.702385 -0.3803121111 1.0 6.0
2.1873817 28.334812 -0.3803121111 1.0 6.0
2.1873817 28.334812 -0.3803121112 0.0 7.0
4.2539377 32.569706 -1.104173712 0.0 7.0
4.2539377 32.569706 -1.104173713 0.0 8.0
5.2314277 37.202133 -1.664606313 0.0 8.0
4.2539377 32.569706 -1.104173714 0.0 8.0
6.4436016 36.8046 -1.104173714 0.0 8.0
2.1873817 28.334812 -0.3803121115 0.0 7.0
3.3141344 32.96724 -0.3803121115 0.0 7.0
3.3141344 32.96724 -0.3803121116 0.0 8.0
3.3141344 37.73473 -0.3803121116 0.0 8.0
3.3141344 32.96724 -0.3803121117 0.0 8.0
4.440887 37.599667 -0.3803121117 0.0 8.0
0.0 19.069958 0.018 10.0 5.0
0.0 23.837448 0.018 10.0 5.0
0.0 23.837448 0.019 0.0 6.0
-1.0229721 28.469875 0.4723342719 0.0 6.0
0.0 23.837448 0.020 9.0 6.0
0.0 28.604939 0.020 9.0 6.0
0.0 28.604939 0.021 0.0 7.0
1.0631752 33.237366 -0.3731351821 0.0 7.0
1.0631752 33.237366 -0.3731351822 0.0 8.0
1.0631752 38.004856 -0.3731351822 0.0 8.0
1.0631752 33.237366 -0.3731351823 0.0 8.0
2.1899278 37.869793 -0.3731351823 0.0 8.0
0.0 28.604939 0.024 8.0 7.0
0.0 33.37243 0.024 8.0 7.0
0.0 33.37243 0.025 0.0 8.0
-1.0527884 38.004856 0.4015073825 0.0 8.0
0.0 33.37243 0.026 7.0 8.0
0.0 38.13992 0.026 7.0 8.0
0.0 38.13992 0.027 6.0 9.0
1.0423292 42.772346 -0.4279269327 6.0 9.0
1.0423292 42.772346 -0.4279269328 0.0 10.0
1.0423292 47.539837 -0.4279269328 0.0 10.0
1.0423292 42.772346 -0.4279269329 5.0 10.0
2.1690817 47.404774 -0.4279269329 5.0 10.0
2.1690817 47.404774 -0.4279269330 0.0 11.0
4.1691747 51.639668 -1.319137930 0.0 11.0
4.1691747 51.639668 -1.319137931 0.0 12.0
5.237111 56.272095 -1.678418931 0.0 12.0
4.1691747 51.639668 -1.319137932 0.0 12.0
6.358839 55.87456 -1.319137932 0.0 12.0
2.1690817 47.404774 -0.4279269333 4.0 11.0
3.2958343 52.0372 -0.4279269333 4.0 11.0
3.2958343 52.0372 -0.4279269334 0.0 12.0
3.2958343 56.80469 -0.4279269334 0.0 12.0
3.2958343 52.0372 -0.4279269335 3.0 12.0
4.422587 56.66963 -0.4279269335 3.0 12.0
4.422587 56.66963 -0.4279269336 2.0 13.0
6.4772344 60.904522 -1.184928836 2.0 13.0
6.4772344 60.904522 -1.184928837 0.0 14.0
7.5589056 65.53695 -1.500458137 0.0 14.0
6.4772344 60.904522 -1.184928838 1.0 14.0
8.666899 65.13942 -1.184928838 1.0 14.0
8.666899 65.13942 -1.184928839 0.0 15.0
11.683289 68.73683 -2.014967239 0.0 15.0
11.683289 68.73683 -2.014967240 0.0 16.0
13.657437 72.971725 -2.962260240 0.0 16.0
11.683289 68.73683 -2.014967241 0.0 16.0
14.811798 72.33424 -2.014967241 0.0 16.0
8.666899 65.13942 -1.184928842 0.0 15.0
10.856563 69.37431 -1.184928842 0.0 15.0
10.856563 69.37431 -1.184928843 0.0 16.0
11.893491 74.006744 -1.625781543 0.0 16.0
10.856563 69.37431 -1.184928844 0.0 16.0
13.0462265 73.60921 -1.184928844 0.0 16.0
4.422587 56.66963 -0.4279269345 2.0 13.0
5.5493393 61.302055 -0.4279269345 2.0 13.0
5.5493393 61.302055 -0.4279269346 0.0 14.0
5.5493393 66.06954 -0.4279269346 0.0 14.0
5.5493393 61.302055 -0.4279269347 1.0 14.0
6.676092 65.93449 -0.4279269347 1.0 14.0
6.676092 65.93449 -0.4279269348 0.0 15.0
8.634623 70.16938 -1.40710348 0.0 15.0
8.634623 70.16938 -1.40710349 0.0 16.0
9.712409 74.80181 -1.735657549 0.0 16.0
8.634623 70.16938 -1.40710350 0.0 16.0
10.824286 74.404274 -1.40710350 0.0 16.0
6.676092 65.93449 -0.4279269351 0.0 15.0
7.802845 70.56692 -0.4279269351 0.0 15.0
7.802845 70.56692 -0.4279269352 0.0 16.0
7.802845 75.334404 -0.4279269352 0.0 16.0
7.802845 70.56692 -0.4279269353 0.0 16.0
8.929598 75.19935 -0.4279269353 0.0 16.0
0.0 38.13992 0.054 6.0 9.0
0.0 42.90741 0.054 6.0 9.0
0.0 42.90741 0.055 0.0 10.0
-1.0507709 47.539837 0.40675855 0.0 10.0
0.0 42.90741 0.056 5.0 10.0
0.0 47.6749 0.056 5.0 10.0
0.0 47.6749 0.057 0.0 11.0
1.0248593 52.307327 -0.468225257 0.0 11.0
1.0248593 52.307327 -0.468225258 0.0 12.0
1.0248593 57.074818 -0.468225258 0.0 12.0
1.0248593 52.307327 -0.468225259 0.0 12.0
2.1516118 56.939754 -0.468225259 0.0 12.0
0.0 47.6749 0.060 4.0 11.0
0.0 52.44239 0.060 4.0 11.0
0.0 52.44239 0.061 0.0 12.0
-1.0799233 57.074818 0.3214610261 0.0 12.0
0.0 52.44239 0.062 3.0 12.0
0.0 57.20988 0.062 3.0 12.0
0.0 57.20988 0.063 2.0 13.0
1.0685655 61.842308 -0.3574064463 2.0 13.0
1.0685655 61.842308 -0.3574064464 0.0 14.0
1.0685655 66.609795 -0.3574064464 0.0 14.0
1.0685655 61.842308 -0.3574064465 1.0 14.0
2.1953182 66.47474 -0.3574064465 1.0 14.0
2.1953182 66.47474 -0.3574064466 0.0 15.0
4.103362 70.70963 -1.431649266 0.0 15.0
4.103362 70.70963 -1.431649267 0.0 16.0
5.1829286 75.342064 -1.754306367 0.0 16.0
4.103362 70.70963 -1.431649268 0.0 16.0
6.293026 74.94453 -1.431649268 0.0 16.0
2.1953182 66.47474 -0.3574064469 0.0 15.0
3.3220708 71.10717 -0.3574064469 0.0 15.0
3.3220708 71.10717 -0.3574064470 0.0 16.0
3.3220708 75.87466 -0.3574064470 0.0 16.0
3.3220708 71.10717 -0.3574064471 0.0 16.0
4.4488235 75.7396 -0.3574064471 0.0 16.0
0.0 57.20988 0.072 2.0 13.0
0.0 61.97737 0.072 2.0 13.0
0.0 61.97737 0.073 0.0 14.0
-0.9965763 66.6098 0.525744373 0.0 14.0
0.0 61.97737 0.074 1.0 14.0
0.0 66.74486 0.074 1.0 14.0
0.0 66.74486 0.075 0.0 15.0
0.9900742 71.37729 -0.5378890675 0.0 15.0
0.9900742 71.37729 -0.5378890676 0.0 16.0
0.9900742 76.144775 -0.5378890676 0.0 16.0
0.9900742 71.37729 -0.5378890677 0.0 16.0
2.1168268 76.00972 -0.5378890677 0.0 16.0
0.0 66.74486 0.078 0.0 15.0
0.0 71.512344 0.078 0.0 15.0
0.0 71.512344 0.079 0.0 16.0
-1.0648398 76.144775 0.3683578779 0.0 16.0
0.0 71.512344 0.080 0.0 16.0
0.0 76.27983 0.080 0.0 16.0
