0.0 0.0 0.00 11.0 1.0
0.0 4.3932843 0.00 11.0 1.0
0.0 4.3932843 0.01 10.0 2.0
0.0 8.786569 0.01 10.0 2.0
0.0 8.786569 0.02 1.0 3.0
0.0 13.179853 0.02 1.0 3.0
0.0 13.179853 0.03 0.0 4.0
-2.5083187 16.483194 1.44817843 0.0 4.0
-2.5083187 16.483194 1.44817844 0.0 5.0
-6.280363 17.057522 3.62596944 0.0 5.0
0.0 8.786569 0.05 1.0 3.0
-3.164135 6.3469076 1.82681425 1.0 3.0
-3.164135 6.3469076 1.82681426 0.0 4.0
-6.9361796 6.921234 4.00460536 0.0 4.0
-6.9361796 6.921234 4.00460537 0.0 5.0
-9.444499 10.224575 5.4527847 0.0 5.0
0.0 8.786569 0.08 9.0 3.0
-4.355582 9.360895 0.08 9.0 3.0
-4.355582 9.360895 0.09 8.0 4.0
-8.711164 9.935222 0.09 8.0 4.0
-8.711164 9.935222 0.010 1.0 5.0
-12.48321 10.509548 2.17779110 1.0 5.0
-12.48321 10.509548 2.17779111 0.0 6.0
-15.647345 8.069887 4.004605311 0.0 6.0
-15.647345 8.069887 4.004605312 0.0 7.0
-16.633572 3.8267646 4.57400312 0.0 7.0
-8.711164 9.935222 0.013 1.0 5.0
-7.0301304 5.9940147 -0.9705453513 1.0 5.0
-7.0301304 5.9940147 -0.9705453514 0.0 6.0
-8.016356 1.7508922 -0.4011473714 0.0 6.0
-8.016356 1.7508922 -0.4011473715 0.0 7.0
-11.180491 -0.6887691 1.425666815 0.0 7.0
-8.711164 9.935222 0.016 7.0 5.0
-9.697391 5.692099 0.56939816 7.0 5.0
-9.697391 5.692099 0.56939817 6.0 6.0
-10.683617 1.4489765 1.13879617 6.0 6.0
-10.683617 1.4489765 1.13879618 1.0 7.0
-11.669843 -2.794146 1.70819418 1.0 7.0
-11.669843 -2.794146 1.70819419 0.0 8.0
-9.988809 -6.7353535 0.7376486719 0.0 8.0
-9.988809 -6.7353535 0.7376486720 0.0 9.0
-6.47462 -8.419074 -1.291269320 0.0 9.0
-10.683617 1.4489765 1.13879621 1.0 7.0
-7.079963 2.858181 -0.9417742521 1.0 7.0
-7.079963 2.858181 -0.9417742522 0.0 8.0
-3.5657742 1.1744604 -2.970692222 0.0 8.0
-3.5657742 1.1744604 -2.970692223 0.0 9.0
-1.8847404 -2.7667468 -3.941237423 0.0 9.0
-10.683617 1.4489765 1.13879624 5.0 7.0
-6.522476 2.858181 1.13879624 5.0 7.0
-6.522476 2.858181 1.13879625 4.0 8.0
-2.3613358 4.2673855 1.13879625 4.0 8.0
-2.3613358 4.2673855 1.13879626 1.0 9.0
1.2423177 5.67659 -0.9417742526 1.0 9.0
1.2423177 5.67659 -0.9417742527 0.0 10.0
3.1473536 9.479492 -2.041647427 0.0 10.0
3.1473536 9.479492 -2.041647428 0.0 11.0
2.4085207 13.789146 -1.61508228 0.0 11.0
-2.3613358 4.2673855 1.13879629 1.0 9.0
-5.3774395 6.945402 2.880144129 1.0 9.0
-5.3774395 6.945402 2.880144130 0.0 10.0
-6.1162724 11.255056 3.306709530 0.0 10.0
-6.1162724 11.255056 3.306709531 0.0 11.0
-4.2112365 15.057959 2.206836531 0.0 11.0
-2.3613358 4.2673855 1.13879632 3.0 9.0
-5.8440323 6.945402 1.13879632 3.0 9.0
-5.8440323 6.945402 1.13879633 2.0 10.0
-9.326729 9.623419 1.13879633 2.0 10.0
-9.326729 9.623419 1.13879634 1.0 11.0
-12.342833 12.301435 2.880144134 1.0 11.0
-12.342833 12.301435 2.880144135 0.0 12.0
-16.13966 12.019021 5.072242735 0.0 12.0
-16.13966 12.019021 5.072242736 0.0 13.0
-18.833277 8.916305 6.627403336 0.0 13.0
-9.326729 9.623419 1.13879637 1.0 11.0
-9.5806 5.2399254 1.285368437 1.0 11.0
-9.5806 5.2399254 1.285368438 0.0 12.0
-12.274217 2.1372087 2.840528738 0.0 12.0
-12.274217 2.1372087 2.840528739 0.0 13.0
-16.071043 1.8547921 5.032627639 0.0 13.0
-8.711164 9.935222 0.040 7.0 5.0
-5.107511 11.344426 -2.080570240 7.0 5.0
-5.107511 11.344426 -2.080570241 6.0 6.0
-1.5038576 12.753631 -4.161140441 6.0 6.0
-1.5038576 12.753631 -4.161140442 1.0 7.0
2.0997958 14.162835 -6.241710742 1.0 7.0
2.0997958 14.162835 -6.241710743 0.0 8.0
4.004832 17.965736 -7.341583743 0.0 8.0
4.004832 17.965736 -7.341583744 0.0 9.0
3.2659988 22.27539 -6.915018644 0.0 9.0
-1.5038576 12.753631 -4.161140445 1.0 7.0
-4.5199614 15.431647 -2.419792245 1.0 7.0
-4.5199614 15.431647 -2.419792246 0.0 8.0
-5.2587943 19.7413 -1.993226846 0.0 8.0
-5.2587943 19.7413 -1.993226847 0.0 9.0
-3.3537583 23.544203 -3.093099847 0.0 9.0
-1.5038576 12.753631 -4.161140448 5.0 7.0
0.6958885 16.556532 -4.161140448 5.0 7.0
0.6958885 16.556532 -4.161140449 4.0 8.0
2.8956347 20.359434 -4.161140449 4.0 8.0
2.8956347 20.359434 -4.161140450 1.0 9.0
4.8006706 24.162336 -5.261013550 1.0 9.0
4.8006706 24.162336 -5.261013551 0.0 10.0
4.0618377 28.47199 -4.834448351 0.0 10.0
4.0618377 28.47199 -4.834448352 0.0 11.0
1.0457339 31.150007 -3.093152 0.0 11.0
2.8956347 20.359434 -4.161140453 1.0 9.0
-0.90119195 20.077019 -1.969041653 1.0 9.0
-0.90119195 20.077019 -1.969041654 0.0 10.0
-3.9172957 22.755035 -0.2276933254 0.0 10.0
-3.9172957 22.755035 -0.2276933255 0.0 11.0
-4.6561284 27.06469 0.1988720655 0.0 11.0
2.8956347 20.359434 -4.161140456 3.0 9.0
2.0425038 24.669088 -4.161140456 3.0 9.0
2.0425038 24.669088 -4.161140457 2.0 10.0
1.189373 28.978743 -4.161140457 2.0 10.0
1.189373 28.978743 -4.161140458 1.0 11.0
0.45054013 33.288395 -3.73457558 1.0 11.0
0.45054013 33.288395 -3.73457559 0.0 12.0
-2.5655637 35.96641 -1.993226859 0.0 12.0
-2.5655637 35.96641 -1.993226860 0.0 13.0
-6.3623905 35.684 0.1988720960 0.0 13.0
1.189373 28.978743 -4.161140461 1.0 11.0
-1.5042436 25.876026 -2.605980261 1.0 11.0
-1.5042436 25.876026 -2.605980262 0.0 12.0
-5.30107 25.593609 -0.413881362 0.0 12.0
-5.30107 25.593609 -0.413881363 0.0 13.0
-8.317175 28.271624 1.327467763 0.0 13.0
