0.0 0.0 0.00 28.0 1.0
0.0 1.4756207 0.00 28.0 1.0
0.0 1.4756207 0.01 27.0 2.0
0.0 2.9512415 0.01 27.0 2.0
0.0 2.9512415 0.02 26.0 3.0
0.0 4.4268622 0.02 26.0 3.0
0.0 4.4268622 0.03 25.0 4.0
0.0 5.902483 0.03 25.0 4.0
0.0 5.902483 0.04 24.0 5.0
0.0 7.3781037 0.04 24.0 5.0
0.0 7.3781037 0.05 23.0 6.0
0.0 8.8537245 0.05 23.0 6.0
0.0 8.8537245 0.06 22.0 7.0
0.0 10.329346 0.06 22.0 7.0
0.0 10.329346 0.07 21.0 8.0
0.0 11.804966 0.07 21.0 8.0
0.0 11.804966 0.08 12.0 9.0
-0.61452454 13.098773 0.35479598 12.0 9.0
-0.61452454 13.098773 0.35479599 11.0 10.0
-1.2290491 14.39258 0.70959189 11.0 10.0
-1.2290491 14.39258 0.709591810 10.0 11.0
-1.8435736 15.686387 1.064387710 10.0 11.0
-1.8435736 15.686387 1.064387711 9.0 12.0
-2.4580982 16.980194 1.419183611 9.0 12.0
-2.4580982 16.980194 1.419183612 4.0 13.0
-3.535714 17.773363 2.041345412 4.0 13.0
-3.535714 17.773363 2.041345413 3.0 14.0
-4.61333 18.566532 2.66350713 3.0 14.0
-4.61333 18.566532 2.66350714 0.0 15.0
-5.888487 18.663607 3.399719214 0.0 15.0
-5.888487 18.663607 3.399719215 0.0 16.0
-7.3609114 18.760681 3.399719215 0.0 16.0
-4.61333 18.566532 2.66350716 0.0 15.0
-5.2278543 19.860338 3.01830316 0.0 15.0
-5.2278543 19.860338 3.01830317 0.0 16.0
-5.937446 21.154144 3.01830317 0.0 16.0
-4.61333 18.566532 2.66350718 2.0 15.0
-5.8576536 19.359701 2.66350718 2.0 15.0
-5.8576536 19.359701 2.66350719 1.0 16.0
-7.1019773 20.15287 2.66350719 1.0 16.0
-7.1019773 20.15287 2.66350720 0.0 17.0
-8.346301 20.94604 2.66350720 0.0 17.0
-8.346301 20.94604 2.66350721 0.0 18.0
-9.590625 21.739208 2.66350721 0.0 18.0
-2.4580982 16.980194 1.419183622 4.0 13.0
-2.4580982 18.455814 1.419183622 4.0 13.0
-2.4580982 18.455814 1.419183623 3.0 14.0
-2.4580982 19.931435 1.419183623 3.0 14.0
-2.4580982 19.931435 1.419183624 0.0 15.0
-3.0726228 21.22524 1.773979524 0.0 15.0
-3.0726228 21.22524 1.773979525 0.0 16.0
-3.7822146 22.519047 1.773979525 0.0 16.0
-2.4580982 19.931435 1.419183626 0.0 15.0
-1.8435736 21.22524 1.064387726 0.0 15.0
-1.8435736 21.22524 1.064387727 0.0 16.0
-1.1339817 22.519047 1.064387727 0.0 16.0
-2.4580982 19.931435 1.419183628 2.0 15.0
-2.4580982 21.407055 1.419183628 2.0 15.0
-2.4580982 21.407055 1.419183629 1.0 16.0
-2.4580982 22.882675 1.419183629 1.0 16.0
-2.4580982 22.882675 1.419183630 0.0 17.0
-2.4580982 24.358295 1.419183630 0.0 17.0
-2.4580982 24.358295 1.419183631 0.0 18.0
-2.4580982 25.833916 1.419183631 0.0 18.0
-2.4580982 16.980194 1.419183632 8.0 13.0
-3.16769 18.274 1.419183632 8.0 13.0
-3.16769 18.274 1.419183633 7.0 14.0
-3.877282 19.567806 1.419183633 7.0 14.0
-3.877282 19.567806 1.419183634 6.0 15.0
-4.5868735 20.861612 1.419183634 6.0 15.0
-4.5868735 20.861612 1.419183635 5.0 16.0
-5.2964654 22.155418 1.419183635 5.0 16.0
-5.2964654 22.155418 1.419183636 4.0 17.0
-6.0060573 23.449224 1.419183636 4.0 17.0
-6.0060573 23.449224 1.419183637 3.0 18.0
-6.715649 24.74303 1.419183637 3.0 18.0
-6.715649 24.74303 1.419183638 0.0 19.0
-7.793265 25.5362 2.041345438 0.0 19.0
-7.793265 25.5362 2.041345439 0.0 20.0
-9.037588 26.329369 2.041345439 0.0 20.0
-6.715649 24.74303 1.419183640 0.0 19.0
-6.715649 26.21865 1.419183640 0.0 19.0
-6.715649 26.21865 1.419183641 0.0 20.0
-6.715649 27.694271 1.419183641 0.0 20.0
-6.715649 24.74303 1.419183642 2.0 19.0
-7.425241 26.036837 1.419183642 2.0 19.0
-7.425241 26.036837 1.419183643 1.0 20.0
-8.134832 27.330643 1.419183643 1.0 20.0
-8.134832 27.330643 1.419183644 0.0 21.0
-8.844424 28.624449 1.419183644 0.0 21.0
-8.844424 28.624449 1.419183645 0.0 22.0
-9.554016 29.918255 1.419183645 0.0 22.0
0.0 11.804966 0.046 12.0 9.0
0.61452454 13.098773 -0.354795946 12.0 9.0
0.61452454 13.098773 -0.354795947 11.0 10.0
1.2290491 14.39258 -0.709591847 11.0 10.0
1.2290491 14.39258 -0.709591848 10.0 11.0
1.8435736 15.686387 -1.064387748 10.0 11.0
1.8435736 15.686387 -1.064387749 9.0 12.0
2.4580982 16.980194 -1.419183649 9.0 12.0
2.4580982 16.980194 -1.419183650 4.0 13.0
2.4580982 18.455814 -1.419183650 4.0 13.0
2.4580982 18.455814 -1.419183651 3.0 14.0
2.4580982 19.931435 -1.419183651 3.0 14.0
2.4580982 19.931435 -1.419183652 0.0 15.0
1.8435736 21.22524 -1.064387752 0.0 15.0
1.8435736 21.22524 -1.064387753 0.0 16.0
1.1339817 22.519047 -1.064387753 0.0 16.0
2.4580982 19.931435 -1.419183654 0.0 15.0
3.0726228 21.22524 -1.773979554 0.0 15.0
3.0726228 21.22524 -1.773979555 0.0 16.0
3.7822146 22.519047 -1.773979555 0.0 16.0
2.4580982 19.931435 -1.419183656 2.0 15.0
2.4580982 21.407055 -1.419183656 2.0 15.0
2.4580982 21.407055 -1.419183657 1.0 16.0
2.4580982 22.882675 -1.419183657 1.0 16.0
2.4580982 22.882675 -1.419183658 0.0 17.0
2.4580982 24.358295 -1.419183658 0.0 17.0
2.4580982 24.358295 -1.419183659 0.0 18.0
2.4580982 25.833916 -1.419183659 0.0 18.0
2.4580982 16.980194 -1.419183660 4.0 13.0
3.535714 17.773363 -2.041345460 4.0 13.0
3.535714 17.773363 -2.041345461 3.0 14.0
4.61333 18.566532 -2.66350761 3.0 14.0
4.61333 18.566532 -2.66350762 0.0 15.0
5.2278543 19.860338 -3.01830362 0.0 15.0
5.2278543 19.860338 -3.01830363 0.0 16.0
5.937446 21.154144 -3.01830363 0.0 16.0
4.61333 18.566532 -2.66350764 0.0 15.0
5.888487 18.663607 -3.399719264 0.0 15.0
5.888487 18.663607 -3.399719265 0.0 16.0
7.3609114 18.760681 -3.399719265 0.0 16.0
4.61333 18.566532 -2.66350766 2.0 15.0
5.8576536 19.359701 -2.66350766 2.0 15.0
5.8576536 19.359701 -2.66350767 1.0 16.0
7.1019773 20.15287 -2.66350767 1.0 16.0
7.1019773 20.15287 -2.66350768 0.0 17.0
8.346301 20.94604 -2.66350768 0.0 17.0
8.346301 20.94604 -2.66350769 0.0 18.0
9.590625 21.739208 -2.66350769 0.0 18.0
2.4580982 16.980194 -1.419183670 8.0 13.0
3.16769 18.274 -1.419183670 8.0 13.0
3.16769 18.274 -1.419183671 7.0 14.0
3.877282 19.567806 -1.419183671 7.0 14.0
3.877282 19.567806 -1.419183672 6.0 15.0
4.5868735 20.861612 -1.419183672 6.0 15.0
4.5868735 20.861612 -1.419183673 5.0 16.0
5.2964654 22.155418 -1.419183673 5.0 16.0
5.2964654 22.155418 -1.419183674 4.0 17.0
6.0060573 23.449224 -1.419183674 4.0 17.0
6.0060573 23.449224 -1.419183675 3.0 18.0
6.715649 24.74303 -1.419183675 3.0 18.0
6.715649 24.74303 -1.419183676 0.0 19.0
6.715649 26.21865 -1.419183676 0.0 19.0
6.715649 26.21865 -1.419183677 0.0 20.0
6.715649 27.694271 -1.419183677 0.0 20.0
6.715649 24.74303 -1.419183678 0.0 19.0
7.793265 25.5362 -2.041345478 0.0 19.0
7.793265 25.5362 -2.041345479 0.0 20.0
9.037588 26.329369 -2.041345479 0.0 20.0
6.715649 24.74303 -1.419183680 2.0 19.0
7.425241 26.036837 -1.419183680 2.0 19.0
7.425241 26.036837 -1.419183681 1.0 20.0
8.134832 27.330643 -1.419183681 1.0 20.0
8.134832 27.330643 -1.419183682 0.0 21.0
8.844424 28.624449 -1.419183682 0.0 21.0
8.844424 28.624449 -1.419183683 0.0 22.0
9.554016 29.918255 -1.419183683 0.0 22.0
0.0 11.804966 0.084 20.0 9.0
0.0 13.280586 0.084 20.0 9.0
0.0 13.280586 0.085 19.0 10.0
0.0 14.7562065 0.085 19.0 10.0
0.0 14.7562065 0.086 18.0 11.0
0.0 16.231827 0.086 18.0 11.0
0.0 16.231827 0.087 17.0 12.0
0.0 17.707447 0.087 17.0 12.0
0.0 17.707447 0.088 16.0 13.0
0.0 19.183067 0.088 16.0 13.0
0.0 19.183067 0.089 15.0 14.0
0.0 20.658688 0.089 15.0 14.0
0.0 20.658688 0.090 14.0 15.0
0.0 22.134308 0.090 14.0 15.0
0.0 22.134308 0.091 13.0 16.0
0.0 23.609928 0.091 13.0 16.0
0.0 23.609928 0.092 12.0 17.0
0.0 25.085548 0.092 12.0 17.0
0.0 25.085548 0.093 11.0 18.0
0.0 26.561169 0.093 11.0 18.0
0.0 26.561169 0.094 10.0 19.0
0.0 28.036789 0.094 10.0 19.0
0.0 28.036789 0.095 9.0 20.0
0.0 29.51241 0.095 9.0 20.0
0.0 29.51241 0.096 4.0 21.0
-0.61452454 30.806215 0.354795996 4.0 21.0
-0.61452454 30.806215 0.354795997 3.0 22.0
-1.2290491 32.10002 0.709591897 3.0 22.0
-1.2290491 32.10002 0.709591898 0.0 23.0
-2.306665 32.89319 1.331753598 0.0 23.0
-2.306665 32.89319 1.331753599 0.0 24.0
-3.5509884 33.686356 1.331753599 0.0 24.0
-1.2290491 32.10002 0.7095918100 0.0 23.0
-1.2290491 33.57564 0.7095918100 0.0 23.0
-1.2290491 33.57564 0.7095918101 0.0 24.0
-1.2290491 35.05126 0.7095918101 0.0 24.0
-1.2290491 32.10002 0.7095918102 2.0 23.0
-1.9386408 33.39383 0.7095918102 2.0 23.0
-1.9386408 33.39383 0.7095918103 1.0 24.0
-2.6482327 34.687637 0.7095918103 1.0 24.0
-2.6482327 34.687637 0.7095918104 0.0 25.0
-3.3578246 35.981445 0.7095918104 0.0 25.0
-3.3578246 35.981445 0.7095918105 0.0 26.0
-4.067416 37.275253 0.7095918105 0.0 26.0
0.0 29.51241 0.0106 4.0 21.0
0.61452454 30.806215 -0.3547959106 4.0 21.0
0.61452454 30.806215 -0.3547959107 3.0 22.0
1.2290491 32.10002 -0.7095918107 3.0 22.0
1.2290491 32.10002 -0.7095918108 0.0 23.0
1.2290491 33.57564 -0.7095918108 0.0 23.0
1.2290491 33.57564 -0.7095918109 0.0 24.0
1.2290491 35.05126 -0.7095918109 0.0 24.0
1.2290491 32.10002 -0.7095918110 0.0 23.0
2.306665 32.89319 -1.3317535110 0.0 23.0
2.306665 32.89319 -1.3317535111 0.0 24.0
3.5509884 33.686356 -1.3317535111 0.0 24.0
1.2290491 32.10002 -0.7095918112 2.0 23.0
1.9386408 33.39383 -0.7095918112 2.0 23.0
1.9386408 33.39383 -0.7095918113 1.0 24.0
2.6482327 34.687637 -0.7095918113 1.0 24.0
2.6482327 34.687637 -0.7095918114 0.0 25.0
3.3578246 35.981445 -0.7095918114 0.0 25.0
3.3578246 35.981445 -0.7095918115 0.0 26.0
4.067416 37.275253 -0.7095918115 0.0 26.0
0.0 29.51241 0.0116 8.0 21.0
0.0 30.98803 0.0116 8.0 21.0
0.0 30.98803 0.0117 7.0 22.0
0.0 32.46365 0.0117 7.0 22.0
0.0 32.46365 0.0118 6.0 23.0
0.0 33.93927 0.0118 6.0 23.0
0.0 33.93927 0.0119 5.0 24.0
0.0 35.41489 0.0119 5.0 24.0
0.0 35.41489 0.0120 4.0 25.0
0.0 36.89051 0.0120 4.0 25.0
0.0 36.89051 0.0121 3.0 26.0
0.0 38.36613 0.0121 3.0 26.0
0.0 38.36613 0.0122 0.0 27.0
-0.61452454 39.65994 0.3547959122 0.0 27.0
-0.61452454 39.65994 0.3547959123 0.0 28.0
-1.3241163 40.953747 0.3547959123 0.0 28.0
0.0 38.36613 0.0124 0.0 27.0
0.61452454 39.65994 -0.3547959124 0.0 27.0
0.61452454 39.65994 -0.3547959125 0.0 28.0
1.3241163 40.953747 -0.3547959125 0.0 28.0
0.0 38.36613 0.0126 2.0 27.0
0.0 39.84175 0.0126 2.0 27.0
0.0 39.84175 0.0127 1.0 28.0
0.0 41.31737 0.0127 1.0 28.0
0.0 41.31737 0.0128 0.0 29.0
0.0 42.79299 0.0128 0.0 29.0
0.0 42.79299 0.0129 0.0 30.0
0.0 44.268612 0.0129 0.0 30.0
