0.0 0.0 0.00 11.0 1.0
0.0 3.399629 0.00 11.0 1.0
0.0 3.399629 0.01 10.0 2.0
0.0 6.799258 0.01 10.0 2.0
0.0 6.799258 0.02 1.0 3.0
0.0 10.198887 0.02 1.0 3.0
0.0 10.198887 0.03 0.0 4.0
-1.7119497 12.964711 0.98839463 0.0 4.0
-1.7119497 12.964711 0.98839464 0.0 5.0
-4.4975195 14.065445 2.5966444 0.0 5.0
0.0 6.799258 0.05 1.0 3.0
-2.8205416 5.824474 1.62844055 1.0 3.0
-2.8205416 5.824474 1.62844056 0.0 4.0
-5.6061115 6.925207 3.23668986 0.0 4.0
-5.6061115 6.925207 3.23668987 0.0 5.0
-7.3180614 9.691031 4.22508437 0.0 5.0
0.0 6.799258 0.08 9.0 3.0
-3.2164986 7.899992 0.08 9.0 3.0
-3.2164986 7.899992 0.09 8.0 4.0
-6.432997 9.000726 0.09 8.0 4.0
-6.432997 9.000726 0.010 1.0 5.0
-9.218567 10.1014595 1.608249310 1.0 5.0
-9.218567 10.1014595 1.608249311 0.0 6.0
-12.039108 9.126676 3.236689811 0.0 6.0
-12.039108 9.126676 3.236689812 0.0 7.0
-13.842935 6.4398384 4.278129612 0.0 7.0
-6.432997 9.000726 0.013 1.0 5.0
-6.54752 5.603669 0.0661199713 1.0 5.0
-6.54752 5.603669 0.0661199714 0.0 6.0
-8.351346 2.916832 1.107559414 0.0 6.0
-8.351346 2.916832 1.107559415 0.0 7.0
-11.171887 1.9420476 2.73615 0.0 7.0
-6.432997 9.000726 0.016 7.0 5.0
-8.236823 6.3138885 1.041439516 7.0 5.0
-8.236823 6.3138885 1.041439517 6.0 6.0
-10.040649 3.6270514 2.08287917 6.0 6.0
-10.040649 3.6270514 2.08287918 1.0 7.0
-11.844476 0.94021416 3.124318618 1.0 7.0
-11.844476 0.94021416 3.124318619 0.0 8.0
-11.958999 -2.4568422 3.190438519 0.0 8.0
-11.958999 -2.4568422 3.190438520 0.0 9.0
-10.341517 -5.297467 2.256585120 0.0 9.0
-10.040649 3.6270514 2.08287921 1.0 7.0
-7.2942686 2.4020338 0.4972553321 1.0 7.0
-7.2942686 2.4020338 0.4972553322 0.0 8.0
-5.676787 -0.438591 -0.4365981222 0.0 8.0
-5.676787 -0.438591 -0.4365981223 0.0 9.0
-5.79131 -3.8356473 -0.3704781523 0.0 9.0
-10.040649 3.6270514 2.08287924 5.0 7.0
-6.869402 2.4020338 2.08287924 5.0 7.0
-6.869402 2.4020338 2.08287925 4.0 8.0
-3.6981544 1.1770161 2.08287925 4.0 8.0
-3.6981544 1.1770161 2.08287926 1.0 9.0
-0.9517739 -0.048001528 0.4972553326 1.0 9.0
-0.9517739 -0.048001528 0.4972553327 0.0 10.0
1.8994708 0.7993567 -1.148911627 0.0 10.0
1.8994708 0.7993567 -1.148911628 0.0 11.0
3.7924442 3.4031389 -2.241820328 0.0 11.0
-3.6981544 1.1770161 2.08287929 1.0 9.0
-3.4692802 4.566357 1.950738429 1.0 9.0
-3.4692802 4.566357 1.950738430 0.0 10.0
-1.5763069 7.1701393 0.857829830 0.0 10.0
-1.5763069 7.1701393 0.857829831 0.0 11.0
1.2749377 8.017498 -0.788337131 0.0 11.0
-3.6981544 1.1770161 2.08287932 3.0 9.0
-3.4338732 4.566357 2.08287932 3.0 9.0
-3.4338732 4.566357 2.08287933 2.0 10.0
-3.169592 7.955698 2.08287933 2.0 10.0
-3.169592 7.955698 2.08287934 1.0 11.0
-2.9407177 11.345039 1.950738434 1.0 11.0
-2.9407177 11.345039 1.950738435 0.0 12.0
-4.4612823 14.2561655 2.828636635 0.0 12.0
-4.4612823 14.2561655 2.828636636 0.0 13.0
-7.1643167 15.603614 4.389234536 0.0 13.0
-3.169592 7.955698 2.08287937 1.0 11.0
-6.0472236 7.2370477 3.744280637 1.0 11.0
-6.0472236 7.2370477 3.744280638 0.0 12.0
-8.750258 8.584495 5.304878738 0.0 12.0
-8.750258 8.584495 5.304878739 0.0 13.0
-10.270824 11.49562 6.182777439 0.0 13.0
-6.432997 9.000726 0.040 7.0 5.0
-3.6866167 7.775708 -1.585623740 7.0 5.0
-3.6866167 7.775708 -1.585623741 6.0 6.0
-0.9402361 6.5506907 -3.171247541 6.0 6.0
-0.9402361 6.5506907 -3.171247542 1.0 7.0
1.8061445 5.325673 -4.75687142 1.0 7.0
1.8061445 5.325673 -4.75687143 0.0 8.0
4.657389 6.1730313 -6.40303843 0.0 8.0
4.657389 6.1730313 -6.40303844 0.0 9.0
6.5503626 8.7768135 -7.49594744 0.0 9.0
-0.9402361 6.5506907 -3.171247545 1.0 7.0
-0.71136177 9.940032 -3.30338845 1.0 7.0
-0.71136177 9.940032 -3.30338846 0.0 8.0
1.1816115 12.543814 -4.396296546 0.0 8.0
1.1816115 12.543814 -4.396296547 0.0 9.0
4.032856 13.391172 -6.042463347 0.0 9.0
-0.9402361 6.5506907 -3.171247548 5.0 7.0
2.3520977 7.398049 -3.171247548 5.0 7.0
2.3520977 7.398049 -3.171247549 4.0 8.0
5.6444316 8.245407 -3.171247549 4.0 8.0
5.6444316 8.245407 -3.171247550 1.0 9.0
8.495676 9.092766 -4.817414350 1.0 9.0
8.495676 9.092766 -4.817414351 0.0 10.0
10.388649 11.696548 -5.91032351 0.0 10.0
10.388649 11.696548 -5.91032352 0.0 11.0
10.617523 15.08589 -6.04246452 0.0 11.0
5.6444316 8.245407 -3.171247553 1.0 9.0
4.123867 11.156533 -2.293349353 1.0 9.0
4.123867 11.156533 -2.293349354 0.0 10.0
4.3527412 14.545875 -2.4254954 0.0 10.0
4.3527412 14.545875 -2.4254955 0.0 11.0
6.2457147 17.149656 -3.518398555 0.0 11.0
5.6444316 8.245407 -3.171247556 3.0 9.0
7.830249 10.84919 -3.171247556 3.0 9.0
7.830249 10.84919 -3.171247557 2.0 10.0
10.016066 13.452972 -3.171247557 2.0 10.0
10.016066 13.452972 -3.171247558 1.0 11.0
11.909039 16.056755 -4.264156358 1.0 11.0
11.909039 16.056755 -4.264156359 0.0 12.0
12.137913 19.446096 -4.39629759 0.0 12.0
12.137913 19.446096 -4.39629760 0.0 13.0
10.617349 22.357224 -3.518398860 0.0 13.0
10.016066 13.452972 -3.171247561 1.0 11.0
7.313031 14.800421 -1.610649761 1.0 11.0
7.313031 14.800421 -1.610649762 0.0 12.0
5.7924666 17.711548 -0.732751462 0.0 12.0
5.7924666 17.711548 -0.732751463 0.0 13.0
6.021341 21.10089 -0.8648920763 0.0 13.0
