0.0 0.0 0.00 28.0 1.0
0.0 2.8199823 0.00 28.0 1.0
0.0 2.8199823 0.01 27.0 2.0
0.0 5.6399646 0.01 27.0 2.0
0.0 5.6399646 0.02 26.0 3.0
0.0 8.459947 0.02 26.0 3.0
0.0 8.459947 0.03 25.0 4.0
0.0 11.279929 0.03 25.0 4.0
0.0 11.279929 0.04 24.0 5.0
0.0 14.099912 0.04 24.0 5.0
0.0 14.099912 0.05 23.0 6.0
0.0 16.919893 0.05 23.0 6.0
0.0 16.919893 0.06 22.0 7.0
0.0 19.739876 0.06 22.0 7.0
0.0 19.739876 0.07 21.0 8.0
0.0 22.559858 0.07 21.0 8.0
0.0 22.559858 0.08 12.0 9.0
-1.251117 24.981684 0.72233288 12.0 9.0
-1.251117 24.981684 0.72233289 11.0 10.0
-2.502234 27.40351 1.44466569 11.0 10.0
-2.502234 27.40351 1.444665610 10.0 11.0
-3.753351 29.825335 2.166998410 10.0 11.0
-3.753351 29.825335 2.166998411 9.0 12.0
-5.004468 32.24716 2.88933111 9.0 12.0
-5.004468 32.24716 2.88933112 4.0 13.0
-7.153409 33.586952 4.13002312 4.0 13.0
-7.153409 33.586952 4.13002313 3.0 14.0
-9.30235 34.926743 5.370714713 3.0 14.0
-9.30235 34.926743 5.370714714 0.0 15.0
-11.742292 34.806164 6.77941614 0.0 15.0
-11.742292 34.806164 6.77941615 0.0 16.0
-14.559696 34.685585 6.77941615 0.0 16.0
-9.30235 34.926743 5.370714716 0.0 15.0
-10.553467 37.348568 6.093047616 0.0 15.0
-10.553467 37.348568 6.093047617 0.0 16.0
-11.998133 39.770393 6.093047617 0.0 16.0
-9.30235 34.926743 5.370714718 2.0 15.0
-11.783733 36.266533 5.370714718 2.0 15.0
-11.783733 36.266533 5.370714719 1.0 16.0
-14.265117 37.606323 5.370714719 1.0 16.0
-14.265117 37.606323 5.370714720 0.0 17.0
-16.7465 38.946114 5.370714720 0.0 17.0
-16.7465 38.946114 5.370714721 0.0 18.0
-19.227884 40.285904 5.370714721 0.0 18.0
-5.004468 32.24716 2.88933122 4.0 13.0
-5.004468 35.067142 2.88933122 4.0 13.0
-5.004468 35.067142 2.88933123 3.0 14.0
-5.004468 37.887123 2.88933123 3.0 14.0
-5.004468 37.887123 2.88933124 0.0 15.0
-6.2555847 40.30895 3.611663824 0.0 15.0
-6.2555847 40.30895 3.611663825 0.0 16.0
-7.70025 42.730774 3.611663825 0.0 16.0
-5.004468 37.887123 2.88933126 0.0 15.0
-3.753351 40.30895 2.166998426 0.0 15.0
-3.753351 40.30895 2.166998427 0.0 16.0
-2.3086853 42.730774 2.166998427 0.0 16.0
-5.004468 37.887123 2.88933128 2.0 15.0
-5.004468 40.707104 2.88933128 2.0 15.0
-5.004468 40.707104 2.88933129 1.0 16.0
-5.004468 43.527084 2.88933129 1.0 16.0
-5.004468 43.527084 2.88933130 0.0 17.0
-5.004468 46.347065 2.88933130 0.0 17.0
-5.004468 46.347065 2.88933131 0.0 18.0
-5.004468 49.167046 2.88933131 0.0 18.0
-5.004468 32.24716 2.88933132 8.0 13.0
-6.4491334 34.668987 2.88933132 8.0 13.0
-6.4491334 34.668987 2.88933133 7.0 14.0
-7.893799 37.090813 2.88933133 7.0 14.0
-7.893799 37.090813 2.88933134 6.0 15.0
-9.338465 39.512638 2.88933134 6.0 15.0
-9.338465 39.512638 2.88933135 5.0 16.0
-10.783131 41.934464 2.88933135 5.0 16.0
-10.783131 41.934464 2.88933136 4.0 17.0
-12.227797 44.35629 2.88933136 4.0 17.0
-12.227797 44.35629 2.88933137 3.0 18.0
-13.672462 46.778114 2.88933137 3.0 18.0
-13.672462 46.778114 2.88933138 0.0 19.0
-15.8214035 48.117905 4.13002338 0.0 19.0
-15.8214035 48.117905 4.13002339 0.0 20.0
-18.302788 49.457695 4.13002339 0.0 20.0
-13.672462 46.778114 2.88933140 0.0 19.0
-13.672462 49.598095 2.88933140 0.0 19.0
-13.672462 49.598095 2.88933141 0.0 20.0
-13.672462 52.418076 2.88933141 0.0 20.0
-13.672462 46.778114 2.88933142 2.0 19.0
-15.117128 49.19994 2.88933142 2.0 19.0
-15.117128 49.19994 2.88933143 1.0 20.0
-16.561794 51.621765 2.88933143 1.0 20.0
-16.561794 51.621765 2.88933144 0.0 21.0
-18.00646 54.04359 2.88933144 0.0 21.0
-18.00646 54.04359 2.88933145 0.0 22.0
-19.451126 56.465416 2.88933145 0.0 22.0
0.0 22.559858 0.046 12.0 9.0
1.251117 24.981684 -0.722332846 12.0 9.0
1.251117 24.981684 -0.722332847 11.0 10.0
2.502234 27.40351 -1.444665647 11.0 10.0
2.502234 27.40351 -1.444665648 10.0 11.0
3.753351 29.825335 -2.166998448 10.0 11.0
3.753351 29.825335 -2.166998449 9.0 12.0
5.004468 32.24716 -2.88933149 9.0 12.0
5.004468 32.24716 -2.88933150 4.0 13.0
5.004468 35.067142 -2.88933150 4.0 13.0
5.004468 35.067142 -2.88933151 3.0 14.0
5.004468 37.887123 -2.88933151 3.0 14.0
5.004468 37.887123 -2.88933152 0.0 15.0
3.753351 40.30895 -2.166998452 0.0 15.0
3.753351 40.30895 -2.166998453 0.0 16.0
2.3086853 42.730774 -2.166998453 0.0 16.0
5.004468 37.887123 -2.88933154 0.0 15.0
6.2555847 40.30895 -3.611663854 0.0 15.0
6.2555847 40.30895 -3.611663855 0.0 16.0
7.70025 42.730774 -3.611663855 0.0 16.0
5.004468 37.887123 -2.88933156 2.0 15.0
5.004468 40.707104 -2.88933156 2.0 15.0
5.004468 40.707104 -2.88933157 1.0 16.0
5.004468 43.527084 -2.88933157 1.0 16.0
5.004468 43.527084 -2.88933158 0.0 17.0
5.004468 46.347065 -2.88933158 0.0 17.0
5.004468 46.347065 -2.88933159 0.0 18.0
5.004468 49.167046 -2.88933159 0.0 18.0
5.004468 32.24716 -2.88933160 4.0 13.0
7.153409 33.586952 -4.13002360 4.0 13.0
7.153409 33.586952 -4.13002361 3.0 14.0
9.30235 34.926743 -5.370714761 3.0 14.0
9.30235 34.926743 -5.370714762 0.0 15.0
10.553467 37.348568 -6.093047662 0.0 15.0
10.553467 37.348568 -6.093047663 0.0 16.0
11.998133 39.770393 -6.093047663 0.0 16.0
9.30235 34.926743 -5.370714764 0.0 15.0
11.742292 34.806164 -6.77941664 0.0 15.0
11.742292 34.806164 -6.77941665 0.0 16.0
14.559696 34.685585 -6.77941665 0.0 16.0
9.30235 34.926743 -5.370714766 2.0 15.0
11.783733 36.266533 -5.370714766 2.0 15.0
11.783733 36.266533 -5.370714767 1.0 16.0
14.265117 37.606323 -5.370714767 1.0 16.0
14.265117 37.606323 -5.370714768 0.0 17.0
16.7465 38.946114 -5.370714768 0.0 17.0
16.7465 38.946114 -5.370714769 0.0 18.0
19.227884 40.285904 -5.370714769 0.0 18.0
5.004468 32.24716 -2.88933170 8.0 13.0
6.4491334 34.668987 -2.88933170 8.0 13.0
6.4491334 34.668987 -2.88933171 7.0 14.0
7.893799 37.090813 -2.88933171 7.0 14.0
7.893799 37.090813 -2.88933172 6.0 15.0
9.338465 39.512638 -2.88933172 6.0 15.0
9.338465 39.512638 -2.88933173 5.0 16.0
10.783131 41.934464 -2.88933173 5.0 16.0
10.783131 41.934464 -2.88933174 4.0 17.0
12.227797 44.35629 -2.88933174 4.0 17.0
12.227797 44.35629 -2.88933175 3.0 18.0
13.672462 46.778114 -2.88933175 3.0 18.0
13.672462 46.778114 -2.88933176 0.0 19.0
13.672462 49.598095 -2.88933176 0.0 19.0
13.672462 49.598095 -2.88933177 0.0 20.0
13.672462 52.418076 -2.88933177 0.0 20.0
13.672462 46.778114 -2.88933178 0.0 19.0
15.8214035 48.117905 -4.13002378 0.0 19.0
15.8214035 48.117905 -4.13002379 0.0 20.0
18.302788 49.457695 -4.13002379 0.0 20.0
13.672462 46.778114 -2.88933180 2.0 19.0
15.117128 49.19994 -2.88933180 2.0 19.0
15.117128 49.19994 -2.88933181 1.0 20.0
16.561794 51.621765 -2.88933181 1.0 20.0
16.561794 51.621765 -2.88933182 0.0 21.0
18.00646 54.04359 -2.88933182 0.0 21.0
18.00646 54.04359 -2.88933183 0.0 22.0
19.451126 56.465416 -2.88933183 0.0 22.0
0.0 22.559858 0.084 20.0 9.0
0.0 25.37984 0.084 20.0 9.0
0.0 25.37984 0.085 19.0 10.0
0.0 28.199823 0.085 19.0 10.0
0.0 28.199823 0.086 18.0 11.0
0.0 31.019806 0.086 18.0 11.0
0.0 31.019806 0.087 17.0 12.0
0.0 33.839787 0.087 17.0 12.0
0.0 33.839787 0.088 16.0 13.0
0.0 36.659767 0.088 16.0 13.0
0.0 36.659767 0.089 15.0 14.0
0.0 39.479748 0.089 15.0 14.0
0.0 39.479748 0.090 14.0 15.0
0.0 42.29973 0.090 14.0 15.0
0.0 42.29973 0.091 13.0 16.0
0.0 45.11971 0.091 13.0 16.0
0.0 45.11971 0.092 12.0 17.0
0.0 47.93969 0.092 12.0 17.0
0.0 47.93969 0.093 11.0 18.0
0.0 50.75967 0.093 11.0 18.0
0.0 50.75967 0.094 10.0 19.0
0.0 53.57965 0.094 10.0 19.0
0.0 53.57965 0.095 9.0 20.0
0.0 56.39963 0.095 9.0 20.0
0.0 56.39963 0.096 4.0 21.0
-1.251117 58.821457 0.722332896 4.0 21.0
-1.251117 58.821457 0.722332897 3.0 22.0
-2.502234 61.243282 1.444665697 3.0 22.0
-2.502234 61.243282 1.444665698 0.0 23.0
-4.6511755 62.583073 2.685357398 0.0 23.0
-4.6511755 62.583073 2.685357399 0.0 24.0
-7.132559 63.922863 2.685357399 0.0 24.0
-2.502234 61.243282 1.4446656100 0.0 23.0
-2.502234 64.06326 1.4446656100 0.0 23.0
-2.502234 64.06326 1.4446656101 0.0 24.0
-2.502234 66.88325 1.4446656101 0.0 24.0
-2.502234 61.243282 1.4446656102 2.0 23.0
-3.9468994 63.665108 1.4446656102 2.0 23.0
-3.9468994 63.665108 1.4446656103 1.0 24.0
-5.391565 66.08694 1.4446656103 1.0 24.0
-5.391565 66.08694 1.4446656104 0.0 25.0
-6.8362303 68.508766 1.4446656104 0.0 25.0
-6.8362303 68.508766 1.4446656105 0.0 26.0
-8.280896 70.930595 1.4446656105 0.0 26.0
0.0 56.39963 0.0106 4.0 21.0
1.251117 58.821457 -0.7223328106 4.0 21.0
1.251117 58.821457 -0.7223328107 3.0 22.0
2.502234 61.243282 -1.4446656107 3.0 22.0
2.502234 61.243282 -1.4446656108 0.0 23.0
2.502234 64.06326 -1.4446656108 0.0 23.0
2.502234 64.06326 -1.4446656109 0.0 24.0
2.502234 66.88325 -1.4446656109 0.0 24.0
2.502234 61.243282 -1.4446656110 0.0 23.0
4.6511755 62.583073 -2.6853573110 0.0 23.0
4.6511755 62.583073 -2.6853573111 0.0 24.0
7.132559 63.922863 -2.6853573111 0.0 24.0
2.502234 61.243282 -1.4446656112 2.0 23.0
3.9468994 63.665108 -1.4446656112 2.0 23.0
3.9468994 63.665108 -1.4446656113 1.0 24.0
5.391565 66.08694 -1.4446656113 1.0 24.0
5.391565 66.08694 -1.4446656114 0.0 25.0
6.8362303 68.508766 -1.4446656114 0.0 25.0
6.8362303 68.508766 -1.4446656115 0.0 26.0
8.280896 70.930595 -1.4446656115 0.0 26.0
0.0 56.39963 0.0116 8.0 21.0
0.0 59.219612 0.0116 8.0 21.0
0.0 59.219612 0.0117 7.0 22.0
0.0 62.039593 0.0117 7.0 22.0
0.0 62.039593 0.0118 6.0 23.0
0.0 64.85957 0.0118 6.0 23.0
0.0 64.85957 0.0119 5.0 24.0
0.0 67.67956 0.0119 5.0 24.0
0.0 67.67956 0.0120 4.0 25.0
0.0 70.49954 0.0120 4.0 25.0
0.0 70.49954 0.0121 3.0 26.0
0.0 73.31953 0.0121 3.0 26.0
0.0 73.31953 0.0122 0.0 27.0
-1.251117 75.741356 0.7223328122 0.0 27.0
-1.251117 75.741356 0.7223328123 0.0 28.0
-2.6957827 78.163185 0.7223328123 0.0 28.0
0.0 73.31953 0.0124 0.0 27.0
1.251117 75.741356 -0.7223328124 0.0 27.0
1.251117 75.741356 -0.7223328125 0.0 28.0
2.6957827 78.163185 -0.7223328125 0.0 28.0
0.0 73.31953 0.0126 2.0 27.0
0.0 76.13951 0.0126 2.0 27.0
0.0 76.13951 0.0127 1.0 28.0
0.0 78.959496 0.0127 1.0 28.0
0.0 78.959496 0.0128 0.0 29.0
0.0 81.77948 0.0128 0.0 29.0
0.0 81.77948 0.0129 0.0 30.0
0.0 84.599464 0.0129 0.0 30.0
