0.0 0.0 0.00 60.0 1.0
0.0 1.2404573 0.00 60.0 1.0
0.0 1.2404573 0.01 59.0 2.0
0.0 2.4809146 0.01 59.0 2.0
0.0 2.4809146 0.02 58.0 3.0
0.0 3.721372 0.02 58.0 3.0
0.0 3.721372 0.03 57.0 4.0
0.0 4.961829 0.03 57.0 4.0
0.0 4.961829 0.04 56.0 5.0
0.0 6.2022867 0.04 56.0 5.0
0.0 6.2022867 0.05 55.0 6.0
0.0 7.4427443 0.05 55.0 6.0
0.0 7.4427443 0.06 54.0 7.0
0.0 8.683202 0.06 54.0 7.0
0.0 8.683202 0.07 53.0 8.0
0.0 9.923659 0.07 53.0 8.0
0.0 9.923659 0.08 52.0 9.0
0.0 11.164117 0.08 52.0 9.0
0.0 11.164117 0.09 51.0 10.0
0.0 12.404574 0.09 51.0 10.0
0.0 12.404574 0.010 50.0 11.0
0.0 13.645032 0.010 50.0 11.0
0.0 13.645032 0.011 49.0 12.0
0.0 14.885489 0.011 49.0 12.0
0.0 14.885489 0.012 48.0 13.0
0.0 16.125946 0.012 48.0 13.0
0.0 16.125946 0.013 47.0 14.0
0.0 17.366404 0.013 47.0 14.0
0.0 17.366404 0.014 46.0 15.0
0.0 18.606861 0.014 46.0 15.0
0.0 18.606861 0.015 45.0 16.0
0.0 19.847319 0.015 45.0 16.0
0.0 19.847319 0.016 28.0 17.0
0.69115275 20.796957 -0.3990372416 28.0 17.0
0.69115275 20.796957 -0.3990372417 27.0 18.0
1.3823055 21.746595 -0.798074517 27.0 18.0
1.3823055 21.746595 -0.798074518 26.0 19.0
2.0734582 22.696234 -1.197111718 26.0 19.0
2.0734582 22.696234 -1.197111719 25.0 20.0
2.764611 23.645872 -1.59614919 25.0 20.0
2.764611 23.645872 -1.59614920 24.0 21.0
3.4557638 24.59551 -1.995186220 24.0 21.0
3.4557638 24.59551 -1.995186221 23.0 22.0
4.1469164 25.545149 -2.394223521 23.0 22.0
4.1469164 25.545149 -2.394223522 22.0 23.0
4.838069 26.494787 -2.793260622 22.0 23.0
4.838069 26.494787 -2.793260623 21.0 24.0
5.5292215 27.444426 -3.19229823 21.0 24.0
5.5292215 27.444426 -3.19229824 12.0 25.0
6.5874515 27.657967 -3.803267524 12.0 25.0
6.5874515 27.657967 -3.803267525 11.0 26.0
7.6456814 27.871508 -4.41423725 11.0 26.0
7.6456814 27.871508 -4.41423726 10.0 27.0
8.703912 28.085049 -5.025206626 10.0 27.0
8.703912 28.085049 -5.025206627 9.0 28.0
9.762142 28.29859 -5.63617627 9.0 28.0
9.762142 28.29859 -5.63617628 4.0 29.0
10.453295 29.248228 -6.035213528 4.0 29.0
10.453295 29.248228 -6.035213529 3.0 30.0
11.144447 30.197866 -6.43425129 3.0 30.0
11.144447 30.197866 -6.43425130 0.0 31.0
12.202678 30.411407 -7.045220430 0.0 31.0
12.202678 30.411407 -7.045220431 0.0 32.0
13.424617 30.624949 -7.045220431 0.0 32.0
11.144447 30.197866 -6.43425132 2.0 31.0
11.942522 31.147505 -6.43425132 2.0 31.0
11.942522 31.147505 -6.43425133 1.0 32.0
12.740597 32.09714 -6.43425133 1.0 32.0
12.740597 32.09714 -6.43425134 0.0 33.0
13.798827 32.310684 -7.045220434 0.0 33.0
13.798827 32.310684 -7.045220435 0.0 34.0
15.020766 32.524227 -7.045220435 0.0 34.0
12.740597 32.09714 -6.43425136 0.0 33.0
12.740597 33.337597 -6.43425136 0.0 33.0
12.740597 33.337597 -6.43425137 0.0 34.0
12.740597 34.578053 -6.43425137 0.0 34.0
9.762142 28.29859 -5.63617638 8.0 29.0
10.984081 28.51213 -5.63617638 8.0 29.0
10.984081 28.51213 -5.63617639 7.0 30.0
12.20602 28.725672 -5.63617639 7.0 30.0
12.20602 28.725672 -5.63617640 6.0 31.0
13.427959 28.939213 -5.63617640 6.0 31.0
13.427959 28.939213 -5.63617641 5.0 32.0
14.649899 29.152754 -5.63617641 5.0 32.0
14.649899 29.152754 -5.63617642 4.0 33.0
15.579011 28.530071 -6.172642 4.0 33.0
15.579011 28.530071 -6.172643 3.0 34.0
16.508123 27.907389 -6.709023543 3.0 34.0
16.508123 27.907389 -6.709023544 0.0 35.0
16.872465 26.740452 -6.91937744 0.0 35.0
16.872465 26.740452 -6.91937745 0.0 36.0
17.29317 25.573515 -6.91937745 0.0 36.0
16.508123 27.907389 -6.709023546 2.0 35.0
17.58097 27.284706 -6.709023546 2.0 35.0
17.58097 27.284706 -6.709023547 1.0 36.0
18.653818 26.662024 -6.709023547 1.0 36.0
18.653818 26.662024 -6.709023548 0.0 37.0
19.01816 25.495087 -6.91937748 0.0 37.0
19.01816 25.495087 -6.91937749 0.0 38.0
19.438866 24.32815 -6.91937749 0.0 38.0
18.653818 26.662024 -6.709023550 0.0 37.0
19.875757 26.875565 -6.709023550 0.0 37.0
19.875757 26.875565 -6.709023551 0.0 38.0
21.097696 27.089106 -6.709023551 0.0 38.0
14.649899 29.152754 -5.63617652 4.0 33.0
15.447973 30.102392 -5.63617652 4.0 33.0
15.447973 30.102392 -5.63617653 3.0 34.0
16.246048 31.05203 -5.63617653 3.0 34.0
16.246048 31.05203 -5.63617654 0.0 35.0
17.304277 31.265572 -6.247145754 0.0 35.0
17.304277 31.265572 -6.247145755 0.0 36.0
18.526217 31.479113 -6.247145755 0.0 36.0
16.246048 31.05203 -5.63617656 2.0 35.0
17.044123 32.001667 -5.63617656 2.0 35.0
17.044123 32.001667 -5.63617657 1.0 36.0
17.842197 32.951305 -5.63617657 1.0 36.0
17.842197 32.951305 -5.63617658 0.0 37.0
18.900427 33.16485 -6.247145758 0.0 37.0
18.900427 33.16485 -6.247145759 0.0 38.0
20.122366 33.37839 -6.247145759 0.0 38.0
17.842197 32.951305 -5.63617660 0.0 37.0
17.842197 34.19176 -5.63617660 0.0 37.0
17.842197 34.19176 -5.63617661 0.0 38.0
17.842197 35.432217 -5.63617661 0.0 38.0
5.5292215 27.444426 -3.19229862 20.0 25.0
6.3272963 28.394064 -3.19229862 20.0 25.0
6.3272963 28.394064 -3.19229863 19.0 26.0
7.125371 29.343702 -3.19229863 19.0 26.0
7.125371 29.343702 -3.19229864 18.0 27.0
7.9234457 30.29334 -3.19229864 18.0 27.0
7.9234457 30.29334 -3.19229865 17.0 28.0
8.72152 31.24298 -3.19229865 17.0 28.0
8.72152 31.24298 -3.19229866 16.0 29.0
9.519595 32.192616 -3.19229866 16.0 29.0
9.519595 32.192616 -3.19229867 15.0 30.0
10.31767 33.142254 -3.19229867 15.0 30.0
10.31767 33.142254 -3.19229868 14.0 31.0
11.115745 34.091892 -3.19229868 14.0 31.0
11.115745 34.091892 -3.19229869 13.0 32.0
11.913819 35.04153 -3.19229869 13.0 32.0
11.913819 35.04153 -3.19229870 12.0 33.0
12.97205 35.255074 -3.803267570 12.0 33.0
12.97205 35.255074 -3.803267571 11.0 34.0
14.03028 35.468616 -4.41423771 11.0 34.0
14.03028 35.468616 -4.41423772 10.0 35.0
15.0885105 35.68216 -5.025206672 10.0 35.0
15.0885105 35.68216 -5.025206673 9.0 36.0
16.14674 35.895702 -5.63617673 9.0 36.0
16.14674 35.895702 -5.63617674 4.0 37.0
16.837893 36.84534 -6.035213574 4.0 37.0
16.837893 36.84534 -6.035213575 3.0 38.0
17.529045 37.79498 -6.43425175 3.0 38.0
17.529045 37.79498 -6.43425176 0.0 39.0
18.587275 38.008522 -7.045220476 0.0 39.0
18.587275 38.008522 -7.045220477 0.0 40.0
19.809214 38.222065 -7.045220477 0.0 40.0
17.529045 37.79498 -6.43425178 2.0 39.0
18.32712 38.744617 -6.43425178 2.0 39.0
18.32712 38.744617 -6.43425179 1.0 40.0
19.125195 39.694256 -6.43425179 1.0 40.0
19.125195 39.694256 -6.43425180 0.0 41.0
20.183424 39.9078 -7.045220480 0.0 41.0
20.183424 39.9078 -7.045220481 0.0 42.0
21.405363 40.12134 -7.045220481 0.0 42.0
19.125195 39.694256 -6.43425182 0.0 41.0
19.125195 40.93471 -6.43425182 0.0 41.0
19.125195 40.93471 -6.43425183 0.0 42.0
19.125195 42.175167 -6.43425183 0.0 42.0
16.14674 35.895702 -5.63617684 8.0 37.0
17.36868 36.109245 -5.63617684 8.0 37.0
17.36868 36.109245 -5.63617685 7.0 38.0
18.590618 36.32279 -5.63617685 7.0 38.0
18.590618 36.32279 -5.63617686 6.0 39.0
19.812557 36.53633 -5.63617686 6.0 39.0
19.812557 36.53633 -5.63617687 5.0 40.0
21.034496 36.749874 -5.63617687 5.0 40.0
21.034496 36.749874 -5.63617688 4.0 41.0
21.96361 36.12719 -6.172688 4.0 41.0
21.96361 36.12719 -6.172689 3.0 42.0
22.892723 35.504505 -6.709023589 3.0 42.0
22.892723 35.504505 -6.709023590 0.0 43.0
23.257065 34.33757 -6.91937790 0.0 43.0
23.257065 34.33757 -6.91937791 0.0 44.0
23.67777 33.170635 -6.91937791 0.0 44.0
22.892723 35.504505 -6.709023592 2.0 43.0
23.96557 34.88182 -6.709023592 2.0 43.0
23.96557 34.88182 -6.709023593 1.0 44.0
25.038418 34.259136 -6.709023593 1.0 44.0
25.038418 34.259136 -6.709023594 0.0 45.0
25.40276 33.0922 -6.91937794 0.0 45.0
25.40276 33.0922 -6.91937795 0.0 46.0
25.823465 31.925264 -6.91937795 0.0 46.0
25.038418 34.259136 -6.709023596 0.0 45.0
26.260357 34.47268 -6.709023596 0.0 45.0
26.260357 34.47268 -6.709023597 0.0 46.0
27.482296 34.686222 -6.709023597 0.0 46.0
21.034496 36.749874 -5.63617698 4.0 41.0
21.832571 37.699512 -5.63617698 4.0 41.0
21.832571 37.699512 -5.63617699 3.0 42.0
22.630646 38.64915 -5.63617699 3.0 42.0
22.630646 38.64915 -5.636176100 0.0 43.0
23.688875 38.862694 -6.2471457100 0.0 43.0
23.688875 38.862694 -6.2471457101 0.0 44.0
24.910814 39.076237 -6.2471457101 0.0 44.0
22.630646 38.64915 -5.636176102 2.0 43.0
23.42872 39.59879 -5.636176102 2.0 43.0
23.42872 39.59879 -5.636176103 1.0 44.0
24.226795 40.548428 -5.636176103 1.0 44.0
24.226795 40.548428 -5.636176104 0.0 45.0
25.285025 40.76197 -6.2471457104 0.0 45.0
25.285025 40.76197 -6.2471457105 0.0 46.0
26.506964 40.975513 -6.2471457105 0.0 46.0
24.226795 40.548428 -5.636176106 0.0 45.0
24.226795 41.788883 -5.636176106 0.0 45.0
24.226795 41.788883 -5.636176107 0.0 46.0
24.226795 43.02934 -5.636176107 0.0 46.0
11.913819 35.04153 -3.192298108 12.0 33.0
11.913819 36.281986 -3.192298108 12.0 33.0
11.913819 36.281986 -3.192298109 11.0 34.0
11.913819 37.52244 -3.192298109 11.0 34.0
11.913819 37.52244 -3.192298110 10.0 35.0
11.913819 38.762897 -3.192298110 10.0 35.0
11.913819 38.762897 -3.192298111 9.0 36.0
11.913819 40.003353 -3.192298111 9.0 36.0
11.913819 40.003353 -3.192298112 4.0 37.0
11.222667 40.95299 -2.7932606112 4.0 37.0
11.222667 40.95299 -2.7932606113 3.0 38.0
10.531514 41.90263 -2.3942232113 3.0 38.0
10.531514 41.90263 -2.3942232114 0.0 39.0
10.531514 43.143085 -2.3942232114 0.0 39.0
10.531514 43.143085 -2.3942232115 0.0 40.0
10.531514 44.38354 -2.3942232115 0.0 40.0
10.531514 41.90263 -2.3942232116 2.0 39.0
9.733439 42.85227 -2.3942232116 2.0 39.0
9.733439 42.85227 -2.3942232117 1.0 40.0
8.935365 43.801907 -2.3942232117 1.0 40.0
8.935365 43.801907 -2.3942232118 0.0 41.0
8.935365 45.042362 -2.3942232118 0.0 41.0
8.935365 45.042362 -2.3942232119 0.0 42.0
8.935365 46.282818 -2.3942232119 0.0 42.0
8.935365 43.801907 -2.3942232120 0.0 41.0
7.7134256 44.01545 -2.3942232120 0.0 41.0
7.7134256 44.01545 -2.3942232121 0.0 42.0
6.4914865 44.228992 -2.3942232121 0.0 42.0
11.913819 40.003353 -3.192298122 8.0 37.0
11.913819 41.24381 -3.192298122 8.0 37.0
11.913819 41.24381 -3.192298123 7.0 38.0
11.913819 42.484264 -3.192298123 7.0 38.0
11.913819 42.484264 -3.192298124 6.0 39.0
11.913819 43.72472 -3.192298124 6.0 39.0
11.913819 43.72472 -3.192298125 5.0 40.0
11.913819 44.965176 -3.192298125 5.0 40.0
11.913819 44.965176 -3.192298126 4.0 41.0
12.604972 45.914814 -3.5913353126 4.0 41.0
12.604972 45.914814 -3.5913353127 3.0 42.0
13.296124 46.864452 -3.9903727127 3.0 42.0
13.296124 46.864452 -3.9903727128 0.0 43.0
14.354355 47.077995 -4.601342128 0.0 43.0
14.354355 47.077995 -4.601342129 0.0 44.0
15.576294 47.29154 -4.601342129 0.0 44.0
13.296124 46.864452 -3.9903727130 2.0 43.0
14.094199 47.81409 -3.9903727130 2.0 43.0
14.094199 47.81409 -3.9903727131 1.0 44.0
14.892274 48.76373 -3.9903727131 1.0 44.0
14.892274 48.76373 -3.9903727132 0.0 45.0
15.950504 48.977272 -4.601342132 0.0 45.0
15.950504 48.977272 -4.601342133 0.0 46.0
17.172443 49.190815 -4.601342133 0.0 46.0
14.892274 48.76373 -3.9903727134 0.0 45.0
14.892274 50.004185 -3.9903727134 0.0 45.0
14.892274 50.004185 -3.9903727135 0.0 46.0
14.892274 51.24464 -3.9903727135 0.0 46.0
11.913819 44.965176 -3.192298136 4.0 41.0
11.115745 45.914814 -3.192298136 4.0 41.0
11.115745 45.914814 -3.192298137 3.0 42.0
10.31767 46.864452 -3.192298137 3.0 42.0
10.31767 46.864452 -3.192298138 0.0 43.0
10.31767 48.104908 -3.192298138 0.0 43.0
10.31767 48.104908 -3.192298139 0.0 44.0
10.31767 49.345364 -3.192298139 0.0 44.0
10.31767 46.864452 -3.192298140 2.0 43.0
9.519595 47.81409 -3.192298140 2.0 43.0
9.519595 47.81409 -3.192298141 1.0 44.0
8.72152 48.76373 -3.192298141 1.0 44.0
8.72152 48.76373 -3.192298142 0.0 45.0
8.72152 50.004185 -3.192298142 0.0 45.0
8.72152 50.004185 -3.192298143 0.0 46.0
8.72152 51.24464 -3.192298143 0.0 46.0
8.72152 48.76373 -3.192298144 0.0 45.0
7.4995813 48.977272 -3.192298144 0.0 45.0
7.4995813 48.977272 -3.192298145 0.0 46.0
6.2776423 49.190815 -3.192298145 0.0 46.0
0.0 19.847319 0.0146 44.0 17.0
0.0 21.087776 0.0146 44.0 17.0
0.0 21.087776 0.0147 43.0 18.0
0.0 22.328234 0.0147 43.0 18.0
0.0 22.328234 0.0148 42.0 19.0
0.0 23.568691 0.0148 42.0 19.0
0.0 23.568691 0.0149 41.0 20.0
0.0 24.809149 0.0149 41.0 20.0
0.0 24.809149 0.0150 40.0 21.0
0.0 26.049606 0.0150 40.0 21.0
0.0 26.049606 0.0151 39.0 22.0
0.0 27.290064 0.0151 39.0 22.0
0.0 27.290064 0.0152 38.0 23.0
0.0 28.530521 0.0152 38.0 23.0
0.0 28.530521 0.0153 37.0 24.0
0.0 29.770979 0.0153 37.0 24.0
0.0 29.770979 0.0154 36.0 25.0
0.0 31.011436 0.0154 36.0 25.0
0.0 31.011436 0.0155 35.0 26.0
0.0 32.251892 0.0155 35.0 26.0
0.0 32.251892 0.0156 34.0 27.0
0.0 33.492348 0.0156 34.0 27.0
0.0 33.492348 0.0157 33.0 28.0
0.0 34.732803 0.0157 33.0 28.0
0.0 34.732803 0.0158 32.0 29.0
0.0 35.97326 0.0158 32.0 29.0
0.0 35.97326 0.0159 31.0 30.0
0.0 37.213715 0.0159 31.0 30.0
0.0 37.213715 0.0160 30.0 31.0
0.0 38.45417 0.0160 30.0 31.0
0.0 38.45417 0.0161 29.0 32.0
0.0 39.694626 0.0161 29.0 32.0
0.0 39.694626 0.0162 28.0 33.0
0.69115275 40.644264 -0.39903724162 28.0 33.0
0.69115275 40.644264 -0.39903724163 27.0 34.0
1.3823055 41.593903 -0.7980745163 27.0 34.0
1.3823055 41.593903 -0.7980745164 26.0 35.0
2.0734582 42.54354 -1.1971117164 26.0 35.0
2.0734582 42.54354 -1.1971117165 25.0 36.0
2.764611 43.49318 -1.596149165 25.0 36.0
2.764611 43.49318 -1.596149166 24.0 37.0
3.4557638 44.442818 -1.9951862166 24.0 37.0
3.4557638 44.442818 -1.9951862167 23.0 38.0
4.1469164 45.392456 -2.3942235167 23.0 38.0
4.1469164 45.392456 -2.3942235168 22.0 39.0
4.838069 46.342094 -2.7932606168 22.0 39.0
4.838069 46.342094 -2.7932606169 21.0 40.0
5.5292215 47.291733 -3.192298169 21.0 40.0
5.5292215 47.291733 -3.192298170 12.0 41.0
6.5874515 47.505276 -3.8032675170 12.0 41.0
6.5874515 47.505276 -3.8032675171 11.0 42.0
7.6456814 47.71882 -4.414237171 11.0 42.0
7.6456814 47.71882 -4.414237172 10.0 43.0
8.703912 47.93236 -5.0252066172 10.0 43.0
8.703912 47.93236 -5.0252066173 9.0 44.0
9.762142 48.145905 -5.636176173 9.0 44.0
9.762142 48.145905 -5.636176174 4.0 45.0
10.453295 49.095543 -6.0352135174 4.0 45.0
10.453295 49.095543 -6.0352135175 3.0 46.0
11.144447 50.04518 -6.434251175 3.0 46.0
11.144447 50.04518 -6.434251176 0.0 47.0
12.202678 50.258724 -7.0452204176 0.0 47.0
12.202678 50.258724 -7.0452204177 0.0 48.0
13.424617 50.472267 -7.0452204177 0.0 48.0
11.144447 50.04518 -6.434251178 2.0 47.0
11.942522 50.99482 -6.434251178 2.0 47.0
11.942522 50.99482 -6.434251179 1.0 48.0
12.740597 51.944458 -6.434251179 1.0 48.0
12.740597 51.944458 -6.434251180 0.0 49.0
13.798827 52.158 -7.0452204180 0.0 49.0
13.798827 52.158 -7.0452204181 0.0 50.0
15.020766 52.371544 -7.0452204181 0.0 50.0
12.740597 51.944458 -6.434251182 0.0 49.0
12.740597 53.184914 -6.434251182 0.0 49.0
12.740597 53.184914 -6.434251183 0.0 50.0
12.740597 54.42537 -6.434251183 0.0 50.0
9.762142 48.145905 -5.636176184 8.0 45.0
10.984081 48.359447 -5.636176184 8.0 45.0
10.984081 48.359447 -5.636176185 7.0 46.0
12.20602 48.57299 -5.636176185 7.0 46.0
12.20602 48.57299 -5.636176186 6.0 47.0
13.427959 48.786533 -5.636176186 6.0 47.0
13.427959 48.786533 -5.636176187 5.0 48.0
14.649899 49.000076 -5.636176187 5.0 48.0
14.649899 49.000076 -5.636176188 4.0 49.0
15.579011 48.37739 -6.1726188 4.0 49.0
15.579011 48.37739 -6.1726189 3.0 50.0
16.508123 47.754707 -6.7090235189 3.0 50.0
16.508123 47.754707 -6.7090235190 0.0 51.0
16.872465 46.587772 -6.919377190 0.0 51.0
16.872465 46.587772 -6.919377191 0.0 52.0
17.29317 45.420837 -6.919377191 0.0 52.0
16.508123 47.754707 -6.7090235192 2.0 51.0
17.58097 47.132023 -6.7090235192 2.0 51.0
17.58097 47.132023 -6.7090235193 1.0 52.0
18.653818 46.50934 -6.7090235193 1.0 52.0
18.653818 46.50934 -6.7090235194 0.0 53.0
19.01816 45.342403 -6.919377194 0.0 53.0
19.01816 45.342403 -6.919377195 0.0 54.0
19.438866 44.17547 -6.919377195 0.0 54.0
18.653818 46.50934 -6.7090235196 0.0 53.0
19.875757 46.72288 -6.7090235196 0.0 53.0
19.875757 46.72288 -6.7090235197 0.0 54.0
21.097696 46.936424 -6.7090235197 0.0 54.0
14.649899 49.000076 -5.636176198 4.0 49.0
15.447973 49.949715 -5.636176198 4.0 49.0
15.447973 49.949715 -5.636176199 3.0 50.0
16.246048 50.899353 -5.636176199 3.0 50.0
16.246048 50.899353 -5.636176200 0.0 51.0
17.304277 51.112896 -6.2471457200 0.0 51.0
17.304277 51.112896 -6.2471457201 0.0 52.0
18.526217 51.32644 -6.2471457201 0.0 52.0
16.246048 50.899353 -5.636176202 2.0 51.0
17.044123 51.84899 -5.636176202 2.0 51.0
17.044123 51.84899 -5.636176203 1.0 52.0
17.842197 52.79863 -5.636176203 1.0 52.0
17.842197 52.79863 -5.636176204 0.0 53.0
18.900427 53.012173 -6.2471457204 0.0 53.0
18.900427 53.012173 -6.2471457205 0.0 54.0
20.122366 53.225716 -6.2471457205 0.0 54.0
17.842197 52.79863 -5.636176206 0.0 53.0
17.842197 54.039085 -5.636176206 0.0 53.0
17.842197 54.039085 -5.636176207 0.0 54.0
17.842197 55.27954 -5.636176207 0.0 54.0
5.5292215 47.291733 -3.192298208 20.0 41.0
6.3272963 48.24137 -3.192298208 20.0 41.0
6.3272963 48.24137 -3.192298209 19.0 42.0
7.125371 49.19101 -3.192298209 19.0 42.0
7.125371 49.19101 -3.192298210 18.0 43.0
7.9234457 50.140648 -3.192298210 18.0 43.0
7.9234457 50.140648 -3.192298211 17.0 44.0
8.72152 51.090286 -3.192298211 17.0 44.0
8.72152 51.090286 -3.192298212 16.0 45.0
9.519595 52.039925 -3.192298212 16.0 45.0
9.519595 52.039925 -3.192298213 15.0 46.0
10.31767 52.989563 -3.192298213 15.0 46.0
10.31767 52.989563 -3.192298214 14.0 47.0
11.115745 53.9392 -3.192298214 14.0 47.0
11.115745 53.9392 -3.192298215 13.0 48.0
11.913819 54.88884 -3.192298215 13.0 48.0
11.913819 54.88884 -3.192298216 12.0 49.0
12.97205 55.102383 -3.8032675216 12.0 49.0
12.97205 55.102383 -3.8032675217 11.0 50.0
14.03028 55.315926 -4.414237217 11.0 50.0
14.03028 55.315926 -4.414237218 10.0 51.0
15.0885105 55.52947 -5.0252066218 10.0 51.0
15.0885105 55.52947 -5.0252066219 9.0 52.0
16.14674 55.74301 -5.636176219 9.0 52.0
16.14674 55.74301 -5.636176220 4.0 53.0
16.837893 56.69265 -6.0352135220 4.0 53.0
16.837893 56.69265 -6.0352135221 3.0 54.0
17.529045 57.64229 -6.434251221 3.0 54.0
17.529045 57.64229 -6.434251222 0.0 55.0
18.587275 57.85583 -7.0452204222 0.0 55.0
18.587275 57.85583 -7.0452204223 0.0 56.0
19.809214 58.069374 -7.0452204223 0.0 56.0
17.529045 57.64229 -6.434251224 2.0 55.0
18.32712 58.591927 -6.434251224 2.0 55.0
18.32712 58.591927 -6.434251225 1.0 56.0
19.125195 59.541565 -6.434251225 1.0 56.0
19.125195 59.541565 -6.434251226 0.0 57.0
20.183424 59.755108 -7.0452204226 0.0 57.0
20.183424 59.755108 -7.0452204227 0.0 58.0
21.405363 59.96865 -7.0452204227 0.0 58.0
19.125195 59.541565 -6.434251228 0.0 57.0
19.125195 60.78202 -6.434251228 0.0 57.0
19.125195 60.78202 -6.434251229 0.0 58.0
19.125195 62.022476 -6.434251229 0.0 58.0
16.14674 55.74301 -5.636176230 8.0 53.0
17.36868 55.956554 -5.636176230 8.0 53.0
17.36868 55.956554 -5.636176231 7.0 54.0
18.590618 56.170097 -5.636176231 7.0 54.0
18.590618 56.170097 -5.636176232 6.0 55.0
19.812557 56.38364 -5.636176232 6.0 55.0
19.812557 56.38364 -5.636176233 5.0 56.0
21.034496 56.597183 -5.636176233 5.0 56.0
21.034496 56.597183 -5.636176234 4.0 57.0
21.96361 55.9745 -6.1726234 4.0 57.0
21.96361 55.9745 -6.1726235 3.0 58.0
22.892723 55.351814 -6.7090235235 3.0 58.0
22.892723 55.351814 -6.7090235236 0.0 59.0
23.257065 54.18488 -6.919377236 0.0 59.0
23.257065 54.18488 -6.919377237 0.0 60.0
23.67777 53.017944 -6.919377237 0.0 60.0
22.892723 55.351814 -6.7090235238 2.0 59.0
23.96557 54.72913 -6.7090235238 2.0 59.0
23.96557 54.72913 -6.7090235239 1.0 60.0
25.038418 54.106445 -6.7090235239 1.0 60.0
25.038418 54.106445 -6.7090235240 0.0 61.0
25.40276 52.93951 -6.919377240 0.0 61.0
25.40276 52.93951 -6.919377241 0.0 62.0
25.823465 51.772575 -6.919377241 0.0 62.0
25.038418 54.106445 -6.7090235242 0.0 61.0
26.260357 54.31999 -6.7090235242 0.0 61.0
26.260357 54.31999 -6.7090235243 0.0 62.0
27.482296 54.53353 -6.7090235243 0.0 62.0
21.034496 56.597183 -5.636176244 4.0 57.0
21.832571 57.54682 -5.636176244 4.0 57.0
21.832571 57.54682 -5.636176245 3.0 58.0
22.630646 58.49646 -5.636176245 3.0 58.0
22.630646 58.49646 -5.636176246 0.0 59.0
23.688875 58.710003 -6.2471457246 0.0 59.0
23.688875 58.710003 -6.2471457247 0.0 60.0
24.910814 58.923546 -6.2471457247 0.0 60.0
22.630646 58.49646 -5.636176248 2.0 59.0
23.42872 59.4461 -5.636176248 2.0 59.0
23.42872 59.4461 -5.636176249 1.0 60.0
24.226795 60.395737 -5.636176249 1.0 60.0
24.226795 60.395737 -5.636176250 0.0 61.0
25.285025 60.60928 -6.2471457250 0.0 61.0
25.285025 60.60928 -6.2471457251 0.0 62.0
26.506964 60.822823 -6.2471457251 0.0 62.0
24.226795 60.395737 -5.636176252 0.0 61.0
24.226795 61.636192 -5.636176252 0.0 61.0
24.226795 61.636192 -5.636176253 0.0 62.0
24.226795 62.876648 -5.636176253 0.0 62.0
11.913819 54.88884 -3.192298254 12.0 49.0
11.913819 56.129295 -3.192298254 12.0 49.0
11.913819 56.129295 -3.192298255 11.0 50.0
11.913819 57.36975 -3.192298255 11.0 50.0
11.913819 57.36975 -3.192298256 10.0 51.0
11.913819 58.610207 -3.192298256 10.0 51.0
11.913819 58.610207 -3.192298257 9.0 52.0
11.913819 59.850662 -3.192298257 9.0 52.0
11.913819 59.850662 -3.192298258 4.0 53.0
11.222667 60.8003 -2.7932606258 4.0 53.0
11.222667 60.8003 -2.7932606259 3.0 54.0
10.531514 61.74994 -2.3942232259 3.0 54.0
10.531514 61.74994 -2.3942232260 0.0 55.0
10.531514 62.990395 -2.3942232260 0.0 55.0
10.531514 62.990395 -2.3942232261 0.0 56.0
10.531514 64.23085 -2.3942232261 0.0 56.0
10.531514 61.74994 -2.3942232262 2.0 55.0
9.733439 62.699577 -2.3942232262 2.0 55.0
9.733439 62.699577 -2.3942232263 1.0 56.0
8.935365 63.649216 -2.3942232263 1.0 56.0
8.935365 63.649216 -2.3942232264 0.0 57.0
8.935365 64.88967 -2.3942232264 0.0 57.0
8.935365 64.88967 -2.3942232265 0.0 58.0
8.935365 66.13013 -2.3942232265 0.0 58.0
8.935365 63.649216 -2.3942232266 0.0 57.0
7.7134256 63.86276 -2.3942232266 0.0 57.0
7.7134256 63.86276 -2.3942232267 0.0 58.0
6.4914865 64.0763 -2.3942232267 0.0 58.0
11.913819 59.850662 -3.192298268 8.0 53.0
11.913819 61.091118 -3.192298268 8.0 53.0
11.913819 61.091118 -3.192298269 7.0 54.0
11.913819 62.331573 -3.192298269 7.0 54.0
11.913819 62.331573 -3.192298270 6.0 55.0
11.913819 63.57203 -3.192298270 6.0 55.0
11.913819 63.57203 -3.192298271 5.0 56.0
11.913819 64.812485 -3.192298271 5.0 56.0
11.913819 64.812485 -3.192298272 4.0 57.0
12.604972 65.76212 -3.5913353272 4.0 57.0
12.604972 65.76212 -3.5913353273 3.0 58.0
13.296124 66.71176 -3.9903727273 3.0 58.0
13.296124 66.71176 -3.9903727274 0.0 59.0
14.354355 66.9253 -4.601342274 0.0 59.0
14.354355 66.9253 -4.601342275 0.0 60.0
15.576294 67.13884 -4.601342275 0.0 60.0
13.296124 66.71176 -3.9903727276 2.0 59.0
14.094199 67.6614 -3.9903727276 2.0 59.0
14.094199 67.6614 -3.9903727277 1.0 60.0
14.892274 68.61104 -3.9903727277 1.0 60.0
14.892274 68.61104 -3.9903727278 0.0 61.0
15.950504 68.82458 -4.601342278 0.0 61.0
15.950504 68.82458 -4.601342279 0.0 62.0
17.172443 69.03812 -4.601342279 0.0 62.0
14.892274 68.61104 -3.9903727280 0.0 61.0
14.892274 69.851494 -3.9903727280 0.0 61.0
14.892274 69.851494 -3.9903727281 0.0 62.0
14.892274 71.09195 -3.9903727281 0.0 62.0
11.913819 64.812485 -3.192298282 4.0 57.0
11.115745 65.76212 -3.192298282 4.0 57.0
11.115745 65.76212 -3.192298283 3.0 58.0
10.31767 66.71176 -3.192298283 3.0 58.0
10.31767 66.71176 -3.192298284 0.0 59.0
10.31767 67.95222 -3.192298284 0.0 59.0
10.31767 67.95222 -3.192298285 0.0 60.0
10.31767 69.19267 -3.192298285 0.0 60.0
10.31767 66.71176 -3.192298286 2.0 59.0
9.519595 67.6614 -3.192298286 2.0 59.0
9.519595 67.6614 -3.192298287 1.0 60.0
8.72152 68.61104 -3.192298287 1.0 60.0
8.72152 68.61104 -3.192298288 0.0 61.0
8.72152 69.851494 -3.192298288 0.0 61.0
8.72152 69.851494 -3.192298289 0.0 62.0
8.72152 71.09195 -3.192298289 0.0 62.0
8.72152 68.61104 -3.192298290 0.0 61.0
7.4995813 68.82458 -3.192298290 0.0 61.0
7.4995813 68.82458 -3.192298291 0.0 62.0
6.2776423 69.03812 -3.192298291 0.0 62.0
0.0 39.694626 0.0292 28.0 33.0
-0.7980745 40.644264 0.0292 28.0 33.0
-0.7980745 40.644264 0.0293 27.0 34.0
-1.596149 41.593903 0.0293 27.0 34.0
-1.596149 41.593903 0.0294 26.0 35.0
-2.3942235 42.54354 0.0294 26.0 35.0
-2.3942235 42.54354 0.0295 25.0 36.0
-3.192298 43.49318 0.0295 25.0 36.0
-3.192298 43.49318 0.0296 24.0 37.0
-3.9903724 44.442818 0.0296 24.0 37.0
-3.9903724 44.442818 0.0297 23.0 38.0
-4.788447 45.392456 0.0297 23.0 38.0
-4.788447 45.392456 0.0298 22.0 39.0
-5.586521 46.342094 0.0298 22.0 39.0
-5.586521 46.342094 0.0299 21.0 40.0
-6.384596 47.291733 0.0299 21.0 40.0
-6.384596 47.291733 0.0300 12.0 41.0
-6.384596 48.53219 0.0300 12.0 41.0
-6.384596 48.53219 0.0301 11.0 42.0
-6.384596 49.772644 0.0301 11.0 42.0
-6.384596 49.772644 0.0302 10.0 43.0
-6.384596 51.0131 0.0302 10.0 43.0
-6.384596 51.0131 0.0303 9.0 44.0
-6.384596 52.253555 0.0303 9.0 44.0
-6.384596 52.253555 0.0304 4.0 45.0
-7.0757484 53.203194 0.39903724304 4.0 45.0
-7.0757484 53.203194 0.39903724305 3.0 46.0
-7.766901 54.152832 0.7980745305 3.0 46.0
-7.766901 54.152832 0.7980745306 0.0 47.0
-7.766901 55.393288 0.7980745306 0.0 47.0
-7.766901 55.393288 0.7980745307 0.0 48.0
-7.766901 56.633743 0.7980745307 0.0 48.0
-7.766901 54.152832 0.7980745308 2.0 47.0
-8.564976 55.10247 0.7980745308 2.0 47.0
-8.564976 55.10247 0.7980745309 1.0 48.0
-9.36305 56.05211 0.7980745309 1.0 48.0
-9.36305 56.05211 0.7980745310 0.0 49.0
-9.36305 57.292564 0.7980745310 0.0 49.0
-9.36305 57.292564 0.7980745311 0.0 50.0
-9.36305 58.53302 0.7980745311 0.0 50.0
-9.36305 56.05211 0.7980745312 0.0 49.0
-10.58499 56.26565 0.7980745312 0.0 49.0
-10.58499 56.26565 0.7980745313 0.0 50.0
-11.806929 56.479195 0.7980745313 0.0 50.0
-6.384596 52.253555 0.0314 8.0 45.0
-6.384596 53.49401 0.0314 8.0 45.0
-6.384596 53.49401 0.0315 7.0 46.0
-6.384596 54.734467 0.0315 7.0 46.0
-6.384596 54.734467 0.0316 6.0 47.0
-6.384596 55.974922 0.0316 6.0 47.0
-6.384596 55.974922 0.0317 5.0 48.0
-6.384596 57.215378 0.0317 5.0 48.0
-6.384596 57.215378 0.0318 4.0 49.0
-5.6934433 58.165016 -0.39903724318 4.0 49.0
-5.6934433 58.165016 -0.39903724319 3.0 50.0
-5.0022907 59.114655 -0.7980745319 3.0 50.0
-5.0022907 59.114655 -0.7980745320 0.0 51.0
-3.9440608 59.328197 -1.4090439320 0.0 51.0
-3.9440608 59.328197 -1.4090439321 0.0 52.0
-2.722122 59.54174 -1.4090439321 0.0 52.0
-5.0022907 59.114655 -0.7980745322 2.0 51.0
-4.204216 60.064293 -0.7980745322 2.0 51.0
-4.204216 60.064293 -0.7980745323 1.0 52.0
-3.4061415 61.01393 -0.7980745323 1.0 52.0
-3.4061415 61.01393 -0.7980745324 0.0 53.0
-2.3479114 61.227474 -1.4090439324 0.0 53.0
-2.3479114 61.227474 -1.4090439325 0.0 54.0
-1.1259725 61.441017 -1.4090439325 0.0 54.0
-3.4061415 61.01393 -0.7980745326 0.0 53.0
-3.4061415 62.254387 -0.7980745326 0.0 53.0
-3.4061415 62.254387 -0.7980745327 0.0 54.0
-3.4061415 63.494843 -0.7980745327 0.0 54.0
-6.384596 57.215378 0.0328 4.0 49.0
-7.1826706 58.165016 0.0328 4.0 49.0
-7.1826706 58.165016 0.0329 3.0 50.0
-7.9807453 59.114655 0.0329 3.0 50.0
-7.9807453 59.114655 0.0330 0.0 51.0
-7.9807453 60.35511 0.0330 0.0 51.0
-7.9807453 60.35511 0.0331 0.0 52.0
-7.9807453 61.595566 0.0331 0.0 52.0
-7.9807453 59.114655 0.0332 2.0 51.0
-8.77882 60.064293 0.0332 2.0 51.0
-8.77882 60.064293 0.0333 1.0 52.0
-9.576895 61.01393 0.0333 1.0 52.0
-9.576895 61.01393 0.0334 0.0 53.0
-9.576895 62.254387 0.0334 0.0 53.0
-9.576895 62.254387 0.0335 0.0 54.0
-9.576895 63.494843 0.0335 0.0 54.0
-9.576895 61.01393 0.0336 0.0 53.0
-10.798834 61.227474 0.0336 0.0 53.0
-10.798834 61.227474 0.0337 0.0 54.0
-12.020773 61.441017 0.0337 0.0 54.0
-6.384596 47.291733 0.0338 20.0 41.0
-7.1826706 48.24137 0.0338 20.0 41.0
-7.1826706 48.24137 0.0339 19.0 42.0
-7.9807453 49.19101 0.0339 19.0 42.0
-7.9807453 49.19101 0.0340 18.0 43.0
-8.77882 50.140648 0.0340 18.0 43.0
-8.77882 50.140648 0.0341 17.0 44.0
-9.576895 51.090286 0.0341 17.0 44.0
-9.576895 51.090286 0.0342 16.0 45.0
-10.3749695 52.039925 0.0342 16.0 45.0
-10.3749695 52.039925 0.0343 15.0 46.0
-11.173044 52.989563 0.0343 15.0 46.0
-11.173044 52.989563 0.0344 14.0 47.0
-11.971119 53.9392 0.0344 14.0 47.0
-11.971119 53.9392 0.0345 13.0 48.0
-12.769194 54.88884 0.0345 13.0 48.0
-12.769194 54.88884 0.0346 12.0 49.0
-12.769194 56.129295 0.0346 12.0 49.0
-12.769194 56.129295 0.0347 11.0 50.0
-12.769194 57.36975 0.0347 11.0 50.0
-12.769194 57.36975 0.0348 10.0 51.0
-12.769194 58.610207 0.0348 10.0 51.0
-12.769194 58.610207 0.0349 9.0 52.0
-12.769194 59.850662 0.0349 9.0 52.0
-12.769194 59.850662 0.0350 4.0 53.0
-13.460346 60.8003 0.39903724350 4.0 53.0
-13.460346 60.8003 0.39903724351 3.0 54.0
-14.151499 61.74994 0.7980745351 3.0 54.0
-14.151499 61.74994 0.7980745352 0.0 55.0
-14.151499 62.990395 0.7980745352 0.0 55.0
-14.151499 62.990395 0.7980745353 0.0 56.0
-14.151499 64.23085 0.7980745353 0.0 56.0
-14.151499 61.74994 0.7980745354 2.0 55.0
-14.9495735 62.699577 0.7980745354 2.0 55.0
-14.9495735 62.699577 0.7980745355 1.0 56.0
-15.747648 63.649216 0.7980745355 1.0 56.0
-15.747648 63.649216 0.7980745356 0.0 57.0
-15.747648 64.88967 0.7980745356 0.0 57.0
-15.747648 64.88967 0.7980745357 0.0 58.0
-15.747648 66.13013 0.7980745357 0.0 58.0
-15.747648 63.649216 0.7980745358 0.0 57.0
-16.969587 63.86276 0.7980745358 0.0 57.0
-16.969587 63.86276 0.7980745359 0.0 58.0
-18.191526 64.0763 0.7980745359 0.0 58.0
-12.769194 59.850662 0.0360 8.0 53.0
-12.769194 61.091118 0.0360 8.0 53.0
-12.769194 61.091118 0.0361 7.0 54.0
-12.769194 62.331573 0.0361 7.0 54.0
-12.769194 62.331573 0.0362 6.0 55.0
-12.769194 63.57203 0.0362 6.0 55.0
-12.769194 63.57203 0.0363 5.0 56.0
-12.769194 64.812485 0.0363 5.0 56.0
-12.769194 64.812485 0.0364 4.0 57.0
-12.078041 65.76212 -0.39903724364 4.0 57.0
-12.078041 65.76212 -0.39903724365 3.0 58.0
-11.3868885 66.71176 -0.7980745365 3.0 58.0
-11.3868885 66.71176 -0.7980745366 0.0 59.0
-10.328658 66.9253 -1.4090439366 0.0 59.0
-10.328658 66.9253 -1.4090439367 0.0 60.0
-9.106719 67.13884 -1.4090439367 0.0 60.0
-11.3868885 66.71176 -0.7980745368 2.0 59.0
-10.588814 67.6614 -0.7980745368 2.0 59.0
-10.588814 67.6614 -0.7980745369 1.0 60.0
-9.790739 68.61104 -0.7980745369 1.0 60.0
-9.790739 68.61104 -0.7980745370 0.0 61.0
-8.732509 68.82458 -1.4090439370 0.0 61.0
-8.732509 68.82458 -1.4090439371 0.0 62.0
-7.5105696 69.03812 -1.4090439371 0.0 62.0
-9.790739 68.61104 -0.7980745372 0.0 61.0
-9.790739 69.851494 -0.7980745372 0.0 61.0
-9.790739 69.851494 -0.7980745373 0.0 62.0
-9.790739 71.09195 -0.7980745373 0.0 62.0
-12.769194 64.812485 0.0374 4.0 57.0
-13.567268 65.76212 0.0374 4.0 57.0
-13.567268 65.76212 0.0375 3.0 58.0
-14.365343 66.71176 0.0375 3.0 58.0
-14.365343 66.71176 0.0376 0.0 59.0
-14.365343 67.95222 0.0376 0.0 59.0
-14.365343 67.95222 0.0377 0.0 60.0
-14.365343 69.19267 0.0377 0.0 60.0
-14.365343 66.71176 0.0378 2.0 59.0
-15.163418 67.6614 0.0378 2.0 59.0
-15.163418 67.6614 0.0379 1.0 60.0
-15.961493 68.61104 0.0379 1.0 60.0
-15.961493 68.61104 0.0380 0.0 61.0
-15.961493 69.851494 0.0380 0.0 61.0
-15.961493 69.851494 0.0381 0.0 62.0
-15.961493 71.09195 0.0381 0.0 62.0
-15.961493 68.61104 0.0382 0.0 61.0
-17.183432 68.82458 0.0382 0.0 61.0
-17.183432 68.82458 0.0383 0.0 62.0
-18.40537 69.03812 0.0383 0.0 62.0
-12.769194 54.88884 0.0384 12.0 49.0
-13.991133 55.102383 0.0384 12.0 49.0
-13.991133 55.102383 0.0385 11.0 50.0
-15.213072 55.315926 0.0385 11.0 50.0
-15.213072 55.315926 0.0386 10.0 51.0
-16.43501 55.52947 0.0386 10.0 51.0
-16.43501 55.52947 0.0387 9.0 52.0
-17.65695 55.74301 0.0387 9.0 52.0
-17.65695 55.74301 0.0388 4.0 53.0
-18.586063 55.120327 0.53642344388 4.0 53.0
-18.586063 55.120327 0.53642344389 3.0 54.0
-19.515177 54.497643 1.0728469389 3.0 54.0
-19.515177 54.497643 1.0728469390 0.0 55.0
-20.573406 54.711185 1.6838163390 0.0 55.0
-20.573406 54.711185 1.6838163391 0.0 56.0
-21.795345 54.92473 1.6838163391 0.0 56.0
-19.515177 54.497643 1.0728469392 2.0 55.0
-20.588024 53.874958 1.0728469392 2.0 55.0
-20.588024 53.874958 1.0728469393 1.0 56.0
-21.660872 53.252274 1.0728469393 1.0 56.0
-21.660872 53.252274 1.0728469394 0.0 57.0
-22.7191 53.465816 1.6838163394 0.0 57.0
-22.7191 53.465816 1.6838163395 0.0 58.0
-23.94104 53.67936 1.6838163395 0.0 58.0
-21.660872 53.252274 1.0728469396 0.0 57.0
-22.081577 52.08534 1.0728469396 0.0 57.0
-22.081577 52.08534 1.0728469397 0.0 58.0
-22.502283 50.918404 1.0728469397 0.0 58.0
-17.65695 55.74301 0.0398 8.0 53.0
-18.87889 55.956554 0.0398 8.0 53.0
-18.87889 55.956554 0.0399 7.0 54.0
-20.100828 56.170097 0.0399 7.0 54.0
-20.100828 56.170097 0.0400 6.0 55.0
-21.322767 56.38364 0.0400 6.0 55.0
-21.322767 56.38364 0.0401 5.0 56.0
-22.544706 56.597183 0.0401 5.0 56.0
-22.544706 56.597183 0.0402 4.0 57.0
-23.235859 57.54682 0.39903724402 4.0 57.0
-23.235859 57.54682 0.39903724403 3.0 58.0
-23.927011 58.49646 0.7980745403 3.0 58.0
-23.927011 58.49646 0.7980745404 0.0 59.0
-23.927011 59.736916 0.7980745404 0.0 59.0
-23.927011 59.736916 0.7980745405 0.0 60.0
-23.927011 60.97737 0.7980745405 0.0 60.0
-23.927011 58.49646 0.7980745406 2.0 59.0
-24.725086 59.4461 0.7980745406 2.0 59.0
-24.725086 59.4461 0.7980745407 1.0 60.0
-25.52316 60.395737 0.7980745407 1.0 60.0
-25.52316 60.395737 0.7980745408 0.0 61.0
-25.52316 61.636192 0.7980745408 0.0 61.0
-25.52316 61.636192 0.7980745409 0.0 62.0
-25.52316 62.876648 0.7980745409 0.0 62.0
-25.52316 60.395737 0.7980745410 0.0 61.0
-26.7451 60.60928 0.7980745410 0.0 61.0
-26.7451 60.60928 0.7980745411 0.0 62.0
-27.96704 60.822823 0.7980745411 0.0 62.0
-22.544706 56.597183 0.0412 4.0 57.0
-23.617554 55.9745 0.0412 4.0 57.0
-23.617554 55.9745 0.0413 3.0 58.0
-24.690401 55.351814 0.0413 3.0 58.0
-24.690401 55.351814 0.0414 0.0 59.0
-25.74863 55.565357 0.6109694414 0.0 59.0
-25.74863 55.565357 0.6109694415 0.0 60.0
-26.97057 55.7789 0.6109694415 0.0 60.0
-24.690401 55.351814 0.0416 2.0 59.0
-25.763248 54.72913 0.0416 2.0 59.0
-25.763248 54.72913 0.0417 1.0 60.0
-26.836096 54.106445 0.0417 1.0 60.0
-26.836096 54.106445 0.0418 0.0 61.0
-27.894325 54.31999 0.6109694418 0.0 61.0
-27.894325 54.31999 0.6109694419 0.0 62.0
-29.116264 54.53353 0.6109694419 0.0 62.0
-26.836096 54.106445 0.0420 0.0 61.0
-27.256802 52.93951 0.0420 0.0 61.0
-27.256802 52.93951 0.0421 0.0 62.0
-27.677507 51.772575 0.0421 0.0 62.0
