0.0 0.0 0.00 11.0 1.0
0.0 3.7751803 0.00 11.0 1.0
0.0 3.7751803 0.01 10.0 2.0
0.0 7.5503607 0.01 10.0 2.0
0.0 7.5503607 0.02 1.0 3.0
3.0131931 9.2423115 -1.51985442 1.0 3.0
3.0131931 9.2423115 -1.51985443 0.0 4.0
4.783714 12.454741 -2.4129053 0.0 4.0
4.783714 12.454741 -2.4129054 0.0 5.0
4.783714 16.229921 -2.4129054 0.0 5.0
0.0 7.5503607 0.05 1.0 3.0
-1.886503 10.762791 0.611056575 1.0 3.0
-1.886503 10.762791 0.611056576 0.0 4.0
-1.886503 14.5379715 0.611056576 0.0 4.0
-1.886503 14.5379715 0.611056577 0.0 5.0
0.0 17.7504 0.07 0.0 5.0
0.0 7.5503607 0.08 9.0 3.0
0.0 11.325541 0.08 9.0 3.0
0.0 11.325541 0.09 8.0 4.0
0.0 15.100721 0.09 8.0 4.0
0.0 15.100721 0.010 1.0 5.0
2.934889 16.792671 -1.666047910 1.0 5.0
2.934889 16.792671 -1.666047911 0.0 6.0
4.6593995 20.0051 -2.645000511 0.0 6.0
4.6593995 20.0051 -2.645000512 0.0 7.0
4.6593995 23.780281 -2.645000512 0.0 7.0
0.0 15.100721 0.013 1.0 5.0
-1.9017618 18.31315 0.561770413 1.0 5.0
-1.9017618 18.31315 0.561770414 0.0 6.0
-1.9017618 22.088331 0.561770414 0.0 6.0
-1.9017618 22.088331 0.561770415 0.0 7.0
0.0 25.30076 0.015 0.0 7.0
0.0 15.100721 0.016 7.0 5.0
0.0 18.875902 0.016 7.0 5.0
0.0 18.875902 0.017 6.0 6.0
0.0 22.651083 0.017 6.0 6.0
0.0 22.651083 0.018 1.0 7.0
3.1696532 24.343033 -1.158701218 1.0 7.0
3.1696532 24.343033 -1.158701219 0.0 8.0
5.0321083 27.555462 -1.839541919 0.0 8.0
5.0321083 27.555462 -1.839541920 0.0 9.0
5.0321083 31.330643 -1.839541920 0.0 9.0
0.0 22.651083 0.021 1.0 7.0
-1.8697616 25.863512 0.660511421 1.0 7.0
-1.8697616 25.863512 0.660511422 0.0 8.0
-1.8697616 29.638693 0.660511422 0.0 8.0
-1.8697616 29.638693 0.660511423 0.0 9.0
0.0 32.851124 0.023 0.0 9.0
0.0 22.651083 0.024 5.0 7.0
-1.9829986 25.863512 0.024 5.0 7.0
-1.9829986 25.863512 0.025 4.0 8.0
-3.9659972 29.075941 0.025 4.0 8.0
-3.9659972 29.075941 0.026 1.0 9.0
-2.2233562 32.288372 -0.9463014626 1.0 9.0
-2.2233562 32.288372 -0.9463014627 0.0 10.0
-2.2233562 36.063553 -0.9463014627 0.0 10.0
-2.2233562 36.063553 -0.9463014628 0.0 11.0
-3.9659972 39.27598 0.028 0.0 11.0
-3.9659972 29.075941 0.029 1.0 9.0
-7.136786 30.76789 1.155589829 1.0 9.0
-7.136786 30.76789 1.155589830 0.0 10.0
-8.999908 33.98032 1.834602430 0.0 10.0
-8.999908 33.98032 1.834602431 0.0 11.0
-8.999908 37.7555 1.834602431 0.0 11.0
-3.9659972 29.075941 0.032 3.0 9.0
-7.3407993 30.76789 0.032 3.0 9.0
-7.3407993 30.76789 0.033 2.0 10.0
-10.715601 32.459843 0.033 2.0 10.0
-10.715601 32.459843 0.034 1.0 11.0
-10.715601 36.235023 0.034 1.0 11.0
-10.715601 36.235023 0.035 0.0 12.0
-12.542997 39.447453 0.7700032635 0.0 12.0
-12.542997 39.447453 0.7700032636 0.0 13.0
-15.652986 41.139404 2.080447236 0.0 13.0
-10.715601 32.459843 0.037 1.0 11.0
-14.028095 32.126892 1.780030637 1.0 11.0
-14.028095 32.126892 1.780030638 0.0 12.0
-17.000866 33.818844 3.377504338 0.0 12.0
-17.000866 33.818844 3.377504339 0.0 13.0
-18.747635 37.031273 4.316163539 0.0 13.0
0.0 15.100721 0.040 7.0 5.0
-3.4692583 14.767769 1.450991740 7.0 5.0
-3.4692583 14.767769 1.450991741 6.0 6.0
-6.9385166 14.434816 2.901983541 6.0 6.0
-6.9385166 14.434816 2.901983542 1.0 7.0
-8.674235 17.647245 3.86092242 1.0 7.0
-8.674235 17.647245 3.86092243 0.0 8.0
-11.628201 19.339195 5.492909443 0.0 8.0
-11.628201 19.339195 5.492909444 0.0 9.0
-14.91974 19.006243 7.311397644 0.0 9.0
-6.9385166 14.434816 2.901983545 1.0 7.0
-9.849485 12.176225 3.724788745 1.0 7.0
-9.849485 12.176225 3.724788746 0.0 8.0
-13.468175 11.843272 4.74763646 0.0 8.0
-13.468175 11.843272 4.74763647 0.0 9.0
-16.715738 13.535223 5.665581747 0.0 9.0
-6.9385166 14.434816 2.901983548 5.0 7.0
-10.313318 16.126766 2.901983548 5.0 7.0
-10.313318 16.126766 2.901983549 4.0 8.0
-13.68812 17.818718 2.901983549 4.0 8.0
-13.68812 17.818718 2.901983550 1.0 9.0
-13.68812 21.593899 2.901983550 1.0 9.0
-13.68812 21.593899 2.901983551 0.0 10.0
-15.534563 24.806328 3.625121851 0.0 10.0
-15.534563 24.806328 3.625121852 0.0 11.0
-18.676968 26.49828 4.85580852 0.0 11.0
-13.68812 17.818718 2.901983553 1.0 9.0
-17.070435 17.485765 4.54547953 1.0 9.0
-17.070435 17.485765 4.54547954 0.0 10.0
-20.105865 19.177715 6.0204254 0.0 10.0
-20.105865 19.177715 6.0204255 0.0 11.0
-21.889452 22.390144 6.8870855 0.0 11.0
-13.68812 17.818718 2.901983556 3.0 9.0
-15.671119 21.031147 2.901983556 3.0 9.0
-15.671119 21.031147 2.901983557 2.0 10.0
-17.654118 24.243576 2.901983557 2.0 10.0
-17.654118 24.243576 2.901983558 1.0 11.0
-15.783078 27.456005 2.245101558 1.0 11.0
-15.783078 27.456005 2.245101559 0.0 12.0
-15.783078 31.231186 2.245101559 0.0 12.0
-15.783078 31.231186 2.245101560 0.0 13.0
-17.654118 34.443615 2.901983760 0.0 13.0
-17.654118 24.243576 2.901983561 1.0 11.0
-20.74891 25.935528 4.24791961 1.0 11.0
-20.74891 25.935528 4.24791962 0.0 12.0
-22.567379 29.147957 5.03877762 0.0 12.0
-22.567379 29.147957 5.03877763 0.0 13.0
-22.567379 32.923138 5.03877763 0.0 13.0
