0.0 0.0 0.00 60.0 1.0
0.0 3.8905106 0.00 60.0 1.0
0.0 3.8905106 0.01 59.0 2.0
0.0 7.781021 0.01 59.0 2.0
0.0 7.781021 0.02 58.0 3.0
0.0 11.671532 0.02 58.0 3.0
0.0 11.671532 0.03 57.0 4.0
0.0 15.562042 0.03 57.0 4.0
0.0 15.562042 0.04 56.0 5.0
0.0 19.452553 0.04 56.0 5.0
0.0 19.452553 0.05 55.0 6.0
0.0 23.343063 0.05 55.0 6.0
0.0 23.343063 0.06 54.0 7.0
0.0 27.233574 0.06 54.0 7.0
0.0 27.233574 0.07 53.0 8.0
0.0 31.124084 0.07 53.0 8.0
0.0 31.124084 0.08 52.0 9.0
0.0 35.014595 0.08 52.0 9.0
0.0 35.014595 0.09 51.0 10.0
0.0 38.905106 0.09 51.0 10.0
0.0 38.905106 0.010 50.0 11.0
0.0 42.795616 0.010 50.0 11.0
0.0 42.795616 0.011 49.0 12.0
0.0 46.686127 0.011 49.0 12.0
0.0 46.686127 0.012 48.0 13.0
0.0 50.576637 0.012 48.0 13.0
0.0 50.576637 0.013 47.0 14.0
0.0 54.467148 0.013 47.0 14.0
0.0 54.467148 0.014 46.0 15.0
0.0 58.35766 0.014 46.0 15.0
0.0 58.35766 0.015 45.0 16.0
0.0 62.24817 0.015 45.0 16.0
0.0 62.24817 0.016 28.0 17.0
-2.725683 65.02427 0.016 28.0 17.0
-2.725683 65.02427 0.017 27.0 18.0
-5.451366 67.80037 0.017 27.0 18.0
-5.451366 67.80037 0.018 26.0 19.0
-8.177049 70.57647 0.018 26.0 19.0
-8.177049 70.57647 0.019 25.0 20.0
-10.902732 73.35257 0.019 25.0 20.0
-10.902732 73.35257 0.020 24.0 21.0
-13.628415 76.12867 0.020 24.0 21.0
-13.628415 76.12867 0.021 23.0 22.0
-16.354097 78.90477 0.021 23.0 22.0
-16.354097 78.90477 0.022 22.0 23.0
-19.07978 81.68087 0.022 22.0 23.0
-19.07978 81.68087 0.023 21.0 24.0
-21.805464 84.45697 0.023 21.0 24.0
-21.805464 84.45697 0.024 12.0 25.0
-21.805464 88.34748 0.024 12.0 25.0
-21.805464 88.34748 0.025 11.0 26.0
-21.805464 92.23799 0.025 11.0 26.0
-21.805464 92.23799 0.026 10.0 27.0
-21.805464 96.1285 0.026 10.0 27.0
-21.805464 96.1285 0.027 9.0 28.0
-21.805464 100.01901 0.027 9.0 28.0
-21.805464 100.01901 0.028 4.0 29.0
-24.531147 102.79511 0.028 4.0 29.0
-24.531147 102.79511 0.029 3.0 30.0
-27.25683 105.57121 0.029 3.0 30.0
-27.25683 105.57121 0.030 0.0 31.0
-31.146687 105.64251 0.030 0.0 31.0
-31.146687 105.64251 0.031 0.0 32.0
-35.036545 105.713806 0.031 0.0 32.0
-27.25683 105.57121 0.032 2.0 31.0
-29.982513 108.34731 0.032 2.0 31.0
-29.982513 108.34731 0.033 1.0 32.0
-32.708195 111.12341 0.033 1.0 32.0
-32.708195 111.12341 0.034 0.0 33.0
-32.708195 115.01392 0.034 0.0 33.0
-32.708195 115.01392 0.035 0.0 34.0
-32.708195 118.904434 0.035 0.0 34.0
-32.708195 111.12341 0.036 0.0 33.0
-36.598053 111.19471 0.036 0.0 33.0
-36.598053 111.19471 0.037 0.0 34.0
-40.48791 111.26601 0.037 0.0 34.0
-21.805464 100.01901 0.038 8.0 29.0
-21.805464 103.90952 0.038 8.0 29.0
-21.805464 103.90952 0.039 7.0 30.0
-21.805464 107.80003 0.039 7.0 30.0
-21.805464 107.80003 0.040 6.0 31.0
-21.805464 111.690544 0.040 6.0 31.0
-21.805464 111.690544 0.041 5.0 32.0
-21.805464 115.581055 0.041 5.0 32.0
-21.805464 115.581055 0.042 4.0 33.0
-19.07978 118.357155 0.042 4.0 33.0
-19.07978 118.357155 0.043 3.0 34.0
-16.354097 121.133255 0.043 3.0 34.0
-16.354097 121.133255 0.044 0.0 35.0
-16.354097 125.023766 0.044 0.0 35.0
-16.354097 125.023766 0.045 0.0 36.0
-16.354097 128.91428 0.045 0.0 36.0
-16.354097 121.133255 0.046 2.0 35.0
-13.628414 123.909355 0.046 2.0 35.0
-13.628414 123.909355 0.047 1.0 36.0
-10.902731 126.685455 0.047 1.0 36.0
-10.902731 126.685455 0.048 0.0 37.0
-7.0128736 126.75675 0.048 0.0 37.0
-7.0128736 126.75675 0.049 0.0 38.0
-3.1230164 126.82805 0.049 0.0 38.0
-10.902731 126.685455 0.050 0.0 37.0
-10.902731 130.57596 0.050 0.0 37.0
-10.902731 130.57596 0.051 0.0 38.0
-10.902731 134.46646 0.051 0.0 38.0
-21.805464 115.581055 0.052 4.0 33.0
-24.531147 118.357155 0.052 4.0 33.0
-24.531147 118.357155 0.053 3.0 34.0
-27.25683 121.133255 0.053 3.0 34.0
-27.25683 121.133255 0.054 0.0 35.0
-31.146687 121.20455 0.054 0.0 35.0
-31.146687 121.20455 0.055 0.0 36.0
-35.036545 121.27585 0.055 0.0 36.0
-27.25683 121.133255 0.056 2.0 35.0
-29.982513 123.909355 0.056 2.0 35.0
-29.982513 123.909355 0.057 1.0 36.0
-32.708195 126.685455 0.057 1.0 36.0
-32.708195 126.685455 0.058 0.0 37.0
-32.708195 130.57596 0.058 0.0 37.0
-32.708195 130.57596 0.059 0.0 38.0
-32.708195 134.46646 0.059 0.0 38.0
-32.708195 126.685455 0.060 0.0 37.0
-36.598053 126.75675 0.060 0.0 37.0
-36.598053 126.75675 0.061 0.0 38.0
-40.48791 126.82805 0.061 0.0 38.0
-21.805464 84.45697 0.062 20.0 25.0
-24.531147 87.23307 0.062 20.0 25.0
-24.531147 87.23307 0.063 19.0 26.0
-27.25683 90.00917 0.063 19.0 26.0
-27.25683 90.00917 0.064 18.0 27.0
-29.982513 92.78527 0.064 18.0 27.0
-29.982513 92.78527 0.065 17.0 28.0
-32.708195 95.56137 0.065 17.0 28.0
-32.708195 95.56137 0.066 16.0 29.0
-35.433876 98.33747 0.066 16.0 29.0
-35.433876 98.33747 0.067 15.0 30.0
-38.159557 101.11357 0.067 15.0 30.0
-38.159557 101.11357 0.068 14.0 31.0
-40.88524 103.88967 0.068 14.0 31.0
-40.88524 103.88967 0.069 13.0 32.0
-43.61092 106.66577 0.069 13.0 32.0
-43.61092 106.66577 0.070 12.0 33.0
-43.61092 110.55628 0.070 12.0 33.0
-43.61092 110.55628 0.071 11.0 34.0
-43.61092 114.44679 0.071 11.0 34.0
-43.61092 114.44679 0.072 10.0 35.0
-43.61092 118.3373 0.072 10.0 35.0
-43.61092 118.3373 0.073 9.0 36.0
-43.61092 122.22781 0.073 9.0 36.0
-43.61092 122.22781 0.074 4.0 37.0
-46.3366 125.003914 0.074 4.0 37.0
-46.3366 125.003914 0.075 3.0 38.0
-49.062283 127.780014 0.075 3.0 38.0
-49.062283 127.780014 0.076 0.0 39.0
-52.95214 127.85131 0.076 0.0 39.0
-52.95214 127.85131 0.077 0.0 40.0
-56.842 127.92261 0.077 0.0 40.0
-49.062283 127.780014 0.078 2.0 39.0
-51.787964 130.5561 0.078 2.0 39.0
-51.787964 130.5561 0.079 1.0 40.0
-54.513645 133.3322 0.079 1.0 40.0
-54.513645 133.3322 0.080 0.0 41.0
-54.513645 137.22272 0.080 0.0 41.0
-54.513645 137.22272 0.081 0.0 42.0
-54.513645 141.11322 0.081 0.0 42.0
-54.513645 133.3322 0.082 0.0 41.0
-58.403503 133.40349 0.082 0.0 41.0
-58.403503 133.40349 0.083 0.0 42.0
-62.29336 133.47478 0.083 0.0 42.0
-43.61092 122.22781 0.084 8.0 37.0
-43.61092 126.118324 0.084 8.0 37.0
-43.61092 126.118324 0.085 7.0 38.0
-43.61092 130.00883 0.085 7.0 38.0
-43.61092 130.00883 0.086 6.0 39.0
-43.61092 133.89935 0.086 6.0 39.0
-43.61092 133.89935 0.087 5.0 40.0
-43.61092 137.78986 0.087 5.0 40.0
-43.61092 137.78986 0.088 4.0 41.0
-40.88524 140.56595 0.088 4.0 41.0
-40.88524 140.56595 0.089 3.0 42.0
-38.159557 143.34204 0.089 3.0 42.0
-38.159557 143.34204 0.090 0.0 43.0
-38.159557 147.23254 0.090 0.0 43.0
-38.159557 147.23254 0.091 0.0 44.0
-38.159557 151.12305 0.091 0.0 44.0
-38.159557 143.34204 0.092 2.0 43.0
-35.433876 146.11813 0.092 2.0 43.0
-35.433876 146.11813 0.093 1.0 44.0
-32.708195 148.89423 0.093 1.0 44.0
-32.708195 148.89423 0.094 0.0 45.0
-28.818336 148.96552 0.094 0.0 45.0
-28.818336 148.96552 0.095 0.0 46.0
-24.928478 149.0368 0.095 0.0 46.0
-32.708195 148.89423 0.096 0.0 45.0
-32.708195 152.78473 0.096 0.0 45.0
-32.708195 152.78473 0.097 0.0 46.0
-32.708195 156.67523 0.097 0.0 46.0
-43.61092 137.78986 0.098 4.0 41.0
-46.3366 140.56595 0.098 4.0 41.0
-46.3366 140.56595 0.099 3.0 42.0
-49.062283 143.34204 0.099 3.0 42.0
-49.062283 143.34204 0.0100 0.0 43.0
-52.95214 143.41333 0.0100 0.0 43.0
-52.95214 143.41333 0.0101 0.0 44.0
-56.842 143.48462 0.0101 0.0 44.0
-49.062283 143.34204 0.0102 2.0 43.0
-51.787964 146.11813 0.0102 2.0 43.0
-51.787964 146.11813 0.0103 1.0 44.0
-54.513645 148.89423 0.0103 1.0 44.0
-54.513645 148.89423 0.0104 0.0 45.0
-54.513645 152.78473 0.0104 0.0 45.0
-54.513645 152.78473 0.0105 0.0 46.0
-54.513645 156.67523 0.0105 0.0 46.0
-54.513645 148.89423 0.0106 0.0 45.0
-58.403503 148.96552 0.0106 0.0 45.0
-58.403503 148.96552 0.0107 0.0 46.0
-62.29336 149.0368 0.0107 0.0 46.0
-43.61092 106.66577 0.0108 12.0 33.0
-47.50078 106.73707 0.0108 12.0 33.0
-47.50078 106.73707 0.0109 11.0 34.0
-51.390636 106.808365 0.0109 11.0 34.0
-51.390636 106.808365 0.0110 10.0 35.0
-55.280495 106.87966 0.0110 10.0 35.0
-55.280495 106.87966 0.0111 9.0 36.0
-59.170353 106.95096 0.0111 9.0 36.0
-59.170353 106.95096 0.0112 4.0 37.0
-61.995934 104.2766 0.0112 4.0 37.0
-61.995934 104.2766 0.0113 3.0 38.0
-64.82152 101.60225 0.0113 3.0 38.0
-64.82152 101.60225 0.0114 0.0 39.0
-64.96409 97.714355 0.0114 0.0 39.0
-64.96409 97.714355 0.0115 0.0 40.0
-65.10666 93.82646 0.0115 0.0 40.0
-64.82152 101.60225 0.0116 2.0 39.0
-67.6471 98.927895 0.0116 2.0 39.0
-67.6471 98.927895 0.0117 1.0 40.0
-70.47269 96.25354 0.0117 1.0 40.0
-70.47269 96.25354 0.0118 0.0 41.0
-74.36254 96.32484 0.0118 0.0 41.0
-74.36254 96.32484 0.0119 0.0 42.0
-78.252396 96.39613 0.0119 0.0 42.0
-70.47269 96.25354 0.0120 0.0 41.0
-70.61526 92.36565 0.0120 0.0 41.0
-70.61526 92.36565 0.0121 0.0 42.0
-70.75783 88.47775 0.0121 0.0 42.0
-59.170353 106.95096 0.0122 8.0 37.0
-63.06021 107.022255 0.0122 8.0 37.0
-63.06021 107.022255 0.0123 7.0 38.0
-66.950066 107.09355 0.0123 7.0 38.0
-66.950066 107.09355 0.0124 6.0 39.0
-70.83992 107.16485 0.0124 6.0 39.0
-70.83992 107.16485 0.0125 5.0 40.0
-74.729774 107.236145 0.0125 5.0 40.0
-74.729774 107.236145 0.0126 4.0 41.0
-77.45546 110.012245 0.0126 4.0 41.0
-77.45546 110.012245 0.0127 3.0 42.0
-80.181145 112.788345 0.0127 3.0 42.0
-80.181145 112.788345 0.0128 0.0 43.0
-84.071 112.85964 0.0128 0.0 43.0
-84.071 112.85964 0.0129 0.0 44.0
-87.96085 112.93094 0.0129 0.0 44.0
-80.181145 112.788345 0.0130 2.0 43.0
-82.90683 115.564445 0.0130 2.0 43.0
-82.90683 115.564445 0.0131 1.0 44.0
-85.632515 118.340546 0.0131 1.0 44.0
-85.632515 118.340546 0.0132 0.0 45.0
-85.632515 122.23106 0.0132 0.0 45.0
-85.632515 122.23106 0.0133 0.0 46.0
-85.632515 126.12157 0.0133 0.0 46.0
-85.632515 118.340546 0.0134 0.0 45.0
-89.52237 118.41184 0.0134 0.0 45.0
-89.52237 118.41184 0.0135 0.0 46.0
-93.412224 118.48314 0.0135 0.0 46.0
-74.729774 107.236145 0.0136 4.0 41.0
-77.55536 104.56179 0.0136 4.0 41.0
-77.55536 104.56179 0.0137 3.0 42.0
-80.38094 101.887436 0.0137 3.0 42.0
-80.38094 101.887436 0.0138 0.0 43.0
-80.52351 97.99954 0.0138 0.0 43.0
-80.52351 97.99954 0.0139 0.0 44.0
-80.666084 94.11165 0.0139 0.0 44.0
-80.38094 101.887436 0.0140 2.0 43.0
-83.20653 99.21308 0.0140 2.0 43.0
-83.20653 99.21308 0.0141 1.0 44.0
-86.03211 96.53873 0.0141 1.0 44.0
-86.03211 96.53873 0.0142 0.0 45.0
-89.92197 96.61002 0.0142 0.0 45.0
-89.92197 96.61002 0.0143 0.0 46.0
-93.81182 96.68132 0.0143 0.0 46.0
-86.03211 96.53873 0.0144 0.0 45.0
-86.17468 92.65083 0.0144 0.0 45.0
-86.17468 92.65083 0.0145 0.0 46.0
-86.31725 88.76294 0.0145 0.0 46.0
0.0 62.24817 0.0146 44.0 17.0
0.0 66.13868 0.0146 44.0 17.0
0.0 66.13868 0.0147 43.0 18.0
0.0 70.02919 0.0147 43.0 18.0
0.0 70.02919 0.0148 42.0 19.0
0.0 73.9197 0.0148 42.0 19.0
0.0 73.9197 0.0149 41.0 20.0
0.0 77.81021 0.0149 41.0 20.0
0.0 77.81021 0.0150 40.0 21.0
0.0 81.70072 0.0150 40.0 21.0
0.0 81.70072 0.0151 39.0 22.0
0.0 85.59123 0.0151 39.0 22.0
0.0 85.59123 0.0152 38.0 23.0
0.0 89.48174 0.0152 38.0 23.0
0.0 89.48174 0.0153 37.0 24.0
0.0 93.37225 0.0153 37.0 24.0
0.0 93.37225 0.0154 36.0 25.0
0.0 97.262764 0.0154 36.0 25.0
0.0 97.262764 0.0155 35.0 26.0
0.0 101.153275 0.0155 35.0 26.0
0.0 101.153275 0.0156 34.0 27.0
0.0 105.043785 0.0156 34.0 27.0
0.0 105.043785 0.0157 33.0 28.0
0.0 108.934296 0.0157 33.0 28.0
0.0 108.934296 0.0158 32.0 29.0
0.0 112.82481 0.0158 32.0 29.0
0.0 112.82481 0.0159 31.0 30.0
0.0 116.71532 0.0159 31.0 30.0
0.0 116.71532 0.0160 30.0 31.0
0.0 120.60583 0.0160 30.0 31.0
0.0 120.60583 0.0161 29.0 32.0
0.0 124.49634 0.0161 29.0 32.0
0.0 124.49634 0.0162 28.0 33.0
2.725683 127.27244 0.0162 28.0 33.0
2.725683 127.27244 0.0163 27.0 34.0
5.451366 130.04854 0.0163 27.0 34.0
5.451366 130.04854 0.0164 26.0 35.0
8.177049 132.82463 0.0164 26.0 35.0
8.177049 132.82463 0.0165 25.0 36.0
10.902732 135.60072 0.0165 25.0 36.0
10.902732 135.60072 0.0166 24.0 37.0
13.628415 138.37682 0.0166 24.0 37.0
13.628415 138.37682 0.0167 23.0 38.0
16.354097 141.15291 0.0167 23.0 38.0
16.354097 141.15291 0.0168 22.0 39.0
19.07978 143.929 0.0168 22.0 39.0
19.07978 143.929 0.0169 21.0 40.0
21.805464 146.7051 0.0169 21.0 40.0
21.805464 146.7051 0.0170 12.0 41.0
25.69532 146.77638 0.0170 12.0 41.0
25.69532 146.77638 0.0171 11.0 42.0
29.585178 146.84767 0.0171 11.0 42.0
29.585178 146.84767 0.0172 10.0 43.0
33.475037 146.91896 0.0172 10.0 43.0
33.475037 146.91896 0.0173 9.0 44.0
37.364895 146.99025 0.0173 9.0 44.0
37.364895 146.99025 0.0174 4.0 45.0
40.090576 149.76634 0.0174 4.0 45.0
40.090576 149.76634 0.0175 3.0 46.0
42.816257 152.54243 0.0175 3.0 46.0
42.816257 152.54243 0.0176 0.0 47.0
42.816257 156.43295 0.0176 0.0 47.0
42.816257 156.43295 0.0177 0.0 48.0
42.816257 160.32346 0.0177 0.0 48.0
42.816257 152.54243 0.0178 2.0 47.0
45.54194 155.31853 0.0178 2.0 47.0
45.54194 155.31853 0.0179 1.0 48.0
48.26762 158.09462 0.0179 1.0 48.0
48.26762 158.09462 0.0180 0.0 49.0
52.15748 158.16591 0.0180 0.0 49.0
52.15748 158.16591 0.0181 0.0 50.0
56.047337 158.2372 0.0181 0.0 50.0
48.26762 158.09462 0.0182 0.0 49.0
48.26762 161.98514 0.0182 0.0 49.0
48.26762 161.98514 0.0183 0.0 50.0
48.26762 165.87564 0.0183 0.0 50.0
37.364895 146.99025 0.0184 8.0 45.0
41.254753 147.06154 0.0184 8.0 45.0
41.254753 147.06154 0.0185 7.0 46.0
45.14461 147.13283 0.0185 7.0 46.0
45.14461 147.13283 0.0186 6.0 47.0
49.03447 147.20412 0.0186 6.0 47.0
49.03447 147.20412 0.0187 5.0 48.0
52.924328 147.2754 0.0187 5.0 48.0
52.924328 147.2754 0.0188 4.0 49.0
55.74991 144.60106 0.0188 4.0 49.0
55.74991 144.60106 0.0189 3.0 50.0
58.57549 141.92671 0.0189 3.0 50.0
58.57549 141.92671 0.0190 0.0 51.0
62.465347 141.998 0.0190 0.0 51.0
62.465347 141.998 0.0191 0.0 52.0
66.3552 142.06929 0.0191 0.0 52.0
58.57549 141.92671 0.0192 2.0 51.0
61.40107 139.25237 0.0192 2.0 51.0
61.40107 139.25237 0.0193 1.0 52.0
64.226654 136.57802 0.0193 1.0 52.0
64.226654 136.57802 0.0194 0.0 53.0
64.369225 132.69012 0.0194 0.0 53.0
64.369225 132.69012 0.0195 0.0 54.0
64.511795 128.80223 0.0195 0.0 54.0
64.226654 136.57802 0.0196 0.0 53.0
68.11651 136.6493 0.0196 0.0 53.0
68.11651 136.6493 0.0197 0.0 54.0
72.00636 136.7206 0.0197 0.0 54.0
52.924328 147.2754 0.0198 4.0 49.0
55.65001 150.0515 0.0198 4.0 49.0
55.65001 150.0515 0.0199 3.0 50.0
58.37569 152.82759 0.0199 3.0 50.0
58.37569 152.82759 0.0200 0.0 51.0
58.37569 156.71811 0.0200 0.0 51.0
58.37569 156.71811 0.0201 0.0 52.0
58.37569 160.60861 0.0201 0.0 52.0
58.37569 152.82759 0.0202 2.0 51.0
61.10137 155.60368 0.0202 2.0 51.0
61.10137 155.60368 0.0203 1.0 52.0
63.827053 158.37978 0.0203 1.0 52.0
63.827053 158.37978 0.0204 0.0 53.0
67.71691 158.45107 0.0204 0.0 53.0
67.71691 158.45107 0.0205 0.0 54.0
71.606766 158.52235 0.0205 0.0 54.0
63.827053 158.37978 0.0206 0.0 53.0
63.827053 162.2703 0.0206 0.0 53.0
63.827053 162.2703 0.0207 0.0 54.0
63.827053 166.1608 0.0207 0.0 54.0
21.805464 146.7051 0.0208 20.0 41.0
24.531147 149.48119 0.0208 20.0 41.0
24.531147 149.48119 0.0209 19.0 42.0
27.25683 152.25728 0.0209 19.0 42.0
27.25683 152.25728 0.0210 18.0 43.0
29.982513 155.03337 0.0210 18.0 43.0
29.982513 155.03337 0.0211 17.0 44.0
32.708195 157.80946 0.0211 17.0 44.0
32.708195 157.80946 0.0212 16.0 45.0
35.433876 160.58556 0.0212 16.0 45.0
35.433876 160.58556 0.0213 15.0 46.0
38.159557 163.36165 0.0213 15.0 46.0
38.159557 163.36165 0.0214 14.0 47.0
40.88524 166.13774 0.0214 14.0 47.0
40.88524 166.13774 0.0215 13.0 48.0
43.61092 168.91383 0.0215 13.0 48.0
43.61092 168.91383 0.0216 12.0 49.0
47.50078 168.98512 0.0216 12.0 49.0
47.50078 168.98512 0.0217 11.0 50.0
51.390636 169.05641 0.0217 11.0 50.0
51.390636 169.05641 0.0218 10.0 51.0
55.280495 169.1277 0.0218 10.0 51.0
55.280495 169.1277 0.0219 9.0 52.0
59.170353 169.19899 0.0219 9.0 52.0
59.170353 169.19899 0.0220 4.0 53.0
61.896034 171.97508 0.0220 4.0 53.0
61.896034 171.97508 0.0221 3.0 54.0
64.62172 174.75117 0.0221 3.0 54.0
64.62172 174.75117 0.0222 0.0 55.0
64.62172 178.6417 0.0222 0.0 55.0
64.62172 178.6417 0.0223 0.0 56.0
64.62172 182.5322 0.0223 0.0 56.0
64.62172 174.75117 0.0224 2.0 55.0
67.347404 177.52727 0.0224 2.0 55.0
67.347404 177.52727 0.0225 1.0 56.0
70.07309 180.30336 0.0225 1.0 56.0
70.07309 180.30336 0.0226 0.0 57.0
73.962944 180.37465 0.0226 0.0 57.0
73.962944 180.37465 0.0227 0.0 58.0
77.8528 180.44594 0.0227 0.0 58.0
70.07309 180.30336 0.0228 0.0 57.0
70.07309 184.19388 0.0228 0.0 57.0
70.07309 184.19388 0.0229 0.0 58.0
70.07309 188.08438 0.0229 0.0 58.0
59.170353 169.19899 0.0230 8.0 53.0
63.06021 169.27028 0.0230 8.0 53.0
63.06021 169.27028 0.0231 7.0 54.0
66.950066 169.34157 0.0231 7.0 54.0
66.950066 169.34157 0.0232 6.0 55.0
70.83992 169.41286 0.0232 6.0 55.0
70.83992 169.41286 0.0233 5.0 56.0
74.729774 169.48415 0.0233 5.0 56.0
74.729774 169.48415 0.0234 4.0 57.0
77.55536 166.8098 0.0234 4.0 57.0
77.55536 166.8098 0.0235 3.0 58.0
80.38094 164.13545 0.0235 3.0 58.0
80.38094 164.13545 0.0236 0.0 59.0
84.2708 164.20674 0.0236 0.0 59.0
84.2708 164.20674 0.0237 0.0 60.0
88.16065 164.27803 0.0237 0.0 60.0
80.38094 164.13545 0.0238 2.0 59.0
83.20653 161.4611 0.0238 2.0 59.0
83.20653 161.4611 0.0239 1.0 60.0
86.03211 158.78676 0.0239 1.0 60.0
86.03211 158.78676 0.0240 0.0 61.0
86.17468 154.89886 0.0240 0.0 61.0
86.17468 154.89886 0.0241 0.0 62.0
86.31725 151.01097 0.0241 0.0 62.0
86.03211 158.78676 0.0242 0.0 61.0
89.92197 158.85805 0.0242 0.0 61.0
89.92197 158.85805 0.0243 0.0 62.0
93.81182 158.92934 0.0243 0.0 62.0
74.729774 169.48415 0.0244 4.0 57.0
77.45546 172.26024 0.0244 4.0 57.0
77.45546 172.26024 0.0245 3.0 58.0
80.181145 175.03633 0.0245 3.0 58.0
80.181145 175.03633 0.0246 0.0 59.0
80.181145 178.92685 0.0246 0.0 59.0
80.181145 178.92685 0.0247 0.0 60.0
80.181145 182.81735 0.0247 0.0 60.0
80.181145 175.03633 0.0248 2.0 59.0
82.90683 177.81242 0.0248 2.0 59.0
82.90683 177.81242 0.0249 1.0 60.0
85.632515 180.58852 0.0249 1.0 60.0
85.632515 180.58852 0.0250 0.0 61.0
89.52237 180.6598 0.0250 0.0 61.0
89.52237 180.6598 0.0251 0.0 62.0
93.412224 180.7311 0.0251 0.0 62.0
85.632515 180.58852 0.0252 0.0 61.0
85.632515 184.47903 0.0252 0.0 61.0
85.632515 184.47903 0.0253 0.0 62.0
85.632515 188.36954 0.0253 0.0 62.0
43.61092 168.91383 0.0254 12.0 49.0
43.61092 172.80435 0.0254 12.0 49.0
43.61092 172.80435 0.0255 11.0 50.0
43.61092 176.69485 0.0255 11.0 50.0
43.61092 176.69485 0.0256 10.0 51.0
43.61092 180.58536 0.0256 10.0 51.0
43.61092 180.58536 0.0257 9.0 52.0
43.61092 184.47586 0.0257 9.0 52.0
43.61092 184.47586 0.0258 4.0 53.0
40.88524 187.25195 0.0258 4.0 53.0
40.88524 187.25195 0.0259 3.0 54.0
38.159557 190.02805 0.0259 3.0 54.0
38.159557 190.02805 0.0260 0.0 55.0
34.2697 190.09933 0.0260 0.0 55.0
34.2697 190.09933 0.0261 0.0 56.0
30.37984 190.17062 0.0261 0.0 56.0
38.159557 190.02805 0.0262 2.0 55.0
35.433876 192.80414 0.0262 2.0 55.0
35.433876 192.80414 0.0263 1.0 56.0
32.708195 195.58023 0.0263 1.0 56.0
32.708195 195.58023 0.0264 0.0 57.0
32.708195 199.47073 0.0264 0.0 57.0
32.708195 199.47073 0.0265 0.0 58.0
32.708195 203.36124 0.0265 0.0 58.0
32.708195 195.58023 0.0266 0.0 57.0
28.818336 195.65152 0.0266 0.0 57.0
28.818336 195.65152 0.0267 0.0 58.0
24.928478 195.72281 0.0267 0.0 58.0
43.61092 184.47586 0.0268 8.0 53.0
43.61092 188.36636 0.0268 8.0 53.0
43.61092 188.36636 0.0269 7.0 54.0
43.61092 192.25687 0.0269 7.0 54.0
43.61092 192.25687 0.0270 6.0 55.0
43.61092 196.14737 0.0270 6.0 55.0
43.61092 196.14737 0.0271 5.0 56.0
43.61092 200.03787 0.0271 5.0 56.0
43.61092 200.03787 0.0272 4.0 57.0
46.3366 202.81396 0.0272 4.0 57.0
46.3366 202.81396 0.0273 3.0 58.0
49.062283 205.59006 0.0273 3.0 58.0
49.062283 205.59006 0.0274 0.0 59.0
49.062283 209.48056 0.0274 0.0 59.0
49.062283 209.48056 0.0275 0.0 60.0
49.062283 213.37106 0.0275 0.0 60.0
49.062283 205.59006 0.0276 2.0 59.0
51.787964 208.36615 0.0276 2.0 59.0
51.787964 208.36615 0.0277 1.0 60.0
54.513645 211.14224 0.0277 1.0 60.0
54.513645 211.14224 0.0278 0.0 61.0
58.403503 211.21353 0.0278 0.0 61.0
58.403503 211.21353 0.0279 0.0 62.0
62.29336 211.28482 0.0279 0.0 62.0
54.513645 211.14224 0.0280 0.0 61.0
54.513645 215.03275 0.0280 0.0 61.0
54.513645 215.03275 0.0281 0.0 62.0
54.513645 218.92325 0.0281 0.0 62.0
43.61092 200.03787 0.0282 4.0 57.0
40.88524 202.81396 0.0282 4.0 57.0
40.88524 202.81396 0.0283 3.0 58.0
38.159557 205.59006 0.0283 3.0 58.0
38.159557 205.59006 0.0284 0.0 59.0
34.2697 205.66135 0.0284 0.0 59.0
34.2697 205.66135 0.0285 0.0 60.0
30.37984 205.73264 0.0285 0.0 60.0
38.159557 205.59006 0.0286 2.0 59.0
35.433876 208.36615 0.0286 2.0 59.0
35.433876 208.36615 0.0287 1.0 60.0
32.708195 211.14224 0.0287 1.0 60.0
32.708195 211.14224 0.0288 0.0 61.0
32.708195 215.03275 0.0288 0.0 61.0
32.708195 215.03275 0.0289 0.0 62.0
32.708195 218.92325 0.0289 0.0 62.0
32.708195 211.14224 0.0290 0.0 61.0
28.818336 211.21353 0.0290 0.0 61.0
28.818336 211.21353 0.0291 0.0 62.0
24.928478 211.28482 0.0291 0.0 62.0
0.0 124.49634 0.0292 28.0 33.0
-2.725683 127.27244 0.0292 28.0 33.0
-2.725683 127.27244 0.0293 27.0 34.0
-5.451366 130.04854 0.0293 27.0 34.0
-5.451366 130.04854 0.0294 26.0 35.0
-8.177049 132.82463 0.0294 26.0 35.0
-8.177049 132.82463 0.0295 25.0 36.0
-10.902732 135.60072 0.0295 25.0 36.0
-10.902732 135.60072 0.0296 24.0 37.0
-13.628415 138.37682 0.0296 24.0 37.0
-13.628415 138.37682 0.0297 23.0 38.0
-16.354097 141.15291 0.0297 23.0 38.0
-16.354097 141.15291 0.0298 22.0 39.0
-19.07978 143.929 0.0298 22.0 39.0
-19.07978 143.929 0.0299 21.0 40.0
-21.805464 146.7051 0.0299 21.0 40.0
-21.805464 146.7051 0.0300 12.0 41.0
-21.805464 150.59561 0.0300 12.0 41.0
-21.805464 150.59561 0.0301 11.0 42.0
-21.805464 154.48611 0.0301 11.0 42.0
-21.805464 154.48611 0.0302 10.0 43.0
-21.805464 158.37662 0.0302 10.0 43.0
-21.805464 158.37662 0.0303 9.0 44.0
-21.805464 162.26712 0.0303 9.0 44.0
-21.805464 162.26712 0.0304 4.0 45.0
-24.531147 165.04321 0.0304 4.0 45.0
-24.531147 165.04321 0.0305 3.0 46.0
-27.25683 167.8193 0.0305 3.0 46.0
-27.25683 167.8193 0.0306 0.0 47.0
-31.146687 167.8906 0.0306 0.0 47.0
-31.146687 167.8906 0.0307 0.0 48.0
-35.036545 167.96188 0.0307 0.0 48.0
-27.25683 167.8193 0.0308 2.0 47.0
-29.982513 170.5954 0.0308 2.0 47.0
-29.982513 170.5954 0.0309 1.0 48.0
-32.708195 173.37149 0.0309 1.0 48.0
-32.708195 173.37149 0.0310 0.0 49.0
-32.708195 177.262 0.0310 0.0 49.0
-32.708195 177.262 0.0311 0.0 50.0
-32.708195 181.1525 0.0311 0.0 50.0
-32.708195 173.37149 0.0312 0.0 49.0
-36.598053 173.44278 0.0312 0.0 49.0
-36.598053 173.44278 0.0313 0.0 50.0
-40.48791 173.51407 0.0313 0.0 50.0
-21.805464 162.26712 0.0314 8.0 45.0
-21.805464 166.15762 0.0314 8.0 45.0
-21.805464 166.15762 0.0315 7.0 46.0
-21.805464 170.04813 0.0315 7.0 46.0
-21.805464 170.04813 0.0316 6.0 47.0
-21.805464 173.93863 0.0316 6.0 47.0
-21.805464 173.93863 0.0317 5.0 48.0
-21.805464 177.82913 0.0317 5.0 48.0
-21.805464 177.82913 0.0318 4.0 49.0
-19.07978 180.60522 0.0318 4.0 49.0
-19.07978 180.60522 0.0319 3.0 50.0
-16.354097 183.38132 0.0319 3.0 50.0
-16.354097 183.38132 0.0320 0.0 51.0
-16.354097 187.27182 0.0320 0.0 51.0
-16.354097 187.27182 0.0321 0.0 52.0
-16.354097 191.16232 0.0321 0.0 52.0
-16.354097 183.38132 0.0322 2.0 51.0
-13.628414 186.15741 0.0322 2.0 51.0
-13.628414 186.15741 0.0323 1.0 52.0
-10.902731 188.9335 0.0323 1.0 52.0
-10.902731 188.9335 0.0324 0.0 53.0
-7.0128736 189.00479 0.0324 0.0 53.0
-7.0128736 189.00479 0.0325 0.0 54.0
-3.1230164 189.07608 0.0325 0.0 54.0
-10.902731 188.9335 0.0326 0.0 53.0
-10.902731 192.824 0.0326 0.0 53.0
-10.902731 192.824 0.0327 0.0 54.0
-10.902731 196.71451 0.0327 0.0 54.0
-21.805464 177.82913 0.0328 4.0 49.0
-24.531147 180.60522 0.0328 4.0 49.0
-24.531147 180.60522 0.0329 3.0 50.0
-27.25683 183.38132 0.0329 3.0 50.0
-27.25683 183.38132 0.0330 0.0 51.0
-31.146687 183.4526 0.0330 0.0 51.0
-31.146687 183.4526 0.0331 0.0 52.0
-35.036545 183.5239 0.0331 0.0 52.0
-27.25683 183.38132 0.0332 2.0 51.0
-29.982513 186.15741 0.0332 2.0 51.0
-29.982513 186.15741 0.0333 1.0 52.0
-32.708195 188.9335 0.0333 1.0 52.0
-32.708195 188.9335 0.0334 0.0 53.0
-32.708195 192.824 0.0334 0.0 53.0
-32.708195 192.824 0.0335 0.0 54.0
-32.708195 196.71451 0.0335 0.0 54.0
-32.708195 188.9335 0.0336 0.0 53.0
-36.598053 189.00479 0.0336 0.0 53.0
-36.598053 189.00479 0.0337 0.0 54.0
-40.48791 189.07608 0.0337 0.0 54.0
-21.805464 146.7051 0.0338 20.0 41.0
-24.531147 149.48119 0.0338 20.0 41.0
-24.531147 149.48119 0.0339 19.0 42.0
-27.25683 152.25728 0.0339 19.0 42.0
-27.25683 152.25728 0.0340 18.0 43.0
-29.982513 155.03337 0.0340 18.0 43.0
-29.982513 155.03337 0.0341 17.0 44.0
-32.708195 157.80946 0.0341 17.0 44.0
-32.708195 157.80946 0.0342 16.0 45.0
-35.433876 160.58556 0.0342 16.0 45.0
-35.433876 160.58556 0.0343 15.0 46.0
-38.159557 163.36165 0.0343 15.0 46.0
-38.159557 163.36165 0.0344 14.0 47.0
-40.88524 166.13774 0.0344 14.0 47.0
-40.88524 166.13774 0.0345 13.0 48.0
-43.61092 168.91383 0.0345 13.0 48.0
-43.61092 168.91383 0.0346 12.0 49.0
-43.61092 172.80435 0.0346 12.0 49.0
-43.61092 172.80435 0.0347 11.0 50.0
-43.61092 176.69485 0.0347 11.0 50.0
-43.61092 176.69485 0.0348 10.0 51.0
-43.61092 180.58536 0.0348 10.0 51.0
-43.61092 180.58536 0.0349 9.0 52.0
-43.61092 184.47586 0.0349 9.0 52.0
-43.61092 184.47586 0.0350 4.0 53.0
-46.3366 187.25195 0.0350 4.0 53.0
-46.3366 187.25195 0.0351 3.0 54.0
-49.062283 190.02805 0.0351 3.0 54.0
-49.062283 190.02805 0.0352 0.0 55.0
-52.95214 190.09933 0.0352 0.0 55.0
-52.95214 190.09933 0.0353 0.0 56.0
-56.842 190.17062 0.0353 0.0 56.0
-49.062283 190.02805 0.0354 2.0 55.0
-51.787964 192.80414 0.0354 2.0 55.0
-51.787964 192.80414 0.0355 1.0 56.0
-54.513645 195.58023 0.0355 1.0 56.0
-54.513645 195.58023 0.0356 0.0 57.0
-54.513645 199.47073 0.0356 0.0 57.0
-54.513645 199.47073 0.0357 0.0 58.0
-54.513645 203.36124 0.0357 0.0 58.0
-54.513645 195.58023 0.0358 0.0 57.0
-58.403503 195.65152 0.0358 0.0 57.0
-58.403503 195.65152 0.0359 0.0 58.0
-62.29336 195.72281 0.0359 0.0 58.0
-43.61092 184.47586 0.0360 8.0 53.0
-43.61092 188.36636 0.0360 8.0 53.0
-43.61092 188.36636 0.0361 7.0 54.0
-43.61092 192.25687 0.0361 7.0 54.0
-43.61092 192.25687 0.0362 6.0 55.0
-43.61092 196.14737 0.0362 6.0 55.0
-43.61092 196.14737 0.0363 5.0 56.0
-43.61092 200.03787 0.0363 5.0 56.0
-43.61092 200.03787 0.0364 4.0 57.0
-40.88524 202.81396 0.0364 4.0 57.0
-40.88524 202.81396 0.0365 3.0 58.0
-38.159557 205.59006 0.0365 3.0 58.0
-38.159557 205.59006 0.0366 0.0 59.0
-38.159557 209.48056 0.0366 0.0 59.0
-38.159557 209.48056 0.0367 0.0 60.0
-38.159557 213.37106 0.0367 0.0 60.0
-38.159557 205.59006 0.0368 2.0 59.0
-35.433876 208.36615 0.0368 2.0 59.0
-35.433876 208.36615 0.0369 1.0 60.0
-32.708195 211.14224 0.0369 1.0 60.0
-32.708195 211.14224 0.0370 0.0 61.0
-28.818336 211.21353 0.0370 0.0 61.0
-28.818336 211.21353 0.0371 0.0 62.0
-24.928478 211.28482 0.0371 0.0 62.0
-32.708195 211.14224 0.0372 0.0 61.0
-32.708195 215.03275 0.0372 0.0 61.0
-32.708195 215.03275 0.0373 0.0 62.0
-32.708195 218.92325 0.0373 0.0 62.0
-43.61092 200.03787 0.0374 4.0 57.0
-46.3366 202.81396 0.0374 4.0 57.0
-46.3366 202.81396 0.0375 3.0 58.0
-49.062283 205.59006 0.0375 3.0 58.0
-49.062283 205.59006 0.0376 0.0 59.0
-52.95214 205.66135 0.0376 0.0 59.0
-52.95214 205.66135 0.0377 0.0 60.0
-56.842 205.73264 0.0377 0.0 60.0
-49.062283 205.59006 0.0378 2.0 59.0
-51.787964 208.36615 0.0378 2.0 59.0
-51.787964 208.36615 0.0379 1.0 60.0
-54.513645 211.14224 0.0379 1.0 60.0
-54.513645 211.14224 0.0380 0.0 61.0
-54.513645 215.03275 0.0380 0.0 61.0
-54.513645 215.03275 0.0381 0.0 62.0
-54.513645 218.92325 0.0381 0.0 62.0
-54.513645 211.14224 0.0382 0.0 61.0
-58.403503 211.21353 0.0382 0.0 61.0
-58.403503 211.21353 0.0383 0.0 62.0
-62.29336 211.28482 0.0383 0.0 62.0
-43.61092 168.91383 0.0384 12.0 49.0
-47.50078 168.98512 0.0384 12.0 49.0
-47.50078 168.98512 0.0385 11.0 50.0
-51.390636 169.05641 0.0385 11.0 50.0
-51.390636 169.05641 0.0386 10.0 51.0
-55.280495 169.1277 0.0386 10.0 51.0
-55.280495 169.1277 0.0387 9.0 52.0
-59.170353 169.19899 0.0387 9.0 52.0
-59.170353 169.19899 0.0388 4.0 53.0
-61.995934 166.52464 0.0388 4.0 53.0
-61.995934 166.52464 0.0389 3.0 54.0
-64.82152 163.8503 0.0389 3.0 54.0
-64.82152 163.8503 0.0390 0.0 55.0
-64.96409 159.9624 0.0390 0.0 55.0
-64.96409 159.9624 0.0391 0.0 56.0
-65.10666 156.07451 0.0391 0.0 56.0
-64.82152 163.8503 0.0392 2.0 55.0
-67.6471 161.17595 0.0392 2.0 55.0
-67.6471 161.17595 0.0393 1.0 56.0
-70.47269 158.5016 0.0393 1.0 56.0
-70.47269 158.5016 0.0394 0.0 57.0
-74.36254 158.57289 0.0394 0.0 57.0
-74.36254 158.57289 0.0395 0.0 58.0
-78.252396 158.64418 0.0395 0.0 58.0
-70.47269 158.5016 0.0396 0.0 57.0
-70.61526 154.61371 0.0396 0.0 57.0
-70.61526 154.61371 0.0397 0.0 58.0
-70.75783 150.72581 0.0397 0.0 58.0
-59.170353 169.19899 0.0398 8.0 53.0
-63.06021 169.27028 0.0398 8.0 53.0
-63.06021 169.27028 0.0399 7.0 54.0
-66.950066 169.34157 0.0399 7.0 54.0
-66.950066 169.34157 0.0400 6.0 55.0
-70.83992 169.41286 0.0400 6.0 55.0
-70.83992 169.41286 0.0401 5.0 56.0
-74.729774 169.48415 0.0401 5.0 56.0
-74.729774 169.48415 0.0402 4.0 57.0
-77.45546 172.26024 0.0402 4.0 57.0
-77.45546 172.26024 0.0403 3.0 58.0
-80.181145 175.03633 0.0403 3.0 58.0
-80.181145 175.03633 0.0404 0.0 59.0
-84.071 175.10762 0.0404 0.0 59.0
-84.071 175.10762 0.0405 0.0 60.0
-87.96085 175.17891 0.0405 0.0 60.0
-80.181145 175.03633 0.0406 2.0 59.0
-82.90683 177.81242 0.0406 2.0 59.0
-82.90683 177.81242 0.0407 1.0 60.0
-85.632515 180.58852 0.0407 1.0 60.0
-85.632515 180.58852 0.0408 0.0 61.0
-85.632515 184.47903 0.0408 0.0 61.0
-85.632515 184.47903 0.0409 0.0 62.0
-85.632515 188.36954 0.0409 0.0 62.0
-85.632515 180.58852 0.0410 0.0 61.0
-89.52237 180.6598 0.0410 0.0 61.0
-89.52237 180.6598 0.0411 0.0 62.0
-93.412224 180.7311 0.0411 0.0 62.0
-74.729774 169.48415 0.0412 4.0 57.0
-77.55536 166.8098 0.0412 4.0 57.0
-77.55536 166.8098 0.0413 3.0 58.0
-80.38094 164.13545 0.0413 3.0 58.0
-80.38094 164.13545 0.0414 0.0 59.0
-80.52351 160.24756 0.0414 0.0 59.0
-80.52351 160.24756 0.0415 0.0 60.0
-80.666084 156.35966 0.0415 0.0 60.0
-80.38094 164.13545 0.0416 2.0 59.0
-83.20653 161.4611 0.0416 2.0 59.0
-83.20653 161.4611 0.0417 1.0 60.0
-86.03211 158.78676 0.0417 1.0 60.0
-86.03211 158.78676 0.0418 0.0 61.0
-89.92197 158.85805 0.0418 0.0 61.0
-89.92197 158.85805 0.0419 0.0 62.0
-93.81182 158.92934 0.0419 0.0 62.0
-86.03211 158.78676 0.0420 0.0 61.0
-86.17468 154.89886 0.0420 0.0 61.0
-86.17468 154.89886 0.0421 0.0 62.0
-86.31725 151.01097 0.0421 0.0 62.0
