0.0 0.0 0.00 11.0 1.0
0.0 3.8342462 0.00 11.0 1.0
0.0 3.8342462 0.01 10.0 2.0
0.0 7.6684923 0.01 10.0 2.0
0.0 7.6684923 0.02 1.0 3.0
2.9277601 9.477471 -1.69034312 1.0 3.0
2.9277601 9.477471 -1.69034313 0.0 4.0
4.634223 12.766659 -2.675573 0.0 4.0
4.634223 12.766659 -2.675574 0.0 5.0
4.634223 16.600904 -2.675574 0.0 5.0
0.0 7.6684923 0.05 1.0 3.0
-1.7064627 10.95768 0.985226755 1.0 3.0
-1.7064627 10.95768 0.985226756 0.0 4.0
-1.7064627 14.791925 0.985226756 0.0 4.0
-1.7064627 14.791925 0.985226757 0.0 5.0
0.0 18.081114 0.07 0.0 5.0
0.0 7.6684923 0.08 9.0 3.0
0.0 11.502739 0.08 9.0 3.0
0.0 11.502739 0.09 8.0 4.0
0.0 15.336985 0.09 8.0 4.0
0.0 15.336985 0.010 1.0 5.0
2.9277601 17.145964 -1.690343110 1.0 5.0
2.9277601 17.145964 -1.690343111 0.0 6.0
4.634223 20.435152 -2.6755711 0.0 6.0
4.634223 20.435152 -2.6755712 0.0 7.0
4.634223 24.269398 -2.6755712 0.0 7.0
0.0 15.336985 0.013 1.0 5.0
-1.7064627 18.626173 0.9852267513 1.0 5.0
-1.7064627 18.626173 0.9852267514 0.0 6.0
-1.7064627 22.460419 0.9852267514 0.0 6.0
-1.7064627 22.460419 0.9852267515 0.0 7.0
0.0 25.749607 0.015 0.0 7.0
0.0 15.336985 0.016 7.0 5.0
0.0 19.17123 0.016 7.0 5.0
0.0 19.17123 0.017 6.0 6.0
0.0 23.005476 0.017 6.0 6.0
0.0 23.005476 0.018 1.0 7.0
2.9277601 24.814455 -1.690343118 1.0 7.0
2.9277601 24.814455 -1.690343119 0.0 8.0
4.634223 28.103643 -2.6755719 0.0 8.0
4.634223 28.103643 -2.6755720 0.0 9.0
4.634223 31.93789 -2.6755720 0.0 9.0
0.0 23.005476 0.021 1.0 7.0
-1.7064627 26.294664 0.9852267521 1.0 7.0
-1.7064627 26.294664 0.9852267522 0.0 8.0
-1.7064627 30.12891 0.9852267522 0.0 8.0
-1.7064627 30.12891 0.9852267523 0.0 9.0
0.0 33.4181 0.023 0.0 9.0
0.0 23.005476 0.024 5.0 7.0
-1.9704535 26.294664 0.024 5.0 7.0
-1.9704535 26.294664 0.025 4.0 8.0
-3.940907 29.583853 0.025 4.0 8.0
-3.940907 29.583853 0.026 1.0 9.0
-2.2344441 32.87304 -0.9852267526 1.0 9.0
-2.2344441 32.87304 -0.9852267527 0.0 10.0
-2.2344441 36.707287 -0.9852267527 0.0 10.0
-2.2344441 36.707287 -0.9852267528 0.0 11.0
-3.940907 39.996475 0.028 0.0 11.0
-3.940907 29.583853 0.029 1.0 9.0
-6.868667 31.392832 1.690343129 1.0 9.0
-6.868667 31.392832 1.690343130 0.0 10.0
-8.5751295 34.68202 2.6755730 0.0 10.0
-8.5751295 34.68202 2.6755731 0.0 11.0
-8.5751295 38.516266 2.6755731 0.0 11.0
-3.940907 29.583853 0.032 3.0 9.0
-7.3215933 31.392832 0.032 3.0 9.0
-7.3215933 31.392832 0.033 2.0 10.0
-10.70228 33.20181 0.033 2.0 10.0
-10.70228 33.20181 0.034 1.0 11.0
-10.70228 37.036057 0.034 1.0 11.0
-10.70228 37.036057 0.035 0.0 12.0
-12.408743 40.325245 0.9852267535 0.0 12.0
-12.408743 40.325245 0.9852267536 0.0 13.0
-15.336503 42.134224 2.6755736 0.0 13.0
-10.70228 33.20181 0.037 1.0 11.0
-14.018944 33.016266 1.91487737 1.0 11.0
-14.018944 33.016266 1.91487738 0.0 12.0
-16.946705 34.825245 3.605220338 0.0 12.0
-16.946705 34.825245 3.605220339 0.0 13.0
-18.653168 38.114433 4.59044739 0.0 13.0
0.0 15.336985 0.040 7.0 5.0
-3.3166642 15.151443 1.91487740 7.0 5.0
-3.3166642 15.151443 1.91487741 6.0 6.0
-6.6333284 14.9659 3.82975441 6.0 6.0
-6.6333284 14.9659 3.82975442 1.0 7.0
-8.339791 18.255089 4.81498142 1.0 7.0
-8.339791 18.255089 4.81498143 0.0 8.0
-11.267551 20.064068 6.505324443 0.0 8.0
-11.267551 20.064068 6.505324444 0.0 9.0
-14.584215 19.878527 8.42020144 0.0 9.0
-6.6333284 14.9659 3.82975445 1.0 7.0
-9.395935 12.838589 5.424745645 1.0 7.0
-9.395935 12.838589 5.424745646 0.0 8.0
-12.712599 12.653047 7.339622546 0.0 8.0
-12.712599 12.653047 7.339622547 0.0 9.0
-15.640359 14.462026 9.02996547 0.0 9.0
-6.6333284 14.9659 3.82975448 5.0 7.0
-10.014015 16.77488 3.82975448 5.0 7.0
-10.014015 16.77488 3.82975449 4.0 8.0
-13.394701 18.583858 3.82975449 4.0 8.0
-13.394701 18.583858 3.82975450 1.0 9.0
-13.394701 22.418104 3.82975450 1.0 9.0
-13.394701 22.418104 3.82975451 0.0 10.0
-15.101164 25.707293 4.81498151 0.0 10.0
-15.101164 25.707293 4.81498152 0.0 11.0
-18.028923 27.516272 6.505324452 0.0 11.0
-13.394701 18.583858 3.82975453 1.0 9.0
-16.711365 18.398317 5.744631353 1.0 9.0
-16.711365 18.398317 5.744631354 0.0 10.0
-19.639126 20.207296 7.434974754 0.0 10.0
-19.639126 20.207296 7.434974755 0.0 11.0
-21.345589 23.496485 8.42020155 0.0 11.0
-13.394701 18.583858 3.82975456 3.0 9.0
-15.365154 21.873047 3.82975456 3.0 9.0
-15.365154 21.873047 3.82975457 2.0 10.0
-17.335608 25.162235 3.82975457 2.0 10.0
-17.335608 25.162235 3.82975458 1.0 11.0
-15.629145 28.451424 2.844527258 1.0 11.0
-15.629145 28.451424 2.844527259 0.0 12.0
-15.629145 32.28567 2.844527259 0.0 12.0
-15.629145 32.28567 2.844527260 0.0 13.0
-17.335608 35.57486 3.829753960 0.0 13.0
-17.335608 25.162235 3.82975461 1.0 11.0
-20.263367 26.971214 5.520097361 1.0 11.0
-20.263367 26.971214 5.520097362 0.0 12.0
-21.96983 30.260403 6.50532462 0.0 12.0
-21.96983 30.260403 6.50532463 0.0 13.0
-21.96983 34.09465 6.50532463 0.0 13.0
