0.0 0.0 0.00 28.0 1.0
0.0 1.2876747 0.00 28.0 1.0
0.0 1.2876747 0.01 27.0 2.0
0.0 2.5753493 0.01 27.0 2.0
0.0 2.5753493 0.02 26.0 3.0
0.0 3.863024 0.02 26.0 3.0
0.0 3.863024 0.03 25.0 4.0
0.0 5.1506987 0.03 25.0 4.0
0.0 5.1506987 0.04 24.0 5.0
0.0 6.4383736 0.04 24.0 5.0
0.0 6.4383736 0.05 23.0 6.0
0.0 7.7260485 0.05 23.0 6.0
0.0 7.7260485 0.06 22.0 7.0
0.0 9.013723 0.06 22.0 7.0
0.0 9.013723 0.07 21.0 8.0
0.0 10.301398 0.07 21.0 8.0
0.0 10.301398 0.08 12.0 9.0
-0.55441856 11.463606 0.08 12.0 9.0
-0.55441856 11.463606 0.09 11.0 10.0
-1.1088371 12.6258135 0.09 11.0 10.0
-1.1088371 12.6258135 0.010 10.0 11.0
-1.6632557 13.788021 0.010 10.0 11.0
-1.6632557 13.788021 0.011 9.0 12.0
-2.2176743 14.950229 0.011 9.0 12.0
-2.2176743 14.950229 0.012 4.0 13.0
-3.2184696 15.760485 0.012 4.0 13.0
-3.2184696 15.760485 0.013 3.0 14.0
-4.219265 16.570742 0.013 3.0 14.0
-4.219265 16.570742 0.014 0.0 15.0
-5.471408 16.87115 0.014 0.0 15.0
-5.471408 16.87115 0.015 0.0 16.0
-6.723551 17.171556 0.015 0.0 16.0
-4.219265 16.570742 0.016 0.0 15.0
-4.7736835 17.732948 0.016 0.0 15.0
-4.7736835 17.732948 0.017 0.0 16.0
-5.328102 18.895155 0.017 0.0 16.0
-4.219265 16.570742 0.018 2.0 15.0
-5.2200603 17.380999 0.018 2.0 15.0
-5.2200603 17.380999 0.019 1.0 16.0
-6.2208557 18.191256 0.019 1.0 16.0
-6.2208557 18.191256 0.020 0.0 17.0
-7.221651 19.001513 0.020 0.0 17.0
-7.221651 19.001513 0.021 0.0 18.0
-8.222446 19.81177 0.021 0.0 18.0
-2.2176743 14.950229 0.022 4.0 13.0
-2.2176743 16.237904 0.022 4.0 13.0
-2.2176743 16.237904 0.023 3.0 14.0
-2.2176743 17.525578 0.023 3.0 14.0
-2.2176743 17.525578 0.024 0.0 15.0
-2.7720928 18.687784 0.024 0.0 15.0
-2.7720928 18.687784 0.025 0.0 16.0
-3.3265114 19.84999 0.025 0.0 16.0
-2.2176743 17.525578 0.026 0.0 15.0
-1.6632557 18.687784 0.026 0.0 15.0
-1.6632557 18.687784 0.027 0.0 16.0
-1.1088371 19.84999 0.027 0.0 16.0
-2.2176743 17.525578 0.028 2.0 15.0
-2.2176743 18.813251 0.028 2.0 15.0
-2.2176743 18.813251 0.029 1.0 16.0
-2.2176743 20.100925 0.029 1.0 16.0
-2.2176743 20.100925 0.030 0.0 17.0
-2.2176743 21.3886 0.030 0.0 17.0
-2.2176743 21.3886 0.031 0.0 18.0
-2.2176743 22.676273 0.031 0.0 18.0
-2.2176743 14.950229 0.032 8.0 13.0
-2.7720928 16.112436 0.032 8.0 13.0
-2.7720928 16.112436 0.033 7.0 14.0
-3.3265114 17.274643 0.033 7.0 14.0
-3.3265114 17.274643 0.034 6.0 15.0
-3.88093 18.43685 0.034 6.0 15.0
-3.88093 18.43685 0.035 5.0 16.0
-4.4353485 19.599056 0.035 5.0 16.0
-4.4353485 19.599056 0.036 4.0 17.0
-4.989767 20.761263 0.036 4.0 17.0
-4.989767 20.761263 0.037 3.0 18.0
-5.5441856 21.92347 0.037 3.0 18.0
-5.5441856 21.92347 0.038 0.0 19.0
-6.544981 22.733727 0.038 0.0 19.0
-6.544981 22.733727 0.039 0.0 20.0
-7.5457764 23.543983 0.039 0.0 20.0
-5.5441856 21.92347 0.040 0.0 19.0
-5.5441856 23.211143 0.040 0.0 19.0
-5.5441856 23.211143 0.041 0.0 20.0
-5.5441856 24.498817 0.041 0.0 20.0
-5.5441856 21.92347 0.042 2.0 19.0
-6.098604 23.085676 0.042 2.0 19.0
-6.098604 23.085676 0.043 1.0 20.0
-6.653023 24.247883 0.043 1.0 20.0
-6.653023 24.247883 0.044 0.0 21.0
-7.2074413 25.41009 0.044 0.0 21.0
-7.2074413 25.41009 0.045 0.0 22.0
-7.76186 26.572296 0.045 0.0 22.0
0.0 10.301398 0.046 12.0 9.0
0.55441856 11.463606 0.046 12.0 9.0
0.55441856 11.463606 0.047 11.0 10.0
1.1088371 12.6258135 0.047 11.0 10.0
1.1088371 12.6258135 0.048 10.0 11.0
1.6632557 13.788021 0.048 10.0 11.0
1.6632557 13.788021 0.049 9.0 12.0
2.2176743 14.950229 0.049 9.0 12.0
2.2176743 14.950229 0.050 4.0 13.0
2.2176743 16.237904 0.050 4.0 13.0
2.2176743 16.237904 0.051 3.0 14.0
2.2176743 17.525578 0.051 3.0 14.0
2.2176743 17.525578 0.052 0.0 15.0
1.6632557 18.687784 0.052 0.0 15.0
1.6632557 18.687784 0.053 0.0 16.0
1.1088371 19.84999 0.053 0.0 16.0
2.2176743 17.525578 0.054 0.0 15.0
2.7720928 18.687784 0.054 0.0 15.0
2.7720928 18.687784 0.055 0.0 16.0
3.3265114 19.84999 0.055 0.0 16.0
2.2176743 17.525578 0.056 2.0 15.0
2.2176743 18.813251 0.056 2.0 15.0
2.2176743 18.813251 0.057 1.0 16.0
2.2176743 20.100925 0.057 1.0 16.0
2.2176743 20.100925 0.058 0.0 17.0
2.2176743 21.3886 0.058 0.0 17.0
2.2176743 21.3886 0.059 0.0 18.0
2.2176743 22.676273 0.059 0.0 18.0
2.2176743 14.950229 0.060 4.0 13.0
3.2184696 15.760485 0.060 4.0 13.0
3.2184696 15.760485 0.061 3.0 14.0
4.219265 16.570742 0.061 3.0 14.0
4.219265 16.570742 0.062 0.0 15.0
4.7736835 17.732948 0.062 0.0 15.0
4.7736835 17.732948 0.063 0.0 16.0
5.328102 18.895155 0.063 0.0 16.0
4.219265 16.570742 0.064 0.0 15.0
5.471408 16.87115 0.064 0.0 15.0
5.471408 16.87115 0.065 0.0 16.0
6.723551 17.171556 0.065 0.0 16.0
4.219265 16.570742 0.066 2.0 15.0
5.2200603 17.380999 0.066 2.0 15.0
5.2200603 17.380999 0.067 1.0 16.0
6.2208557 18.191256 0.067 1.0 16.0
6.2208557 18.191256 0.068 0.0 17.0
7.221651 19.001513 0.068 0.0 17.0
7.221651 19.001513 0.069 0.0 18.0
8.222446 19.81177 0.069 0.0 18.0
2.2176743 14.950229 0.070 8.0 13.0
2.7720928 16.112436 0.070 8.0 13.0
2.7720928 16.112436 0.071 7.0 14.0
3.3265114 17.274643 0.071 7.0 14.0
3.3265114 17.274643 0.072 6.0 15.0
3.88093 18.43685 0.072 6.0 15.0
3.88093 18.43685 0.073 5.0 16.0
4.4353485 19.599056 0.073 5.0 16.0
4.4353485 19.599056 0.074 4.0 17.0
4.989767 20.761263 0.074 4.0 17.0
4.989767 20.761263 0.075 3.0 18.0
5.5441856 21.92347 0.075 3.0 18.0
5.5441856 21.92347 0.076 0.0 19.0
5.5441856 23.211143 0.076 0.0 19.0
5.5441856 23.211143 0.077 0.0 20.0
5.5441856 24.498817 0.077 0.0 20.0
5.5441856 21.92347 0.078 0.0 19.0
6.544981 22.733727 0.078 0.0 19.0
6.544981 22.733727 0.079 0.0 20.0
7.5457764 23.543983 0.079 0.0 20.0
5.5441856 21.92347 0.080 2.0 19.0
6.098604 23.085676 0.080 2.0 19.0
6.098604 23.085676 0.081 1.0 20.0
6.653023 24.247883 0.081 1.0 20.0
6.653023 24.247883 0.082 0.0 21.0
7.2074413 25.41009 0.082 0.0 21.0
7.2074413 25.41009 0.083 0.0 22.0
7.76186 26.572296 0.083 0.0 22.0
0.0 10.301398 0.084 20.0 9.0
0.0 11.589073 0.084 20.0 9.0
0.0 11.589073 0.085 19.0 10.0
0.0 12.876748 0.085 19.0 10.0
0.0 12.876748 0.086 18.0 11.0
0.0 14.164423 0.086 18.0 11.0
0.0 14.164423 0.087 17.0 12.0
0.0 15.452098 0.087 17.0 12.0
0.0 15.452098 0.088 16.0 13.0
0.0 16.739773 0.088 16.0 13.0
0.0 16.739773 0.089 15.0 14.0
0.0 18.027447 0.089 15.0 14.0
0.0 18.027447 0.090 14.0 15.0
0.0 19.31512 0.090 14.0 15.0
0.0 19.31512 0.091 13.0 16.0
0.0 20.602795 0.091 13.0 16.0
0.0 20.602795 0.092 12.0 17.0
0.0 21.890469 0.092 12.0 17.0
0.0 21.890469 0.093 11.0 18.0
0.0 23.178143 0.093 11.0 18.0
0.0 23.178143 0.094 10.0 19.0
0.0 24.465816 0.094 10.0 19.0
0.0 24.465816 0.095 9.0 20.0
0.0 25.75349 0.095 9.0 20.0
0.0 25.75349 0.096 4.0 21.0
-0.55441856 26.915697 0.096 4.0 21.0
-0.55441856 26.915697 0.097 3.0 22.0
-1.1088371 28.077904 0.097 3.0 22.0
-1.1088371 28.077904 0.098 0.0 23.0
-2.1096325 28.88816 0.098 0.0 23.0
-2.1096325 28.88816 0.099 0.0 24.0
-3.1104279 29.698418 0.099 0.0 24.0
-1.1088371 28.077904 0.0100 0.0 23.0
-1.1088371 29.365578 0.0100 0.0 23.0
-1.1088371 29.365578 0.0101 0.0 24.0
-1.1088371 30.653252 0.0101 0.0 24.0
-1.1088371 28.077904 0.0102 2.0 23.0
-1.6632557 29.24011 0.0102 2.0 23.0
-1.6632557 29.24011 0.0103 1.0 24.0
-2.2176743 30.402317 0.0103 1.0 24.0
-2.2176743 30.402317 0.0104 0.0 25.0
-2.7720928 31.564524 0.0104 0.0 25.0
-2.7720928 31.564524 0.0105 0.0 26.0
-3.3265114 32.72673 0.0105 0.0 26.0
0.0 25.75349 0.0106 4.0 21.0
0.55441856 26.915697 0.0106 4.0 21.0
0.55441856 26.915697 0.0107 3.0 22.0
1.1088371 28.077904 0.0107 3.0 22.0
1.1088371 28.077904 0.0108 0.0 23.0
1.1088371 29.365578 0.0108 0.0 23.0
1.1088371 29.365578 0.0109 0.0 24.0
1.1088371 30.653252 0.0109 0.0 24.0
1.1088371 28.077904 0.0110 0.0 23.0
2.1096325 28.88816 0.0110 0.0 23.0
2.1096325 28.88816 0.0111 0.0 24.0
3.1104279 29.698418 0.0111 0.0 24.0
1.1088371 28.077904 0.0112 2.0 23.0
1.6632557 29.24011 0.0112 2.0 23.0
1.6632557 29.24011 0.0113 1.0 24.0
2.2176743 30.402317 0.0113 1.0 24.0
2.2176743 30.402317 0.0114 0.0 25.0
2.7720928 31.564524 0.0114 0.0 25.0
2.7720928 31.564524 0.0115 0.0 26.0
3.3265114 32.72673 0.0115 0.0 26.0
0.0 25.75349 0.0116 8.0 21.0
0.0 27.041164 0.0116 8.0 21.0
0.0 27.041164 0.0117 7.0 22.0
0.0 28.328838 0.0117 7.0 22.0
0.0 28.328838 0.0118 6.0 23.0
0.0 29.616512 0.0118 6.0 23.0
0.0 29.616512 0.0119 5.0 24.0
0.0 30.904186 0.0119 5.0 24.0
0.0 30.904186 0.0120 4.0 25.0
0.0 32.19186 0.0120 4.0 25.0
0.0 32.19186 0.0121 3.0 26.0
0.0 33.479534 0.0121 3.0 26.0
0.0 33.479534 0.0122 0.0 27.0
-0.55441856 34.641743 0.0122 0.0 27.0
-0.55441856 34.641743 0.0123 0.0 28.0
-1.1088371 35.80395 0.0123 0.0 28.0
0.0 33.479534 0.0124 0.0 27.0
0.55441856 34.641743 0.0124 0.0 27.0
0.55441856 34.641743 0.0125 0.0 28.0
1.1088371 35.80395 0.0125 0.0 28.0
0.0 33.479534 0.0126 2.0 27.0
0.0 34.76721 0.0126 2.0 27.0
0.0 34.76721 0.0127 1.0 28.0
0.0 36.054882 0.0127 1.0 28.0
0.0 36.054882 0.0128 0.0 29.0
0.0 37.342556 0.0128 0.0 29.0
0.0 37.342556 0.0129 0.0 30.0
0.0 38.63023 0.0129 0.0 30.0
