0.0 0.0 0.00 79.0 1.0
0.0 4.5128765 0.00 79.0 1.0
0.0 4.5128765 0.01 0.0 2.0
-1.5350069 8.756673 0.01 0.0 2.0
0.0 4.5128765 0.02 78.0 2.0
0.0 9.025753 0.02 78.0 2.0
0.0 9.025753 0.03 0.0 3.0
1.5350069 13.269549 0.03 0.0 3.0
0.0 9.025753 0.04 77.0 3.0
0.0 13.53863 0.04 77.0 3.0
0.0 13.53863 0.05 1.0 4.0
1.5350069 17.782425 0.05 1.0 4.0
1.5350069 17.782425 0.06 0.0 5.0
1.5350069 22.295301 0.06 0.0 5.0
1.5350069 17.782425 0.07 0.0 5.0
3.0700138 22.026222 0.07 0.0 5.0
3.0700138 22.026222 0.08 0.0 6.0
5.956978 25.494865 0.08 0.0 6.0
3.0700138 22.026222 0.09 0.0 6.0
4.6050205 26.27002 0.09 0.0 6.0
0.0 13.53863 0.010 76.0 4.0
0.0 18.051506 0.010 76.0 4.0
0.0 18.051506 0.011 0.0 5.0
-1.5350069 22.295303 0.011 0.0 5.0
0.0 18.051506 0.012 75.0 5.0
0.0 22.564383 0.012 75.0 5.0
0.0 22.564383 0.013 0.0 6.0
1.5350069 26.808178 0.013 0.0 6.0
0.0 22.564383 0.014 74.0 6.0
0.0 27.07726 0.014 74.0 6.0
0.0 27.07726 0.015 1.0 7.0
-1.5350069 31.321056 0.015 1.0 7.0
-1.5350069 31.321056 0.016 0.0 8.0
-4.4219713 34.7897 0.016 0.0 8.0
-1.5350069 31.321056 0.017 0.0 8.0
-3.0700138 35.564854 0.017 0.0 8.0
-3.0700138 35.564854 0.018 0.0 9.0
-3.0700138 40.07773 0.018 0.0 9.0
-3.0700138 35.564854 0.019 0.0 9.0
-4.6050205 39.80865 0.019 0.0 9.0
0.0 27.07726 0.020 73.0 7.0
0.0 31.590136 0.020 73.0 7.0
0.0 31.590136 0.021 0.0 8.0
-1.5350069 35.83393 0.021 0.0 8.0
0.0 31.590136 0.022 72.0 8.0
0.0 36.103012 0.022 72.0 8.0
0.0 36.103012 0.023 0.0 9.0
1.5350069 40.34681 0.023 0.0 9.0
0.0 36.103012 0.024 71.0 9.0
0.0 40.61589 0.024 71.0 9.0
0.0 40.61589 0.025 7.0 10.0
1.5350069 44.859688 0.025 7.0 10.0
1.5350069 44.859688 0.026 0.0 11.0
1.5350069 49.372566 0.026 0.0 11.0
1.5350069 44.859688 0.027 6.0 11.0
3.0700138 49.103485 0.027 6.0 11.0
3.0700138 49.103485 0.028 0.0 12.0
5.956978 52.57213 0.028 0.0 12.0
3.0700138 49.103485 0.029 5.0 12.0
4.6050205 53.347282 0.029 5.0 12.0
4.6050205 53.347282 0.030 1.0 13.0
7.491985 56.815926 0.030 1.0 13.0
7.491985 56.815926 0.031 0.0 14.0
9.026992 61.059723 0.031 0.0 14.0
7.491985 56.815926 0.032 0.0 14.0
10.378949 60.28457 0.032 0.0 14.0
10.378949 60.28457 0.033 0.0 15.0
14.273601 62.564426 0.033 0.0 15.0
10.378949 60.28457 0.034 0.0 15.0
13.265913 63.753212 0.034 0.0 15.0
4.6050205 53.347282 0.035 4.0 13.0
6.1400275 57.59108 0.035 4.0 13.0
6.1400275 57.59108 0.036 0.0 14.0
6.1400275 62.10396 0.036 0.0 14.0
6.1400275 57.59108 0.037 3.0 14.0
7.6750345 61.834877 0.037 3.0 14.0
7.6750345 61.834877 0.038 0.0 15.0
10.561998 65.30352 0.038 0.0 15.0
7.6750345 61.834877 0.039 2.0 15.0
9.210041 66.078674 0.039 2.0 15.0
9.210041 66.078674 0.040 1.0 16.0
9.210041 70.59155 0.040 1.0 16.0
9.210041 70.59155 0.041 0.0 17.0
7.675034 74.83535 0.041 0.0 17.0
9.210041 70.59155 0.042 0.0 17.0
9.210041 75.10443 0.042 0.0 17.0
9.210041 75.10443 0.043 0.0 18.0
10.745048 79.34823 0.043 0.0 18.0
9.210041 75.10443 0.044 0.0 18.0
9.210041 79.61731 0.044 0.0 18.0
9.210041 66.078674 0.045 1.0 16.0
10.745048 70.32247 0.045 1.0 16.0
10.745048 70.32247 0.046 0.0 17.0
10.745048 74.83535 0.046 0.0 17.0
10.745048 70.32247 0.047 0.0 17.0
12.280054 74.56627 0.047 0.0 17.0
12.280054 74.56627 0.048 0.0 18.0
15.167019 78.03491 0.048 0.0 18.0
12.280054 74.56627 0.049 0.0 18.0
13.815061 78.81007 0.049 0.0 18.0
0.0 40.61589 0.050 70.0 10.0
0.0 45.12877 0.050 70.0 10.0
0.0 45.12877 0.051 0.0 11.0
-1.5350069 49.372566 0.051 0.0 11.0
0.0 45.12877 0.052 69.0 11.0
0.0 49.641647 0.052 69.0 11.0
0.0 49.641647 0.053 0.0 12.0
1.5350069 53.885445 0.053 0.0 12.0
0.0 49.641647 0.054 68.0 12.0
0.0 54.154526 0.054 68.0 12.0
0.0 54.154526 0.055 1.0 13.0
1.5350069 58.398323 0.055 1.0 13.0
1.5350069 58.398323 0.056 0.0 14.0
1.5350069 62.9112 0.056 0.0 14.0
1.5350069 58.398323 0.057 0.0 14.0
3.0700138 62.64212 0.057 0.0 14.0
3.0700138 62.64212 0.058 0.0 15.0
5.956978 66.11076 0.058 0.0 15.0
3.0700138 62.64212 0.059 0.0 15.0
4.6050205 66.88592 0.059 0.0 15.0
0.0 54.154526 0.060 67.0 13.0
0.0 58.667404 0.060 67.0 13.0
0.0 58.667404 0.061 0.0 14.0
-1.5350069 62.9112 0.061 0.0 14.0
0.0 58.667404 0.062 66.0 14.0
0.0 63.180283 0.062 66.0 14.0
0.0 63.180283 0.063 0.0 15.0
1.5350069 67.42408 0.063 0.0 15.0
0.0 63.180283 0.064 65.0 15.0
0.0 67.69316 0.064 65.0 15.0
0.0 67.69316 0.065 1.0 16.0
-1.5350069 71.93696 0.065 1.0 16.0
-1.5350069 71.93696 0.066 0.0 17.0
-4.4219713 75.4056 0.066 0.0 17.0
-1.5350069 71.93696 0.067 0.0 17.0
-3.0700138 76.180756 0.067 0.0 17.0
-3.0700138 76.180756 0.068 0.0 18.0
-3.0700138 80.693634 0.068 0.0 18.0
-3.0700138 76.180756 0.069 0.0 18.0
-4.6050205 80.42455 0.069 0.0 18.0
0.0 67.69316 0.070 64.0 16.0
0.0 72.20604 0.070 64.0 16.0
0.0 72.20604 0.071 0.0 17.0
-1.5350069 76.44984 0.071 0.0 17.0
0.0 72.20604 0.072 63.0 17.0
0.0 76.71892 0.072 63.0 17.0
0.0 76.71892 0.073 0.0 18.0
1.5350069 80.962715 0.073 0.0 18.0
0.0 76.71892 0.074 62.0 18.0
0.0 81.2318 0.074 62.0 18.0
0.0 81.2318 0.075 7.0 19.0
1.5350069 85.47559 0.075 7.0 19.0
1.5350069 85.47559 0.076 0.0 20.0
1.5350069 89.98847 0.076 0.0 20.0
1.5350069 85.47559 0.077 6.0 20.0
3.0700138 89.71939 0.077 6.0 20.0
3.0700138 89.71939 0.078 0.0 21.0
5.956978 93.188034 0.078 0.0 21.0
3.0700138 89.71939 0.079 5.0 21.0
4.6050205 93.96319 0.079 5.0 21.0
4.6050205 93.96319 0.080 1.0 22.0
7.491985 97.43183 0.080 1.0 22.0
7.491985 97.43183 0.081 0.0 23.0
9.026992 101.67563 0.081 0.0 23.0
7.491985 97.43183 0.082 0.0 23.0
10.378949 100.900475 0.082 0.0 23.0
10.378949 100.900475 0.083 0.0 24.0
14.273601 103.18033 0.083 0.0 24.0
10.378949 100.900475 0.084 0.0 24.0
13.265913 104.36912 0.084 0.0 24.0
4.6050205 93.96319 0.085 4.0 22.0
6.1400275 98.206985 0.085 4.0 22.0
6.1400275 98.206985 0.086 0.0 23.0
6.1400275 102.719864 0.086 0.0 23.0
6.1400275 98.206985 0.087 3.0 23.0
7.6750345 102.45078 0.087 3.0 23.0
7.6750345 102.45078 0.088 0.0 24.0
10.561998 105.919426 0.088 0.0 24.0
7.6750345 102.45078 0.089 2.0 24.0
9.210041 106.69458 0.089 2.0 24.0
9.210041 106.69458 0.090 1.0 25.0
9.210041 111.20746 0.090 1.0 25.0
9.210041 111.20746 0.091 0.0 26.0
7.675034 115.451256 0.091 0.0 26.0
9.210041 111.20746 0.092 0.0 26.0
9.210041 115.72034 0.092 0.0 26.0
9.210041 115.72034 0.093 0.0 27.0
10.745048 119.964134 0.093 0.0 27.0
9.210041 115.72034 0.094 0.0 27.0
9.210041 120.233215 0.094 0.0 27.0
9.210041 106.69458 0.095 1.0 25.0
10.745048 110.93838 0.095 1.0 25.0
10.745048 110.93838 0.096 0.0 26.0
10.745048 115.451256 0.096 0.0 26.0
10.745048 110.93838 0.097 0.0 26.0
12.280054 115.182175 0.097 0.0 26.0
12.280054 115.182175 0.098 0.0 27.0
15.167019 118.65082 0.098 0.0 27.0
12.280054 115.182175 0.099 0.0 27.0
13.815061 119.42597 0.099 0.0 27.0
0.0 81.2318 0.0100 61.0 19.0
0.0 85.744675 0.0100 61.0 19.0
0.0 85.744675 0.0101 0.0 20.0
-1.5350069 89.98847 0.0101 0.0 20.0
0.0 85.744675 0.0102 60.0 20.0
0.0 90.25755 0.0102 60.0 20.0
0.0 90.25755 0.0103 0.0 21.0
1.5350069 94.50135 0.0103 0.0 21.0
0.0 90.25755 0.0104 59.0 21.0
0.0 94.77043 0.0104 59.0 21.0
0.0 94.77043 0.0105 1.0 22.0
1.5350069 99.01423 0.0105 1.0 22.0
1.5350069 99.01423 0.0106 0.0 23.0
1.5350069 103.52711 0.0106 0.0 23.0
1.5350069 99.01423 0.0107 0.0 23.0
3.0700138 103.258026 0.0107 0.0 23.0
3.0700138 103.258026 0.0108 0.0 24.0
5.956978 106.72667 0.0108 0.0 24.0
3.0700138 103.258026 0.0109 0.0 24.0
4.6050205 107.50182 0.0109 0.0 24.0
0.0 94.77043 0.0110 58.0 22.0
0.0 99.28331 0.0110 58.0 22.0
0.0 99.28331 0.0111 0.0 23.0
-1.5350069 103.52711 0.0111 0.0 23.0
0.0 99.28331 0.0112 57.0 23.0
0.0 103.79619 0.0112 57.0 23.0
0.0 103.79619 0.0113 0.0 24.0
1.5350069 108.039986 0.0113 0.0 24.0
0.0 103.79619 0.0114 56.0 24.0
0.0 108.30907 0.0114 56.0 24.0
0.0 108.30907 0.0115 1.0 25.0
-1.5350069 112.552864 0.0115 1.0 25.0
-1.5350069 112.552864 0.0116 0.0 26.0
-4.4219713 116.02151 0.0116 0.0 26.0
-1.5350069 112.552864 0.0117 0.0 26.0
-3.0700138 116.79666 0.0117 0.0 26.0
-3.0700138 116.79666 0.0118 0.0 27.0
-3.0700138 121.30954 0.0118 0.0 27.0
-3.0700138 116.79666 0.0119 0.0 27.0
-4.6050205 121.04046 0.0119 0.0 27.0
0.0 108.30907 0.0120 55.0 25.0
0.0 112.821945 0.0120 55.0 25.0
0.0 112.821945 0.0121 0.0 26.0
-1.5350069 117.06574 0.0121 0.0 26.0
0.0 112.821945 0.0122 54.0 26.0
0.0 117.33482 0.0122 54.0 26.0
0.0 117.33482 0.0123 0.0 27.0
1.5350069 121.57862 0.0123 0.0 27.0
0.0 117.33482 0.0124 53.0 27.0
0.0 121.8477 0.0124 53.0 27.0
0.0 121.8477 0.0125 25.0 28.0
-1.5350069 126.0915 0.0125 25.0 28.0
-1.5350069 126.0915 0.0126 0.0 29.0
-4.4219713 129.56015 0.0126 0.0 29.0
-1.5350069 126.0915 0.0127 24.0 29.0
-3.0700138 130.3353 0.0127 24.0 29.0
-3.0700138 130.3353 0.0128 0.0 30.0
-3.0700138 134.84818 0.0128 0.0 30.0
-3.0700138 130.3353 0.0129 23.0 30.0
-4.6050205 134.57909 0.0129 23.0 30.0
-4.6050205 134.57909 0.0130 1.0 31.0
-4.6050205 139.09196 0.0130 1.0 31.0
-4.6050205 139.09196 0.0131 0.0 32.0
-6.1400275 143.33575 0.0131 0.0 32.0
-4.6050205 139.09196 0.0132 0.0 32.0
-4.6050205 143.60484 0.0132 0.0 32.0
-4.6050205 143.60484 0.0133 0.0 33.0
-3.0700135 147.84863 0.0133 0.0 33.0
-4.6050205 143.60484 0.0134 0.0 33.0
-4.6050205 148.11772 0.0134 0.0 33.0
-4.6050205 134.57909 0.0135 22.0 31.0
-6.1400275 138.82288 0.0135 22.0 31.0
-6.1400275 138.82288 0.0136 0.0 32.0
-9.026992 142.29152 0.0136 0.0 32.0
-6.1400275 138.82288 0.0137 21.0 32.0
-7.6750345 143.06667 0.0137 21.0 32.0
-7.6750345 143.06667 0.0138 0.0 33.0
-7.6750345 147.57954 0.0138 0.0 33.0
-7.6750345 143.06667 0.0139 20.0 33.0
-9.210041 147.31046 0.0139 20.0 33.0
-9.210041 147.31046 0.0140 1.0 34.0
-12.097006 150.7791 0.0140 1.0 34.0
-12.097006 150.7791 0.0141 0.0 35.0
-15.991657 153.05896 0.0141 0.0 35.0
-12.097006 150.7791 0.0142 0.0 35.0
-14.983971 154.24774 0.0142 0.0 35.0
-14.983971 154.24774 0.0143 0.0 36.0
-16.518978 158.49153 0.0143 0.0 36.0
-14.983971 154.24774 0.0144 0.0 36.0
-17.870935 157.71638 0.0144 0.0 36.0
-9.210041 147.31046 0.0145 19.0 34.0
-10.745048 151.55424 0.0145 19.0 34.0
-10.745048 151.55424 0.0146 0.0 35.0
-13.632011 155.02289 0.0146 0.0 35.0
-10.745048 151.55424 0.0147 18.0 35.0
-12.280054 155.79803 0.0147 18.0 35.0
-12.280054 155.79803 0.0148 0.0 36.0
-12.280054 160.31091 0.0148 0.0 36.0
-12.280054 155.79803 0.0149 17.0 36.0
-13.815061 160.04182 0.0149 17.0 36.0
-13.815061 160.04182 0.0150 7.0 37.0
-13.815061 164.5547 0.0150 7.0 37.0
-13.815061 164.5547 0.0151 0.0 38.0
-15.350067 168.7985 0.0151 0.0 38.0
-13.815061 164.5547 0.0152 6.0 38.0
-13.815061 169.06758 0.0152 6.0 38.0
-13.815061 169.06758 0.0153 0.0 39.0
-12.280054 173.31137 0.0153 0.0 39.0
-13.815061 169.06758 0.0154 5.0 39.0
-13.815061 173.58046 0.0154 5.0 39.0
-13.815061 173.58046 0.0155 1.0 40.0
-12.280054 177.82425 0.0155 1.0 40.0
-12.280054 177.82425 0.0156 0.0 41.0
-12.280054 182.33713 0.0156 0.0 41.0
-12.280054 177.82425 0.0157 0.0 41.0
-10.745048 182.06804 0.0157 0.0 41.0
-10.745048 182.06804 0.0158 0.0 42.0
-7.8580832 185.53668 0.0158 0.0 42.0
-10.745048 182.06804 0.0159 0.0 42.0
-9.210041 186.31183 0.0159 0.0 42.0
-13.815061 173.58046 0.0160 4.0 40.0
-13.815061 178.09334 0.0160 4.0 40.0
-13.815061 178.09334 0.0161 0.0 41.0
-15.350067 182.33713 0.0161 0.0 41.0
-13.815061 178.09334 0.0162 3.0 41.0
-13.815061 182.60622 0.0162 3.0 41.0
-13.815061 182.60622 0.0163 0.0 42.0
-12.280054 186.85 0.0163 0.0 42.0
-13.815061 182.60622 0.0164 2.0 42.0
-13.815061 187.1191 0.0164 2.0 42.0
-13.815061 187.1191 0.0165 1.0 43.0
-15.350067 191.36288 0.0165 1.0 43.0
-15.350067 191.36288 0.0166 0.0 44.0
-18.237032 194.83153 0.0166 0.0 44.0
-15.350067 191.36288 0.0167 0.0 44.0
-16.885075 195.60667 0.0167 0.0 44.0
-16.885075 195.60667 0.0168 0.0 45.0
-16.885075 200.11955 0.0168 0.0 45.0
-16.885075 195.60667 0.0169 0.0 45.0
-18.420082 199.85046 0.0169 0.0 45.0
-13.815061 187.1191 0.0170 1.0 43.0
-13.815061 191.63197 0.0170 1.0 43.0
-13.815061 191.63197 0.0171 0.0 44.0
-15.350067 195.87576 0.0171 0.0 44.0
-13.815061 191.63197 0.0172 0.0 44.0
-13.815061 196.14485 0.0172 0.0 44.0
-13.815061 196.14485 0.0173 0.0 45.0
-12.280054 200.38864 0.0173 0.0 45.0
-13.815061 196.14485 0.0174 0.0 45.0
-13.815061 200.65773 0.0174 0.0 45.0
-13.815061 160.04182 0.0175 16.0 37.0
-15.350067 164.28561 0.0175 16.0 37.0
-15.350067 164.28561 0.0176 0.0 38.0
-18.237032 167.75426 0.0176 0.0 38.0
-15.350067 164.28561 0.0177 15.0 38.0
-16.885075 168.5294 0.0177 15.0 38.0
-16.885075 168.5294 0.0178 0.0 39.0
-16.885075 173.04228 0.0178 0.0 39.0
-16.885075 168.5294 0.0179 14.0 39.0
-18.420082 172.7732 0.0179 14.0 39.0
-18.420082 172.7732 0.0180 1.0 40.0
-18.420082 177.28607 0.0180 1.0 40.0
-18.420082 177.28607 0.0181 0.0 41.0
-19.95509 181.52986 0.0181 0.0 41.0
-18.420082 177.28607 0.0182 0.0 41.0
-18.420082 181.79895 0.0182 0.0 41.0
-18.420082 181.79895 0.0183 0.0 42.0
-16.885075 186.04274 0.0183 0.0 42.0
-18.420082 181.79895 0.0184 0.0 42.0
-18.420082 186.31183 0.0184 0.0 42.0
-18.420082 172.7732 0.0185 13.0 40.0
-19.95509 177.01698 0.0185 13.0 40.0
-19.95509 177.01698 0.0186 0.0 41.0
-22.842054 180.48563 0.0186 0.0 41.0
-19.95509 177.01698 0.0187 12.0 41.0
-21.490097 181.26077 0.0187 12.0 41.0
-21.490097 181.26077 0.0188 0.0 42.0
-21.490097 185.77365 0.0188 0.0 42.0
-21.490097 181.26077 0.0189 11.0 42.0
-23.025105 185.50456 0.0189 11.0 42.0
-23.025105 185.50456 0.0190 1.0 43.0
-25.91207 188.9732 0.0190 1.0 43.0
-25.91207 188.9732 0.0191 0.0 44.0
-29.80672 191.25307 0.0191 0.0 44.0
-25.91207 188.9732 0.0192 0.0 44.0
-28.799034 192.44185 0.0192 0.0 44.0
-28.799034 192.44185 0.0193 0.0 45.0
-30.334042 196.68564 0.0193 0.0 45.0
-28.799034 192.44185 0.0194 0.0 45.0
-31.685999 195.91049 0.0194 0.0 45.0
-23.025105 185.50456 0.0195 10.0 43.0
-24.560112 189.74835 0.0195 10.0 43.0
-24.560112 189.74835 0.0196 0.0 44.0
-27.447077 193.217 0.0196 0.0 44.0
-24.560112 189.74835 0.0197 9.0 44.0
-26.09512 193.99214 0.0197 9.0 44.0
-26.09512 193.99214 0.0198 0.0 45.0
-26.09512 198.50502 0.0198 0.0 45.0
-26.09512 193.99214 0.0199 8.0 45.0
-27.630127 198.23593 0.0199 8.0 45.0
-27.630127 198.23593 0.0200 7.0 46.0
-27.630127 202.74881 0.0200 7.0 46.0
-27.630127 202.74881 0.0201 0.0 47.0
-29.165134 206.9926 0.0201 0.0 47.0
-27.630127 202.74881 0.0202 6.0 47.0
-27.630127 207.26169 0.0202 6.0 47.0
-27.630127 207.26169 0.0203 0.0 48.0
-26.09512 211.50548 0.0203 0.0 48.0
-27.630127 207.26169 0.0204 5.0 48.0
-27.630127 211.77457 0.0204 5.0 48.0
-27.630127 211.77457 0.0205 1.0 49.0
-26.09512 216.01836 0.0205 1.0 49.0
-26.09512 216.01836 0.0206 0.0 50.0
-26.09512 220.53123 0.0206 0.0 50.0
-26.09512 216.01836 0.0207 0.0 50.0
-24.560112 220.26215 0.0207 0.0 50.0
-24.560112 220.26215 0.0208 0.0 51.0
-21.673147 223.73079 0.0208 0.0 51.0
-24.560112 220.26215 0.0209 0.0 51.0
-23.025105 224.50594 0.0209 0.0 51.0
-27.630127 211.77457 0.0210 4.0 49.0
-27.630127 216.28745 0.0210 4.0 49.0
-27.630127 216.28745 0.0211 0.0 50.0
-29.165134 220.53123 0.0211 0.0 50.0
-27.630127 216.28745 0.0212 3.0 50.0
-27.630127 220.80032 0.0212 3.0 50.0
-27.630127 220.80032 0.0213 0.0 51.0
-26.09512 225.04411 0.0213 0.0 51.0
-27.630127 220.80032 0.0214 2.0 51.0
-27.630127 225.3132 0.0214 2.0 51.0
-27.630127 225.3132 0.0215 1.0 52.0
-29.165134 229.55699 0.0215 1.0 52.0
-29.165134 229.55699 0.0216 0.0 53.0
-32.052097 233.02563 0.0216 0.0 53.0
-29.165134 229.55699 0.0217 0.0 53.0
-30.700142 233.80078 0.0217 0.0 53.0
-30.700142 233.80078 0.0218 0.0 54.0
-30.700142 238.31366 0.0218 0.0 54.0
-30.700142 233.80078 0.0219 0.0 54.0
-32.23515 238.04457 0.0219 0.0 54.0
-27.630127 225.3132 0.0220 1.0 52.0
-27.630127 229.82608 0.0220 1.0 52.0
-27.630127 229.82608 0.0221 0.0 53.0
-29.165134 234.06987 0.0221 0.0 53.0
-27.630127 229.82608 0.0222 0.0 53.0
-27.630127 234.33896 0.0222 0.0 53.0
-27.630127 234.33896 0.0223 0.0 54.0
-26.09512 238.58275 0.0223 0.0 54.0
-27.630127 234.33896 0.0224 0.0 54.0
-27.630127 238.85184 0.0224 0.0 54.0
-27.630127 198.23593 0.0225 7.0 46.0
-29.165134 202.47972 0.0225 7.0 46.0
-29.165134 202.47972 0.0226 0.0 47.0
-32.052097 205.94836 0.0226 0.0 47.0
-29.165134 202.47972 0.0227 6.0 47.0
-30.700142 206.72351 0.0227 6.0 47.0
-30.700142 206.72351 0.0228 0.0 48.0
-30.700142 211.23639 0.0228 0.0 48.0
-30.700142 206.72351 0.0229 5.0 48.0
-32.23515 210.9673 0.0229 5.0 48.0
-32.23515 210.9673 0.0230 1.0 49.0
-32.23515 215.48018 0.0230 1.0 49.0
-32.23515 215.48018 0.0231 0.0 50.0
-33.770157 219.72397 0.0231 0.0 50.0
-32.23515 215.48018 0.0232 0.0 50.0
-32.23515 219.99306 0.0232 0.0 50.0
-32.23515 219.99306 0.0233 0.0 51.0
-30.700142 224.23685 0.0233 0.0 51.0
-32.23515 219.99306 0.0234 0.0 51.0
-32.23515 224.50594 0.0234 0.0 51.0
-32.23515 210.9673 0.0235 4.0 49.0
-33.770157 215.21109 0.0235 4.0 49.0
-33.770157 215.21109 0.0236 0.0 50.0
-36.65712 218.67973 0.0236 0.0 50.0
-33.770157 215.21109 0.0237 3.0 50.0
-35.305164 219.45488 0.0237 3.0 50.0
-35.305164 219.45488 0.0238 0.0 51.0
-35.305164 223.96776 0.0238 0.0 51.0
-35.305164 219.45488 0.0239 2.0 51.0
-36.84017 223.69867 0.0239 2.0 51.0
-36.84017 223.69867 0.0240 1.0 52.0
-39.727135 227.16731 0.0240 1.0 52.0
-39.727135 227.16731 0.0241 0.0 53.0
-43.621788 229.44717 0.0241 0.0 53.0
-39.727135 227.16731 0.0242 0.0 53.0
-42.614098 230.63596 0.0242 0.0 53.0
-42.614098 230.63596 0.0243 0.0 54.0
-44.149105 234.87975 0.0243 0.0 54.0
-42.614098 230.63596 0.0244 0.0 54.0
-45.50106 234.1046 0.0244 0.0 54.0
-36.84017 223.69867 0.0245 1.0 52.0
-38.37518 227.94246 0.0245 1.0 52.0
-38.37518 227.94246 0.0246 0.0 53.0
-41.262142 231.4111 0.0246 0.0 53.0
-38.37518 227.94246 0.0247 0.0 53.0
-39.910187 232.18625 0.0247 0.0 53.0
-39.910187 232.18625 0.0248 0.0 54.0
-39.910187 236.69913 0.0248 0.0 54.0
-39.910187 232.18625 0.0249 0.0 54.0
-41.445194 236.43004 0.0249 0.0 54.0
0.0 121.8477 0.0250 52.0 28.0
0.0 126.36058 0.0250 52.0 28.0
0.0 126.36058 0.0251 0.0 29.0
-1.5350069 130.60437 0.0251 0.0 29.0
0.0 126.36058 0.0252 51.0 29.0
0.0 130.87346 0.0252 51.0 29.0
0.0 130.87346 0.0253 0.0 30.0
1.5350069 135.11725 0.0253 0.0 30.0
0.0 130.87346 0.0254 50.0 30.0
0.0 135.38634 0.0254 50.0 30.0
0.0 135.38634 0.0255 1.0 31.0
1.5350069 139.63013 0.0255 1.0 31.0
1.5350069 139.63013 0.0256 0.0 32.0
1.5350069 144.143 0.0256 0.0 32.0
1.5350069 139.63013 0.0257 0.0 32.0
3.0700138 143.87392 0.0257 0.0 32.0
3.0700138 143.87392 0.0258 0.0 33.0
5.956978 147.34256 0.0258 0.0 33.0
3.0700138 143.87392 0.0259 0.0 33.0
4.6050205 148.1177 0.0259 0.0 33.0
0.0 135.38634 0.0260 49.0 31.0
0.0 139.89922 0.0260 49.0 31.0
0.0 139.89922 0.0261 0.0 32.0
-1.5350069 144.143 0.0261 0.0 32.0
0.0 139.89922 0.0262 48.0 32.0
0.0 144.4121 0.0262 48.0 32.0
0.0 144.4121 0.0263 0.0 33.0
1.5350069 148.65588 0.0263 0.0 33.0
0.0 144.4121 0.0264 47.0 33.0
0.0 148.92497 0.0264 47.0 33.0
0.0 148.92497 0.0265 1.0 34.0
-1.5350069 153.16876 0.0265 1.0 34.0
-1.5350069 153.16876 0.0266 0.0 35.0
-4.4219713 156.6374 0.0266 0.0 35.0
-1.5350069 153.16876 0.0267 0.0 35.0
-3.0700138 157.41255 0.0267 0.0 35.0
-3.0700138 157.41255 0.0268 0.0 36.0
-3.0700138 161.92543 0.0268 0.0 36.0
-3.0700138 157.41255 0.0269 0.0 36.0
-4.6050205 161.65634 0.0269 0.0 36.0
0.0 148.92497 0.0270 46.0 34.0
0.0 153.43785 0.0270 46.0 34.0
0.0 153.43785 0.0271 0.0 35.0
-1.5350069 157.68164 0.0271 0.0 35.0
0.0 153.43785 0.0272 45.0 35.0
0.0 157.95073 0.0272 45.0 35.0
0.0 157.95073 0.0273 0.0 36.0
1.5350069 162.19452 0.0273 0.0 36.0
0.0 157.95073 0.0274 44.0 36.0
0.0 162.46361 0.0274 44.0 36.0
0.0 162.46361 0.0275 7.0 37.0
1.5350069 166.7074 0.0275 7.0 37.0
1.5350069 166.7074 0.0276 0.0 38.0
1.5350069 171.22028 0.0276 0.0 38.0
1.5350069 166.7074 0.0277 6.0 38.0
3.0700138 170.95119 0.0277 6.0 38.0
3.0700138 170.95119 0.0278 0.0 39.0
5.956978 174.41983 0.0278 0.0 39.0
3.0700138 170.95119 0.0279 5.0 39.0
4.6050205 175.19498 0.0279 5.0 39.0
4.6050205 175.19498 0.0280 1.0 40.0
7.491985 178.66362 0.0280 1.0 40.0
7.491985 178.66362 0.0281 0.0 41.0
9.026992 182.90741 0.0281 0.0 41.0
7.491985 178.66362 0.0282 0.0 41.0
10.378949 182.13226 0.0282 0.0 41.0
10.378949 182.13226 0.0283 0.0 42.0
14.273601 184.41212 0.0283 0.0 42.0
10.378949 182.13226 0.0284 0.0 42.0
13.265913 185.6009 0.0284 0.0 42.0
4.6050205 175.19498 0.0285 4.0 40.0
6.1400275 179.43877 0.0285 4.0 40.0
6.1400275 179.43877 0.0286 0.0 41.0
6.1400275 183.95164 0.0286 0.0 41.0
6.1400275 179.43877 0.0287 3.0 41.0
7.6750345 183.68256 0.0287 3.0 41.0
7.6750345 183.68256 0.0288 0.0 42.0
10.561998 187.1512 0.0288 0.0 42.0
7.6750345 183.68256 0.0289 2.0 42.0
9.210041 187.92635 0.0289 2.0 42.0
9.210041 187.92635 0.0290 1.0 43.0
9.210041 192.43922 0.0290 1.0 43.0
9.210041 192.43922 0.0291 0.0 44.0
7.675034 196.68301 0.0291 0.0 44.0
9.210041 192.43922 0.0292 0.0 44.0
9.210041 196.9521 0.0292 0.0 44.0
9.210041 196.9521 0.0293 0.0 45.0
10.745048 201.19589 0.0293 0.0 45.0
9.210041 196.9521 0.0294 0.0 45.0
9.210041 201.46498 0.0294 0.0 45.0
9.210041 187.92635 0.0295 1.0 43.0
10.745048 192.17014 0.0295 1.0 43.0
10.745048 192.17014 0.0296 0.0 44.0
10.745048 196.68301 0.0296 0.0 44.0
10.745048 192.17014 0.0297 0.0 44.0
12.280054 196.41393 0.0297 0.0 44.0
12.280054 196.41393 0.0298 0.0 45.0
15.167019 199.88257 0.0298 0.0 45.0
12.280054 196.41393 0.0299 0.0 45.0
13.815061 200.65771 0.0299 0.0 45.0
0.0 162.46361 0.0300 43.0 37.0
0.0 166.97649 0.0300 43.0 37.0
0.0 166.97649 0.0301 0.0 38.0
-1.5350069 171.22028 0.0301 0.0 38.0
0.0 166.97649 0.0302 42.0 38.0
0.0 171.48936 0.0302 42.0 38.0
0.0 171.48936 0.0303 0.0 39.0
1.5350069 175.73315 0.0303 0.0 39.0
0.0 171.48936 0.0304 41.0 39.0
0.0 176.00224 0.0304 41.0 39.0
0.0 176.00224 0.0305 1.0 40.0
1.5350069 180.24603 0.0305 1.0 40.0
1.5350069 180.24603 0.0306 0.0 41.0
1.5350069 184.75891 0.0306 0.0 41.0
1.5350069 180.24603 0.0307 0.0 41.0
3.0700138 184.48982 0.0307 0.0 41.0
3.0700138 184.48982 0.0308 0.0 42.0
5.956978 187.95847 0.0308 0.0 42.0
3.0700138 184.48982 0.0309 0.0 42.0
4.6050205 188.73361 0.0309 0.0 42.0
0.0 176.00224 0.0310 40.0 40.0
0.0 180.51512 0.0310 40.0 40.0
0.0 180.51512 0.0311 0.0 41.0
-1.5350069 184.75891 0.0311 0.0 41.0
0.0 180.51512 0.0312 39.0 41.0
0.0 185.028 0.0312 39.0 41.0
0.0 185.028 0.0313 0.0 42.0
1.5350069 189.27179 0.0313 0.0 42.0
0.0 185.028 0.0314 38.0 42.0
0.0 189.54088 0.0314 38.0 42.0
0.0 189.54088 0.0315 1.0 43.0
-1.5350069 193.78467 0.0315 1.0 43.0
-1.5350069 193.78467 0.0316 0.0 44.0
-4.4219713 197.25331 0.0316 0.0 44.0
-1.5350069 193.78467 0.0317 0.0 44.0
-3.0700138 198.02846 0.0317 0.0 44.0
-3.0700138 198.02846 0.0318 0.0 45.0
-3.0700138 202.54134 0.0318 0.0 45.0
-3.0700138 198.02846 0.0319 0.0 45.0
-4.6050205 202.27225 0.0319 0.0 45.0
0.0 189.54088 0.0320 37.0 43.0
0.0 194.05376 0.0320 37.0 43.0
0.0 194.05376 0.0321 0.0 44.0
-1.5350069 198.29755 0.0321 0.0 44.0
0.0 194.05376 0.0322 36.0 44.0
0.0 198.56664 0.0322 36.0 44.0
0.0 198.56664 0.0323 0.0 45.0
1.5350069 202.81042 0.0323 0.0 45.0
0.0 198.56664 0.0324 35.0 45.0
0.0 203.07951 0.0324 35.0 45.0
0.0 203.07951 0.0325 7.0 46.0
1.5350069 207.3233 0.0325 7.0 46.0
1.5350069 207.3233 0.0326 0.0 47.0
1.5350069 211.83618 0.0326 0.0 47.0
1.5350069 207.3233 0.0327 6.0 47.0
3.0700138 211.5671 0.0327 6.0 47.0
3.0700138 211.5671 0.0328 0.0 48.0
5.956978 215.03574 0.0328 0.0 48.0
3.0700138 211.5671 0.0329 5.0 48.0
4.6050205 215.81088 0.0329 5.0 48.0
4.6050205 215.81088 0.0330 1.0 49.0
7.491985 219.27953 0.0330 1.0 49.0
7.491985 219.27953 0.0331 0.0 50.0
9.026992 223.52332 0.0331 0.0 50.0
7.491985 219.27953 0.0332 0.0 50.0
10.378949 222.74817 0.0332 0.0 50.0
10.378949 222.74817 0.0333 0.0 51.0
14.273601 225.02803 0.0333 0.0 51.0
10.378949 222.74817 0.0334 0.0 51.0
13.265913 226.21681 0.0334 0.0 51.0
4.6050205 215.81088 0.0335 4.0 49.0
6.1400275 220.05467 0.0335 4.0 49.0
6.1400275 220.05467 0.0336 0.0 50.0
6.1400275 224.56755 0.0336 0.0 50.0
6.1400275 220.05467 0.0337 3.0 50.0
7.6750345 224.29846 0.0337 3.0 50.0
7.6750345 224.29846 0.0338 0.0 51.0
10.561998 227.7671 0.0338 0.0 51.0
7.6750345 224.29846 0.0339 2.0 51.0
9.210041 228.54225 0.0339 2.0 51.0
9.210041 228.54225 0.0340 1.0 52.0
9.210041 233.05513 0.0340 1.0 52.0
9.210041 233.05513 0.0341 0.0 53.0
7.675034 237.29892 0.0341 0.0 53.0
9.210041 233.05513 0.0342 0.0 53.0
9.210041 237.56801 0.0342 0.0 53.0
9.210041 237.56801 0.0343 0.0 54.0
10.745048 241.8118 0.0343 0.0 54.0
9.210041 237.56801 0.0344 0.0 54.0
9.210041 242.08089 0.0344 0.0 54.0
9.210041 228.54225 0.0345 1.0 52.0
10.745048 232.78604 0.0345 1.0 52.0
10.745048 232.78604 0.0346 0.0 53.0
10.745048 237.29892 0.0346 0.0 53.0
10.745048 232.78604 0.0347 0.0 53.0
12.280054 237.02983 0.0347 0.0 53.0
12.280054 237.02983 0.0348 0.0 54.0
15.167019 240.49847 0.0348 0.0 54.0
12.280054 237.02983 0.0349 0.0 54.0
13.815061 241.27362 0.0349 0.0 54.0
0.0 203.07951 0.0350 34.0 46.0
0.0 207.59239 0.0350 34.0 46.0
0.0 207.59239 0.0351 0.0 47.0
-1.5350069 211.83618 0.0351 0.0 47.0
0.0 207.59239 0.0352 33.0 47.0
0.0 212.10527 0.0352 33.0 47.0
0.0 212.10527 0.0353 0.0 48.0
1.5350069 216.34906 0.0353 0.0 48.0
0.0 212.10527 0.0354 32.0 48.0
0.0 216.61815 0.0354 32.0 48.0
0.0 216.61815 0.0355 1.0 49.0
1.5350069 220.86194 0.0355 1.0 49.0
1.5350069 220.86194 0.0356 0.0 50.0
1.5350069 225.37482 0.0356 0.0 50.0
1.5350069 220.86194 0.0357 0.0 50.0
3.0700138 225.10573 0.0357 0.0 50.0
3.0700138 225.10573 0.0358 0.0 51.0
5.956978 228.57437 0.0358 0.0 51.0
3.0700138 225.10573 0.0359 0.0 51.0
4.6050205 229.34952 0.0359 0.0 51.0
0.0 216.61815 0.0360 31.0 49.0
0.0 221.13103 0.0360 31.0 49.0
0.0 221.13103 0.0361 0.0 50.0
-1.5350069 225.37482 0.0361 0.0 50.0
0.0 221.13103 0.0362 30.0 50.0
0.0 225.6439 0.0362 30.0 50.0
0.0 225.6439 0.0363 0.0 51.0
1.5350069 229.8877 0.0363 0.0 51.0
0.0 225.6439 0.0364 29.0 51.0
0.0 230.15678 0.0364 29.0 51.0
0.0 230.15678 0.0365 1.0 52.0
-1.5350069 234.40057 0.0365 1.0 52.0
-1.5350069 234.40057 0.0366 0.0 53.0
-4.4219713 237.86922 0.0366 0.0 53.0
-1.5350069 234.40057 0.0367 0.0 53.0
-3.0700138 238.64436 0.0367 0.0 53.0
-3.0700138 238.64436 0.0368 0.0 54.0
-3.0700138 243.15724 0.0368 0.0 54.0
-3.0700138 238.64436 0.0369 0.0 54.0
-4.6050205 242.88815 0.0369 0.0 54.0
0.0 230.15678 0.0370 28.0 52.0
0.0 234.66966 0.0370 28.0 52.0
0.0 234.66966 0.0371 0.0 53.0
-1.5350069 238.91345 0.0371 0.0 53.0
0.0 234.66966 0.0372 27.0 53.0
0.0 239.18254 0.0372 27.0 53.0
0.0 239.18254 0.0373 0.0 54.0
1.5350069 243.42633 0.0373 0.0 54.0
0.0 239.18254 0.0374 26.0 54.0
0.0 243.69542 0.0374 26.0 54.0
0.0 243.69542 0.0375 25.0 55.0
1.5350069 247.93921 0.0375 25.0 55.0
1.5350069 247.93921 0.0376 0.0 56.0
1.5350069 252.45209 0.0376 0.0 56.0
1.5350069 247.93921 0.0377 24.0 56.0
3.0700138 252.183 0.0377 24.0 56.0
3.0700138 252.183 0.0378 0.0 57.0
5.956978 255.65164 0.0378 0.0 57.0
3.0700138 252.183 0.0379 23.0 57.0
4.6050205 256.4268 0.0379 23.0 57.0
4.6050205 256.4268 0.0380 1.0 58.0
7.491985 259.89545 0.0380 1.0 58.0
7.491985 259.89545 0.0381 0.0 59.0
9.026992 264.13925 0.0381 0.0 59.0
7.491985 259.89545 0.0382 0.0 59.0
10.378949 263.3641 0.0382 0.0 59.0
10.378949 263.3641 0.0383 0.0 60.0
14.273601 265.64395 0.0383 0.0 60.0
10.378949 263.3641 0.0384 0.0 60.0
13.265913 266.83276 0.0384 0.0 60.0
4.6050205 256.4268 0.0385 22.0 58.0
6.1400275 260.6706 0.0385 22.0 58.0
6.1400275 260.6706 0.0386 0.0 59.0
6.1400275 265.18347 0.0386 0.0 59.0
6.1400275 260.6706 0.0387 21.0 59.0
7.6750345 264.9144 0.0387 21.0 59.0
7.6750345 264.9144 0.0388 0.0 60.0
10.561998 268.38306 0.0388 0.0 60.0
7.6750345 264.9144 0.0389 20.0 60.0
9.210041 269.1582 0.0389 20.0 60.0
9.210041 269.1582 0.0390 1.0 61.0
9.210041 273.67108 0.0390 1.0 61.0
9.210041 273.67108 0.0391 0.0 62.0
7.675034 277.9149 0.0391 0.0 62.0
9.210041 273.67108 0.0392 0.0 62.0
9.210041 278.18396 0.0392 0.0 62.0
9.210041 278.18396 0.0393 0.0 63.0
10.745048 282.42776 0.0393 0.0 63.0
9.210041 278.18396 0.0394 0.0 63.0
9.210041 282.69684 0.0394 0.0 63.0
9.210041 269.1582 0.0395 19.0 61.0
10.745048 273.402 0.0395 19.0 61.0
10.745048 273.402 0.0396 0.0 62.0
10.745048 277.9149 0.0396 0.0 62.0
10.745048 273.402 0.0397 18.0 62.0
12.280054 277.6458 0.0397 18.0 62.0
12.280054 277.6458 0.0398 0.0 63.0
15.167019 281.11447 0.0398 0.0 63.0
12.280054 277.6458 0.0399 17.0 63.0
13.815061 281.88962 0.0399 17.0 63.0
13.815061 281.88962 0.0400 7.0 64.0
16.702024 285.35828 0.0400 7.0 64.0
16.702024 285.35828 0.0401 0.0 65.0
18.237032 289.60208 0.0401 0.0 65.0
16.702024 285.35828 0.0402 6.0 65.0
19.58899 288.82693 0.0402 6.0 65.0
19.58899 288.82693 0.0403 0.0 66.0
23.48364 291.10678 0.0403 0.0 66.0
19.58899 288.82693 0.0404 5.0 66.0
22.475954 292.2956 0.0404 5.0 66.0
22.475954 292.2956 0.0405 1.0 67.0
26.370605 294.57544 0.0405 1.0 67.0
26.370605 294.57544 0.0406 0.0 68.0
29.25757 298.0441 0.0406 0.0 68.0
26.370605 294.57544 0.0407 0.0 68.0
30.265257 296.8553 0.0407 0.0 68.0
30.265257 296.8553 0.0408 0.0 69.0
34.70316 297.67447 0.0408 0.0 69.0
30.265257 296.8553 0.0409 0.0 69.0
34.15991 299.13513 0.0409 0.0 69.0
22.475954 292.2956 0.0410 4.0 67.0
25.362919 295.76425 0.0410 4.0 67.0
25.362919 295.76425 0.0411 0.0 68.0
26.897926 300.00806 0.0411 0.0 68.0
25.362919 295.76425 0.0412 3.0 68.0
28.249884 299.2329 0.0412 3.0 68.0
28.249884 299.2329 0.0413 0.0 69.0
32.144535 301.51276 0.0413 0.0 69.0
28.249884 299.2329 0.0414 2.0 69.0
31.136848 302.70157 0.0414 2.0 69.0
31.136848 302.70157 0.0415 1.0 70.0
32.671856 306.94537 0.0415 1.0 70.0
32.671856 306.94537 0.0416 0.0 71.0
32.671856 311.45825 0.0416 0.0 71.0
32.671856 306.94537 0.0417 0.0 71.0
34.206863 311.18918 0.0417 0.0 71.0
34.206863 311.18918 0.0418 0.0 72.0
37.093826 314.65784 0.0418 0.0 72.0
34.206863 311.18918 0.0419 0.0 72.0
35.74187 315.43298 0.0419 0.0 72.0
31.136848 302.70157 0.0420 1.0 70.0
34.02381 306.17023 0.0420 1.0 70.0
34.02381 306.17023 0.0421 0.0 71.0
35.55882 310.41403 0.0421 0.0 71.0
34.02381 306.17023 0.0422 0.0 71.0
36.910774 309.6389 0.0422 0.0 71.0
36.910774 309.6389 0.0423 0.0 72.0
40.805428 311.91873 0.0423 0.0 72.0
36.910774 309.6389 0.0424 0.0 72.0
39.797737 313.10754 0.0424 0.0 72.0
13.815061 281.88962 0.0425 16.0 64.0
15.350067 286.13342 0.0425 16.0 64.0
15.350067 286.13342 0.0426 0.0 65.0
15.350067 290.6463 0.0426 0.0 65.0
15.350067 286.13342 0.0427 15.0 65.0
16.885075 290.37723 0.0427 15.0 65.0
16.885075 290.37723 0.0428 0.0 66.0
19.77204 293.8459 0.0428 0.0 66.0
16.885075 290.37723 0.0429 14.0 66.0
18.420082 294.62103 0.0429 14.0 66.0
18.420082 294.62103 0.0430 1.0 67.0
21.307047 298.0897 0.0430 1.0 67.0
21.307047 298.0897 0.0431 0.0 68.0
22.842054 302.3335 0.0431 0.0 68.0
21.307047 298.0897 0.0432 0.0 68.0
24.194012 301.55835 0.0432 0.0 68.0
24.194012 301.55835 0.0433 0.0 69.0
28.088663 303.8382 0.0433 0.0 69.0
24.194012 301.55835 0.0434 0.0 69.0
27.080976 305.027 0.0434 0.0 69.0
18.420082 294.62103 0.0435 13.0 67.0
19.95509 298.86484 0.0435 13.0 67.0
19.95509 298.86484 0.0436 0.0 68.0
19.95509 303.37772 0.0436 0.0 68.0
19.95509 298.86484 0.0437 12.0 68.0
21.490097 303.10864 0.0437 12.0 68.0
21.490097 303.10864 0.0438 0.0 69.0
24.377062 306.5773 0.0438 0.0 69.0
21.490097 303.10864 0.0439 11.0 69.0
23.025105 307.35245 0.0439 11.0 69.0
23.025105 307.35245 0.0440 1.0 70.0
23.025105 311.86533 0.0440 1.0 70.0
23.025105 311.86533 0.0441 0.0 71.0
21.490097 316.10913 0.0441 0.0 71.0
23.025105 311.86533 0.0442 0.0 71.0
23.025105 316.3782 0.0442 0.0 71.0
23.025105 316.3782 0.0443 0.0 72.0
24.560112 320.622 0.0443 0.0 72.0
23.025105 316.3782 0.0444 0.0 72.0
23.025105 320.89108 0.0444 0.0 72.0
23.025105 307.35245 0.0445 10.0 70.0
24.560112 311.59625 0.0445 10.0 70.0
24.560112 311.59625 0.0446 0.0 71.0
24.560112 316.10913 0.0446 0.0 71.0
24.560112 311.59625 0.0447 9.0 71.0
26.09512 315.84006 0.0447 9.0 71.0
26.09512 315.84006 0.0448 0.0 72.0
28.982084 319.30872 0.0448 0.0 72.0
26.09512 315.84006 0.0449 8.0 72.0
27.630127 320.08386 0.0449 8.0 72.0
27.630127 320.08386 0.0450 7.0 73.0
30.517092 323.55252 0.0450 7.0 73.0
30.517092 323.55252 0.0451 0.0 74.0
32.052097 327.79633 0.0451 0.0 74.0
30.517092 323.55252 0.0452 6.0 74.0
33.404057 327.02118 0.0452 6.0 74.0
33.404057 327.02118 0.0453 0.0 75.0
37.29871 329.30103 0.0453 0.0 75.0
33.404057 327.02118 0.0454 5.0 75.0
36.29102 330.48984 0.0454 5.0 75.0
36.29102 330.48984 0.0455 1.0 76.0
40.185673 332.76968 0.0455 1.0 76.0
40.185673 332.76968 0.0456 0.0 77.0
43.072636 336.23834 0.0456 0.0 77.0
40.185673 332.76968 0.0457 0.0 77.0
44.080326 335.04953 0.0457 0.0 77.0
44.080326 335.04953 0.0458 0.0 78.0
48.518227 335.8687 0.0458 0.0 78.0
44.080326 335.04953 0.0459 0.0 78.0
47.97498 337.32938 0.0459 0.0 78.0
36.29102 330.48984 0.0460 4.0 76.0
39.177982 333.9585 0.0460 4.0 76.0
39.177982 333.9585 0.0461 0.0 77.0
40.71299 338.2023 0.0461 0.0 77.0
39.177982 333.9585 0.0462 3.0 77.0
42.064945 337.42715 0.0462 3.0 77.0
42.064945 337.42715 0.0463 0.0 78.0
45.9596 339.707 0.0463 0.0 78.0
42.064945 337.42715 0.0464 2.0 78.0
44.95191 340.8958 0.0464 2.0 78.0
44.95191 340.8958 0.0465 1.0 79.0
46.486916 345.13962 0.0465 1.0 79.0
46.486916 345.13962 0.0466 0.0 80.0
46.486916 349.6525 0.0466 0.0 80.0
46.486916 345.13962 0.0467 0.0 80.0
48.021923 349.38342 0.0467 0.0 80.0
48.021923 349.38342 0.0468 0.0 81.0
50.908886 352.85208 0.0468 0.0 81.0
48.021923 349.38342 0.0469 0.0 81.0
49.55693 353.62723 0.0469 0.0 81.0
44.95191 340.8958 0.0470 1.0 79.0
47.83887 344.36447 0.0470 1.0 79.0
47.83887 344.36447 0.0471 0.0 80.0
49.37388 348.60828 0.0471 0.0 80.0
47.83887 344.36447 0.0472 0.0 80.0
50.725834 347.83313 0.0472 0.0 80.0
50.725834 347.83313 0.0473 0.0 81.0
54.620487 350.11298 0.0473 0.0 81.0
50.725834 347.83313 0.0474 0.0 81.0
53.612797 351.3018 0.0474 0.0 81.0
27.630127 320.08386 0.0475 7.0 73.0
29.165134 324.32767 0.0475 7.0 73.0
29.165134 324.32767 0.0476 0.0 74.0
29.165134 328.84055 0.0476 0.0 74.0
29.165134 324.32767 0.0477 6.0 74.0
30.700142 328.57147 0.0477 6.0 74.0
30.700142 328.57147 0.0478 0.0 75.0
33.587105 332.04013 0.0478 0.0 75.0
30.700142 328.57147 0.0479 5.0 75.0
32.23515 332.81528 0.0479 5.0 75.0
32.23515 332.81528 0.0480 1.0 76.0
35.122112 336.28394 0.0480 1.0 76.0
35.122112 336.28394 0.0481 0.0 77.0
36.65712 340.52774 0.0481 0.0 77.0
35.122112 336.28394 0.0482 0.0 77.0
38.009075 339.7526 0.0482 0.0 77.0
38.009075 339.7526 0.0483 0.0 78.0
41.90373 342.03244 0.0483 0.0 78.0
38.009075 339.7526 0.0484 0.0 78.0
40.896038 343.22125 0.0484 0.0 78.0
32.23515 332.81528 0.0485 4.0 76.0
33.770157 337.05908 0.0485 4.0 76.0
33.770157 337.05908 0.0486 0.0 77.0
33.770157 341.57196 0.0486 0.0 77.0
33.770157 337.05908 0.0487 3.0 77.0
35.305164 341.3029 0.0487 3.0 77.0
35.305164 341.3029 0.0488 0.0 78.0
38.192127 344.77155 0.0488 0.0 78.0
35.305164 341.3029 0.0489 2.0 78.0
36.84017 345.5467 0.0489 2.0 78.0
36.84017 345.5467 0.0490 1.0 79.0
36.84017 350.05957 0.0490 1.0 79.0
36.84017 350.05957 0.0491 0.0 80.0
35.305164 354.30338 0.0491 0.0 80.0
36.84017 350.05957 0.0492 0.0 80.0
36.84017 354.57245 0.0492 0.0 80.0
36.84017 354.57245 0.0493 0.0 81.0
38.37518 358.81625 0.0493 0.0 81.0
36.84017 354.57245 0.0494 0.0 81.0
36.84017 359.08533 0.0494 0.0 81.0
36.84017 345.5467 0.0495 1.0 79.0
38.37518 349.7905 0.0495 1.0 79.0
38.37518 349.7905 0.0496 0.0 80.0
38.37518 354.30338 0.0496 0.0 80.0
38.37518 349.7905 0.0497 0.0 80.0
39.910187 354.0343 0.0497 0.0 80.0
39.910187 354.0343 0.0498 0.0 81.0
42.79715 357.50296 0.0498 0.0 81.0
39.910187 354.0343 0.0499 0.0 81.0
41.445194 358.2781 0.0499 0.0 81.0
0.0 243.69542 0.0500 25.0 55.0
0.0 248.2083 0.0500 25.0 55.0
0.0 248.2083 0.0501 0.0 56.0
-1.5350069 252.45209 0.0501 0.0 56.0
0.0 248.2083 0.0502 24.0 56.0
0.0 252.72118 0.0502 24.0 56.0
0.0 252.72118 0.0503 0.0 57.0
1.5350069 256.96497 0.0503 0.0 57.0
0.0 252.72118 0.0504 23.0 57.0
0.0 257.23404 0.0504 23.0 57.0
0.0 257.23404 0.0505 1.0 58.0
1.5350069 261.47784 0.0505 1.0 58.0
1.5350069 261.47784 0.0506 0.0 59.0
1.5350069 265.99072 0.0506 0.0 59.0
1.5350069 261.47784 0.0507 0.0 59.0
3.0700138 265.72165 0.0507 0.0 59.0
3.0700138 265.72165 0.0508 0.0 60.0
5.956978 269.1903 0.0508 0.0 60.0
3.0700138 265.72165 0.0509 0.0 60.0
4.6050205 269.96545 0.0509 0.0 60.0
0.0 257.23404 0.0510 22.0 58.0
0.0 261.74692 0.0510 22.0 58.0
0.0 261.74692 0.0511 0.0 59.0
-1.5350069 265.99072 0.0511 0.0 59.0
0.0 261.74692 0.0512 21.0 59.0
0.0 266.2598 0.0512 21.0 59.0
0.0 266.2598 0.0513 0.0 60.0
1.5350069 270.5036 0.0513 0.0 60.0
0.0 266.2598 0.0514 20.0 60.0
0.0 270.77267 0.0514 20.0 60.0
0.0 270.77267 0.0515 1.0 61.0
-1.5350069 275.01648 0.0515 1.0 61.0
-1.5350069 275.01648 0.0516 0.0 62.0
-4.4219713 278.48514 0.0516 0.0 62.0
-1.5350069 275.01648 0.0517 0.0 62.0
-3.0700138 279.26028 0.0517 0.0 62.0
-3.0700138 279.26028 0.0518 0.0 63.0
-3.0700138 283.77316 0.0518 0.0 63.0
-3.0700138 279.26028 0.0519 0.0 63.0
-4.6050205 283.5041 0.0519 0.0 63.0
0.0 270.77267 0.0520 19.0 61.0
0.0 275.28555 0.0520 19.0 61.0
0.0 275.28555 0.0521 0.0 62.0
-1.5350069 279.52936 0.0521 0.0 62.0
0.0 275.28555 0.0522 18.0 62.0
0.0 279.79843 0.0522 18.0 62.0
0.0 279.79843 0.0523 0.0 63.0
1.5350069 284.04224 0.0523 0.0 63.0
0.0 279.79843 0.0524 17.0 63.0
0.0 284.3113 0.0524 17.0 63.0
0.0 284.3113 0.0525 7.0 64.0
1.5350069 288.5551 0.0525 7.0 64.0
1.5350069 288.5551 0.0526 0.0 65.0
1.5350069 293.068 0.0526 0.0 65.0
1.5350069 288.5551 0.0527 6.0 65.0
3.0700138 292.79892 0.0527 6.0 65.0
3.0700138 292.79892 0.0528 0.0 66.0
5.956978 296.26758 0.0528 0.0 66.0
3.0700138 292.79892 0.0529 5.0 66.0
4.6050205 297.04272 0.0529 5.0 66.0
4.6050205 297.04272 0.0530 1.0 67.0
7.491985 300.51138 0.0530 1.0 67.0
7.491985 300.51138 0.0531 0.0 68.0
9.026992 304.7552 0.0531 0.0 68.0
7.491985 300.51138 0.0532 0.0 68.0
10.378949 303.98004 0.0532 0.0 68.0
10.378949 303.98004 0.0533 0.0 69.0
14.273601 306.2599 0.0533 0.0 69.0
10.378949 303.98004 0.0534 0.0 69.0
13.265913 307.4487 0.0534 0.0 69.0
4.6050205 297.04272 0.0535 4.0 67.0
6.1400275 301.28653 0.0535 4.0 67.0
6.1400275 301.28653 0.0536 0.0 68.0
6.1400275 305.7994 0.0536 0.0 68.0
6.1400275 301.28653 0.0537 3.0 68.0
7.6750345 305.53033 0.0537 3.0 68.0
7.6750345 305.53033 0.0538 0.0 69.0
10.561998 308.999 0.0538 0.0 69.0
7.6750345 305.53033 0.0539 2.0 69.0
9.210041 309.77414 0.0539 2.0 69.0
9.210041 309.77414 0.0540 1.0 70.0
9.210041 314.28702 0.0540 1.0 70.0
9.210041 314.28702 0.0541 0.0 71.0
7.675034 318.53082 0.0541 0.0 71.0
9.210041 314.28702 0.0542 0.0 71.0
9.210041 318.7999 0.0542 0.0 71.0
9.210041 318.7999 0.0543 0.0 72.0
10.745048 323.0437 0.0543 0.0 72.0
9.210041 318.7999 0.0544 0.0 72.0
9.210041 323.31277 0.0544 0.0 72.0
9.210041 309.77414 0.0545 1.0 70.0
10.745048 314.01794 0.0545 1.0 70.0
10.745048 314.01794 0.0546 0.0 71.0
10.745048 318.53082 0.0546 0.0 71.0
10.745048 314.01794 0.0547 0.0 71.0
12.280054 318.26175 0.0547 0.0 71.0
12.280054 318.26175 0.0548 0.0 72.0
15.167019 321.7304 0.0548 0.0 72.0
12.280054 318.26175 0.0549 0.0 72.0
13.815061 322.50555 0.0549 0.0 72.0
0.0 284.3113 0.0550 16.0 64.0
0.0 288.8242 0.0550 16.0 64.0
0.0 288.8242 0.0551 0.0 65.0
-1.5350069 293.068 0.0551 0.0 65.0
0.0 288.8242 0.0552 15.0 65.0
0.0 293.33707 0.0552 15.0 65.0
0.0 293.33707 0.0553 0.0 66.0
1.5350069 297.58087 0.0553 0.0 66.0
0.0 293.33707 0.0554 14.0 66.0
0.0 297.84995 0.0554 14.0 66.0
0.0 297.84995 0.0555 1.0 67.0
1.5350069 302.09375 0.0555 1.0 67.0
1.5350069 302.09375 0.0556 0.0 68.0
1.5350069 306.60663 0.0556 0.0 68.0
1.5350069 302.09375 0.0557 0.0 68.0
3.0700138 306.33755 0.0557 0.0 68.0
3.0700138 306.33755 0.0558 0.0 69.0
5.956978 309.8062 0.0558 0.0 69.0
3.0700138 306.33755 0.0559 0.0 69.0
4.6050205 310.58136 0.0559 0.0 69.0
0.0 297.84995 0.0560 13.0 67.0
0.0 302.36282 0.0560 13.0 67.0
0.0 302.36282 0.0561 0.0 68.0
-1.5350069 306.60663 0.0561 0.0 68.0
0.0 302.36282 0.0562 12.0 68.0
0.0 306.8757 0.0562 12.0 68.0
0.0 306.8757 0.0563 0.0 69.0
1.5350069 311.1195 0.0563 0.0 69.0
0.0 306.8757 0.0564 11.0 69.0
0.0 311.38858 0.0564 11.0 69.0
0.0 311.38858 0.0565 1.0 70.0
-1.5350069 315.6324 0.0565 1.0 70.0
-1.5350069 315.6324 0.0566 0.0 71.0
-4.4219713 319.10104 0.0566 0.0 71.0
-1.5350069 315.6324 0.0567 0.0 71.0
-3.0700138 319.8762 0.0567 0.0 71.0
-3.0700138 319.8762 0.0568 0.0 72.0
-3.0700138 324.38907 0.0568 0.0 72.0
-3.0700138 319.8762 0.0569 0.0 72.0
-4.6050205 324.12 0.0569 0.0 72.0
0.0 311.38858 0.0570 10.0 70.0
0.0 315.90146 0.0570 10.0 70.0
0.0 315.90146 0.0571 0.0 71.0
-1.5350069 320.14526 0.0571 0.0 71.0
0.0 315.90146 0.0572 9.0 71.0
0.0 320.41434 0.0572 9.0 71.0
0.0 320.41434 0.0573 0.0 72.0
1.5350069 324.65814 0.0573 0.0 72.0
0.0 320.41434 0.0574 8.0 72.0
0.0 324.92722 0.0574 8.0 72.0
0.0 324.92722 0.0575 7.0 73.0
1.5350069 329.17102 0.0575 7.0 73.0
1.5350069 329.17102 0.0576 0.0 74.0
1.5350069 333.6839 0.0576 0.0 74.0
1.5350069 329.17102 0.0577 6.0 74.0
3.0700138 333.41483 0.0577 6.0 74.0
3.0700138 333.41483 0.0578 0.0 75.0
5.956978 336.88348 0.0578 0.0 75.0
3.0700138 333.41483 0.0579 5.0 75.0
4.6050205 337.65863 0.0579 5.0 75.0
4.6050205 337.65863 0.0580 1.0 76.0
7.491985 341.1273 0.0580 1.0 76.0
7.491985 341.1273 0.0581 0.0 77.0
9.026992 345.3711 0.0581 0.0 77.0
7.491985 341.1273 0.0582 0.0 77.0
10.378949 344.59595 0.0582 0.0 77.0
10.378949 344.59595 0.0583 0.0 78.0
14.273601 346.8758 0.0583 0.0 78.0
10.378949 344.59595 0.0584 0.0 78.0
13.265913 348.0646 0.0584 0.0 78.0
4.6050205 337.65863 0.0585 4.0 76.0
6.1400275 341.90244 0.0585 4.0 76.0
6.1400275 341.90244 0.0586 0.0 77.0
6.1400275 346.4153 0.0586 0.0 77.0
6.1400275 341.90244 0.0587 3.0 77.0
7.6750345 346.14624 0.0587 3.0 77.0
7.6750345 346.14624 0.0588 0.0 78.0
10.561998 349.6149 0.0588 0.0 78.0
7.6750345 346.14624 0.0589 2.0 78.0
9.210041 350.39005 0.0589 2.0 78.0
9.210041 350.39005 0.0590 1.0 79.0
9.210041 354.90292 0.0590 1.0 79.0
9.210041 354.90292 0.0591 0.0 80.0
7.675034 359.14673 0.0591 0.0 80.0
9.210041 354.90292 0.0592 0.0 80.0
9.210041 359.4158 0.0592 0.0 80.0
9.210041 359.4158 0.0593 0.0 81.0
10.745048 363.6596 0.0593 0.0 81.0
9.210041 359.4158 0.0594 0.0 81.0
9.210041 363.92868 0.0594 0.0 81.0
9.210041 350.39005 0.0595 1.0 79.0
10.745048 354.63385 0.0595 1.0 79.0
10.745048 354.63385 0.0596 0.0 80.0
10.745048 359.14673 0.0596 0.0 80.0
10.745048 354.63385 0.0597 0.0 80.0
12.280054 358.87766 0.0597 0.0 80.0
12.280054 358.87766 0.0598 0.0 81.0
15.167019 362.3463 0.0598 0.0 81.0
12.280054 358.87766 0.0599 0.0 81.0
13.815061 363.12146 0.0599 0.0 81.0
0.0 324.92722 0.0600 7.0 73.0
0.0 329.4401 0.0600 7.0 73.0
0.0 329.4401 0.0601 0.0 74.0
-1.5350069 333.6839 0.0601 0.0 74.0
0.0 329.4401 0.0602 6.0 74.0
0.0 333.95297 0.0602 6.0 74.0
0.0 333.95297 0.0603 0.0 75.0
1.5350069 338.19678 0.0603 0.0 75.0
0.0 333.95297 0.0604 5.0 75.0
0.0 338.46585 0.0604 5.0 75.0
0.0 338.46585 0.0605 1.0 76.0
1.5350069 342.70966 0.0605 1.0 76.0
1.5350069 342.70966 0.0606 0.0 77.0
1.5350069 347.22253 0.0606 0.0 77.0
1.5350069 342.70966 0.0607 0.0 77.0
3.0700138 346.95346 0.0607 0.0 77.0
3.0700138 346.95346 0.0608 0.0 78.0
5.956978 350.42212 0.0608 0.0 78.0
3.0700138 346.95346 0.0609 0.0 78.0
4.6050205 351.19727 0.0609 0.0 78.0
0.0 338.46585 0.0610 4.0 76.0
0.0 342.97873 0.0610 4.0 76.0
0.0 342.97873 0.0611 0.0 77.0
-1.5350069 347.22253 0.0611 0.0 77.0
0.0 342.97873 0.0612 3.0 77.0
0.0 347.4916 0.0612 3.0 77.0
0.0 347.4916 0.0613 0.0 78.0
1.5350069 351.7354 0.0613 0.0 78.0
0.0 347.4916 0.0614 2.0 78.0
0.0 352.0045 0.0614 2.0 78.0
0.0 352.0045 0.0615 1.0 79.0
-1.5350069 356.2483 0.0615 1.0 79.0
-1.5350069 356.2483 0.0616 0.0 80.0
-4.4219713 359.71695 0.0616 0.0 80.0
-1.5350069 356.2483 0.0617 0.0 80.0
-3.0700138 360.4921 0.0617 0.0 80.0
-3.0700138 360.4921 0.0618 0.0 81.0
-3.0700138 365.00497 0.0618 0.0 81.0
-3.0700138 360.4921 0.0619 0.0 81.0
-4.6050205 364.7359 0.0619 0.0 81.0
0.0 352.0045 0.0620 1.0 79.0
0.0 356.51736 0.0620 1.0 79.0
0.0 356.51736 0.0621 0.0 80.0
-1.5350069 360.76117 0.0621 0.0 80.0
0.0 356.51736 0.0622 0.0 80.0
0.0 361.03024 0.0622 0.0 80.0
0.0 361.03024 0.0623 0.0 81.0
1.5350069 365.27405 0.0623 0.0 81.0
0.0 361.03024 0.0624 0.0 81.0
0.0 365.54312 0.0624 0.0 81.0
