0.0 0.0 0.00 79.0 1.0
0.0 4.128459 0.00 79.0 1.0
0.0 4.128459 0.01 0.0 2.0
1.7339189 7.8751507 0.01 0.0 2.0
0.0 4.128459 0.02 78.0 2.0
0.0 8.256918 0.02 78.0 2.0
0.0 8.256918 0.03 0.0 3.0
1.7339189 12.00361 0.03 0.0 3.0
0.0 8.256918 0.04 77.0 3.0
0.0 12.385377 0.04 77.0 3.0
0.0 12.385377 0.05 1.0 4.0
-1.7339189 16.132069 0.05 1.0 4.0
-1.7339189 16.132069 0.06 0.0 5.0
-1.7339189 20.260529 0.06 0.0 5.0
-1.7339189 16.132069 0.07 0.0 5.0
-3.4678378 19.878761 0.07 0.0 5.0
-3.4678378 19.878761 0.08 0.0 6.0
-3.4678378 24.007221 0.08 0.0 6.0
-3.4678378 19.878761 0.09 0.0 6.0
-5.2017565 23.625454 0.09 0.0 6.0
0.0 12.385377 0.010 76.0 4.0
0.0 16.513836 0.010 76.0 4.0
0.0 16.513836 0.011 0.0 5.0
1.7339189 20.260529 0.011 0.0 5.0
0.0 16.513836 0.012 75.0 5.0
0.0 20.642296 0.012 75.0 5.0
0.0 20.642296 0.013 0.0 6.0
1.7339189 24.388988 0.013 0.0 6.0
0.0 20.642296 0.014 74.0 6.0
0.0 24.770756 0.014 74.0 6.0
0.0 24.770756 0.015 1.0 7.0
1.7339189 28.517448 0.015 1.0 7.0
1.7339189 28.517448 0.016 0.0 8.0
4.8810787 31.189444 0.016 0.0 8.0
1.7339189 28.517448 0.017 0.0 8.0
3.4678378 32.26414 0.017 0.0 8.0
3.4678378 32.26414 0.018 0.0 9.0
6.6149974 34.93614 0.018 0.0 9.0
3.4678378 32.26414 0.019 0.0 9.0
5.2017565 36.010834 0.019 0.0 9.0
0.0 24.770756 0.020 73.0 7.0
0.0 28.899216 0.020 73.0 7.0
0.0 28.899216 0.021 0.0 8.0
1.7339189 32.64591 0.021 0.0 8.0
0.0 28.899216 0.022 72.0 8.0
0.0 33.027676 0.022 72.0 8.0
0.0 33.027676 0.023 0.0 9.0
1.7339189 36.77437 0.023 0.0 9.0
0.0 33.027676 0.024 71.0 9.0
0.0 37.156136 0.024 71.0 9.0
0.0 37.156136 0.025 7.0 10.0
-1.7339189 40.90283 0.025 7.0 10.0
-1.7339189 40.90283 0.026 0.0 11.0
-1.7339189 45.03129 0.026 0.0 11.0
-1.7339189 40.90283 0.027 6.0 11.0
-3.4678378 44.64952 0.027 6.0 11.0
-3.4678378 44.64952 0.028 0.0 12.0
-3.4678378 48.77798 0.028 0.0 12.0
-3.4678378 44.64952 0.029 5.0 12.0
-5.2017565 48.396214 0.029 5.0 12.0
-5.2017565 48.396214 0.030 1.0 13.0
-8.348916 51.06821 0.030 1.0 13.0
-8.348916 51.06821 0.031 0.0 14.0
-10.082835 54.814903 0.031 0.0 14.0
-8.348916 51.06821 0.032 0.0 14.0
-11.496076 53.740208 0.032 0.0 14.0
-11.496076 53.740208 0.033 0.0 15.0
-13.229995 57.4869 0.033 0.0 15.0
-11.496076 53.740208 0.034 0.0 15.0
-14.643235 56.412205 0.034 0.0 15.0
-5.2017565 48.396214 0.035 4.0 13.0
-6.9356756 52.142906 0.035 4.0 13.0
-6.9356756 52.142906 0.036 0.0 14.0
-6.9356756 56.271366 0.036 0.0 14.0
-6.9356756 52.142906 0.037 3.0 14.0
-8.669595 55.8896 0.037 3.0 14.0
-8.669595 55.8896 0.038 0.0 15.0
-8.669595 60.01806 0.038 0.0 15.0
-8.669595 55.8896 0.039 2.0 15.0
-10.403514 59.63629 0.039 2.0 15.0
-10.403514 59.63629 0.040 1.0 16.0
-10.403514 63.76475 0.040 1.0 16.0
-10.403514 63.76475 0.041 0.0 17.0
-8.669595 67.511444 0.041 0.0 17.0
-10.403514 63.76475 0.042 0.0 17.0
-10.403514 67.89321 0.042 0.0 17.0
-10.403514 67.89321 0.043 0.0 18.0
-8.669595 71.6399 0.043 0.0 18.0
-10.403514 67.89321 0.044 0.0 18.0
-10.403514 72.02167 0.044 0.0 18.0
-10.403514 59.63629 0.045 1.0 16.0
-12.137433 63.382984 0.045 1.0 16.0
-12.137433 63.382984 0.046 0.0 17.0
-12.137433 67.511444 0.046 0.0 17.0
-12.137433 63.382984 0.047 0.0 17.0
-13.871352 67.12968 0.047 0.0 17.0
-13.871352 67.12968 0.048 0.0 18.0
-13.871352 71.25813 0.048 0.0 18.0
-13.871352 67.12968 0.049 0.0 18.0
-15.605271 70.876366 0.049 0.0 18.0
0.0 37.156136 0.050 70.0 10.0
0.0 41.284595 0.050 70.0 10.0
0.0 41.284595 0.051 0.0 11.0
1.7339189 45.03129 0.051 0.0 11.0
0.0 41.284595 0.052 69.0 11.0
0.0 45.413055 0.052 69.0 11.0
0.0 45.413055 0.053 0.0 12.0
1.7339189 49.159748 0.053 0.0 12.0
0.0 45.413055 0.054 68.0 12.0
0.0 49.541515 0.054 68.0 12.0
0.0 49.541515 0.055 1.0 13.0
-1.7339189 53.288208 0.055 1.0 13.0
-1.7339189 53.288208 0.056 0.0 14.0
-1.7339189 57.416668 0.056 0.0 14.0
-1.7339189 53.288208 0.057 0.0 14.0
-3.4678378 57.0349 0.057 0.0 14.0
-3.4678378 57.0349 0.058 0.0 15.0
-3.4678378 61.16336 0.058 0.0 15.0
-3.4678378 57.0349 0.059 0.0 15.0
-5.2017565 60.781593 0.059 0.0 15.0
0.0 49.541515 0.060 67.0 13.0
0.0 53.669975 0.060 67.0 13.0
0.0 53.669975 0.061 0.0 14.0
1.7339189 57.416668 0.061 0.0 14.0
0.0 53.669975 0.062 66.0 14.0
0.0 57.798435 0.062 66.0 14.0
0.0 57.798435 0.063 0.0 15.0
1.7339189 61.545128 0.063 0.0 15.0
0.0 57.798435 0.064 65.0 15.0
0.0 61.926895 0.064 65.0 15.0
0.0 61.926895 0.065 1.0 16.0
1.7339189 65.673584 0.065 1.0 16.0
1.7339189 65.673584 0.066 0.0 17.0
4.8810787 68.34558 0.066 0.0 17.0
1.7339189 65.673584 0.067 0.0 17.0
3.4678378 69.42027 0.067 0.0 17.0
3.4678378 69.42027 0.068 0.0 18.0
6.6149974 72.09227 0.068 0.0 18.0
3.4678378 69.42027 0.069 0.0 18.0
5.2017565 73.16696 0.069 0.0 18.0
0.0 61.926895 0.070 64.0 16.0
0.0 66.05535 0.070 64.0 16.0
0.0 66.05535 0.071 0.0 17.0
1.7339189 69.80204 0.071 0.0 17.0
0.0 66.05535 0.072 63.0 17.0
0.0 70.18381 0.072 63.0 17.0
0.0 70.18381 0.073 0.0 18.0
1.7339189 73.9305 0.073 0.0 18.0
0.0 70.18381 0.074 62.0 18.0
0.0 74.31226 0.074 62.0 18.0
0.0 74.31226 0.075 7.0 19.0
1.7339189 78.05895 0.075 7.0 19.0
1.7339189 78.05895 0.076 0.0 20.0
4.8810787 80.73095 0.076 0.0 20.0
1.7339189 78.05895 0.077 6.0 20.0
3.4678378 81.80564 0.077 6.0 20.0
3.4678378 81.80564 0.078 0.0 21.0
6.6149974 84.47764 0.078 0.0 21.0
3.4678378 81.80564 0.079 5.0 21.0
5.2017565 85.55233 0.079 5.0 21.0
5.2017565 85.55233 0.080 1.0 22.0
5.2017565 89.680786 0.080 1.0 22.0
5.2017565 89.680786 0.081 0.0 23.0
6.9356756 93.427475 0.081 0.0 23.0
5.2017565 89.680786 0.082 0.0 23.0
5.2017565 93.80924 0.082 0.0 23.0
5.2017565 93.80924 0.083 0.0 24.0
6.9356756 97.55593 0.083 0.0 24.0
5.2017565 93.80924 0.084 0.0 24.0
5.2017565 97.9377 0.084 0.0 24.0
5.2017565 85.55233 0.085 4.0 22.0
6.9356756 89.29902 0.085 4.0 22.0
6.9356756 89.29902 0.086 0.0 23.0
10.082835 91.971016 0.086 0.0 23.0
6.9356756 89.29902 0.087 3.0 23.0
8.669595 93.04571 0.087 3.0 23.0
8.669595 93.04571 0.088 0.0 24.0
11.816754 95.717705 0.088 0.0 24.0
8.669595 93.04571 0.089 2.0 24.0
10.403514 96.7924 0.089 2.0 24.0
10.403514 96.7924 0.090 1.0 25.0
13.5506735 99.46439 0.090 1.0 25.0
13.5506735 99.46439 0.091 0.0 26.0
17.529024 100.56752 0.091 0.0 26.0
13.5506735 99.46439 0.092 0.0 26.0
16.697834 102.13639 0.092 0.0 26.0
16.697834 102.13639 0.093 0.0 27.0
20.676186 103.23952 0.093 0.0 27.0
16.697834 102.13639 0.094 0.0 27.0
19.844994 104.80839 0.094 0.0 27.0
10.403514 96.7924 0.095 1.0 25.0
12.137433 100.539085 0.095 1.0 25.0
12.137433 100.539085 0.096 0.0 26.0
15.284593 103.21108 0.096 0.0 26.0
12.137433 100.539085 0.097 0.0 26.0
13.871352 104.285774 0.097 0.0 26.0
13.871352 104.285774 0.098 0.0 27.0
17.018513 106.95777 0.098 0.0 27.0
13.871352 104.285774 0.099 0.0 27.0
15.605271 108.03246 0.099 0.0 27.0
0.0 74.31226 0.0100 61.0 19.0
0.0 78.44072 0.0100 61.0 19.0
0.0 78.44072 0.0101 0.0 20.0
1.7339189 82.18741 0.0101 0.0 20.0
0.0 78.44072 0.0102 60.0 20.0
0.0 82.569176 0.0102 60.0 20.0
0.0 82.569176 0.0103 0.0 21.0
1.7339189 86.315865 0.0103 0.0 21.0
0.0 82.569176 0.0104 59.0 21.0
0.0 86.69763 0.0104 59.0 21.0
0.0 86.69763 0.0105 1.0 22.0
-1.7339189 90.44432 0.0105 1.0 22.0
-1.7339189 90.44432 0.0106 0.0 23.0
-1.7339189 94.57278 0.0106 0.0 23.0
-1.7339189 90.44432 0.0107 0.0 23.0
-3.4678378 94.19101 0.0107 0.0 23.0
-3.4678378 94.19101 0.0108 0.0 24.0
-3.4678378 98.319466 0.0108 0.0 24.0
-3.4678378 94.19101 0.0109 0.0 24.0
-5.2017565 97.9377 0.0109 0.0 24.0
0.0 86.69763 0.0110 58.0 22.0
0.0 90.82609 0.0110 58.0 22.0
0.0 90.82609 0.0111 0.0 23.0
1.7339189 94.57278 0.0111 0.0 23.0
0.0 90.82609 0.0112 57.0 23.0
0.0 94.954544 0.0112 57.0 23.0
0.0 94.954544 0.0113 0.0 24.0
1.7339189 98.70123 0.0113 0.0 24.0
0.0 94.954544 0.0114 56.0 24.0
0.0 99.083 0.0114 56.0 24.0
0.0 99.083 0.0115 1.0 25.0
1.7339189 102.82969 0.0115 1.0 25.0
1.7339189 102.82969 0.0116 0.0 26.0
4.8810787 105.501686 0.0116 0.0 26.0
1.7339189 102.82969 0.0117 0.0 26.0
3.4678378 106.57638 0.0117 0.0 26.0
3.4678378 106.57638 0.0118 0.0 27.0
6.6149974 109.248375 0.0118 0.0 27.0
3.4678378 106.57638 0.0119 0.0 27.0
5.2017565 110.32307 0.0119 0.0 27.0
0.0 99.083 0.0120 55.0 25.0
0.0 103.21146 0.0120 55.0 25.0
0.0 103.21146 0.0121 0.0 26.0
1.7339189 106.958145 0.0121 0.0 26.0
0.0 103.21146 0.0122 54.0 26.0
0.0 107.33991 0.0122 54.0 26.0
0.0 107.33991 0.0123 0.0 27.0
1.7339189 111.0866 0.0123 0.0 27.0
0.0 107.33991 0.0124 53.0 27.0
0.0 111.46837 0.0124 53.0 27.0
0.0 111.46837 0.0125 25.0 28.0
-1.7339189 115.21506 0.0125 25.0 28.0
-1.7339189 115.21506 0.0126 0.0 29.0
-1.7339189 119.34351 0.0126 0.0 29.0
-1.7339189 115.21506 0.0127 24.0 29.0
-3.4678378 118.96175 0.0127 24.0 29.0
-3.4678378 118.96175 0.0128 0.0 30.0
-3.4678378 123.0902 0.0128 0.0 30.0
-3.4678378 118.96175 0.0129 23.0 30.0
-5.2017565 122.708435 0.0129 23.0 30.0
-5.2017565 122.708435 0.0130 1.0 31.0
-8.348916 125.38043 0.0130 1.0 31.0
-8.348916 125.38043 0.0131 0.0 32.0
-10.082835 129.12712 0.0131 0.0 32.0
-8.348916 125.38043 0.0132 0.0 32.0
-11.496076 128.05243 0.0132 0.0 32.0
-11.496076 128.05243 0.0133 0.0 33.0
-13.229995 131.79912 0.0133 0.0 33.0
-11.496076 128.05243 0.0134 0.0 33.0
-14.643235 130.72443 0.0134 0.0 33.0
-5.2017565 122.708435 0.0135 22.0 31.0
-6.9356756 126.455124 0.0135 22.0 31.0
-6.9356756 126.455124 0.0136 0.0 32.0
-6.9356756 130.58359 0.0136 0.0 32.0
-6.9356756 126.455124 0.0137 21.0 32.0
-8.669595 130.20181 0.0137 21.0 32.0
-8.669595 130.20181 0.0138 0.0 33.0
-8.669595 134.33028 0.0138 0.0 33.0
-8.669595 130.20181 0.0139 20.0 33.0
-10.403514 133.9485 0.0139 20.0 33.0
-10.403514 133.9485 0.0140 1.0 34.0
-10.403514 138.07697 0.0140 1.0 34.0
-10.403514 138.07697 0.0141 0.0 35.0
-8.669595 141.82365 0.0141 0.0 35.0
-10.403514 138.07697 0.0142 0.0 35.0
-10.403514 142.20543 0.0142 0.0 35.0
-10.403514 142.20543 0.0143 0.0 36.0
-8.669595 145.95212 0.0143 0.0 36.0
-10.403514 142.20543 0.0144 0.0 36.0
-10.403514 146.3339 0.0144 0.0 36.0
-10.403514 133.9485 0.0145 19.0 34.0
-12.137433 137.69519 0.0145 19.0 34.0
-12.137433 137.69519 0.0146 0.0 35.0
-12.137433 141.82365 0.0146 0.0 35.0
-12.137433 137.69519 0.0147 18.0 35.0
-13.871352 141.44188 0.0147 18.0 35.0
-13.871352 141.44188 0.0148 0.0 36.0
-13.871352 145.57034 0.0148 0.0 36.0
-13.871352 141.44188 0.0149 17.0 36.0
-15.605271 145.18857 0.0149 17.0 36.0
-15.605271 145.18857 0.0150 7.0 37.0
-18.75243 147.86057 0.0150 7.0 37.0
-18.75243 147.86057 0.0151 0.0 38.0
-20.48635 151.60725 0.0151 0.0 38.0
-18.75243 147.86057 0.0152 6.0 38.0
-21.89959 150.53256 0.0152 6.0 38.0
-21.89959 150.53256 0.0153 0.0 39.0
-23.633509 154.27925 0.0153 0.0 39.0
-21.89959 150.53256 0.0154 5.0 39.0
-25.04675 153.20456 0.0154 5.0 39.0
-25.04675 153.20456 0.0155 1.0 40.0
-29.0251 154.3077 0.0155 1.0 40.0
-29.0251 154.3077 0.0156 0.0 41.0
-32.17226 156.97969 0.0156 0.0 41.0
-29.0251 154.3077 0.0157 0.0 41.0
-33.003452 155.41083 0.0157 0.0 41.0
-33.003452 155.41083 0.0158 0.0 42.0
-36.15061 158.08282 0.0158 0.0 42.0
-33.003452 155.41083 0.0159 0.0 42.0
-36.981804 156.51396 0.0159 0.0 42.0
-25.04675 153.20456 0.0160 4.0 40.0
-28.193909 155.87656 0.0160 4.0 40.0
-28.193909 155.87656 0.0161 0.0 41.0
-29.927828 159.62325 0.0161 0.0 41.0
-28.193909 155.87656 0.0162 3.0 41.0
-31.341068 158.54855 0.0162 3.0 41.0
-31.341068 158.54855 0.0163 0.0 42.0
-33.074986 162.29524 0.0163 0.0 42.0
-31.341068 158.54855 0.0164 2.0 42.0
-34.488228 161.22055 0.0164 2.0 42.0
-34.488228 161.22055 0.0165 1.0 43.0
-36.222145 164.96724 0.0165 1.0 43.0
-36.222145 164.96724 0.0166 0.0 44.0
-36.222145 169.0957 0.0166 0.0 44.0
-36.222145 164.96724 0.0167 0.0 44.0
-37.956062 168.71393 0.0167 0.0 44.0
-37.956062 168.71393 0.0168 0.0 45.0
-37.956062 172.84239 0.0168 0.0 45.0
-37.956062 168.71393 0.0169 0.0 45.0
-39.68998 172.46062 0.0169 0.0 45.0
-34.488228 161.22055 0.0170 1.0 43.0
-37.635387 163.89255 0.0170 1.0 43.0
-37.635387 163.89255 0.0171 0.0 44.0
-39.369305 167.63924 0.0171 0.0 44.0
-37.635387 163.89255 0.0172 0.0 44.0
-40.782547 166.56454 0.0172 0.0 44.0
-40.782547 166.56454 0.0173 0.0 45.0
-42.516464 170.31123 0.0173 0.0 45.0
-40.782547 166.56454 0.0174 0.0 45.0
-43.929707 169.23654 0.0174 0.0 45.0
-15.605271 145.18857 0.0175 16.0 37.0
-17.33919 148.93526 0.0175 16.0 37.0
-17.33919 148.93526 0.0176 0.0 38.0
-17.33919 153.06372 0.0176 0.0 38.0
-17.33919 148.93526 0.0177 15.0 38.0
-19.073109 152.68195 0.0177 15.0 38.0
-19.073109 152.68195 0.0178 0.0 39.0
-19.073109 156.81041 0.0178 0.0 39.0
-19.073109 152.68195 0.0179 14.0 39.0
-20.807028 156.42863 0.0179 14.0 39.0
-20.807028 156.42863 0.0180 1.0 40.0
-23.954187 159.10063 0.0180 1.0 40.0
-23.954187 159.10063 0.0181 0.0 41.0
-25.688107 162.84732 0.0181 0.0 41.0
-23.954187 159.10063 0.0182 0.0 41.0
-27.101347 161.77263 0.0182 0.0 41.0
-27.101347 161.77263 0.0183 0.0 42.0
-28.835266 165.51932 0.0183 0.0 42.0
-27.101347 161.77263 0.0184 0.0 42.0
-30.248507 164.44463 0.0184 0.0 42.0
-20.807028 156.42863 0.0185 13.0 40.0
-22.540947 160.17532 0.0185 13.0 40.0
-22.540947 160.17532 0.0186 0.0 41.0
-22.540947 164.30379 0.0186 0.0 41.0
-22.540947 160.17532 0.0187 12.0 41.0
-24.274866 163.92201 0.0187 12.0 41.0
-24.274866 163.92201 0.0188 0.0 42.0
-24.274866 168.05048 0.0188 0.0 42.0
-24.274866 163.92201 0.0189 11.0 42.0
-26.008785 167.6687 0.0189 11.0 42.0
-26.008785 167.6687 0.0190 1.0 43.0
-26.008785 171.79716 0.0190 1.0 43.0
-26.008785 171.79716 0.0191 0.0 44.0
-24.274866 175.54385 0.0191 0.0 44.0
-26.008785 171.79716 0.0192 0.0 44.0
-26.008785 175.92563 0.0192 0.0 44.0
-26.008785 175.92563 0.0193 0.0 45.0
-24.274866 179.67232 0.0193 0.0 45.0
-26.008785 175.92563 0.0194 0.0 45.0
-26.008785 180.0541 0.0194 0.0 45.0
-26.008785 167.6687 0.0195 10.0 43.0
-27.742704 171.41539 0.0195 10.0 43.0
-27.742704 171.41539 0.0196 0.0 44.0
-27.742704 175.54385 0.0196 0.0 44.0
-27.742704 171.41539 0.0197 9.0 44.0
-29.476624 175.16208 0.0197 9.0 44.0
-29.476624 175.16208 0.0198 0.0 45.0
-29.476624 179.29054 0.0198 0.0 45.0
-29.476624 175.16208 0.0199 8.0 45.0
-31.210543 178.90877 0.0199 8.0 45.0
-31.210543 178.90877 0.0200 7.0 46.0
-31.210543 183.03723 0.0200 7.0 46.0
-31.210543 183.03723 0.0201 0.0 47.0
-29.476624 186.78392 0.0201 0.0 47.0
-31.210543 183.03723 0.0202 6.0 47.0
-31.210543 187.1657 0.0202 6.0 47.0
-31.210543 187.1657 0.0203 0.0 48.0
-29.476624 190.91238 0.0203 0.0 48.0
-31.210543 187.1657 0.0204 5.0 48.0
-31.210543 191.29416 0.0204 5.0 48.0
-31.210543 191.29416 0.0205 1.0 49.0
-32.94446 195.04085 0.0205 1.0 49.0
-32.94446 195.04085 0.0206 0.0 50.0
-32.94446 199.16931 0.0206 0.0 50.0
-32.94446 195.04085 0.0207 0.0 50.0
-34.67838 198.78754 0.0207 0.0 50.0
-34.67838 198.78754 0.0208 0.0 51.0
-34.67838 202.916 0.0208 0.0 51.0
-34.67838 198.78754 0.0209 0.0 51.0
-36.412296 202.53423 0.0209 0.0 51.0
-31.210543 191.29416 0.0210 4.0 49.0
-31.210543 195.42262 0.0210 4.0 49.0
-31.210543 195.42262 0.0211 0.0 50.0
-29.476624 199.16931 0.0211 0.0 50.0
-31.210543 195.42262 0.0212 3.0 50.0
-31.210543 199.55109 0.0212 3.0 50.0
-31.210543 199.55109 0.0213 0.0 51.0
-29.476624 203.29778 0.0213 0.0 51.0
-31.210543 199.55109 0.0214 2.0 51.0
-31.210543 203.67955 0.0214 2.0 51.0
-31.210543 203.67955 0.0215 1.0 52.0
-29.476624 207.42624 0.0215 1.0 52.0
-29.476624 207.42624 0.0216 0.0 53.0
-26.329464 210.09824 0.0216 0.0 53.0
-29.476624 207.42624 0.0217 0.0 53.0
-27.742704 211.17293 0.0217 0.0 53.0
-27.742704 211.17293 0.0218 0.0 54.0
-24.595545 213.84492 0.0218 0.0 54.0
-27.742704 211.17293 0.0219 0.0 54.0
-26.008785 214.91962 0.0219 0.0 54.0
-31.210543 203.67955 0.0220 1.0 52.0
-31.210543 207.80801 0.0220 1.0 52.0
-31.210543 207.80801 0.0221 0.0 53.0
-29.476624 211.5547 0.0221 0.0 53.0
-31.210543 207.80801 0.0222 0.0 53.0
-31.210543 211.93648 0.0222 0.0 53.0
-31.210543 211.93648 0.0223 0.0 54.0
-29.476624 215.68317 0.0223 0.0 54.0
-31.210543 211.93648 0.0224 0.0 54.0
-31.210543 216.06494 0.0224 0.0 54.0
-31.210543 178.90877 0.0225 7.0 46.0
-32.94446 182.65546 0.0225 7.0 46.0
-32.94446 182.65546 0.0226 0.0 47.0
-32.94446 186.78392 0.0226 0.0 47.0
-32.94446 182.65546 0.0227 6.0 47.0
-34.67838 186.40215 0.0227 6.0 47.0
-34.67838 186.40215 0.0228 0.0 48.0
-34.67838 190.53061 0.0228 0.0 48.0
-34.67838 186.40215 0.0229 5.0 48.0
-36.412296 190.14883 0.0229 5.0 48.0
-36.412296 190.14883 0.0230 1.0 49.0
-39.559456 192.82083 0.0230 1.0 49.0
-39.559456 192.82083 0.0231 0.0 50.0
-41.293373 196.56752 0.0231 0.0 50.0
-39.559456 192.82083 0.0232 0.0 50.0
-42.706615 195.49283 0.0232 0.0 50.0
-42.706615 195.49283 0.0233 0.0 51.0
-44.440533 199.23952 0.0233 0.0 51.0
-42.706615 195.49283 0.0234 0.0 51.0
-45.853775 198.16483 0.0234 0.0 51.0
-36.412296 190.14883 0.0235 4.0 49.0
-38.146214 193.89552 0.0235 4.0 49.0
-38.146214 193.89552 0.0236 0.0 50.0
-38.146214 198.02399 0.0236 0.0 50.0
-38.146214 193.89552 0.0237 3.0 50.0
-39.88013 197.64221 0.0237 3.0 50.0
-39.88013 197.64221 0.0238 0.0 51.0
-39.88013 201.77068 0.0238 0.0 51.0
-39.88013 197.64221 0.0239 2.0 51.0
-41.614048 201.3889 0.0239 2.0 51.0
-41.614048 201.3889 0.0240 1.0 52.0
-41.614048 205.51736 0.0240 1.0 52.0
-41.614048 205.51736 0.0241 0.0 53.0
-39.88013 209.26405 0.0241 0.0 53.0
-41.614048 205.51736 0.0242 0.0 53.0
-41.614048 209.64583 0.0242 0.0 53.0
-41.614048 209.64583 0.0243 0.0 54.0
-39.88013 213.39252 0.0243 0.0 54.0
-41.614048 209.64583 0.0244 0.0 54.0
-41.614048 213.77429 0.0244 0.0 54.0
-41.614048 201.3889 0.0245 1.0 52.0
-43.347965 205.13559 0.0245 1.0 52.0
-43.347965 205.13559 0.0246 0.0 53.0
-43.347965 209.26405 0.0246 0.0 53.0
-43.347965 205.13559 0.0247 0.0 53.0
-45.081882 208.88228 0.0247 0.0 53.0
-45.081882 208.88228 0.0248 0.0 54.0
-45.081882 213.01074 0.0248 0.0 54.0
-45.081882 208.88228 0.0249 0.0 54.0
-46.8158 212.62897 0.0249 0.0 54.0
0.0 111.46837 0.0250 52.0 28.0
0.0 115.596825 0.0250 52.0 28.0
0.0 115.596825 0.0251 0.0 29.0
1.7339189 119.34351 0.0251 0.0 29.0
0.0 115.596825 0.0252 51.0 29.0
0.0 119.72528 0.0252 51.0 29.0
0.0 119.72528 0.0253 0.0 30.0
1.7339189 123.47197 0.0253 0.0 30.0
0.0 119.72528 0.0254 50.0 30.0
0.0 123.85374 0.0254 50.0 30.0
0.0 123.85374 0.0255 1.0 31.0
-1.7339189 127.600426 0.0255 1.0 31.0
-1.7339189 127.600426 0.0256 0.0 32.0
-1.7339189 131.72888 0.0256 0.0 32.0
-1.7339189 127.600426 0.0257 0.0 32.0
-3.4678378 131.34712 0.0257 0.0 32.0
-3.4678378 131.34712 0.0258 0.0 33.0
-3.4678378 135.47559 0.0258 0.0 33.0
-3.4678378 131.34712 0.0259 0.0 33.0
-5.2017565 135.09381 0.0259 0.0 33.0
0.0 123.85374 0.0260 49.0 31.0
0.0 127.98219 0.0260 49.0 31.0
0.0 127.98219 0.0261 0.0 32.0
1.7339189 131.72888 0.0261 0.0 32.0
0.0 127.98219 0.0262 48.0 32.0
0.0 132.11066 0.0262 48.0 32.0
0.0 132.11066 0.0263 0.0 33.0
1.7339189 135.85735 0.0263 0.0 33.0
0.0 132.11066 0.0264 47.0 33.0
0.0 136.23912 0.0264 47.0 33.0
0.0 136.23912 0.0265 1.0 34.0
1.7339189 139.98581 0.0265 1.0 34.0
1.7339189 139.98581 0.0266 0.0 35.0
4.8810787 142.6578 0.0266 0.0 35.0
1.7339189 139.98581 0.0267 0.0 35.0
3.4678378 143.7325 0.0267 0.0 35.0
3.4678378 143.7325 0.0268 0.0 36.0
6.6149974 146.4045 0.0268 0.0 36.0
3.4678378 143.7325 0.0269 0.0 36.0
5.2017565 147.47919 0.0269 0.0 36.0
0.0 136.23912 0.0270 46.0 34.0
0.0 140.36758 0.0270 46.0 34.0
0.0 140.36758 0.0271 0.0 35.0
1.7339189 144.11427 0.0271 0.0 35.0
0.0 140.36758 0.0272 45.0 35.0
0.0 144.49605 0.0272 45.0 35.0
0.0 144.49605 0.0273 0.0 36.0
1.7339189 148.24274 0.0273 0.0 36.0
0.0 144.49605 0.0274 44.0 36.0
0.0 148.62451 0.0274 44.0 36.0
0.0 148.62451 0.0275 7.0 37.0
-1.7339189 152.3712 0.0275 7.0 37.0
-1.7339189 152.3712 0.0276 0.0 38.0
-1.7339189 156.49966 0.0276 0.0 38.0
-1.7339189 152.3712 0.0277 6.0 38.0
-3.4678378 156.11789 0.0277 6.0 38.0
-3.4678378 156.11789 0.0278 0.0 39.0
-3.4678378 160.24635 0.0278 0.0 39.0
-3.4678378 156.11789 0.0279 5.0 39.0
-5.2017565 159.86458 0.0279 5.0 39.0
-5.2017565 159.86458 0.0280 1.0 40.0
-8.348916 162.53658 0.0280 1.0 40.0
-8.348916 162.53658 0.0281 0.0 41.0
-10.082835 166.28326 0.0281 0.0 41.0
-8.348916 162.53658 0.0282 0.0 41.0
-11.496076 165.20857 0.0282 0.0 41.0
-11.496076 165.20857 0.0283 0.0 42.0
-13.229995 168.95526 0.0283 0.0 42.0
-11.496076 165.20857 0.0284 0.0 42.0
-14.643235 167.88057 0.0284 0.0 42.0
-5.2017565 159.86458 0.0285 4.0 40.0
-6.9356756 163.61127 0.0285 4.0 40.0
-6.9356756 163.61127 0.0286 0.0 41.0
-6.9356756 167.73973 0.0286 0.0 41.0
-6.9356756 163.61127 0.0287 3.0 41.0
-8.669595 167.35796 0.0287 3.0 41.0
-8.669595 167.35796 0.0288 0.0 42.0
-8.669595 171.48642 0.0288 0.0 42.0
-8.669595 167.35796 0.0289 2.0 42.0
-10.403514 171.10464 0.0289 2.0 42.0
-10.403514 171.10464 0.0290 1.0 43.0
-10.403514 175.23311 0.0290 1.0 43.0
-10.403514 175.23311 0.0291 0.0 44.0
-8.669595 178.9798 0.0291 0.0 44.0
-10.403514 175.23311 0.0292 0.0 44.0
-10.403514 179.36157 0.0292 0.0 44.0
-10.403514 179.36157 0.0293 0.0 45.0
-8.669595 183.10826 0.0293 0.0 45.0
-10.403514 179.36157 0.0294 0.0 45.0
-10.403514 183.49004 0.0294 0.0 45.0
-10.403514 171.10464 0.0295 1.0 43.0
-12.137433 174.85133 0.0295 1.0 43.0
-12.137433 174.85133 0.0296 0.0 44.0
-12.137433 178.9798 0.0296 0.0 44.0
-12.137433 174.85133 0.0297 0.0 44.0
-13.871352 178.59802 0.0297 0.0 44.0
-13.871352 178.59802 0.0298 0.0 45.0
-13.871352 182.72649 0.0298 0.0 45.0
-13.871352 178.59802 0.0299 0.0 45.0
-15.605271 182.34471 0.0299 0.0 45.0
0.0 148.62451 0.0300 43.0 37.0
0.0 152.75298 0.0300 43.0 37.0
0.0 152.75298 0.0301 0.0 38.0
1.7339189 156.49966 0.0301 0.0 38.0
0.0 152.75298 0.0302 42.0 38.0
0.0 156.88144 0.0302 42.0 38.0
0.0 156.88144 0.0303 0.0 39.0
1.7339189 160.62813 0.0303 0.0 39.0
0.0 156.88144 0.0304 41.0 39.0
0.0 161.0099 0.0304 41.0 39.0
0.0 161.0099 0.0305 1.0 40.0
-1.7339189 164.75659 0.0305 1.0 40.0
-1.7339189 164.75659 0.0306 0.0 41.0
-1.7339189 168.88506 0.0306 0.0 41.0
-1.7339189 164.75659 0.0307 0.0 41.0
-3.4678378 168.50328 0.0307 0.0 41.0
-3.4678378 168.50328 0.0308 0.0 42.0
-3.4678378 172.63174 0.0308 0.0 42.0
-3.4678378 168.50328 0.0309 0.0 42.0
-5.2017565 172.24997 0.0309 0.0 42.0
0.0 161.0099 0.0310 40.0 40.0
0.0 165.13837 0.0310 40.0 40.0
0.0 165.13837 0.0311 0.0 41.0
1.7339189 168.88506 0.0311 0.0 41.0
0.0 165.13837 0.0312 39.0 41.0
0.0 169.26683 0.0312 39.0 41.0
0.0 169.26683 0.0313 0.0 42.0
1.7339189 173.01352 0.0313 0.0 42.0
0.0 169.26683 0.0314 38.0 42.0
0.0 173.3953 0.0314 38.0 42.0
0.0 173.3953 0.0315 1.0 43.0
1.7339189 177.14198 0.0315 1.0 43.0
1.7339189 177.14198 0.0316 0.0 44.0
4.8810787 179.81398 0.0316 0.0 44.0
1.7339189 177.14198 0.0317 0.0 44.0
3.4678378 180.88867 0.0317 0.0 44.0
3.4678378 180.88867 0.0318 0.0 45.0
6.6149974 183.56067 0.0318 0.0 45.0
3.4678378 180.88867 0.0319 0.0 45.0
5.2017565 184.63536 0.0319 0.0 45.0
0.0 173.3953 0.0320 37.0 43.0
0.0 177.52376 0.0320 37.0 43.0
0.0 177.52376 0.0321 0.0 44.0
1.7339189 181.27045 0.0321 0.0 44.0
0.0 177.52376 0.0322 36.0 44.0
0.0 181.65222 0.0322 36.0 44.0
0.0 181.65222 0.0323 0.0 45.0
1.7339189 185.39891 0.0323 0.0 45.0
0.0 181.65222 0.0324 35.0 45.0
0.0 185.78069 0.0324 35.0 45.0
0.0 185.78069 0.0325 7.0 46.0
1.7339189 189.52737 0.0325 7.0 46.0
1.7339189 189.52737 0.0326 0.0 47.0
4.8810787 192.19937 0.0326 0.0 47.0
1.7339189 189.52737 0.0327 6.0 47.0
3.4678378 193.27406 0.0327 6.0 47.0
3.4678378 193.27406 0.0328 0.0 48.0
6.6149974 195.94606 0.0328 0.0 48.0
3.4678378 193.27406 0.0329 5.0 48.0
5.2017565 197.02075 0.0329 5.0 48.0
5.2017565 197.02075 0.0330 1.0 49.0
5.2017565 201.14922 0.0330 1.0 49.0
5.2017565 201.14922 0.0331 0.0 50.0
6.9356756 204.8959 0.0331 0.0 50.0
5.2017565 201.14922 0.0332 0.0 50.0
5.2017565 205.27768 0.0332 0.0 50.0
5.2017565 205.27768 0.0333 0.0 51.0
6.9356756 209.02437 0.0333 0.0 51.0
5.2017565 205.27768 0.0334 0.0 51.0
5.2017565 209.40614 0.0334 0.0 51.0
5.2017565 197.02075 0.0335 4.0 49.0
6.9356756 200.76744 0.0335 4.0 49.0
6.9356756 200.76744 0.0336 0.0 50.0
10.082835 203.43944 0.0336 0.0 50.0
6.9356756 200.76744 0.0337 3.0 50.0
8.669595 204.51413 0.0337 3.0 50.0
8.669595 204.51413 0.0338 0.0 51.0
11.816754 207.18613 0.0338 0.0 51.0
8.669595 204.51413 0.0339 2.0 51.0
10.403514 208.26082 0.0339 2.0 51.0
10.403514 208.26082 0.0340 1.0 52.0
13.5506735 210.93282 0.0340 1.0 52.0
13.5506735 210.93282 0.0341 0.0 53.0
17.529024 212.03595 0.0341 0.0 53.0
13.5506735 210.93282 0.0342 0.0 53.0
16.697834 213.60481 0.0342 0.0 53.0
16.697834 213.60481 0.0343 0.0 54.0
20.676186 214.70795 0.0343 0.0 54.0
16.697834 213.60481 0.0344 0.0 54.0
19.844994 216.27681 0.0344 0.0 54.0
10.403514 208.26082 0.0345 1.0 52.0
12.137433 212.0075 0.0345 1.0 52.0
12.137433 212.0075 0.0346 0.0 53.0
15.284593 214.6795 0.0346 0.0 53.0
12.137433 212.0075 0.0347 0.0 53.0
13.871352 215.7542 0.0347 0.0 53.0
13.871352 215.7542 0.0348 0.0 54.0
17.018513 218.4262 0.0348 0.0 54.0
13.871352 215.7542 0.0349 0.0 54.0
15.605271 219.50089 0.0349 0.0 54.0
0.0 185.78069 0.0350 34.0 46.0
0.0 189.90915 0.0350 34.0 46.0
0.0 189.90915 0.0351 0.0 47.0
1.7339189 193.65584 0.0351 0.0 47.0
0.0 189.90915 0.0352 33.0 47.0
0.0 194.03761 0.0352 33.0 47.0
0.0 194.03761 0.0353 0.0 48.0
1.7339189 197.7843 0.0353 0.0 48.0
0.0 194.03761 0.0354 32.0 48.0
0.0 198.16608 0.0354 32.0 48.0
0.0 198.16608 0.0355 1.0 49.0
-1.7339189 201.91277 0.0355 1.0 49.0
-1.7339189 201.91277 0.0356 0.0 50.0
-1.7339189 206.04123 0.0356 0.0 50.0
-1.7339189 201.91277 0.0357 0.0 50.0
-3.4678378 205.65945 0.0357 0.0 50.0
-3.4678378 205.65945 0.0358 0.0 51.0
-3.4678378 209.78792 0.0358 0.0 51.0
-3.4678378 205.65945 0.0359 0.0 51.0
-5.2017565 209.40614 0.0359 0.0 51.0
0.0 198.16608 0.0360 31.0 49.0
0.0 202.29454 0.0360 31.0 49.0
0.0 202.29454 0.0361 0.0 50.0
1.7339189 206.04123 0.0361 0.0 50.0
0.0 202.29454 0.0362 30.0 50.0
0.0 206.423 0.0362 30.0 50.0
0.0 206.423 0.0363 0.0 51.0
1.7339189 210.1697 0.0363 0.0 51.0
0.0 206.423 0.0364 29.0 51.0
0.0 210.55147 0.0364 29.0 51.0
0.0 210.55147 0.0365 1.0 52.0
1.7339189 214.29816 0.0365 1.0 52.0
1.7339189 214.29816 0.0366 0.0 53.0
4.8810787 216.97015 0.0366 0.0 53.0
1.7339189 214.29816 0.0367 0.0 53.0
3.4678378 218.04485 0.0367 0.0 53.0
3.4678378 218.04485 0.0368 0.0 54.0
6.6149974 220.71684 0.0368 0.0 54.0
3.4678378 218.04485 0.0369 0.0 54.0
5.2017565 221.79153 0.0369 0.0 54.0
0.0 210.55147 0.0370 28.0 52.0
0.0 214.67993 0.0370 28.0 52.0
0.0 214.67993 0.0371 0.0 53.0
1.7339189 218.42662 0.0371 0.0 53.0
0.0 214.67993 0.0372 27.0 53.0
0.0 218.8084 0.0372 27.0 53.0
0.0 218.8084 0.0373 0.0 54.0
1.7339189 222.55508 0.0373 0.0 54.0
0.0 218.8084 0.0374 26.0 54.0
0.0 222.93686 0.0374 26.0 54.0
0.0 222.93686 0.0375 25.0 55.0
1.7339189 226.68355 0.0375 25.0 55.0
1.7339189 226.68355 0.0376 0.0 56.0
4.8810787 229.35555 0.0376 0.0 56.0
1.7339189 226.68355 0.0377 24.0 56.0
3.4678378 230.43024 0.0377 24.0 56.0
3.4678378 230.43024 0.0378 0.0 57.0
6.6149974 233.10223 0.0378 0.0 57.0
3.4678378 230.43024 0.0379 23.0 57.0
5.2017565 234.17693 0.0379 23.0 57.0
5.2017565 234.17693 0.0380 1.0 58.0
5.2017565 238.30539 0.0380 1.0 58.0
5.2017565 238.30539 0.0381 0.0 59.0
6.9356756 242.05208 0.0381 0.0 59.0
5.2017565 238.30539 0.0382 0.0 59.0
5.2017565 242.43385 0.0382 0.0 59.0
5.2017565 242.43385 0.0383 0.0 60.0
6.9356756 246.18054 0.0383 0.0 60.0
5.2017565 242.43385 0.0384 0.0 60.0
5.2017565 246.56232 0.0384 0.0 60.0
5.2017565 234.17693 0.0385 22.0 58.0
6.9356756 237.92361 0.0385 22.0 58.0
6.9356756 237.92361 0.0386 0.0 59.0
10.082835 240.59561 0.0386 0.0 59.0
6.9356756 237.92361 0.0387 21.0 59.0
8.669595 241.6703 0.0387 21.0 59.0
8.669595 241.6703 0.0388 0.0 60.0
11.816754 244.3423 0.0388 0.0 60.0
8.669595 241.6703 0.0389 20.0 60.0
10.403514 245.41699 0.0389 20.0 60.0
10.403514 245.41699 0.0390 1.0 61.0
13.5506735 248.08899 0.0390 1.0 61.0
13.5506735 248.08899 0.0391 0.0 62.0
17.529024 249.19212 0.0391 0.0 62.0
13.5506735 248.08899 0.0392 0.0 62.0
16.697834 250.76099 0.0392 0.0 62.0
16.697834 250.76099 0.0393 0.0 63.0
20.676186 251.86412 0.0393 0.0 63.0
16.697834 250.76099 0.0394 0.0 63.0
19.844994 253.43298 0.0394 0.0 63.0
10.403514 245.41699 0.0395 19.0 61.0
12.137433 249.16368 0.0395 19.0 61.0
12.137433 249.16368 0.0396 0.0 62.0
15.284593 251.83568 0.0396 0.0 62.0
12.137433 249.16368 0.0397 18.0 62.0
13.871352 252.91037 0.0397 18.0 62.0
13.871352 252.91037 0.0398 0.0 63.0
17.018513 255.58237 0.0398 0.0 63.0
13.871352 252.91037 0.0399 17.0 63.0
15.605271 256.65707 0.0399 17.0 63.0
15.605271 256.65707 0.0400 7.0 64.0
15.605271 260.78552 0.0400 7.0 64.0
15.605271 260.78552 0.0401 0.0 65.0
17.33919 264.53223 0.0401 0.0 65.0
15.605271 260.78552 0.0402 6.0 65.0
15.605271 264.91397 0.0402 6.0 65.0
15.605271 264.91397 0.0403 0.0 66.0
17.33919 268.66068 0.0403 0.0 66.0
15.605271 264.91397 0.0404 5.0 66.0
15.605271 269.04242 0.0404 5.0 66.0
15.605271 269.04242 0.0405 1.0 67.0
13.871352 272.78912 0.0405 1.0 67.0
13.871352 272.78912 0.0406 0.0 68.0
13.871352 276.91757 0.0406 0.0 68.0
13.871352 272.78912 0.0407 0.0 68.0
12.137433 276.53583 0.0407 0.0 68.0
12.137433 276.53583 0.0408 0.0 69.0
12.137433 280.66428 0.0408 0.0 69.0
12.137433 276.53583 0.0409 0.0 69.0
10.403514 280.28253 0.0409 0.0 69.0
15.605271 269.04242 0.0410 4.0 67.0
15.605271 273.17087 0.0410 4.0 67.0
15.605271 273.17087 0.0411 0.0 68.0
17.33919 276.91757 0.0411 0.0 68.0
15.605271 273.17087 0.0412 3.0 68.0
15.605271 277.29932 0.0412 3.0 68.0
15.605271 277.29932 0.0413 0.0 69.0
17.33919 281.04602 0.0413 0.0 69.0
15.605271 277.29932 0.0414 2.0 69.0
15.605271 281.42776 0.0414 2.0 69.0
15.605271 281.42776 0.0415 1.0 70.0
17.33919 285.17447 0.0415 1.0 70.0
17.33919 285.17447 0.0416 0.0 71.0
20.48635 287.84647 0.0416 0.0 71.0
17.33919 285.17447 0.0417 0.0 71.0
19.073109 288.92117 0.0417 0.0 71.0
19.073109 288.92117 0.0418 0.0 72.0
22.220268 291.59317 0.0418 0.0 72.0
19.073109 288.92117 0.0419 0.0 72.0
20.807028 292.66788 0.0419 0.0 72.0
15.605271 281.42776 0.0420 1.0 70.0
15.605271 285.5562 0.0420 1.0 70.0
15.605271 285.5562 0.0421 0.0 71.0
17.33919 289.30292 0.0421 0.0 71.0
15.605271 285.5562 0.0422 0.0 71.0
15.605271 289.68466 0.0422 0.0 71.0
15.605271 289.68466 0.0423 0.0 72.0
17.33919 293.43137 0.0423 0.0 72.0
15.605271 289.68466 0.0424 0.0 72.0
15.605271 293.8131 0.0424 0.0 72.0
15.605271 256.65707 0.0425 16.0 64.0
17.33919 260.40378 0.0425 16.0 64.0
17.33919 260.40378 0.0426 0.0 65.0
20.48635 263.07578 0.0426 0.0 65.0
17.33919 260.40378 0.0427 15.0 65.0
19.073109 264.15048 0.0427 15.0 65.0
19.073109 264.15048 0.0428 0.0 66.0
22.220268 266.82248 0.0428 0.0 66.0
19.073109 264.15048 0.0429 14.0 66.0
20.807028 267.8972 0.0429 14.0 66.0
20.807028 267.8972 0.0430 1.0 67.0
20.807028 272.02563 0.0430 1.0 67.0
20.807028 272.02563 0.0431 0.0 68.0
22.540947 275.77234 0.0431 0.0 68.0
20.807028 272.02563 0.0432 0.0 68.0
20.807028 276.15408 0.0432 0.0 68.0
20.807028 276.15408 0.0433 0.0 69.0
22.540947 279.9008 0.0433 0.0 69.0
20.807028 276.15408 0.0434 0.0 69.0
20.807028 280.28253 0.0434 0.0 69.0
20.807028 267.8972 0.0435 13.0 67.0
22.540947 271.6439 0.0435 13.0 67.0
22.540947 271.6439 0.0436 0.0 68.0
25.688107 274.3159 0.0436 0.0 68.0
22.540947 271.6439 0.0437 12.0 68.0
24.274866 275.3906 0.0437 12.0 68.0
24.274866 275.3906 0.0438 0.0 69.0
27.422026 278.0626 0.0438 0.0 69.0
24.274866 275.3906 0.0439 11.0 69.0
26.008785 279.1373 0.0439 11.0 69.0
26.008785 279.1373 0.0440 1.0 70.0
29.155945 281.8093 0.0440 1.0 70.0
29.155945 281.8093 0.0441 0.0 71.0
33.134296 282.9124 0.0441 0.0 71.0
29.155945 281.8093 0.0442 0.0 71.0
32.303104 284.4813 0.0442 0.0 71.0
32.303104 284.4813 0.0443 0.0 72.0
36.281456 285.5844 0.0443 0.0 72.0
32.303104 284.4813 0.0444 0.0 72.0
35.450264 287.1533 0.0444 0.0 72.0
26.008785 279.1373 0.0445 10.0 70.0
27.742704 282.884 0.0445 10.0 70.0
27.742704 282.884 0.0446 0.0 71.0
30.889864 285.556 0.0446 0.0 71.0
27.742704 282.884 0.0447 9.0 71.0
29.476624 286.6307 0.0447 9.0 71.0
29.476624 286.6307 0.0448 0.0 72.0
32.623783 289.3027 0.0448 0.0 72.0
29.476624 286.6307 0.0449 8.0 72.0
31.210543 290.3774 0.0449 8.0 72.0
31.210543 290.3774 0.0450 7.0 73.0
34.357704 293.0494 0.0450 7.0 73.0
34.357704 293.0494 0.0451 0.0 74.0
38.336056 294.15253 0.0451 0.0 74.0
34.357704 293.0494 0.0452 6.0 74.0
37.504864 295.7214 0.0452 6.0 74.0
37.504864 295.7214 0.0453 0.0 75.0
41.483215 296.82452 0.0453 0.0 75.0
37.504864 295.7214 0.0454 5.0 75.0
40.652023 298.3934 0.0454 5.0 75.0
40.652023 298.3934 0.0455 1.0 76.0
42.38594 302.1401 0.0455 1.0 76.0
42.38594 302.1401 0.0456 0.0 77.0
45.5331 304.8121 0.0456 0.0 77.0
42.38594 302.1401 0.0457 0.0 77.0
44.119858 305.8868 0.0457 0.0 77.0
44.119858 305.8868 0.0458 0.0 78.0
47.267017 308.5588 0.0458 0.0 78.0
44.119858 305.8868 0.0459 0.0 78.0
45.853775 309.6335 0.0459 0.0 78.0
40.652023 298.3934 0.0460 4.0 76.0
43.799183 301.0654 0.0460 4.0 76.0
43.799183 301.0654 0.0461 0.0 77.0
47.777534 302.16852 0.0461 0.0 77.0
43.799183 301.0654 0.0462 3.0 77.0
46.946342 303.7374 0.0462 3.0 77.0
46.946342 303.7374 0.0463 0.0 78.0
50.924694 304.8405 0.0463 0.0 78.0
46.946342 303.7374 0.0464 2.0 78.0
50.093502 306.4094 0.0464 2.0 78.0
50.093502 306.4094 0.0465 1.0 79.0
54.071854 307.5125 0.0465 1.0 79.0
54.071854 307.5125 0.0466 0.0 80.0
58.145622 306.84274 0.0466 0.0 80.0
54.071854 307.5125 0.0467 0.0 80.0
58.050205 308.61563 0.0467 0.0 80.0
58.050205 308.61563 0.0468 0.0 81.0
62.123974 307.94586 0.0468 0.0 81.0
58.050205 308.61563 0.0469 0.0 81.0
62.028557 309.71875 0.0469 0.0 81.0
50.093502 306.4094 0.0470 1.0 79.0
53.24066 309.0814 0.0470 1.0 79.0
53.24066 309.0814 0.0471 0.0 80.0
57.219013 310.1845 0.0471 0.0 80.0
53.24066 309.0814 0.0472 0.0 80.0
56.38782 311.7534 0.0472 0.0 80.0
56.38782 311.7534 0.0473 0.0 81.0
60.366173 312.8565 0.0473 0.0 81.0
56.38782 311.7534 0.0474 0.0 81.0
59.53498 314.42538 0.0474 0.0 81.0
31.210543 290.3774 0.0475 7.0 73.0
32.94446 294.1241 0.0475 7.0 73.0
32.94446 294.1241 0.0476 0.0 74.0
36.09162 296.7961 0.0476 0.0 74.0
32.94446 294.1241 0.0477 6.0 74.0
34.67838 297.87082 0.0477 6.0 74.0
34.67838 297.87082 0.0478 0.0 75.0
37.82554 300.54282 0.0478 0.0 75.0
34.67838 297.87082 0.0479 5.0 75.0
36.412296 301.61752 0.0479 5.0 75.0
36.412296 301.61752 0.0480 1.0 76.0
36.412296 305.74597 0.0480 1.0 76.0
36.412296 305.74597 0.0481 0.0 77.0
38.146214 309.49268 0.0481 0.0 77.0
36.412296 305.74597 0.0482 0.0 77.0
36.412296 309.87442 0.0482 0.0 77.0
36.412296 309.87442 0.0483 0.0 78.0
38.146214 313.62112 0.0483 0.0 78.0
36.412296 309.87442 0.0484 0.0 78.0
36.412296 314.00287 0.0484 0.0 78.0
36.412296 301.61752 0.0485 4.0 76.0
38.146214 305.36423 0.0485 4.0 76.0
38.146214 305.36423 0.0486 0.0 77.0
41.293373 308.03622 0.0486 0.0 77.0
38.146214 305.36423 0.0487 3.0 77.0
39.88013 309.11093 0.0487 3.0 77.0
39.88013 309.11093 0.0488 0.0 78.0
43.02729 311.78293 0.0488 0.0 78.0
39.88013 309.11093 0.0489 2.0 78.0
41.614048 312.85764 0.0489 2.0 78.0
41.614048 312.85764 0.0490 1.0 79.0
44.761208 315.52963 0.0490 1.0 79.0
44.761208 315.52963 0.0491 0.0 80.0
48.73956 316.63275 0.0491 0.0 80.0
44.761208 315.52963 0.0492 0.0 80.0
47.908367 318.20163 0.0492 0.0 80.0
47.908367 318.20163 0.0493 0.0 81.0
51.88672 319.30475 0.0493 0.0 81.0
47.908367 318.20163 0.0494 0.0 81.0
51.055527 320.87363 0.0494 0.0 81.0
41.614048 312.85764 0.0495 1.0 79.0
43.347965 316.60434 0.0495 1.0 79.0
43.347965 316.60434 0.0496 0.0 80.0
46.495125 319.27634 0.0496 0.0 80.0
43.347965 316.60434 0.0497 0.0 80.0
45.081882 320.35104 0.0497 0.0 80.0
45.081882 320.35104 0.0498 0.0 81.0
48.229042 323.02304 0.0498 0.0 81.0
45.081882 320.35104 0.0499 0.0 81.0
46.8158 324.09775 0.0499 0.0 81.0
0.0 222.93686 0.0500 25.0 55.0
0.0 227.06532 0.0500 25.0 55.0
0.0 227.06532 0.0501 0.0 56.0
1.7339189 230.81201 0.0501 0.0 56.0
0.0 227.06532 0.0502 24.0 56.0
0.0 231.19379 0.0502 24.0 56.0
0.0 231.19379 0.0503 0.0 57.0
1.7339189 234.94048 0.0503 0.0 57.0
0.0 231.19379 0.0504 23.0 57.0
0.0 235.32225 0.0504 23.0 57.0
0.0 235.32225 0.0505 1.0 58.0
-1.7339189 239.06894 0.0505 1.0 58.0
-1.7339189 239.06894 0.0506 0.0 59.0
-1.7339189 243.1974 0.0506 0.0 59.0
-1.7339189 239.06894 0.0507 0.0 59.0
-3.4678378 242.81563 0.0507 0.0 59.0
-3.4678378 242.81563 0.0508 0.0 60.0
-3.4678378 246.94409 0.0508 0.0 60.0
-3.4678378 242.81563 0.0509 0.0 60.0
-5.2017565 246.56232 0.0509 0.0 60.0
0.0 235.32225 0.0510 22.0 58.0
0.0 239.45071 0.0510 22.0 58.0
0.0 239.45071 0.0511 0.0 59.0
1.7339189 243.1974 0.0511 0.0 59.0
0.0 239.45071 0.0512 21.0 59.0
0.0 243.57918 0.0512 21.0 59.0
0.0 243.57918 0.0513 0.0 60.0
1.7339189 247.32587 0.0513 0.0 60.0
0.0 243.57918 0.0514 20.0 60.0
0.0 247.70764 0.0514 20.0 60.0
0.0 247.70764 0.0515 1.0 61.0
1.7339189 251.45433 0.0515 1.0 61.0
1.7339189 251.45433 0.0516 0.0 62.0
4.8810787 254.12633 0.0516 0.0 62.0
1.7339189 251.45433 0.0517 0.0 62.0
3.4678378 255.20102 0.0517 0.0 62.0
3.4678378 255.20102 0.0518 0.0 63.0
6.6149974 257.87302 0.0518 0.0 63.0
3.4678378 255.20102 0.0519 0.0 63.0
5.2017565 258.94772 0.0519 0.0 63.0
0.0 247.70764 0.0520 19.0 61.0
0.0 251.8361 0.0520 19.0 61.0
0.0 251.8361 0.0521 0.0 62.0
1.7339189 255.5828 0.0521 0.0 62.0
0.0 251.8361 0.0522 18.0 62.0
0.0 255.96457 0.0522 18.0 62.0
0.0 255.96457 0.0523 0.0 63.0
1.7339189 259.71127 0.0523 0.0 63.0
0.0 255.96457 0.0524 17.0 63.0
0.0 260.09302 0.0524 17.0 63.0
0.0 260.09302 0.0525 7.0 64.0
-1.7339189 263.83972 0.0525 7.0 64.0
-1.7339189 263.83972 0.0526 0.0 65.0
-1.7339189 267.96817 0.0526 0.0 65.0
-1.7339189 263.83972 0.0527 6.0 65.0
-3.4678378 267.58643 0.0527 6.0 65.0
-3.4678378 267.58643 0.0528 0.0 66.0
-3.4678378 271.71487 0.0528 0.0 66.0
-3.4678378 267.58643 0.0529 5.0 66.0
-5.2017565 271.33313 0.0529 5.0 66.0
-5.2017565 271.33313 0.0530 1.0 67.0
-8.348916 274.00513 0.0530 1.0 67.0
-8.348916 274.00513 0.0531 0.0 68.0
-10.082835 277.75183 0.0531 0.0 68.0
-8.348916 274.00513 0.0532 0.0 68.0
-11.496076 276.67712 0.0532 0.0 68.0
-11.496076 276.67712 0.0533 0.0 69.0
-13.229995 280.42383 0.0533 0.0 69.0
-11.496076 276.67712 0.0534 0.0 69.0
-14.643235 279.34912 0.0534 0.0 69.0
-5.2017565 271.33313 0.0535 4.0 67.0
-6.9356756 275.07983 0.0535 4.0 67.0
-6.9356756 275.07983 0.0536 0.0 68.0
-6.9356756 279.20828 0.0536 0.0 68.0
-6.9356756 275.07983 0.0537 3.0 68.0
-8.669595 278.82654 0.0537 3.0 68.0
-8.669595 278.82654 0.0538 0.0 69.0
-8.669595 282.955 0.0538 0.0 69.0
-8.669595 278.82654 0.0539 2.0 69.0
-10.403514 282.57324 0.0539 2.0 69.0
-10.403514 282.57324 0.0540 1.0 70.0
-10.403514 286.7017 0.0540 1.0 70.0
-10.403514 286.7017 0.0541 0.0 71.0
-8.669595 290.4484 0.0541 0.0 71.0
-10.403514 286.7017 0.0542 0.0 71.0
-10.403514 290.83014 0.0542 0.0 71.0
-10.403514 290.83014 0.0543 0.0 72.0
-8.669595 294.57684 0.0543 0.0 72.0
-10.403514 290.83014 0.0544 0.0 72.0
-10.403514 294.9586 0.0544 0.0 72.0
-10.403514 282.57324 0.0545 1.0 70.0
-12.137433 286.31995 0.0545 1.0 70.0
-12.137433 286.31995 0.0546 0.0 71.0
-12.137433 290.4484 0.0546 0.0 71.0
-12.137433 286.31995 0.0547 0.0 71.0
-13.871352 290.06665 0.0547 0.0 71.0
-13.871352 290.06665 0.0548 0.0 72.0
-13.871352 294.1951 0.0548 0.0 72.0
-13.871352 290.06665 0.0549 0.0 72.0
-15.605271 293.81335 0.0549 0.0 72.0
0.0 260.09302 0.0550 16.0 64.0
0.0 264.22147 0.0550 16.0 64.0
0.0 264.22147 0.0551 0.0 65.0
1.7339189 267.96817 0.0551 0.0 65.0
0.0 264.22147 0.0552 15.0 65.0
0.0 268.3499 0.0552 15.0 65.0
0.0 268.3499 0.0553 0.0 66.0
1.7339189 272.09662 0.0553 0.0 66.0
0.0 268.3499 0.0554 14.0 66.0
0.0 272.47836 0.0554 14.0 66.0
0.0 272.47836 0.0555 1.0 67.0
-1.7339189 276.22507 0.0555 1.0 67.0
-1.7339189 276.22507 0.0556 0.0 68.0
-1.7339189 280.35352 0.0556 0.0 68.0
-1.7339189 276.22507 0.0557 0.0 68.0
-3.4678378 279.97177 0.0557 0.0 68.0
-3.4678378 279.97177 0.0558 0.0 69.0
-3.4678378 284.10022 0.0558 0.0 69.0
-3.4678378 279.97177 0.0559 0.0 69.0
-5.2017565 283.71848 0.0559 0.0 69.0
0.0 272.47836 0.0560 13.0 67.0
0.0 276.6068 0.0560 13.0 67.0
0.0 276.6068 0.0561 0.0 68.0
1.7339189 280.35352 0.0561 0.0 68.0
0.0 276.6068 0.0562 12.0 68.0
0.0 280.73526 0.0562 12.0 68.0
0.0 280.73526 0.0563 0.0 69.0
1.7339189 284.48196 0.0563 0.0 69.0
0.0 280.73526 0.0564 11.0 69.0
0.0 284.8637 0.0564 11.0 69.0
0.0 284.8637 0.0565 1.0 70.0
1.7339189 288.6104 0.0565 1.0 70.0
1.7339189 288.6104 0.0566 0.0 71.0
4.8810787 291.2824 0.0566 0.0 71.0
1.7339189 288.6104 0.0567 0.0 71.0
3.4678378 292.35712 0.0567 0.0 71.0
3.4678378 292.35712 0.0568 0.0 72.0
6.6149974 295.0291 0.0568 0.0 72.0
3.4678378 292.35712 0.0569 0.0 72.0
5.2017565 296.10382 0.0569 0.0 72.0
0.0 284.8637 0.0570 10.0 70.0
0.0 288.99216 0.0570 10.0 70.0
0.0 288.99216 0.0571 0.0 71.0
1.7339189 292.73886 0.0571 0.0 71.0
0.0 288.99216 0.0572 9.0 71.0
0.0 293.1206 0.0572 9.0 71.0
0.0 293.1206 0.0573 0.0 72.0
1.7339189 296.8673 0.0573 0.0 72.0
0.0 293.1206 0.0574 8.0 72.0
0.0 297.24905 0.0574 8.0 72.0
0.0 297.24905 0.0575 7.0 73.0
1.7339189 300.99576 0.0575 7.0 73.0
1.7339189 300.99576 0.0576 0.0 74.0
4.8810787 303.66776 0.0576 0.0 74.0
1.7339189 300.99576 0.0577 6.0 74.0
3.4678378 304.74246 0.0577 6.0 74.0
3.4678378 304.74246 0.0578 0.0 75.0
6.6149974 307.41446 0.0578 0.0 75.0
3.4678378 304.74246 0.0579 5.0 75.0
5.2017565 308.48917 0.0579 5.0 75.0
5.2017565 308.48917 0.0580 1.0 76.0
5.2017565 312.6176 0.0580 1.0 76.0
5.2017565 312.6176 0.0581 0.0 77.0
6.9356756 316.36432 0.0581 0.0 77.0
5.2017565 312.6176 0.0582 0.0 77.0
5.2017565 316.74606 0.0582 0.0 77.0
5.2017565 316.74606 0.0583 0.0 78.0
6.9356756 320.49277 0.0583 0.0 78.0
5.2017565 316.74606 0.0584 0.0 78.0
5.2017565 320.8745 0.0584 0.0 78.0
5.2017565 308.48917 0.0585 4.0 76.0
6.9356756 312.23587 0.0585 4.0 76.0
6.9356756 312.23587 0.0586 0.0 77.0
10.082835 314.90787 0.0586 0.0 77.0
6.9356756 312.23587 0.0587 3.0 77.0
8.669595 315.98257 0.0587 3.0 77.0
8.669595 315.98257 0.0588 0.0 78.0
11.816754 318.65457 0.0588 0.0 78.0
8.669595 315.98257 0.0589 2.0 78.0
10.403514 319.72928 0.0589 2.0 78.0
10.403514 319.72928 0.0590 1.0 79.0
13.5506735 322.40128 0.0590 1.0 79.0
13.5506735 322.40128 0.0591 0.0 80.0
17.529024 323.5044 0.0591 0.0 80.0
13.5506735 322.40128 0.0592 0.0 80.0
16.697834 325.07327 0.0592 0.0 80.0
16.697834 325.07327 0.0593 0.0 81.0
20.676186 326.1764 0.0593 0.0 81.0
16.697834 325.07327 0.0594 0.0 81.0
19.844994 327.74527 0.0594 0.0 81.0
10.403514 319.72928 0.0595 1.0 79.0
12.137433 323.47598 0.0595 1.0 79.0
12.137433 323.47598 0.0596 0.0 80.0
15.284593 326.14798 0.0596 0.0 80.0
12.137433 323.47598 0.0597 0.0 80.0
13.871352 327.2227 0.0597 0.0 80.0
13.871352 327.2227 0.0598 0.0 81.0
17.018513 329.89468 0.0598 0.0 81.0
13.871352 327.2227 0.0599 0.0 81.0
15.605271 330.9694 0.0599 0.0 81.0
0.0 297.24905 0.0600 7.0 73.0
0.0 301.3775 0.0600 7.0 73.0
0.0 301.3775 0.0601 0.0 74.0
1.7339189 305.1242 0.0601 0.0 74.0
0.0 301.3775 0.0602 6.0 74.0
0.0 305.50595 0.0602 6.0 74.0
0.0 305.50595 0.0603 0.0 75.0
1.7339189 309.25266 0.0603 0.0 75.0
0.0 305.50595 0.0604 5.0 75.0
0.0 309.6344 0.0604 5.0 75.0
0.0 309.6344 0.0605 1.0 76.0
-1.7339189 313.3811 0.0605 1.0 76.0
-1.7339189 313.3811 0.0606 0.0 77.0
-1.7339189 317.50955 0.0606 0.0 77.0
-1.7339189 313.3811 0.0607 0.0 77.0
-3.4678378 317.1278 0.0607 0.0 77.0
-3.4678378 317.1278 0.0608 0.0 78.0
-3.4678378 321.25626 0.0608 0.0 78.0
-3.4678378 317.1278 0.0609 0.0 78.0
-5.2017565 320.8745 0.0609 0.0 78.0
0.0 309.6344 0.0610 4.0 76.0
0.0 313.76285 0.0610 4.0 76.0
0.0 313.76285 0.0611 0.0 77.0
1.7339189 317.50955 0.0611 0.0 77.0
0.0 313.76285 0.0612 3.0 77.0
0.0 317.8913 0.0612 3.0 77.0
0.0 317.8913 0.0613 0.0 78.0
1.7339189 321.638 0.0613 0.0 78.0
0.0 317.8913 0.0614 2.0 78.0
0.0 322.01974 0.0614 2.0 78.0
0.0 322.01974 0.0615 1.0 79.0
1.7339189 325.76645 0.0615 1.0 79.0
1.7339189 325.76645 0.0616 0.0 80.0
4.8810787 328.43845 0.0616 0.0 80.0
1.7339189 325.76645 0.0617 0.0 80.0
3.4678378 329.51315 0.0617 0.0 80.0
3.4678378 329.51315 0.0618 0.0 81.0
6.6149974 332.18515 0.0618 0.0 81.0
3.4678378 329.51315 0.0619 0.0 81.0
5.2017565 333.25986 0.0619 0.0 81.0
0.0 322.01974 0.0620 1.0 79.0
0.0 326.1482 0.0620 1.0 79.0
0.0 326.1482 0.0621 0.0 80.0
1.7339189 329.8949 0.0621 0.0 80.0
0.0 326.1482 0.0622 0.0 80.0
0.0 330.27664 0.0622 0.0 80.0
0.0 330.27664 0.0623 0.0 81.0
1.7339189 334.02335 0.0623 0.0 81.0
0.0 330.27664 0.0624 0.0 81.0
0.0 334.4051 0.0624 0.0 81.0
