0.0 0.0 0.00 28.0 1.0
0.0 2.280361 0.00 28.0 1.0
0.0 2.280361 0.01 27.0 2.0
0.0 4.560722 0.01 27.0 2.0
0.0 4.560722 0.02 26.0 3.0
0.0 6.8410826 0.02 26.0 3.0
0.0 6.8410826 0.03 25.0 4.0
0.0 9.121444 0.03 25.0 4.0
0.0 9.121444 0.04 24.0 5.0
0.0 11.401805 0.04 24.0 5.0
0.0 11.401805 0.05 23.0 6.0
0.0 13.682166 0.05 23.0 6.0
0.0 13.682166 0.06 22.0 7.0
0.0 15.962527 0.06 22.0 7.0
0.0 15.962527 0.07 21.0 8.0
0.0 18.242887 0.07 21.0 8.0
0.0 18.242887 0.08 12.0 9.0
-1.0224736 20.28117 0.08 12.0 9.0
-1.0224736 20.28117 0.09 11.0 10.0
-2.0449471 22.319452 0.09 11.0 10.0
-2.0449471 22.319452 0.010 10.0 11.0
-3.0674207 24.357735 0.010 10.0 11.0
-3.0674207 24.357735 0.011 9.0 12.0
-4.0898943 26.396017 0.011 9.0 12.0
-4.0898943 26.396017 0.012 4.0 13.0
-5.9177537 27.75946 0.012 4.0 13.0
-5.9177537 27.75946 0.013 3.0 14.0
-7.745613 29.122904 0.013 3.0 14.0
-7.745613 29.122904 0.014 0.0 15.0
-9.990774 29.522026 0.014 0.0 15.0
-9.990774 29.522026 0.015 0.0 16.0
-12.235935 29.921148 0.015 0.0 16.0
-7.745613 29.122904 0.016 0.0 15.0
-8.768086 31.161186 0.016 0.0 15.0
-8.768086 31.161186 0.017 0.0 16.0
-9.79056 33.199467 0.017 0.0 16.0
-7.745613 29.122904 0.018 2.0 15.0
-9.573473 30.486347 0.018 2.0 15.0
-9.573473 30.486347 0.019 1.0 16.0
-11.401333 31.84979 0.019 1.0 16.0
-11.401333 31.84979 0.020 0.0 17.0
-13.229193 33.213234 0.020 0.0 17.0
-13.229193 33.213234 0.021 0.0 18.0
-15.057053 34.576675 0.021 0.0 18.0
-4.0898943 26.396017 0.022 4.0 13.0
-4.0898943 28.676378 0.022 4.0 13.0
-4.0898943 28.676378 0.023 3.0 14.0
-4.0898943 30.95674 0.023 3.0 14.0
-4.0898943 30.95674 0.024 0.0 15.0
-5.1123676 32.99502 0.024 0.0 15.0
-5.1123676 32.99502 0.025 0.0 16.0
-6.134841 35.033302 0.025 0.0 16.0
-4.0898943 30.95674 0.026 0.0 15.0
-3.0674207 32.99502 0.026 0.0 15.0
-3.0674207 32.99502 0.027 0.0 16.0
-2.0449471 35.033302 0.027 0.0 16.0
-4.0898943 30.95674 0.028 2.0 15.0
-4.0898943 33.2371 0.028 2.0 15.0
-4.0898943 33.2371 0.029 1.0 16.0
-4.0898943 35.51746 0.029 1.0 16.0
-4.0898943 35.51746 0.030 0.0 17.0
-4.0898943 37.79782 0.030 0.0 17.0
-4.0898943 37.79782 0.031 0.0 18.0
-4.0898943 40.078182 0.031 0.0 18.0
-4.0898943 26.396017 0.032 8.0 13.0
-5.1123676 28.4343 0.032 8.0 13.0
-5.1123676 28.4343 0.033 7.0 14.0
-6.134841 30.472582 0.033 7.0 14.0
-6.134841 30.472582 0.034 6.0 15.0
-7.1573143 32.510864 0.034 6.0 15.0
-7.1573143 32.510864 0.035 5.0 16.0
-8.179788 34.549145 0.035 5.0 16.0
-8.179788 34.549145 0.036 4.0 17.0
-9.202261 36.587425 0.036 4.0 17.0
-9.202261 36.587425 0.037 3.0 18.0
-10.224734 38.625706 0.037 3.0 18.0
-10.224734 38.625706 0.038 0.0 19.0
-12.052593 39.989147 0.038 0.0 19.0
-12.052593 39.989147 0.039 0.0 20.0
-13.880453 41.35259 0.039 0.0 20.0
-10.224734 38.625706 0.040 0.0 19.0
-10.224734 40.906067 0.040 0.0 19.0
-10.224734 40.906067 0.041 0.0 20.0
-10.224734 43.186428 0.041 0.0 20.0
-10.224734 38.625706 0.042 2.0 19.0
-11.247208 40.663986 0.042 2.0 19.0
-11.247208 40.663986 0.043 1.0 20.0
-12.269681 42.702267 0.043 1.0 20.0
-12.269681 42.702267 0.044 0.0 21.0
-13.292154 44.740547 0.044 0.0 21.0
-13.292154 44.740547 0.045 0.0 22.0
-14.314628 46.778828 0.045 0.0 22.0
0.0 18.242887 0.046 12.0 9.0
1.0224736 20.28117 0.046 12.0 9.0
1.0224736 20.28117 0.047 11.0 10.0
2.0449471 22.319452 0.047 11.0 10.0
2.0449471 22.319452 0.048 10.0 11.0
3.0674207 24.357735 0.048 10.0 11.0
3.0674207 24.357735 0.049 9.0 12.0
4.0898943 26.396017 0.049 9.0 12.0
4.0898943 26.396017 0.050 4.0 13.0
4.0898943 28.676378 0.050 4.0 13.0
4.0898943 28.676378 0.051 3.0 14.0
4.0898943 30.95674 0.051 3.0 14.0
4.0898943 30.95674 0.052 0.0 15.0
3.0674207 32.99502 0.052 0.0 15.0
3.0674207 32.99502 0.053 0.0 16.0
2.0449471 35.033302 0.053 0.0 16.0
4.0898943 30.95674 0.054 0.0 15.0
5.1123676 32.99502 0.054 0.0 15.0
5.1123676 32.99502 0.055 0.0 16.0
6.134841 35.033302 0.055 0.0 16.0
4.0898943 30.95674 0.056 2.0 15.0
4.0898943 33.2371 0.056 2.0 15.0
4.0898943 33.2371 0.057 1.0 16.0
4.0898943 35.51746 0.057 1.0 16.0
4.0898943 35.51746 0.058 0.0 17.0
4.0898943 37.79782 0.058 0.0 17.0
4.0898943 37.79782 0.059 0.0 18.0
4.0898943 40.078182 0.059 0.0 18.0
4.0898943 26.396017 0.060 4.0 13.0
5.9177537 27.75946 0.060 4.0 13.0
5.9177537 27.75946 0.061 3.0 14.0
7.745613 29.122904 0.061 3.0 14.0
7.745613 29.122904 0.062 0.0 15.0
8.768086 31.161186 0.062 0.0 15.0
8.768086 31.161186 0.063 0.0 16.0
9.79056 33.199467 0.063 0.0 16.0
7.745613 29.122904 0.064 0.0 15.0
9.990774 29.522026 0.064 0.0 15.0
9.990774 29.522026 0.065 0.0 16.0
12.235935 29.921148 0.065 0.0 16.0
7.745613 29.122904 0.066 2.0 15.0
9.573473 30.486347 0.066 2.0 15.0
9.573473 30.486347 0.067 1.0 16.0
11.401333 31.84979 0.067 1.0 16.0
11.401333 31.84979 0.068 0.0 17.0
13.229193 33.213234 0.068 0.0 17.0
13.229193 33.213234 0.069 0.0 18.0
15.057053 34.576675 0.069 0.0 18.0
4.0898943 26.396017 0.070 8.0 13.0
5.1123676 28.4343 0.070 8.0 13.0
5.1123676 28.4343 0.071 7.0 14.0
6.134841 30.472582 0.071 7.0 14.0
6.134841 30.472582 0.072 6.0 15.0
7.1573143 32.510864 0.072 6.0 15.0
7.1573143 32.510864 0.073 5.0 16.0
8.179788 34.549145 0.073 5.0 16.0
8.179788 34.549145 0.074 4.0 17.0
9.202261 36.587425 0.074 4.0 17.0
9.202261 36.587425 0.075 3.0 18.0
10.224734 38.625706 0.075 3.0 18.0
10.224734 38.625706 0.076 0.0 19.0
10.224734 40.906067 0.076 0.0 19.0
10.224734 40.906067 0.077 0.0 20.0
10.224734 43.186428 0.077 0.0 20.0
10.224734 38.625706 0.078 0.0 19.0
12.052593 39.989147 0.078 0.0 19.0
12.052593 39.989147 0.079 0.0 20.0
13.880453 41.35259 0.079 0.0 20.0
10.224734 38.625706 0.080 2.0 19.0
11.247208 40.663986 0.080 2.0 19.0
11.247208 40.663986 0.081 1.0 20.0
12.269681 42.702267 0.081 1.0 20.0
12.269681 42.702267 0.082 0.0 21.0
13.292154 44.740547 0.082 0.0 21.0
13.292154 44.740547 0.083 0.0 22.0
14.314628 46.778828 0.083 0.0 22.0
0.0 18.242887 0.084 20.0 9.0
0.0 20.523249 0.084 20.0 9.0
0.0 20.523249 0.085 19.0 10.0
0.0 22.80361 0.085 19.0 10.0
0.0 22.80361 0.086 18.0 11.0
0.0 25.083971 0.086 18.0 11.0
0.0 25.083971 0.087 17.0 12.0
0.0 27.364332 0.087 17.0 12.0
0.0 27.364332 0.088 16.0 13.0
0.0 29.644693 0.088 16.0 13.0
0.0 29.644693 0.089 15.0 14.0
0.0 31.925055 0.089 15.0 14.0
0.0 31.925055 0.090 14.0 15.0
0.0 34.205414 0.090 14.0 15.0
0.0 34.205414 0.091 13.0 16.0
0.0 36.485775 0.091 13.0 16.0
0.0 36.485775 0.092 12.0 17.0
0.0 38.766136 0.092 12.0 17.0
0.0 38.766136 0.093 11.0 18.0
0.0 41.046497 0.093 11.0 18.0
0.0 41.046497 0.094 10.0 19.0
0.0 43.32686 0.094 10.0 19.0
0.0 43.32686 0.095 9.0 20.0
0.0 45.60722 0.095 9.0 20.0
0.0 45.60722 0.096 4.0 21.0
-1.0224736 47.6455 0.096 4.0 21.0
-1.0224736 47.6455 0.097 3.0 22.0
-2.0449471 49.68378 0.097 3.0 22.0
-2.0449471 49.68378 0.098 0.0 23.0
-3.8728065 51.047222 0.098 0.0 23.0
-3.8728065 51.047222 0.099 0.0 24.0
-5.700666 52.410664 0.099 0.0 24.0
-2.0449471 49.68378 0.0100 0.0 23.0
-2.0449471 51.96414 0.0100 0.0 23.0
-2.0449471 51.96414 0.0101 0.0 24.0
-2.0449471 54.244503 0.0101 0.0 24.0
-2.0449471 49.68378 0.0102 2.0 23.0
-3.0674207 51.72206 0.0102 2.0 23.0
-3.0674207 51.72206 0.0103 1.0 24.0
-4.0898943 53.76034 0.0103 1.0 24.0
-4.0898943 53.76034 0.0104 0.0 25.0
-5.1123676 55.798622 0.0104 0.0 25.0
-5.1123676 55.798622 0.0105 0.0 26.0
-6.134841 57.836903 0.0105 0.0 26.0
0.0 45.60722 0.0106 4.0 21.0
1.0224736 47.6455 0.0106 4.0 21.0
1.0224736 47.6455 0.0107 3.0 22.0
2.0449471 49.68378 0.0107 3.0 22.0
2.0449471 49.68378 0.0108 0.0 23.0
2.0449471 51.96414 0.0108 0.0 23.0
2.0449471 51.96414 0.0109 0.0 24.0
2.0449471 54.244503 0.0109 0.0 24.0
2.0449471 49.68378 0.0110 0.0 23.0
3.8728065 51.047222 0.0110 0.0 23.0
3.8728065 51.047222 0.0111 0.0 24.0
5.700666 52.410664 0.0111 0.0 24.0
2.0449471 49.68378 0.0112 2.0 23.0
3.0674207 51.72206 0.0112 2.0 23.0
3.0674207 51.72206 0.0113 1.0 24.0
4.0898943 53.76034 0.0113 1.0 24.0
4.0898943 53.76034 0.0114 0.0 25.0
5.1123676 55.798622 0.0114 0.0 25.0
5.1123676 55.798622 0.0115 0.0 26.0
6.134841 57.836903 0.0115 0.0 26.0
0.0 45.60722 0.0116 8.0 21.0
0.0 47.88758 0.0116 8.0 21.0
0.0 47.88758 0.0117 7.0 22.0
0.0 50.167942 0.0117 7.0 22.0
0.0 50.167942 0.0118 6.0 23.0
0.0 52.448303 0.0118 6.0 23.0
0.0 52.448303 0.0119 5.0 24.0
0.0 54.728664 0.0119 5.0 24.0
0.0 54.728664 0.0120 4.0 25.0
0.0 57.009026 0.0120 4.0 25.0
0.0 57.009026 0.0121 3.0 26.0
0.0 59.289387 0.0121 3.0 26.0
0.0 59.289387 0.0122 0.0 27.0
-1.0224736 61.327667 0.0122 0.0 27.0
-1.0224736 61.327667 0.0123 0.0 28.0
-2.0449471 63.365948 0.0123 0.0 28.0
0.0 59.289387 0.0124 0.0 27.0
1.0224736 61.327667 0.0124 0.0 27.0
1.0224736 61.327667 0.0125 0.0 28.0
2.0449471 63.365948 0.0125 0.0 28.0
0.0 59.289387 0.0126 2.0 27.0
0.0 61.569748 0.0126 2.0 27.0
0.0 61.569748 0.0127 1.0 28.0
0.0 63.85011 0.0127 1.0 28.0
0.0 63.85011 0.0128 0.0 29.0
0.0 66.13047 0.0128 0.0 29.0
0.0 66.13047 0.0129 0.0 30.0
0.0 68.41083 0.0129 0.0 30.0
