0.0 0.0 0.00 79.0 1.0
0.0 4.704958 0.00 79.0 1.0
0.0 4.704958 0.01 0.0 2.0
1.7322631 9.079417 0.01 0.0 2.0
0.0 4.704958 0.02 78.0 2.0
0.0 9.409916 0.02 78.0 2.0
0.0 9.409916 0.03 0.0 3.0
-1.7322631 13.784375 0.03 0.0 3.0
0.0 9.409916 0.04 77.0 3.0
0.0 14.114874 0.04 77.0 3.0
0.0 14.114874 0.05 1.0 4.0
1.7322631 18.489334 0.05 1.0 4.0
1.7322631 18.489334 0.06 0.0 5.0
4.9534245 21.91873 0.06 0.0 5.0
1.7322631 18.489334 0.07 0.0 5.0
3.4645262 22.863792 0.07 0.0 5.0
3.4645262 22.863792 0.08 0.0 6.0
3.4645262 27.56875 0.08 0.0 6.0
3.4645262 22.863792 0.09 0.0 6.0
5.1967893 27.23825 0.09 0.0 6.0
0.0 14.114874 0.010 76.0 4.0
0.0 18.819832 0.010 76.0 4.0
0.0 18.819832 0.011 0.0 5.0
1.7322631 23.19429 0.011 0.0 5.0
0.0 18.819832 0.012 75.0 5.0
0.0 23.52479 0.012 75.0 5.0
0.0 23.52479 0.013 0.0 6.0
-1.7322631 27.89925 0.013 0.0 6.0
0.0 23.52479 0.014 74.0 6.0
0.0 28.229748 0.014 74.0 6.0
0.0 28.229748 0.015 1.0 7.0
1.7322631 32.604206 0.015 1.0 7.0
1.7322631 32.604206 0.016 0.0 8.0
4.9534245 36.0336 0.016 0.0 8.0
1.7322631 32.604206 0.017 0.0 8.0
3.4645262 36.978664 0.017 0.0 8.0
3.4645262 36.978664 0.018 0.0 9.0
3.4645262 41.683624 0.018 0.0 9.0
3.4645262 36.978664 0.019 0.0 9.0
5.1967893 41.353123 0.019 0.0 9.0
0.0 28.229748 0.020 73.0 7.0
0.0 32.934708 0.020 73.0 7.0
0.0 32.934708 0.021 0.0 8.0
1.7322631 37.309166 0.021 0.0 8.0
0.0 32.934708 0.022 72.0 8.0
0.0 37.639664 0.022 72.0 8.0
0.0 37.639664 0.023 0.0 9.0
-1.7322631 42.014122 0.023 0.0 9.0
0.0 37.639664 0.024 71.0 9.0
0.0 42.34462 0.024 71.0 9.0
0.0 42.34462 0.025 7.0 10.0
1.7322631 46.719078 0.025 7.0 10.0
1.7322631 46.719078 0.026 0.0 11.0
4.9534245 50.14847 0.026 0.0 11.0
1.7322631 46.719078 0.027 6.0 11.0
3.4645262 51.093536 0.027 6.0 11.0
3.4645262 51.093536 0.028 0.0 12.0
3.4645262 55.798492 0.028 0.0 12.0
3.4645262 51.093536 0.029 5.0 12.0
5.1967893 55.467995 0.029 5.0 12.0
5.1967893 55.467995 0.030 1.0 13.0
8.417951 58.89739 0.030 1.0 13.0
8.417951 58.89739 0.031 0.0 14.0
12.67547 60.899925 0.031 0.0 14.0
8.417951 58.89739 0.032 0.0 14.0
11.639112 62.326782 0.032 0.0 14.0
11.639112 62.326782 0.033 0.0 15.0
13.371376 66.70124 0.033 0.0 15.0
11.639112 62.326782 0.034 0.0 15.0
14.860273 65.75618 0.034 0.0 15.0
5.1967893 55.467995 0.035 4.0 13.0
6.9290524 59.842453 0.035 4.0 13.0
6.9290524 59.842453 0.036 0.0 14.0
10.150213 63.271847 0.036 0.0 14.0
6.9290524 59.842453 0.037 3.0 14.0
8.661316 64.21691 0.037 3.0 14.0
8.661316 64.21691 0.038 0.0 15.0
8.661316 68.92187 0.038 0.0 15.0
8.661316 64.21691 0.039 2.0 15.0
10.3935795 68.59137 0.039 2.0 15.0
10.3935795 68.59137 0.040 1.0 16.0
13.61474 72.02077 0.040 1.0 16.0
13.61474 72.02077 0.041 0.0 17.0
17.872261 74.0233 0.041 0.0 17.0
13.61474 72.02077 0.042 0.0 17.0
16.835901 75.450165 0.042 0.0 17.0
16.835901 75.450165 0.043 0.0 18.0
18.568165 79.82462 0.043 0.0 18.0
16.835901 75.450165 0.044 0.0 18.0
20.057062 78.87956 0.044 0.0 18.0
10.3935795 68.59137 0.045 1.0 16.0
12.125843 72.96583 0.045 1.0 16.0
12.125843 72.96583 0.046 0.0 17.0
15.347004 76.395226 0.046 0.0 17.0
12.125843 72.96583 0.047 0.0 17.0
13.858107 77.34029 0.047 0.0 17.0
13.858107 77.34029 0.048 0.0 18.0
13.858107 82.04524 0.048 0.0 18.0
13.858107 77.34029 0.049 0.0 18.0
15.59037 81.714745 0.049 0.0 18.0
0.0 42.34462 0.050 70.0 10.0
0.0 47.049576 0.050 70.0 10.0
0.0 47.049576 0.051 0.0 11.0
1.7322631 51.424034 0.051 0.0 11.0
0.0 47.049576 0.052 69.0 11.0
0.0 51.75453 0.052 69.0 11.0
0.0 51.75453 0.053 0.0 12.0
-1.7322631 56.12899 0.053 0.0 12.0
0.0 51.75453 0.054 68.0 12.0
0.0 56.459488 0.054 68.0 12.0
0.0 56.459488 0.055 1.0 13.0
1.7322631 60.833946 0.055 1.0 13.0
1.7322631 60.833946 0.056 0.0 14.0
4.9534245 64.26334 0.056 0.0 14.0
1.7322631 60.833946 0.057 0.0 14.0
3.4645262 65.208405 0.057 0.0 14.0
3.4645262 65.208405 0.058 0.0 15.0
3.4645262 69.91336 0.058 0.0 15.0
3.4645262 65.208405 0.059 0.0 15.0
5.1967893 69.58286 0.059 0.0 15.0
0.0 56.459488 0.060 67.0 13.0
0.0 61.164444 0.060 67.0 13.0
0.0 61.164444 0.061 0.0 14.0
1.7322631 65.5389 0.061 0.0 14.0
0.0 61.164444 0.062 66.0 14.0
0.0 65.8694 0.062 66.0 14.0
0.0 65.8694 0.063 0.0 15.0
-1.7322631 70.24386 0.063 0.0 15.0
0.0 65.8694 0.064 65.0 15.0
0.0 70.574356 0.064 65.0 15.0
0.0 70.574356 0.065 1.0 16.0
1.7322631 74.948814 0.065 1.0 16.0
1.7322631 74.948814 0.066 0.0 17.0
4.9534245 78.37821 0.066 0.0 17.0
1.7322631 74.948814 0.067 0.0 17.0
3.4645262 79.32327 0.067 0.0 17.0
3.4645262 79.32327 0.068 0.0 18.0
3.4645262 84.02823 0.068 0.0 18.0
3.4645262 79.32327 0.069 0.0 18.0
5.1967893 83.69773 0.069 0.0 18.0
0.0 70.574356 0.070 64.0 16.0
0.0 75.27931 0.070 64.0 16.0
0.0 75.27931 0.071 0.0 17.0
1.7322631 79.65377 0.071 0.0 17.0
0.0 75.27931 0.072 63.0 17.0
0.0 79.98427 0.072 63.0 17.0
0.0 79.98427 0.073 0.0 18.0
-1.7322631 84.35873 0.073 0.0 18.0
0.0 79.98427 0.074 62.0 18.0
0.0 84.689224 0.074 62.0 18.0
0.0 84.689224 0.075 7.0 19.0
-1.7322631 89.06368 0.075 7.0 19.0
-1.7322631 89.06368 0.076 0.0 20.0
-1.7322631 93.76864 0.076 0.0 20.0
-1.7322631 89.06368 0.077 6.0 20.0
-3.4645262 93.43814 0.077 6.0 20.0
-3.4645262 93.43814 0.078 0.0 21.0
-6.6856875 96.86754 0.078 0.0 21.0
-3.4645262 93.43814 0.079 5.0 21.0
-5.1967893 97.8126 0.079 5.0 21.0
-5.1967893 97.8126 0.080 1.0 22.0
-5.1967893 102.517555 0.080 1.0 22.0
-5.1967893 102.517555 0.081 0.0 23.0
-3.4645262 106.89201 0.081 0.0 23.0
-5.1967893 102.517555 0.082 0.0 23.0
-5.1967893 107.22251 0.082 0.0 23.0
-5.1967893 107.22251 0.083 0.0 24.0
-6.9290524 111.59697 0.083 0.0 24.0
-5.1967893 107.22251 0.084 0.0 24.0
-5.1967893 111.92747 0.084 0.0 24.0
-5.1967893 97.8126 0.085 4.0 22.0
-6.9290524 102.18706 0.085 4.0 22.0
-6.9290524 102.18706 0.086 0.0 23.0
-6.9290524 106.89201 0.086 0.0 23.0
-6.9290524 102.18706 0.087 3.0 23.0
-8.661316 106.561516 0.087 3.0 23.0
-8.661316 106.561516 0.088 0.0 24.0
-11.882477 109.99091 0.088 0.0 24.0
-8.661316 106.561516 0.089 2.0 24.0
-10.3935795 110.935974 0.089 2.0 24.0
-10.3935795 110.935974 0.090 1.0 25.0
-10.3935795 115.64093 0.090 1.0 25.0
-10.3935795 115.64093 0.091 0.0 26.0
-8.661316 120.01539 0.091 0.0 26.0
-10.3935795 115.64093 0.092 0.0 26.0
-10.3935795 120.34589 0.092 0.0 26.0
-10.3935795 120.34589 0.093 0.0 27.0
-12.125843 124.720345 0.093 0.0 27.0
-10.3935795 120.34589 0.094 0.0 27.0
-10.3935795 125.05084 0.094 0.0 27.0
-10.3935795 110.935974 0.095 1.0 25.0
-12.125843 115.31043 0.095 1.0 25.0
-12.125843 115.31043 0.096 0.0 26.0
-12.125843 120.01539 0.096 0.0 26.0
-12.125843 115.31043 0.097 0.0 26.0
-13.858107 119.68489 0.097 0.0 26.0
-13.858107 119.68489 0.098 0.0 27.0
-17.079268 123.11429 0.098 0.0 27.0
-13.858107 119.68489 0.099 0.0 27.0
-15.59037 124.05935 0.099 0.0 27.0
0.0 84.689224 0.0100 61.0 19.0
0.0 89.39418 0.0100 61.0 19.0
0.0 89.39418 0.0101 0.0 20.0
1.7322631 93.76864 0.0101 0.0 20.0
0.0 89.39418 0.0102 60.0 20.0
0.0 94.09914 0.0102 60.0 20.0
0.0 94.09914 0.0103 0.0 21.0
-1.7322631 98.473595 0.0103 0.0 21.0
0.0 94.09914 0.0104 59.0 21.0
0.0 98.80409 0.0104 59.0 21.0
0.0 98.80409 0.0105 1.0 22.0
1.7322631 103.17855 0.0105 1.0 22.0
1.7322631 103.17855 0.0106 0.0 23.0
4.9534245 106.60795 0.0106 0.0 23.0
1.7322631 103.17855 0.0107 0.0 23.0
3.4645262 107.55301 0.0107 0.0 23.0
3.4645262 107.55301 0.0108 0.0 24.0
3.4645262 112.257965 0.0108 0.0 24.0
3.4645262 107.55301 0.0109 0.0 24.0
5.1967893 111.92747 0.0109 0.0 24.0
0.0 98.80409 0.0110 58.0 22.0
0.0 103.50905 0.0110 58.0 22.0
0.0 103.50905 0.0111 0.0 23.0
1.7322631 107.88351 0.0111 0.0 23.0
0.0 103.50905 0.0112 57.0 23.0
0.0 108.214005 0.0112 57.0 23.0
0.0 108.214005 0.0113 0.0 24.0
-1.7322631 112.58846 0.0113 0.0 24.0
0.0 108.214005 0.0114 56.0 24.0
0.0 112.91896 0.0114 56.0 24.0
0.0 112.91896 0.0115 1.0 25.0
1.7322631 117.29342 0.0115 1.0 25.0
1.7322631 117.29342 0.0116 0.0 26.0
4.9534245 120.72282 0.0116 0.0 26.0
1.7322631 117.29342 0.0117 0.0 26.0
3.4645262 121.66788 0.0117 0.0 26.0
3.4645262 121.66788 0.0118 0.0 27.0
3.4645262 126.37283 0.0118 0.0 27.0
3.4645262 121.66788 0.0119 0.0 27.0
5.1967893 126.042336 0.0119 0.0 27.0
0.0 112.91896 0.0120 55.0 25.0
0.0 117.62392 0.0120 55.0 25.0
0.0 117.62392 0.0121 0.0 26.0
1.7322631 121.998375 0.0121 0.0 26.0
0.0 117.62392 0.0122 54.0 26.0
0.0 122.32887 0.0122 54.0 26.0
0.0 122.32887 0.0123 0.0 27.0
-1.7322631 126.70333 0.0123 0.0 27.0
0.0 122.32887 0.0124 53.0 27.0
0.0 127.03383 0.0124 53.0 27.0
0.0 127.03383 0.0125 25.0 28.0
1.7322631 131.4083 0.0125 25.0 28.0
1.7322631 131.4083 0.0126 0.0 29.0
4.9534245 134.83769 0.0126 0.0 29.0
1.7322631 131.4083 0.0127 24.0 29.0
3.4645262 135.78276 0.0127 24.0 29.0
3.4645262 135.78276 0.0128 0.0 30.0
3.4645262 140.48772 0.0128 0.0 30.0
3.4645262 135.78276 0.0129 23.0 30.0
5.1967893 140.15723 0.0129 23.0 30.0
5.1967893 140.15723 0.0130 1.0 31.0
8.417951 143.58662 0.0130 1.0 31.0
8.417951 143.58662 0.0131 0.0 32.0
12.67547 145.58916 0.0131 0.0 32.0
8.417951 143.58662 0.0132 0.0 32.0
11.639112 147.01602 0.0132 0.0 32.0
11.639112 147.01602 0.0133 0.0 33.0
13.371376 151.39049 0.0133 0.0 33.0
11.639112 147.01602 0.0134 0.0 33.0
14.860273 150.44542 0.0134 0.0 33.0
5.1967893 140.15723 0.0135 22.0 31.0
6.9290524 144.5317 0.0135 22.0 31.0
6.9290524 144.5317 0.0136 0.0 32.0
10.150213 147.96109 0.0136 0.0 32.0
6.9290524 144.5317 0.0137 21.0 32.0
8.661316 148.90616 0.0137 21.0 32.0
8.661316 148.90616 0.0138 0.0 33.0
8.661316 153.61111 0.0138 0.0 33.0
8.661316 148.90616 0.0139 20.0 33.0
10.3935795 153.28062 0.0139 20.0 33.0
10.3935795 153.28062 0.0140 1.0 34.0
13.61474 156.71002 0.0140 1.0 34.0
13.61474 156.71002 0.0141 0.0 35.0
17.872261 158.71255 0.0141 0.0 35.0
13.61474 156.71002 0.0142 0.0 35.0
16.835901 160.13942 0.0142 0.0 35.0
16.835901 160.13942 0.0143 0.0 36.0
18.568165 164.51389 0.0143 0.0 36.0
16.835901 160.13942 0.0144 0.0 36.0
20.057062 163.56882 0.0144 0.0 36.0
10.3935795 153.28062 0.0145 19.0 34.0
12.125843 157.65509 0.0145 19.0 34.0
12.125843 157.65509 0.0146 0.0 35.0
15.347004 161.08449 0.0146 0.0 35.0
12.125843 157.65509 0.0147 18.0 35.0
13.858107 162.02956 0.0147 18.0 35.0
13.858107 162.02956 0.0148 0.0 36.0
13.858107 166.73451 0.0148 0.0 36.0
13.858107 162.02956 0.0149 17.0 36.0
15.59037 166.40402 0.0149 17.0 36.0
15.59037 166.40402 0.0150 7.0 37.0
18.811531 169.83342 0.0150 7.0 37.0
18.811531 169.83342 0.0151 0.0 38.0
23.069052 171.83595 0.0151 0.0 38.0
18.811531 169.83342 0.0152 6.0 38.0
22.032692 173.26282 0.0152 6.0 38.0
22.032692 173.26282 0.0153 0.0 39.0
23.764956 177.63728 0.0153 0.0 39.0
22.032692 173.26282 0.0154 5.0 39.0
25.253853 176.69221 0.0154 5.0 39.0
25.253853 176.69221 0.0155 1.0 40.0
29.511374 178.69475 0.0155 1.0 40.0
29.511374 178.69475 0.0156 0.0 41.0
34.207115 178.98909 0.0156 0.0 41.0
29.511374 178.69475 0.0157 0.0 41.0
33.768894 180.69728 0.0157 0.0 41.0
33.768894 180.69728 0.0158 0.0 42.0
36.990055 184.12668 0.0158 0.0 42.0
33.768894 180.69728 0.0159 0.0 42.0
38.026413 182.69981 0.0159 0.0 42.0
25.253853 176.69221 0.0160 4.0 40.0
28.475014 180.12161 0.0160 4.0 40.0
28.475014 180.12161 0.0161 0.0 41.0
32.732533 182.12415 0.0161 0.0 41.0
28.475014 180.12161 0.0162 3.0 41.0
31.696175 183.55101 0.0162 3.0 41.0
31.696175 183.55101 0.0163 0.0 42.0
33.428436 187.92548 0.0163 0.0 42.0
31.696175 183.55101 0.0164 2.0 42.0
34.917336 186.98041 0.0164 2.0 42.0
34.917336 186.98041 0.0165 1.0 43.0
39.174854 188.98294 0.0165 1.0 43.0
39.174854 188.98294 0.0166 0.0 44.0
43.870598 189.27728 0.0166 0.0 44.0
39.174854 188.98294 0.0167 0.0 44.0
43.432373 190.98547 0.0167 0.0 44.0
43.432373 190.98547 0.0168 0.0 45.0
46.653534 194.41487 0.0168 0.0 45.0
43.432373 190.98547 0.0169 0.0 45.0
47.68989 192.988 0.0169 0.0 45.0
34.917336 186.98041 0.0170 1.0 43.0
38.138496 190.4098 0.0170 1.0 43.0
38.138496 190.4098 0.0171 0.0 44.0
42.396015 192.41234 0.0171 0.0 44.0
38.138496 190.4098 0.0172 0.0 44.0
41.359657 193.8392 0.0172 0.0 44.0
41.359657 193.8392 0.0173 0.0 45.0
43.09192 198.21367 0.0173 0.0 45.0
41.359657 193.8392 0.0174 0.0 45.0
44.58082 197.2686 0.0174 0.0 45.0
15.59037 166.40402 0.0175 16.0 37.0
17.322634 170.77849 0.0175 16.0 37.0
17.322634 170.77849 0.0176 0.0 38.0
20.543795 174.20789 0.0176 0.0 38.0
17.322634 170.77849 0.0177 15.0 38.0
19.054897 175.15295 0.0177 15.0 38.0
19.054897 175.15295 0.0178 0.0 39.0
19.054897 179.85791 0.0178 0.0 39.0
19.054897 175.15295 0.0179 14.0 39.0
20.78716 179.52742 0.0179 14.0 39.0
20.78716 179.52742 0.0180 1.0 40.0
24.008322 182.95682 0.0180 1.0 40.0
24.008322 182.95682 0.0181 0.0 41.0
28.265842 184.95935 0.0181 0.0 41.0
24.008322 182.95682 0.0182 0.0 41.0
27.229483 186.38622 0.0182 0.0 41.0
27.229483 186.38622 0.0183 0.0 42.0
28.961746 190.76068 0.0183 0.0 42.0
27.229483 186.38622 0.0184 0.0 42.0
30.450644 189.81561 0.0184 0.0 42.0
20.78716 179.52742 0.0185 13.0 40.0
22.519424 183.90189 0.0185 13.0 40.0
22.519424 183.90189 0.0186 0.0 41.0
25.740585 187.33128 0.0186 0.0 41.0
22.519424 183.90189 0.0187 12.0 41.0
24.251688 188.27635 0.0187 12.0 41.0
24.251688 188.27635 0.0188 0.0 42.0
24.251688 192.98131 0.0188 0.0 42.0
24.251688 188.27635 0.0189 11.0 42.0
25.983952 192.65082 0.0189 11.0 42.0
25.983952 192.65082 0.0190 1.0 43.0
29.205112 196.08022 0.0190 1.0 43.0
29.205112 196.08022 0.0191 0.0 44.0
33.46263 198.08275 0.0191 0.0 44.0
29.205112 196.08022 0.0192 0.0 44.0
32.426273 199.50961 0.0192 0.0 44.0
32.426273 199.50961 0.0193 0.0 45.0
34.158535 203.88408 0.0193 0.0 45.0
32.426273 199.50961 0.0194 0.0 45.0
35.647434 202.93901 0.0194 0.0 45.0
25.983952 192.65082 0.0195 10.0 43.0
27.716215 197.02528 0.0195 10.0 43.0
27.716215 197.02528 0.0196 0.0 44.0
30.937376 200.45468 0.0196 0.0 44.0
27.716215 197.02528 0.0197 9.0 44.0
29.448479 201.39975 0.0197 9.0 44.0
29.448479 201.39975 0.0198 0.0 45.0
29.448479 206.1047 0.0198 0.0 45.0
29.448479 201.39975 0.0199 8.0 45.0
31.180742 205.77422 0.0199 8.0 45.0
31.180742 205.77422 0.0200 7.0 46.0
31.180742 210.47917 0.0200 7.0 46.0
31.180742 210.47917 0.0201 0.0 47.0
32.913006 214.85364 0.0201 0.0 47.0
31.180742 210.47917 0.0202 6.0 47.0
31.180742 215.18413 0.0202 6.0 47.0
31.180742 215.18413 0.0203 0.0 48.0
29.448479 219.5586 0.0203 0.0 48.0
31.180742 215.18413 0.0204 5.0 48.0
31.180742 219.88908 0.0204 5.0 48.0
31.180742 219.88908 0.0205 1.0 49.0
32.913006 224.26355 0.0205 1.0 49.0
32.913006 224.26355 0.0206 0.0 50.0
36.134167 227.69295 0.0206 0.0 50.0
32.913006 224.26355 0.0207 0.0 50.0
34.645267 228.63802 0.0207 0.0 50.0
34.645267 228.63802 0.0208 0.0 51.0
34.645267 233.34297 0.0208 0.0 51.0
34.645267 228.63802 0.0209 0.0 51.0
36.37753 233.01248 0.0209 0.0 51.0
31.180742 219.88908 0.0210 4.0 49.0
31.180742 224.59404 0.0210 4.0 49.0
31.180742 224.59404 0.0211 0.0 50.0
32.913006 228.9685 0.0211 0.0 50.0
31.180742 224.59404 0.0212 3.0 50.0
31.180742 229.299 0.0212 3.0 50.0
31.180742 229.299 0.0213 0.0 51.0
29.448479 233.67346 0.0213 0.0 51.0
31.180742 229.299 0.0214 2.0 51.0
31.180742 234.00395 0.0214 2.0 51.0
31.180742 234.00395 0.0215 1.0 52.0
32.913006 238.37842 0.0215 1.0 52.0
32.913006 238.37842 0.0216 0.0 53.0
36.134167 241.80782 0.0216 0.0 53.0
32.913006 238.37842 0.0217 0.0 53.0
34.645267 242.75288 0.0217 0.0 53.0
34.645267 242.75288 0.0218 0.0 54.0
34.645267 247.45784 0.0218 0.0 54.0
34.645267 242.75288 0.0219 0.0 54.0
36.37753 247.12735 0.0219 0.0 54.0
31.180742 234.00395 0.0220 1.0 52.0
31.180742 238.70891 0.0220 1.0 52.0
31.180742 238.70891 0.0221 0.0 53.0
32.913006 243.08337 0.0221 0.0 53.0
31.180742 238.70891 0.0222 0.0 53.0
31.180742 243.41386 0.0222 0.0 53.0
31.180742 243.41386 0.0223 0.0 54.0
29.448479 247.78833 0.0223 0.0 54.0
31.180742 243.41386 0.0224 0.0 54.0
31.180742 248.11882 0.0224 0.0 54.0
31.180742 205.77422 0.0225 7.0 46.0
32.913006 210.14868 0.0225 7.0 46.0
32.913006 210.14868 0.0226 0.0 47.0
36.134167 213.57808 0.0226 0.0 47.0
32.913006 210.14868 0.0227 6.0 47.0
34.645267 214.52315 0.0227 6.0 47.0
34.645267 214.52315 0.0228 0.0 48.0
34.645267 219.2281 0.0228 0.0 48.0
34.645267 214.52315 0.0229 5.0 48.0
36.37753 218.89761 0.0229 5.0 48.0
36.37753 218.89761 0.0230 1.0 49.0
39.59869 222.32701 0.0230 1.0 49.0
39.59869 222.32701 0.0231 0.0 50.0
43.85621 224.32954 0.0231 0.0 50.0
39.59869 222.32701 0.0232 0.0 50.0
42.81985 225.75641 0.0232 0.0 50.0
42.81985 225.75641 0.0233 0.0 51.0
44.552113 230.13087 0.0233 0.0 51.0
42.81985 225.75641 0.0234 0.0 51.0
46.04101 229.1858 0.0234 0.0 51.0
36.37753 218.89761 0.0235 4.0 49.0
38.10979 223.27208 0.0235 4.0 49.0
38.10979 223.27208 0.0236 0.0 50.0
41.33095 226.70148 0.0236 0.0 50.0
38.10979 223.27208 0.0237 3.0 50.0
39.842052 227.64655 0.0237 3.0 50.0
39.842052 227.64655 0.0238 0.0 51.0
39.842052 232.3515 0.0238 0.0 51.0
39.842052 227.64655 0.0239 2.0 51.0
41.574314 232.02101 0.0239 2.0 51.0
41.574314 232.02101 0.0240 1.0 52.0
44.795475 235.45041 0.0240 1.0 52.0
44.795475 235.45041 0.0241 0.0 53.0
49.052994 237.45294 0.0241 0.0 53.0
44.795475 235.45041 0.0242 0.0 53.0
48.016636 238.8798 0.0242 0.0 53.0
48.016636 238.8798 0.0243 0.0 54.0
49.748898 243.25427 0.0243 0.0 54.0
48.016636 238.8798 0.0244 0.0 54.0
51.237797 242.3092 0.0244 0.0 54.0
41.574314 232.02101 0.0245 1.0 52.0
43.306576 236.39548 0.0245 1.0 52.0
43.306576 236.39548 0.0246 0.0 53.0
46.527737 239.82487 0.0246 0.0 53.0
43.306576 236.39548 0.0247 0.0 53.0
45.038837 240.76994 0.0247 0.0 53.0
45.038837 240.76994 0.0248 0.0 54.0
45.038837 245.4749 0.0248 0.0 54.0
45.038837 240.76994 0.0249 0.0 54.0
46.7711 245.14441 0.0249 0.0 54.0
0.0 127.03383 0.0250 52.0 28.0
0.0 131.73878 0.0250 52.0 28.0
0.0 131.73878 0.0251 0.0 29.0
1.7322631 136.11325 0.0251 0.0 29.0
0.0 131.73878 0.0252 51.0 29.0
0.0 136.44374 0.0252 51.0 29.0
0.0 136.44374 0.0253 0.0 30.0
-1.7322631 140.8182 0.0253 0.0 30.0
0.0 136.44374 0.0254 50.0 30.0
0.0 141.1487 0.0254 50.0 30.0
0.0 141.1487 0.0255 1.0 31.0
1.7322631 145.52316 0.0255 1.0 31.0
1.7322631 145.52316 0.0256 0.0 32.0
4.9534245 148.95256 0.0256 0.0 32.0
1.7322631 145.52316 0.0257 0.0 32.0
3.4645262 149.89763 0.0257 0.0 32.0
3.4645262 149.89763 0.0258 0.0 33.0
3.4645262 154.60258 0.0258 0.0 33.0
3.4645262 149.89763 0.0259 0.0 33.0
5.1967893 154.2721 0.0259 0.0 33.0
0.0 141.1487 0.0260 49.0 31.0
0.0 145.85365 0.0260 49.0 31.0
0.0 145.85365 0.0261 0.0 32.0
1.7322631 150.22812 0.0261 0.0 32.0
0.0 145.85365 0.0262 48.0 32.0
0.0 150.55861 0.0262 48.0 32.0
0.0 150.55861 0.0263 0.0 33.0
-1.7322631 154.93307 0.0263 0.0 33.0
0.0 150.55861 0.0264 47.0 33.0
0.0 155.26357 0.0264 47.0 33.0
0.0 155.26357 0.0265 1.0 34.0
1.7322631 159.63803 0.0265 1.0 34.0
1.7322631 159.63803 0.0266 0.0 35.0
4.9534245 163.06743 0.0266 0.0 35.0
1.7322631 159.63803 0.0267 0.0 35.0
3.4645262 164.0125 0.0267 0.0 35.0
3.4645262 164.0125 0.0268 0.0 36.0
3.4645262 168.71745 0.0268 0.0 36.0
3.4645262 164.0125 0.0269 0.0 36.0
5.1967893 168.38696 0.0269 0.0 36.0
0.0 155.26357 0.0270 46.0 34.0
0.0 159.96852 0.0270 46.0 34.0
0.0 159.96852 0.0271 0.0 35.0
1.7322631 164.34299 0.0271 0.0 35.0
0.0 159.96852 0.0272 45.0 35.0
0.0 164.67348 0.0272 45.0 35.0
0.0 164.67348 0.0273 0.0 36.0
-1.7322631 169.04794 0.0273 0.0 36.0
0.0 164.67348 0.0274 44.0 36.0
0.0 169.37843 0.0274 44.0 36.0
0.0 169.37843 0.0275 7.0 37.0
1.7322631 173.7529 0.0275 7.0 37.0
1.7322631 173.7529 0.0276 0.0 38.0
4.9534245 177.1823 0.0276 0.0 38.0
1.7322631 173.7529 0.0277 6.0 38.0
3.4645262 178.12737 0.0277 6.0 38.0
3.4645262 178.12737 0.0278 0.0 39.0
3.4645262 182.83232 0.0278 0.0 39.0
3.4645262 178.12737 0.0279 5.0 39.0
5.1967893 182.50183 0.0279 5.0 39.0
5.1967893 182.50183 0.0280 1.0 40.0
8.417951 185.93123 0.0280 1.0 40.0
8.417951 185.93123 0.0281 0.0 41.0
12.67547 187.93376 0.0281 0.0 41.0
8.417951 185.93123 0.0282 0.0 41.0
11.639112 189.36063 0.0282 0.0 41.0
11.639112 189.36063 0.0283 0.0 42.0
13.371376 193.73509 0.0283 0.0 42.0
11.639112 189.36063 0.0284 0.0 42.0
14.860273 192.79002 0.0284 0.0 42.0
5.1967893 182.50183 0.0285 4.0 40.0
6.9290524 186.8763 0.0285 4.0 40.0
6.9290524 186.8763 0.0286 0.0 41.0
10.150213 190.3057 0.0286 0.0 41.0
6.9290524 186.8763 0.0287 3.0 41.0
8.661316 191.25076 0.0287 3.0 41.0
8.661316 191.25076 0.0288 0.0 42.0
8.661316 195.95572 0.0288 0.0 42.0
8.661316 191.25076 0.0289 2.0 42.0
10.3935795 195.62523 0.0289 2.0 42.0
10.3935795 195.62523 0.0290 1.0 43.0
13.61474 199.05463 0.0290 1.0 43.0
13.61474 199.05463 0.0291 0.0 44.0
17.872261 201.05716 0.0291 0.0 44.0
13.61474 199.05463 0.0292 0.0 44.0
16.835901 202.48402 0.0292 0.0 44.0
16.835901 202.48402 0.0293 0.0 45.0
18.568165 206.85849 0.0293 0.0 45.0
16.835901 202.48402 0.0294 0.0 45.0
20.057062 205.91342 0.0294 0.0 45.0
10.3935795 195.62523 0.0295 1.0 43.0
12.125843 199.9997 0.0295 1.0 43.0
12.125843 199.9997 0.0296 0.0 44.0
15.347004 203.4291 0.0296 0.0 44.0
12.125843 199.9997 0.0297 0.0 44.0
13.858107 204.37416 0.0297 0.0 44.0
13.858107 204.37416 0.0298 0.0 45.0
13.858107 209.07912 0.0298 0.0 45.0
13.858107 204.37416 0.0299 0.0 45.0
15.59037 208.74863 0.0299 0.0 45.0
0.0 169.37843 0.0300 43.0 37.0
0.0 174.08339 0.0300 43.0 37.0
0.0 174.08339 0.0301 0.0 38.0
1.7322631 178.45786 0.0301 0.0 38.0
0.0 174.08339 0.0302 42.0 38.0
0.0 178.78835 0.0302 42.0 38.0
0.0 178.78835 0.0303 0.0 39.0
-1.7322631 183.16281 0.0303 0.0 39.0
0.0 178.78835 0.0304 41.0 39.0
0.0 183.4933 0.0304 41.0 39.0
0.0 183.4933 0.0305 1.0 40.0
1.7322631 187.86777 0.0305 1.0 40.0
1.7322631 187.86777 0.0306 0.0 41.0
4.9534245 191.29716 0.0306 0.0 41.0
1.7322631 187.86777 0.0307 0.0 41.0
3.4645262 192.24223 0.0307 0.0 41.0
3.4645262 192.24223 0.0308 0.0 42.0
3.4645262 196.94719 0.0308 0.0 42.0
3.4645262 192.24223 0.0309 0.0 42.0
5.1967893 196.6167 0.0309 0.0 42.0
0.0 183.4933 0.0310 40.0 40.0
0.0 188.19826 0.0310 40.0 40.0
0.0 188.19826 0.0311 0.0 41.0
1.7322631 192.57272 0.0311 0.0 41.0
0.0 188.19826 0.0312 39.0 41.0
0.0 192.90321 0.0312 39.0 41.0
0.0 192.90321 0.0313 0.0 42.0
-1.7322631 197.27768 0.0313 0.0 42.0
0.0 192.90321 0.0314 38.0 42.0
0.0 197.60817 0.0314 38.0 42.0
0.0 197.60817 0.0315 1.0 43.0
1.7322631 201.98264 0.0315 1.0 43.0
1.7322631 201.98264 0.0316 0.0 44.0
4.9534245 205.41203 0.0316 0.0 44.0
1.7322631 201.98264 0.0317 0.0 44.0
3.4645262 206.3571 0.0317 0.0 44.0
3.4645262 206.3571 0.0318 0.0 45.0
3.4645262 211.06206 0.0318 0.0 45.0
3.4645262 206.3571 0.0319 0.0 45.0
5.1967893 210.73157 0.0319 0.0 45.0
0.0 197.60817 0.0320 37.0 43.0
0.0 202.31313 0.0320 37.0 43.0
0.0 202.31313 0.0321 0.0 44.0
1.7322631 206.68759 0.0321 0.0 44.0
0.0 202.31313 0.0322 36.0 44.0
0.0 207.01808 0.0322 36.0 44.0
0.0 207.01808 0.0323 0.0 45.0
-1.7322631 211.39255 0.0323 0.0 45.0
0.0 207.01808 0.0324 35.0 45.0
0.0 211.72304 0.0324 35.0 45.0
0.0 211.72304 0.0325 7.0 46.0
-1.7322631 216.0975 0.0325 7.0 46.0
-1.7322631 216.0975 0.0326 0.0 47.0
-1.7322631 220.80246 0.0326 0.0 47.0
-1.7322631 216.0975 0.0327 6.0 47.0
-3.4645262 220.47197 0.0327 6.0 47.0
-3.4645262 220.47197 0.0328 0.0 48.0
-6.6856875 223.90137 0.0328 0.0 48.0
-3.4645262 220.47197 0.0329 5.0 48.0
-5.1967893 224.84644 0.0329 5.0 48.0
-5.1967893 224.84644 0.0330 1.0 49.0
-5.1967893 229.55139 0.0330 1.0 49.0
-5.1967893 229.55139 0.0331 0.0 50.0
-3.4645262 233.92586 0.0331 0.0 50.0
-5.1967893 229.55139 0.0332 0.0 50.0
-5.1967893 234.25635 0.0332 0.0 50.0
-5.1967893 234.25635 0.0333 0.0 51.0
-6.9290524 238.63081 0.0333 0.0 51.0
-5.1967893 234.25635 0.0334 0.0 51.0
-5.1967893 238.9613 0.0334 0.0 51.0
-5.1967893 224.84644 0.0335 4.0 49.0
-6.9290524 229.2209 0.0335 4.0 49.0
-6.9290524 229.2209 0.0336 0.0 50.0
-6.9290524 233.92586 0.0336 0.0 50.0
-6.9290524 229.2209 0.0337 3.0 50.0
-8.661316 233.59537 0.0337 3.0 50.0
-8.661316 233.59537 0.0338 0.0 51.0
-11.882477 237.02477 0.0338 0.0 51.0
-8.661316 233.59537 0.0339 2.0 51.0
-10.3935795 237.96983 0.0339 2.0 51.0
-10.3935795 237.96983 0.0340 1.0 52.0
-10.3935795 242.67479 0.0340 1.0 52.0
-10.3935795 242.67479 0.0341 0.0 53.0
-8.661316 247.04926 0.0341 0.0 53.0
-10.3935795 242.67479 0.0342 0.0 53.0
-10.3935795 247.37975 0.0342 0.0 53.0
-10.3935795 247.37975 0.0343 0.0 54.0
-12.125843 251.75421 0.0343 0.0 54.0
-10.3935795 247.37975 0.0344 0.0 54.0
-10.3935795 252.0847 0.0344 0.0 54.0
-10.3935795 237.96983 0.0345 1.0 52.0
-12.125843 242.3443 0.0345 1.0 52.0
-12.125843 242.3443 0.0346 0.0 53.0
-12.125843 247.04926 0.0346 0.0 53.0
-12.125843 242.3443 0.0347 0.0 53.0
-13.858107 246.71877 0.0347 0.0 53.0
-13.858107 246.71877 0.0348 0.0 54.0
-17.079268 250.14816 0.0348 0.0 54.0
-13.858107 246.71877 0.0349 0.0 54.0
-15.59037 251.09323 0.0349 0.0 54.0
0.0 211.72304 0.0350 34.0 46.0
0.0 216.428 0.0350 34.0 46.0
0.0 216.428 0.0351 0.0 47.0
1.7322631 220.80246 0.0351 0.0 47.0
0.0 216.428 0.0352 33.0 47.0
0.0 221.13295 0.0352 33.0 47.0
0.0 221.13295 0.0353 0.0 48.0
-1.7322631 225.50742 0.0353 0.0 48.0
0.0 221.13295 0.0354 32.0 48.0
0.0 225.8379 0.0354 32.0 48.0
0.0 225.8379 0.0355 1.0 49.0
1.7322631 230.21237 0.0355 1.0 49.0
1.7322631 230.21237 0.0356 0.0 50.0
4.9534245 233.64177 0.0356 0.0 50.0
1.7322631 230.21237 0.0357 0.0 50.0
3.4645262 234.58684 0.0357 0.0 50.0
3.4645262 234.58684 0.0358 0.0 51.0
3.4645262 239.2918 0.0358 0.0 51.0
3.4645262 234.58684 0.0359 0.0 51.0
5.1967893 238.9613 0.0359 0.0 51.0
0.0 225.8379 0.0360 31.0 49.0
0.0 230.54286 0.0360 31.0 49.0
0.0 230.54286 0.0361 0.0 50.0
1.7322631 234.91733 0.0361 0.0 50.0
0.0 230.54286 0.0362 30.0 50.0
0.0 235.24782 0.0362 30.0 50.0
0.0 235.24782 0.0363 0.0 51.0
-1.7322631 239.62228 0.0363 0.0 51.0
0.0 235.24782 0.0364 29.0 51.0
0.0 239.95277 0.0364 29.0 51.0
0.0 239.95277 0.0365 1.0 52.0
1.7322631 244.32724 0.0365 1.0 52.0
1.7322631 244.32724 0.0366 0.0 53.0
4.9534245 247.75664 0.0366 0.0 53.0
1.7322631 244.32724 0.0367 0.0 53.0
3.4645262 248.7017 0.0367 0.0 53.0
3.4645262 248.7017 0.0368 0.0 54.0
3.4645262 253.40666 0.0368 0.0 54.0
3.4645262 248.7017 0.0369 0.0 54.0
5.1967893 253.07617 0.0369 0.0 54.0
0.0 239.95277 0.0370 28.0 52.0
0.0 244.65773 0.0370 28.0 52.0
0.0 244.65773 0.0371 0.0 53.0
1.7322631 249.0322 0.0371 0.0 53.0
0.0 244.65773 0.0372 27.0 53.0
0.0 249.36269 0.0372 27.0 53.0
0.0 249.36269 0.0373 0.0 54.0
-1.7322631 253.73715 0.0373 0.0 54.0
0.0 249.36269 0.0374 26.0 54.0
0.0 254.06764 0.0374 26.0 54.0
0.0 254.06764 0.0375 25.0 55.0
1.7322631 258.4421 0.0375 25.0 55.0
1.7322631 258.4421 0.0376 0.0 56.0
4.9534245 261.8715 0.0376 0.0 56.0
1.7322631 258.4421 0.0377 24.0 56.0
3.4645262 262.81656 0.0377 24.0 56.0
3.4645262 262.81656 0.0378 0.0 57.0
3.4645262 267.5215 0.0378 0.0 57.0
3.4645262 262.81656 0.0379 23.0 57.0
5.1967893 267.191 0.0379 23.0 57.0
5.1967893 267.191 0.0380 1.0 58.0
8.417951 270.6204 0.0380 1.0 58.0
8.417951 270.6204 0.0381 0.0 59.0
12.67547 272.62292 0.0381 0.0 59.0
8.417951 270.6204 0.0382 0.0 59.0
11.639112 274.04977 0.0382 0.0 59.0
11.639112 274.04977 0.0383 0.0 60.0
13.371376 278.42422 0.0383 0.0 60.0
11.639112 274.04977 0.0384 0.0 60.0
14.860273 277.47916 0.0384 0.0 60.0
5.1967893 267.191 0.0385 22.0 58.0
6.9290524 271.56546 0.0385 22.0 58.0
6.9290524 271.56546 0.0386 0.0 59.0
10.150213 274.99484 0.0386 0.0 59.0
6.9290524 271.56546 0.0387 21.0 59.0
8.661316 275.9399 0.0387 21.0 59.0
8.661316 275.9399 0.0388 0.0 60.0
8.661316 280.64487 0.0388 0.0 60.0
8.661316 275.9399 0.0389 20.0 60.0
10.3935795 280.31436 0.0389 20.0 60.0
10.3935795 280.31436 0.0390 1.0 61.0
13.61474 283.74374 0.0390 1.0 61.0
13.61474 283.74374 0.0391 0.0 62.0
17.872261 285.74628 0.0391 0.0 62.0
13.61474 283.74374 0.0392 0.0 62.0
16.835901 287.17313 0.0392 0.0 62.0
16.835901 287.17313 0.0393 0.0 63.0
18.568165 291.54758 0.0393 0.0 63.0
16.835901 287.17313 0.0394 0.0 63.0
20.057062 290.6025 0.0394 0.0 63.0
10.3935795 280.31436 0.0395 19.0 61.0
12.125843 284.6888 0.0395 19.0 61.0
12.125843 284.6888 0.0396 0.0 62.0
15.347004 288.1182 0.0396 0.0 62.0
12.125843 284.6888 0.0397 18.0 62.0
13.858107 289.06326 0.0397 18.0 62.0
13.858107 289.06326 0.0398 0.0 63.0
13.858107 293.76822 0.0398 0.0 63.0
13.858107 289.06326 0.0399 17.0 63.0
15.59037 293.4377 0.0399 17.0 63.0
15.59037 293.4377 0.0400 7.0 64.0
18.811531 296.8671 0.0400 7.0 64.0
18.811531 296.8671 0.0401 0.0 65.0
23.069052 298.86963 0.0401 0.0 65.0
18.811531 296.8671 0.0402 6.0 65.0
22.032692 300.29648 0.0402 6.0 65.0
22.032692 300.29648 0.0403 0.0 66.0
23.764956 304.67093 0.0403 0.0 66.0
22.032692 300.29648 0.0404 5.0 66.0
25.253853 303.72586 0.0404 5.0 66.0
25.253853 303.72586 0.0405 1.0 67.0
29.511374 305.7284 0.0405 1.0 67.0
29.511374 305.7284 0.0406 0.0 68.0
34.207115 306.02274 0.0406 0.0 68.0
29.511374 305.7284 0.0407 0.0 68.0
33.768894 307.73093 0.0407 0.0 68.0
33.768894 307.73093 0.0408 0.0 69.0
36.990055 311.1603 0.0408 0.0 69.0
33.768894 307.73093 0.0409 0.0 69.0
38.026413 309.73346 0.0409 0.0 69.0
25.253853 303.72586 0.0410 4.0 67.0
28.475014 307.15524 0.0410 4.0 67.0
28.475014 307.15524 0.0411 0.0 68.0
32.732533 309.15778 0.0411 0.0 68.0
28.475014 307.15524 0.0412 3.0 68.0
31.696175 310.58463 0.0412 3.0 68.0
31.696175 310.58463 0.0413 0.0 69.0
33.428436 314.95908 0.0413 0.0 69.0
31.696175 310.58463 0.0414 2.0 69.0
34.917336 314.014 0.0414 2.0 69.0
34.917336 314.014 0.0415 1.0 70.0
39.174854 316.01654 0.0415 1.0 70.0
39.174854 316.01654 0.0416 0.0 71.0
43.870598 316.31088 0.0416 0.0 71.0
39.174854 316.01654 0.0417 0.0 71.0
43.432373 318.01907 0.0417 0.0 71.0
43.432373 318.01907 0.0418 0.0 72.0
46.653534 321.44846 0.0418 0.0 72.0
43.432373 318.01907 0.0419 0.0 72.0
47.68989 320.0216 0.0419 0.0 72.0
34.917336 314.014 0.0420 1.0 70.0
38.138496 317.4434 0.0420 1.0 70.0
38.138496 317.4434 0.0421 0.0 71.0
42.396015 319.44592 0.0421 0.0 71.0
38.138496 317.4434 0.0422 0.0 71.0
41.359657 320.87277 0.0422 0.0 71.0
41.359657 320.87277 0.0423 0.0 72.0
43.09192 325.24722 0.0423 0.0 72.0
41.359657 320.87277 0.0424 0.0 72.0
44.58082 324.30215 0.0424 0.0 72.0
15.59037 293.4377 0.0425 16.0 64.0
17.322634 297.81216 0.0425 16.0 64.0
17.322634 297.81216 0.0426 0.0 65.0
20.543795 301.24155 0.0426 0.0 65.0
17.322634 297.81216 0.0427 15.0 65.0
19.054897 302.1866 0.0427 15.0 65.0
19.054897 302.1866 0.0428 0.0 66.0
19.054897 306.89157 0.0428 0.0 66.0
19.054897 302.1866 0.0429 14.0 66.0
20.78716 306.56107 0.0429 14.0 66.0
20.78716 306.56107 0.0430 1.0 67.0
24.008322 309.99045 0.0430 1.0 67.0
24.008322 309.99045 0.0431 0.0 68.0
28.265842 311.99298 0.0431 0.0 68.0
24.008322 309.99045 0.0432 0.0 68.0
27.229483 313.41983 0.0432 0.0 68.0
27.229483 313.41983 0.0433 0.0 69.0
28.961746 317.79428 0.0433 0.0 69.0
27.229483 313.41983 0.0434 0.0 69.0
30.450644 316.8492 0.0434 0.0 69.0
20.78716 306.56107 0.0435 13.0 67.0
22.519424 310.93552 0.0435 13.0 67.0
22.519424 310.93552 0.0436 0.0 68.0
25.740585 314.3649 0.0436 0.0 68.0
22.519424 310.93552 0.0437 12.0 68.0
24.251688 315.30997 0.0437 12.0 68.0
24.251688 315.30997 0.0438 0.0 69.0
24.251688 320.01492 0.0438 0.0 69.0
24.251688 315.30997 0.0439 11.0 69.0
25.983952 319.68442 0.0439 11.0 69.0
25.983952 319.68442 0.0440 1.0 70.0
29.205112 323.1138 0.0440 1.0 70.0
29.205112 323.1138 0.0441 0.0 71.0
33.46263 325.11633 0.0441 0.0 71.0
29.205112 323.1138 0.0442 0.0 71.0
32.426273 326.54318 0.0442 0.0 71.0
32.426273 326.54318 0.0443 0.0 72.0
34.158535 330.91763 0.0443 0.0 72.0
32.426273 326.54318 0.0444 0.0 72.0
35.647434 329.97256 0.0444 0.0 72.0
25.983952 319.68442 0.0445 10.0 70.0
27.716215 324.05887 0.0445 10.0 70.0
27.716215 324.05887 0.0446 0.0 71.0
30.937376 327.48825 0.0446 0.0 71.0
27.716215 324.05887 0.0447 9.0 71.0
29.448479 328.43332 0.0447 9.0 71.0
29.448479 328.43332 0.0448 0.0 72.0
29.448479 333.13828 0.0448 0.0 72.0
29.448479 328.43332 0.0449 8.0 72.0
31.180742 332.80777 0.0449 8.0 72.0
31.180742 332.80777 0.0450 7.0 73.0
31.180742 337.51273 0.0450 7.0 73.0
31.180742 337.51273 0.0451 0.0 74.0
32.913006 341.88718 0.0451 0.0 74.0
31.180742 337.51273 0.0452 6.0 74.0
31.180742 342.21768 0.0452 6.0 74.0
31.180742 342.21768 0.0453 0.0 75.0
29.448479 346.59213 0.0453 0.0 75.0
31.180742 342.21768 0.0454 5.0 75.0
31.180742 346.92264 0.0454 5.0 75.0
31.180742 346.92264 0.0455 1.0 76.0
32.913006 351.2971 0.0455 1.0 76.0
32.913006 351.2971 0.0456 0.0 77.0
36.134167 354.72647 0.0456 0.0 77.0
32.913006 351.2971 0.0457 0.0 77.0
34.645267 355.67154 0.0457 0.0 77.0
34.645267 355.67154 0.0458 0.0 78.0
34.645267 360.3765 0.0458 0.0 78.0
34.645267 355.67154 0.0459 0.0 78.0
36.37753 360.046 0.0459 0.0 78.0
31.180742 346.92264 0.0460 4.0 76.0
31.180742 351.6276 0.0460 4.0 76.0
31.180742 351.6276 0.0461 0.0 77.0
32.913006 356.00204 0.0461 0.0 77.0
31.180742 351.6276 0.0462 3.0 77.0
31.180742 356.33255 0.0462 3.0 77.0
31.180742 356.33255 0.0463 0.0 78.0
29.448479 360.707 0.0463 0.0 78.0
31.180742 356.33255 0.0464 2.0 78.0
31.180742 361.0375 0.0464 2.0 78.0
31.180742 361.0375 0.0465 1.0 79.0
32.913006 365.41196 0.0465 1.0 79.0
32.913006 365.41196 0.0466 0.0 80.0
36.134167 368.84134 0.0466 0.0 80.0
32.913006 365.41196 0.0467 0.0 80.0
34.645267 369.7864 0.0467 0.0 80.0
34.645267 369.7864 0.0468 0.0 81.0
34.645267 374.49136 0.0468 0.0 81.0
34.645267 369.7864 0.0469 0.0 81.0
36.37753 374.16086 0.0469 0.0 81.0
31.180742 361.0375 0.0470 1.0 79.0
31.180742 365.74246 0.0470 1.0 79.0
31.180742 365.74246 0.0471 0.0 80.0
32.913006 370.1169 0.0471 0.0 80.0
31.180742 365.74246 0.0472 0.0 80.0
31.180742 370.44742 0.0472 0.0 80.0
31.180742 370.44742 0.0473 0.0 81.0
29.448479 374.82187 0.0473 0.0 81.0
31.180742 370.44742 0.0474 0.0 81.0
31.180742 375.15237 0.0474 0.0 81.0
31.180742 332.80777 0.0475 7.0 73.0
32.913006 337.18222 0.0475 7.0 73.0
32.913006 337.18222 0.0476 0.0 74.0
36.134167 340.6116 0.0476 0.0 74.0
32.913006 337.18222 0.0477 6.0 74.0
34.645267 341.55667 0.0477 6.0 74.0
34.645267 341.55667 0.0478 0.0 75.0
34.645267 346.26163 0.0478 0.0 75.0
34.645267 341.55667 0.0479 5.0 75.0
36.37753 345.93112 0.0479 5.0 75.0
36.37753 345.93112 0.0480 1.0 76.0
39.59869 349.3605 0.0480 1.0 76.0
39.59869 349.3605 0.0481 0.0 77.0
43.85621 351.36304 0.0481 0.0 77.0
39.59869 349.3605 0.0482 0.0 77.0
42.81985 352.7899 0.0482 0.0 77.0
42.81985 352.7899 0.0483 0.0 78.0
44.552113 357.16434 0.0483 0.0 78.0
42.81985 352.7899 0.0484 0.0 78.0
46.04101 356.21927 0.0484 0.0 78.0
36.37753 345.93112 0.0485 4.0 76.0
38.10979 350.30557 0.0485 4.0 76.0
38.10979 350.30557 0.0486 0.0 77.0
41.33095 353.73495 0.0486 0.0 77.0
38.10979 350.30557 0.0487 3.0 77.0
39.842052 354.68002 0.0487 3.0 77.0
39.842052 354.68002 0.0488 0.0 78.0
39.842052 359.38498 0.0488 0.0 78.0
39.842052 354.68002 0.0489 2.0 78.0
41.574314 359.05447 0.0489 2.0 78.0
41.574314 359.05447 0.0490 1.0 79.0
44.795475 362.48386 0.0490 1.0 79.0
44.795475 362.48386 0.0491 0.0 80.0
49.052994 364.4864 0.0491 0.0 80.0
44.795475 362.48386 0.0492 0.0 80.0
48.016636 365.91324 0.0492 0.0 80.0
48.016636 365.91324 0.0493 0.0 81.0
49.748898 370.2877 0.0493 0.0 81.0
48.016636 365.91324 0.0494 0.0 81.0
51.237797 369.34262 0.0494 0.0 81.0
41.574314 359.05447 0.0495 1.0 79.0
43.306576 363.42892 0.0495 1.0 79.0
43.306576 363.42892 0.0496 0.0 80.0
46.527737 366.8583 0.0496 0.0 80.0
43.306576 363.42892 0.0497 0.0 80.0
45.038837 367.80338 0.0497 0.0 80.0
45.038837 367.80338 0.0498 0.0 81.0
45.038837 372.50833 0.0498 0.0 81.0
45.038837 367.80338 0.0499 0.0 81.0
46.7711 372.17783 0.0499 0.0 81.0
0.0 254.06764 0.0500 25.0 55.0
0.0 258.7726 0.0500 25.0 55.0
0.0 258.7726 0.0501 0.0 56.0
1.7322631 263.14706 0.0501 0.0 56.0
0.0 258.7726 0.0502 24.0 56.0
0.0 263.47757 0.0502 24.0 56.0
0.0 263.47757 0.0503 0.0 57.0
-1.7322631 267.85202 0.0503 0.0 57.0
0.0 263.47757 0.0504 23.0 57.0
0.0 268.18253 0.0504 23.0 57.0
0.0 268.18253 0.0505 1.0 58.0
1.7322631 272.55698 0.0505 1.0 58.0
1.7322631 272.55698 0.0506 0.0 59.0
4.9534245 275.98636 0.0506 0.0 59.0
1.7322631 272.55698 0.0507 0.0 59.0
3.4645262 276.93143 0.0507 0.0 59.0
3.4645262 276.93143 0.0508 0.0 60.0
3.4645262 281.63638 0.0508 0.0 60.0
3.4645262 276.93143 0.0509 0.0 60.0
5.1967893 281.30588 0.0509 0.0 60.0
0.0 268.18253 0.0510 22.0 58.0
0.0 272.88748 0.0510 22.0 58.0
0.0 272.88748 0.0511 0.0 59.0
1.7322631 277.26193 0.0511 0.0 59.0
0.0 272.88748 0.0512 21.0 59.0
0.0 277.59244 0.0512 21.0 59.0
0.0 277.59244 0.0513 0.0 60.0
-1.7322631 281.9669 0.0513 0.0 60.0
0.0 277.59244 0.0514 20.0 60.0
0.0 282.2974 0.0514 20.0 60.0
0.0 282.2974 0.0515 1.0 61.0
1.7322631 286.67184 0.0515 1.0 61.0
1.7322631 286.67184 0.0516 0.0 62.0
4.9534245 290.10123 0.0516 0.0 62.0
1.7322631 286.67184 0.0517 0.0 62.0
3.4645262 291.0463 0.0517 0.0 62.0
3.4645262 291.0463 0.0518 0.0 63.0
3.4645262 295.75125 0.0518 0.0 63.0
3.4645262 291.0463 0.0519 0.0 63.0
5.1967893 295.42075 0.0519 0.0 63.0
0.0 282.2974 0.0520 19.0 61.0
0.0 287.00235 0.0520 19.0 61.0
0.0 287.00235 0.0521 0.0 62.0
1.7322631 291.3768 0.0521 0.0 62.0
0.0 287.00235 0.0522 18.0 62.0
0.0 291.7073 0.0522 18.0 62.0
0.0 291.7073 0.0523 0.0 63.0
-1.7322631 296.08176 0.0523 0.0 63.0
0.0 291.7073 0.0524 17.0 63.0
0.0 296.41226 0.0524 17.0 63.0
0.0 296.41226 0.0525 7.0 64.0
1.7322631 300.7867 0.0525 7.0 64.0
1.7322631 300.7867 0.0526 0.0 65.0
4.9534245 304.2161 0.0526 0.0 65.0
1.7322631 300.7867 0.0527 6.0 65.0
3.4645262 305.16116 0.0527 6.0 65.0
3.4645262 305.16116 0.0528 0.0 66.0
3.4645262 309.86612 0.0528 0.0 66.0
3.4645262 305.16116 0.0529 5.0 66.0
5.1967893 309.5356 0.0529 5.0 66.0
5.1967893 309.5356 0.0530 1.0 67.0
8.417951 312.965 0.0530 1.0 67.0
8.417951 312.965 0.0531 0.0 68.0
12.67547 314.96753 0.0531 0.0 68.0
8.417951 312.965 0.0532 0.0 68.0
11.639112 316.39438 0.0532 0.0 68.0
11.639112 316.39438 0.0533 0.0 69.0
13.371376 320.76883 0.0533 0.0 69.0
11.639112 316.39438 0.0534 0.0 69.0
14.860273 319.82376 0.0534 0.0 69.0
5.1967893 309.5356 0.0535 4.0 67.0
6.9290524 313.91006 0.0535 4.0 67.0
6.9290524 313.91006 0.0536 0.0 68.0
10.150213 317.33945 0.0536 0.0 68.0
6.9290524 313.91006 0.0537 3.0 68.0
8.661316 318.28452 0.0537 3.0 68.0
8.661316 318.28452 0.0538 0.0 69.0
8.661316 322.98947 0.0538 0.0 69.0
8.661316 318.28452 0.0539 2.0 69.0
10.3935795 322.65897 0.0539 2.0 69.0
10.3935795 322.65897 0.0540 1.0 70.0
13.61474 326.08835 0.0540 1.0 70.0
13.61474 326.08835 0.0541 0.0 71.0
17.872261 328.09088 0.0541 0.0 71.0
13.61474 326.08835 0.0542 0.0 71.0
16.835901 329.51773 0.0542 0.0 71.0
16.835901 329.51773 0.0543 0.0 72.0
18.568165 333.89218 0.0543 0.0 72.0
16.835901 329.51773 0.0544 0.0 72.0
20.057062 332.9471 0.0544 0.0 72.0
10.3935795 322.65897 0.0545 1.0 70.0
12.125843 327.03342 0.0545 1.0 70.0
12.125843 327.03342 0.0546 0.0 71.0
15.347004 330.4628 0.0546 0.0 71.0
12.125843 327.03342 0.0547 0.0 71.0
13.858107 331.40787 0.0547 0.0 71.0
13.858107 331.40787 0.0548 0.0 72.0
13.858107 336.11282 0.0548 0.0 72.0
13.858107 331.40787 0.0549 0.0 72.0
15.59037 335.78232 0.0549 0.0 72.0
0.0 296.41226 0.0550 16.0 64.0
0.0 301.11722 0.0550 16.0 64.0
0.0 301.11722 0.0551 0.0 65.0
1.7322631 305.49167 0.0551 0.0 65.0
0.0 301.11722 0.0552 15.0 65.0
0.0 305.82217 0.0552 15.0 65.0
0.0 305.82217 0.0553 0.0 66.0
-1.7322631 310.19662 0.0553 0.0 66.0
0.0 305.82217 0.0554 14.0 66.0
0.0 310.52713 0.0554 14.0 66.0
0.0 310.52713 0.0555 1.0 67.0
1.7322631 314.90158 0.0555 1.0 67.0
1.7322631 314.90158 0.0556 0.0 68.0
4.9534245 318.33096 0.0556 0.0 68.0
1.7322631 314.90158 0.0557 0.0 68.0
3.4645262 319.27603 0.0557 0.0 68.0
3.4645262 319.27603 0.0558 0.0 69.0
3.4645262 323.981 0.0558 0.0 69.0
3.4645262 319.27603 0.0559 0.0 69.0
5.1967893 323.65048 0.0559 0.0 69.0
0.0 310.52713 0.0560 13.0 67.0
0.0 315.2321 0.0560 13.0 67.0
0.0 315.2321 0.0561 0.0 68.0
1.7322631 319.60654 0.0561 0.0 68.0
0.0 315.2321 0.0562 12.0 68.0
0.0 319.93704 0.0562 12.0 68.0
0.0 319.93704 0.0563 0.0 69.0
-1.7322631 324.3115 0.0563 0.0 69.0
0.0 319.93704 0.0564 11.0 69.0
0.0 324.642 0.0564 11.0 69.0
0.0 324.642 0.0565 1.0 70.0
1.7322631 329.01645 0.0565 1.0 70.0
1.7322631 329.01645 0.0566 0.0 71.0
4.9534245 332.44583 0.0566 0.0 71.0
1.7322631 329.01645 0.0567 0.0 71.0
3.4645262 333.3909 0.0567 0.0 71.0
3.4645262 333.3909 0.0568 0.0 72.0
3.4645262 338.09586 0.0568 0.0 72.0
3.4645262 333.3909 0.0569 0.0 72.0
5.1967893 337.76535 0.0569 0.0 72.0
0.0 324.642 0.0570 10.0 70.0
0.0 329.34695 0.0570 10.0 70.0
0.0 329.34695 0.0571 0.0 71.0
1.7322631 333.7214 0.0571 0.0 71.0
0.0 329.34695 0.0572 9.0 71.0
0.0 334.0519 0.0572 9.0 71.0
0.0 334.0519 0.0573 0.0 72.0
-1.7322631 338.42636 0.0573 0.0 72.0
0.0 334.0519 0.0574 8.0 72.0
0.0 338.75687 0.0574 8.0 72.0
0.0 338.75687 0.0575 7.0 73.0
-1.7322631 343.13132 0.0575 7.0 73.0
-1.7322631 343.13132 0.0576 0.0 74.0
-1.7322631 347.83627 0.0576 0.0 74.0
-1.7322631 343.13132 0.0577 6.0 74.0
-3.4645262 347.50577 0.0577 6.0 74.0
-3.4645262 347.50577 0.0578 0.0 75.0
-6.6856875 350.93515 0.0578 0.0 75.0
-3.4645262 347.50577 0.0579 5.0 75.0
-5.1967893 351.88022 0.0579 5.0 75.0
-5.1967893 351.88022 0.0580 1.0 76.0
-5.1967893 356.58517 0.0580 1.0 76.0
-5.1967893 356.58517 0.0581 0.0 77.0
-3.4645262 360.95963 0.0581 0.0 77.0
-5.1967893 356.58517 0.0582 0.0 77.0
-5.1967893 361.29013 0.0582 0.0 77.0
-5.1967893 361.29013 0.0583 0.0 78.0
-6.9290524 365.66458 0.0583 0.0 78.0
-5.1967893 361.29013 0.0584 0.0 78.0
-5.1967893 365.9951 0.0584 0.0 78.0
-5.1967893 351.88022 0.0585 4.0 76.0
-6.9290524 356.25467 0.0585 4.0 76.0
-6.9290524 356.25467 0.0586 0.0 77.0
-6.9290524 360.95963 0.0586 0.0 77.0
-6.9290524 356.25467 0.0587 3.0 77.0
-8.661316 360.62912 0.0587 3.0 77.0
-8.661316 360.62912 0.0588 0.0 78.0
-11.882477 364.0585 0.0588 0.0 78.0
-8.661316 360.62912 0.0589 2.0 78.0
-10.3935795 365.00357 0.0589 2.0 78.0
-10.3935795 365.00357 0.0590 1.0 79.0
-10.3935795 369.70853 0.0590 1.0 79.0
-10.3935795 369.70853 0.0591 0.0 80.0
-8.661316 374.08298 0.0591 0.0 80.0
-10.3935795 369.70853 0.0592 0.0 80.0
-10.3935795 374.41348 0.0592 0.0 80.0
-10.3935795 374.41348 0.0593 0.0 81.0
-12.125843 378.78793 0.0593 0.0 81.0
-10.3935795 374.41348 0.0594 0.0 81.0
-10.3935795 379.11844 0.0594 0.0 81.0
-10.3935795 365.00357 0.0595 1.0 79.0
-12.125843 369.37802 0.0595 1.0 79.0
-12.125843 369.37802 0.0596 0.0 80.0
-12.125843 374.08298 0.0596 0.0 80.0
-12.125843 369.37802 0.0597 0.0 80.0
-13.858107 373.75247 0.0597 0.0 80.0
-13.858107 373.75247 0.0598 0.0 81.0
-17.079268 377.18185 0.0598 0.0 81.0
-13.858107 373.75247 0.0599 0.0 81.0
-15.59037 378.12692 0.0599 0.0 81.0
0.0 338.75687 0.0600 7.0 73.0
0.0 343.46182 0.0600 7.0 73.0
0.0 343.46182 0.0601 0.0 74.0
1.7322631 347.83627 0.0601 0.0 74.0
0.0 343.46182 0.0602 6.0 74.0
0.0 348.16678 0.0602 6.0 74.0
0.0 348.16678 0.0603 0.0 75.0
-1.7322631 352.54123 0.0603 0.0 75.0
0.0 348.16678 0.0604 5.0 75.0
0.0 352.87173 0.0604 5.0 75.0
0.0 352.87173 0.0605 1.0 76.0
1.7322631 357.2462 0.0605 1.0 76.0
1.7322631 357.2462 0.0606 0.0 77.0
4.9534245 360.67557 0.0606 0.0 77.0
1.7322631 357.2462 0.0607 0.0 77.0
3.4645262 361.62064 0.0607 0.0 77.0
3.4645262 361.62064 0.0608 0.0 78.0
3.4645262 366.3256 0.0608 0.0 78.0
3.4645262 361.62064 0.0609 0.0 78.0
5.1967893 365.9951 0.0609 0.0 78.0
0.0 352.87173 0.0610 4.0 76.0
0.0 357.5767 0.0610 4.0 76.0
0.0 357.5767 0.0611 0.0 77.0
1.7322631 361.95114 0.0611 0.0 77.0
0.0 357.5767 0.0612 3.0 77.0
0.0 362.28165 0.0612 3.0 77.0
0.0 362.28165 0.0613 0.0 78.0
-1.7322631 366.6561 0.0613 0.0 78.0
0.0 362.28165 0.0614 2.0 78.0
0.0 366.9866 0.0614 2.0 78.0
0.0 366.9866 0.0615 1.0 79.0
1.7322631 371.36105 0.0615 1.0 79.0
1.7322631 371.36105 0.0616 0.0 80.0
4.9534245 374.79044 0.0616 0.0 80.0
1.7322631 371.36105 0.0617 0.0 80.0
3.4645262 375.7355 0.0617 0.0 80.0
3.4645262 375.7355 0.0618 0.0 81.0
3.4645262 380.44046 0.0618 0.0 81.0
3.4645262 375.7355 0.0619 0.0 81.0
5.1967893 380.10995 0.0619 0.0 81.0
0.0 366.9866 0.0620 1.0 79.0
0.0 371.69156 0.0620 1.0 79.0
0.0 371.69156 0.0621 0.0 80.0
1.7322631 376.066 0.0621 0.0 80.0
0.0 371.69156 0.0622 0.0 80.0
0.0 376.3965 0.0622 0.0 80.0
0.0 376.3965 0.0623 0.0 81.0
-1.7322631 380.77097 0.0623 0.0 81.0
0.0 376.3965 0.0624 0.0 81.0
0.0 381.10147 0.0624 0.0 81.0
