0.0 0.0 0.00 79.0 1.0
0.0 4.5453057 0.00 79.0 1.0
0.0 4.5453057 0.01 0.0 2.0
1.3742179 8.877895 0.01 0.0 2.0
0.0 4.5453057 0.02 78.0 2.0
0.0 9.090611 0.02 78.0 2.0
0.0 9.090611 0.03 0.0 3.0
-1.3742179 13.423201 0.03 0.0 3.0
0.0 9.090611 0.04 77.0 3.0
0.0 13.635918 0.04 77.0 3.0
0.0 13.635918 0.05 1.0 4.0
1.3742179 17.968506 0.05 1.0 4.0
1.3742179 17.968506 0.06 0.0 5.0
3.994029 21.682856 0.06 0.0 5.0
1.3742179 17.968506 0.07 0.0 5.0
2.7484357 22.301094 0.07 0.0 5.0
2.7484357 22.301094 0.08 0.0 6.0
2.7484357 26.8464 0.08 0.0 6.0
2.7484357 22.301094 0.09 0.0 6.0
4.1226535 26.633682 0.09 0.0 6.0
0.0 13.635918 0.010 76.0 4.0
0.0 18.181223 0.010 76.0 4.0
0.0 18.181223 0.011 0.0 5.0
1.3742179 22.513813 0.011 0.0 5.0
0.0 18.181223 0.012 75.0 5.0
0.0 22.726528 0.012 75.0 5.0
0.0 22.726528 0.013 0.0 6.0
-1.3742179 27.059116 0.013 0.0 6.0
0.0 22.726528 0.014 74.0 6.0
0.0 27.271833 0.014 74.0 6.0
0.0 27.271833 0.015 1.0 7.0
-1.3742179 31.604424 0.015 1.0 7.0
-1.3742179 31.604424 0.016 0.0 8.0
-1.3742179 36.14973 0.016 0.0 8.0
-1.3742179 31.604424 0.017 0.0 8.0
-2.7484357 35.93701 0.017 0.0 8.0
-2.7484357 35.93701 0.018 0.0 9.0
-5.368247 39.65136 0.018 0.0 9.0
-2.7484357 35.93701 0.019 0.0 9.0
-4.1226535 40.2696 0.019 0.0 9.0
0.0 27.271833 0.020 73.0 7.0
0.0 31.817139 0.020 73.0 7.0
0.0 31.817139 0.021 0.0 8.0
1.3742179 36.149727 0.021 0.0 8.0
0.0 31.817139 0.022 72.0 8.0
0.0 36.362446 0.022 72.0 8.0
0.0 36.362446 0.023 0.0 9.0
-1.3742179 40.695034 0.023 0.0 9.0
0.0 36.362446 0.024 71.0 9.0
0.0 40.907753 0.024 71.0 9.0
0.0 40.907753 0.025 7.0 10.0
1.3742179 45.24034 0.025 7.0 10.0
1.3742179 45.24034 0.026 0.0 11.0
3.994029 48.95469 0.026 0.0 11.0
1.3742179 45.24034 0.027 6.0 11.0
2.7484357 49.57293 0.027 6.0 11.0
2.7484357 49.57293 0.028 0.0 12.0
2.7484357 54.118237 0.028 0.0 12.0
2.7484357 49.57293 0.029 5.0 12.0
4.1226535 53.905518 0.029 5.0 12.0
4.1226535 53.905518 0.030 1.0 13.0
6.742465 57.619865 0.030 1.0 13.0
6.742465 57.619865 0.031 0.0 14.0
10.362659 60.368317 0.031 0.0 14.0
6.742465 57.619865 0.032 0.0 14.0
9.362276 61.334213 0.032 0.0 14.0
9.362276 61.334213 0.033 0.0 15.0
10.736494 65.6668 0.033 0.0 15.0
9.362276 61.334213 0.034 0.0 15.0
11.982087 65.04856 0.034 0.0 15.0
4.1226535 53.905518 0.035 4.0 13.0
5.4968715 58.238106 0.035 4.0 13.0
5.4968715 58.238106 0.036 0.0 14.0
8.116683 61.952454 0.036 0.0 14.0
5.4968715 58.238106 0.037 3.0 14.0
6.8710895 62.570694 0.037 3.0 14.0
6.8710895 62.570694 0.038 0.0 15.0
6.8710895 67.116 0.038 0.0 15.0
6.8710895 62.570694 0.039 2.0 15.0
8.245307 66.90328 0.039 2.0 15.0
8.245307 66.90328 0.040 1.0 16.0
8.245307 71.448586 0.040 1.0 16.0
8.245307 71.448586 0.041 0.0 17.0
9.619525 75.78117 0.041 0.0 17.0
8.245307 71.448586 0.042 0.0 17.0
8.245307 75.99389 0.042 0.0 17.0
8.245307 75.99389 0.043 0.0 18.0
6.871089 80.32648 0.043 0.0 18.0
8.245307 75.99389 0.044 0.0 18.0
8.245307 80.53919 0.044 0.0 18.0
8.245307 66.90328 0.045 1.0 16.0
9.619525 71.23587 0.045 1.0 16.0
9.619525 71.23587 0.046 0.0 17.0
12.239336 74.95022 0.046 0.0 17.0
9.619525 71.23587 0.047 0.0 17.0
10.993743 75.56846 0.047 0.0 17.0
10.993743 75.56846 0.048 0.0 18.0
10.993743 80.11376 0.048 0.0 18.0
10.993743 75.56846 0.049 0.0 18.0
12.367961 79.90105 0.049 0.0 18.0
0.0 40.907753 0.050 70.0 10.0
0.0 45.45306 0.050 70.0 10.0
0.0 45.45306 0.051 0.0 11.0
1.3742179 49.78565 0.051 0.0 11.0
0.0 45.45306 0.052 69.0 11.0
0.0 49.998367 0.052 69.0 11.0
0.0 49.998367 0.053 0.0 12.0
-1.3742179 54.330956 0.053 0.0 12.0
0.0 49.998367 0.054 68.0 12.0
0.0 54.543674 0.054 68.0 12.0
0.0 54.543674 0.055 1.0 13.0
1.3742179 58.876263 0.055 1.0 13.0
1.3742179 58.876263 0.056 0.0 14.0
3.994029 62.590614 0.056 0.0 14.0
1.3742179 58.876263 0.057 0.0 14.0
2.7484357 63.20885 0.057 0.0 14.0
2.7484357 63.20885 0.058 0.0 15.0
2.7484357 67.75416 0.058 0.0 15.0
2.7484357 63.20885 0.059 0.0 15.0
4.1226535 67.54144 0.059 0.0 15.0
0.0 54.543674 0.060 67.0 13.0
0.0 59.08898 0.060 67.0 13.0
0.0 59.08898 0.061 0.0 14.0
1.3742179 63.42157 0.061 0.0 14.0
0.0 59.08898 0.062 66.0 14.0
0.0 63.63429 0.062 66.0 14.0
0.0 63.63429 0.063 0.0 15.0
-1.3742179 67.96688 0.063 0.0 15.0
0.0 63.63429 0.064 65.0 15.0
0.0 68.179596 0.064 65.0 15.0
0.0 68.179596 0.065 1.0 16.0
-1.3742179 72.512184 0.065 1.0 16.0
-1.3742179 72.512184 0.066 0.0 17.0
-1.3742179 77.05749 0.066 0.0 17.0
-1.3742179 72.512184 0.067 0.0 17.0
-2.7484357 76.84477 0.067 0.0 17.0
-2.7484357 76.84477 0.068 0.0 18.0
-5.368247 80.55912 0.068 0.0 18.0
-2.7484357 76.84477 0.069 0.0 18.0
-4.1226535 81.17736 0.069 0.0 18.0
0.0 68.179596 0.070 64.0 16.0
0.0 72.7249 0.070 64.0 16.0
0.0 72.7249 0.071 0.0 17.0
1.3742179 77.05749 0.071 0.0 17.0
0.0 72.7249 0.072 63.0 17.0
0.0 77.2702 0.072 63.0 17.0
0.0 77.2702 0.073 0.0 18.0
-1.3742179 81.60279 0.073 0.0 18.0
0.0 77.2702 0.074 62.0 18.0
0.0 81.815506 0.074 62.0 18.0
0.0 81.815506 0.075 7.0 19.0
-1.3742179 86.148094 0.075 7.0 19.0
-1.3742179 86.148094 0.076 0.0 20.0
-1.3742179 90.6934 0.076 0.0 20.0
-1.3742179 86.148094 0.077 6.0 20.0
-2.7484357 90.48068 0.077 6.0 20.0
-2.7484357 90.48068 0.078 0.0 21.0
-5.368247 94.19503 0.078 0.0 21.0
-2.7484357 90.48068 0.079 5.0 21.0
-4.1226535 94.81327 0.079 5.0 21.0
-4.1226535 94.81327 0.080 1.0 22.0
-4.1226535 99.358574 0.080 1.0 22.0
-4.1226535 99.358574 0.081 0.0 23.0
-2.7484355 103.69116 0.081 0.0 23.0
-4.1226535 99.358574 0.082 0.0 23.0
-4.1226535 103.90388 0.082 0.0 23.0
-4.1226535 103.90388 0.083 0.0 24.0
-5.4968715 108.236465 0.083 0.0 24.0
-4.1226535 103.90388 0.084 0.0 24.0
-4.1226535 108.44918 0.084 0.0 24.0
-4.1226535 94.81327 0.085 4.0 22.0
-5.4968715 99.14586 0.085 4.0 22.0
-5.4968715 99.14586 0.086 0.0 23.0
-5.4968715 103.69116 0.086 0.0 23.0
-5.4968715 99.14586 0.087 3.0 23.0
-6.8710895 103.47845 0.087 3.0 23.0
-6.8710895 103.47845 0.088 0.0 24.0
-9.490901 107.192795 0.088 0.0 24.0
-6.8710895 103.47845 0.089 2.0 24.0
-8.245307 107.811035 0.089 2.0 24.0
-8.245307 107.811035 0.090 1.0 25.0
-10.865118 111.52538 0.090 1.0 25.0
-10.865118 111.52538 0.091 0.0 26.0
-12.239336 115.85797 0.091 0.0 26.0
-10.865118 111.52538 0.092 0.0 26.0
-13.484929 115.23973 0.092 0.0 26.0
-13.484929 115.23973 0.093 0.0 27.0
-17.105124 117.98818 0.093 0.0 27.0
-13.484929 115.23973 0.094 0.0 27.0
-16.10474 118.95408 0.094 0.0 27.0
-8.245307 107.811035 0.095 1.0 25.0
-9.619525 112.14362 0.095 1.0 25.0
-9.619525 112.14362 0.096 0.0 26.0
-9.619525 116.68893 0.096 0.0 26.0
-9.619525 112.14362 0.097 0.0 26.0
-10.993743 116.47621 0.097 0.0 26.0
-10.993743 116.47621 0.098 0.0 27.0
-13.613554 120.19056 0.098 0.0 27.0
-10.993743 116.47621 0.099 0.0 27.0
-12.367961 120.8088 0.099 0.0 27.0
0.0 81.815506 0.0100 61.0 19.0
0.0 86.36081 0.0100 61.0 19.0
0.0 86.36081 0.0101 0.0 20.0
1.3742179 90.6934 0.0101 0.0 20.0
0.0 86.36081 0.0102 60.0 20.0
0.0 90.90611 0.0102 60.0 20.0
0.0 90.90611 0.0103 0.0 21.0
-1.3742179 95.2387 0.0103 0.0 21.0
0.0 90.90611 0.0104 59.0 21.0
0.0 95.451416 0.0104 59.0 21.0
0.0 95.451416 0.0105 1.0 22.0
1.3742179 99.784004 0.0105 1.0 22.0
1.3742179 99.784004 0.0106 0.0 23.0
3.994029 103.49835 0.0106 0.0 23.0
1.3742179 99.784004 0.0107 0.0 23.0
2.7484357 104.11659 0.0107 0.0 23.0
2.7484357 104.11659 0.0108 0.0 24.0
2.7484357 108.661896 0.0108 0.0 24.0
2.7484357 104.11659 0.0109 0.0 24.0
4.1226535 108.44918 0.0109 0.0 24.0
0.0 95.451416 0.0110 58.0 22.0
0.0 99.99672 0.0110 58.0 22.0
0.0 99.99672 0.0111 0.0 23.0
1.3742179 104.32931 0.0111 0.0 23.0
0.0 99.99672 0.0112 57.0 23.0
0.0 104.54202 0.0112 57.0 23.0
0.0 104.54202 0.0113 0.0 24.0
-1.3742179 108.87461 0.0113 0.0 24.0
0.0 104.54202 0.0114 56.0 24.0
0.0 109.087326 0.0114 56.0 24.0
0.0 109.087326 0.0115 1.0 25.0
-1.3742179 113.419914 0.0115 1.0 25.0
-1.3742179 113.419914 0.0116 0.0 26.0
-1.3742179 117.96522 0.0116 0.0 26.0
-1.3742179 113.419914 0.0117 0.0 26.0
-2.7484357 117.7525 0.0117 0.0 26.0
-2.7484357 117.7525 0.0118 0.0 27.0
-5.368247 121.46685 0.0118 0.0 27.0
-2.7484357 117.7525 0.0119 0.0 27.0
-4.1226535 122.08509 0.0119 0.0 27.0
0.0 109.087326 0.0120 55.0 25.0
0.0 113.63263 0.0120 55.0 25.0
0.0 113.63263 0.0121 0.0 26.0
1.3742179 117.96522 0.0121 0.0 26.0
0.0 113.63263 0.0122 54.0 26.0
0.0 118.17793 0.0122 54.0 26.0
0.0 118.17793 0.0123 0.0 27.0
-1.3742179 122.51052 0.0123 0.0 27.0
0.0 118.17793 0.0124 53.0 27.0
0.0 122.723236 0.0124 53.0 27.0
0.0 122.723236 0.0125 25.0 28.0
-1.3742179 127.055824 0.0125 25.0 28.0
-1.3742179 127.055824 0.0126 0.0 29.0
-1.3742179 131.60114 0.0126 0.0 29.0
-1.3742179 127.055824 0.0127 24.0 29.0
-2.7484357 131.38841 0.0127 24.0 29.0
-2.7484357 131.38841 0.0128 0.0 30.0
-5.368247 135.10277 0.0128 0.0 30.0
-2.7484357 131.38841 0.0129 23.0 30.0
-4.1226535 135.72101 0.0129 23.0 30.0
-4.1226535 135.72101 0.0130 1.0 31.0
-4.1226535 140.26631 0.0130 1.0 31.0
-4.1226535 140.26631 0.0131 0.0 32.0
-2.7484355 144.5989 0.0131 0.0 32.0
-4.1226535 140.26631 0.0132 0.0 32.0
-4.1226535 144.81161 0.0132 0.0 32.0
-4.1226535 144.81161 0.0133 0.0 33.0
-5.4968715 149.14421 0.0133 0.0 33.0
-4.1226535 144.81161 0.0134 0.0 33.0
-4.1226535 149.35692 0.0134 0.0 33.0
-4.1226535 135.72101 0.0135 22.0 31.0
-5.4968715 140.0536 0.0135 22.0 31.0
-5.4968715 140.0536 0.0136 0.0 32.0
-5.4968715 144.5989 0.0136 0.0 32.0
-5.4968715 140.0536 0.0137 21.0 32.0
-6.8710895 144.3862 0.0137 21.0 32.0
-6.8710895 144.3862 0.0138 0.0 33.0
-9.490901 148.10056 0.0138 0.0 33.0
-6.8710895 144.3862 0.0139 20.0 33.0
-8.245307 148.7188 0.0139 20.0 33.0
-8.245307 148.7188 0.0140 1.0 34.0
-10.865118 152.43315 0.0140 1.0 34.0
-10.865118 152.43315 0.0141 0.0 35.0
-12.239336 156.76575 0.0141 0.0 35.0
-10.865118 152.43315 0.0142 0.0 35.0
-13.484929 156.1475 0.0142 0.0 35.0
-13.484929 156.1475 0.0143 0.0 36.0
-17.105124 158.89597 0.0143 0.0 36.0
-13.484929 156.1475 0.0144 0.0 36.0
-16.10474 159.86186 0.0144 0.0 36.0
-8.245307 148.7188 0.0145 19.0 34.0
-9.619525 153.05139 0.0145 19.0 34.0
-9.619525 153.05139 0.0146 0.0 35.0
-9.619525 157.5967 0.0146 0.0 35.0
-9.619525 153.05139 0.0147 18.0 35.0
-10.993743 157.38399 0.0147 18.0 35.0
-10.993743 157.38399 0.0148 0.0 36.0
-13.613554 161.09834 0.0148 0.0 36.0
-10.993743 157.38399 0.0149 17.0 36.0
-12.367961 161.71658 0.0149 17.0 36.0
-12.367961 161.71658 0.0150 7.0 37.0
-12.367961 166.26189 0.0150 7.0 37.0
-12.367961 166.26189 0.0151 0.0 38.0
-10.993743 170.59448 0.0151 0.0 38.0
-12.367961 166.26189 0.0152 6.0 38.0
-12.367961 170.80719 0.0152 6.0 38.0
-12.367961 170.80719 0.0153 0.0 39.0
-13.742179 175.13979 0.0153 0.0 39.0
-12.367961 170.80719 0.0154 5.0 39.0
-12.367961 175.3525 0.0154 5.0 39.0
-12.367961 175.3525 0.0155 1.0 40.0
-10.993743 179.68509 0.0155 1.0 40.0
-10.993743 179.68509 0.0156 0.0 41.0
-8.373932 183.39944 0.0156 0.0 41.0
-10.993743 179.68509 0.0157 0.0 41.0
-9.619525 184.01768 0.0157 0.0 41.0
-9.619525 184.01768 0.0158 0.0 42.0
-9.619525 188.56299 0.0158 0.0 42.0
-9.619525 184.01768 0.0159 0.0 42.0
-8.245307 188.35028 0.0159 0.0 42.0
-12.367961 175.3525 0.0160 4.0 40.0
-12.367961 179.8978 0.0160 4.0 40.0
-12.367961 179.8978 0.0161 0.0 41.0
-10.993743 184.2304 0.0161 0.0 41.0
-12.367961 179.8978 0.0162 3.0 41.0
-12.367961 184.4431 0.0162 3.0 41.0
-12.367961 184.4431 0.0163 0.0 42.0
-13.742179 188.7757 0.0163 0.0 42.0
-12.367961 184.4431 0.0164 2.0 42.0
-12.367961 188.9884 0.0164 2.0 42.0
-12.367961 188.9884 0.0165 1.0 43.0
-13.742179 193.321 0.0165 1.0 43.0
-13.742179 193.321 0.0166 0.0 44.0
-13.742179 197.8663 0.0166 0.0 44.0
-13.742179 193.321 0.0167 0.0 44.0
-15.116397 197.6536 0.0167 0.0 44.0
-15.116397 197.6536 0.0168 0.0 45.0
-17.736208 201.36795 0.0168 0.0 45.0
-15.116397 197.6536 0.0169 0.0 45.0
-16.490614 201.98619 0.0169 0.0 45.0
-12.367961 188.9884 0.0170 1.0 43.0
-12.367961 193.5337 0.0170 1.0 43.0
-12.367961 193.5337 0.0171 0.0 44.0
-10.993743 197.8663 0.0171 0.0 44.0
-12.367961 193.5337 0.0172 0.0 44.0
-12.367961 198.07901 0.0172 0.0 44.0
-12.367961 198.07901 0.0173 0.0 45.0
-13.742179 202.4116 0.0173 0.0 45.0
-12.367961 198.07901 0.0174 0.0 45.0
-12.367961 202.62431 0.0174 0.0 45.0
-12.367961 161.71658 0.0175 16.0 37.0
-13.742179 166.04918 0.0175 16.0 37.0
-13.742179 166.04918 0.0176 0.0 38.0
-13.742179 170.59448 0.0176 0.0 38.0
-13.742179 166.04918 0.0177 15.0 38.0
-15.116397 170.38177 0.0177 15.0 38.0
-15.116397 170.38177 0.0178 0.0 39.0
-17.736208 174.09613 0.0178 0.0 39.0
-15.116397 170.38177 0.0179 14.0 39.0
-16.490614 174.71437 0.0179 14.0 39.0
-16.490614 174.71437 0.0180 1.0 40.0
-16.490614 179.25967 0.0180 1.0 40.0
-16.490614 179.25967 0.0181 0.0 41.0
-15.116396 183.59227 0.0181 0.0 41.0
-16.490614 179.25967 0.0182 0.0 41.0
-16.490614 183.80498 0.0182 0.0 41.0
-16.490614 183.80498 0.0183 0.0 42.0
-17.864832 188.13757 0.0183 0.0 42.0
-16.490614 183.80498 0.0184 0.0 42.0
-16.490614 188.35028 0.0184 0.0 42.0
-16.490614 174.71437 0.0185 13.0 40.0
-17.864832 179.04697 0.0185 13.0 40.0
-17.864832 179.04697 0.0186 0.0 41.0
-17.864832 183.59227 0.0186 0.0 41.0
-17.864832 179.04697 0.0187 12.0 41.0
-19.23905 183.37956 0.0187 12.0 41.0
-19.23905 183.37956 0.0188 0.0 42.0
-21.858862 187.09392 0.0188 0.0 42.0
-19.23905 183.37956 0.0189 11.0 42.0
-20.613268 187.71216 0.0189 11.0 42.0
-20.613268 187.71216 0.0190 1.0 43.0
-23.23308 191.42651 0.0190 1.0 43.0
-23.23308 191.42651 0.0191 0.0 44.0
-24.607298 195.75911 0.0191 0.0 44.0
-23.23308 191.42651 0.0192 0.0 44.0
-25.852892 195.14087 0.0192 0.0 44.0
-25.852892 195.14087 0.0193 0.0 45.0
-29.473087 197.88933 0.0193 0.0 45.0
-25.852892 195.14087 0.0194 0.0 45.0
-28.472704 198.85522 0.0194 0.0 45.0
-20.613268 187.71216 0.0195 10.0 43.0
-21.987486 192.04475 0.0195 10.0 43.0
-21.987486 192.04475 0.0196 0.0 44.0
-21.987486 196.59006 0.0196 0.0 44.0
-21.987486 192.04475 0.0197 9.0 44.0
-23.361704 196.37735 0.0197 9.0 44.0
-23.361704 196.37735 0.0198 0.0 45.0
-25.981516 200.0917 0.0198 0.0 45.0
-23.361704 196.37735 0.0199 8.0 45.0
-24.735922 200.70995 0.0199 8.0 45.0
-24.735922 200.70995 0.0200 7.0 46.0
-27.355734 204.4243 0.0200 7.0 46.0
-27.355734 204.4243 0.0201 0.0 47.0
-28.729952 208.7569 0.0201 0.0 47.0
-27.355734 204.4243 0.0202 6.0 47.0
-29.975546 208.13866 0.0202 6.0 47.0
-29.975546 208.13866 0.0203 0.0 48.0
-33.59574 210.88712 0.0203 0.0 48.0
-29.975546 208.13866 0.0204 5.0 48.0
-32.595356 211.85301 0.0204 5.0 48.0
-32.595356 211.85301 0.0205 1.0 49.0
-33.969574 216.18561 0.0205 1.0 49.0
-33.969574 216.18561 0.0206 0.0 50.0
-33.969574 220.73091 0.0206 0.0 50.0
-33.969574 216.18561 0.0207 0.0 50.0
-35.343792 220.5182 0.0207 0.0 50.0
-35.343792 220.5182 0.0208 0.0 51.0
-37.963604 224.23256 0.0208 0.0 51.0
-35.343792 220.5182 0.0209 0.0 51.0
-36.71801 224.8508 0.0209 0.0 51.0
-32.595356 211.85301 0.0210 4.0 49.0
-35.215168 215.56737 0.0210 4.0 49.0
-35.215168 215.56737 0.0211 0.0 50.0
-36.589386 219.89996 0.0211 0.0 50.0
-35.215168 215.56737 0.0212 3.0 50.0
-37.83498 219.28172 0.0212 3.0 50.0
-37.83498 219.28172 0.0213 0.0 51.0
-41.455173 222.03018 0.0213 0.0 51.0
-37.83498 219.28172 0.0214 2.0 51.0
-40.454792 222.99608 0.0214 2.0 51.0
-40.454792 222.99608 0.0215 1.0 52.0
-44.074986 225.74454 0.0215 1.0 52.0
-44.074986 225.74454 0.0216 0.0 53.0
-46.694798 229.4589 0.0216 0.0 53.0
-44.074986 225.74454 0.0217 0.0 53.0
-47.69518 228.493 0.0217 0.0 53.0
-47.69518 228.493 0.0218 0.0 54.0
-51.976913 230.0183 0.0218 0.0 54.0
-47.69518 228.493 0.0219 0.0 54.0
-51.315372 231.24146 0.0219 0.0 54.0
-40.454792 222.99608 0.0220 1.0 52.0
-43.074604 226.71043 0.0220 1.0 52.0
-43.074604 226.71043 0.0221 0.0 53.0
-44.448822 231.04303 0.0221 0.0 53.0
-43.074604 226.71043 0.0222 0.0 53.0
-45.694416 230.42479 0.0222 0.0 53.0
-45.694416 230.42479 0.0223 0.0 54.0
-49.31461 233.17325 0.0223 0.0 54.0
-45.694416 230.42479 0.0224 0.0 54.0
-48.314228 234.13914 0.0224 0.0 54.0
-24.735922 200.70995 0.0225 7.0 46.0
-26.11014 205.04254 0.0225 7.0 46.0
-26.11014 205.04254 0.0226 0.0 47.0
-26.11014 209.58784 0.0226 0.0 47.0
-26.11014 205.04254 0.0227 6.0 47.0
-27.484358 209.37514 0.0227 6.0 47.0
-27.484358 209.37514 0.0228 0.0 48.0
-30.10417 213.0895 0.0228 0.0 48.0
-27.484358 209.37514 0.0229 5.0 48.0
-28.858576 213.70773 0.0229 5.0 48.0
-28.858576 213.70773 0.0230 1.0 49.0
-28.858576 218.25304 0.0230 1.0 49.0
-28.858576 218.25304 0.0231 0.0 50.0
-27.484358 222.58563 0.0231 0.0 50.0
-28.858576 218.25304 0.0232 0.0 50.0
-28.858576 222.79834 0.0232 0.0 50.0
-28.858576 222.79834 0.0233 0.0 51.0
-30.232794 227.13094 0.0233 0.0 51.0
-28.858576 222.79834 0.0234 0.0 51.0
-28.858576 227.34364 0.0234 0.0 51.0
-28.858576 213.70773 0.0235 4.0 49.0
-30.232794 218.04033 0.0235 4.0 49.0
-30.232794 218.04033 0.0236 0.0 50.0
-30.232794 222.58563 0.0236 0.0 50.0
-30.232794 218.04033 0.0237 3.0 50.0
-31.607012 222.37292 0.0237 3.0 50.0
-31.607012 222.37292 0.0238 0.0 51.0
-34.22682 226.08728 0.0238 0.0 51.0
-31.607012 222.37292 0.0239 2.0 51.0
-32.981228 226.70552 0.0239 2.0 51.0
-32.981228 226.70552 0.0240 1.0 52.0
-35.60104 230.41988 0.0240 1.0 52.0
-35.60104 230.41988 0.0241 0.0 53.0
-36.975258 234.75247 0.0241 0.0 53.0
-35.60104 230.41988 0.0242 0.0 53.0
-38.22085 234.13423 0.0242 0.0 53.0
-38.22085 234.13423 0.0243 0.0 54.0
-41.841045 236.88269 0.0243 0.0 54.0
-38.22085 234.13423 0.0244 0.0 54.0
-40.840664 237.84859 0.0244 0.0 54.0
-32.981228 226.70552 0.0245 1.0 52.0
-34.355446 231.03812 0.0245 1.0 52.0
-34.355446 231.03812 0.0246 0.0 53.0
-34.355446 235.58342 0.0246 0.0 53.0
-34.355446 231.03812 0.0247 0.0 53.0
-35.729664 235.37071 0.0247 0.0 53.0
-35.729664 235.37071 0.0248 0.0 54.0
-38.349476 239.08507 0.0248 0.0 54.0
-35.729664 235.37071 0.0249 0.0 54.0
-37.10388 239.70331 0.0249 0.0 54.0
0.0 122.723236 0.0250 52.0 28.0
0.0 127.26854 0.0250 52.0 28.0
0.0 127.26854 0.0251 0.0 29.0
1.3742179 131.60114 0.0251 0.0 29.0
0.0 127.26854 0.0252 51.0 29.0
0.0 131.81384 0.0252 51.0 29.0
0.0 131.81384 0.0253 0.0 30.0
-1.3742179 136.14644 0.0253 0.0 30.0
0.0 131.81384 0.0254 50.0 30.0
0.0 136.35915 0.0254 50.0 30.0
0.0 136.35915 0.0255 1.0 31.0
1.3742179 140.69174 0.0255 1.0 31.0
1.3742179 140.69174 0.0256 0.0 32.0
3.994029 144.4061 0.0256 0.0 32.0
1.3742179 140.69174 0.0257 0.0 32.0
2.7484357 145.02434 0.0257 0.0 32.0
2.7484357 145.02434 0.0258 0.0 33.0
2.7484357 149.56964 0.0258 0.0 33.0
2.7484357 145.02434 0.0259 0.0 33.0
4.1226535 149.35693 0.0259 0.0 33.0
0.0 136.35915 0.0260 49.0 31.0
0.0 140.90445 0.0260 49.0 31.0
0.0 140.90445 0.0261 0.0 32.0
1.3742179 145.23705 0.0261 0.0 32.0
0.0 140.90445 0.0262 48.0 32.0
0.0 145.44975 0.0262 48.0 32.0
0.0 145.44975 0.0263 0.0 33.0
-1.3742179 149.78235 0.0263 0.0 33.0
0.0 145.44975 0.0264 47.0 33.0
0.0 149.99506 0.0264 47.0 33.0
0.0 149.99506 0.0265 1.0 34.0
-1.3742179 154.32765 0.0265 1.0 34.0
-1.3742179 154.32765 0.0266 0.0 35.0
-1.3742179 158.87296 0.0266 0.0 35.0
-1.3742179 154.32765 0.0267 0.0 35.0
-2.7484357 158.66025 0.0267 0.0 35.0
-2.7484357 158.66025 0.0268 0.0 36.0
-5.368247 162.3746 0.0268 0.0 36.0
-2.7484357 158.66025 0.0269 0.0 36.0
-4.1226535 162.99284 0.0269 0.0 36.0
0.0 149.99506 0.0270 46.0 34.0
0.0 154.54036 0.0270 46.0 34.0
0.0 154.54036 0.0271 0.0 35.0
1.3742179 158.87296 0.0271 0.0 35.0
0.0 154.54036 0.0272 45.0 35.0
0.0 159.08566 0.0272 45.0 35.0
0.0 159.08566 0.0273 0.0 36.0
-1.3742179 163.41826 0.0273 0.0 36.0
0.0 159.08566 0.0274 44.0 36.0
0.0 163.63097 0.0274 44.0 36.0
0.0 163.63097 0.0275 7.0 37.0
1.3742179 167.96356 0.0275 7.0 37.0
1.3742179 167.96356 0.0276 0.0 38.0
3.994029 171.67792 0.0276 0.0 38.0
1.3742179 167.96356 0.0277 6.0 38.0
2.7484357 172.29616 0.0277 6.0 38.0
2.7484357 172.29616 0.0278 0.0 39.0
2.7484357 176.84146 0.0278 0.0 39.0
2.7484357 172.29616 0.0279 5.0 39.0
4.1226535 176.62875 0.0279 5.0 39.0
4.1226535 176.62875 0.0280 1.0 40.0
6.742465 180.34311 0.0280 1.0 40.0
6.742465 180.34311 0.0281 0.0 41.0
10.362659 183.09157 0.0281 0.0 41.0
6.742465 180.34311 0.0282 0.0 41.0
9.362276 184.05746 0.0282 0.0 41.0
9.362276 184.05746 0.0283 0.0 42.0
10.736494 188.39006 0.0283 0.0 42.0
9.362276 184.05746 0.0284 0.0 42.0
11.982087 187.77182 0.0284 0.0 42.0
4.1226535 176.62875 0.0285 4.0 40.0
5.4968715 180.96135 0.0285 4.0 40.0
5.4968715 180.96135 0.0286 0.0 41.0
8.116683 184.6757 0.0286 0.0 41.0
5.4968715 180.96135 0.0287 3.0 41.0
6.8710895 185.29395 0.0287 3.0 41.0
6.8710895 185.29395 0.0288 0.0 42.0
6.8710895 189.83925 0.0288 0.0 42.0
6.8710895 185.29395 0.0289 2.0 42.0
8.245307 189.62654 0.0289 2.0 42.0
8.245307 189.62654 0.0290 1.0 43.0
8.245307 194.17184 0.0290 1.0 43.0
8.245307 194.17184 0.0291 0.0 44.0
9.619525 198.50444 0.0291 0.0 44.0
8.245307 194.17184 0.0292 0.0 44.0
8.245307 198.71715 0.0292 0.0 44.0
8.245307 198.71715 0.0293 0.0 45.0
6.871089 203.04974 0.0293 0.0 45.0
8.245307 198.71715 0.0294 0.0 45.0
8.245307 203.26245 0.0294 0.0 45.0
8.245307 189.62654 0.0295 1.0 43.0
9.619525 193.95914 0.0295 1.0 43.0
9.619525 193.95914 0.0296 0.0 44.0
12.239336 197.6735 0.0296 0.0 44.0
9.619525 193.95914 0.0297 0.0 44.0
10.993743 198.29173 0.0297 0.0 44.0
10.993743 198.29173 0.0298 0.0 45.0
10.993743 202.83704 0.0298 0.0 45.0
10.993743 198.29173 0.0299 0.0 45.0
12.367961 202.62433 0.0299 0.0 45.0
0.0 163.63097 0.0300 43.0 37.0
0.0 168.17627 0.0300 43.0 37.0
0.0 168.17627 0.0301 0.0 38.0
1.3742179 172.50887 0.0301 0.0 38.0
0.0 168.17627 0.0302 42.0 38.0
0.0 172.72157 0.0302 42.0 38.0
0.0 172.72157 0.0303 0.0 39.0
-1.3742179 177.05417 0.0303 0.0 39.0
0.0 172.72157 0.0304 41.0 39.0
0.0 177.26688 0.0304 41.0 39.0
0.0 177.26688 0.0305 1.0 40.0
1.3742179 181.59947 0.0305 1.0 40.0
1.3742179 181.59947 0.0306 0.0 41.0
3.994029 185.31383 0.0306 0.0 41.0
1.3742179 181.59947 0.0307 0.0 41.0
2.7484357 185.93207 0.0307 0.0 41.0
2.7484357 185.93207 0.0308 0.0 42.0
2.7484357 190.47737 0.0308 0.0 42.0
2.7484357 185.93207 0.0309 0.0 42.0
4.1226535 190.26466 0.0309 0.0 42.0
0.0 177.26688 0.0310 40.0 40.0
0.0 181.81218 0.0310 40.0 40.0
0.0 181.81218 0.0311 0.0 41.0
1.3742179 186.14478 0.0311 0.0 41.0
0.0 181.81218 0.0312 39.0 41.0
0.0 186.35748 0.0312 39.0 41.0
0.0 186.35748 0.0313 0.0 42.0
-1.3742179 190.69008 0.0313 0.0 42.0
0.0 186.35748 0.0314 38.0 42.0
0.0 190.90279 0.0314 38.0 42.0
0.0 190.90279 0.0315 1.0 43.0
-1.3742179 195.23538 0.0315 1.0 43.0
-1.3742179 195.23538 0.0316 0.0 44.0
-1.3742179 199.78069 0.0316 0.0 44.0
-1.3742179 195.23538 0.0317 0.0 44.0
-2.7484357 199.56798 0.0317 0.0 44.0
-2.7484357 199.56798 0.0318 0.0 45.0
-5.368247 203.28233 0.0318 0.0 45.0
-2.7484357 199.56798 0.0319 0.0 45.0
-4.1226535 203.90057 0.0319 0.0 45.0
0.0 190.90279 0.0320 37.0 43.0
0.0 195.44809 0.0320 37.0 43.0
0.0 195.44809 0.0321 0.0 44.0
1.3742179 199.78069 0.0321 0.0 44.0
0.0 195.44809 0.0322 36.0 44.0
0.0 199.9934 0.0322 36.0 44.0
0.0 199.9934 0.0323 0.0 45.0
-1.3742179 204.32599 0.0323 0.0 45.0
0.0 199.9934 0.0324 35.0 45.0
0.0 204.5387 0.0324 35.0 45.0
0.0 204.5387 0.0325 7.0 46.0
-1.3742179 208.87129 0.0325 7.0 46.0
-1.3742179 208.87129 0.0326 0.0 47.0
-1.3742179 213.4166 0.0326 0.0 47.0
-1.3742179 208.87129 0.0327 6.0 47.0
-2.7484357 213.20389 0.0327 6.0 47.0
-2.7484357 213.20389 0.0328 0.0 48.0
-5.368247 216.91824 0.0328 0.0 48.0
-2.7484357 213.20389 0.0329 5.0 48.0
-4.1226535 217.53648 0.0329 5.0 48.0
-4.1226535 217.53648 0.0330 1.0 49.0
-4.1226535 222.08179 0.0330 1.0 49.0
-4.1226535 222.08179 0.0331 0.0 50.0
-2.7484355 226.41438 0.0331 0.0 50.0
-4.1226535 222.08179 0.0332 0.0 50.0
-4.1226535 226.62709 0.0332 0.0 50.0
-4.1226535 226.62709 0.0333 0.0 51.0
-5.4968715 230.95969 0.0333 0.0 51.0
-4.1226535 226.62709 0.0334 0.0 51.0
-4.1226535 231.1724 0.0334 0.0 51.0
-4.1226535 217.53648 0.0335 4.0 49.0
-5.4968715 221.86908 0.0335 4.0 49.0
-5.4968715 221.86908 0.0336 0.0 50.0
-5.4968715 226.41438 0.0336 0.0 50.0
-5.4968715 221.86908 0.0337 3.0 50.0
-6.8710895 226.20168 0.0337 3.0 50.0
-6.8710895 226.20168 0.0338 0.0 51.0
-9.490901 229.91603 0.0338 0.0 51.0
-6.8710895 226.20168 0.0339 2.0 51.0
-8.245307 230.53427 0.0339 2.0 51.0
-8.245307 230.53427 0.0340 1.0 52.0
-10.865118 234.24863 0.0340 1.0 52.0
-10.865118 234.24863 0.0341 0.0 53.0
-12.239336 238.58122 0.0341 0.0 53.0
-10.865118 234.24863 0.0342 0.0 53.0
-13.484929 237.96298 0.0342 0.0 53.0
-13.484929 237.96298 0.0343 0.0 54.0
-17.105124 240.71144 0.0343 0.0 54.0
-13.484929 237.96298 0.0344 0.0 54.0
-16.10474 241.67734 0.0344 0.0 54.0
-8.245307 230.53427 0.0345 1.0 52.0
-9.619525 234.86687 0.0345 1.0 52.0
-9.619525 234.86687 0.0346 0.0 53.0
-9.619525 239.41217 0.0346 0.0 53.0
-9.619525 234.86687 0.0347 0.0 53.0
-10.993743 239.19946 0.0347 0.0 53.0
-10.993743 239.19946 0.0348 0.0 54.0
-13.613554 242.91382 0.0348 0.0 54.0
-10.993743 239.19946 0.0349 0.0 54.0
-12.367961 243.53206 0.0349 0.0 54.0
0.0 204.5387 0.0350 34.0 46.0
0.0 209.084 0.0350 34.0 46.0
0.0 209.084 0.0351 0.0 47.0
1.3742179 213.4166 0.0351 0.0 47.0
0.0 209.084 0.0352 33.0 47.0
0.0 213.6293 0.0352 33.0 47.0
0.0 213.6293 0.0353 0.0 48.0
-1.3742179 217.9619 0.0353 0.0 48.0
0.0 213.6293 0.0354 32.0 48.0
0.0 218.1746 0.0354 32.0 48.0
0.0 218.1746 0.0355 1.0 49.0
1.3742179 222.5072 0.0355 1.0 49.0
1.3742179 222.5072 0.0356 0.0 50.0
3.994029 226.22156 0.0356 0.0 50.0
1.3742179 222.5072 0.0357 0.0 50.0
2.7484357 226.8398 0.0357 0.0 50.0
2.7484357 226.8398 0.0358 0.0 51.0
2.7484357 231.3851 0.0358 0.0 51.0
2.7484357 226.8398 0.0359 0.0 51.0
4.1226535 231.1724 0.0359 0.0 51.0
0.0 218.1746 0.0360 31.0 49.0
0.0 222.71991 0.0360 31.0 49.0
0.0 222.71991 0.0361 0.0 50.0
1.3742179 227.0525 0.0361 0.0 50.0
0.0 222.71991 0.0362 30.0 50.0
0.0 227.26521 0.0362 30.0 50.0
0.0 227.26521 0.0363 0.0 51.0
-1.3742179 231.59781 0.0363 0.0 51.0
0.0 227.26521 0.0364 29.0 51.0
0.0 231.81052 0.0364 29.0 51.0
0.0 231.81052 0.0365 1.0 52.0
-1.3742179 236.14311 0.0365 1.0 52.0
-1.3742179 236.14311 0.0366 0.0 53.0
-1.3742179 240.68842 0.0366 0.0 53.0
-1.3742179 236.14311 0.0367 0.0 53.0
-2.7484357 240.47571 0.0367 0.0 53.0
-2.7484357 240.47571 0.0368 0.0 54.0
-5.368247 244.19006 0.0368 0.0 54.0
-2.7484357 240.47571 0.0369 0.0 54.0
-4.1226535 244.8083 0.0369 0.0 54.0
0.0 231.81052 0.0370 28.0 52.0
0.0 236.35582 0.0370 28.0 52.0
0.0 236.35582 0.0371 0.0 53.0
1.3742179 240.68842 0.0371 0.0 53.0
0.0 236.35582 0.0372 27.0 53.0
0.0 240.90112 0.0372 27.0 53.0
0.0 240.90112 0.0373 0.0 54.0
-1.3742179 245.23372 0.0373 0.0 54.0
0.0 240.90112 0.0374 26.0 54.0
0.0 245.44643 0.0374 26.0 54.0
0.0 245.44643 0.0375 25.0 55.0
1.3742179 249.77902 0.0375 25.0 55.0
1.3742179 249.77902 0.0376 0.0 56.0
3.994029 253.49338 0.0376 0.0 56.0
1.3742179 249.77902 0.0377 24.0 56.0
2.7484357 254.11162 0.0377 24.0 56.0
2.7484357 254.11162 0.0378 0.0 57.0
2.7484357 258.65692 0.0378 0.0 57.0
2.7484357 254.11162 0.0379 23.0 57.0
4.1226535 258.4442 0.0379 23.0 57.0
4.1226535 258.4442 0.0380 1.0 58.0
6.742465 262.15857 0.0380 1.0 58.0
6.742465 262.15857 0.0381 0.0 59.0
10.362659 264.907 0.0381 0.0 59.0
6.742465 262.15857 0.0382 0.0 59.0
9.362276 265.87292 0.0382 0.0 59.0
9.362276 265.87292 0.0383 0.0 60.0
10.736494 270.2055 0.0383 0.0 60.0
9.362276 265.87292 0.0384 0.0 60.0
11.982087 269.58728 0.0384 0.0 60.0
4.1226535 258.4442 0.0385 22.0 58.0
5.4968715 262.7768 0.0385 22.0 58.0
5.4968715 262.7768 0.0386 0.0 59.0
8.116683 266.49115 0.0386 0.0 59.0
5.4968715 262.7768 0.0387 21.0 59.0
6.8710895 267.10938 0.0387 21.0 59.0
6.8710895 267.10938 0.0388 0.0 60.0
6.8710895 271.6547 0.0388 0.0 60.0
6.8710895 267.10938 0.0389 20.0 60.0
8.245307 271.44196 0.0389 20.0 60.0
8.245307 271.44196 0.0390 1.0 61.0
8.245307 275.98727 0.0390 1.0 61.0
8.245307 275.98727 0.0391 0.0 62.0
9.619525 280.31985 0.0391 0.0 62.0
8.245307 275.98727 0.0392 0.0 62.0
8.245307 280.5326 0.0392 0.0 62.0
8.245307 280.5326 0.0393 0.0 63.0
6.871089 284.86517 0.0393 0.0 63.0
8.245307 280.5326 0.0394 0.0 63.0
8.245307 285.0779 0.0394 0.0 63.0
8.245307 271.44196 0.0395 19.0 61.0
9.619525 275.77454 0.0395 19.0 61.0
9.619525 275.77454 0.0396 0.0 62.0
12.239336 279.4889 0.0396 0.0 62.0
9.619525 275.77454 0.0397 18.0 62.0
10.993743 280.10712 0.0397 18.0 62.0
10.993743 280.10712 0.0398 0.0 63.0
10.993743 284.65244 0.0398 0.0 63.0
10.993743 280.10712 0.0399 17.0 63.0
12.367961 284.4397 0.0399 17.0 63.0
12.367961 284.4397 0.0400 7.0 64.0
14.987772 288.15405 0.0400 7.0 64.0
14.987772 288.15405 0.0401 0.0 65.0
18.607967 290.9025 0.0401 0.0 65.0
14.987772 288.15405 0.0402 6.0 65.0
17.607584 291.8684 0.0402 6.0 65.0
17.607584 291.8684 0.0403 0.0 66.0
18.981802 296.201 0.0403 0.0 66.0
17.607584 291.8684 0.0404 5.0 66.0
20.227396 295.58276 0.0404 5.0 66.0
20.227396 295.58276 0.0405 1.0 67.0
23.847591 298.3312 0.0405 1.0 67.0
23.847591 298.3312 0.0406 0.0 68.0
28.129326 299.8565 0.0406 0.0 68.0
23.847591 298.3312 0.0407 0.0 68.0
27.467787 301.07965 0.0407 0.0 68.0
27.467787 301.07965 0.0408 0.0 69.0
30.087599 304.794 0.0408 0.0 69.0
27.467787 301.07965 0.0409 0.0 69.0
31.087982 303.8281 0.0409 0.0 69.0
20.227396 295.58276 0.0410 4.0 67.0
22.847208 299.29712 0.0410 4.0 67.0
22.847208 299.29712 0.0411 0.0 68.0
26.467403 302.04556 0.0411 0.0 68.0
22.847208 299.29712 0.0412 3.0 68.0
25.46702 303.01147 0.0412 3.0 68.0
25.46702 303.01147 0.0413 0.0 69.0
26.841238 307.34406 0.0413 0.0 69.0
25.46702 303.01147 0.0414 2.0 69.0
28.086832 306.72583 0.0414 2.0 69.0
28.086832 306.72583 0.0415 1.0 70.0
29.46105 311.0584 0.0415 1.0 70.0
29.46105 311.0584 0.0416 0.0 71.0
32.08086 314.77277 0.0416 0.0 71.0
29.46105 311.0584 0.0417 0.0 71.0
30.835268 315.391 0.0417 0.0 71.0
30.835268 315.391 0.0418 0.0 72.0
30.835268 319.9363 0.0418 0.0 72.0
30.835268 315.391 0.0419 0.0 72.0
32.209484 319.72357 0.0419 0.0 72.0
28.086832 306.72583 0.0420 1.0 70.0
30.706644 310.4402 0.0420 1.0 70.0
30.706644 310.4402 0.0421 0.0 71.0
34.32684 313.18863 0.0421 0.0 71.0
30.706644 310.4402 0.0422 0.0 71.0
33.326454 314.15454 0.0422 0.0 71.0
33.326454 314.15454 0.0423 0.0 72.0
34.700672 318.48712 0.0423 0.0 72.0
33.326454 314.15454 0.0424 0.0 72.0
35.946266 317.8689 0.0424 0.0 72.0
12.367961 284.4397 0.0425 16.0 64.0
13.742179 288.77228 0.0425 16.0 64.0
13.742179 288.77228 0.0426 0.0 65.0
16.36199 292.48663 0.0426 0.0 65.0
13.742179 288.77228 0.0427 15.0 65.0
15.116397 293.10486 0.0427 15.0 65.0
15.116397 293.10486 0.0428 0.0 66.0
15.116397 297.65018 0.0428 0.0 66.0
15.116397 293.10486 0.0429 14.0 66.0
16.490614 297.43744 0.0429 14.0 66.0
16.490614 297.43744 0.0430 1.0 67.0
19.110426 301.1518 0.0430 1.0 67.0
19.110426 301.1518 0.0431 0.0 68.0
22.730621 303.90024 0.0431 0.0 68.0
19.110426 301.1518 0.0432 0.0 68.0
21.730238 304.86615 0.0432 0.0 68.0
21.730238 304.86615 0.0433 0.0 69.0
23.104456 309.19873 0.0433 0.0 69.0
21.730238 304.86615 0.0434 0.0 69.0
24.35005 308.5805 0.0434 0.0 69.0
16.490614 297.43744 0.0435 13.0 67.0
17.864832 301.77002 0.0435 13.0 67.0
17.864832 301.77002 0.0436 0.0 68.0
20.484644 305.48438 0.0436 0.0 68.0
17.864832 301.77002 0.0437 12.0 68.0
19.23905 306.1026 0.0437 12.0 68.0
19.23905 306.1026 0.0438 0.0 69.0
19.23905 310.64792 0.0438 0.0 69.0
19.23905 306.1026 0.0439 11.0 69.0
20.613268 310.43518 0.0439 11.0 69.0
20.613268 310.43518 0.0440 1.0 70.0
20.613268 314.9805 0.0440 1.0 70.0
20.613268 314.9805 0.0441 0.0 71.0
21.987486 319.31308 0.0441 0.0 71.0
20.613268 314.9805 0.0442 0.0 71.0
20.613268 319.52582 0.0442 0.0 71.0
20.613268 319.52582 0.0443 0.0 72.0
19.23905 323.8584 0.0443 0.0 72.0
20.613268 319.52582 0.0444 0.0 72.0
20.613268 324.07114 0.0444 0.0 72.0
20.613268 310.43518 0.0445 10.0 70.0
21.987486 314.76776 0.0445 10.0 70.0
21.987486 314.76776 0.0446 0.0 71.0
24.607298 318.48212 0.0446 0.0 71.0
21.987486 314.76776 0.0447 9.0 71.0
23.361704 319.10034 0.0447 9.0 71.0
23.361704 319.10034 0.0448 0.0 72.0
23.361704 323.64566 0.0448 0.0 72.0
23.361704 319.10034 0.0449 8.0 72.0
24.735922 323.43292 0.0449 8.0 72.0
24.735922 323.43292 0.0450 7.0 73.0
24.735922 327.97824 0.0450 7.0 73.0
24.735922 327.97824 0.0451 0.0 74.0
26.11014 332.31082 0.0451 0.0 74.0
24.735922 327.97824 0.0452 6.0 74.0
24.735922 332.52356 0.0452 6.0 74.0
24.735922 332.52356 0.0453 0.0 75.0
23.361704 336.85614 0.0453 0.0 75.0
24.735922 332.52356 0.0454 5.0 75.0
24.735922 337.06888 0.0454 5.0 75.0
24.735922 337.06888 0.0455 1.0 76.0
26.11014 341.40146 0.0455 1.0 76.0
26.11014 341.40146 0.0456 0.0 77.0
28.729952 345.1158 0.0456 0.0 77.0
26.11014 341.40146 0.0457 0.0 77.0
27.484358 345.73404 0.0457 0.0 77.0
27.484358 345.73404 0.0458 0.0 78.0
27.484358 350.27936 0.0458 0.0 78.0
27.484358 345.73404 0.0459 0.0 78.0
28.858576 350.06662 0.0459 0.0 78.0
24.735922 337.06888 0.0460 4.0 76.0
24.735922 341.6142 0.0460 4.0 76.0
24.735922 341.6142 0.0461 0.0 77.0
26.11014 345.94678 0.0461 0.0 77.0
24.735922 341.6142 0.0462 3.0 77.0
24.735922 346.15952 0.0462 3.0 77.0
24.735922 346.15952 0.0463 0.0 78.0
23.361704 350.4921 0.0463 0.0 78.0
24.735922 346.15952 0.0464 2.0 78.0
24.735922 350.70483 0.0464 2.0 78.0
24.735922 350.70483 0.0465 1.0 79.0
23.361704 355.0374 0.0465 1.0 79.0
23.361704 355.0374 0.0466 0.0 80.0
23.361704 359.58273 0.0466 0.0 80.0
23.361704 355.0374 0.0467 0.0 80.0
21.987486 359.37 0.0467 0.0 80.0
21.987486 359.37 0.0468 0.0 81.0
19.367674 363.08435 0.0468 0.0 81.0
21.987486 359.37 0.0469 0.0 81.0
20.613268 363.70258 0.0469 0.0 81.0
24.735922 350.70483 0.0470 1.0 79.0
24.735922 355.25015 0.0470 1.0 79.0
24.735922 355.25015 0.0471 0.0 80.0
26.11014 359.58273 0.0471 0.0 80.0
24.735922 355.25015 0.0472 0.0 80.0
24.735922 359.79547 0.0472 0.0 80.0
24.735922 359.79547 0.0473 0.0 81.0
23.361704 364.12805 0.0473 0.0 81.0
24.735922 359.79547 0.0474 0.0 81.0
24.735922 364.3408 0.0474 0.0 81.0
24.735922 323.43292 0.0475 7.0 73.0
26.11014 327.7655 0.0475 7.0 73.0
26.11014 327.7655 0.0476 0.0 74.0
28.729952 331.47986 0.0476 0.0 74.0
26.11014 327.7655 0.0477 6.0 74.0
27.484358 332.09808 0.0477 6.0 74.0
27.484358 332.09808 0.0478 0.0 75.0
27.484358 336.6434 0.0478 0.0 75.0
27.484358 332.09808 0.0479 5.0 75.0
28.858576 336.43066 0.0479 5.0 75.0
28.858576 336.43066 0.0480 1.0 76.0
31.478388 340.14502 0.0480 1.0 76.0
31.478388 340.14502 0.0481 0.0 77.0
35.098583 342.89346 0.0481 0.0 77.0
31.478388 340.14502 0.0482 0.0 77.0
34.098198 343.85938 0.0482 0.0 77.0
34.098198 343.85938 0.0483 0.0 78.0
35.472416 348.19196 0.0483 0.0 78.0
34.098198 343.85938 0.0484 0.0 78.0
36.71801 347.57373 0.0484 0.0 78.0
28.858576 336.43066 0.0485 4.0 76.0
30.232794 340.76324 0.0485 4.0 76.0
30.232794 340.76324 0.0486 0.0 77.0
32.852604 344.4776 0.0486 0.0 77.0
30.232794 340.76324 0.0487 3.0 77.0
31.607012 345.09583 0.0487 3.0 77.0
31.607012 345.09583 0.0488 0.0 78.0
31.607012 349.64114 0.0488 0.0 78.0
31.607012 345.09583 0.0489 2.0 78.0
32.981228 349.4284 0.0489 2.0 78.0
32.981228 349.4284 0.0490 1.0 79.0
32.981228 353.97372 0.0490 1.0 79.0
32.981228 353.97372 0.0491 0.0 80.0
34.355446 358.3063 0.0491 0.0 80.0
32.981228 353.97372 0.0492 0.0 80.0
32.981228 358.51904 0.0492 0.0 80.0
32.981228 358.51904 0.0493 0.0 81.0
31.60701 362.85162 0.0493 0.0 81.0
32.981228 358.51904 0.0494 0.0 81.0
32.981228 363.06436 0.0494 0.0 81.0
32.981228 349.4284 0.0495 1.0 79.0
34.355446 353.761 0.0495 1.0 79.0
34.355446 353.761 0.0496 0.0 80.0
36.975258 357.47534 0.0496 0.0 80.0
34.355446 353.761 0.0497 0.0 80.0
35.729664 358.09357 0.0497 0.0 80.0
35.729664 358.09357 0.0498 0.0 81.0
35.729664 362.6389 0.0498 0.0 81.0
35.729664 358.09357 0.0499 0.0 81.0
37.10388 362.42615 0.0499 0.0 81.0
0.0 245.44643 0.0500 25.0 55.0
0.0 249.99173 0.0500 25.0 55.0
0.0 249.99173 0.0501 0.0 56.0
1.3742179 254.32433 0.0501 0.0 56.0
0.0 249.99173 0.0502 24.0 56.0
0.0 254.53703 0.0502 24.0 56.0
0.0 254.53703 0.0503 0.0 57.0
-1.3742179 258.86963 0.0503 0.0 57.0
0.0 254.53703 0.0504 23.0 57.0
0.0 259.08234 0.0504 23.0 57.0
0.0 259.08234 0.0505 1.0 58.0
1.3742179 263.41492 0.0505 1.0 58.0
1.3742179 263.41492 0.0506 0.0 59.0
3.994029 267.12927 0.0506 0.0 59.0
1.3742179 263.41492 0.0507 0.0 59.0
2.7484357 267.7475 0.0507 0.0 59.0
2.7484357 267.7475 0.0508 0.0 60.0
2.7484357 272.29282 0.0508 0.0 60.0
2.7484357 267.7475 0.0509 0.0 60.0
4.1226535 272.08008 0.0509 0.0 60.0
0.0 259.08234 0.0510 22.0 58.0
0.0 263.62766 0.0510 22.0 58.0
0.0 263.62766 0.0511 0.0 59.0
1.3742179 267.96024 0.0511 0.0 59.0
0.0 263.62766 0.0512 21.0 59.0
0.0 268.17297 0.0512 21.0 59.0
0.0 268.17297 0.0513 0.0 60.0
-1.3742179 272.50555 0.0513 0.0 60.0
0.0 268.17297 0.0514 20.0 60.0
0.0 272.7183 0.0514 20.0 60.0
0.0 272.7183 0.0515 1.0 61.0
-1.3742179 277.05087 0.0515 1.0 61.0
-1.3742179 277.05087 0.0516 0.0 62.0
-1.3742179 281.5962 0.0516 0.0 62.0
-1.3742179 277.05087 0.0517 0.0 62.0
-2.7484357 281.38345 0.0517 0.0 62.0
-2.7484357 281.38345 0.0518 0.0 63.0
-5.368247 285.0978 0.0518 0.0 63.0
-2.7484357 281.38345 0.0519 0.0 63.0
-4.1226535 285.71603 0.0519 0.0 63.0
0.0 272.7183 0.0520 19.0 61.0
0.0 277.2636 0.0520 19.0 61.0
0.0 277.2636 0.0521 0.0 62.0
1.3742179 281.5962 0.0521 0.0 62.0
0.0 277.2636 0.0522 18.0 62.0
0.0 281.80893 0.0522 18.0 62.0
0.0 281.80893 0.0523 0.0 63.0
-1.3742179 286.1415 0.0523 0.0 63.0
0.0 281.80893 0.0524 17.0 63.0
0.0 286.35425 0.0524 17.0 63.0
0.0 286.35425 0.0525 7.0 64.0
1.3742179 290.68683 0.0525 7.0 64.0
1.3742179 290.68683 0.0526 0.0 65.0
3.994029 294.40118 0.0526 0.0 65.0
1.3742179 290.68683 0.0527 6.0 65.0
2.7484357 295.0194 0.0527 6.0 65.0
2.7484357 295.0194 0.0528 0.0 66.0
2.7484357 299.56473 0.0528 0.0 66.0
2.7484357 295.0194 0.0529 5.0 66.0
4.1226535 299.352 0.0529 5.0 66.0
4.1226535 299.352 0.0530 1.0 67.0
6.742465 303.06635 0.0530 1.0 67.0
6.742465 303.06635 0.0531 0.0 68.0
10.362659 305.8148 0.0531 0.0 68.0
6.742465 303.06635 0.0532 0.0 68.0
9.362276 306.7807 0.0532 0.0 68.0
9.362276 306.7807 0.0533 0.0 69.0
10.736494 311.11328 0.0533 0.0 69.0
9.362276 306.7807 0.0534 0.0 69.0
11.982087 310.49506 0.0534 0.0 69.0
4.1226535 299.352 0.0535 4.0 67.0
5.4968715 303.68457 0.0535 4.0 67.0
5.4968715 303.68457 0.0536 0.0 68.0
8.116683 307.39893 0.0536 0.0 68.0
5.4968715 303.68457 0.0537 3.0 68.0
6.8710895 308.01715 0.0537 3.0 68.0
6.8710895 308.01715 0.0538 0.0 69.0
6.8710895 312.56247 0.0538 0.0 69.0
6.8710895 308.01715 0.0539 2.0 69.0
8.245307 312.34973 0.0539 2.0 69.0
8.245307 312.34973 0.0540 1.0 70.0
8.245307 316.89505 0.0540 1.0 70.0
8.245307 316.89505 0.0541 0.0 71.0
9.619525 321.22763 0.0541 0.0 71.0
8.245307 316.89505 0.0542 0.0 71.0
8.245307 321.44037 0.0542 0.0 71.0
8.245307 321.44037 0.0543 0.0 72.0
6.871089 325.77295 0.0543 0.0 72.0
8.245307 321.44037 0.0544 0.0 72.0
8.245307 325.9857 0.0544 0.0 72.0
8.245307 312.34973 0.0545 1.0 70.0
9.619525 316.6823 0.0545 1.0 70.0
9.619525 316.6823 0.0546 0.0 71.0
12.239336 320.39667 0.0546 0.0 71.0
9.619525 316.6823 0.0547 0.0 71.0
10.993743 321.0149 0.0547 0.0 71.0
10.993743 321.0149 0.0548 0.0 72.0
10.993743 325.5602 0.0548 0.0 72.0
10.993743 321.0149 0.0549 0.0 72.0
12.367961 325.34747 0.0549 0.0 72.0
0.0 286.35425 0.0550 16.0 64.0
0.0 290.89957 0.0550 16.0 64.0
0.0 290.89957 0.0551 0.0 65.0
1.3742179 295.23215 0.0551 0.0 65.0
0.0 290.89957 0.0552 15.0 65.0
0.0 295.4449 0.0552 15.0 65.0
0.0 295.4449 0.0553 0.0 66.0
-1.3742179 299.77747 0.0553 0.0 66.0
0.0 295.4449 0.0554 14.0 66.0
0.0 299.9902 0.0554 14.0 66.0
0.0 299.9902 0.0555 1.0 67.0
1.3742179 304.32278 0.0555 1.0 67.0
1.3742179 304.32278 0.0556 0.0 68.0
3.994029 308.03714 0.0556 0.0 68.0
1.3742179 304.32278 0.0557 0.0 68.0
2.7484357 308.65536 0.0557 0.0 68.0
2.7484357 308.65536 0.0558 0.0 69.0
2.7484357 313.20068 0.0558 0.0 69.0
2.7484357 308.65536 0.0559 0.0 69.0
4.1226535 312.98795 0.0559 0.0 69.0
0.0 299.9902 0.0560 13.0 67.0
0.0 304.53552 0.0560 13.0 67.0
0.0 304.53552 0.0561 0.0 68.0
1.3742179 308.8681 0.0561 0.0 68.0
0.0 304.53552 0.0562 12.0 68.0
0.0 309.08084 0.0562 12.0 68.0
0.0 309.08084 0.0563 0.0 69.0
-1.3742179 313.41342 0.0563 0.0 69.0
0.0 309.08084 0.0564 11.0 69.0
0.0 313.62616 0.0564 11.0 69.0
0.0 313.62616 0.0565 1.0 70.0
-1.3742179 317.95874 0.0565 1.0 70.0
-1.3742179 317.95874 0.0566 0.0 71.0
-1.3742179 322.50406 0.0566 0.0 71.0
-1.3742179 317.95874 0.0567 0.0 71.0
-2.7484357 322.29132 0.0567 0.0 71.0
-2.7484357 322.29132 0.0568 0.0 72.0
-5.368247 326.00568 0.0568 0.0 72.0
-2.7484357 322.29132 0.0569 0.0 72.0
-4.1226535 326.6239 0.0569 0.0 72.0
0.0 313.62616 0.0570 10.0 70.0
0.0 318.17148 0.0570 10.0 70.0
0.0 318.17148 0.0571 0.0 71.0
1.3742179 322.50406 0.0571 0.0 71.0
0.0 318.17148 0.0572 9.0 71.0
0.0 322.7168 0.0572 9.0 71.0
0.0 322.7168 0.0573 0.0 72.0
-1.3742179 327.04938 0.0573 0.0 72.0
0.0 322.7168 0.0574 8.0 72.0
0.0 327.26212 0.0574 8.0 72.0
0.0 327.26212 0.0575 7.0 73.0
-1.3742179 331.5947 0.0575 7.0 73.0
-1.3742179 331.5947 0.0576 0.0 74.0
-1.3742179 336.14 0.0576 0.0 74.0
-1.3742179 331.5947 0.0577 6.0 74.0
-2.7484357 335.92728 0.0577 6.0 74.0
-2.7484357 335.92728 0.0578 0.0 75.0
-5.368247 339.64163 0.0578 0.0 75.0
-2.7484357 335.92728 0.0579 5.0 75.0
-4.1226535 340.25986 0.0579 5.0 75.0
-4.1226535 340.25986 0.0580 1.0 76.0
-4.1226535 344.80518 0.0580 1.0 76.0
-4.1226535 344.80518 0.0581 0.0 77.0
-2.7484355 349.13776 0.0581 0.0 77.0
-4.1226535 344.80518 0.0582 0.0 77.0
-4.1226535 349.3505 0.0582 0.0 77.0
-4.1226535 349.3505 0.0583 0.0 78.0
-5.4968715 353.68307 0.0583 0.0 78.0
-4.1226535 349.3505 0.0584 0.0 78.0
-4.1226535 353.8958 0.0584 0.0 78.0
-4.1226535 340.25986 0.0585 4.0 76.0
-5.4968715 344.59244 0.0585 4.0 76.0
-5.4968715 344.59244 0.0586 0.0 77.0
-5.4968715 349.13776 0.0586 0.0 77.0
-5.4968715 344.59244 0.0587 3.0 77.0
-6.8710895 348.92502 0.0587 3.0 77.0
-6.8710895 348.92502 0.0588 0.0 78.0
-9.490901 352.63937 0.0588 0.0 78.0
-6.8710895 348.92502 0.0589 2.0 78.0
-8.245307 353.2576 0.0589 2.0 78.0
-8.245307 353.2576 0.0590 1.0 79.0
-10.865118 356.97195 0.0590 1.0 79.0
-10.865118 356.97195 0.0591 0.0 80.0
-12.239336 361.30453 0.0591 0.0 80.0
-10.865118 356.97195 0.0592 0.0 80.0
-13.484929 360.6863 0.0592 0.0 80.0
-13.484929 360.6863 0.0593 0.0 81.0
-17.105124 363.43475 0.0593 0.0 81.0
-13.484929 360.6863 0.0594 0.0 81.0
-16.10474 364.40067 0.0594 0.0 81.0
-8.245307 353.2576 0.0595 1.0 79.0
-9.619525 357.59018 0.0595 1.0 79.0
-9.619525 357.59018 0.0596 0.0 80.0
-9.619525 362.1355 0.0596 0.0 80.0
-9.619525 357.59018 0.0597 0.0 80.0
-10.993743 361.92276 0.0597 0.0 80.0
-10.993743 361.92276 0.0598 0.0 81.0
-13.613554 365.63712 0.0598 0.0 81.0
-10.993743 361.92276 0.0599 0.0 81.0
-12.367961 366.25534 0.0599 0.0 81.0
0.0 327.26212 0.0600 7.0 73.0
0.0 331.80743 0.0600 7.0 73.0
0.0 331.80743 0.0601 0.0 74.0
1.3742179 336.14 0.0601 0.0 74.0
0.0 331.80743 0.0602 6.0 74.0
0.0 336.35275 0.0602 6.0 74.0
0.0 336.35275 0.0603 0.0 75.0
-1.3742179 340.68533 0.0603 0.0 75.0
0.0 336.35275 0.0604 5.0 75.0
0.0 340.89807 0.0604 5.0 75.0
0.0 340.89807 0.0605 1.0 76.0
1.3742179 345.23065 0.0605 1.0 76.0
1.3742179 345.23065 0.0606 0.0 77.0
3.994029 348.945 0.0606 0.0 77.0
1.3742179 345.23065 0.0607 0.0 77.0
2.7484357 349.56323 0.0607 0.0 77.0
2.7484357 349.56323 0.0608 0.0 78.0
2.7484357 354.10855 0.0608 0.0 78.0
2.7484357 349.56323 0.0609 0.0 78.0
4.1226535 353.8958 0.0609 0.0 78.0
0.0 340.89807 0.0610 4.0 76.0
0.0 345.4434 0.0610 4.0 76.0
0.0 345.4434 0.0611 0.0 77.0
1.3742179 349.77597 0.0611 0.0 77.0
0.0 345.4434 0.0612 3.0 77.0
0.0 349.9887 0.0612 3.0 77.0
0.0 349.9887 0.0613 0.0 78.0
-1.3742179 354.3213 0.0613 0.0 78.0
0.0 349.9887 0.0614 2.0 78.0
0.0 354.53403 0.0614 2.0 78.0
0.0 354.53403 0.0615 1.0 79.0
-1.3742179 358.8666 0.0615 1.0 79.0
-1.3742179 358.8666 0.0616 0.0 80.0
-1.3742179 363.41193 0.0616 0.0 80.0
-1.3742179 358.8666 0.0617 0.0 80.0
-2.7484357 363.1992 0.0617 0.0 80.0
-2.7484357 363.1992 0.0618 0.0 81.0
-5.368247 366.91354 0.0618 0.0 81.0
-2.7484357 363.1992 0.0619 0.0 81.0
-4.1226535 367.53177 0.0619 0.0 81.0
0.0 354.53403 0.0620 1.0 79.0
0.0 359.07935 0.0620 1.0 79.0
0.0 359.07935 0.0621 0.0 80.0
1.3742179 363.41193 0.0621 0.0 80.0
0.0 359.07935 0.0622 0.0 80.0
0.0 363.62466 0.0622 0.0 80.0
0.0 363.62466 0.0623 0.0 81.0
-1.3742179 367.95724 0.0623 0.0 81.0
0.0 363.62466 0.0624 0.0 81.0
0.0 368.16998 0.0624 0.0 81.0
