0.0 0.0 0.00 29.0 1.0
0.0 4.046966 0.00 29.0 1.0
0.0 4.046966 0.01 0.0 2.0
-1.2270608 7.9034224 0.01 0.0 2.0
0.0 4.046966 0.02 28.0 2.0
0.0 8.093932 0.02 28.0 2.0
0.0 8.093932 0.03 0.0 3.0
1.2270608 11.950389 0.03 0.0 3.0
0.0 8.093932 0.04 0.0 3.0
0.0 12.140898 0.04 0.0 3.0
0.0 8.093932 0.05 1.0 3.0
1.2270608 11.950389 0.05 1.0 3.0
1.2270608 11.950389 0.06 0.0 4.0
1.2270608 15.9973545 0.06 0.0 4.0
1.2270608 11.950389 0.07 0.0 4.0
2.4541216 15.806846 0.07 0.0 4.0
2.4541216 15.806846 0.08 0.0 5.0
4.792716 19.109709 0.08 0.0 5.0
2.4541216 15.806846 0.09 0.0 5.0
3.6811824 19.663301 0.09 0.0 5.0
0.0 8.093932 0.010 27.0 3.0
0.0 12.140898 0.010 27.0 3.0
0.0 12.140898 0.011 0.0 4.0
-1.2270608 15.9973545 0.011 0.0 4.0
0.0 12.140898 0.012 26.0 4.0
0.0 16.187864 0.012 26.0 4.0
0.0 16.187864 0.013 0.0 5.0
1.2270608 20.044321 0.013 0.0 5.0
0.0 16.187864 0.014 0.0 5.0
0.0 20.23483 0.014 0.0 5.0
0.0 16.187864 0.015 1.0 5.0
-1.2270608 20.044321 0.015 1.0 5.0
-1.2270608 20.044321 0.016 0.0 6.0
-3.5656552 23.347185 0.016 0.0 6.0
-1.2270608 20.044321 0.017 0.0 6.0
-2.4541216 23.900778 0.017 0.0 6.0
-2.4541216 23.900778 0.018 0.0 7.0
-2.4541216 27.947744 0.018 0.0 7.0
-2.4541216 23.900778 0.019 0.0 7.0
-3.6811824 27.757235 0.019 0.0 7.0
0.0 16.187864 0.020 1.0 5.0
0.0 20.23483 0.020 1.0 5.0
0.0 20.23483 0.021 0.0 6.0
-1.2270608 24.091288 0.021 0.0 6.0
0.0 20.23483 0.022 0.0 6.0
0.0 24.281797 0.022 0.0 6.0
0.0 24.281797 0.023 0.0 7.0
1.2270608 28.138254 0.023 0.0 7.0
0.0 24.281797 0.024 0.0 7.0
0.0 28.328764 0.024 0.0 7.0
0.0 16.187864 0.025 5.0 5.0
1.2270608 20.044321 0.025 5.0 5.0
1.2270608 20.044321 0.026 0.0 6.0
1.2270608 24.091288 0.026 0.0 6.0
1.2270608 20.044321 0.027 4.0 6.0
2.4541216 23.900778 0.027 4.0 6.0
2.4541216 23.900778 0.028 0.0 7.0
4.792716 27.203642 0.028 0.0 7.0
2.4541216 23.900778 0.029 0.0 7.0
3.6811824 27.757235 0.029 0.0 7.0
2.4541216 23.900778 0.030 1.0 7.0
4.792716 27.203642 0.030 1.0 7.0
4.792716 27.203642 0.031 0.0 8.0
6.019777 31.060099 0.031 0.0 8.0
4.792716 27.203642 0.032 0.0 8.0
7.1313105 30.506506 0.032 0.0 8.0
7.1313105 30.506506 0.033 0.0 9.0
10.361261 32.944817 0.033 0.0 9.0
7.1313105 30.506506 0.034 0.0 9.0
9.469905 33.80937 0.034 0.0 9.0
2.4541216 23.900778 0.035 3.0 7.0
3.6811824 27.757235 0.035 3.0 7.0
3.6811824 27.757235 0.036 0.0 8.0
3.6811824 31.804201 0.036 0.0 8.0
3.6811824 27.757235 0.037 2.0 8.0
4.908243 31.613691 0.037 2.0 8.0
4.908243 31.613691 0.038 0.0 9.0
7.2468376 34.916553 0.038 0.0 9.0
4.908243 31.613691 0.039 0.0 9.0
6.135304 35.470146 0.039 0.0 9.0
4.908243 31.613691 0.040 1.0 9.0
4.908243 35.660656 0.040 1.0 9.0
4.908243 35.660656 0.041 0.0 10.0
3.6811824 39.517113 0.041 0.0 10.0
4.908243 35.660656 0.042 0.0 10.0
4.908243 39.707623 0.042 0.0 10.0
4.908243 39.707623 0.043 0.0 11.0
6.135304 43.56408 0.043 0.0 11.0
4.908243 39.707623 0.044 0.0 11.0
4.908243 43.75459 0.044 0.0 11.0
4.908243 31.613691 0.045 1.0 9.0
6.135304 35.470146 0.045 1.0 9.0
6.135304 35.470146 0.046 0.0 10.0
6.135304 39.517113 0.046 0.0 10.0
6.135304 35.470146 0.047 0.0 10.0
7.362365 39.326603 0.047 0.0 10.0
7.362365 39.326603 0.048 0.0 11.0
9.700959 42.629467 0.048 0.0 11.0
7.362365 39.326603 0.049 0.0 11.0
8.589426 43.18306 0.049 0.0 11.0
0.0 16.187864 0.050 25.0 5.0
0.0 20.23483 0.050 25.0 5.0
0.0 20.23483 0.051 0.0 6.0
-1.2270608 24.091288 0.051 0.0 6.0
0.0 20.23483 0.052 24.0 6.0
0.0 24.281797 0.052 24.0 6.0
0.0 24.281797 0.053 0.0 7.0
1.2270608 28.138254 0.053 0.0 7.0
0.0 24.281797 0.054 0.0 7.0
0.0 28.328764 0.054 0.0 7.0
0.0 24.281797 0.055 1.0 7.0
1.2270608 28.138254 0.055 1.0 7.0
1.2270608 28.138254 0.056 0.0 8.0
1.2270608 32.18522 0.056 0.0 8.0
1.2270608 28.138254 0.057 0.0 8.0
2.4541216 31.99471 0.057 0.0 8.0
2.4541216 31.99471 0.058 0.0 9.0
4.792716 35.297573 0.058 0.0 9.0
2.4541216 31.99471 0.059 0.0 9.0
3.6811824 35.851166 0.059 0.0 9.0
0.0 24.281797 0.060 23.0 7.0
0.0 28.328764 0.060 23.0 7.0
0.0 28.328764 0.061 0.0 8.0
-1.2270608 32.18522 0.061 0.0 8.0
0.0 28.328764 0.062 22.0 8.0
0.0 32.37573 0.062 22.0 8.0
0.0 32.37573 0.063 0.0 9.0
1.2270608 36.232185 0.063 0.0 9.0
0.0 32.37573 0.064 0.0 9.0
0.0 36.422695 0.064 0.0 9.0
0.0 32.37573 0.065 1.0 9.0
-1.2270608 36.232185 0.065 1.0 9.0
-1.2270608 36.232185 0.066 0.0 10.0
-3.5656552 39.53505 0.066 0.0 10.0
-1.2270608 36.232185 0.067 0.0 10.0
-2.4541216 40.088642 0.067 0.0 10.0
-2.4541216 40.088642 0.068 0.0 11.0
-2.4541216 44.13561 0.068 0.0 11.0
-2.4541216 40.088642 0.069 0.0 11.0
-3.6811824 43.9451 0.069 0.0 11.0
0.0 32.37573 0.070 1.0 9.0
0.0 36.422695 0.070 1.0 9.0
0.0 36.422695 0.071 0.0 10.0
-1.2270608 40.279152 0.071 0.0 10.0
0.0 36.422695 0.072 0.0 10.0
0.0 40.46966 0.072 0.0 10.0
0.0 40.46966 0.073 0.0 11.0
1.2270608 44.32612 0.073 0.0 11.0
0.0 40.46966 0.074 0.0 11.0
0.0 44.51663 0.074 0.0 11.0
0.0 32.37573 0.075 5.0 9.0
-1.2270608 36.232185 0.075 5.0 9.0
-1.2270608 36.232185 0.076 0.0 10.0
-3.5656552 39.53505 0.076 0.0 10.0
-1.2270608 36.232185 0.077 4.0 10.0
-2.4541216 40.088642 0.077 4.0 10.0
-2.4541216 40.088642 0.078 0.0 11.0
-2.4541216 44.13561 0.078 0.0 11.0
-2.4541216 40.088642 0.079 0.0 11.0
-3.6811824 43.9451 0.079 0.0 11.0
-2.4541216 40.088642 0.080 1.0 11.0
-2.4541216 44.13561 0.080 1.0 11.0
-2.4541216 44.13561 0.081 0.0 12.0
-3.6811824 47.992065 0.081 0.0 12.0
-2.4541216 44.13561 0.082 0.0 12.0
-2.4541216 48.182575 0.082 0.0 12.0
-2.4541216 48.182575 0.083 0.0 13.0
-1.2270608 52.039032 0.083 0.0 13.0
-2.4541216 48.182575 0.084 0.0 13.0
-2.4541216 52.22954 0.084 0.0 13.0
-2.4541216 40.088642 0.085 3.0 11.0
-3.6811824 43.9451 0.085 3.0 11.0
-3.6811824 43.9451 0.086 0.0 12.0
-6.019777 47.247963 0.086 0.0 12.0
-3.6811824 43.9451 0.087 2.0 12.0
-4.908243 47.801556 0.087 2.0 12.0
-4.908243 47.801556 0.088 0.0 13.0
-4.908243 51.848522 0.088 0.0 13.0
-4.908243 47.801556 0.089 0.0 13.0
-6.135304 51.658012 0.089 0.0 13.0
-4.908243 47.801556 0.090 1.0 13.0
-7.2468376 51.10442 0.090 1.0 13.0
-7.2468376 51.10442 0.091 0.0 14.0
-10.4767885 53.54273 0.091 0.0 14.0
-7.2468376 51.10442 0.092 0.0 14.0
-9.585432 54.407284 0.092 0.0 14.0
-9.585432 54.407284 0.093 0.0 15.0
-10.812492 58.26374 0.093 0.0 15.0
-9.585432 54.407284 0.094 0.0 15.0
-11.9240265 57.710148 0.094 0.0 15.0
-4.908243 47.801556 0.095 1.0 13.0
-6.135304 51.658012 0.095 1.0 13.0
-6.135304 51.658012 0.096 0.0 14.0
-8.473898 54.960876 0.096 0.0 14.0
-6.135304 51.658012 0.097 0.0 14.0
-7.362365 55.51447 0.097 0.0 14.0
-7.362365 55.51447 0.098 0.0 15.0
-7.362365 59.561436 0.098 0.0 15.0
-7.362365 55.51447 0.099 0.0 15.0
-8.589426 59.370926 0.099 0.0 15.0
0.0 32.37573 0.0100 5.0 9.0
0.0 36.422695 0.0100 5.0 9.0
0.0 36.422695 0.0101 0.0 10.0
-1.2270608 40.279152 0.0101 0.0 10.0
0.0 36.422695 0.0102 4.0 10.0
0.0 40.46966 0.0102 4.0 10.0
0.0 40.46966 0.0103 0.0 11.0
1.2270608 44.32612 0.0103 0.0 11.0
0.0 40.46966 0.0104 0.0 11.0
0.0 44.51663 0.0104 0.0 11.0
0.0 40.46966 0.0105 1.0 11.0
1.2270608 44.32612 0.0105 1.0 11.0
1.2270608 44.32612 0.0106 0.0 12.0
1.2270608 48.373085 0.0106 0.0 12.0
1.2270608 44.32612 0.0107 0.0 12.0
2.4541216 48.182575 0.0107 0.0 12.0
2.4541216 48.182575 0.0108 0.0 13.0
4.792716 51.48544 0.0108 0.0 13.0
2.4541216 48.182575 0.0109 0.0 13.0
3.6811824 52.039032 0.0109 0.0 13.0
0.0 40.46966 0.0110 3.0 11.0
0.0 44.51663 0.0110 3.0 11.0
0.0 44.51663 0.0111 0.0 12.0
-1.2270608 48.373085 0.0111 0.0 12.0
0.0 44.51663 0.0112 2.0 12.0
0.0 48.563595 0.0112 2.0 12.0
0.0 48.563595 0.0113 0.0 13.0
1.2270608 52.42005 0.0113 0.0 13.0
0.0 48.563595 0.0114 0.0 13.0
0.0 52.61056 0.0114 0.0 13.0
0.0 48.563595 0.0115 1.0 13.0
-1.2270608 52.42005 0.0115 1.0 13.0
-1.2270608 52.42005 0.0116 0.0 14.0
-3.5656552 55.722916 0.0116 0.0 14.0
-1.2270608 52.42005 0.0117 0.0 14.0
-2.4541216 56.27651 0.0117 0.0 14.0
-2.4541216 56.27651 0.0118 0.0 15.0
-2.4541216 60.323475 0.0118 0.0 15.0
-2.4541216 56.27651 0.0119 0.0 15.0
-3.6811824 60.132965 0.0119 0.0 15.0
0.0 48.563595 0.0120 1.0 13.0
0.0 52.61056 0.0120 1.0 13.0
0.0 52.61056 0.0121 0.0 14.0
-1.2270608 56.46702 0.0121 0.0 14.0
0.0 52.61056 0.0122 0.0 14.0
0.0 56.657528 0.0122 0.0 14.0
0.0 56.657528 0.0123 0.0 15.0
1.2270608 60.513985 0.0123 0.0 15.0
0.0 56.657528 0.0124 0.0 15.0
0.0 60.704494 0.0124 0.0 15.0
0.0 32.37573 0.0125 13.0 9.0
1.2270608 36.232185 0.0125 13.0 9.0
1.2270608 36.232185 0.0126 0.0 10.0
1.2270608 40.279152 0.0126 0.0 10.0
1.2270608 36.232185 0.0127 12.0 10.0
2.4541216 40.088642 0.0127 12.0 10.0
2.4541216 40.088642 0.0128 0.0 11.0
4.792716 43.391506 0.0128 0.0 11.0
2.4541216 40.088642 0.0129 0.0 11.0
3.6811824 43.9451 0.0129 0.0 11.0
2.4541216 40.088642 0.0130 1.0 11.0
4.792716 43.391506 0.0130 1.0 11.0
4.792716 43.391506 0.0131 0.0 12.0
6.019777 47.247963 0.0131 0.0 12.0
4.792716 43.391506 0.0132 0.0 12.0
7.1313105 46.69437 0.0132 0.0 12.0
7.1313105 46.69437 0.0133 0.0 13.0
10.361261 49.13268 0.0133 0.0 13.0
7.1313105 46.69437 0.0134 0.0 13.0
9.469905 49.997234 0.0134 0.0 13.0
2.4541216 40.088642 0.0135 11.0 11.0
3.6811824 43.9451 0.0135 11.0 11.0
3.6811824 43.9451 0.0136 0.0 12.0
3.6811824 47.992065 0.0136 0.0 12.0
3.6811824 43.9451 0.0137 10.0 12.0
4.908243 47.801556 0.0137 10.0 12.0
4.908243 47.801556 0.0138 0.0 13.0
7.2468376 51.10442 0.0138 0.0 13.0
4.908243 47.801556 0.0139 0.0 13.0
6.135304 51.658012 0.0139 0.0 13.0
4.908243 47.801556 0.0140 1.0 13.0
4.908243 51.848522 0.0140 1.0 13.0
4.908243 51.848522 0.0141 0.0 14.0
3.6811824 55.70498 0.0141 0.0 14.0
4.908243 51.848522 0.0142 0.0 14.0
4.908243 55.89549 0.0142 0.0 14.0
4.908243 55.89549 0.0143 0.0 15.0
6.135304 59.751945 0.0143 0.0 15.0
4.908243 55.89549 0.0144 0.0 15.0
4.908243 59.942455 0.0144 0.0 15.0
4.908243 47.801556 0.0145 1.0 13.0
6.135304 51.658012 0.0145 1.0 13.0
6.135304 51.658012 0.0146 0.0 14.0
6.135304 55.70498 0.0146 0.0 14.0
6.135304 51.658012 0.0147 0.0 14.0
7.362365 55.51447 0.0147 0.0 14.0
7.362365 55.51447 0.0148 0.0 15.0
9.700959 58.817333 0.0148 0.0 15.0
7.362365 55.51447 0.0149 0.0 15.0
8.589426 59.370926 0.0149 0.0 15.0
4.908243 47.801556 0.0150 5.0 13.0
7.2468376 51.10442 0.0150 5.0 13.0
7.2468376 51.10442 0.0151 0.0 14.0
8.473898 54.960876 0.0151 0.0 14.0
7.2468376 51.10442 0.0152 4.0 14.0
9.585432 54.407284 0.0152 4.0 14.0
9.585432 54.407284 0.0153 0.0 15.0
12.815383 56.845592 0.0153 0.0 15.0
9.585432 54.407284 0.0154 0.0 15.0
11.9240265 57.710148 0.0154 0.0 15.0
9.585432 54.407284 0.0155 1.0 15.0
12.815383 56.845592 0.0155 1.0 15.0
12.815383 56.845592 0.0156 0.0 16.0
15.153977 60.148457 0.0156 0.0 16.0
12.815383 56.845592 0.0157 0.0 16.0
16.045334 59.2839 0.0157 0.0 16.0
16.045334 59.2839 0.0158 0.0 17.0
19.862543 60.62809 0.0158 0.0 17.0
16.045334 59.2839 0.0159 0.0 17.0
19.275286 61.72221 0.0159 0.0 17.0
9.585432 54.407284 0.0160 3.0 15.0
11.9240265 57.710148 0.0160 3.0 15.0
11.9240265 57.710148 0.0161 0.0 16.0
13.151087 61.566605 0.0161 0.0 16.0
11.9240265 57.710148 0.0162 2.0 16.0
14.262621 61.013012 0.0162 2.0 16.0
14.262621 61.013012 0.0163 0.0 17.0
17.492573 63.45132 0.0163 0.0 17.0
14.262621 61.013012 0.0164 0.0 17.0
16.601215 64.31587 0.0164 0.0 17.0
14.262621 61.013012 0.0165 1.0 17.0
15.489681 64.86947 0.0165 1.0 17.0
15.489681 64.86947 0.0166 0.0 18.0
15.489681 68.916435 0.0166 0.0 18.0
15.489681 64.86947 0.0167 0.0 18.0
16.716742 68.72592 0.0167 0.0 18.0
16.716742 68.72592 0.0168 0.0 19.0
19.055336 72.028786 0.0168 0.0 19.0
16.716742 68.72592 0.0169 0.0 19.0
17.943802 72.582375 0.0169 0.0 19.0
14.262621 61.013012 0.0170 1.0 17.0
16.601215 64.31587 0.0170 1.0 17.0
16.601215 64.31587 0.0171 0.0 18.0
17.828276 68.172325 0.0171 0.0 18.0
16.601215 64.31587 0.0172 0.0 18.0
18.93981 67.61874 0.0172 0.0 18.0
18.93981 67.61874 0.0173 0.0 19.0
22.169762 70.057045 0.0173 0.0 19.0
18.93981 67.61874 0.0174 0.0 19.0
21.278404 70.9216 0.0174 0.0 19.0
4.908243 47.801556 0.0175 9.0 13.0
6.135304 51.658012 0.0175 9.0 13.0
6.135304 51.658012 0.0176 0.0 14.0
6.135304 55.70498 0.0176 0.0 14.0
6.135304 51.658012 0.0177 8.0 14.0
7.362365 55.51447 0.0177 8.0 14.0
7.362365 55.51447 0.0178 0.0 15.0
9.700959 58.817333 0.0178 0.0 15.0
7.362365 55.51447 0.0179 0.0 15.0
8.589426 59.370926 0.0179 0.0 15.0
7.362365 55.51447 0.0180 1.0 15.0
9.700959 58.817333 0.0180 1.0 15.0
9.700959 58.817333 0.0181 0.0 16.0
10.9280205 62.67379 0.0181 0.0 16.0
9.700959 58.817333 0.0182 0.0 16.0
12.039554 62.120197 0.0182 0.0 16.0
12.039554 62.120197 0.0183 0.0 17.0
15.269505 64.55851 0.0183 0.0 17.0
12.039554 62.120197 0.0184 0.0 17.0
14.378148 65.42306 0.0184 0.0 17.0
7.362365 55.51447 0.0185 7.0 15.0
8.589426 59.370926 0.0185 7.0 15.0
8.589426 59.370926 0.0186 0.0 16.0
8.589426 63.417892 0.0186 0.0 16.0
8.589426 59.370926 0.0187 6.0 16.0
9.816486 63.227383 0.0187 6.0 16.0
9.816486 63.227383 0.0188 0.0 17.0
12.155081 66.53024 0.0188 0.0 17.0
9.816486 63.227383 0.0189 0.0 17.0
11.043547 67.08384 0.0189 0.0 17.0
9.816486 63.227383 0.0190 1.0 17.0
9.816486 67.274345 0.0190 1.0 17.0
9.816486 67.274345 0.0191 0.0 18.0
8.589426 71.1308 0.0191 0.0 18.0
9.816486 67.274345 0.0192 0.0 18.0
9.816486 71.32131 0.0192 0.0 18.0
9.816486 71.32131 0.0193 0.0 19.0
11.043547 75.177765 0.0193 0.0 19.0
9.816486 71.32131 0.0194 0.0 19.0
9.816486 75.36828 0.0194 0.0 19.0
9.816486 63.227383 0.0195 1.0 17.0
11.043547 67.08384 0.0195 1.0 17.0
11.043547 67.08384 0.0196 0.0 18.0
11.043547 71.130806 0.0196 0.0 18.0
11.043547 67.08384 0.0197 0.0 18.0
12.270607 70.94029 0.0197 0.0 18.0
12.270607 70.94029 0.0198 0.0 19.0
14.609201 74.24316 0.0198 0.0 19.0
12.270607 70.94029 0.0199 0.0 19.0
13.497667 74.796745 0.0199 0.0 19.0
9.816486 63.227383 0.0200 5.0 17.0
9.816486 67.274345 0.0200 5.0 17.0
9.816486 67.274345 0.0201 0.0 18.0
8.589426 71.1308 0.0201 0.0 18.0
9.816486 67.274345 0.0202 4.0 18.0
9.816486 71.32131 0.0202 4.0 18.0
9.816486 71.32131 0.0203 0.0 19.0
11.043547 75.177765 0.0203 0.0 19.0
9.816486 71.32131 0.0204 0.0 19.0
9.816486 75.36828 0.0204 0.0 19.0
9.816486 71.32131 0.0205 1.0 19.0
11.043547 75.177765 0.0205 1.0 19.0
11.043547 75.177765 0.0206 0.0 20.0
11.043547 79.22473 0.0206 0.0 20.0
11.043547 75.177765 0.0207 0.0 20.0
12.270607 79.03422 0.0207 0.0 20.0
12.270607 79.03422 0.0208 0.0 21.0
14.609201 82.33708 0.0208 0.0 21.0
12.270607 79.03422 0.0209 0.0 21.0
13.497667 82.89067 0.0209 0.0 21.0
9.816486 71.32131 0.0210 3.0 19.0
9.816486 75.36828 0.0210 3.0 19.0
9.816486 75.36828 0.0211 0.0 20.0
8.589426 79.22473 0.0211 0.0 20.0
9.816486 75.36828 0.0212 2.0 20.0
9.816486 79.415245 0.0212 2.0 20.0
9.816486 79.415245 0.0213 0.0 21.0
11.043547 83.2717 0.0213 0.0 21.0
9.816486 79.415245 0.0214 0.0 21.0
9.816486 83.46221 0.0214 0.0 21.0
9.816486 79.415245 0.0215 1.0 21.0
8.589426 83.2717 0.0215 1.0 21.0
8.589426 83.2717 0.0216 0.0 22.0
6.2508316 86.57456 0.0216 0.0 22.0
8.589426 83.2717 0.0217 0.0 22.0
7.3623652 87.12815 0.0217 0.0 22.0
7.3623652 87.12815 0.0218 0.0 23.0
7.3623652 91.17512 0.0218 0.0 23.0
7.3623652 87.12815 0.0219 0.0 23.0
6.1353045 90.984604 0.0219 0.0 23.0
9.816486 79.415245 0.0220 1.0 21.0
9.816486 83.46221 0.0220 1.0 21.0
9.816486 83.46221 0.0221 0.0 22.0
8.589426 87.318665 0.0221 0.0 22.0
9.816486 83.46221 0.0222 0.0 22.0
9.816486 87.50918 0.0222 0.0 22.0
9.816486 87.50918 0.0223 0.0 23.0
11.043547 91.36563 0.0223 0.0 23.0
9.816486 87.50918 0.0224 0.0 23.0
9.816486 91.556145 0.0224 0.0 23.0
9.816486 63.227383 0.0225 5.0 17.0
11.043547 67.08384 0.0225 5.0 17.0
11.043547 67.08384 0.0226 0.0 18.0
11.043547 71.130806 0.0226 0.0 18.0
11.043547 67.08384 0.0227 4.0 18.0
12.270607 70.94029 0.0227 4.0 18.0
12.270607 70.94029 0.0228 0.0 19.0
14.609201 74.24316 0.0228 0.0 19.0
12.270607 70.94029 0.0229 0.0 19.0
13.497667 74.796745 0.0229 0.0 19.0
12.270607 70.94029 0.0230 1.0 19.0
14.609201 74.24316 0.0230 1.0 19.0
14.609201 74.24316 0.0231 0.0 20.0
15.836262 78.09961 0.0231 0.0 20.0
14.609201 74.24316 0.0232 0.0 20.0
16.947796 77.54602 0.0232 0.0 20.0
16.947796 77.54602 0.0233 0.0 21.0
20.177748 79.98433 0.0233 0.0 21.0
16.947796 77.54602 0.0234 0.0 21.0
19.28639 80.848885 0.0234 0.0 21.0
12.270607 70.94029 0.0235 3.0 19.0
13.497667 74.796745 0.0235 3.0 19.0
13.497667 74.796745 0.0236 0.0 20.0
13.497667 78.84371 0.0236 0.0 20.0
13.497667 74.796745 0.0237 2.0 20.0
14.724728 78.6532 0.0237 2.0 20.0
14.724728 78.6532 0.0238 0.0 21.0
17.063322 81.95606 0.0238 0.0 21.0
14.724728 78.6532 0.0239 0.0 21.0
15.951788 82.50965 0.0239 0.0 21.0
14.724728 78.6532 0.0240 1.0 21.0
14.724728 82.700165 0.0240 1.0 21.0
14.724728 82.700165 0.0241 0.0 22.0
13.497667 86.55662 0.0241 0.0 22.0
14.724728 82.700165 0.0242 0.0 22.0
14.724728 86.74713 0.0242 0.0 22.0
14.724728 86.74713 0.0243 0.0 23.0
15.951788 90.603584 0.0243 0.0 23.0
14.724728 86.74713 0.0244 0.0 23.0
14.724728 90.7941 0.0244 0.0 23.0
14.724728 78.6532 0.0245 1.0 21.0
15.951788 82.50965 0.0245 1.0 21.0
15.951788 82.50965 0.0246 0.0 22.0
15.951788 86.55662 0.0246 0.0 22.0
15.951788 82.50965 0.0247 0.0 22.0
17.178848 86.366104 0.0247 0.0 22.0
17.178848 86.366104 0.0248 0.0 23.0
19.517443 89.66897 0.0248 0.0 23.0
17.178848 86.366104 0.0249 0.0 23.0
18.405909 90.22256 0.0249 0.0 23.0
0.0 32.37573 0.0250 21.0 9.0
0.0 36.422695 0.0250 21.0 9.0
0.0 36.422695 0.0251 0.0 10.0
-1.2270608 40.279152 0.0251 0.0 10.0
0.0 36.422695 0.0252 20.0 10.0
0.0 40.46966 0.0252 20.0 10.0
0.0 40.46966 0.0253 0.0 11.0
1.2270608 44.32612 0.0253 0.0 11.0
0.0 40.46966 0.0254 0.0 11.0
0.0 44.51663 0.0254 0.0 11.0
0.0 40.46966 0.0255 1.0 11.0
1.2270608 44.32612 0.0255 1.0 11.0
1.2270608 44.32612 0.0256 0.0 12.0
1.2270608 48.373085 0.0256 0.0 12.0
1.2270608 44.32612 0.0257 0.0 12.0
2.4541216 48.182575 0.0257 0.0 12.0
2.4541216 48.182575 0.0258 0.0 13.0
4.792716 51.48544 0.0258 0.0 13.0
2.4541216 48.182575 0.0259 0.0 13.0
3.6811824 52.039032 0.0259 0.0 13.0
0.0 40.46966 0.0260 19.0 11.0
0.0 44.51663 0.0260 19.0 11.0
0.0 44.51663 0.0261 0.0 12.0
-1.2270608 48.373085 0.0261 0.0 12.0
0.0 44.51663 0.0262 18.0 12.0
0.0 48.563595 0.0262 18.0 12.0
0.0 48.563595 0.0263 0.0 13.0
1.2270608 52.42005 0.0263 0.0 13.0
0.0 48.563595 0.0264 0.0 13.0
0.0 52.61056 0.0264 0.0 13.0
0.0 48.563595 0.0265 1.0 13.0
-1.2270608 52.42005 0.0265 1.0 13.0
-1.2270608 52.42005 0.0266 0.0 14.0
-3.5656552 55.722916 0.0266 0.0 14.0
-1.2270608 52.42005 0.0267 0.0 14.0
-2.4541216 56.27651 0.0267 0.0 14.0
-2.4541216 56.27651 0.0268 0.0 15.0
-2.4541216 60.323475 0.0268 0.0 15.0
-2.4541216 56.27651 0.0269 0.0 15.0
-3.6811824 60.132965 0.0269 0.0 15.0
0.0 48.563595 0.0270 1.0 13.0
0.0 52.61056 0.0270 1.0 13.0
0.0 52.61056 0.0271 0.0 14.0
-1.2270608 56.46702 0.0271 0.0 14.0
0.0 52.61056 0.0272 0.0 14.0
0.0 56.657528 0.0272 0.0 14.0
0.0 56.657528 0.0273 0.0 15.0
1.2270608 60.513985 0.0273 0.0 15.0
0.0 56.657528 0.0274 0.0 15.0
0.0 60.704494 0.0274 0.0 15.0
0.0 48.563595 0.0275 5.0 13.0
1.2270608 52.42005 0.0275 5.0 13.0
1.2270608 52.42005 0.0276 0.0 14.0
1.2270608 56.46702 0.0276 0.0 14.0
1.2270608 52.42005 0.0277 4.0 14.0
2.4541216 56.27651 0.0277 4.0 14.0
2.4541216 56.27651 0.0278 0.0 15.0
4.792716 59.579372 0.0278 0.0 15.0
2.4541216 56.27651 0.0279 0.0 15.0
3.6811824 60.132965 0.0279 0.0 15.0
2.4541216 56.27651 0.0280 1.0 15.0
4.792716 59.579372 0.0280 1.0 15.0
4.792716 59.579372 0.0281 0.0 16.0
6.019777 63.43583 0.0281 0.0 16.0
4.792716 59.579372 0.0282 0.0 16.0
7.1313105 62.882236 0.0282 0.0 16.0
7.1313105 62.882236 0.0283 0.0 17.0
10.361261 65.32055 0.0283 0.0 17.0
7.1313105 62.882236 0.0284 0.0 17.0
9.469905 66.1851 0.0284 0.0 17.0
2.4541216 56.27651 0.0285 3.0 15.0
3.6811824 60.132965 0.0285 3.0 15.0
3.6811824 60.132965 0.0286 0.0 16.0
3.6811824 64.17993 0.0286 0.0 16.0
3.6811824 60.132965 0.0287 2.0 16.0
4.908243 63.98942 0.0287 2.0 16.0
4.908243 63.98942 0.0288 0.0 17.0
7.2468376 67.29228 0.0288 0.0 17.0
4.908243 63.98942 0.0289 0.0 17.0
6.135304 67.84588 0.0289 0.0 17.0
4.908243 63.98942 0.0290 1.0 17.0
4.908243 68.036385 0.0290 1.0 17.0
4.908243 68.036385 0.0291 0.0 18.0
3.6811824 71.89284 0.0291 0.0 18.0
4.908243 68.036385 0.0292 0.0 18.0
4.908243 72.08335 0.0292 0.0 18.0
4.908243 72.08335 0.0293 0.0 19.0
6.135304 75.939804 0.0293 0.0 19.0
4.908243 72.08335 0.0294 0.0 19.0
4.908243 76.13032 0.0294 0.0 19.0
4.908243 63.98942 0.0295 1.0 17.0
6.135304 67.84588 0.0295 1.0 17.0
6.135304 67.84588 0.0296 0.0 18.0
6.135304 71.892845 0.0296 0.0 18.0
6.135304 67.84588 0.0297 0.0 18.0
7.362365 71.70233 0.0297 0.0 18.0
7.362365 71.70233 0.0298 0.0 19.0
9.700959 75.005196 0.0298 0.0 19.0
7.362365 71.70233 0.0299 0.0 19.0
8.589426 75.558784 0.0299 0.0 19.0
0.0 48.563595 0.0300 17.0 13.0
0.0 52.61056 0.0300 17.0 13.0
0.0 52.61056 0.0301 0.0 14.0
-1.2270608 56.46702 0.0301 0.0 14.0
0.0 52.61056 0.0302 16.0 14.0
0.0 56.657528 0.0302 16.0 14.0
0.0 56.657528 0.0303 0.0 15.0
1.2270608 60.513985 0.0303 0.0 15.0
0.0 56.657528 0.0304 0.0 15.0
0.0 60.704494 0.0304 0.0 15.0
0.0 56.657528 0.0305 1.0 15.0
1.2270608 60.513985 0.0305 1.0 15.0
1.2270608 60.513985 0.0306 0.0 16.0
1.2270608 64.56095 0.0306 0.0 16.0
1.2270608 60.513985 0.0307 0.0 16.0
2.4541216 64.37044 0.0307 0.0 16.0
2.4541216 64.37044 0.0308 0.0 17.0
4.792716 67.6733 0.0308 0.0 17.0
2.4541216 64.37044 0.0309 0.0 17.0
3.6811824 68.22689 0.0309 0.0 17.0
0.0 56.657528 0.0310 15.0 15.0
0.0 60.704494 0.0310 15.0 15.0
0.0 60.704494 0.0311 0.0 16.0
-1.2270608 64.56095 0.0311 0.0 16.0
0.0 60.704494 0.0312 14.0 16.0
0.0 64.75146 0.0312 14.0 16.0
0.0 64.75146 0.0313 0.0 17.0
1.2270608 68.60791 0.0313 0.0 17.0
0.0 64.75146 0.0314 0.0 17.0
0.0 68.79842 0.0314 0.0 17.0
0.0 64.75146 0.0315 1.0 17.0
-1.2270608 68.60791 0.0315 1.0 17.0
-1.2270608 68.60791 0.0316 0.0 18.0
-3.5656552 71.910774 0.0316 0.0 18.0
-1.2270608 68.60791 0.0317 0.0 18.0
-2.4541216 72.46436 0.0317 0.0 18.0
-2.4541216 72.46436 0.0318 0.0 19.0
-2.4541216 76.51133 0.0318 0.0 19.0
-2.4541216 72.46436 0.0319 0.0 19.0
-3.6811824 76.320816 0.0319 0.0 19.0
0.0 64.75146 0.0320 1.0 17.0
0.0 68.79842 0.0320 1.0 17.0
0.0 68.79842 0.0321 0.0 18.0
-1.2270608 72.65488 0.0321 0.0 18.0
0.0 68.79842 0.0322 0.0 18.0
0.0 72.84539 0.0322 0.0 18.0
0.0 72.84539 0.0323 0.0 19.0
1.2270608 76.70184 0.0323 0.0 19.0
0.0 72.84539 0.0324 0.0 19.0
0.0 76.89236 0.0324 0.0 19.0
0.0 64.75146 0.0325 5.0 17.0
-1.2270608 68.60791 0.0325 5.0 17.0
-1.2270608 68.60791 0.0326 0.0 18.0
-3.5656552 71.910774 0.0326 0.0 18.0
-1.2270608 68.60791 0.0327 4.0 18.0
-2.4541216 72.46436 0.0327 4.0 18.0
-2.4541216 72.46436 0.0328 0.0 19.0
-2.4541216 76.51133 0.0328 0.0 19.0
-2.4541216 72.46436 0.0329 0.0 19.0
-3.6811824 76.320816 0.0329 0.0 19.0
-2.4541216 72.46436 0.0330 1.0 19.0
-2.4541216 76.51133 0.0330 1.0 19.0
-2.4541216 76.51133 0.0331 0.0 20.0
-3.6811824 80.36778 0.0331 0.0 20.0
-2.4541216 76.51133 0.0332 0.0 20.0
-2.4541216 80.5583 0.0332 0.0 20.0
-2.4541216 80.5583 0.0333 0.0 21.0
-1.2270608 84.41475 0.0333 0.0 21.0
-2.4541216 80.5583 0.0334 0.0 21.0
-2.4541216 84.60526 0.0334 0.0 21.0
-2.4541216 72.46436 0.0335 3.0 19.0
-3.6811824 76.320816 0.0335 3.0 19.0
-3.6811824 76.320816 0.0336 0.0 20.0
-6.019777 79.62368 0.0336 0.0 20.0
-3.6811824 76.320816 0.0337 2.0 20.0
-4.908243 80.17727 0.0337 2.0 20.0
-4.908243 80.17727 0.0338 0.0 21.0
-4.908243 84.224236 0.0338 0.0 21.0
-4.908243 80.17727 0.0339 0.0 21.0
-6.135304 84.03372 0.0339 0.0 21.0
-4.908243 80.17727 0.0340 1.0 21.0
-7.2468376 83.48013 0.0340 1.0 21.0
-7.2468376 83.48013 0.0341 0.0 22.0
-10.4767885 85.91844 0.0341 0.0 22.0
-7.2468376 83.48013 0.0342 0.0 22.0
-9.585432 86.783 0.0342 0.0 22.0
-9.585432 86.783 0.0343 0.0 23.0
-10.812492 90.63945 0.0343 0.0 23.0
-9.585432 86.783 0.0344 0.0 23.0
-11.9240265 90.08586 0.0344 0.0 23.0
-4.908243 80.17727 0.0345 1.0 21.0
-6.135304 84.03372 0.0345 1.0 21.0
-6.135304 84.03372 0.0346 0.0 22.0
-8.473898 87.336586 0.0346 0.0 22.0
-6.135304 84.03372 0.0347 0.0 22.0
-7.362365 87.890175 0.0347 0.0 22.0
-7.362365 87.890175 0.0348 0.0 23.0
-7.362365 91.93714 0.0348 0.0 23.0
-7.362365 87.890175 0.0349 0.0 23.0
-8.589426 91.74663 0.0349 0.0 23.0
0.0 64.75146 0.0350 5.0 17.0
0.0 68.79842 0.0350 5.0 17.0
0.0 68.79842 0.0351 0.0 18.0
-1.2270608 72.65488 0.0351 0.0 18.0
0.0 68.79842 0.0352 4.0 18.0
0.0 72.84539 0.0352 4.0 18.0
0.0 72.84539 0.0353 0.0 19.0
1.2270608 76.70184 0.0353 0.0 19.0
0.0 72.84539 0.0354 0.0 19.0
0.0 76.89236 0.0354 0.0 19.0
0.0 72.84539 0.0355 1.0 19.0
1.2270608 76.70184 0.0355 1.0 19.0
1.2270608 76.70184 0.0356 0.0 20.0
1.2270608 80.74881 0.0356 0.0 20.0
1.2270608 76.70184 0.0357 0.0 20.0
2.4541216 80.5583 0.0357 0.0 20.0
2.4541216 80.5583 0.0358 0.0 21.0
4.792716 83.86116 0.0358 0.0 21.0
2.4541216 80.5583 0.0359 0.0 21.0
3.6811824 84.41475 0.0359 0.0 21.0
0.0 72.84539 0.0360 3.0 19.0
0.0 76.89236 0.0360 3.0 19.0
0.0 76.89236 0.0361 0.0 20.0
-1.2270608 80.74881 0.0361 0.0 20.0
0.0 76.89236 0.0362 2.0 20.0
0.0 80.93932 0.0362 2.0 20.0
0.0 80.93932 0.0363 0.0 21.0
1.2270608 84.79578 0.0363 0.0 21.0
0.0 80.93932 0.0364 0.0 21.0
0.0 84.98629 0.0364 0.0 21.0
0.0 80.93932 0.0365 1.0 21.0
-1.2270608 84.79578 0.0365 1.0 21.0
-1.2270608 84.79578 0.0366 0.0 22.0
-3.5656552 88.09864 0.0366 0.0 22.0
-1.2270608 84.79578 0.0367 0.0 22.0
-2.4541216 88.65223 0.0367 0.0 22.0
-2.4541216 88.65223 0.0368 0.0 23.0
-2.4541216 92.699196 0.0368 0.0 23.0
-2.4541216 88.65223 0.0369 0.0 23.0
-3.6811824 92.50868 0.0369 0.0 23.0
0.0 80.93932 0.0370 1.0 21.0
0.0 84.98629 0.0370 1.0 21.0
0.0 84.98629 0.0371 0.0 22.0
-1.2270608 88.84274 0.0371 0.0 22.0
0.0 84.98629 0.0372 0.0 22.0
0.0 89.03326 0.0372 0.0 22.0
0.0 89.03326 0.0373 0.0 23.0
1.2270608 92.88971 0.0373 0.0 23.0
0.0 89.03326 0.0374 0.0 23.0
0.0 93.08022 0.0374 0.0 23.0
0.0 64.75146 0.0375 13.0 17.0
-1.2270608 68.60791 0.0375 13.0 17.0
-1.2270608 68.60791 0.0376 0.0 18.0
-3.5656552 71.910774 0.0376 0.0 18.0
-1.2270608 68.60791 0.0377 12.0 18.0
-2.4541216 72.46436 0.0377 12.0 18.0
-2.4541216 72.46436 0.0378 0.0 19.0
-2.4541216 76.51133 0.0378 0.0 19.0
-2.4541216 72.46436 0.0379 0.0 19.0
-3.6811824 76.320816 0.0379 0.0 19.0
-2.4541216 72.46436 0.0380 1.0 19.0
-2.4541216 76.51133 0.0380 1.0 19.0
-2.4541216 76.51133 0.0381 0.0 20.0
-3.6811824 80.36778 0.0381 0.0 20.0
-2.4541216 76.51133 0.0382 0.0 20.0
-2.4541216 80.5583 0.0382 0.0 20.0
-2.4541216 80.5583 0.0383 0.0 21.0
-1.2270608 84.41475 0.0383 0.0 21.0
-2.4541216 80.5583 0.0384 0.0 21.0
-2.4541216 84.60526 0.0384 0.0 21.0
-2.4541216 72.46436 0.0385 11.0 19.0
-3.6811824 76.320816 0.0385 11.0 19.0
-3.6811824 76.320816 0.0386 0.0 20.0
-6.019777 79.62368 0.0386 0.0 20.0
-3.6811824 76.320816 0.0387 10.0 20.0
-4.908243 80.17727 0.0387 10.0 20.0
-4.908243 80.17727 0.0388 0.0 21.0
-4.908243 84.224236 0.0388 0.0 21.0
-4.908243 80.17727 0.0389 0.0 21.0
-6.135304 84.03372 0.0389 0.0 21.0
-4.908243 80.17727 0.0390 1.0 21.0
-7.2468376 83.48013 0.0390 1.0 21.0
-7.2468376 83.48013 0.0391 0.0 22.0
-10.4767885 85.91844 0.0391 0.0 22.0
-7.2468376 83.48013 0.0392 0.0 22.0
-9.585432 86.783 0.0392 0.0 22.0
-9.585432 86.783 0.0393 0.0 23.0
-10.812492 90.63945 0.0393 0.0 23.0
-9.585432 86.783 0.0394 0.0 23.0
-11.9240265 90.08586 0.0394 0.0 23.0
-4.908243 80.17727 0.0395 1.0 21.0
-6.135304 84.03372 0.0395 1.0 21.0
-6.135304 84.03372 0.0396 0.0 22.0
-8.473898 87.336586 0.0396 0.0 22.0
-6.135304 84.03372 0.0397 0.0 22.0
-7.362365 87.890175 0.0397 0.0 22.0
-7.362365 87.890175 0.0398 0.0 23.0
-7.362365 91.93714 0.0398 0.0 23.0
-7.362365 87.890175 0.0399 0.0 23.0
-8.589426 91.74663 0.0399 0.0 23.0
-4.908243 80.17727 0.0400 5.0 21.0
-4.908243 84.224236 0.0400 5.0 21.0
-4.908243 84.224236 0.0401 0.0 22.0
-6.135304 88.08069 0.0401 0.0 22.0
-4.908243 84.224236 0.0402 4.0 22.0
-4.908243 88.2712 0.0402 4.0 22.0
-4.908243 88.2712 0.0403 0.0 23.0
-3.6811824 92.127655 0.0403 0.0 23.0
-4.908243 88.2712 0.0404 0.0 23.0
-4.908243 92.31817 0.0404 0.0 23.0
-4.908243 88.2712 0.0405 1.0 23.0
-3.6811824 92.127655 0.0405 1.0 23.0
-3.6811824 92.127655 0.0406 0.0 24.0
-3.6811824 96.17462 0.0406 0.0 24.0
-3.6811824 92.127655 0.0407 0.0 24.0
-2.4541216 95.98411 0.0407 0.0 24.0
-2.4541216 95.98411 0.0408 0.0 25.0
-0.11552715 99.28697 0.0408 0.0 25.0
-2.4541216 95.98411 0.0409 0.0 25.0
-1.2270608 99.84056 0.0409 0.0 25.0
-4.908243 88.2712 0.0410 3.0 23.0
-4.908243 92.31817 0.0410 3.0 23.0
-4.908243 92.31817 0.0411 0.0 24.0
-6.135304 96.17462 0.0411 0.0 24.0
-4.908243 92.31817 0.0412 2.0 24.0
-4.908243 96.365135 0.0412 2.0 24.0
-4.908243 96.365135 0.0413 0.0 25.0
-3.6811824 100.22159 0.0413 0.0 25.0
-4.908243 96.365135 0.0414 0.0 25.0
-4.908243 100.4121 0.0414 0.0 25.0
-4.908243 96.365135 0.0415 1.0 25.0
-6.135304 100.22159 0.0415 1.0 25.0
-6.135304 100.22159 0.0416 0.0 26.0
-8.473898 103.52445 0.0416 0.0 26.0
-6.135304 100.22159 0.0417 0.0 26.0
-7.362365 104.07804 0.0417 0.0 26.0
-7.362365 104.07804 0.0418 0.0 27.0
-7.362365 108.12501 0.0418 0.0 27.0
-7.362365 104.07804 0.0419 0.0 27.0
-8.589426 107.934494 0.0419 0.0 27.0
-4.908243 96.365135 0.0420 1.0 25.0
-4.908243 100.4121 0.0420 1.0 25.0
-4.908243 100.4121 0.0421 0.0 26.0
-6.135304 104.268555 0.0421 0.0 26.0
-4.908243 100.4121 0.0422 0.0 26.0
-4.908243 104.45907 0.0422 0.0 26.0
-4.908243 104.45907 0.0423 0.0 27.0
-3.6811824 108.31552 0.0423 0.0 27.0
-4.908243 104.45907 0.0424 0.0 27.0
-4.908243 108.506035 0.0424 0.0 27.0
-4.908243 80.17727 0.0425 9.0 21.0
-6.135304 84.03372 0.0425 9.0 21.0
-6.135304 84.03372 0.0426 0.0 22.0
-8.473898 87.336586 0.0426 0.0 22.0
-6.135304 84.03372 0.0427 8.0 22.0
-7.362365 87.890175 0.0427 8.0 22.0
-7.362365 87.890175 0.0428 0.0 23.0
-7.362365 91.93714 0.0428 0.0 23.0
-7.362365 87.890175 0.0429 0.0 23.0
-8.589426 91.74663 0.0429 0.0 23.0
-7.362365 87.890175 0.0430 1.0 23.0
-7.362365 91.93714 0.0430 1.0 23.0
-7.362365 91.93714 0.0431 0.0 24.0
-8.589426 95.793594 0.0431 0.0 24.0
-7.362365 91.93714 0.0432 0.0 24.0
-7.362365 95.98411 0.0432 0.0 24.0
-7.362365 95.98411 0.0433 0.0 25.0
-6.135304 99.84056 0.0433 0.0 25.0
-7.362365 95.98411 0.0434 0.0 25.0
-7.362365 100.031075 0.0434 0.0 25.0
-7.362365 87.890175 0.0435 7.0 23.0
-8.589426 91.74663 0.0435 7.0 23.0
-8.589426 91.74663 0.0436 0.0 24.0
-10.9280205 95.04949 0.0436 0.0 24.0
-8.589426 91.74663 0.0437 6.0 24.0
-9.816486 95.60308 0.0437 6.0 24.0
-9.816486 95.60308 0.0438 0.0 25.0
-9.816486 99.65005 0.0438 0.0 25.0
-9.816486 95.60308 0.0439 0.0 25.0
-11.043547 99.45953 0.0439 0.0 25.0
-9.816486 95.60308 0.0440 1.0 25.0
-12.155081 98.905945 0.0440 1.0 25.0
-12.155081 98.905945 0.0441 0.0 26.0
-15.385032 101.34425 0.0441 0.0 26.0
-12.155081 98.905945 0.0442 0.0 26.0
-14.493675 102.20881 0.0442 0.0 26.0
-14.493675 102.20881 0.0443 0.0 27.0
-15.720736 106.06526 0.0443 0.0 27.0
-14.493675 102.20881 0.0444 0.0 27.0
-16.83227 105.51167 0.0444 0.0 27.0
-9.816486 95.60308 0.0445 1.0 25.0
-11.043547 99.45953 0.0445 1.0 25.0
-11.043547 99.45953 0.0446 0.0 26.0
-13.382141 102.7624 0.0446 0.0 26.0
-11.043547 99.45953 0.0447 0.0 26.0
-12.270607 103.31599 0.0447 0.0 26.0
-12.270607 103.31599 0.0448 0.0 27.0
-12.270607 107.36295 0.0448 0.0 27.0
-12.270607 103.31599 0.0449 0.0 27.0
-13.497667 107.17244 0.0449 0.0 27.0
-9.816486 95.60308 0.0450 5.0 25.0
-12.155081 98.905945 0.0450 5.0 25.0
-12.155081 98.905945 0.0451 0.0 26.0
-15.385032 101.34425 0.0451 0.0 26.0
-12.155081 98.905945 0.0452 4.0 26.0
-14.493675 102.20881 0.0452 4.0 26.0
-14.493675 102.20881 0.0453 0.0 27.0
-15.720736 106.06526 0.0453 0.0 27.0
-14.493675 102.20881 0.0454 0.0 27.0
-16.83227 105.51167 0.0454 0.0 27.0
-14.493675 102.20881 0.0455 1.0 27.0
-15.720736 106.06526 0.0455 1.0 27.0
-15.720736 106.06526 0.0456 0.0 28.0
-18.05933 109.368126 0.0456 0.0 28.0
-15.720736 106.06526 0.0457 0.0 28.0
-16.947796 109.921715 0.0457 0.0 28.0
-16.947796 109.921715 0.0458 0.0 29.0
-16.947796 113.96868 0.0458 0.0 29.0
-16.947796 109.921715 0.0459 0.0 29.0
-18.174856 113.77817 0.0459 0.0 29.0
-14.493675 102.20881 0.0460 3.0 27.0
-16.83227 105.51167 0.0460 3.0 27.0
-16.83227 105.51167 0.0461 0.0 28.0
-20.062222 107.94998 0.0461 0.0 28.0
-16.83227 105.51167 0.0462 2.0 28.0
-19.170864 108.81454 0.0462 2.0 28.0
-19.170864 108.81454 0.0463 0.0 29.0
-20.397924 112.67099 0.0463 0.0 29.0
-19.170864 108.81454 0.0464 0.0 29.0
-21.509459 112.1174 0.0464 0.0 29.0
-19.170864 108.81454 0.0465 1.0 29.0
-22.400816 111.252846 0.0465 1.0 29.0
-22.400816 111.252846 0.0466 0.0 30.0
-26.218025 112.59703 0.0466 0.0 30.0
-22.400816 111.252846 0.0467 0.0 30.0
-25.630768 113.691154 0.0467 0.0 30.0
-25.630768 113.691154 0.0468 0.0 31.0
-27.969362 116.99402 0.0468 0.0 31.0
-25.630768 113.691154 0.0469 0.0 31.0
-28.86072 116.12946 0.0469 0.0 31.0
-19.170864 108.81454 0.0470 1.0 29.0
-21.509459 112.1174 0.0470 1.0 29.0
-21.509459 112.1174 0.0471 0.0 30.0
-24.73941 114.55571 0.0471 0.0 30.0
-21.509459 112.1174 0.0472 0.0 30.0
-23.848053 115.420265 0.0472 0.0 30.0
-23.848053 115.420265 0.0473 0.0 31.0
-25.075113 119.27672 0.0473 0.0 31.0
-23.848053 115.420265 0.0474 0.0 31.0
-26.186647 118.72313 0.0474 0.0 31.0
-9.816486 95.60308 0.0475 5.0 25.0
-11.043547 99.45953 0.0475 5.0 25.0
-11.043547 99.45953 0.0476 0.0 26.0
-13.382141 102.7624 0.0476 0.0 26.0
-11.043547 99.45953 0.0477 4.0 26.0
-12.270607 103.31599 0.0477 4.0 26.0
-12.270607 103.31599 0.0478 0.0 27.0
-12.270607 107.36295 0.0478 0.0 27.0
-12.270607 103.31599 0.0479 0.0 27.0
-13.497667 107.17244 0.0479 0.0 27.0
-12.270607 103.31599 0.0480 1.0 27.0
-12.270607 107.36295 0.0480 1.0 27.0
-12.270607 107.36295 0.0481 0.0 28.0
-13.497667 111.219406 0.0481 0.0 28.0
-12.270607 107.36295 0.0482 0.0 28.0
-12.270607 111.40992 0.0482 0.0 28.0
-12.270607 111.40992 0.0483 0.0 29.0
-11.043547 115.26637 0.0483 0.0 29.0
-12.270607 111.40992 0.0484 0.0 29.0
-12.270607 115.45689 0.0484 0.0 29.0
-12.270607 103.31599 0.0485 3.0 27.0
-13.497667 107.17244 0.0485 3.0 27.0
-13.497667 107.17244 0.0486 0.0 28.0
-15.836262 110.4753 0.0486 0.0 28.0
-13.497667 107.17244 0.0487 2.0 28.0
-14.724728 111.02889 0.0487 2.0 28.0
-14.724728 111.02889 0.0488 0.0 29.0
-14.724728 115.07586 0.0488 0.0 29.0
-14.724728 111.02889 0.0489 0.0 29.0
-15.951788 114.885345 0.0489 0.0 29.0
-14.724728 111.02889 0.0490 1.0 29.0
-17.063322 114.33176 0.0490 1.0 29.0
-17.063322 114.33176 0.0491 0.0 30.0
-20.293274 116.770065 0.0491 0.0 30.0
-17.063322 114.33176 0.0492 0.0 30.0
-19.401917 117.63462 0.0492 0.0 30.0
-19.401917 117.63462 0.0493 0.0 31.0
-20.628977 121.49107 0.0493 0.0 31.0
-19.401917 117.63462 0.0494 0.0 31.0
-21.74051 120.937485 0.0494 0.0 31.0
-14.724728 111.02889 0.0495 1.0 29.0
-15.951788 114.885345 0.0495 1.0 29.0
-15.951788 114.885345 0.0496 0.0 30.0
-18.290382 118.18821 0.0496 0.0 30.0
-15.951788 114.885345 0.0497 0.0 30.0
-17.178848 118.7418 0.0497 0.0 30.0
-17.178848 118.7418 0.0498 0.0 31.0
-17.178848 122.788765 0.0498 0.0 31.0
-17.178848 118.7418 0.0499 0.0 31.0
-18.405909 122.59825 0.0499 0.0 31.0
0.0 64.75146 0.0500 13.0 17.0
0.0 68.79842 0.0500 13.0 17.0
0.0 68.79842 0.0501 0.0 18.0
-1.2270608 72.65488 0.0501 0.0 18.0
0.0 68.79842 0.0502 12.0 18.0
0.0 72.84539 0.0502 12.0 18.0
0.0 72.84539 0.0503 0.0 19.0
1.2270608 76.70184 0.0503 0.0 19.0
0.0 72.84539 0.0504 0.0 19.0
0.0 76.89236 0.0504 0.0 19.0
0.0 72.84539 0.0505 1.0 19.0
1.2270608 76.70184 0.0505 1.0 19.0
1.2270608 76.70184 0.0506 0.0 20.0
1.2270608 80.74881 0.0506 0.0 20.0
1.2270608 76.70184 0.0507 0.0 20.0
2.4541216 80.5583 0.0507 0.0 20.0
2.4541216 80.5583 0.0508 0.0 21.0
4.792716 83.86116 0.0508 0.0 21.0
2.4541216 80.5583 0.0509 0.0 21.0
3.6811824 84.41475 0.0509 0.0 21.0
0.0 72.84539 0.0510 11.0 19.0
0.0 76.89236 0.0510 11.0 19.0
0.0 76.89236 0.0511 0.0 20.0
-1.2270608 80.74881 0.0511 0.0 20.0
0.0 76.89236 0.0512 10.0 20.0
0.0 80.93932 0.0512 10.0 20.0
0.0 80.93932 0.0513 0.0 21.0
1.2270608 84.79578 0.0513 0.0 21.0
0.0 80.93932 0.0514 0.0 21.0
0.0 84.98629 0.0514 0.0 21.0
0.0 80.93932 0.0515 1.0 21.0
-1.2270608 84.79578 0.0515 1.0 21.0
-1.2270608 84.79578 0.0516 0.0 22.0
-3.5656552 88.09864 0.0516 0.0 22.0
-1.2270608 84.79578 0.0517 0.0 22.0
-2.4541216 88.65223 0.0517 0.0 22.0
-2.4541216 88.65223 0.0518 0.0 23.0
-2.4541216 92.699196 0.0518 0.0 23.0
-2.4541216 88.65223 0.0519 0.0 23.0
-3.6811824 92.50868 0.0519 0.0 23.0
0.0 80.93932 0.0520 1.0 21.0
0.0 84.98629 0.0520 1.0 21.0
0.0 84.98629 0.0521 0.0 22.0
-1.2270608 88.84274 0.0521 0.0 22.0
0.0 84.98629 0.0522 0.0 22.0
0.0 89.03326 0.0522 0.0 22.0
0.0 89.03326 0.0523 0.0 23.0
1.2270608 92.88971 0.0523 0.0 23.0
0.0 89.03326 0.0524 0.0 23.0
0.0 93.08022 0.0524 0.0 23.0
0.0 80.93932 0.0525 5.0 21.0
1.2270608 84.79578 0.0525 5.0 21.0
1.2270608 84.79578 0.0526 0.0 22.0
1.2270608 88.84274 0.0526 0.0 22.0
1.2270608 84.79578 0.0527 4.0 22.0
2.4541216 88.65223 0.0527 4.0 22.0
2.4541216 88.65223 0.0528 0.0 23.0
4.792716 91.95509 0.0528 0.0 23.0
2.4541216 88.65223 0.0529 0.0 23.0
3.6811824 92.50868 0.0529 0.0 23.0
2.4541216 88.65223 0.0530 1.0 23.0
4.792716 91.95509 0.0530 1.0 23.0
4.792716 91.95509 0.0531 0.0 24.0
6.019777 95.81155 0.0531 0.0 24.0
4.792716 91.95509 0.0532 0.0 24.0
7.1313105 95.25796 0.0532 0.0 24.0
7.1313105 95.25796 0.0533 0.0 25.0
10.361261 97.696266 0.0533 0.0 25.0
7.1313105 95.25796 0.0534 0.0 25.0
9.469905 98.56082 0.0534 0.0 25.0
2.4541216 88.65223 0.0535 3.0 23.0
3.6811824 92.50868 0.0535 3.0 23.0
3.6811824 92.50868 0.0536 0.0 24.0
3.6811824 96.55565 0.0536 0.0 24.0
3.6811824 92.50868 0.0537 2.0 24.0
4.908243 96.365135 0.0537 2.0 24.0
4.908243 96.365135 0.0538 0.0 25.0
7.2468376 99.668 0.0538 0.0 25.0
4.908243 96.365135 0.0539 0.0 25.0
6.135304 100.22159 0.0539 0.0 25.0
4.908243 96.365135 0.0540 1.0 25.0
4.908243 100.4121 0.0540 1.0 25.0
4.908243 100.4121 0.0541 0.0 26.0
3.6811824 104.268555 0.0541 0.0 26.0
4.908243 100.4121 0.0542 0.0 26.0
4.908243 104.45907 0.0542 0.0 26.0
4.908243 104.45907 0.0543 0.0 27.0
6.135304 108.31552 0.0543 0.0 27.0
4.908243 104.45907 0.0544 0.0 27.0
4.908243 108.506035 0.0544 0.0 27.0
4.908243 96.365135 0.0545 1.0 25.0
6.135304 100.22159 0.0545 1.0 25.0
6.135304 100.22159 0.0546 0.0 26.0
6.135304 104.268555 0.0546 0.0 26.0
6.135304 100.22159 0.0547 0.0 26.0
7.362365 104.07804 0.0547 0.0 26.0
7.362365 104.07804 0.0548 0.0 27.0
9.700959 107.380905 0.0548 0.0 27.0
7.362365 104.07804 0.0549 0.0 27.0
8.589426 107.934494 0.0549 0.0 27.0
0.0 80.93932 0.0550 9.0 21.0
0.0 84.98629 0.0550 9.0 21.0
0.0 84.98629 0.0551 0.0 22.0
-1.2270608 88.84274 0.0551 0.0 22.0
0.0 84.98629 0.0552 8.0 22.0
0.0 89.03326 0.0552 8.0 22.0
0.0 89.03326 0.0553 0.0 23.0
1.2270608 92.88971 0.0553 0.0 23.0
0.0 89.03326 0.0554 0.0 23.0
0.0 93.08022 0.0554 0.0 23.0
0.0 89.03326 0.0555 1.0 23.0
1.2270608 92.88971 0.0555 1.0 23.0
1.2270608 92.88971 0.0556 0.0 24.0
1.2270608 96.936676 0.0556 0.0 24.0
1.2270608 92.88971 0.0557 0.0 24.0
2.4541216 96.74616 0.0557 0.0 24.0
2.4541216 96.74616 0.0558 0.0 25.0
4.792716 100.04903 0.0558 0.0 25.0
2.4541216 96.74616 0.0559 0.0 25.0
3.6811824 100.602615 0.0559 0.0 25.0
0.0 89.03326 0.0560 7.0 23.0
0.0 93.08022 0.0560 7.0 23.0
0.0 93.08022 0.0561 0.0 24.0
-1.2270608 96.936676 0.0561 0.0 24.0
0.0 93.08022 0.0562 6.0 24.0
0.0 97.12719 0.0562 6.0 24.0
0.0 97.12719 0.0563 0.0 25.0
1.2270608 100.98364 0.0563 0.0 25.0
0.0 97.12719 0.0564 0.0 25.0
0.0 101.17416 0.0564 0.0 25.0
0.0 97.12719 0.0565 1.0 25.0
-1.2270608 100.98364 0.0565 1.0 25.0
-1.2270608 100.98364 0.0566 0.0 26.0
-3.5656552 104.28651 0.0566 0.0 26.0
-1.2270608 100.98364 0.0567 0.0 26.0
-2.4541216 104.840096 0.0567 0.0 26.0
-2.4541216 104.840096 0.0568 0.0 27.0
-2.4541216 108.88706 0.0568 0.0 27.0
-2.4541216 104.840096 0.0569 0.0 27.0
-3.6811824 108.69655 0.0569 0.0 27.0
0.0 97.12719 0.0570 1.0 25.0
0.0 101.17416 0.0570 1.0 25.0
0.0 101.17416 0.0571 0.0 26.0
-1.2270608 105.03061 0.0571 0.0 26.0
0.0 101.17416 0.0572 0.0 26.0
0.0 105.22112 0.0572 0.0 26.0
0.0 105.22112 0.0573 0.0 27.0
1.2270608 109.077576 0.0573 0.0 27.0
0.0 105.22112 0.0574 0.0 27.0
0.0 109.26809 0.0574 0.0 27.0
0.0 97.12719 0.0575 5.0 25.0
-1.2270608 100.98364 0.0575 5.0 25.0
-1.2270608 100.98364 0.0576 0.0 26.0
-3.5656552 104.28651 0.0576 0.0 26.0
-1.2270608 100.98364 0.0577 4.0 26.0
-2.4541216 104.840096 0.0577 4.0 26.0
-2.4541216 104.840096 0.0578 0.0 27.0
-2.4541216 108.88706 0.0578 0.0 27.0
-2.4541216 104.840096 0.0579 0.0 27.0
-3.6811824 108.69655 0.0579 0.0 27.0
-2.4541216 104.840096 0.0580 1.0 27.0
-2.4541216 108.88706 0.0580 1.0 27.0
-2.4541216 108.88706 0.0581 0.0 28.0
-3.6811824 112.743515 0.0581 0.0 28.0
-2.4541216 108.88706 0.0582 0.0 28.0
-2.4541216 112.93403 0.0582 0.0 28.0
-2.4541216 112.93403 0.0583 0.0 29.0
-1.2270608 116.79048 0.0583 0.0 29.0
-2.4541216 112.93403 0.0584 0.0 29.0
-2.4541216 116.980995 0.0584 0.0 29.0
-2.4541216 104.840096 0.0585 3.0 27.0
-3.6811824 108.69655 0.0585 3.0 27.0
-3.6811824 108.69655 0.0586 0.0 28.0
-6.019777 111.99941 0.0586 0.0 28.0
-3.6811824 108.69655 0.0587 2.0 28.0
-4.908243 112.553 0.0587 2.0 28.0
-4.908243 112.553 0.0588 0.0 29.0
-4.908243 116.59997 0.0588 0.0 29.0
-4.908243 112.553 0.0589 0.0 29.0
-6.135304 116.409454 0.0589 0.0 29.0
-4.908243 112.553 0.0590 1.0 29.0
-7.2468376 115.855865 0.0590 1.0 29.0
-7.2468376 115.855865 0.0591 0.0 30.0
-10.4767885 118.294174 0.0591 0.0 30.0
-7.2468376 115.855865 0.0592 0.0 30.0
-9.585432 119.15873 0.0592 0.0 30.0
-9.585432 119.15873 0.0593 0.0 31.0
-10.812492 123.01518 0.0593 0.0 31.0
-9.585432 119.15873 0.0594 0.0 31.0
-11.9240265 122.46159 0.0594 0.0 31.0
-4.908243 112.553 0.0595 1.0 29.0
-6.135304 116.409454 0.0595 1.0 29.0
-6.135304 116.409454 0.0596 0.0 30.0
-8.473898 119.71232 0.0596 0.0 30.0
-6.135304 116.409454 0.0597 0.0 30.0
-7.362365 120.26591 0.0597 0.0 30.0
-7.362365 120.26591 0.0598 0.0 31.0
-7.362365 124.312874 0.0598 0.0 31.0
-7.362365 120.26591 0.0599 0.0 31.0
-8.589426 124.12236 0.0599 0.0 31.0
0.0 97.12719 0.0600 5.0 25.0
0.0 101.17416 0.0600 5.0 25.0
0.0 101.17416 0.0601 0.0 26.0
-1.2270608 105.03061 0.0601 0.0 26.0
0.0 101.17416 0.0602 4.0 26.0
0.0 105.22112 0.0602 4.0 26.0
0.0 105.22112 0.0603 0.0 27.0
1.2270608 109.077576 0.0603 0.0 27.0
0.0 105.22112 0.0604 0.0 27.0
0.0 109.26809 0.0604 0.0 27.0
0.0 105.22112 0.0605 1.0 27.0
1.2270608 109.077576 0.0605 1.0 27.0
1.2270608 109.077576 0.0606 0.0 28.0
1.2270608 113.12454 0.0606 0.0 28.0
1.2270608 109.077576 0.0607 0.0 28.0
2.4541216 112.93403 0.0607 0.0 28.0
2.4541216 112.93403 0.0608 0.0 29.0
4.792716 116.23689 0.0608 0.0 29.0
2.4541216 112.93403 0.0609 0.0 29.0
3.6811824 116.79048 0.0609 0.0 29.0
0.0 105.22112 0.0610 3.0 27.0
0.0 109.26809 0.0610 3.0 27.0
0.0 109.26809 0.0611 0.0 28.0
-1.2270608 113.12454 0.0611 0.0 28.0
0.0 109.26809 0.0612 2.0 28.0
0.0 113.315056 0.0612 2.0 28.0
0.0 113.315056 0.0613 0.0 29.0
1.2270608 117.17151 0.0613 0.0 29.0
0.0 113.315056 0.0614 0.0 29.0
0.0 117.36202 0.0614 0.0 29.0
0.0 113.315056 0.0615 1.0 29.0
-1.2270608 117.17151 0.0615 1.0 29.0
-1.2270608 117.17151 0.0616 0.0 30.0
-3.5656552 120.47437 0.0616 0.0 30.0
-1.2270608 117.17151 0.0617 0.0 30.0
-2.4541216 121.02796 0.0617 0.0 30.0
-2.4541216 121.02796 0.0618 0.0 31.0
-2.4541216 125.07493 0.0618 0.0 31.0
-2.4541216 121.02796 0.0619 0.0 31.0
-3.6811824 124.884415 0.0619 0.0 31.0
0.0 113.315056 0.0620 1.0 29.0
0.0 117.36202 0.0620 1.0 29.0
0.0 117.36202 0.0621 0.0 30.0
-1.2270608 121.218475 0.0621 0.0 30.0
0.0 117.36202 0.0622 0.0 30.0
0.0 121.40899 0.0622 0.0 30.0
0.0 121.40899 0.0623 0.0 31.0
1.2270608 125.26544 0.0623 0.0 31.0
0.0 121.40899 0.0624 0.0 31.0
0.0 125.455956 0.0624 0.0 31.0
