0.0 0.0 0.00 14.0 1.0
0.0 3.0937157 0.00 14.0 1.0
0.0 3.0937157 0.01 0.0 2.0
0.37697542 6.164378 0.01 0.0 2.0
0.0 3.0937157 0.02 13.0 2.0
0.0 6.1874313 0.02 13.0 2.0
0.0 6.1874313 0.03 0.0 3.0
-0.37697542 9.258094 0.03 0.0 3.0
-0.37697542 9.258094 0.04 0.0 4.0
-0.37697542 12.3518095 0.04 0.0 4.0
-0.37697542 9.258094 0.05 0.0 4.0
-0.75395083 12.328756 0.05 0.0 4.0
0.0 6.1874313 0.06 12.0 3.0
0.0 9.281147 0.06 12.0 3.0
0.0 9.281147 0.07 0.0 4.0
0.37697542 12.3518095 0.07 0.0 4.0
0.0 9.281147 0.08 11.0 4.0
0.0 12.374863 0.08 11.0 4.0
0.0 12.374863 0.09 2.0 5.0
-0.37697542 15.445525 0.09 2.0 5.0
-0.37697542 15.445525 0.010 0.0 6.0
-0.37697542 18.539242 0.010 0.0 6.0
-0.37697542 15.445525 0.011 1.0 6.0
-0.75395083 18.516188 0.011 1.0 6.0
-0.75395083 18.516188 0.012 0.0 7.0
-1.5022833 21.518032 0.012 0.0 7.0
-1.5022833 21.518032 0.013 0.0 8.0
-1.8792588 24.588694 0.013 0.0 8.0
-1.5022833 21.518032 0.014 0.0 8.0
-2.2506158 24.519878 0.014 0.0 8.0
-0.75395083 18.516188 0.015 0.0 7.0
-1.1309263 21.58685 0.015 0.0 7.0
-1.1309263 21.58685 0.016 0.0 8.0
-1.1309263 24.680565 0.016 0.0 8.0
-1.1309263 21.58685 0.017 0.0 8.0
-1.5079017 24.65751 0.017 0.0 8.0
0.0 12.374863 0.018 10.0 5.0
0.0 15.468578 0.018 10.0 5.0
0.0 15.468578 0.019 0.0 6.0
0.37697542 18.53924 0.019 0.0 6.0
0.0 15.468578 0.020 9.0 6.0
0.0 18.562294 0.020 9.0 6.0
0.0 18.562294 0.021 0.0 7.0
-0.37697542 21.632956 0.021 0.0 7.0
-0.37697542 21.632956 0.022 0.0 8.0
-0.37697542 24.726671 0.022 0.0 8.0
-0.37697542 21.632956 0.023 0.0 8.0
-0.75395083 24.703617 0.023 0.0 8.0
0.0 18.562294 0.024 8.0 7.0
0.0 21.65601 0.024 8.0 7.0
0.0 21.65601 0.025 0.0 8.0
0.37697542 24.726671 0.025 0.0 8.0
0.0 21.65601 0.026 7.0 8.0
0.0 24.749725 0.026 7.0 8.0
0.0 24.749725 0.027 6.0 9.0
0.37697542 27.820387 0.027 6.0 9.0
0.37697542 27.820387 0.028 0.0 10.0
1.125308 30.822231 0.028 0.0 10.0
0.37697542 27.820387 0.029 5.0 10.0
0.75395083 30.891048 0.029 5.0 10.0
0.75395083 30.891048 0.030 0.0 11.0
0.75395083 33.984764 0.030 0.0 11.0
0.75395083 33.984764 0.031 0.0 12.0
1.1309263 37.055428 0.031 0.0 12.0
0.75395083 33.984764 0.032 0.0 12.0
0.75395083 37.07848 0.032 0.0 12.0
0.75395083 30.891048 0.033 4.0 11.0
1.1309263 33.96171 0.033 4.0 11.0
1.1309263 33.96171 0.034 0.0 12.0
1.8792589 36.96356 0.034 0.0 12.0
1.1309263 33.96171 0.035 3.0 12.0
1.5079017 37.032375 0.035 3.0 12.0
1.5079017 37.032375 0.036 2.0 13.0
1.5079017 40.12609 0.036 2.0 13.0
1.5079017 40.12609 0.037 0.0 14.0
1.8848771 43.196754 0.037 0.0 14.0
1.5079017 40.12609 0.038 1.0 14.0
1.5079017 43.219807 0.038 1.0 14.0
1.5079017 43.219807 0.039 0.0 15.0
1.1309263 46.29047 0.039 0.0 15.0
1.1309263 46.29047 0.040 0.0 16.0
1.1309263 49.384186 0.040 0.0 16.0
1.1309263 46.29047 0.041 0.0 16.0
0.75395083 49.361134 0.041 0.0 16.0
1.5079017 43.219807 0.042 0.0 15.0
1.5079017 46.313522 0.042 0.0 15.0
1.5079017 46.313522 0.043 0.0 16.0
1.8848771 49.384186 0.043 0.0 16.0
1.5079017 46.313522 0.044 0.0 16.0
1.5079017 49.407238 0.044 0.0 16.0
1.5079017 37.032375 0.045 2.0 13.0
1.8848771 40.10304 0.045 2.0 13.0
1.8848771 40.10304 0.046 0.0 14.0
2.6332097 43.104885 0.046 0.0 14.0
1.8848771 40.10304 0.047 1.0 14.0
2.2618525 43.173702 0.047 1.0 14.0
2.2618525 43.173702 0.048 0.0 15.0
2.2618525 46.267418 0.048 0.0 15.0
2.2618525 46.267418 0.049 0.0 16.0
2.6388278 49.33808 0.049 0.0 16.0
2.2618525 46.267418 0.050 0.0 16.0
2.2618525 49.361134 0.050 0.0 16.0
2.2618525 43.173702 0.051 0.0 15.0
2.6388278 46.244366 0.051 0.0 15.0
2.6388278 46.244366 0.052 0.0 16.0
3.3871603 49.246212 0.052 0.0 16.0
2.6388278 46.244366 0.053 0.0 16.0
3.0158033 49.31503 0.053 0.0 16.0
0.0 24.749725 0.054 6.0 9.0
0.0 27.843441 0.054 6.0 9.0
0.0 27.843441 0.055 0.0 10.0
0.37697542 30.914103 0.055 0.0 10.0
0.0 27.843441 0.056 5.0 10.0
0.0 30.937157 0.056 5.0 10.0
0.0 30.937157 0.057 0.0 11.0
-0.37697542 34.00782 0.057 0.0 11.0
-0.37697542 34.00782 0.058 0.0 12.0
-0.37697542 37.101536 0.058 0.0 12.0
-0.37697542 34.00782 0.059 0.0 12.0
-0.75395083 37.078484 0.059 0.0 12.0
0.0 30.937157 0.060 4.0 11.0
0.0 34.030872 0.060 4.0 11.0
0.0 34.030872 0.061 0.0 12.0
0.37697542 37.101536 0.061 0.0 12.0
0.0 34.030872 0.062 3.0 12.0
0.0 37.124588 0.062 3.0 12.0
0.0 37.124588 0.063 2.0 13.0
-0.37697542 40.19525 0.063 2.0 13.0
-0.37697542 40.19525 0.064 0.0 14.0
-0.37697542 43.288967 0.064 0.0 14.0
-0.37697542 40.19525 0.065 1.0 14.0
-0.75395083 43.265915 0.065 1.0 14.0
-0.75395083 43.265915 0.066 0.0 15.0
-1.5022833 46.26776 0.066 0.0 15.0
-1.5022833 46.26776 0.067 0.0 16.0
-1.8792588 49.338425 0.067 0.0 16.0
-1.5022833 46.26776 0.068 0.0 16.0
-2.2506158 49.269608 0.068 0.0 16.0
-0.75395083 43.265915 0.069 0.0 15.0
-1.1309263 46.33658 0.069 0.0 15.0
-1.1309263 46.33658 0.070 0.0 16.0
-1.1309263 49.430294 0.070 0.0 16.0
-1.1309263 46.33658 0.071 0.0 16.0
-1.5079017 49.40724 0.071 0.0 16.0
0.0 37.124588 0.072 2.0 13.0
0.0 40.218304 0.072 2.0 13.0
0.0 40.218304 0.073 0.0 14.0
0.37697542 43.288967 0.073 0.0 14.0
0.0 40.218304 0.074 1.0 14.0
0.0 43.31202 0.074 1.0 14.0
0.0 43.31202 0.075 0.0 15.0
-0.37697542 46.382683 0.075 0.0 15.0
-0.37697542 46.382683 0.076 0.0 16.0
-0.37697542 49.4764 0.076 0.0 16.0
-0.37697542 46.382683 0.077 0.0 16.0
-0.75395083 49.453346 0.077 0.0 16.0
0.0 43.31202 0.078 0.0 15.0
0.0 46.405735 0.078 0.0 15.0
0.0 46.405735 0.079 0.0 16.0
0.37697542 49.4764 0.079 0.0 16.0
0.0 46.405735 0.080 0.0 16.0
0.0 49.49945 0.080 0.0 16.0
