0.0 0.0 0.00 11.0 1.0
0.0 1.8530349 0.00 11.0 1.0
0.0 1.8530349 0.01 10.0 2.0
0.0 3.7060697 0.01 10.0 2.0
0.0 3.7060697 0.02 1.0 3.0
0.0 5.5591044 0.02 1.0 3.0
0.0 5.5591044 0.03 0.0 4.0
-1.2029493 6.9685907 0.03 0.0 4.0
-1.2029493 6.9685907 0.04 0.0 5.0
-3.0329638 7.2597694 0.04 0.0 5.0
0.0 3.7060697 0.05 1.0 3.0
-1.5810027 2.7395458 0.05 1.0 3.0
-1.5810027 2.7395458 0.06 0.0 4.0
-3.4110174 3.0307245 0.06 0.0 4.0
-3.4110174 3.0307245 0.07 0.0 5.0
-4.613967 4.4402103 0.07 0.0 5.0
0.0 3.7060697 0.08 9.0 3.0
-1.8300146 3.9972484 0.08 9.0 3.0
-1.8300146 3.9972484 0.09 8.0 4.0
-3.6600292 4.288427 0.09 8.0 4.0
-3.6600292 4.288427 0.010 1.0 5.0
-5.4900436 4.5796056 0.010 1.0 5.0
-5.4900436 4.5796056 0.011 0.0 6.0
-7.0710464 3.6130817 0.011 0.0 6.0
-7.0710464 3.6130817 0.012 0.0 7.0
-7.6461687 1.8515561 0.012 0.0 7.0
-3.6600292 4.288427 0.013 1.0 5.0
-2.953945 2.575189 0.013 1.0 5.0
-2.953945 2.575189 0.014 0.0 6.0
-3.5290675 0.8136635 0.014 0.0 6.0
-3.5290675 0.8136635 0.015 0.0 7.0
-5.11007 -0.1528604 0.015 0.0 7.0
-3.6600292 4.288427 0.016 7.0 5.0
-5.4900436 4.5796056 0.016 7.0 5.0
-5.4900436 4.5796056 0.017 6.0 6.0
-7.3200583 4.8707843 0.017 6.0 6.0
-7.3200583 4.8707843 0.018 1.0 7.0
-9.150073 5.161963 0.018 1.0 7.0
-9.150073 5.161963 0.019 0.0 8.0
-10.731075 4.1954393 0.019 0.0 8.0
-10.731075 4.1954393 0.020 0.0 9.0
-11.306198 2.4339137 0.020 0.0 9.0
-7.3200583 4.8707843 0.021 1.0 7.0
-6.613974 3.1575465 0.021 1.0 7.0
-6.613974 3.1575465 0.022 0.0 8.0
-7.1890965 1.3960209 0.022 0.0 8.0
-7.1890965 1.3960209 0.023 0.0 9.0
-8.7701 0.429497 0.023 0.0 9.0
-7.3200583 4.8707843 0.024 5.0 7.0
-6.613974 3.1575465 0.024 5.0 7.0
-6.613974 3.1575465 0.025 4.0 8.0
-5.90789 1.4443089 0.025 4.0 8.0
-5.90789 1.4443089 0.026 1.0 9.0
-5.2018056 -0.26892877 0.026 1.0 9.0
-5.2018056 -0.26892877 0.027 0.0 10.0
-3.552536 -1.1137059 0.027 0.0 10.0
-3.552536 -1.1137059 0.028 0.0 11.0
-1.7496308 -0.6856044 0.028 0.0 11.0
-5.90789 1.4443089 0.029 1.0 9.0
-4.814448 2.9403443 0.029 1.0 9.0
-4.814448 2.9403443 0.030 0.0 10.0
-3.0115428 3.3684459 0.030 0.0 10.0
-3.0115428 3.3684459 0.031 0.0 11.0
-1.3622729 2.5236697 0.031 0.0 11.0
-5.90789 1.4443089 0.032 3.0 9.0
-4.814448 2.9403443 0.032 3.0 9.0
-4.814448 2.9403443 0.033 2.0 10.0
-3.721006 4.43638 0.033 2.0 10.0
-3.721006 4.43638 0.034 1.0 11.0
-2.627564 5.9324155 0.034 1.0 11.0
-2.627564 5.9324155 0.035 0.0 12.0
-2.7670448 7.7801933 0.035 0.0 12.0
-2.7670448 7.7801933 0.036 0.0 13.0
-4.072675 9.095133 0.036 0.0 13.0
-3.721006 4.43638 0.037 1.0 11.0
-5.567746 4.5889854 0.037 1.0 11.0
-5.567746 4.5889854 0.038 0.0 12.0
-6.873377 5.9039254 0.038 0.0 12.0
-6.873377 5.9039254 0.039 0.0 13.0
-7.012858 7.7517033 0.039 0.0 13.0
-3.6600292 4.288427 0.040 7.0 5.0
-2.953945 2.575189 0.040 7.0 5.0
-2.953945 2.575189 0.041 6.0 6.0
-2.2478607 0.8619515 0.041 6.0 6.0
-2.2478607 0.8619515 0.042 1.0 7.0
-1.5417764 -0.8512862 0.042 1.0 7.0
-1.5417764 -0.8512862 0.043 0.0 8.0
0.10749316 -1.6960633 0.043 0.0 8.0
0.10749316 -1.6960633 0.044 0.0 9.0
1.9103984 -1.2679617 0.044 0.0 9.0
-2.2478607 0.8619515 0.045 1.0 7.0
-1.1544186 2.357987 0.045 1.0 7.0
-1.1544186 2.357987 0.046 0.0 8.0
0.6484866 2.7860885 0.046 0.0 8.0
0.6484866 2.7860885 0.047 0.0 9.0
2.2977567 1.9413123 0.047 0.0 9.0
-2.2478607 0.8619515 0.048 5.0 7.0
-0.59859073 0.017175257 0.048 5.0 7.0
-0.59859073 0.017175257 0.049 4.0 8.0
1.0506792 -0.82760096 0.049 4.0 8.0
1.0506792 -0.82760096 0.050 1.0 9.0
2.6999493 -1.6723771 0.050 1.0 9.0
2.6999493 -1.6723771 0.051 0.0 10.0
4.5028543 -1.2442756 0.051 0.0 10.0
4.5028543 -1.2442756 0.052 0.0 11.0
5.5962963 0.25176 0.052 0.0 11.0
1.0506792 -0.82760096 0.053 1.0 9.0
0.9111984 1.0201769 0.053 1.0 9.0
0.9111984 1.0201769 0.054 0.0 10.0
2.0046406 2.5162125 0.054 0.0 10.0
2.0046406 2.5162125 0.055 0.0 11.0
3.8075457 2.944314 0.055 0.0 11.0
1.0506792 -0.82760096 0.056 3.0 9.0
2.8535843 -0.39949948 0.056 3.0 9.0
2.8535843 -0.39949948 0.057 2.0 10.0
4.6564894 0.028602004 0.057 2.0 10.0
4.6564894 0.028602004 0.058 1.0 11.0
6.4593945 0.45670348 0.058 1.0 11.0
6.4593945 0.45670348 0.059 0.0 12.0
7.5528364 1.952739 0.059 0.0 12.0
7.5528364 1.952739 0.060 0.0 13.0
7.4133554 3.8005168 0.060 0.0 13.0
4.6564894 0.028602004 0.061 1.0 11.0
3.3508587 1.343542 0.061 1.0 11.0
3.3508587 1.343542 0.062 0.0 12.0
3.2113779 3.19132 0.062 0.0 12.0
3.2113779 3.19132 0.063 0.0 13.0
4.30482 4.6873555 0.063 0.0 13.0
