0.0 0.0 0.00 79.0 1.0
0.0 4.1039224 0.00 79.0 1.0
0.0 4.1039224 0.01 0.0 2.0
-2.0318336 7.669568 0.01 0.0 2.0
0.0 4.1039224 0.02 78.0 2.0
0.0 8.207845 0.02 78.0 2.0
0.0 8.207845 0.03 0.0 3.0
2.0318336 11.773491 0.03 0.0 3.0
0.0 8.207845 0.04 77.0 3.0
0.0 12.311768 0.04 77.0 3.0
0.0 12.311768 0.05 1.0 4.0
2.0318336 15.877414 0.05 1.0 4.0
2.0318336 15.877414 0.06 0.0 5.0
2.0318336 19.981337 0.06 0.0 5.0
2.0318336 15.877414 0.07 0.0 5.0
4.0636673 19.44306 0.07 0.0 5.0
4.0636673 19.44306 0.08 0.0 6.0
7.5943384 21.535078 0.08 0.0 6.0
4.0636673 19.44306 0.09 0.0 6.0
6.095501 23.008705 0.09 0.0 6.0
0.0 12.311768 0.010 76.0 4.0
0.0 16.41569 0.010 76.0 4.0
0.0 16.41569 0.011 0.0 5.0
-2.0318336 19.981335 0.011 0.0 5.0
0.0 16.41569 0.012 75.0 5.0
0.0 20.519611 0.012 75.0 5.0
0.0 20.519611 0.013 0.0 6.0
2.0318336 24.085257 0.013 0.0 6.0
0.0 20.519611 0.014 74.0 6.0
0.0 24.623533 0.014 74.0 6.0
0.0 24.623533 0.015 1.0 7.0
2.0318336 28.189178 0.015 1.0 7.0
2.0318336 28.189178 0.016 0.0 8.0
2.0318336 32.293102 0.016 0.0 8.0
2.0318336 28.189178 0.017 0.0 8.0
4.0636673 31.754824 0.017 0.0 8.0
4.0636673 31.754824 0.018 0.0 9.0
7.5943384 33.846844 0.018 0.0 9.0
4.0636673 31.754824 0.019 0.0 9.0
6.095501 35.32047 0.019 0.0 9.0
0.0 24.623533 0.020 73.0 7.0
0.0 28.727455 0.020 73.0 7.0
0.0 28.727455 0.021 0.0 8.0
-2.0318336 32.293102 0.021 0.0 8.0
0.0 28.727455 0.022 72.0 8.0
0.0 32.83138 0.022 72.0 8.0
0.0 32.83138 0.023 0.0 9.0
2.0318336 36.397026 0.023 0.0 9.0
0.0 32.83138 0.024 71.0 9.0
0.0 36.935303 0.024 71.0 9.0
0.0 36.935303 0.025 7.0 10.0
-2.0318336 40.50095 0.025 7.0 10.0
-2.0318336 40.50095 0.026 0.0 11.0
-5.562505 42.592968 0.026 0.0 11.0
-2.0318336 40.50095 0.027 6.0 11.0
-4.0636673 44.066597 0.027 6.0 11.0
-4.0636673 44.066597 0.028 0.0 12.0
-4.0636673 48.17052 0.028 0.0 12.0
-4.0636673 44.066597 0.029 5.0 12.0
-6.095501 47.632244 0.029 5.0 12.0
-6.095501 47.632244 0.030 1.0 13.0
-6.095501 51.736168 0.030 1.0 13.0
-6.095501 51.736168 0.031 0.0 14.0
-8.127335 55.301815 0.031 0.0 14.0
-6.095501 51.736168 0.032 0.0 14.0
-6.095501 55.84009 0.032 0.0 14.0
-6.095501 55.84009 0.033 0.0 15.0
-4.0636673 59.40574 0.033 0.0 15.0
-6.095501 55.84009 0.034 0.0 15.0
-6.095501 59.944016 0.034 0.0 15.0
-6.095501 47.632244 0.035 4.0 13.0
-8.127335 51.19789 0.035 4.0 13.0
-8.127335 51.19789 0.036 0.0 14.0
-11.658006 53.28991 0.036 0.0 14.0
-8.127335 51.19789 0.037 3.0 14.0
-10.159168 54.76354 0.037 3.0 14.0
-10.159168 54.76354 0.038 0.0 15.0
-10.159168 58.867462 0.038 0.0 15.0
-10.159168 54.76354 0.039 2.0 15.0
-12.191002 58.329185 0.039 2.0 15.0
-12.191002 58.329185 0.040 1.0 16.0
-12.191002 62.43311 0.040 1.0 16.0
-12.191002 62.43311 0.041 0.0 17.0
-14.222836 65.99876 0.041 0.0 17.0
-12.191002 62.43311 0.042 0.0 17.0
-12.191002 66.53703 0.042 0.0 17.0
-12.191002 66.53703 0.043 0.0 18.0
-10.159168 70.10268 0.043 0.0 18.0
-12.191002 66.53703 0.044 0.0 18.0
-12.191002 70.64095 0.044 0.0 18.0
-12.191002 58.329185 0.045 1.0 16.0
-14.222836 61.894833 0.045 1.0 16.0
-14.222836 61.894833 0.046 0.0 17.0
-17.753506 63.98685 0.046 0.0 17.0
-14.222836 61.894833 0.047 0.0 17.0
-16.25467 65.46048 0.047 0.0 17.0
-16.25467 65.46048 0.048 0.0 18.0
-16.25467 69.5644 0.048 0.0 18.0
-16.25467 65.46048 0.049 0.0 18.0
-18.286503 69.02612 0.049 0.0 18.0
0.0 36.935303 0.050 70.0 10.0
0.0 41.039227 0.050 70.0 10.0
0.0 41.039227 0.051 0.0 11.0
-2.0318336 44.604874 0.051 0.0 11.0
0.0 41.039227 0.052 69.0 11.0
0.0 45.14315 0.052 69.0 11.0
0.0 45.14315 0.053 0.0 12.0
2.0318336 48.708797 0.053 0.0 12.0
0.0 45.14315 0.054 68.0 12.0
0.0 49.247074 0.054 68.0 12.0
0.0 49.247074 0.055 1.0 13.0
2.0318336 52.81272 0.055 1.0 13.0
2.0318336 52.81272 0.056 0.0 14.0
2.0318336 56.916645 0.056 0.0 14.0
2.0318336 52.81272 0.057 0.0 14.0
4.0636673 56.37837 0.057 0.0 14.0
4.0636673 56.37837 0.058 0.0 15.0
7.5943384 58.470387 0.058 0.0 15.0
4.0636673 56.37837 0.059 0.0 15.0
6.095501 59.944016 0.059 0.0 15.0
0.0 49.247074 0.060 67.0 13.0
0.0 53.350998 0.060 67.0 13.0
0.0 53.350998 0.061 0.0 14.0
-2.0318336 56.916645 0.061 0.0 14.0
0.0 53.350998 0.062 66.0 14.0
0.0 57.45492 0.062 66.0 14.0
0.0 57.45492 0.063 0.0 15.0
2.0318336 61.02057 0.063 0.0 15.0
0.0 57.45492 0.064 65.0 15.0
0.0 61.558846 0.064 65.0 15.0
0.0 61.558846 0.065 1.0 16.0
2.0318336 65.12449 0.065 1.0 16.0
2.0318336 65.12449 0.066 0.0 17.0
2.0318336 69.22841 0.066 0.0 17.0
2.0318336 65.12449 0.067 0.0 17.0
4.0636673 68.69013 0.067 0.0 17.0
4.0636673 68.69013 0.068 0.0 18.0
7.5943384 70.78215 0.068 0.0 18.0
4.0636673 68.69013 0.069 0.0 18.0
6.095501 72.255775 0.069 0.0 18.0
0.0 61.558846 0.070 64.0 16.0
0.0 65.662766 0.070 64.0 16.0
0.0 65.662766 0.071 0.0 17.0
-2.0318336 69.22841 0.071 0.0 17.0
0.0 65.662766 0.072 63.0 17.0
0.0 69.766685 0.072 63.0 17.0
0.0 69.766685 0.073 0.0 18.0
2.0318336 73.33233 0.073 0.0 18.0
0.0 69.766685 0.074 62.0 18.0
0.0 73.870605 0.074 62.0 18.0
0.0 73.870605 0.075 7.0 19.0
2.0318336 77.43625 0.075 7.0 19.0
2.0318336 77.43625 0.076 0.0 20.0
2.0318336 81.54017 0.076 0.0 20.0
2.0318336 77.43625 0.077 6.0 20.0
4.0636673 81.00189 0.077 6.0 20.0
4.0636673 81.00189 0.078 0.0 21.0
7.5943384 83.09391 0.078 0.0 21.0
4.0636673 81.00189 0.079 5.0 21.0
6.095501 84.567535 0.079 5.0 21.0
6.095501 84.567535 0.080 1.0 22.0
9.626172 86.65955 0.080 1.0 22.0
9.626172 86.65955 0.081 0.0 23.0
11.658006 90.2252 0.081 0.0 23.0
9.626172 86.65955 0.082 0.0 23.0
13.156843 88.75157 0.082 0.0 23.0
13.156843 88.75157 0.083 0.0 24.0
17.260176 88.82118 0.083 0.0 24.0
13.156843 88.75157 0.084 0.0 24.0
16.687513 90.84359 0.084 0.0 24.0
6.095501 84.567535 0.085 4.0 22.0
8.127335 88.13318 0.085 4.0 22.0
8.127335 88.13318 0.086 0.0 23.0
8.127335 92.2371 0.086 0.0 23.0
8.127335 88.13318 0.087 3.0 23.0
10.159168 91.69882 0.087 3.0 23.0
10.159168 91.69882 0.088 0.0 24.0
13.689839 93.79084 0.088 0.0 24.0
10.159168 91.69882 0.089 2.0 24.0
12.191002 95.264465 0.089 2.0 24.0
12.191002 95.264465 0.090 1.0 25.0
15.721673 97.35648 0.090 1.0 25.0
15.721673 97.35648 0.091 0.0 26.0
17.753506 100.92213 0.091 0.0 26.0
15.721673 97.35648 0.092 0.0 26.0
19.252344 99.4485 0.092 0.0 26.0
19.252344 99.4485 0.093 0.0 27.0
23.355677 99.51811 0.093 0.0 27.0
19.252344 99.4485 0.094 0.0 27.0
22.783014 101.54052 0.094 0.0 27.0
12.191002 95.264465 0.095 1.0 25.0
14.222836 98.83011 0.095 1.0 25.0
14.222836 98.83011 0.096 0.0 26.0
14.222836 102.93403 0.096 0.0 26.0
14.222836 98.83011 0.097 0.0 26.0
16.25467 102.39575 0.097 0.0 26.0
16.25467 102.39575 0.098 0.0 27.0
19.78534 104.48777 0.098 0.0 27.0
16.25467 102.39575 0.099 0.0 27.0
18.286503 105.961395 0.099 0.0 27.0
0.0 73.870605 0.0100 61.0 19.0
0.0 77.974525 0.0100 61.0 19.0
0.0 77.974525 0.0101 0.0 20.0
-2.0318336 81.54017 0.0101 0.0 20.0
0.0 77.974525 0.0102 60.0 20.0
0.0 82.078445 0.0102 60.0 20.0
0.0 82.078445 0.0103 0.0 21.0
2.0318336 85.64409 0.0103 0.0 21.0
0.0 82.078445 0.0104 59.0 21.0
0.0 86.182365 0.0104 59.0 21.0
0.0 86.182365 0.0105 1.0 22.0
2.0318336 89.74801 0.0105 1.0 22.0
2.0318336 89.74801 0.0106 0.0 23.0
2.0318336 93.85193 0.0106 0.0 23.0
2.0318336 89.74801 0.0107 0.0 23.0
4.0636673 93.31365 0.0107 0.0 23.0
4.0636673 93.31365 0.0108 0.0 24.0
7.5943384 95.40567 0.0108 0.0 24.0
4.0636673 93.31365 0.0109 0.0 24.0
6.095501 96.879295 0.0109 0.0 24.0
0.0 86.182365 0.0110 58.0 22.0
0.0 90.286285 0.0110 58.0 22.0
0.0 90.286285 0.0111 0.0 23.0
-2.0318336 93.85193 0.0111 0.0 23.0
0.0 90.286285 0.0112 57.0 23.0
0.0 94.390205 0.0112 57.0 23.0
0.0 94.390205 0.0113 0.0 24.0
2.0318336 97.95585 0.0113 0.0 24.0
0.0 94.390205 0.0114 56.0 24.0
0.0 98.494125 0.0114 56.0 24.0
0.0 98.494125 0.0115 1.0 25.0
2.0318336 102.05977 0.0115 1.0 25.0
2.0318336 102.05977 0.0116 0.0 26.0
2.0318336 106.16369 0.0116 0.0 26.0
2.0318336 102.05977 0.0117 0.0 26.0
4.0636673 105.62541 0.0117 0.0 26.0
4.0636673 105.62541 0.0118 0.0 27.0
7.5943384 107.71743 0.0118 0.0 27.0
4.0636673 105.62541 0.0119 0.0 27.0
6.095501 109.191055 0.0119 0.0 27.0
0.0 98.494125 0.0120 55.0 25.0
0.0 102.598045 0.0120 55.0 25.0
0.0 102.598045 0.0121 0.0 26.0
-2.0318336 106.16369 0.0121 0.0 26.0
0.0 102.598045 0.0122 54.0 26.0
0.0 106.701965 0.0122 54.0 26.0
0.0 106.701965 0.0123 0.0 27.0
2.0318336 110.26761 0.0123 0.0 27.0
0.0 106.701965 0.0124 53.0 27.0
0.0 110.805885 0.0124 53.0 27.0
0.0 110.805885 0.0125 25.0 28.0
-2.0318336 114.37153 0.0125 25.0 28.0
-2.0318336 114.37153 0.0126 0.0 29.0
-5.562505 116.46355 0.0126 0.0 29.0
-2.0318336 114.37153 0.0127 24.0 29.0
-4.0636673 117.93717 0.0127 24.0 29.0
-4.0636673 117.93717 0.0128 0.0 30.0
-4.0636673 122.04109 0.0128 0.0 30.0
-4.0636673 117.93717 0.0129 23.0 30.0
-6.095501 121.502815 0.0129 23.0 30.0
-6.095501 121.502815 0.0130 1.0 31.0
-6.095501 125.606735 0.0130 1.0 31.0
-6.095501 125.606735 0.0131 0.0 32.0
-8.127335 129.17238 0.0131 0.0 32.0
-6.095501 125.606735 0.0132 0.0 32.0
-6.095501 129.71066 0.0132 0.0 32.0
-6.095501 129.71066 0.0133 0.0 33.0
-4.0636673 133.2763 0.0133 0.0 33.0
-6.095501 129.71066 0.0134 0.0 33.0
-6.095501 133.81459 0.0134 0.0 33.0
-6.095501 121.502815 0.0135 22.0 31.0
-8.127335 125.06846 0.0135 22.0 31.0
-8.127335 125.06846 0.0136 0.0 32.0
-11.658006 127.16048 0.0136 0.0 32.0
-8.127335 125.06846 0.0137 21.0 32.0
-10.159168 128.63411 0.0137 21.0 32.0
-10.159168 128.63411 0.0138 0.0 33.0
-10.159168 132.73804 0.0138 0.0 33.0
-10.159168 128.63411 0.0139 20.0 33.0
-12.191002 132.19975 0.0139 20.0 33.0
-12.191002 132.19975 0.0140 1.0 34.0
-12.191002 136.30368 0.0140 1.0 34.0
-12.191002 136.30368 0.0141 0.0 35.0
-14.222836 139.86932 0.0141 0.0 35.0
-12.191002 136.30368 0.0142 0.0 35.0
-12.191002 140.40761 0.0142 0.0 35.0
-12.191002 140.40761 0.0143 0.0 36.0
-10.159168 143.97325 0.0143 0.0 36.0
-12.191002 140.40761 0.0144 0.0 36.0
-12.191002 144.51154 0.0144 0.0 36.0
-12.191002 132.19975 0.0145 19.0 34.0
-14.222836 135.7654 0.0145 19.0 34.0
-14.222836 135.7654 0.0146 0.0 35.0
-17.753506 137.85742 0.0146 0.0 35.0
-14.222836 135.7654 0.0147 18.0 35.0
-16.25467 139.33104 0.0147 18.0 35.0
-16.25467 139.33104 0.0148 0.0 36.0
-16.25467 143.43497 0.0148 0.0 36.0
-16.25467 139.33104 0.0149 17.0 36.0
-18.286503 142.89668 0.0149 17.0 36.0
-18.286503 142.89668 0.0150 7.0 37.0
-21.817173 144.98871 0.0150 7.0 37.0
-21.817173 144.98871 0.0151 0.0 38.0
-25.920506 145.05832 0.0151 0.0 38.0
-21.817173 144.98871 0.0152 6.0 38.0
-25.347843 147.08073 0.0152 6.0 38.0
-25.347843 147.08073 0.0153 0.0 39.0
-27.379677 150.64638 0.0153 0.0 39.0
-25.347843 147.08073 0.0154 5.0 39.0
-28.878513 149.17276 0.0154 5.0 39.0
-28.878513 149.17276 0.0155 1.0 40.0
-30.910347 152.7384 0.0155 1.0 40.0
-30.910347 152.7384 0.0156 0.0 41.0
-34.441017 154.83043 0.0156 0.0 41.0
-30.910347 152.7384 0.0157 0.0 41.0
-32.94218 156.30405 0.0157 0.0 41.0
-32.94218 156.30405 0.0158 0.0 42.0
-32.94218 160.40797 0.0158 0.0 42.0
-32.94218 156.30405 0.0159 0.0 42.0
-34.974014 159.86969 0.0159 0.0 42.0
-28.878513 149.17276 0.0160 4.0 40.0
-32.409184 151.26479 0.0160 4.0 40.0
-32.409184 151.26479 0.0161 0.0 41.0
-36.512516 151.3344 0.0161 0.0 41.0
-32.409184 151.26479 0.0162 3.0 41.0
-35.939854 153.35681 0.0162 3.0 41.0
-35.939854 153.35681 0.0163 0.0 42.0
-37.971687 156.92245 0.0163 0.0 42.0
-35.939854 153.35681 0.0164 2.0 42.0
-39.470524 155.44884 0.0164 2.0 42.0
-39.470524 155.44884 0.0165 1.0 43.0
-41.502357 159.01448 0.0165 1.0 43.0
-41.502357 159.01448 0.0166 0.0 44.0
-45.033028 161.1065 0.0166 0.0 44.0
-41.502357 159.01448 0.0167 0.0 44.0
-43.53419 162.58012 0.0167 0.0 44.0
-43.53419 162.58012 0.0168 0.0 45.0
-43.53419 166.68405 0.0168 0.0 45.0
-43.53419 162.58012 0.0169 0.0 45.0
-45.566025 166.14577 0.0169 0.0 45.0
-39.470524 155.44884 0.0170 1.0 43.0
-43.001194 157.54086 0.0170 1.0 43.0
-43.001194 157.54086 0.0171 0.0 44.0
-47.104527 157.61047 0.0171 0.0 44.0
-43.001194 157.54086 0.0172 0.0 44.0
-46.531864 159.63289 0.0172 0.0 44.0
-46.531864 159.63289 0.0173 0.0 45.0
-48.563698 163.19853 0.0173 0.0 45.0
-46.531864 159.63289 0.0174 0.0 45.0
-50.062534 161.72491 0.0174 0.0 45.0
-18.286503 142.89668 0.0175 16.0 37.0
-20.318336 146.46233 0.0175 16.0 37.0
-20.318336 146.46233 0.0176 0.0 38.0
-23.849007 148.55435 0.0176 0.0 38.0
-20.318336 146.46233 0.0177 15.0 38.0
-22.35017 150.02797 0.0177 15.0 38.0
-22.35017 150.02797 0.0178 0.0 39.0
-22.35017 154.1319 0.0178 0.0 39.0
-22.35017 150.02797 0.0179 14.0 39.0
-24.382004 153.59361 0.0179 14.0 39.0
-24.382004 153.59361 0.0180 1.0 40.0
-24.382004 157.69754 0.0180 1.0 40.0
-24.382004 157.69754 0.0181 0.0 41.0
-26.413837 161.26318 0.0181 0.0 41.0
-24.382004 157.69754 0.0182 0.0 41.0
-24.382004 161.80147 0.0182 0.0 41.0
-24.382004 161.80147 0.0183 0.0 42.0
-22.35017 165.36711 0.0183 0.0 42.0
-24.382004 161.80147 0.0184 0.0 42.0
-24.382004 165.9054 0.0184 0.0 42.0
-24.382004 153.59361 0.0185 13.0 40.0
-26.413837 157.15926 0.0185 13.0 40.0
-26.413837 157.15926 0.0186 0.0 41.0
-29.944508 159.25128 0.0186 0.0 41.0
-26.413837 157.15926 0.0187 12.0 41.0
-28.445671 160.7249 0.0187 12.0 41.0
-28.445671 160.7249 0.0188 0.0 42.0
-28.445671 164.82883 0.0188 0.0 42.0
-28.445671 160.7249 0.0189 11.0 42.0
-30.477505 164.29054 0.0189 11.0 42.0
-30.477505 164.29054 0.0190 1.0 43.0
-30.477505 168.39447 0.0190 1.0 43.0
-30.477505 168.39447 0.0191 0.0 44.0
-32.50934 171.96011 0.0191 0.0 44.0
-30.477505 168.39447 0.0192 0.0 44.0
-30.477505 172.4984 0.0192 0.0 44.0
-30.477505 172.4984 0.0193 0.0 45.0
-28.445671 176.06404 0.0193 0.0 45.0
-30.477505 172.4984 0.0194 0.0 45.0
-30.477505 176.60233 0.0194 0.0 45.0
-30.477505 164.29054 0.0195 10.0 43.0
-32.50934 167.85619 0.0195 10.0 43.0
-32.50934 167.85619 0.0196 0.0 44.0
-36.04001 169.94821 0.0196 0.0 44.0
-32.50934 167.85619 0.0197 9.0 44.0
-34.541172 171.42183 0.0197 9.0 44.0
-34.541172 171.42183 0.0198 0.0 45.0
-34.541172 175.52576 0.0198 0.0 45.0
-34.541172 171.42183 0.0199 8.0 45.0
-36.573006 174.98747 0.0199 8.0 45.0
-36.573006 174.98747 0.0200 7.0 46.0
-36.573006 179.0914 0.0200 7.0 46.0
-36.573006 179.0914 0.0201 0.0 47.0
-38.60484 182.65704 0.0201 0.0 47.0
-36.573006 179.0914 0.0202 6.0 47.0
-36.573006 183.19533 0.0202 6.0 47.0
-36.573006 183.19533 0.0203 0.0 48.0
-34.541172 186.76097 0.0203 0.0 48.0
-36.573006 183.19533 0.0204 5.0 48.0
-36.573006 187.29926 0.0204 5.0 48.0
-36.573006 187.29926 0.0205 1.0 49.0
-34.541172 190.8649 0.0205 1.0 49.0
-34.541172 190.8649 0.0206 0.0 50.0
-34.541172 194.96883 0.0206 0.0 50.0
-34.541172 190.8649 0.0207 0.0 50.0
-32.50934 194.43054 0.0207 0.0 50.0
-32.50934 194.43054 0.0208 0.0 51.0
-28.978668 196.52257 0.0208 0.0 51.0
-32.50934 194.43054 0.0209 0.0 51.0
-30.477505 197.99619 0.0209 0.0 51.0
-36.573006 187.29926 0.0210 4.0 49.0
-36.573006 191.40318 0.0210 4.0 49.0
-36.573006 191.40318 0.0211 0.0 50.0
-38.60484 194.96883 0.0211 0.0 50.0
-36.573006 191.40318 0.0212 3.0 50.0
-36.573006 195.50711 0.0212 3.0 50.0
-36.573006 195.50711 0.0213 0.0 51.0
-34.541172 199.07275 0.0213 0.0 51.0
-36.573006 195.50711 0.0214 2.0 51.0
-36.573006 199.61104 0.0214 2.0 51.0
-36.573006 199.61104 0.0215 1.0 52.0
-34.541172 203.17668 0.0215 1.0 52.0
-34.541172 203.17668 0.0216 0.0 53.0
-34.541172 207.28061 0.0216 0.0 53.0
-34.541172 203.17668 0.0217 0.0 53.0
-32.50934 206.74232 0.0217 0.0 53.0
-32.50934 206.74232 0.0218 0.0 54.0
-28.978668 208.83435 0.0218 0.0 54.0
-32.50934 206.74232 0.0219 0.0 54.0
-30.477505 210.30797 0.0219 0.0 54.0
-36.573006 199.61104 0.0220 1.0 52.0
-36.573006 203.71497 0.0220 1.0 52.0
-36.573006 203.71497 0.0221 0.0 53.0
-38.60484 207.28061 0.0221 0.0 53.0
-36.573006 203.71497 0.0222 0.0 53.0
-36.573006 207.8189 0.0222 0.0 53.0
-36.573006 207.8189 0.0223 0.0 54.0
-34.541172 211.38454 0.0223 0.0 54.0
-36.573006 207.8189 0.0224 0.0 54.0
-36.573006 211.92282 0.0224 0.0 54.0
-36.573006 174.98747 0.0225 7.0 46.0
-38.60484 178.55312 0.0225 7.0 46.0
-38.60484 178.55312 0.0226 0.0 47.0
-42.13551 180.64514 0.0226 0.0 47.0
-38.60484 178.55312 0.0227 6.0 47.0
-40.636673 182.11876 0.0227 6.0 47.0
-40.636673 182.11876 0.0228 0.0 48.0
-40.636673 186.22269 0.0228 0.0 48.0
-40.636673 182.11876 0.0229 5.0 48.0
-42.668507 185.6844 0.0229 5.0 48.0
-42.668507 185.6844 0.0230 1.0 49.0
-42.668507 189.78833 0.0230 1.0 49.0
-42.668507 189.78833 0.0231 0.0 50.0
-44.70034 193.35397 0.0231 0.0 50.0
-42.668507 189.78833 0.0232 0.0 50.0
-42.668507 193.89226 0.0232 0.0 50.0
-42.668507 193.89226 0.0233 0.0 51.0
-40.636673 197.4579 0.0233 0.0 51.0
-42.668507 193.89226 0.0234 0.0 51.0
-42.668507 197.99619 0.0234 0.0 51.0
-42.668507 185.6844 0.0235 4.0 49.0
-44.70034 189.25005 0.0235 4.0 49.0
-44.70034 189.25005 0.0236 0.0 50.0
-48.23101 191.34207 0.0236 0.0 50.0
-44.70034 189.25005 0.0237 3.0 50.0
-46.732174 192.81569 0.0237 3.0 50.0
-46.732174 192.81569 0.0238 0.0 51.0
-46.732174 196.91962 0.0238 0.0 51.0
-46.732174 192.81569 0.0239 2.0 51.0
-48.764008 196.38133 0.0239 2.0 51.0
-48.764008 196.38133 0.0240 1.0 52.0
-48.764008 200.48526 0.0240 1.0 52.0
-48.764008 200.48526 0.0241 0.0 53.0
-50.79584 204.0509 0.0241 0.0 53.0
-48.764008 200.48526 0.0242 0.0 53.0
-48.764008 204.58919 0.0242 0.0 53.0
-48.764008 204.58919 0.0243 0.0 54.0
-46.732174 208.15483 0.0243 0.0 54.0
-48.764008 204.58919 0.0244 0.0 54.0
-48.764008 208.69312 0.0244 0.0 54.0
-48.764008 196.38133 0.0245 1.0 52.0
-50.79584 199.94698 0.0245 1.0 52.0
-50.79584 199.94698 0.0246 0.0 53.0
-54.32651 202.039 0.0246 0.0 53.0
-50.79584 199.94698 0.0247 0.0 53.0
-52.827675 203.51262 0.0247 0.0 53.0
-52.827675 203.51262 0.0248 0.0 54.0
-52.827675 207.61655 0.0248 0.0 54.0
-52.827675 203.51262 0.0249 0.0 54.0
-54.85951 207.07826 0.0249 0.0 54.0
0.0 110.805885 0.0250 52.0 28.0
0.0 114.909805 0.0250 52.0 28.0
0.0 114.909805 0.0251 0.0 29.0
-2.0318336 118.47545 0.0251 0.0 29.0
0.0 114.909805 0.0252 51.0 29.0
0.0 119.013725 0.0252 51.0 29.0
0.0 119.013725 0.0253 0.0 30.0
2.0318336 122.57937 0.0253 0.0 30.0
0.0 119.013725 0.0254 50.0 30.0
0.0 123.117645 0.0254 50.0 30.0
0.0 123.117645 0.0255 1.0 31.0
2.0318336 126.68329 0.0255 1.0 31.0
2.0318336 126.68329 0.0256 0.0 32.0
2.0318336 130.78722 0.0256 0.0 32.0
2.0318336 126.68329 0.0257 0.0 32.0
4.0636673 130.24893 0.0257 0.0 32.0
4.0636673 130.24893 0.0258 0.0 33.0
7.5943384 132.34096 0.0258 0.0 33.0
4.0636673 130.24893 0.0259 0.0 33.0
6.095501 133.81458 0.0259 0.0 33.0
0.0 123.117645 0.0260 49.0 31.0
0.0 127.221565 0.0260 49.0 31.0
0.0 127.221565 0.0261 0.0 32.0
-2.0318336 130.78722 0.0261 0.0 32.0
0.0 127.221565 0.0262 48.0 32.0
0.0 131.32549 0.0262 48.0 32.0
0.0 131.32549 0.0263 0.0 33.0
2.0318336 134.89113 0.0263 0.0 33.0
0.0 131.32549 0.0264 47.0 33.0
0.0 135.42941 0.0264 47.0 33.0
0.0 135.42941 0.0265 1.0 34.0
2.0318336 138.99506 0.0265 1.0 34.0
2.0318336 138.99506 0.0266 0.0 35.0
2.0318336 143.09898 0.0266 0.0 35.0
2.0318336 138.99506 0.0267 0.0 35.0
4.0636673 142.5607 0.0267 0.0 35.0
4.0636673 142.5607 0.0268 0.0 36.0
7.5943384 144.65273 0.0268 0.0 36.0
4.0636673 142.5607 0.0269 0.0 36.0
6.095501 146.12634 0.0269 0.0 36.0
0.0 135.42941 0.0270 46.0 34.0
0.0 139.53334 0.0270 46.0 34.0
0.0 139.53334 0.0271 0.0 35.0
-2.0318336 143.09898 0.0271 0.0 35.0
0.0 139.53334 0.0272 45.0 35.0
0.0 143.63727 0.0272 45.0 35.0
0.0 143.63727 0.0273 0.0 36.0
2.0318336 147.20291 0.0273 0.0 36.0
0.0 143.63727 0.0274 44.0 36.0
0.0 147.7412 0.0274 44.0 36.0
0.0 147.7412 0.0275 7.0 37.0
-2.0318336 151.30684 0.0275 7.0 37.0
-2.0318336 151.30684 0.0276 0.0 38.0
-5.562505 153.39886 0.0276 0.0 38.0
-2.0318336 151.30684 0.0277 6.0 38.0
-4.0636673 154.87248 0.0277 6.0 38.0
-4.0636673 154.87248 0.0278 0.0 39.0
-4.0636673 158.97641 0.0278 0.0 39.0
-4.0636673 154.87248 0.0279 5.0 39.0
-6.095501 158.43813 0.0279 5.0 39.0
-6.095501 158.43813 0.0280 1.0 40.0
-6.095501 162.54205 0.0280 1.0 40.0
-6.095501 162.54205 0.0281 0.0 41.0
-8.127335 166.1077 0.0281 0.0 41.0
-6.095501 162.54205 0.0282 0.0 41.0
-6.095501 166.64598 0.0282 0.0 41.0
-6.095501 166.64598 0.0283 0.0 42.0
-4.0636673 170.21162 0.0283 0.0 42.0
-6.095501 166.64598 0.0284 0.0 42.0
-6.095501 170.74991 0.0284 0.0 42.0
-6.095501 158.43813 0.0285 4.0 40.0
-8.127335 162.00377 0.0285 4.0 40.0
-8.127335 162.00377 0.0286 0.0 41.0
-11.658006 164.0958 0.0286 0.0 41.0
-8.127335 162.00377 0.0287 3.0 41.0
-10.159168 165.56941 0.0287 3.0 41.0
-10.159168 165.56941 0.0288 0.0 42.0
-10.159168 169.67334 0.0288 0.0 42.0
-10.159168 165.56941 0.0289 2.0 42.0
-12.191002 169.13506 0.0289 2.0 42.0
-12.191002 169.13506 0.0290 1.0 43.0
-12.191002 173.23898 0.0290 1.0 43.0
-12.191002 173.23898 0.0291 0.0 44.0
-14.222836 176.80463 0.0291 0.0 44.0
-12.191002 173.23898 0.0292 0.0 44.0
-12.191002 177.34291 0.0292 0.0 44.0
-12.191002 177.34291 0.0293 0.0 45.0
-10.159168 180.90855 0.0293 0.0 45.0
-12.191002 177.34291 0.0294 0.0 45.0
-12.191002 181.44684 0.0294 0.0 45.0
-12.191002 169.13506 0.0295 1.0 43.0
-14.222836 172.7007 0.0295 1.0 43.0
-14.222836 172.7007 0.0296 0.0 44.0
-17.753506 174.79272 0.0296 0.0 44.0
-14.222836 172.7007 0.0297 0.0 44.0
-16.25467 176.26634 0.0297 0.0 44.0
-16.25467 176.26634 0.0298 0.0 45.0
-16.25467 180.37027 0.0298 0.0 45.0
-16.25467 176.26634 0.0299 0.0 45.0
-18.286503 179.83199 0.0299 0.0 45.0
0.0 147.7412 0.0300 43.0 37.0
0.0 151.84512 0.0300 43.0 37.0
0.0 151.84512 0.0301 0.0 38.0
-2.0318336 155.41077 0.0301 0.0 38.0
0.0 151.84512 0.0302 42.0 38.0
0.0 155.94905 0.0302 42.0 38.0
0.0 155.94905 0.0303 0.0 39.0
2.0318336 159.5147 0.0303 0.0 39.0
0.0 155.94905 0.0304 41.0 39.0
0.0 160.05298 0.0304 41.0 39.0
0.0 160.05298 0.0305 1.0 40.0
2.0318336 163.61862 0.0305 1.0 40.0
2.0318336 163.61862 0.0306 0.0 41.0
2.0318336 167.72255 0.0306 0.0 41.0
2.0318336 163.61862 0.0307 0.0 41.0
4.0636673 167.18427 0.0307 0.0 41.0
4.0636673 167.18427 0.0308 0.0 42.0
7.5943384 169.27629 0.0308 0.0 42.0
4.0636673 167.18427 0.0309 0.0 42.0
6.095501 170.74991 0.0309 0.0 42.0
0.0 160.05298 0.0310 40.0 40.0
0.0 164.1569 0.0310 40.0 40.0
0.0 164.1569 0.0311 0.0 41.0
-2.0318336 167.72255 0.0311 0.0 41.0
0.0 164.1569 0.0312 39.0 41.0
0.0 168.26083 0.0312 39.0 41.0
0.0 168.26083 0.0313 0.0 42.0
2.0318336 171.82648 0.0313 0.0 42.0
0.0 168.26083 0.0314 38.0 42.0
0.0 172.36476 0.0314 38.0 42.0
0.0 172.36476 0.0315 1.0 43.0
2.0318336 175.9304 0.0315 1.0 43.0
2.0318336 175.9304 0.0316 0.0 44.0
2.0318336 180.03433 0.0316 0.0 44.0
2.0318336 175.9304 0.0317 0.0 44.0
4.0636673 179.49605 0.0317 0.0 44.0
4.0636673 179.49605 0.0318 0.0 45.0
7.5943384 181.58807 0.0318 0.0 45.0
4.0636673 179.49605 0.0319 0.0 45.0
6.095501 183.06169 0.0319 0.0 45.0
0.0 172.36476 0.0320 37.0 43.0
0.0 176.46869 0.0320 37.0 43.0
0.0 176.46869 0.0321 0.0 44.0
-2.0318336 180.03433 0.0321 0.0 44.0
0.0 176.46869 0.0322 36.0 44.0
0.0 180.57262 0.0322 36.0 44.0
0.0 180.57262 0.0323 0.0 45.0
2.0318336 184.13826 0.0323 0.0 45.0
0.0 180.57262 0.0324 35.0 45.0
0.0 184.67654 0.0324 35.0 45.0
0.0 184.67654 0.0325 7.0 46.0
2.0318336 188.24219 0.0325 7.0 46.0
2.0318336 188.24219 0.0326 0.0 47.0
2.0318336 192.34612 0.0326 0.0 47.0
2.0318336 188.24219 0.0327 6.0 47.0
4.0636673 191.80783 0.0327 6.0 47.0
4.0636673 191.80783 0.0328 0.0 48.0
7.5943384 193.89986 0.0328 0.0 48.0
4.0636673 191.80783 0.0329 5.0 48.0
6.095501 195.37347 0.0329 5.0 48.0
6.095501 195.37347 0.0330 1.0 49.0
9.626172 197.4655 0.0330 1.0 49.0
9.626172 197.4655 0.0331 0.0 50.0
11.658006 201.03114 0.0331 0.0 50.0
9.626172 197.4655 0.0332 0.0 50.0
13.156843 199.55753 0.0332 0.0 50.0
13.156843 199.55753 0.0333 0.0 51.0
17.260176 199.62714 0.0333 0.0 51.0
13.156843 199.55753 0.0334 0.0 51.0
16.687513 201.64955 0.0334 0.0 51.0
6.095501 195.37347 0.0335 4.0 49.0
8.127335 198.93912 0.0335 4.0 49.0
8.127335 198.93912 0.0336 0.0 50.0
8.127335 203.04305 0.0336 0.0 50.0
8.127335 198.93912 0.0337 3.0 50.0
10.159168 202.50476 0.0337 3.0 50.0
10.159168 202.50476 0.0338 0.0 51.0
13.689839 204.59679 0.0338 0.0 51.0
10.159168 202.50476 0.0339 2.0 51.0
12.191002 206.0704 0.0339 2.0 51.0
12.191002 206.0704 0.0340 1.0 52.0
15.721673 208.16243 0.0340 1.0 52.0
15.721673 208.16243 0.0341 0.0 53.0
17.753506 211.72807 0.0341 0.0 53.0
15.721673 208.16243 0.0342 0.0 53.0
19.252344 210.25446 0.0342 0.0 53.0
19.252344 210.25446 0.0343 0.0 54.0
23.355677 210.32407 0.0343 0.0 54.0
19.252344 210.25446 0.0344 0.0 54.0
22.783014 212.34648 0.0344 0.0 54.0
12.191002 206.0704 0.0345 1.0 52.0
14.222836 209.63605 0.0345 1.0 52.0
14.222836 209.63605 0.0346 0.0 53.0
14.222836 213.73997 0.0346 0.0 53.0
14.222836 209.63605 0.0347 0.0 53.0
16.25467 213.20169 0.0347 0.0 53.0
16.25467 213.20169 0.0348 0.0 54.0
19.78534 215.29372 0.0348 0.0 54.0
16.25467 213.20169 0.0349 0.0 54.0
18.286503 216.76733 0.0349 0.0 54.0
0.0 184.67654 0.0350 34.0 46.0
0.0 188.78047 0.0350 34.0 46.0
0.0 188.78047 0.0351 0.0 47.0
-2.0318336 192.34612 0.0351 0.0 47.0
0.0 188.78047 0.0352 33.0 47.0
0.0 192.8844 0.0352 33.0 47.0
0.0 192.8844 0.0353 0.0 48.0
2.0318336 196.45004 0.0353 0.0 48.0
0.0 192.8844 0.0354 32.0 48.0
0.0 196.98833 0.0354 32.0 48.0
0.0 196.98833 0.0355 1.0 49.0
2.0318336 200.55397 0.0355 1.0 49.0
2.0318336 200.55397 0.0356 0.0 50.0
2.0318336 204.6579 0.0356 0.0 50.0
2.0318336 200.55397 0.0357 0.0 50.0
4.0636673 204.11961 0.0357 0.0 50.0
4.0636673 204.11961 0.0358 0.0 51.0
7.5943384 206.21164 0.0358 0.0 51.0
4.0636673 204.11961 0.0359 0.0 51.0
6.095501 207.68526 0.0359 0.0 51.0
0.0 196.98833 0.0360 31.0 49.0
0.0 201.09225 0.0360 31.0 49.0
0.0 201.09225 0.0361 0.0 50.0
-2.0318336 204.6579 0.0361 0.0 50.0
0.0 201.09225 0.0362 30.0 50.0
0.0 205.19618 0.0362 30.0 50.0
0.0 205.19618 0.0363 0.0 51.0
2.0318336 208.76183 0.0363 0.0 51.0
0.0 205.19618 0.0364 29.0 51.0
0.0 209.30011 0.0364 29.0 51.0
0.0 209.30011 0.0365 1.0 52.0
2.0318336 212.86575 0.0365 1.0 52.0
2.0318336 212.86575 0.0366 0.0 53.0
2.0318336 216.96968 0.0366 0.0 53.0
2.0318336 212.86575 0.0367 0.0 53.0
4.0636673 216.4314 0.0367 0.0 53.0
4.0636673 216.4314 0.0368 0.0 54.0
7.5943384 218.52342 0.0368 0.0 54.0
4.0636673 216.4314 0.0369 0.0 54.0
6.095501 219.99704 0.0369 0.0 54.0
0.0 209.30011 0.0370 28.0 52.0
0.0 213.40404 0.0370 28.0 52.0
0.0 213.40404 0.0371 0.0 53.0
-2.0318336 216.96968 0.0371 0.0 53.0
0.0 213.40404 0.0372 27.0 53.0
0.0 217.50797 0.0372 27.0 53.0
0.0 217.50797 0.0373 0.0 54.0
2.0318336 221.07361 0.0373 0.0 54.0
0.0 217.50797 0.0374 26.0 54.0
0.0 221.6119 0.0374 26.0 54.0
0.0 221.6119 0.0375 25.0 55.0
2.0318336 225.17754 0.0375 25.0 55.0
2.0318336 225.17754 0.0376 0.0 56.0
2.0318336 229.28146 0.0376 0.0 56.0
2.0318336 225.17754 0.0377 24.0 56.0
4.0636673 228.74318 0.0377 24.0 56.0
4.0636673 228.74318 0.0378 0.0 57.0
7.5943384 230.8352 0.0378 0.0 57.0
4.0636673 228.74318 0.0379 23.0 57.0
6.095501 232.30882 0.0379 23.0 57.0
6.095501 232.30882 0.0380 1.0 58.0
9.626172 234.40085 0.0380 1.0 58.0
9.626172 234.40085 0.0381 0.0 59.0
11.658006 237.96649 0.0381 0.0 59.0
9.626172 234.40085 0.0382 0.0 59.0
13.156843 236.49287 0.0382 0.0 59.0
13.156843 236.49287 0.0383 0.0 60.0
17.260176 236.56248 0.0383 0.0 60.0
13.156843 236.49287 0.0384 0.0 60.0
16.687513 238.5849 0.0384 0.0 60.0
6.095501 232.30882 0.0385 22.0 58.0
8.127335 235.87447 0.0385 22.0 58.0
8.127335 235.87447 0.0386 0.0 59.0
8.127335 239.9784 0.0386 0.0 59.0
8.127335 235.87447 0.0387 21.0 59.0
10.159168 239.44011 0.0387 21.0 59.0
10.159168 239.44011 0.0388 0.0 60.0
13.689839 241.53214 0.0388 0.0 60.0
10.159168 239.44011 0.0389 20.0 60.0
12.191002 243.00575 0.0389 20.0 60.0
12.191002 243.00575 0.0390 1.0 61.0
15.721673 245.09778 0.0390 1.0 61.0
15.721673 245.09778 0.0391 0.0 62.0
17.753506 248.66342 0.0391 0.0 62.0
15.721673 245.09778 0.0392 0.0 62.0
19.252344 247.1898 0.0392 0.0 62.0
19.252344 247.1898 0.0393 0.0 63.0
23.355677 247.25941 0.0393 0.0 63.0
19.252344 247.1898 0.0394 0.0 63.0
22.783014 249.28183 0.0394 0.0 63.0
12.191002 243.00575 0.0395 19.0 61.0
14.222836 246.5714 0.0395 19.0 61.0
14.222836 246.5714 0.0396 0.0 62.0
14.222836 250.67532 0.0396 0.0 62.0
14.222836 246.5714 0.0397 18.0 62.0
16.25467 250.13704 0.0397 18.0 62.0
16.25467 250.13704 0.0398 0.0 63.0
19.78534 252.22906 0.0398 0.0 63.0
16.25467 250.13704 0.0399 17.0 63.0
18.286503 253.70268 0.0399 17.0 63.0
18.286503 253.70268 0.0400 7.0 64.0
18.286503 257.8066 0.0400 7.0 64.0
18.286503 257.8066 0.0401 0.0 65.0
16.25467 261.37225 0.0401 0.0 65.0
18.286503 257.8066 0.0402 6.0 65.0
18.286503 261.91052 0.0402 6.0 65.0
18.286503 261.91052 0.0403 0.0 66.0
20.318336 265.47617 0.0403 0.0 66.0
18.286503 261.91052 0.0404 5.0 66.0
18.286503 266.01443 0.0404 5.0 66.0
18.286503 266.01443 0.0405 1.0 67.0
20.318336 269.58008 0.0405 1.0 67.0
20.318336 269.58008 0.0406 0.0 68.0
20.318336 273.684 0.0406 0.0 68.0
20.318336 269.58008 0.0407 0.0 68.0
22.35017 273.14572 0.0407 0.0 68.0
22.35017 273.14572 0.0408 0.0 69.0
25.88084 275.23773 0.0408 0.0 69.0
22.35017 273.14572 0.0409 0.0 69.0
24.382004 276.71136 0.0409 0.0 69.0
18.286503 266.01443 0.0410 4.0 67.0
18.286503 270.11835 0.0410 4.0 67.0
18.286503 270.11835 0.0411 0.0 68.0
16.25467 273.684 0.0411 0.0 68.0
18.286503 270.11835 0.0412 3.0 68.0
18.286503 274.22226 0.0412 3.0 68.0
18.286503 274.22226 0.0413 0.0 69.0
20.318336 277.7879 0.0413 0.0 69.0
18.286503 274.22226 0.0414 2.0 69.0
18.286503 278.32617 0.0414 2.0 69.0
18.286503 278.32617 0.0415 1.0 70.0
20.318336 281.8918 0.0415 1.0 70.0
20.318336 281.8918 0.0416 0.0 71.0
20.318336 285.99573 0.0416 0.0 71.0
20.318336 281.8918 0.0417 0.0 71.0
22.35017 285.45746 0.0417 0.0 71.0
22.35017 285.45746 0.0418 0.0 72.0
25.88084 287.54947 0.0418 0.0 72.0
22.35017 285.45746 0.0419 0.0 72.0
24.382004 289.0231 0.0419 0.0 72.0
18.286503 278.32617 0.0420 1.0 70.0
18.286503 282.43008 0.0420 1.0 70.0
18.286503 282.43008 0.0421 0.0 71.0
16.25467 285.99573 0.0421 0.0 71.0
18.286503 282.43008 0.0422 0.0 71.0
18.286503 286.534 0.0422 0.0 71.0
18.286503 286.534 0.0423 0.0 72.0
20.318336 290.09964 0.0423 0.0 72.0
18.286503 286.534 0.0424 0.0 72.0
18.286503 290.6379 0.0424 0.0 72.0
18.286503 253.70268 0.0425 16.0 64.0
20.318336 257.26834 0.0425 16.0 64.0
20.318336 257.26834 0.0426 0.0 65.0
20.318336 261.37225 0.0426 0.0 65.0
20.318336 257.26834 0.0427 15.0 65.0
22.35017 260.83398 0.0427 15.0 65.0
22.35017 260.83398 0.0428 0.0 66.0
25.88084 262.926 0.0428 0.0 66.0
22.35017 260.83398 0.0429 14.0 66.0
24.382004 264.39963 0.0429 14.0 66.0
24.382004 264.39963 0.0430 1.0 67.0
27.912674 266.49164 0.0430 1.0 67.0
27.912674 266.49164 0.0431 0.0 68.0
29.944508 270.05728 0.0431 0.0 68.0
27.912674 266.49164 0.0432 0.0 68.0
31.443344 268.58365 0.0432 0.0 68.0
31.443344 268.58365 0.0433 0.0 69.0
35.546677 268.65326 0.0433 0.0 69.0
31.443344 268.58365 0.0434 0.0 69.0
34.974014 270.67566 0.0434 0.0 69.0
24.382004 264.39963 0.0435 13.0 67.0
26.413837 267.96527 0.0435 13.0 67.0
26.413837 267.96527 0.0436 0.0 68.0
26.413837 272.06918 0.0436 0.0 68.0
26.413837 267.96527 0.0437 12.0 68.0
28.445671 271.5309 0.0437 12.0 68.0
28.445671 271.5309 0.0438 0.0 69.0
31.976341 273.62292 0.0438 0.0 69.0
28.445671 271.5309 0.0439 11.0 69.0
30.477505 275.09656 0.0439 11.0 69.0
30.477505 275.09656 0.0440 1.0 70.0
34.008175 277.18857 0.0440 1.0 70.0
34.008175 277.18857 0.0441 0.0 71.0
36.04001 280.7542 0.0441 0.0 71.0
34.008175 277.18857 0.0442 0.0 71.0
37.538845 279.28058 0.0442 0.0 71.0
37.538845 279.28058 0.0443 0.0 72.0
41.642178 279.3502 0.0443 0.0 72.0
37.538845 279.28058 0.0444 0.0 72.0
41.069515 281.3726 0.0444 0.0 72.0
30.477505 275.09656 0.0445 10.0 70.0
32.50934 278.6622 0.0445 10.0 70.0
32.50934 278.6622 0.0446 0.0 71.0
32.50934 282.7661 0.0446 0.0 71.0
32.50934 278.6622 0.0447 9.0 71.0
34.541172 282.22784 0.0447 9.0 71.0
34.541172 282.22784 0.0448 0.0 72.0
38.071842 284.31985 0.0448 0.0 72.0
34.541172 282.22784 0.0449 8.0 72.0
36.573006 285.7935 0.0449 8.0 72.0
36.573006 285.7935 0.0450 7.0 73.0
40.103676 287.8855 0.0450 7.0 73.0
40.103676 287.8855 0.0451 0.0 74.0
42.13551 291.45114 0.0451 0.0 74.0
40.103676 287.8855 0.0452 6.0 74.0
43.634346 289.9775 0.0452 6.0 74.0
43.634346 289.9775 0.0453 0.0 75.0
47.73768 290.04712 0.0453 0.0 75.0
43.634346 289.9775 0.0454 5.0 75.0
47.165016 292.06952 0.0454 5.0 75.0
47.165016 292.06952 0.0455 1.0 76.0
51.26835 292.13913 0.0455 1.0 76.0
51.26835 292.13913 0.0456 0.0 77.0
54.79902 294.23114 0.0456 0.0 77.0
51.26835 292.13913 0.0457 0.0 77.0
55.37168 292.20874 0.0457 0.0 77.0
55.37168 292.20874 0.0458 0.0 78.0
58.971275 290.23767 0.0458 0.0 78.0
55.37168 292.20874 0.0459 0.0 78.0
59.475014 292.27835 0.0459 0.0 78.0
47.165016 292.06952 0.0460 4.0 76.0
50.695686 294.16153 0.0460 4.0 76.0
50.695686 294.16153 0.0461 0.0 77.0
52.72752 297.72717 0.0461 0.0 77.0
50.695686 294.16153 0.0462 3.0 77.0
54.226357 296.25354 0.0462 3.0 77.0
54.226357 296.25354 0.0463 0.0 78.0
58.32969 296.32315 0.0463 0.0 78.0
54.226357 296.25354 0.0464 2.0 78.0
57.757027 298.34555 0.0464 2.0 78.0
57.757027 298.34555 0.0465 1.0 79.0
61.86036 298.41516 0.0465 1.0 79.0
61.86036 298.41516 0.0466 0.0 80.0
65.39103 300.50717 0.0466 0.0 80.0
61.86036 298.41516 0.0467 0.0 80.0
65.96369 298.48477 0.0467 0.0 80.0
65.96369 298.48477 0.0468 0.0 81.0
69.563286 296.5137 0.0468 0.0 81.0
65.96369 298.48477 0.0469 0.0 81.0
70.067024 298.55438 0.0469 0.0 81.0
57.757027 298.34555 0.0470 1.0 79.0
61.287697 300.43756 0.0470 1.0 79.0
61.287697 300.43756 0.0471 0.0 80.0
63.31953 304.0032 0.0471 0.0 80.0
61.287697 300.43756 0.0472 0.0 80.0
64.81837 302.52957 0.0472 0.0 80.0
64.81837 302.52957 0.0473 0.0 81.0
68.9217 302.59918 0.0473 0.0 81.0
64.81837 302.52957 0.0474 0.0 81.0
68.34904 304.62158 0.0474 0.0 81.0
36.573006 285.7935 0.0475 7.0 73.0
38.60484 289.35913 0.0475 7.0 73.0
38.60484 289.35913 0.0476 0.0 74.0
38.60484 293.46304 0.0476 0.0 74.0
38.60484 289.35913 0.0477 6.0 74.0
40.636673 292.92477 0.0477 6.0 74.0
40.636673 292.92477 0.0478 0.0 75.0
44.167343 295.01678 0.0478 0.0 75.0
40.636673 292.92477 0.0479 5.0 75.0
42.668507 296.49042 0.0479 5.0 75.0
42.668507 296.49042 0.0480 1.0 76.0
46.199177 298.58243 0.0480 1.0 76.0
46.199177 298.58243 0.0481 0.0 77.0
48.23101 302.14807 0.0481 0.0 77.0
46.199177 298.58243 0.0482 0.0 77.0
49.729847 300.67444 0.0482 0.0 77.0
49.729847 300.67444 0.0483 0.0 78.0
53.83318 300.74405 0.0483 0.0 78.0
49.729847 300.67444 0.0484 0.0 78.0
53.260517 302.76645 0.0484 0.0 78.0
42.668507 296.49042 0.0485 4.0 76.0
44.70034 300.05606 0.0485 4.0 76.0
44.70034 300.05606 0.0486 0.0 77.0
44.70034 304.15997 0.0486 0.0 77.0
44.70034 300.05606 0.0487 3.0 77.0
46.732174 303.6217 0.0487 3.0 77.0
46.732174 303.6217 0.0488 0.0 78.0
50.262844 305.7137 0.0488 0.0 78.0
46.732174 303.6217 0.0489 2.0 78.0
48.764008 307.18735 0.0489 2.0 78.0
48.764008 307.18735 0.0490 1.0 79.0
52.294678 309.27936 0.0490 1.0 79.0
52.294678 309.27936 0.0491 0.0 80.0
54.32651 312.845 0.0491 0.0 80.0
52.294678 309.27936 0.0492 0.0 80.0
55.825348 311.37137 0.0492 0.0 80.0
55.825348 311.37137 0.0493 0.0 81.0
59.92868 311.44098 0.0493 0.0 81.0
55.825348 311.37137 0.0494 0.0 81.0
59.356018 313.46338 0.0494 0.0 81.0
48.764008 307.18735 0.0495 1.0 79.0
50.79584 310.753 0.0495 1.0 79.0
50.79584 310.753 0.0496 0.0 80.0
50.79584 314.8569 0.0496 0.0 80.0
50.79584 310.753 0.0497 0.0 80.0
52.827675 314.31863 0.0497 0.0 80.0
52.827675 314.31863 0.0498 0.0 81.0
56.358345 316.41064 0.0498 0.0 81.0
52.827675 314.31863 0.0499 0.0 81.0
54.85951 317.88428 0.0499 0.0 81.0
0.0 221.6119 0.0500 25.0 55.0
0.0 225.71582 0.0500 25.0 55.0
0.0 225.71582 0.0501 0.0 56.0
-2.0318336 229.28146 0.0501 0.0 56.0
0.0 225.71582 0.0502 24.0 56.0
0.0 229.81975 0.0502 24.0 56.0
0.0 229.81975 0.0503 0.0 57.0
2.0318336 233.38539 0.0503 0.0 57.0
0.0 229.81975 0.0504 23.0 57.0
0.0 233.92368 0.0504 23.0 57.0
0.0 233.92368 0.0505 1.0 58.0
2.0318336 237.48932 0.0505 1.0 58.0
2.0318336 237.48932 0.0506 0.0 59.0
2.0318336 241.59325 0.0506 0.0 59.0
2.0318336 237.48932 0.0507 0.0 59.0
4.0636673 241.05496 0.0507 0.0 59.0
4.0636673 241.05496 0.0508 0.0 60.0
7.5943384 243.14699 0.0508 0.0 60.0
4.0636673 241.05496 0.0509 0.0 60.0
6.095501 244.6206 0.0509 0.0 60.0
0.0 233.92368 0.0510 22.0 58.0
0.0 238.0276 0.0510 22.0 58.0
0.0 238.0276 0.0511 0.0 59.0
-2.0318336 241.59325 0.0511 0.0 59.0
0.0 238.0276 0.0512 21.0 59.0
0.0 242.13153 0.0512 21.0 59.0
0.0 242.13153 0.0513 0.0 60.0
2.0318336 245.69717 0.0513 0.0 60.0
0.0 242.13153 0.0514 20.0 60.0
0.0 246.23546 0.0514 20.0 60.0
0.0 246.23546 0.0515 1.0 61.0
2.0318336 249.8011 0.0515 1.0 61.0
2.0318336 249.8011 0.0516 0.0 62.0
2.0318336 253.90503 0.0516 0.0 62.0
2.0318336 249.8011 0.0517 0.0 62.0
4.0636673 253.36674 0.0517 0.0 62.0
4.0636673 253.36674 0.0518 0.0 63.0
7.5943384 255.45877 0.0518 0.0 63.0
4.0636673 253.36674 0.0519 0.0 63.0
6.095501 256.9324 0.0519 0.0 63.0
0.0 246.23546 0.0520 19.0 61.0
0.0 250.33939 0.0520 19.0 61.0
0.0 250.33939 0.0521 0.0 62.0
-2.0318336 253.90503 0.0521 0.0 62.0
0.0 250.33939 0.0522 18.0 62.0
0.0 254.44331 0.0522 18.0 62.0
0.0 254.44331 0.0523 0.0 63.0
2.0318336 258.00897 0.0523 0.0 63.0
0.0 254.44331 0.0524 17.0 63.0
0.0 258.54724 0.0524 17.0 63.0
0.0 258.54724 0.0525 7.0 64.0
-2.0318336 262.11288 0.0525 7.0 64.0
-2.0318336 262.11288 0.0526 0.0 65.0
-5.562505 264.2049 0.0526 0.0 65.0
-2.0318336 262.11288 0.0527 6.0 65.0
-4.0636673 265.67853 0.0527 6.0 65.0
-4.0636673 265.67853 0.0528 0.0 66.0
-4.0636673 269.78244 0.0528 0.0 66.0
-4.0636673 265.67853 0.0529 5.0 66.0
-6.095501 269.24417 0.0529 5.0 66.0
-6.095501 269.24417 0.0530 1.0 67.0
-6.095501 273.34808 0.0530 1.0 67.0
-6.095501 273.34808 0.0531 0.0 68.0
-8.127335 276.91373 0.0531 0.0 68.0
-6.095501 273.34808 0.0532 0.0 68.0
-6.095501 277.452 0.0532 0.0 68.0
-6.095501 277.452 0.0533 0.0 69.0
-4.0636673 281.01764 0.0533 0.0 69.0
-6.095501 277.452 0.0534 0.0 69.0
-6.095501 281.5559 0.0534 0.0 69.0
-6.095501 269.24417 0.0535 4.0 67.0
-8.127335 272.8098 0.0535 4.0 67.0
-8.127335 272.8098 0.0536 0.0 68.0
-11.658006 274.90182 0.0536 0.0 68.0
-8.127335 272.8098 0.0537 3.0 68.0
-10.159168 276.37546 0.0537 3.0 68.0
-10.159168 276.37546 0.0538 0.0 69.0
-10.159168 280.47937 0.0538 0.0 69.0
-10.159168 276.37546 0.0539 2.0 69.0
-12.191002 279.9411 0.0539 2.0 69.0
-12.191002 279.9411 0.0540 1.0 70.0
-12.191002 284.045 0.0540 1.0 70.0
-12.191002 284.045 0.0541 0.0 71.0
-14.222836 287.61066 0.0541 0.0 71.0
-12.191002 284.045 0.0542 0.0 71.0
-12.191002 288.14893 0.0542 0.0 71.0
-12.191002 288.14893 0.0543 0.0 72.0
-10.159168 291.71457 0.0543 0.0 72.0
-12.191002 288.14893 0.0544 0.0 72.0
-12.191002 292.25284 0.0544 0.0 72.0
-12.191002 279.9411 0.0545 1.0 70.0
-14.222836 283.50674 0.0545 1.0 70.0
-14.222836 283.50674 0.0546 0.0 71.0
-17.753506 285.59875 0.0546 0.0 71.0
-14.222836 283.50674 0.0547 0.0 71.0
-16.25467 287.0724 0.0547 0.0 71.0
-16.25467 287.0724 0.0548 0.0 72.0
-16.25467 291.1763 0.0548 0.0 72.0
-16.25467 287.0724 0.0549 0.0 72.0
-18.286503 290.63803 0.0549 0.0 72.0
0.0 258.54724 0.0550 16.0 64.0
0.0 262.65115 0.0550 16.0 64.0
0.0 262.65115 0.0551 0.0 65.0
-2.0318336 266.2168 0.0551 0.0 65.0
0.0 262.65115 0.0552 15.0 65.0
0.0 266.75507 0.0552 15.0 65.0
0.0 266.75507 0.0553 0.0 66.0
2.0318336 270.3207 0.0553 0.0 66.0
0.0 266.75507 0.0554 14.0 66.0
0.0 270.85898 0.0554 14.0 66.0
0.0 270.85898 0.0555 1.0 67.0
2.0318336 274.42462 0.0555 1.0 67.0
2.0318336 274.42462 0.0556 0.0 68.0
2.0318336 278.52853 0.0556 0.0 68.0
2.0318336 274.42462 0.0557 0.0 68.0
4.0636673 277.99026 0.0557 0.0 68.0
4.0636673 277.99026 0.0558 0.0 69.0
7.5943384 280.08228 0.0558 0.0 69.0
4.0636673 277.99026 0.0559 0.0 69.0
6.095501 281.5559 0.0559 0.0 69.0
0.0 270.85898 0.0560 13.0 67.0
0.0 274.9629 0.0560 13.0 67.0
0.0 274.9629 0.0561 0.0 68.0
-2.0318336 278.52853 0.0561 0.0 68.0
0.0 274.9629 0.0562 12.0 68.0
0.0 279.0668 0.0562 12.0 68.0
0.0 279.0668 0.0563 0.0 69.0
2.0318336 282.63245 0.0563 0.0 69.0
0.0 279.0668 0.0564 11.0 69.0
0.0 283.17072 0.0564 11.0 69.0
0.0 283.17072 0.0565 1.0 70.0
2.0318336 286.73636 0.0565 1.0 70.0
2.0318336 286.73636 0.0566 0.0 71.0
2.0318336 290.84027 0.0566 0.0 71.0
2.0318336 286.73636 0.0567 0.0 71.0
4.0636673 290.302 0.0567 0.0 71.0
4.0636673 290.302 0.0568 0.0 72.0
7.5943384 292.394 0.0568 0.0 72.0
4.0636673 290.302 0.0569 0.0 72.0
6.095501 293.86765 0.0569 0.0 72.0
0.0 283.17072 0.0570 10.0 70.0
0.0 287.27463 0.0570 10.0 70.0
0.0 287.27463 0.0571 0.0 71.0
-2.0318336 290.84027 0.0571 0.0 71.0
0.0 287.27463 0.0572 9.0 71.0
0.0 291.37854 0.0572 9.0 71.0
0.0 291.37854 0.0573 0.0 72.0
2.0318336 294.94418 0.0573 0.0 72.0
0.0 291.37854 0.0574 8.0 72.0
0.0 295.48245 0.0574 8.0 72.0
0.0 295.48245 0.0575 7.0 73.0
2.0318336 299.0481 0.0575 7.0 73.0
2.0318336 299.0481 0.0576 0.0 74.0
2.0318336 303.152 0.0576 0.0 74.0
2.0318336 299.0481 0.0577 6.0 74.0
4.0636673 302.61374 0.0577 6.0 74.0
4.0636673 302.61374 0.0578 0.0 75.0
7.5943384 304.70575 0.0578 0.0 75.0
4.0636673 302.61374 0.0579 5.0 75.0
6.095501 306.17938 0.0579 5.0 75.0
6.095501 306.17938 0.0580 1.0 76.0
9.626172 308.2714 0.0580 1.0 76.0
9.626172 308.2714 0.0581 0.0 77.0
11.658006 311.83704 0.0581 0.0 77.0
9.626172 308.2714 0.0582 0.0 77.0
13.156843 310.3634 0.0582 0.0 77.0
13.156843 310.3634 0.0583 0.0 78.0
17.260176 310.433 0.0583 0.0 78.0
13.156843 310.3634 0.0584 0.0 78.0
16.687513 312.4554 0.0584 0.0 78.0
6.095501 306.17938 0.0585 4.0 76.0
8.127335 309.74503 0.0585 4.0 76.0
8.127335 309.74503 0.0586 0.0 77.0
8.127335 313.84894 0.0586 0.0 77.0
8.127335 309.74503 0.0587 3.0 77.0
10.159168 313.31067 0.0587 3.0 77.0
10.159168 313.31067 0.0588 0.0 78.0
13.689839 315.40268 0.0588 0.0 78.0
10.159168 313.31067 0.0589 2.0 78.0
12.191002 316.8763 0.0589 2.0 78.0
12.191002 316.8763 0.0590 1.0 79.0
15.721673 318.96832 0.0590 1.0 79.0
15.721673 318.96832 0.0591 0.0 80.0
17.753506 322.53397 0.0591 0.0 80.0
15.721673 318.96832 0.0592 0.0 80.0
19.252344 321.06033 0.0592 0.0 80.0
19.252344 321.06033 0.0593 0.0 81.0
23.355677 321.12994 0.0593 0.0 81.0
19.252344 321.06033 0.0594 0.0 81.0
22.783014 323.15234 0.0594 0.0 81.0
12.191002 316.8763 0.0595 1.0 79.0
14.222836 320.44196 0.0595 1.0 79.0
14.222836 320.44196 0.0596 0.0 80.0
14.222836 324.54587 0.0596 0.0 80.0
14.222836 320.44196 0.0597 0.0 80.0
16.25467 324.0076 0.0597 0.0 80.0
16.25467 324.0076 0.0598 0.0 81.0
19.78534 326.0996 0.0598 0.0 81.0
16.25467 324.0076 0.0599 0.0 81.0
18.286503 327.57324 0.0599 0.0 81.0
0.0 295.48245 0.0600 7.0 73.0
0.0 299.58636 0.0600 7.0 73.0
0.0 299.58636 0.0601 0.0 74.0
-2.0318336 303.152 0.0601 0.0 74.0
0.0 299.58636 0.0602 6.0 74.0
0.0 303.69028 0.0602 6.0 74.0
0.0 303.69028 0.0603 0.0 75.0
2.0318336 307.25592 0.0603 0.0 75.0
0.0 303.69028 0.0604 5.0 75.0
0.0 307.7942 0.0604 5.0 75.0
0.0 307.7942 0.0605 1.0 76.0
2.0318336 311.35983 0.0605 1.0 76.0
2.0318336 311.35983 0.0606 0.0 77.0
2.0318336 315.46375 0.0606 0.0 77.0
2.0318336 311.35983 0.0607 0.0 77.0
4.0636673 314.92548 0.0607 0.0 77.0
4.0636673 314.92548 0.0608 0.0 78.0
7.5943384 317.0175 0.0608 0.0 78.0
4.0636673 314.92548 0.0609 0.0 78.0
6.095501 318.49112 0.0609 0.0 78.0
0.0 307.7942 0.0610 4.0 76.0
0.0 311.8981 0.0610 4.0 76.0
0.0 311.8981 0.0611 0.0 77.0
-2.0318336 315.46375 0.0611 0.0 77.0
0.0 311.8981 0.0612 3.0 77.0
0.0 316.002 0.0612 3.0 77.0
0.0 316.002 0.0613 0.0 78.0
2.0318336 319.56766 0.0613 0.0 78.0
0.0 316.002 0.0614 2.0 78.0
0.0 320.10593 0.0614 2.0 78.0
0.0 320.10593 0.0615 1.0 79.0
2.0318336 323.67157 0.0615 1.0 79.0
2.0318336 323.67157 0.0616 0.0 80.0
2.0318336 327.77548 0.0616 0.0 80.0
2.0318336 323.67157 0.0617 0.0 80.0
4.0636673 327.2372 0.0617 0.0 80.0
4.0636673 327.2372 0.0618 0.0 81.0
7.5943384 329.32922 0.0618 0.0 81.0
4.0636673 327.2372 0.0619 0.0 81.0
6.095501 330.80286 0.0619 0.0 81.0
0.0 320.10593 0.0620 1.0 79.0
0.0 324.20984 0.0620 1.0 79.0
0.0 324.20984 0.0621 0.0 80.0
-2.0318336 327.77548 0.0621 0.0 80.0
0.0 324.20984 0.0622 0.0 80.0
0.0 328.31375 0.0622 0.0 80.0
0.0 328.31375 0.0623 0.0 81.0
2.0318336 331.8794 0.0623 0.0 81.0
0.0 328.31375 0.0624 0.0 81.0
0.0 332.41766 0.0624 0.0 81.0
