0.0 0.0 0.00 43.0 1.0
0.0 3.8371665 0.00 43.0 1.0
0.0 3.8371665 0.01 42.0 2.0
0.0 7.674333 0.01 42.0 2.0
0.0 7.674333 0.02 41.0 3.0
0.0 11.511499 0.02 41.0 3.0
0.0 11.511499 0.03 40.0 4.0
0.0 15.348666 0.03 40.0 4.0
0.0 15.348666 0.04 39.0 5.0
0.0 19.185833 0.04 39.0 5.0
0.0 19.185833 0.05 38.0 6.0
0.0 23.022999 0.05 38.0 6.0
0.0 23.022999 0.06 37.0 7.0
0.0 26.860165 0.06 37.0 7.0
0.0 26.860165 0.07 36.0 8.0
0.0 30.69733 0.07 36.0 8.0
0.0 30.69733 0.08 19.0 9.0
1.805014 34.083447 0.08 19.0 9.0
1.805014 34.083447 0.09 18.0 10.0
3.610028 37.469563 0.09 18.0 10.0
3.610028 37.469563 0.010 17.0 11.0
5.415042 40.85568 0.010 17.0 11.0
5.415042 40.85568 0.011 16.0 12.0
7.220056 44.241795 0.011 16.0 12.0
7.220056 44.241795 0.012 7.0 13.0
10.405732 46.380795 0.012 7.0 13.0
10.405732 46.380795 0.013 6.0 14.0
13.591408 48.519794 0.013 6.0 14.0
13.591408 48.519794 0.014 1.0 15.0
17.408804 48.908806 0.014 1.0 15.0
17.408804 48.908806 0.015 0.0 16.0
21.2262 49.297817 0.015 0.0 16.0
21.2262 49.297817 0.016 0.0 17.0
24.411877 51.436817 0.016 0.0 17.0
13.591408 48.519794 0.017 1.0 15.0
16.777084 50.658794 0.017 1.0 15.0
16.777084 50.658794 0.018 0.0 16.0
19.96276 52.797794 0.018 0.0 16.0
19.96276 52.797794 0.019 0.0 17.0
21.767775 56.18391 0.019 0.0 17.0
13.591408 48.519794 0.020 5.0 15.0
16.777084 50.658794 0.020 5.0 15.0
16.777084 50.658794 0.021 4.0 16.0
19.96276 52.797794 0.021 4.0 16.0
19.96276 52.797794 0.022 3.0 17.0
21.767775 56.18391 0.022 3.0 17.0
21.767775 56.18391 0.023 2.0 18.0
23.572788 59.570026 0.023 2.0 18.0
23.572788 59.570026 0.024 1.0 19.0
25.377802 62.956142 0.024 1.0 19.0
25.377802 62.956142 0.025 0.0 20.0
27.182816 66.342255 0.025 0.0 20.0
27.182816 66.342255 0.026 0.0 21.0
27.182816 70.17942 0.026 0.0 21.0
19.96276 52.797794 0.027 1.0 17.0
23.780157 53.186806 0.027 1.0 17.0
23.780157 53.186806 0.028 0.0 18.0
27.597553 53.575817 0.028 0.0 18.0
27.597553 53.575817 0.029 0.0 19.0
30.78323 55.714817 0.029 0.0 19.0
7.220056 44.241795 0.030 7.0 13.0
9.02507 47.62791 0.030 7.0 13.0
9.02507 47.62791 0.031 6.0 14.0
10.830084 51.014027 0.031 6.0 14.0
10.830084 51.014027 0.032 1.0 15.0
14.015759 53.153027 0.032 1.0 15.0
14.015759 53.153027 0.033 0.0 16.0
17.201435 55.292027 0.033 0.0 16.0
17.201435 55.292027 0.034 0.0 17.0
19.006449 58.678143 0.034 0.0 17.0
10.830084 51.014027 0.035 1.0 15.0
12.6350975 54.400143 0.035 1.0 15.0
12.6350975 54.400143 0.036 0.0 16.0
14.440111 57.78626 0.036 0.0 16.0
14.440111 57.78626 0.037 0.0 17.0
14.440111 61.623425 0.037 0.0 17.0
10.830084 51.014027 0.038 5.0 15.0
12.6350975 54.400143 0.038 5.0 15.0
12.6350975 54.400143 0.039 4.0 16.0
14.440111 57.78626 0.039 4.0 16.0
14.440111 57.78626 0.040 3.0 17.0
14.440111 61.623425 0.040 3.0 17.0
14.440111 61.623425 0.041 2.0 18.0
14.440111 65.460594 0.041 2.0 18.0
14.440111 65.460594 0.042 1.0 19.0
14.440111 69.29776 0.042 1.0 19.0
14.440111 69.29776 0.043 0.0 20.0
14.440111 73.134926 0.043 0.0 20.0
14.440111 73.134926 0.044 0.0 21.0
12.6350975 76.52104 0.044 0.0 21.0
14.440111 57.78626 0.045 1.0 17.0
17.625788 59.92526 0.045 1.0 17.0
17.625788 59.92526 0.046 0.0 18.0
20.811462 62.06426 0.046 0.0 18.0
20.811462 62.06426 0.047 0.0 19.0
22.616476 65.45037 0.047 0.0 19.0
7.220056 44.241795 0.048 15.0 13.0
9.02507 47.62791 0.048 15.0 13.0
9.02507 47.62791 0.049 14.0 14.0
10.830084 51.014027 0.049 14.0 14.0
10.830084 51.014027 0.050 13.0 15.0
12.6350975 54.400143 0.050 13.0 15.0
12.6350975 54.400143 0.051 12.0 16.0
14.440111 57.78626 0.051 12.0 16.0
14.440111 57.78626 0.052 11.0 17.0
14.440111 61.623425 0.052 11.0 17.0
14.440111 61.623425 0.053 10.0 18.0
14.440111 65.460594 0.053 10.0 18.0
14.440111 65.460594 0.054 9.0 19.0
14.440111 69.29776 0.054 9.0 19.0
14.440111 69.29776 0.055 8.0 20.0
14.440111 73.134926 0.055 8.0 20.0
14.440111 73.134926 0.056 7.0 21.0
14.440111 76.97209 0.056 7.0 21.0
14.440111 76.97209 0.057 6.0 22.0
14.440111 80.80926 0.057 6.0 22.0
14.440111 80.80926 0.058 1.0 23.0
16.245125 84.19537 0.058 1.0 23.0
16.245125 84.19537 0.059 0.0 24.0
18.050138 87.58149 0.059 0.0 24.0
18.050138 87.58149 0.060 0.0 25.0
18.050138 91.418655 0.060 0.0 25.0
14.440111 80.80926 0.061 1.0 23.0
14.440111 84.64642 0.061 1.0 23.0
14.440111 84.64642 0.062 0.0 24.0
14.440111 88.48359 0.062 0.0 24.0
14.440111 88.48359 0.063 0.0 25.0
12.6350975 91.869705 0.063 0.0 25.0
14.440111 80.80926 0.064 5.0 23.0
14.440111 84.64642 0.064 5.0 23.0
14.440111 84.64642 0.065 4.0 24.0
14.440111 88.48359 0.065 4.0 24.0
14.440111 88.48359 0.066 3.0 25.0
12.6350975 91.869705 0.066 3.0 25.0
12.6350975 91.869705 0.067 2.0 26.0
10.830084 95.25582 0.067 2.0 26.0
10.830084 95.25582 0.068 1.0 27.0
9.02507 98.64194 0.068 1.0 27.0
9.02507 98.64194 0.069 0.0 28.0
7.220056 102.02805 0.069 0.0 28.0
7.220056 102.02805 0.070 0.0 29.0
4.03438 104.16705 0.070 0.0 29.0
14.440111 88.48359 0.071 1.0 25.0
16.245125 91.869705 0.071 1.0 25.0
16.245125 91.869705 0.072 0.0 26.0
18.050138 95.25582 0.072 0.0 26.0
18.050138 95.25582 0.073 0.0 27.0
18.050138 99.09299 0.073 0.0 27.0
14.440111 57.78626 0.074 7.0 17.0
17.625788 59.92526 0.074 7.0 17.0
17.625788 59.92526 0.075 6.0 18.0
20.811464 62.06426 0.075 6.0 18.0
20.811464 62.06426 0.076 1.0 19.0
24.62886 62.45327 0.076 1.0 19.0
24.62886 62.45327 0.077 0.0 20.0
28.446257 62.84228 0.077 0.0 20.0
28.446257 62.84228 0.078 0.0 21.0
31.631931 64.98128 0.078 0.0 21.0
20.811464 62.06426 0.079 1.0 19.0
23.997139 64.203255 0.079 1.0 19.0
23.997139 64.203255 0.080 0.0 20.0
27.182816 66.342255 0.080 0.0 20.0
27.182816 66.342255 0.081 0.0 21.0
28.98783 69.72837 0.081 0.0 21.0
20.811464 62.06426 0.082 5.0 19.0
23.997139 64.203255 0.082 5.0 19.0
23.997139 64.203255 0.083 4.0 20.0
27.182816 66.342255 0.083 4.0 20.0
27.182816 66.342255 0.084 3.0 21.0
28.98783 69.72837 0.084 3.0 21.0
28.98783 69.72837 0.085 2.0 22.0
30.792843 73.11449 0.085 2.0 22.0
30.792843 73.11449 0.086 1.0 23.0
32.59786 76.5006 0.086 1.0 23.0
32.59786 76.5006 0.087 0.0 24.0
34.402874 79.88672 0.087 0.0 24.0
34.402874 79.88672 0.088 0.0 25.0
34.402874 83.723885 0.088 0.0 25.0
27.182816 66.342255 0.089 1.0 21.0
31.000212 66.73127 0.089 1.0 21.0
31.000212 66.73127 0.090 0.0 22.0
34.817608 67.120285 0.090 0.0 22.0
34.817608 67.120285 0.091 0.0 23.0
38.003284 69.259285 0.091 0.0 23.0
0.0 30.69733 0.092 19.0 9.0
3.1856759 32.83633 0.092 19.0 9.0
3.1856759 32.83633 0.093 18.0 10.0
6.3713517 34.97533 0.093 18.0 10.0
6.3713517 34.97533 0.094 17.0 11.0
9.557028 37.11433 0.094 17.0 11.0
9.557028 37.11433 0.095 16.0 12.0
12.742703 39.25333 0.095 16.0 12.0
12.742703 39.25333 0.096 7.0 13.0
16.5601 39.64234 0.096 7.0 13.0
16.5601 39.64234 0.097 6.0 14.0
20.377497 40.031353 0.097 6.0 14.0
20.377497 40.031353 0.098 1.0 15.0
23.929157 38.578922 0.098 1.0 15.0
23.929157 38.578922 0.099 0.0 16.0
27.480818 37.12649 0.099 0.0 16.0
27.480818 37.12649 0.0100 0.0 17.0
31.298214 37.515503 0.0100 0.0 17.0
20.377497 40.031353 0.0101 1.0 15.0
24.194893 40.420364 0.0101 1.0 15.0
24.194893 40.420364 0.0102 0.0 16.0
28.01229 40.809376 0.0102 0.0 16.0
28.01229 40.809376 0.0103 0.0 17.0
31.197964 42.948376 0.0103 0.0 17.0
20.377497 40.031353 0.0104 5.0 15.0
24.194893 40.420364 0.0104 5.0 15.0
24.194893 40.420364 0.0105 4.0 16.0
28.01229 40.809376 0.0105 4.0 16.0
28.01229 40.809376 0.0106 3.0 17.0
31.197964 42.948376 0.0106 3.0 17.0
31.197964 42.948376 0.0107 2.0 18.0
34.38364 45.087376 0.0107 2.0 18.0
34.38364 45.087376 0.0108 1.0 19.0
37.569317 47.226376 0.0108 1.0 19.0
37.569317 47.226376 0.0109 0.0 20.0
40.754993 49.365376 0.0109 0.0 20.0
40.754993 49.365376 0.0110 0.0 21.0
42.56001 52.75149 0.0110 0.0 21.0
28.01229 40.809376 0.0111 1.0 17.0
31.56395 39.356945 0.0111 1.0 17.0
31.56395 39.356945 0.0112 0.0 18.0
35.115612 37.904514 0.0112 0.0 18.0
35.115612 37.904514 0.0113 0.0 19.0
38.93301 38.293526 0.0113 0.0 19.0
12.742703 39.25333 0.0114 7.0 13.0
15.928379 41.39233 0.0114 7.0 13.0
15.928379 41.39233 0.0115 6.0 14.0
19.114056 43.53133 0.0115 6.0 14.0
19.114056 43.53133 0.0116 1.0 15.0
22.931452 43.92034 0.0116 1.0 15.0
22.931452 43.92034 0.0117 0.0 16.0
26.748848 44.309353 0.0117 0.0 16.0
26.748848 44.309353 0.0118 0.0 17.0
29.934525 46.448353 0.0118 0.0 17.0
19.114056 43.53133 0.0119 1.0 15.0
22.299732 45.67033 0.0119 1.0 15.0
22.299732 45.67033 0.0120 0.0 16.0
25.485409 47.80933 0.0120 0.0 16.0
25.485409 47.80933 0.0121 0.0 17.0
27.290422 51.195446 0.0121 0.0 17.0
19.114056 43.53133 0.0122 5.0 15.0
22.299732 45.67033 0.0122 5.0 15.0
22.299732 45.67033 0.0123 4.0 16.0
25.485409 47.80933 0.0123 4.0 16.0
25.485409 47.80933 0.0124 3.0 17.0
27.290422 51.195446 0.0124 3.0 17.0
27.290422 51.195446 0.0125 2.0 18.0
29.095436 54.581562 0.0125 2.0 18.0
29.095436 54.581562 0.0126 1.0 19.0
30.90045 57.967678 0.0126 1.0 19.0
30.90045 57.967678 0.0127 0.0 20.0
32.705463 61.353794 0.0127 0.0 20.0
32.705463 61.353794 0.0128 0.0 21.0
32.705463 65.19096 0.0128 0.0 21.0
25.485409 47.80933 0.0129 1.0 17.0
29.302805 48.19834 0.0129 1.0 17.0
29.302805 48.19834 0.0130 0.0 18.0
33.1202 48.587353 0.0130 0.0 18.0
33.1202 48.587353 0.0131 0.0 19.0
36.305878 50.726353 0.0131 0.0 19.0
12.742703 39.25333 0.0132 15.0 13.0
15.928379 41.39233 0.0132 15.0 13.0
15.928379 41.39233 0.0133 14.0 14.0
19.114056 43.53133 0.0133 14.0 14.0
19.114056 43.53133 0.0134 13.0 15.0
22.299732 45.67033 0.0134 13.0 15.0
22.299732 45.67033 0.0135 12.0 16.0
25.485409 47.80933 0.0135 12.0 16.0
25.485409 47.80933 0.0136 11.0 17.0
27.290422 51.195446 0.0136 11.0 17.0
27.290422 51.195446 0.0137 10.0 18.0
29.095436 54.581562 0.0137 10.0 18.0
29.095436 54.581562 0.0138 9.0 19.0
30.90045 57.967678 0.0138 9.0 19.0
30.90045 57.967678 0.0139 8.0 20.0
32.705463 61.353794 0.0139 8.0 20.0
32.705463 61.353794 0.0140 7.0 21.0
34.51048 64.73991 0.0140 7.0 21.0
34.51048 64.73991 0.0141 6.0 22.0
36.315495 68.12602 0.0141 6.0 22.0
36.315495 68.12602 0.0142 1.0 23.0
39.50117 70.26502 0.0142 1.0 23.0
39.50117 70.26502 0.0143 0.0 24.0
42.686848 72.40402 0.0143 0.0 24.0
42.686848 72.40402 0.0144 0.0 25.0
44.491863 75.79014 0.0144 0.0 25.0
36.315495 68.12602 0.0145 1.0 23.0
38.12051 71.51214 0.0145 1.0 23.0
38.12051 71.51214 0.0146 0.0 24.0
39.925526 74.898254 0.0146 0.0 24.0
39.925526 74.898254 0.0147 0.0 25.0
39.925526 78.73542 0.0147 0.0 25.0
36.315495 68.12602 0.0148 5.0 23.0
38.12051 71.51214 0.0148 5.0 23.0
38.12051 71.51214 0.0149 4.0 24.0
39.925526 74.898254 0.0149 4.0 24.0
39.925526 74.898254 0.0150 3.0 25.0
39.925526 78.73542 0.0150 3.0 25.0
39.925526 78.73542 0.0151 2.0 26.0
39.925526 82.572586 0.0151 2.0 26.0
39.925526 82.572586 0.0152 1.0 27.0
39.925526 86.40975 0.0152 1.0 27.0
39.925526 86.40975 0.0153 0.0 28.0
39.925526 90.24692 0.0153 0.0 28.0
39.925526 90.24692 0.0154 0.0 29.0
38.12051 93.63303 0.0154 0.0 29.0
39.925526 74.898254 0.0155 1.0 25.0
43.111202 77.037254 0.0155 1.0 25.0
43.111202 77.037254 0.0156 0.0 26.0
46.29688 79.176254 0.0156 0.0 26.0
46.29688 79.176254 0.0157 0.0 27.0
48.101894 82.56237 0.0157 0.0 27.0
25.485409 47.80933 0.0158 7.0 17.0
29.302805 48.19834 0.0158 7.0 17.0
29.302805 48.19834 0.0159 6.0 18.0
33.1202 48.587353 0.0159 6.0 18.0
33.1202 48.587353 0.0160 1.0 19.0
36.671864 47.134922 0.0160 1.0 19.0
36.671864 47.134922 0.0161 0.0 20.0
40.223526 45.68249 0.0161 0.0 20.0
40.223526 45.68249 0.0162 0.0 21.0
44.040924 46.071503 0.0162 0.0 21.0
33.1202 48.587353 0.0163 1.0 19.0
36.9376 48.976364 0.0163 1.0 19.0
36.9376 48.976364 0.0164 0.0 20.0
40.754997 49.365376 0.0164 0.0 20.0
40.754997 49.365376 0.0165 0.0 21.0
43.940674 51.504375 0.0165 0.0 21.0
33.1202 48.587353 0.0166 5.0 19.0
36.9376 48.976364 0.0166 5.0 19.0
36.9376 48.976364 0.0167 4.0 20.0
40.754997 49.365376 0.0167 4.0 20.0
40.754997 49.365376 0.0168 3.0 21.0
43.940674 51.504375 0.0168 3.0 21.0
43.940674 51.504375 0.0169 2.0 22.0
47.12635 53.643375 0.0169 2.0 22.0
47.12635 53.643375 0.0170 1.0 23.0
50.312027 55.782375 0.0170 1.0 23.0
50.312027 55.782375 0.0171 0.0 24.0
53.497704 57.921375 0.0171 0.0 24.0
53.497704 57.921375 0.0172 0.0 25.0
55.30272 61.30749 0.0172 0.0 25.0
40.754997 49.365376 0.0173 1.0 21.0
44.30666 47.912945 0.0173 1.0 21.0
44.30666 47.912945 0.0174 0.0 22.0
47.858322 46.460514 0.0174 0.0 22.0
47.858322 46.460514 0.0175 0.0 23.0
51.67572 46.849525 0.0175 0.0 23.0
0.0 30.69733 0.0176 35.0 9.0
0.0 34.534496 0.0176 35.0 9.0
0.0 34.534496 0.0177 34.0 10.0
0.0 38.371662 0.0177 34.0 10.0
0.0 38.371662 0.0178 33.0 11.0
0.0 42.208828 0.0178 33.0 11.0
0.0 42.208828 0.0179 32.0 12.0
0.0 46.045994 0.0179 32.0 12.0
0.0 46.045994 0.0180 31.0 13.0
0.0 49.88316 0.0180 31.0 13.0
0.0 49.88316 0.0181 30.0 14.0
0.0 53.720325 0.0181 30.0 14.0
0.0 53.720325 0.0182 29.0 15.0
0.0 57.55749 0.0182 29.0 15.0
0.0 57.55749 0.0183 28.0 16.0
0.0 61.394657 0.0183 28.0 16.0
0.0 61.394657 0.0184 27.0 17.0
1.805014 64.78077 0.0184 27.0 17.0
1.805014 64.78077 0.0185 26.0 18.0
3.610028 68.166885 0.0185 26.0 18.0
3.610028 68.166885 0.0186 25.0 19.0
5.415042 71.553 0.0186 25.0 19.0
5.415042 71.553 0.0187 24.0 20.0
7.220056 74.93912 0.0187 24.0 20.0
7.220056 74.93912 0.0188 23.0 21.0
9.02507 78.32523 0.0188 23.0 21.0
9.02507 78.32523 0.0189 22.0 22.0
10.830084 81.71135 0.0189 22.0 22.0
10.830084 81.71135 0.0190 21.0 23.0
12.6350975 85.097466 0.0190 21.0 23.0
12.6350975 85.097466 0.0191 20.0 24.0
14.440111 88.48358 0.0191 20.0 24.0
14.440111 88.48358 0.0192 19.0 25.0
16.245125 91.8697 0.0192 19.0 25.0
16.245125 91.8697 0.0193 18.0 26.0
18.050138 95.25581 0.0193 18.0 26.0
18.050138 95.25581 0.0194 17.0 27.0
19.855152 98.64193 0.0194 17.0 27.0
19.855152 98.64193 0.0195 16.0 28.0
21.660166 102.028046 0.0195 16.0 28.0
21.660166 102.028046 0.0196 7.0 29.0
24.845842 104.167046 0.0196 7.0 29.0
24.845842 104.167046 0.0197 6.0 30.0
28.031519 106.306046 0.0197 6.0 30.0
28.031519 106.306046 0.0198 1.0 31.0
31.848915 106.69506 0.0198 1.0 31.0
31.848915 106.69506 0.0199 0.0 32.0
35.666313 107.084076 0.0199 0.0 32.0
35.666313 107.084076 0.0200 0.0 33.0
38.85199 109.223076 0.0200 0.0 33.0
28.031519 106.306046 0.0201 1.0 31.0
31.217194 108.445045 0.0201 1.0 31.0
31.217194 108.445045 0.0202 0.0 32.0
34.40287 110.584045 0.0202 0.0 32.0
34.40287 110.584045 0.0203 0.0 33.0
36.207886 113.97016 0.0203 0.0 33.0
28.031519 106.306046 0.0204 5.0 31.0
31.217194 108.445045 0.0204 5.0 31.0
31.217194 108.445045 0.0205 4.0 32.0
34.40287 110.584045 0.0205 4.0 32.0
34.40287 110.584045 0.0206 3.0 33.0
36.207886 113.97016 0.0206 3.0 33.0
36.207886 113.97016 0.0207 2.0 34.0
38.0129 117.35628 0.0207 2.0 34.0
38.0129 117.35628 0.0208 1.0 35.0
39.817917 120.74239 0.0208 1.0 35.0
39.817917 120.74239 0.0209 0.0 36.0
41.622932 124.12851 0.0209 0.0 36.0
41.622932 124.12851 0.0210 0.0 37.0
41.622932 127.965675 0.0210 0.0 37.0
34.40287 110.584045 0.0211 1.0 33.0
38.22027 110.97306 0.0211 1.0 33.0
38.22027 110.97306 0.0212 0.0 34.0
42.037666 111.362076 0.0212 0.0 34.0
42.037666 111.362076 0.0213 0.0 35.0
45.223343 113.501076 0.0213 0.0 35.0
21.660166 102.028046 0.0214 7.0 29.0
23.46518 105.41416 0.0214 7.0 29.0
23.46518 105.41416 0.0215 6.0 30.0
25.270193 108.80028 0.0215 6.0 30.0
25.270193 108.80028 0.0216 1.0 31.0
28.45587 110.93928 0.0216 1.0 31.0
28.45587 110.93928 0.0217 0.0 32.0
31.641544 113.07828 0.0217 0.0 32.0
31.641544 113.07828 0.0218 0.0 33.0
33.44656 116.46439 0.0218 0.0 33.0
25.270193 108.80028 0.0219 1.0 31.0
27.075207 112.18639 0.0219 1.0 31.0
27.075207 112.18639 0.0220 0.0 32.0
28.88022 115.57251 0.0220 0.0 32.0
28.88022 115.57251 0.0221 0.0 33.0
28.88022 119.409676 0.0221 0.0 33.0
25.270193 108.80028 0.0222 5.0 31.0
27.075207 112.18639 0.0222 5.0 31.0
27.075207 112.18639 0.0223 4.0 32.0
28.88022 115.57251 0.0223 4.0 32.0
28.88022 115.57251 0.0224 3.0 33.0
28.88022 119.409676 0.0224 3.0 33.0
28.88022 119.409676 0.0225 2.0 34.0
28.88022 123.24684 0.0225 2.0 34.0
28.88022 123.24684 0.0226 1.0 35.0
28.88022 127.08401 0.0226 1.0 35.0
28.88022 127.08401 0.0227 0.0 36.0
28.88022 130.92117 0.0227 0.0 36.0
28.88022 130.92117 0.0228 0.0 37.0
27.075207 134.30728 0.0228 0.0 37.0
28.88022 115.57251 0.0229 1.0 33.0
32.065895 117.71151 0.0229 1.0 33.0
32.065895 117.71151 0.0230 0.0 34.0
35.25157 119.85051 0.0230 0.0 34.0
35.25157 119.85051 0.0231 0.0 35.0
37.056587 123.236626 0.0231 0.0 35.0
21.660166 102.028046 0.0232 15.0 29.0
23.46518 105.41416 0.0232 15.0 29.0
23.46518 105.41416 0.0233 14.0 30.0
25.270193 108.80028 0.0233 14.0 30.0
25.270193 108.80028 0.0234 13.0 31.0
27.075207 112.18639 0.0234 13.0 31.0
27.075207 112.18639 0.0235 12.0 32.0
28.88022 115.57251 0.0235 12.0 32.0
28.88022 115.57251 0.0236 11.0 33.0
28.88022 119.409676 0.0236 11.0 33.0
28.88022 119.409676 0.0237 10.0 34.0
28.88022 123.24684 0.0237 10.0 34.0
28.88022 123.24684 0.0238 9.0 35.0
28.88022 127.08401 0.0238 9.0 35.0
28.88022 127.08401 0.0239 8.0 36.0
28.88022 130.92117 0.0239 8.0 36.0
28.88022 130.92117 0.0240 7.0 37.0
28.88022 134.75835 0.0240 7.0 37.0
28.88022 134.75835 0.0241 6.0 38.0
28.88022 138.59552 0.0241 6.0 38.0
28.88022 138.59552 0.0242 1.0 39.0
30.685234 141.98163 0.0242 1.0 39.0
30.685234 141.98163 0.0243 0.0 40.0
32.49025 145.36774 0.0243 0.0 40.0
32.49025 145.36774 0.0244 0.0 41.0
32.49025 149.20491 0.0244 0.0 41.0
28.88022 138.59552 0.0245 1.0 39.0
28.88022 142.4327 0.0245 1.0 39.0
28.88022 142.4327 0.0246 0.0 40.0
28.88022 146.26987 0.0246 0.0 40.0
28.88022 146.26987 0.0247 0.0 41.0
27.075207 149.65598 0.0247 0.0 41.0
28.88022 138.59552 0.0248 5.0 39.0
28.88022 142.4327 0.0248 5.0 39.0
28.88022 142.4327 0.0249 4.0 40.0
28.88022 146.26987 0.0249 4.0 40.0
28.88022 146.26987 0.0250 3.0 41.0
27.075207 149.65598 0.0250 3.0 41.0
27.075207 149.65598 0.0251 2.0 42.0
25.270193 153.04208 0.0251 2.0 42.0
25.270193 153.04208 0.0252 1.0 43.0
23.46518 156.42819 0.0252 1.0 43.0
23.46518 156.42819 0.0253 0.0 44.0
21.660166 159.8143 0.0253 0.0 44.0
21.660166 159.8143 0.0254 0.0 45.0
18.47449 161.9533 0.0254 0.0 45.0
28.88022 146.26987 0.0255 1.0 41.0
30.685234 149.65598 0.0255 1.0 41.0
30.685234 149.65598 0.0256 0.0 42.0
32.49025 153.04208 0.0256 0.0 42.0
32.49025 153.04208 0.0257 0.0 43.0
32.49025 156.87926 0.0257 0.0 43.0
28.88022 115.57251 0.0258 7.0 33.0
32.065895 117.71151 0.0258 7.0 33.0
32.065895 117.71151 0.0259 6.0 34.0
35.25157 119.85051 0.0259 6.0 34.0
35.25157 119.85051 0.0260 1.0 35.0
39.06897 120.239525 0.0260 1.0 35.0
39.06897 120.239525 0.0261 0.0 36.0
42.886368 120.62854 0.0261 0.0 36.0
42.886368 120.62854 0.0262 0.0 37.0
46.072044 122.76754 0.0262 0.0 37.0
35.25157 119.85051 0.0263 1.0 35.0
38.43725 121.98951 0.0263 1.0 35.0
38.43725 121.98951 0.0264 0.0 36.0
41.622925 124.12851 0.0264 0.0 36.0
41.622925 124.12851 0.0265 0.0 37.0
43.42794 127.514626 0.0265 0.0 37.0
35.25157 119.85051 0.0266 5.0 35.0
38.43725 121.98951 0.0266 5.0 35.0
38.43725 121.98951 0.0267 4.0 36.0
41.622925 124.12851 0.0267 4.0 36.0
41.622925 124.12851 0.0268 3.0 37.0
43.42794 127.514626 0.0268 3.0 37.0
43.42794 127.514626 0.0269 2.0 38.0
45.232956 130.90074 0.0269 2.0 38.0
45.232956 130.90074 0.0270 1.0 39.0
47.03797 134.28685 0.0270 1.0 39.0
47.03797 134.28685 0.0271 0.0 40.0
48.842987 137.67296 0.0271 0.0 40.0
48.842987 137.67296 0.0272 0.0 41.0
48.842987 141.51013 0.0272 0.0 41.0
41.622925 124.12851 0.0273 1.0 37.0
45.440323 124.517525 0.0273 1.0 37.0
45.440323 124.517525 0.0274 0.0 38.0
49.25772 124.90654 0.0274 0.0 38.0
49.25772 124.90654 0.0275 0.0 39.0
52.443398 127.04554 0.0275 0.0 39.0
0.0 61.394657 0.0276 19.0 17.0
1.805014 64.78077 0.0276 19.0 17.0
1.805014 64.78077 0.0277 18.0 18.0
3.610028 68.166885 0.0277 18.0 18.0
3.610028 68.166885 0.0278 17.0 19.0
5.415042 71.553 0.0278 17.0 19.0
5.415042 71.553 0.0279 16.0 20.0
7.220056 74.93912 0.0279 16.0 20.0
7.220056 74.93912 0.0280 7.0 21.0
10.405732 77.07812 0.0280 7.0 21.0
10.405732 77.07812 0.0281 6.0 22.0
13.591408 79.21712 0.0281 6.0 22.0
13.591408 79.21712 0.0282 1.0 23.0
17.408804 79.60613 0.0282 1.0 23.0
17.408804 79.60613 0.0283 0.0 24.0
21.2262 79.99515 0.0283 0.0 24.0
21.2262 79.99515 0.0284 0.0 25.0
24.411877 82.13415 0.0284 0.0 25.0
13.591408 79.21712 0.0285 1.0 23.0
16.777084 81.35612 0.0285 1.0 23.0
16.777084 81.35612 0.0286 0.0 24.0
19.96276 83.49512 0.0286 0.0 24.0
19.96276 83.49512 0.0287 0.0 25.0
21.767775 86.88123 0.0287 0.0 25.0
13.591408 79.21712 0.0288 5.0 23.0
16.777084 81.35612 0.0288 5.0 23.0
16.777084 81.35612 0.0289 4.0 24.0
19.96276 83.49512 0.0289 4.0 24.0
19.96276 83.49512 0.0290 3.0 25.0
21.767775 86.88123 0.0290 3.0 25.0
21.767775 86.88123 0.0291 2.0 26.0
23.572788 90.26735 0.0291 2.0 26.0
23.572788 90.26735 0.0292 1.0 27.0
25.377802 93.653465 0.0292 1.0 27.0
25.377802 93.653465 0.0293 0.0 28.0
27.182816 97.03958 0.0293 0.0 28.0
27.182816 97.03958 0.0294 0.0 29.0
27.182816 100.87675 0.0294 0.0 29.0
19.96276 83.49512 0.0295 1.0 25.0
23.780157 83.88413 0.0295 1.0 25.0
23.780157 83.88413 0.0296 0.0 26.0
27.597553 84.27315 0.0296 0.0 26.0
27.597553 84.27315 0.0297 0.0 27.0
30.78323 86.41215 0.0297 0.0 27.0
7.220056 74.93912 0.0298 7.0 21.0
9.02507 78.32523 0.0298 7.0 21.0
9.02507 78.32523 0.0299 6.0 22.0
10.830084 81.71135 0.0299 6.0 22.0
10.830084 81.71135 0.0300 1.0 23.0
14.015759 83.85035 0.0300 1.0 23.0
14.015759 83.85035 0.0301 0.0 24.0
17.201435 85.98935 0.0301 0.0 24.0
17.201435 85.98935 0.0302 0.0 25.0
19.006449 89.375465 0.0302 0.0 25.0
10.830084 81.71135 0.0303 1.0 23.0
12.6350975 85.097466 0.0303 1.0 23.0
12.6350975 85.097466 0.0304 0.0 24.0
14.440111 88.48358 0.0304 0.0 24.0
14.440111 88.48358 0.0305 0.0 25.0
14.440111 92.32075 0.0305 0.0 25.0
10.830084 81.71135 0.0306 5.0 23.0
12.6350975 85.097466 0.0306 5.0 23.0
12.6350975 85.097466 0.0307 4.0 24.0
14.440111 88.48358 0.0307 4.0 24.0
14.440111 88.48358 0.0308 3.0 25.0
14.440111 92.32075 0.0308 3.0 25.0
14.440111 92.32075 0.0309 2.0 26.0
14.440111 96.15791 0.0309 2.0 26.0
14.440111 96.15791 0.0310 1.0 27.0
14.440111 99.99508 0.0310 1.0 27.0
14.440111 99.99508 0.0311 0.0 28.0
14.440111 103.832245 0.0311 0.0 28.0
14.440111 103.832245 0.0312 0.0 29.0
12.6350975 107.21836 0.0312 0.0 29.0
14.440111 88.48358 0.0313 1.0 25.0
17.625788 90.62258 0.0313 1.0 25.0
17.625788 90.62258 0.0314 0.0 26.0
20.811462 92.76158 0.0314 0.0 26.0
20.811462 92.76158 0.0315 0.0 27.0
22.616476 96.1477 0.0315 0.0 27.0
7.220056 74.93912 0.0316 15.0 21.0
9.02507 78.32523 0.0316 15.0 21.0
9.02507 78.32523 0.0317 14.0 22.0
10.830084 81.71135 0.0317 14.0 22.0
10.830084 81.71135 0.0318 13.0 23.0
12.6350975 85.097466 0.0318 13.0 23.0
12.6350975 85.097466 0.0319 12.0 24.0
14.440111 88.48358 0.0319 12.0 24.0
14.440111 88.48358 0.0320 11.0 25.0
14.440111 92.32075 0.0320 11.0 25.0
14.440111 92.32075 0.0321 10.0 26.0
14.440111 96.15791 0.0321 10.0 26.0
14.440111 96.15791 0.0322 9.0 27.0
14.440111 99.99508 0.0322 9.0 27.0
14.440111 99.99508 0.0323 8.0 28.0
14.440111 103.832245 0.0323 8.0 28.0
14.440111 103.832245 0.0324 7.0 29.0
14.440111 107.66941 0.0324 7.0 29.0
14.440111 107.66941 0.0325 6.0 30.0
14.440111 111.50658 0.0325 6.0 30.0
14.440111 111.50658 0.0326 1.0 31.0
16.245125 114.89269 0.0326 1.0 31.0
16.245125 114.89269 0.0327 0.0 32.0
18.050138 118.27881 0.0327 0.0 32.0
18.050138 118.27881 0.0328 0.0 33.0
18.050138 122.115974 0.0328 0.0 33.0
14.440111 111.50658 0.0329 1.0 31.0
14.440111 115.34374 0.0329 1.0 31.0
14.440111 115.34374 0.0330 0.0 32.0
14.440111 119.18091 0.0330 0.0 32.0
14.440111 119.18091 0.0331 0.0 33.0
12.6350975 122.567024 0.0331 0.0 33.0
14.440111 111.50658 0.0332 5.0 31.0
14.440111 115.34374 0.0332 5.0 31.0
14.440111 115.34374 0.0333 4.0 32.0
14.440111 119.18091 0.0333 4.0 32.0
14.440111 119.18091 0.0334 3.0 33.0
12.6350975 122.567024 0.0334 3.0 33.0
12.6350975 122.567024 0.0335 2.0 34.0
10.830084 125.95314 0.0335 2.0 34.0
10.830084 125.95314 0.0336 1.0 35.0
9.02507 129.33925 0.0336 1.0 35.0
9.02507 129.33925 0.0337 0.0 36.0
7.220056 132.72536 0.0337 0.0 36.0
7.220056 132.72536 0.0338 0.0 37.0
4.03438 134.86435 0.0338 0.0 37.0
14.440111 119.18091 0.0339 1.0 33.0
16.245125 122.567024 0.0339 1.0 33.0
16.245125 122.567024 0.0340 0.0 34.0
18.050138 125.95314 0.0340 0.0 34.0
18.050138 125.95314 0.0341 0.0 35.0
18.050138 129.79031 0.0341 0.0 35.0
14.440111 88.48358 0.0342 7.0 25.0
17.625788 90.62258 0.0342 7.0 25.0
17.625788 90.62258 0.0343 6.0 26.0
20.811464 92.76158 0.0343 6.0 26.0
20.811464 92.76158 0.0344 1.0 27.0
24.62886 93.1506 0.0344 1.0 27.0
24.62886 93.1506 0.0345 0.0 28.0
28.446257 93.53961 0.0345 0.0 28.0
28.446257 93.53961 0.0346 0.0 29.0
31.631931 95.67861 0.0346 0.0 29.0
20.811464 92.76158 0.0347 1.0 27.0
23.997139 94.90058 0.0347 1.0 27.0
23.997139 94.90058 0.0348 0.0 28.0
27.182816 97.03958 0.0348 0.0 28.0
27.182816 97.03958 0.0349 0.0 29.0
28.98783 100.4257 0.0349 0.0 29.0
20.811464 92.76158 0.0350 5.0 27.0
23.997139 94.90058 0.0350 5.0 27.0
23.997139 94.90058 0.0351 4.0 28.0
27.182816 97.03958 0.0351 4.0 28.0
27.182816 97.03958 0.0352 3.0 29.0
28.98783 100.4257 0.0352 3.0 29.0
28.98783 100.4257 0.0353 2.0 30.0
30.792843 103.81181 0.0353 2.0 30.0
30.792843 103.81181 0.0354 1.0 31.0
32.59786 107.19793 0.0354 1.0 31.0
32.59786 107.19793 0.0355 0.0 32.0
34.402874 110.584045 0.0355 0.0 32.0
34.402874 110.584045 0.0356 0.0 33.0
34.402874 114.42121 0.0356 0.0 33.0
27.182816 97.03958 0.0357 1.0 29.0
31.000212 97.4286 0.0357 1.0 29.0
31.000212 97.4286 0.0358 0.0 30.0
34.817608 97.81761 0.0358 0.0 30.0
34.817608 97.81761 0.0359 0.0 31.0
38.003284 99.95661 0.0359 0.0 31.0
