0.0 0.0 0.00 60.0 1.0
0.0 1.2330616 0.00 60.0 1.0
0.0 1.2330616 0.01 59.0 2.0
0.0 2.466123 0.01 59.0 2.0
0.0 2.466123 0.02 58.0 3.0
0.0 3.6991847 0.02 58.0 3.0
0.0 3.6991847 0.03 57.0 4.0
0.0 4.932246 0.03 57.0 4.0
0.0 4.932246 0.04 56.0 5.0
0.0 6.165308 0.04 56.0 5.0
0.0 6.165308 0.05 55.0 6.0
0.0 7.39837 0.05 55.0 6.0
0.0 7.39837 0.06 54.0 7.0
0.0 8.631432 0.06 54.0 7.0
0.0 8.631432 0.07 53.0 8.0
0.0 9.864493 0.07 53.0 8.0
0.0 9.864493 0.08 52.0 9.0
0.0 11.097555 0.08 52.0 9.0
0.0 11.097555 0.09 51.0 10.0
0.0 12.330617 0.09 51.0 10.0
0.0 12.330617 0.010 50.0 11.0
0.0 13.563679 0.010 50.0 11.0
0.0 13.563679 0.011 49.0 12.0
0.0 14.796741 0.011 49.0 12.0
0.0 14.796741 0.012 48.0 13.0
0.0 16.029802 0.012 48.0 13.0
0.0 16.029802 0.013 47.0 14.0
0.0 17.262863 0.013 47.0 14.0
0.0 17.262863 0.014 46.0 15.0
0.0 18.495924 0.014 46.0 15.0
0.0 18.495924 0.015 45.0 16.0
0.0 19.728985 0.015 45.0 16.0
0.0 19.728985 0.016 28.0 17.0
-0.45157433 20.876383 0.016 28.0 17.0
-0.45157433 20.876383 0.017 27.0 18.0
-0.90314865 22.02378 0.017 27.0 18.0
-0.90314865 22.02378 0.018 26.0 19.0
-1.354723 23.171179 0.018 26.0 19.0
-1.354723 23.171179 0.019 25.0 20.0
-1.8062973 24.318577 0.019 25.0 20.0
-1.8062973 24.318577 0.020 24.0 21.0
-2.2578716 25.465975 0.020 24.0 21.0
-2.2578716 25.465975 0.021 23.0 22.0
-2.709446 26.613373 0.021 23.0 22.0
-2.709446 26.613373 0.022 22.0 23.0
-3.1610203 27.76077 0.022 22.0 23.0
-3.1610203 27.76077 0.023 21.0 24.0
-3.6125946 28.908169 0.023 21.0 24.0
-3.6125946 28.908169 0.024 12.0 25.0
-3.6125946 30.14123 0.024 12.0 25.0
-3.6125946 30.14123 0.025 11.0 26.0
-3.6125946 31.37429 0.025 11.0 26.0
-3.6125946 31.37429 0.026 10.0 27.0
-3.6125946 32.607353 0.026 10.0 27.0
-3.6125946 32.607353 0.027 9.0 28.0
-3.6125946 33.840416 0.027 9.0 28.0
-3.6125946 33.840416 0.028 4.0 29.0
-3.1610203 34.987812 0.028 4.0 29.0
-3.1610203 34.987812 0.029 3.0 30.0
-2.709446 36.13521 0.029 3.0 30.0
-2.709446 36.13521 0.030 0.0 31.0
-2.709446 37.36827 0.030 0.0 31.0
-2.709446 37.36827 0.031 0.0 32.0
-2.709446 38.601334 0.031 0.0 32.0
-2.709446 36.13521 0.032 2.0 31.0
-2.2578716 37.282604 0.032 2.0 31.0
-2.2578716 37.282604 0.033 1.0 32.0
-1.8062973 38.43 0.033 1.0 32.0
-1.8062973 38.43 0.034 0.0 33.0
-0.9658926 39.33231 0.034 0.0 33.0
-0.9658926 39.33231 0.035 0.0 34.0
-0.12548792 40.23462 0.035 0.0 34.0
-1.8062973 38.43 0.036 0.0 33.0
-1.8062973 39.663063 0.036 0.0 33.0
-1.8062973 39.663063 0.037 0.0 34.0
-1.8062973 40.896126 0.037 0.0 34.0
-3.6125946 33.840416 0.038 8.0 29.0
-3.6125946 35.07348 0.038 8.0 29.0
-3.6125946 35.07348 0.039 7.0 30.0
-3.6125946 36.30654 0.039 7.0 30.0
-3.6125946 36.30654 0.040 6.0 31.0
-3.6125946 37.539604 0.040 6.0 31.0
-3.6125946 37.539604 0.041 5.0 32.0
-3.6125946 38.772667 0.041 5.0 32.0
-3.6125946 38.772667 0.042 4.0 33.0
-3.1610203 39.920063 0.042 4.0 33.0
-3.1610203 39.920063 0.043 3.0 34.0
-2.709446 41.06746 0.043 3.0 34.0
-2.709446 41.06746 0.044 0.0 35.0
-2.709446 42.30052 0.044 0.0 35.0
-2.709446 42.30052 0.045 0.0 36.0
-2.709446 43.533585 0.045 0.0 36.0
-2.709446 41.06746 0.046 2.0 35.0
-2.2578716 42.214855 0.046 2.0 35.0
-2.2578716 42.214855 0.047 1.0 36.0
-1.8062973 43.36225 0.047 1.0 36.0
-1.8062973 43.36225 0.048 0.0 37.0
-0.9658926 44.26456 0.048 0.0 37.0
-0.9658926 44.26456 0.049 0.0 38.0
-0.12548792 45.16687 0.049 0.0 38.0
-1.8062973 43.36225 0.050 0.0 37.0
-1.8062973 44.595314 0.050 0.0 37.0
-1.8062973 44.595314 0.051 0.0 38.0
-1.8062973 45.828377 0.051 0.0 38.0
-3.6125946 38.772667 0.052 4.0 33.0
-4.064169 39.920063 0.052 4.0 33.0
-4.064169 39.920063 0.053 3.0 34.0
-4.5157433 41.06746 0.053 3.0 34.0
-4.5157433 41.06746 0.054 0.0 35.0
-5.356148 41.96977 0.054 0.0 35.0
-5.356148 41.96977 0.055 0.0 36.0
-6.1965523 42.872078 0.055 0.0 36.0
-4.5157433 41.06746 0.056 2.0 35.0
-4.9673176 42.214855 0.056 2.0 35.0
-4.9673176 42.214855 0.057 1.0 36.0
-5.418892 43.36225 0.057 1.0 36.0
-5.418892 43.36225 0.058 0.0 37.0
-5.418892 44.595314 0.058 0.0 37.0
-5.418892 44.595314 0.059 0.0 38.0
-5.418892 45.828377 0.059 0.0 38.0
-5.418892 43.36225 0.060 0.0 37.0
-6.2592964 44.26456 0.060 0.0 37.0
-6.2592964 44.26456 0.061 0.0 38.0
-7.099701 45.16687 0.061 0.0 38.0
-3.6125946 28.908169 0.062 20.0 25.0
-4.064169 30.055567 0.062 20.0 25.0
-4.064169 30.055567 0.063 19.0 26.0
-4.5157433 31.202965 0.063 19.0 26.0
-4.5157433 31.202965 0.064 18.0 27.0
-4.9673176 32.35036 0.064 18.0 27.0
-4.9673176 32.35036 0.065 17.0 28.0
-5.418892 33.497757 0.065 17.0 28.0
-5.418892 33.497757 0.066 16.0 29.0
-5.870466 34.645153 0.066 16.0 29.0
-5.870466 34.645153 0.067 15.0 30.0
-6.3220406 35.79255 0.067 15.0 30.0
-6.3220406 35.79255 0.068 14.0 31.0
-6.773615 36.939945 0.068 14.0 31.0
-6.773615 36.939945 0.069 13.0 32.0
-7.225189 38.08734 0.069 13.0 32.0
-7.225189 38.08734 0.070 12.0 33.0
-7.225189 39.320404 0.070 12.0 33.0
-7.225189 39.320404 0.071 11.0 34.0
-7.225189 40.553467 0.071 11.0 34.0
-7.225189 40.553467 0.072 10.0 35.0
-7.225189 41.78653 0.072 10.0 35.0
-7.225189 41.78653 0.073 9.0 36.0
-7.225189 43.019592 0.073 9.0 36.0
-7.225189 43.019592 0.074 4.0 37.0
-6.773615 44.16699 0.074 4.0 37.0
-6.773615 44.16699 0.075 3.0 38.0
-6.3220406 45.314384 0.075 3.0 38.0
-6.3220406 45.314384 0.076 0.0 39.0
-6.3220406 46.547447 0.076 0.0 39.0
-6.3220406 46.547447 0.077 0.0 40.0
-6.3220406 47.78051 0.077 0.0 40.0
-6.3220406 45.314384 0.078 2.0 39.0
-5.870466 46.46178 0.078 2.0 39.0
-5.870466 46.46178 0.079 1.0 40.0
-5.418892 47.609177 0.079 1.0 40.0
-5.418892 47.609177 0.080 0.0 41.0
-4.5784874 48.511486 0.080 0.0 41.0
-4.5784874 48.511486 0.081 0.0 42.0
-3.7380826 49.413795 0.081 0.0 42.0
-5.418892 47.609177 0.082 0.0 41.0
-5.418892 48.84224 0.082 0.0 41.0
-5.418892 48.84224 0.083 0.0 42.0
-5.418892 50.075302 0.083 0.0 42.0
-7.225189 43.019592 0.084 8.0 37.0
-7.225189 44.252655 0.084 8.0 37.0
-7.225189 44.252655 0.085 7.0 38.0
-7.225189 45.485718 0.085 7.0 38.0
-7.225189 45.485718 0.086 6.0 39.0
-7.225189 46.71878 0.086 6.0 39.0
-7.225189 46.71878 0.087 5.0 40.0
-7.225189 47.951843 0.087 5.0 40.0
-7.225189 47.951843 0.088 4.0 41.0
-6.773615 49.09924 0.088 4.0 41.0
-6.773615 49.09924 0.089 3.0 42.0
-6.3220406 50.246635 0.089 3.0 42.0
-6.3220406 50.246635 0.090 0.0 43.0
-6.3220406 51.4797 0.090 0.0 43.0
-6.3220406 51.4797 0.091 0.0 44.0
-6.3220406 52.71276 0.091 0.0 44.0
-6.3220406 50.246635 0.092 2.0 43.0
-5.870466 51.39403 0.092 2.0 43.0
-5.870466 51.39403 0.093 1.0 44.0
-5.418892 52.541428 0.093 1.0 44.0
-5.418892 52.541428 0.094 0.0 45.0
-4.5784874 53.443737 0.094 0.0 45.0
-4.5784874 53.443737 0.095 0.0 46.0
-3.7380826 54.346046 0.095 0.0 46.0
-5.418892 52.541428 0.096 0.0 45.0
-5.418892 53.77449 0.096 0.0 45.0
-5.418892 53.77449 0.097 0.0 46.0
-5.418892 55.007553 0.097 0.0 46.0
-7.225189 47.951843 0.098 4.0 41.0
-7.6767635 49.09924 0.098 4.0 41.0
-7.6767635 49.09924 0.099 3.0 42.0
-8.128338 50.246635 0.099 3.0 42.0
-8.128338 50.246635 0.0100 0.0 43.0
-8.968742 51.148945 0.0100 0.0 43.0
-8.968742 51.148945 0.0101 0.0 44.0
-9.809147 52.051254 0.0101 0.0 44.0
-8.128338 50.246635 0.0102 2.0 43.0
-8.579912 51.39403 0.0102 2.0 43.0
-8.579912 51.39403 0.0103 1.0 44.0
-9.0314865 52.541428 0.0103 1.0 44.0
-9.0314865 52.541428 0.0104 0.0 45.0
-9.0314865 53.77449 0.0104 0.0 45.0
-9.0314865 53.77449 0.0105 0.0 46.0
-9.0314865 55.007553 0.0105 0.0 46.0
-9.0314865 52.541428 0.0106 0.0 45.0
-9.871891 53.443737 0.0106 0.0 45.0
-9.871891 53.443737 0.0107 0.0 46.0
-10.712296 54.346046 0.0107 0.0 46.0
-7.225189 38.08734 0.0108 12.0 33.0
-8.065594 38.98965 0.0108 12.0 33.0
-8.065594 38.98965 0.0109 11.0 34.0
-8.905998 39.89196 0.0109 11.0 34.0
-8.905998 39.89196 0.0110 10.0 35.0
-9.746403 40.79427 0.0110 10.0 35.0
-9.746403 40.79427 0.0111 9.0 36.0
-10.586807 41.69658 0.0111 9.0 36.0
-10.586807 41.69658 0.0112 4.0 37.0
-11.038382 42.843975 0.0112 4.0 37.0
-11.038382 42.843975 0.0113 3.0 38.0
-11.489956 43.99137 0.0113 3.0 38.0
-11.489956 43.99137 0.0114 0.0 39.0
-12.33036 44.89368 0.0114 0.0 39.0
-12.33036 44.89368 0.0115 0.0 40.0
-13.170765 45.79599 0.0115 0.0 40.0
-11.489956 43.99137 0.0116 2.0 39.0
-11.94153 45.138767 0.0116 2.0 39.0
-11.94153 45.138767 0.0117 1.0 40.0
-12.393105 46.286163 0.0117 1.0 40.0
-12.393105 46.286163 0.0118 0.0 41.0
-12.393105 47.519226 0.0118 0.0 41.0
-12.393105 47.519226 0.0119 0.0 42.0
-12.393105 48.75229 0.0119 0.0 42.0
-12.393105 46.286163 0.0120 0.0 41.0
-13.233509 47.188473 0.0120 0.0 41.0
-13.233509 47.188473 0.0121 0.0 42.0
-14.073914 48.090782 0.0121 0.0 42.0
-10.586807 41.69658 0.0122 8.0 37.0
-11.427212 42.59889 0.0122 8.0 37.0
-11.427212 42.59889 0.0123 7.0 38.0
-12.267616 43.501198 0.0123 7.0 38.0
-12.267616 43.501198 0.0124 6.0 39.0
-13.108021 44.403507 0.0124 6.0 39.0
-13.108021 44.403507 0.0125 5.0 40.0
-13.948425 45.305817 0.0125 5.0 40.0
-13.948425 45.305817 0.0126 4.0 41.0
-14.4 46.453213 0.0126 4.0 41.0
-14.4 46.453213 0.0127 3.0 42.0
-14.851574 47.60061 0.0127 3.0 42.0
-14.851574 47.60061 0.0128 0.0 43.0
-15.691978 48.50292 0.0128 0.0 43.0
-15.691978 48.50292 0.0129 0.0 44.0
-16.532383 49.405228 0.0129 0.0 44.0
-14.851574 47.60061 0.0130 2.0 43.0
-15.303148 48.748005 0.0130 2.0 43.0
-15.303148 48.748005 0.0131 1.0 44.0
-15.754723 49.8954 0.0131 1.0 44.0
-15.754723 49.8954 0.0132 0.0 45.0
-15.754723 51.128464 0.0132 0.0 45.0
-15.754723 51.128464 0.0133 0.0 46.0
-15.754723 52.361526 0.0133 0.0 46.0
-15.754723 49.8954 0.0134 0.0 45.0
-16.595127 50.79771 0.0134 0.0 45.0
-16.595127 50.79771 0.0135 0.0 46.0
-17.435532 51.70002 0.0135 0.0 46.0
-13.948425 45.305817 0.0136 4.0 41.0
-15.06089 45.837666 0.0136 4.0 41.0
-15.06089 45.837666 0.0137 3.0 42.0
-16.173355 46.369514 0.0137 3.0 42.0
-16.173355 46.369514 0.0138 0.0 43.0
-17.403309 46.457005 0.0138 0.0 43.0
-17.403309 46.457005 0.0139 0.0 44.0
-18.633263 46.544495 0.0139 0.0 44.0
-16.173355 46.369514 0.0140 2.0 43.0
-17.28582 46.901363 0.0140 2.0 43.0
-17.28582 46.901363 0.0141 1.0 44.0
-18.398285 47.433212 0.0141 1.0 44.0
-18.398285 47.433212 0.0142 0.0 45.0
-19.23869 48.33552 0.0142 0.0 45.0
-19.23869 48.33552 0.0143 0.0 46.0
-20.079094 49.23783 0.0143 0.0 46.0
-18.398285 47.433212 0.0144 0.0 45.0
-19.628239 47.520702 0.0144 0.0 45.0
-19.628239 47.520702 0.0145 0.0 46.0
-20.858192 47.608192 0.0145 0.0 46.0
0.0 19.728985 0.0146 44.0 17.0
0.0 20.962046 0.0146 44.0 17.0
0.0 20.962046 0.0147 43.0 18.0
0.0 22.195107 0.0147 43.0 18.0
0.0 22.195107 0.0148 42.0 19.0
0.0 23.428167 0.0148 42.0 19.0
0.0 23.428167 0.0149 41.0 20.0
0.0 24.661228 0.0149 41.0 20.0
0.0 24.661228 0.0150 40.0 21.0
0.0 25.894289 0.0150 40.0 21.0
0.0 25.894289 0.0151 39.0 22.0
0.0 27.12735 0.0151 39.0 22.0
0.0 27.12735 0.0152 38.0 23.0
0.0 28.36041 0.0152 38.0 23.0
0.0 28.36041 0.0153 37.0 24.0
0.0 29.593472 0.0153 37.0 24.0
0.0 29.593472 0.0154 36.0 25.0
0.0 30.826532 0.0154 36.0 25.0
0.0 30.826532 0.0155 35.0 26.0
0.0 32.059593 0.0155 35.0 26.0
0.0 32.059593 0.0156 34.0 27.0
0.0 33.292656 0.0156 34.0 27.0
0.0 33.292656 0.0157 33.0 28.0
0.0 34.52572 0.0157 33.0 28.0
0.0 34.52572 0.0158 32.0 29.0
0.0 35.75878 0.0158 32.0 29.0
0.0 35.75878 0.0159 31.0 30.0
0.0 36.991844 0.0159 31.0 30.0
0.0 36.991844 0.0160 30.0 31.0
0.0 38.224907 0.0160 30.0 31.0
0.0 38.224907 0.0161 29.0 32.0
0.0 39.45797 0.0161 29.0 32.0
0.0 39.45797 0.0162 28.0 33.0
0.45157433 40.605366 0.0162 28.0 33.0
0.45157433 40.605366 0.0163 27.0 34.0
0.90314865 41.75276 0.0163 27.0 34.0
0.90314865 41.75276 0.0164 26.0 35.0
1.354723 42.900158 0.0164 26.0 35.0
1.354723 42.900158 0.0165 25.0 36.0
1.8062973 44.047554 0.0165 25.0 36.0
1.8062973 44.047554 0.0166 24.0 37.0
2.2578716 45.19495 0.0166 24.0 37.0
2.2578716 45.19495 0.0167 23.0 38.0
2.709446 46.342346 0.0167 23.0 38.0
2.709446 46.342346 0.0168 22.0 39.0
3.1610203 47.489742 0.0168 22.0 39.0
3.1610203 47.489742 0.0169 21.0 40.0
3.6125946 48.63714 0.0169 21.0 40.0
3.6125946 48.63714 0.0170 12.0 41.0
4.452999 49.539448 0.0170 12.0 41.0
4.452999 49.539448 0.0171 11.0 42.0
5.2934036 50.441757 0.0171 11.0 42.0
5.2934036 50.441757 0.0172 10.0 43.0
6.133808 51.344067 0.0172 10.0 43.0
6.133808 51.344067 0.0173 9.0 44.0
6.9742126 52.246376 0.0173 9.0 44.0
6.9742126 52.246376 0.0174 4.0 45.0
8.086678 52.778225 0.0174 4.0 45.0
8.086678 52.778225 0.0175 3.0 46.0
9.199142 53.310074 0.0175 3.0 46.0
9.199142 53.310074 0.0176 0.0 47.0
10.039547 54.212383 0.0176 0.0 47.0
10.039547 54.212383 0.0177 0.0 48.0
10.8799515 55.114693 0.0177 0.0 48.0
9.199142 53.310074 0.0178 2.0 47.0
10.311607 53.841923 0.0178 2.0 47.0
10.311607 53.841923 0.0179 1.0 48.0
11.424072 54.37377 0.0179 1.0 48.0
11.424072 54.37377 0.0180 0.0 49.0
12.654026 54.46126 0.0180 0.0 49.0
12.654026 54.46126 0.0181 0.0 50.0
13.88398 54.54875 0.0181 0.0 50.0
11.424072 54.37377 0.0182 0.0 49.0
12.264477 55.27608 0.0182 0.0 49.0
12.264477 55.27608 0.0183 0.0 50.0
13.104881 56.17839 0.0183 0.0 50.0
6.9742126 52.246376 0.0184 8.0 45.0
7.814617 53.148685 0.0184 8.0 45.0
7.814617 53.148685 0.0185 7.0 46.0
8.655022 54.050995 0.0185 7.0 46.0
8.655022 54.050995 0.0186 6.0 47.0
9.495426 54.953304 0.0186 6.0 47.0
9.495426 54.953304 0.0187 5.0 48.0
10.335831 55.855614 0.0187 5.0 48.0
10.335831 55.855614 0.0188 4.0 49.0
11.448296 56.387463 0.0188 4.0 49.0
11.448296 56.387463 0.0189 3.0 50.0
12.5607605 56.91931 0.0189 3.0 50.0
12.5607605 56.91931 0.0190 0.0 51.0
13.401165 57.82162 0.0190 0.0 51.0
13.401165 57.82162 0.0191 0.0 52.0
14.2415695 58.72393 0.0191 0.0 52.0
12.5607605 56.91931 0.0192 2.0 51.0
13.673225 57.45116 0.0192 2.0 51.0
13.673225 57.45116 0.0193 1.0 52.0
14.78569 57.98301 0.0193 1.0 52.0
14.78569 57.98301 0.0194 0.0 53.0
16.015644 58.0705 0.0194 0.0 53.0
16.015644 58.0705 0.0195 0.0 54.0
17.245598 58.15799 0.0195 0.0 54.0
14.78569 57.98301 0.0196 0.0 53.0
15.626095 58.88532 0.0196 0.0 53.0
15.626095 58.88532 0.0197 0.0 54.0
16.4665 59.78763 0.0197 0.0 54.0
10.335831 55.855614 0.0198 4.0 49.0
10.787405 57.00301 0.0198 4.0 49.0
10.787405 57.00301 0.0199 3.0 50.0
11.238979 58.150406 0.0199 3.0 50.0
11.238979 58.150406 0.0200 0.0 51.0
11.238979 59.38347 0.0200 0.0 51.0
11.238979 59.38347 0.0201 0.0 52.0
11.238979 60.61653 0.0201 0.0 52.0
11.238979 58.150406 0.0202 2.0 51.0
11.690554 59.297802 0.0202 2.0 51.0
11.690554 59.297802 0.0203 1.0 52.0
12.142128 60.445198 0.0203 1.0 52.0
12.142128 60.445198 0.0204 0.0 53.0
12.9825325 61.347507 0.0204 0.0 53.0
12.9825325 61.347507 0.0205 0.0 54.0
13.822937 62.249817 0.0205 0.0 54.0
12.142128 60.445198 0.0206 0.0 53.0
12.142128 61.67826 0.0206 0.0 53.0
12.142128 61.67826 0.0207 0.0 54.0
12.142128 62.911324 0.0207 0.0 54.0
3.6125946 48.63714 0.0208 20.0 41.0
4.064169 49.784534 0.0208 20.0 41.0
4.064169 49.784534 0.0209 19.0 42.0
4.5157433 50.93193 0.0209 19.0 42.0
4.5157433 50.93193 0.0210 18.0 43.0
4.9673176 52.079327 0.0210 18.0 43.0
4.9673176 52.079327 0.0211 17.0 44.0
5.418892 53.226723 0.0211 17.0 44.0
5.418892 53.226723 0.0212 16.0 45.0
5.870466 54.37412 0.0212 16.0 45.0
5.870466 54.37412 0.0213 15.0 46.0
6.3220406 55.521515 0.0213 15.0 46.0
6.3220406 55.521515 0.0214 14.0 47.0
6.773615 56.66891 0.0214 14.0 47.0
6.773615 56.66891 0.0215 13.0 48.0
7.225189 57.816307 0.0215 13.0 48.0
7.225189 57.816307 0.0216 12.0 49.0
8.065594 58.718616 0.0216 12.0 49.0
8.065594 58.718616 0.0217 11.0 50.0
8.905998 59.620926 0.0217 11.0 50.0
8.905998 59.620926 0.0218 10.0 51.0
9.746403 60.523235 0.0218 10.0 51.0
9.746403 60.523235 0.0219 9.0 52.0
10.586807 61.425545 0.0219 9.0 52.0
10.586807 61.425545 0.0220 4.0 53.0
11.699272 61.957394 0.0220 4.0 53.0
11.699272 61.957394 0.0221 3.0 54.0
12.811737 62.489243 0.0221 3.0 54.0
12.811737 62.489243 0.0222 0.0 55.0
13.652142 63.391552 0.0222 0.0 55.0
13.652142 63.391552 0.0223 0.0 56.0
14.492546 64.29386 0.0223 0.0 56.0
12.811737 62.489243 0.0224 2.0 55.0
13.924202 63.02109 0.0224 2.0 55.0
13.924202 63.02109 0.0225 1.0 56.0
15.036667 63.55294 0.0225 1.0 56.0
15.036667 63.55294 0.0226 0.0 57.0
16.26662 63.64043 0.0226 0.0 57.0
16.26662 63.64043 0.0227 0.0 58.0
17.496574 63.72792 0.0227 0.0 58.0
15.036667 63.55294 0.0228 0.0 57.0
15.877071 64.455246 0.0228 0.0 57.0
15.877071 64.455246 0.0229 0.0 58.0
16.717476 65.35755 0.0229 0.0 58.0
10.586807 61.425545 0.0230 8.0 53.0
11.427212 62.327854 0.0230 8.0 53.0
11.427212 62.327854 0.0231 7.0 54.0
12.267616 63.230164 0.0231 7.0 54.0
12.267616 63.230164 0.0232 6.0 55.0
13.108021 64.13247 0.0232 6.0 55.0
13.108021 64.13247 0.0233 5.0 56.0
13.948425 65.034775 0.0233 5.0 56.0
13.948425 65.034775 0.0234 4.0 57.0
15.06089 65.56662 0.0234 4.0 57.0
15.06089 65.56662 0.0235 3.0 58.0
16.173355 66.098465 0.0235 3.0 58.0
16.173355 66.098465 0.0236 0.0 59.0
17.01376 67.00077 0.0236 0.0 59.0
17.01376 67.00077 0.0237 0.0 60.0
17.854164 67.903076 0.0237 0.0 60.0
16.173355 66.098465 0.0238 2.0 59.0
17.28582 66.63031 0.0238 2.0 59.0
17.28582 66.63031 0.0239 1.0 60.0
18.398285 67.162155 0.0239 1.0 60.0
18.398285 67.162155 0.0240 0.0 61.0
19.628239 67.24965 0.0240 0.0 61.0
19.628239 67.24965 0.0241 0.0 62.0
20.858192 67.33714 0.0241 0.0 62.0
18.398285 67.162155 0.0242 0.0 61.0
19.23869 68.06446 0.0242 0.0 61.0
19.23869 68.06446 0.0243 0.0 62.0
20.079094 68.96677 0.0243 0.0 62.0
13.948425 65.034775 0.0244 4.0 57.0
14.4 66.182175 0.0244 4.0 57.0
14.4 66.182175 0.0245 3.0 58.0
14.851574 67.329575 0.0245 3.0 58.0
14.851574 67.329575 0.0246 0.0 59.0
14.851574 68.56264 0.0246 0.0 59.0
14.851574 68.56264 0.0247 0.0 60.0
14.851574 69.7957 0.0247 0.0 60.0
14.851574 67.329575 0.0248 2.0 59.0
15.303148 68.476974 0.0248 2.0 59.0
15.303148 68.476974 0.0249 1.0 60.0
15.754723 69.624374 0.0249 1.0 60.0
15.754723 69.624374 0.0250 0.0 61.0
16.595127 70.52668 0.0250 0.0 61.0
16.595127 70.52668 0.0251 0.0 62.0
17.435532 71.428986 0.0251 0.0 62.0
15.754723 69.624374 0.0252 0.0 61.0
15.754723 70.85744 0.0252 0.0 61.0
15.754723 70.85744 0.0253 0.0 62.0
15.754723 72.0905 0.0253 0.0 62.0
7.225189 57.816307 0.0254 12.0 49.0
7.225189 59.04937 0.0254 12.0 49.0
7.225189 59.04937 0.0255 11.0 50.0
7.225189 60.282433 0.0255 11.0 50.0
7.225189 60.282433 0.0256 10.0 51.0
7.225189 61.515495 0.0256 10.0 51.0
7.225189 61.515495 0.0257 9.0 52.0
7.225189 62.748558 0.0257 9.0 52.0
7.225189 62.748558 0.0258 4.0 53.0
7.6767635 63.895954 0.0258 4.0 53.0
7.6767635 63.895954 0.0259 3.0 54.0
8.128338 65.04335 0.0259 3.0 54.0
8.128338 65.04335 0.0260 0.0 55.0
8.128338 66.27641 0.0260 0.0 55.0
8.128338 66.27641 0.0261 0.0 56.0
8.128338 67.509476 0.0261 0.0 56.0
8.128338 65.04335 0.0262 2.0 55.0
8.579912 66.19075 0.0262 2.0 55.0
8.579912 66.19075 0.0263 1.0 56.0
9.0314865 67.33815 0.0263 1.0 56.0
9.0314865 67.33815 0.0264 0.0 57.0
9.871891 68.240456 0.0264 0.0 57.0
9.871891 68.240456 0.0265 0.0 58.0
10.712296 69.14276 0.0265 0.0 58.0
9.0314865 67.33815 0.0266 0.0 57.0
9.0314865 68.57121 0.0266 0.0 57.0
9.0314865 68.57121 0.0267 0.0 58.0
9.0314865 69.804276 0.0267 0.0 58.0
7.225189 62.748558 0.0268 8.0 53.0
7.225189 63.98162 0.0268 8.0 53.0
7.225189 63.98162 0.0269 7.0 54.0
7.225189 65.21468 0.0269 7.0 54.0
7.225189 65.21468 0.0270 6.0 55.0
7.225189 66.44775 0.0270 6.0 55.0
7.225189 66.44775 0.0271 5.0 56.0
7.225189 67.68081 0.0271 5.0 56.0
7.225189 67.68081 0.0272 4.0 57.0
7.6767635 68.82821 0.0272 4.0 57.0
7.6767635 68.82821 0.0273 3.0 58.0
8.128338 69.97561 0.0273 3.0 58.0
8.128338 69.97561 0.0274 0.0 59.0
8.128338 71.20867 0.0274 0.0 59.0
8.128338 71.20867 0.0275 0.0 60.0
8.128338 72.441734 0.0275 0.0 60.0
8.128338 69.97561 0.0276 2.0 59.0
8.579912 71.12301 0.0276 2.0 59.0
8.579912 71.12301 0.0277 1.0 60.0
9.0314865 72.27041 0.0277 1.0 60.0
9.0314865 72.27041 0.0278 0.0 61.0
9.871891 73.172714 0.0278 0.0 61.0
9.871891 73.172714 0.0279 0.0 62.0
10.712296 74.07502 0.0279 0.0 62.0
9.0314865 72.27041 0.0280 0.0 61.0
9.0314865 73.50347 0.0280 0.0 61.0
9.0314865 73.50347 0.0281 0.0 62.0
9.0314865 74.736534 0.0281 0.0 62.0
7.225189 67.68081 0.0282 4.0 57.0
6.773615 68.82821 0.0282 4.0 57.0
6.773615 68.82821 0.0283 3.0 58.0
6.3220406 69.97561 0.0283 3.0 58.0
6.3220406 69.97561 0.0284 0.0 59.0
5.481636 70.877914 0.0284 0.0 59.0
5.481636 70.877914 0.0285 0.0 60.0
4.6412315 71.78022 0.0285 0.0 60.0
6.3220406 69.97561 0.0286 2.0 59.0
5.870466 71.12301 0.0286 2.0 59.0
5.870466 71.12301 0.0287 1.0 60.0
5.418892 72.27041 0.0287 1.0 60.0
5.418892 72.27041 0.0288 0.0 61.0
5.418892 73.50347 0.0288 0.0 61.0
5.418892 73.50347 0.0289 0.0 62.0
5.418892 74.736534 0.0289 0.0 62.0
5.418892 72.27041 0.0290 0.0 61.0
4.5784874 73.172714 0.0290 0.0 61.0
4.5784874 73.172714 0.0291 0.0 62.0
3.7380826 74.07502 0.0291 0.0 62.0
0.0 39.45797 0.0292 28.0 33.0
-0.45157433 40.605366 0.0292 28.0 33.0
-0.45157433 40.605366 0.0293 27.0 34.0
-0.90314865 41.75276 0.0293 27.0 34.0
-0.90314865 41.75276 0.0294 26.0 35.0
-1.354723 42.900158 0.0294 26.0 35.0
-1.354723 42.900158 0.0295 25.0 36.0
-1.8062973 44.047554 0.0295 25.0 36.0
-1.8062973 44.047554 0.0296 24.0 37.0
-2.2578716 45.19495 0.0296 24.0 37.0
-2.2578716 45.19495 0.0297 23.0 38.0
-2.709446 46.342346 0.0297 23.0 38.0
-2.709446 46.342346 0.0298 22.0 39.0
-3.1610203 47.489742 0.0298 22.0 39.0
-3.1610203 47.489742 0.0299 21.0 40.0
-3.6125946 48.63714 0.0299 21.0 40.0
-3.6125946 48.63714 0.0300 12.0 41.0
-3.6125946 49.8702 0.0300 12.0 41.0
-3.6125946 49.8702 0.0301 11.0 42.0
-3.6125946 51.103264 0.0301 11.0 42.0
-3.6125946 51.103264 0.0302 10.0 43.0
-3.6125946 52.336327 0.0302 10.0 43.0
-3.6125946 52.336327 0.0303 9.0 44.0
-3.6125946 53.56939 0.0303 9.0 44.0
-3.6125946 53.56939 0.0304 4.0 45.0
-3.1610203 54.716785 0.0304 4.0 45.0
-3.1610203 54.716785 0.0305 3.0 46.0
-2.709446 55.86418 0.0305 3.0 46.0
-2.709446 55.86418 0.0306 0.0 47.0
-2.709446 57.097244 0.0306 0.0 47.0
-2.709446 57.097244 0.0307 0.0 48.0
-2.709446 58.330307 0.0307 0.0 48.0
-2.709446 55.86418 0.0308 2.0 47.0
-2.2578716 57.011578 0.0308 2.0 47.0
-2.2578716 57.011578 0.0309 1.0 48.0
-1.8062973 58.158974 0.0309 1.0 48.0
-1.8062973 58.158974 0.0310 0.0 49.0
-0.9658926 59.061283 0.0310 0.0 49.0
-0.9658926 59.061283 0.0311 0.0 50.0
-0.12548792 59.963593 0.0311 0.0 50.0
-1.8062973 58.158974 0.0312 0.0 49.0
-1.8062973 59.392036 0.0312 0.0 49.0
-1.8062973 59.392036 0.0313 0.0 50.0
-1.8062973 60.6251 0.0313 0.0 50.0
-3.6125946 53.56939 0.0314 8.0 45.0
-3.6125946 54.802452 0.0314 8.0 45.0
-3.6125946 54.802452 0.0315 7.0 46.0
-3.6125946 56.035515 0.0315 7.0 46.0
-3.6125946 56.035515 0.0316 6.0 47.0
-3.6125946 57.268578 0.0316 6.0 47.0
-3.6125946 57.268578 0.0317 5.0 48.0
-3.6125946 58.50164 0.0317 5.0 48.0
-3.6125946 58.50164 0.0318 4.0 49.0
-3.1610203 59.649036 0.0318 4.0 49.0
-3.1610203 59.649036 0.0319 3.0 50.0
-2.709446 60.796432 0.0319 3.0 50.0
-2.709446 60.796432 0.0320 0.0 51.0
-2.709446 62.029495 0.0320 0.0 51.0
-2.709446 62.029495 0.0321 0.0 52.0
-2.709446 63.262558 0.0321 0.0 52.0
-2.709446 60.796432 0.0322 2.0 51.0
-2.2578716 61.94383 0.0322 2.0 51.0
-2.2578716 61.94383 0.0323 1.0 52.0
-1.8062973 63.091225 0.0323 1.0 52.0
-1.8062973 63.091225 0.0324 0.0 53.0
-0.9658926 63.993534 0.0324 0.0 53.0
-0.9658926 63.993534 0.0325 0.0 54.0
-0.12548792 64.89584 0.0325 0.0 54.0
-1.8062973 63.091225 0.0326 0.0 53.0
-1.8062973 64.32429 0.0326 0.0 53.0
-1.8062973 64.32429 0.0327 0.0 54.0
-1.8062973 65.55735 0.0327 0.0 54.0
-3.6125946 58.50164 0.0328 4.0 49.0
-4.064169 59.649036 0.0328 4.0 49.0
-4.064169 59.649036 0.0329 3.0 50.0
-4.5157433 60.796432 0.0329 3.0 50.0
-4.5157433 60.796432 0.0330 0.0 51.0
-5.356148 61.698742 0.0330 0.0 51.0
-5.356148 61.698742 0.0331 0.0 52.0
-6.1965523 62.60105 0.0331 0.0 52.0
-4.5157433 60.796432 0.0332 2.0 51.0
-4.9673176 61.94383 0.0332 2.0 51.0
-4.9673176 61.94383 0.0333 1.0 52.0
-5.418892 63.091225 0.0333 1.0 52.0
-5.418892 63.091225 0.0334 0.0 53.0
-5.418892 64.32429 0.0334 0.0 53.0
-5.418892 64.32429 0.0335 0.0 54.0
-5.418892 65.55735 0.0335 0.0 54.0
-5.418892 63.091225 0.0336 0.0 53.0
-6.2592964 63.993534 0.0336 0.0 53.0
-6.2592964 63.993534 0.0337 0.0 54.0
-7.099701 64.89584 0.0337 0.0 54.0
-3.6125946 48.63714 0.0338 20.0 41.0
-4.064169 49.784534 0.0338 20.0 41.0
-4.064169 49.784534 0.0339 19.0 42.0
-4.5157433 50.93193 0.0339 19.0 42.0
-4.5157433 50.93193 0.0340 18.0 43.0
-4.9673176 52.079327 0.0340 18.0 43.0
-4.9673176 52.079327 0.0341 17.0 44.0
-5.418892 53.226723 0.0341 17.0 44.0
-5.418892 53.226723 0.0342 16.0 45.0
-5.870466 54.37412 0.0342 16.0 45.0
-5.870466 54.37412 0.0343 15.0 46.0
-6.3220406 55.521515 0.0343 15.0 46.0
-6.3220406 55.521515 0.0344 14.0 47.0
-6.773615 56.66891 0.0344 14.0 47.0
-6.773615 56.66891 0.0345 13.0 48.0
-7.225189 57.816307 0.0345 13.0 48.0
-7.225189 57.816307 0.0346 12.0 49.0
-7.225189 59.04937 0.0346 12.0 49.0
-7.225189 59.04937 0.0347 11.0 50.0
-7.225189 60.282433 0.0347 11.0 50.0
-7.225189 60.282433 0.0348 10.0 51.0
-7.225189 61.515495 0.0348 10.0 51.0
-7.225189 61.515495 0.0349 9.0 52.0
-7.225189 62.748558 0.0349 9.0 52.0
-7.225189 62.748558 0.0350 4.0 53.0
-6.773615 63.895954 0.0350 4.0 53.0
-6.773615 63.895954 0.0351 3.0 54.0
-6.3220406 65.04335 0.0351 3.0 54.0
-6.3220406 65.04335 0.0352 0.0 55.0
-6.3220406 66.27641 0.0352 0.0 55.0
-6.3220406 66.27641 0.0353 0.0 56.0
-6.3220406 67.509476 0.0353 0.0 56.0
-6.3220406 65.04335 0.0354 2.0 55.0
-5.870466 66.19075 0.0354 2.0 55.0
-5.870466 66.19075 0.0355 1.0 56.0
-5.418892 67.33815 0.0355 1.0 56.0
-5.418892 67.33815 0.0356 0.0 57.0
-4.5784874 68.240456 0.0356 0.0 57.0
-4.5784874 68.240456 0.0357 0.0 58.0
-3.7380826 69.14276 0.0357 0.0 58.0
-5.418892 67.33815 0.0358 0.0 57.0
-5.418892 68.57121 0.0358 0.0 57.0
-5.418892 68.57121 0.0359 0.0 58.0
-5.418892 69.804276 0.0359 0.0 58.0
-7.225189 62.748558 0.0360 8.0 53.0
-7.225189 63.98162 0.0360 8.0 53.0
-7.225189 63.98162 0.0361 7.0 54.0
-7.225189 65.21468 0.0361 7.0 54.0
-7.225189 65.21468 0.0362 6.0 55.0
-7.225189 66.44775 0.0362 6.0 55.0
-7.225189 66.44775 0.0363 5.0 56.0
-7.225189 67.68081 0.0363 5.0 56.0
-7.225189 67.68081 0.0364 4.0 57.0
-6.773615 68.82821 0.0364 4.0 57.0
-6.773615 68.82821 0.0365 3.0 58.0
-6.3220406 69.97561 0.0365 3.0 58.0
-6.3220406 69.97561 0.0366 0.0 59.0
-6.3220406 71.20867 0.0366 0.0 59.0
-6.3220406 71.20867 0.0367 0.0 60.0
-6.3220406 72.441734 0.0367 0.0 60.0
-6.3220406 69.97561 0.0368 2.0 59.0
-5.870466 71.12301 0.0368 2.0 59.0
-5.870466 71.12301 0.0369 1.0 60.0
-5.418892 72.27041 0.0369 1.0 60.0
-5.418892 72.27041 0.0370 0.0 61.0
-4.5784874 73.172714 0.0370 0.0 61.0
-4.5784874 73.172714 0.0371 0.0 62.0
-3.7380826 74.07502 0.0371 0.0 62.0
-5.418892 72.27041 0.0372 0.0 61.0
-5.418892 73.50347 0.0372 0.0 61.0
-5.418892 73.50347 0.0373 0.0 62.0
-5.418892 74.736534 0.0373 0.0 62.0
-7.225189 67.68081 0.0374 4.0 57.0
-7.6767635 68.82821 0.0374 4.0 57.0
-7.6767635 68.82821 0.0375 3.0 58.0
-8.128338 69.97561 0.0375 3.0 58.0
-8.128338 69.97561 0.0376 0.0 59.0
-8.968742 70.877914 0.0376 0.0 59.0
-8.968742 70.877914 0.0377 0.0 60.0
-9.809147 71.78022 0.0377 0.0 60.0
-8.128338 69.97561 0.0378 2.0 59.0
-8.579912 71.12301 0.0378 2.0 59.0
-8.579912 71.12301 0.0379 1.0 60.0
-9.0314865 72.27041 0.0379 1.0 60.0
-9.0314865 72.27041 0.0380 0.0 61.0
-9.0314865 73.50347 0.0380 0.0 61.0
-9.0314865 73.50347 0.0381 0.0 62.0
-9.0314865 74.736534 0.0381 0.0 62.0
-9.0314865 72.27041 0.0382 0.0 61.0
-9.871891 73.172714 0.0382 0.0 61.0
-9.871891 73.172714 0.0383 0.0 62.0
-10.712296 74.07502 0.0383 0.0 62.0
-7.225189 57.816307 0.0384 12.0 49.0
-8.065594 58.718616 0.0384 12.0 49.0
-8.065594 58.718616 0.0385 11.0 50.0
-8.905998 59.620926 0.0385 11.0 50.0
-8.905998 59.620926 0.0386 10.0 51.0
-9.746403 60.523235 0.0386 10.0 51.0
-9.746403 60.523235 0.0387 9.0 52.0
-10.586807 61.425545 0.0387 9.0 52.0
-10.586807 61.425545 0.0388 4.0 53.0
-11.038382 62.57294 0.0388 4.0 53.0
-11.038382 62.57294 0.0389 3.0 54.0
-11.489956 63.720337 0.0389 3.0 54.0
-11.489956 63.720337 0.0390 0.0 55.0
-12.33036 64.62264 0.0390 0.0 55.0
-12.33036 64.62264 0.0391 0.0 56.0
-13.170765 65.52495 0.0391 0.0 56.0
-11.489956 63.720337 0.0392 2.0 55.0
-11.94153 64.86774 0.0392 2.0 55.0
-11.94153 64.86774 0.0393 1.0 56.0
-12.393105 66.01514 0.0393 1.0 56.0
-12.393105 66.01514 0.0394 0.0 57.0
-12.393105 67.2482 0.0394 0.0 57.0
-12.393105 67.2482 0.0395 0.0 58.0
-12.393105 68.48126 0.0395 0.0 58.0
-12.393105 66.01514 0.0396 0.0 57.0
-13.233509 66.91744 0.0396 0.0 57.0
-13.233509 66.91744 0.0397 0.0 58.0
-14.073914 67.81975 0.0397 0.0 58.0
-10.586807 61.425545 0.0398 8.0 53.0
-11.427212 62.327854 0.0398 8.0 53.0
-11.427212 62.327854 0.0399 7.0 54.0
-12.267616 63.230164 0.0399 7.0 54.0
-12.267616 63.230164 0.0400 6.0 55.0
-13.108021 64.13247 0.0400 6.0 55.0
-13.108021 64.13247 0.0401 5.0 56.0
-13.948425 65.034775 0.0401 5.0 56.0
-13.948425 65.034775 0.0402 4.0 57.0
-14.4 66.182175 0.0402 4.0 57.0
-14.4 66.182175 0.0403 3.0 58.0
-14.851574 67.329575 0.0403 3.0 58.0
-14.851574 67.329575 0.0404 0.0 59.0
-15.691978 68.23188 0.0404 0.0 59.0
-15.691978 68.23188 0.0405 0.0 60.0
-16.532383 69.134186 0.0405 0.0 60.0
-14.851574 67.329575 0.0406 2.0 59.0
-15.303148 68.476974 0.0406 2.0 59.0
-15.303148 68.476974 0.0407 1.0 60.0
-15.754723 69.624374 0.0407 1.0 60.0
-15.754723 69.624374 0.0408 0.0 61.0
-15.754723 70.85744 0.0408 0.0 61.0
-15.754723 70.85744 0.0409 0.0 62.0
-15.754723 72.0905 0.0409 0.0 62.0
-15.754723 69.624374 0.0410 0.0 61.0
-16.595127 70.52668 0.0410 0.0 61.0
-16.595127 70.52668 0.0411 0.0 62.0
-17.435532 71.428986 0.0411 0.0 62.0
-13.948425 65.034775 0.0412 4.0 57.0
-15.06089 65.56662 0.0412 4.0 57.0
-15.06089 65.56662 0.0413 3.0 58.0
-16.173355 66.098465 0.0413 3.0 58.0
-16.173355 66.098465 0.0414 0.0 59.0
-17.403309 66.18596 0.0414 0.0 59.0
-17.403309 66.18596 0.0415 0.0 60.0
-18.633263 66.27345 0.0415 0.0 60.0
-16.173355 66.098465 0.0416 2.0 59.0
-17.28582 66.63031 0.0416 2.0 59.0
-17.28582 66.63031 0.0417 1.0 60.0
-18.398285 67.162155 0.0417 1.0 60.0
-18.398285 67.162155 0.0418 0.0 61.0
-19.23869 68.06446 0.0418 0.0 61.0
-19.23869 68.06446 0.0419 0.0 62.0
-20.079094 68.96677 0.0419 0.0 62.0
-18.398285 67.162155 0.0420 0.0 61.0
-19.628239 67.24965 0.0420 0.0 61.0
-19.628239 67.24965 0.0421 0.0 62.0
-20.858192 67.33714 0.0421 0.0 62.0
