0.0 0.0 0.00 14.0 1.0
0.0 3.8834772 0.00 14.0 1.0
0.0 3.8834772 0.01 0.0 2.0
-1.9326549 7.2518954 0.01 0.0 2.0
0.0 3.8834772 0.02 13.0 2.0
0.0 7.7669544 0.02 13.0 2.0
0.0 7.7669544 0.03 0.0 3.0
-1.9326549 11.135372 0.03 0.0 3.0
-1.9326549 11.135372 0.04 0.0 4.0
-5.285315 13.095236 0.04 0.0 4.0
-1.9326549 11.135372 0.05 0.0 4.0
-3.8653097 14.50379 0.05 0.0 4.0
0.0 7.7669544 0.06 12.0 3.0
0.0 11.650432 0.06 12.0 3.0
0.0 11.650432 0.07 0.0 4.0
-1.9326549 15.01885 0.07 0.0 4.0
0.0 11.650432 0.08 11.0 4.0
0.0 15.533909 0.08 11.0 4.0
0.0 15.533909 0.09 2.0 5.0
-1.9326549 18.902327 0.09 2.0 5.0
-1.9326549 18.902327 0.010 0.0 6.0
-5.285315 20.86219 0.010 0.0 6.0
-1.9326549 18.902327 0.011 1.0 6.0
-3.8653097 22.270744 0.011 1.0 6.0
-3.8653097 22.270744 0.012 0.0 7.0
-7.21797 24.230608 0.012 0.0 7.0
-7.21797 24.230608 0.013 0.0 8.0
-11.10132 24.26205 0.013 0.0 8.0
-7.21797 24.230608 0.014 0.0 8.0
-10.57063 26.190472 0.014 0.0 8.0
-3.8653097 22.270744 0.015 0.0 7.0
-5.7979646 25.639162 0.015 0.0 7.0
-5.7979646 25.639162 0.016 0.0 8.0
-9.150625 27.599026 0.016 0.0 8.0
-5.7979646 25.639162 0.017 0.0 8.0
-7.7306194 29.00758 0.017 0.0 8.0
0.0 15.533909 0.018 10.0 5.0
0.0 19.417385 0.018 10.0 5.0
0.0 19.417385 0.019 0.0 6.0
-1.9326549 22.785803 0.019 0.0 6.0
0.0 19.417385 0.020 9.0 6.0
0.0 23.300861 0.020 9.0 6.0
0.0 23.300861 0.021 0.0 7.0
-1.9326549 26.66928 0.021 0.0 7.0
-1.9326549 26.66928 0.022 0.0 8.0
-5.285315 28.629143 0.022 0.0 8.0
-1.9326549 26.66928 0.023 0.0 8.0
-3.8653097 30.037697 0.023 0.0 8.0
0.0 23.300861 0.024 8.0 7.0
0.0 27.184338 0.024 8.0 7.0
0.0 27.184338 0.025 0.0 8.0
-1.9326549 30.552755 0.025 0.0 8.0
0.0 27.184338 0.026 7.0 8.0
0.0 31.067814 0.026 7.0 8.0
0.0 31.067814 0.027 6.0 9.0
-1.9326549 34.436234 0.027 6.0 9.0
-1.9326549 34.436234 0.028 0.0 10.0
-5.285315 36.396095 0.028 0.0 10.0
-1.9326549 34.436234 0.029 5.0 10.0
-3.8653097 37.804653 0.029 5.0 10.0
-3.8653097 37.804653 0.030 0.0 11.0
-7.21797 39.76452 0.030 0.0 11.0
-7.21797 39.76452 0.031 0.0 12.0
-11.10132 39.79596 0.031 0.0 12.0
-7.21797 39.76452 0.032 0.0 12.0
-10.57063 41.72438 0.032 0.0 12.0
-3.8653097 37.804653 0.033 4.0 11.0
-5.7979646 41.173073 0.033 4.0 11.0
-5.7979646 41.173073 0.034 0.0 12.0
-9.150625 43.132935 0.034 0.0 12.0
-5.7979646 41.173073 0.035 3.0 12.0
-7.7306194 44.541492 0.035 3.0 12.0
-7.7306194 44.541492 0.036 2.0 13.0
-11.08328 46.501358 0.036 2.0 13.0
-11.08328 46.501358 0.037 0.0 14.0
-14.966629 46.5328 0.037 0.0 14.0
-11.08328 46.501358 0.038 1.0 14.0
-14.43594 48.46122 0.038 1.0 14.0
-14.43594 48.46122 0.039 0.0 15.0
-18.31929 48.49266 0.039 0.0 15.0
-18.31929 48.49266 0.040 0.0 16.0
-21.703245 46.58734 0.040 0.0 16.0
-18.31929 48.49266 0.041 0.0 16.0
-22.20264 48.5241 0.041 0.0 16.0
-14.43594 48.46122 0.042 0.0 15.0
-17.7886 50.42108 0.042 0.0 15.0
-17.7886 50.42108 0.043 0.0 16.0
-21.671951 50.452522 0.043 0.0 16.0
-17.7886 50.42108 0.044 0.0 16.0
-21.141262 52.380943 0.044 0.0 16.0
-7.7306194 44.541492 0.045 2.0 13.0
-9.663275 47.909912 0.045 2.0 13.0
-9.663275 47.909912 0.046 0.0 14.0
-13.015935 49.869774 0.046 0.0 14.0
-9.663275 47.909912 0.047 1.0 14.0
-11.59593 51.27833 0.047 1.0 14.0
-11.59593 51.27833 0.048 0.0 15.0
-14.94859 53.238197 0.048 0.0 15.0
-14.94859 53.238197 0.049 0.0 16.0
-18.83194 53.269638 0.049 0.0 16.0
-14.94859 53.238197 0.050 0.0 16.0
-18.30125 55.19806 0.050 0.0 16.0
-11.59593 51.27833 0.051 0.0 15.0
-13.528585 54.64675 0.051 0.0 15.0
-13.528585 54.64675 0.052 0.0 16.0
-16.881245 56.606613 0.052 0.0 16.0
-13.528585 54.64675 0.053 0.0 16.0
-15.461241 58.01517 0.053 0.0 16.0
0.0 31.067814 0.054 6.0 9.0
0.0 34.95129 0.054 6.0 9.0
0.0 34.95129 0.055 0.0 10.0
-1.9326549 38.31971 0.055 0.0 10.0
0.0 34.95129 0.056 5.0 10.0
0.0 38.834766 0.056 5.0 10.0
0.0 38.834766 0.057 0.0 11.0
-1.9326549 42.203186 0.057 0.0 11.0
-1.9326549 42.203186 0.058 0.0 12.0
-5.285315 44.163048 0.058 0.0 12.0
-1.9326549 42.203186 0.059 0.0 12.0
-3.8653097 45.571606 0.059 0.0 12.0
0.0 38.834766 0.060 4.0 11.0
0.0 42.718243 0.060 4.0 11.0
0.0 42.718243 0.061 0.0 12.0
-1.9326549 46.086662 0.061 0.0 12.0
0.0 42.718243 0.062 3.0 12.0
0.0 46.60172 0.062 3.0 12.0
0.0 46.60172 0.063 2.0 13.0
-1.9326549 49.97014 0.063 2.0 13.0
-1.9326549 49.97014 0.064 0.0 14.0
-5.285315 51.93 0.064 0.0 14.0
-1.9326549 49.97014 0.065 1.0 14.0
-3.8653097 53.33856 0.065 1.0 14.0
-3.8653097 53.33856 0.066 0.0 15.0
-7.21797 55.298424 0.066 0.0 15.0
-7.21797 55.298424 0.067 0.0 16.0
-11.10132 55.329865 0.067 0.0 16.0
-7.21797 55.298424 0.068 0.0 16.0
-10.57063 57.258286 0.068 0.0 16.0
-3.8653097 53.33856 0.069 0.0 15.0
-5.7979646 56.706978 0.069 0.0 15.0
-5.7979646 56.706978 0.070 0.0 16.0
-9.150625 58.66684 0.070 0.0 16.0
-5.7979646 56.706978 0.071 0.0 16.0
-7.7306194 60.075397 0.071 0.0 16.0
0.0 46.60172 0.072 2.0 13.0
0.0 50.485195 0.072 2.0 13.0
0.0 50.485195 0.073 0.0 14.0
-1.9326549 53.853615 0.073 0.0 14.0
0.0 50.485195 0.074 1.0 14.0
0.0 54.36867 0.074 1.0 14.0
0.0 54.36867 0.075 0.0 15.0
-1.9326549 57.73709 0.075 0.0 15.0
-1.9326549 57.73709 0.076 0.0 16.0
-5.285315 59.696953 0.076 0.0 16.0
-1.9326549 57.73709 0.077 0.0 16.0
-3.8653097 61.10551 0.077 0.0 16.0
0.0 54.36867 0.078 0.0 15.0
0.0 58.252148 0.078 0.0 15.0
0.0 58.252148 0.079 0.0 16.0
-1.9326549 61.620567 0.079 0.0 16.0
0.0 58.252148 0.080 0.0 16.0
0.0 62.135624 0.080 0.0 16.0
