0.0 0.0 0.00 43.0 1.0
0.0 1.3470429 0.00 43.0 1.0
0.0 1.3470429 0.01 42.0 2.0
0.0 2.6940858 0.01 42.0 2.0
0.0 2.6940858 0.02 41.0 3.0
0.0 4.0411286 0.02 41.0 3.0
0.0 4.0411286 0.03 40.0 4.0
0.0 5.3881717 0.03 40.0 4.0
0.0 5.3881717 0.04 39.0 5.0
0.0 6.7352147 0.04 39.0 5.0
0.0 6.7352147 0.05 38.0 6.0
0.0 8.082257 0.05 38.0 6.0
0.0 8.082257 0.06 37.0 7.0
0.0 9.4293 0.06 37.0 7.0
0.0 9.4293 0.07 36.0 8.0
0.0 10.776343 0.07 36.0 8.0
0.0 10.776343 0.08 19.0 9.0
0.64412725 11.959401 0.08 19.0 9.0
0.64412725 11.959401 0.09 18.0 10.0
1.2882545 13.142459 0.09 18.0 10.0
1.2882545 13.142459 0.010 17.0 11.0
1.9323817 14.325517 0.010 17.0 11.0
1.9323817 14.325517 0.011 16.0 12.0
2.576509 15.5085745 0.011 16.0 12.0
2.576509 15.5085745 0.012 7.0 13.0
3.7079349 16.239601 0.012 7.0 13.0
3.7079349 16.239601 0.013 6.0 14.0
4.8393607 16.970629 0.013 6.0 14.0
4.8393607 16.970629 0.014 1.0 15.0
6.182611 17.071638 0.014 1.0 15.0
6.182611 17.071638 0.015 0.0 16.0
7.5258613 17.172647 0.015 0.0 16.0
7.5258613 17.172647 0.016 0.0 17.0
8.753889 16.619047 0.016 0.0 17.0
4.8393607 16.970629 0.017 1.0 15.0
6.067388 16.417028 0.017 1.0 15.0
6.067388 16.417028 0.018 0.0 16.0
7.2954154 15.863428 0.018 0.0 16.0
7.2954154 15.863428 0.019 0.0 17.0
8.109226 14.790005 0.019 0.0 17.0
4.8393607 16.970629 0.020 5.0 15.0
5.9707866 17.701656 0.020 5.0 15.0
5.9707866 17.701656 0.021 4.0 16.0
7.1022124 18.432684 0.021 4.0 16.0
7.1022124 18.432684 0.022 3.0 17.0
8.445463 18.533693 0.022 3.0 17.0
8.445463 18.533693 0.023 2.0 18.0
9.788713 18.634703 0.023 2.0 18.0
9.788713 18.634703 0.024 1.0 19.0
11.131964 18.735712 0.024 1.0 19.0
11.131964 18.735712 0.025 0.0 20.0
12.475214 18.836721 0.025 0.0 20.0
12.475214 18.836721 0.026 0.0 21.0
13.703241 18.283121 0.026 0.0 21.0
7.1022124 18.432684 0.027 1.0 17.0
8.445463 18.533693 0.027 1.0 17.0
8.445463 18.533693 0.028 0.0 18.0
9.788713 18.634703 0.028 0.0 18.0
9.788713 18.634703 0.029 0.0 19.0
11.016741 18.081102 0.029 0.0 19.0
2.576509 15.5085745 0.030 7.0 13.0
3.2206364 16.691631 0.030 7.0 13.0
3.2206364 16.691631 0.031 6.0 14.0
3.8647637 17.87469 0.031 6.0 14.0
3.8647637 17.87469 0.032 1.0 15.0
4.9961896 18.605717 0.032 1.0 15.0
4.9961896 18.605717 0.033 0.0 16.0
6.1276155 19.336744 0.033 0.0 16.0
6.1276155 19.336744 0.034 0.0 17.0
7.4708657 19.437754 0.034 0.0 17.0
3.8647637 17.87469 0.035 1.0 15.0
5.208014 17.975698 0.035 1.0 15.0
5.208014 17.975698 0.036 0.0 16.0
6.5512643 18.076708 0.036 0.0 16.0
6.5512643 18.076708 0.037 0.0 17.0
7.7792916 17.523108 0.037 0.0 17.0
3.8647637 17.87469 0.038 5.0 15.0
4.508891 19.057747 0.038 5.0 15.0
4.508891 19.057747 0.039 4.0 16.0
5.1530185 20.240805 0.039 4.0 16.0
5.1530185 20.240805 0.040 3.0 17.0
6.2844443 20.971832 0.040 3.0 17.0
6.2844443 20.971832 0.041 2.0 18.0
7.41587 21.70286 0.041 2.0 18.0
7.41587 21.70286 0.042 1.0 19.0
8.547296 22.433887 0.042 1.0 19.0
8.547296 22.433887 0.043 0.0 20.0
9.678721 23.164915 0.043 0.0 20.0
9.678721 23.164915 0.044 0.0 21.0
11.021972 23.265924 0.044 0.0 21.0
5.1530185 20.240805 0.045 1.0 17.0
6.2844443 20.971832 0.045 1.0 17.0
6.2844443 20.971832 0.046 0.0 18.0
7.41587 21.70286 0.046 0.0 18.0
7.41587 21.70286 0.047 0.0 19.0
8.759121 21.80387 0.047 0.0 19.0
2.576509 15.5085745 0.048 15.0 13.0
3.2206364 16.691631 0.048 15.0 13.0
3.2206364 16.691631 0.049 14.0 14.0
3.8647637 17.87469 0.049 14.0 14.0
3.8647637 17.87469 0.050 13.0 15.0
4.508891 19.057747 0.050 13.0 15.0
4.508891 19.057747 0.051 12.0 16.0
5.1530185 20.240805 0.051 12.0 16.0
5.1530185 20.240805 0.052 11.0 17.0
5.1530185 21.587847 0.052 11.0 17.0
5.1530185 21.587847 0.053 10.0 18.0
5.1530185 22.934889 0.053 10.0 18.0
5.1530185 22.934889 0.054 9.0 19.0
5.1530185 24.28193 0.054 9.0 19.0
5.1530185 24.28193 0.055 8.0 20.0
5.1530185 25.628973 0.055 8.0 20.0
5.1530185 25.628973 0.056 7.0 21.0
5.1530185 26.976015 0.056 7.0 21.0
5.1530185 26.976015 0.057 6.0 22.0
5.1530185 28.323057 0.057 6.0 22.0
5.1530185 28.323057 0.058 1.0 23.0
5.797146 29.506115 0.058 1.0 23.0
5.797146 29.506115 0.059 0.0 24.0
6.441273 30.689173 0.059 0.0 24.0
6.441273 30.689173 0.060 0.0 25.0
7.572699 31.4202 0.060 0.0 25.0
5.1530185 28.323057 0.061 1.0 23.0
6.2844443 29.054085 0.061 1.0 23.0
6.2844443 29.054085 0.062 0.0 24.0
7.41587 29.785112 0.062 0.0 24.0
7.41587 29.785112 0.063 0.0 25.0
8.759121 29.886122 0.063 0.0 25.0
5.1530185 28.323057 0.064 5.0 23.0
5.1530185 29.6701 0.064 5.0 23.0
5.1530185 29.6701 0.065 4.0 24.0
5.1530185 31.017141 0.065 4.0 24.0
5.1530185 31.017141 0.066 3.0 25.0
5.797146 32.2002 0.066 3.0 25.0
5.797146 32.2002 0.067 2.0 26.0
6.441273 33.383255 0.067 2.0 26.0
6.441273 33.383255 0.068 1.0 27.0
7.0854006 34.56631 0.068 1.0 27.0
7.0854006 34.56631 0.069 0.0 28.0
7.729528 35.749367 0.069 0.0 28.0
7.729528 35.749367 0.070 0.0 29.0
8.860953 36.480392 0.070 0.0 29.0
5.1530185 31.017141 0.071 1.0 25.0
5.797146 32.2002 0.071 1.0 25.0
5.797146 32.2002 0.072 0.0 26.0
6.441273 33.383255 0.072 0.0 26.0
6.441273 33.383255 0.073 0.0 27.0
7.572699 34.11428 0.073 0.0 27.0
5.1530185 20.240805 0.074 7.0 17.0
6.2844443 20.971832 0.074 7.0 17.0
6.2844443 20.971832 0.075 6.0 18.0
7.41587 21.70286 0.075 6.0 18.0
7.41587 21.70286 0.076 1.0 19.0
8.759121 21.80387 0.076 1.0 19.0
8.759121 21.80387 0.077 0.0 20.0
10.102371 21.904879 0.077 0.0 20.0
10.102371 21.904879 0.078 0.0 21.0
11.330399 21.351278 0.078 0.0 21.0
7.41587 21.70286 0.079 1.0 19.0
8.643898 21.14926 0.079 1.0 19.0
8.643898 21.14926 0.080 0.0 20.0
9.871925 20.59566 0.080 0.0 20.0
9.871925 20.59566 0.081 0.0 21.0
10.685736 19.522236 0.081 0.0 21.0
7.41587 21.70286 0.082 5.0 19.0
8.547296 22.433887 0.082 5.0 19.0
8.547296 22.433887 0.083 4.0 20.0
9.678721 23.164915 0.083 4.0 20.0
9.678721 23.164915 0.084 3.0 21.0
11.021972 23.265924 0.084 3.0 21.0
11.021972 23.265924 0.085 2.0 22.0
12.365222 23.366934 0.085 2.0 22.0
12.365222 23.366934 0.086 1.0 23.0
13.708472 23.467943 0.086 1.0 23.0
13.708472 23.467943 0.087 0.0 24.0
15.051723 23.568953 0.087 0.0 24.0
15.051723 23.568953 0.088 0.0 25.0
16.27975 23.015352 0.088 0.0 25.0
9.678721 23.164915 0.089 1.0 21.0
11.021972 23.265924 0.089 1.0 21.0
11.021972 23.265924 0.090 0.0 22.0
12.365222 23.366934 0.090 0.0 22.0
12.365222 23.366934 0.091 0.0 23.0
13.593249 22.813334 0.091 0.0 23.0
0.0 10.776343 0.092 19.0 9.0
0.0 12.123386 0.092 19.0 9.0
0.0 12.123386 0.093 18.0 10.0
0.0 13.470429 0.093 18.0 10.0
0.0 13.470429 0.094 17.0 11.0
0.0 14.817472 0.094 17.0 11.0
0.0 14.817472 0.095 16.0 12.0
0.0 16.164515 0.095 16.0 12.0
0.0 16.164515 0.096 7.0 13.0
0.64412725 17.347572 0.096 7.0 13.0
0.64412725 17.347572 0.097 6.0 14.0
1.2882545 18.53063 0.097 6.0 14.0
1.2882545 18.53063 0.098 1.0 15.0
2.41968 19.261658 0.098 1.0 15.0
2.41968 19.261658 0.099 0.0 16.0
3.551106 19.992685 0.099 0.0 16.0
3.551106 19.992685 0.0100 0.0 17.0
4.8943563 20.093695 0.0100 0.0 17.0
1.2882545 18.53063 0.0101 1.0 15.0
2.631505 18.63164 0.0101 1.0 15.0
2.631505 18.63164 0.0102 0.0 16.0
3.9747553 18.732649 0.0102 0.0 16.0
3.9747553 18.732649 0.0103 0.0 17.0
5.2027826 18.179049 0.0103 0.0 17.0
1.2882545 18.53063 0.0104 5.0 15.0
1.9323817 19.713688 0.0104 5.0 15.0
1.9323817 19.713688 0.0105 4.0 16.0
2.576509 20.896746 0.0105 4.0 16.0
2.576509 20.896746 0.0106 3.0 17.0
3.7079349 21.627773 0.0106 3.0 17.0
3.7079349 21.627773 0.0107 2.0 18.0
4.8393607 22.3588 0.0107 2.0 18.0
4.8393607 22.3588 0.0108 1.0 19.0
5.9707866 23.089828 0.0108 1.0 19.0
5.9707866 23.089828 0.0109 0.0 20.0
7.1022124 23.820856 0.0109 0.0 20.0
7.1022124 23.820856 0.0110 0.0 21.0
8.445463 23.921865 0.0110 0.0 21.0
2.576509 20.896746 0.0111 1.0 17.0
3.7079349 21.627773 0.0111 1.0 17.0
3.7079349 21.627773 0.0112 0.0 18.0
4.8393607 22.3588 0.0112 0.0 18.0
4.8393607 22.3588 0.0113 0.0 19.0
6.182611 22.45981 0.0113 0.0 19.0
0.0 16.164515 0.0114 7.0 13.0
0.0 17.511557 0.0114 7.0 13.0
0.0 17.511557 0.0115 6.0 14.0
0.0 18.858599 0.0115 6.0 14.0
0.0 18.858599 0.0116 1.0 15.0
0.64412725 20.041656 0.0116 1.0 15.0
0.64412725 20.041656 0.0117 0.0 16.0
1.2882545 21.224714 0.0117 0.0 16.0
1.2882545 21.224714 0.0118 0.0 17.0
2.41968 21.955742 0.0118 0.0 17.0
0.0 18.858599 0.0119 1.0 15.0
1.1314257 19.589626 0.0119 1.0 15.0
1.1314257 19.589626 0.0120 0.0 16.0
2.2628515 20.320654 0.0120 0.0 16.0
2.2628515 20.320654 0.0121 0.0 17.0
3.606102 20.421663 0.0121 0.0 17.0
0.0 18.858599 0.0122 5.0 15.0
0.0 20.20564 0.0122 5.0 15.0
0.0 20.20564 0.0123 4.0 16.0
0.0 21.552683 0.0123 4.0 16.0
0.0 21.552683 0.0124 3.0 17.0
0.64412725 22.73574 0.0124 3.0 17.0
0.64412725 22.73574 0.0125 2.0 18.0
1.2882545 23.918798 0.0125 2.0 18.0
1.2882545 23.918798 0.0126 1.0 19.0
1.9323817 25.101856 0.0126 1.0 19.0
1.9323817 25.101856 0.0127 0.0 20.0
2.576509 26.284914 0.0127 0.0 20.0
2.576509 26.284914 0.0128 0.0 21.0
3.7079349 27.015942 0.0128 0.0 21.0
0.0 21.552683 0.0129 1.0 17.0
0.64412725 22.73574 0.0129 1.0 17.0
0.64412725 22.73574 0.0130 0.0 18.0
1.2882545 23.918798 0.0130 0.0 18.0
1.2882545 23.918798 0.0131 0.0 19.0
2.41968 24.649826 0.0131 0.0 19.0
0.0 16.164515 0.0132 15.0 13.0
0.0 17.511557 0.0132 15.0 13.0
0.0 17.511557 0.0133 14.0 14.0
0.0 18.858599 0.0133 14.0 14.0
0.0 18.858599 0.0134 13.0 15.0
0.0 20.20564 0.0134 13.0 15.0
0.0 20.20564 0.0135 12.0 16.0
0.0 21.552683 0.0135 12.0 16.0
0.0 21.552683 0.0136 11.0 17.0
-0.64412725 22.73574 0.0136 11.0 17.0
-0.64412725 22.73574 0.0137 10.0 18.0
-1.2882545 23.918798 0.0137 10.0 18.0
-1.2882545 23.918798 0.0138 9.0 19.0
-1.9323817 25.101856 0.0138 9.0 19.0
-1.9323817 25.101856 0.0139 8.0 20.0
-2.576509 26.284914 0.0139 8.0 20.0
-2.576509 26.284914 0.0140 7.0 21.0
-3.2206364 27.467972 0.0140 7.0 21.0
-3.2206364 27.467972 0.0141 6.0 22.0
-3.8647637 28.65103 0.0141 6.0 22.0
-3.8647637 28.65103 0.0142 1.0 23.0
-3.8647637 29.998072 0.0142 1.0 23.0
-3.8647637 29.998072 0.0143 0.0 24.0
-3.8647637 31.345114 0.0143 0.0 24.0
-3.8647637 31.345114 0.0144 0.0 25.0
-3.2206364 32.52817 0.0144 0.0 25.0
-3.8647637 28.65103 0.0145 1.0 23.0
-3.2206364 29.834087 0.0145 1.0 23.0
-3.2206364 29.834087 0.0146 0.0 24.0
-2.576509 31.017145 0.0146 0.0 24.0
-2.576509 31.017145 0.0147 0.0 25.0
-1.4450833 31.748173 0.0147 0.0 25.0
-3.8647637 28.65103 0.0148 5.0 23.0
-4.508891 29.834087 0.0148 5.0 23.0
-4.508891 29.834087 0.0149 4.0 24.0
-5.1530185 31.017145 0.0149 4.0 24.0
-5.1530185 31.017145 0.0150 3.0 25.0
-5.1530185 32.36419 0.0150 3.0 25.0
-5.1530185 32.36419 0.0151 2.0 26.0
-5.1530185 33.71123 0.0151 2.0 26.0
-5.1530185 33.71123 0.0152 1.0 27.0
-5.1530185 35.058273 0.0152 1.0 27.0
-5.1530185 35.058273 0.0153 0.0 28.0
-5.1530185 36.405315 0.0153 0.0 28.0
-5.1530185 36.405315 0.0154 0.0 29.0
-4.508891 37.58837 0.0154 0.0 29.0
-5.1530185 31.017145 0.0155 1.0 25.0
-5.1530185 32.36419 0.0155 1.0 25.0
-5.1530185 32.36419 0.0156 0.0 26.0
-5.1530185 33.71123 0.0156 0.0 26.0
-5.1530185 33.71123 0.0157 0.0 27.0
-4.508891 34.894287 0.0157 0.0 27.0
0.0 21.552683 0.0158 7.0 17.0
0.64412725 22.73574 0.0158 7.0 17.0
0.64412725 22.73574 0.0159 6.0 18.0
1.2882545 23.918798 0.0159 6.0 18.0
1.2882545 23.918798 0.0160 1.0 19.0
2.41968 24.649826 0.0160 1.0 19.0
2.41968 24.649826 0.0161 0.0 20.0
3.551106 25.380854 0.0161 0.0 20.0
3.551106 25.380854 0.0162 0.0 21.0
4.8943563 25.481863 0.0162 0.0 21.0
1.2882545 23.918798 0.0163 1.0 19.0
2.631505 24.019808 0.0163 1.0 19.0
2.631505 24.019808 0.0164 0.0 20.0
3.9747553 24.120817 0.0164 0.0 20.0
3.9747553 24.120817 0.0165 0.0 21.0
5.2027826 23.567217 0.0165 0.0 21.0
1.2882545 23.918798 0.0166 5.0 19.0
1.9323817 25.101856 0.0166 5.0 19.0
1.9323817 25.101856 0.0167 4.0 20.0
2.576509 26.284914 0.0167 4.0 20.0
2.576509 26.284914 0.0168 3.0 21.0
3.7079349 27.015942 0.0168 3.0 21.0
3.7079349 27.015942 0.0169 2.0 22.0
4.8393607 27.74697 0.0169 2.0 22.0
4.8393607 27.74697 0.0170 1.0 23.0
5.9707866 28.477997 0.0170 1.0 23.0
5.9707866 28.477997 0.0171 0.0 24.0
7.1022124 29.209024 0.0171 0.0 24.0
7.1022124 29.209024 0.0172 0.0 25.0
8.445463 29.310034 0.0172 0.0 25.0
2.576509 26.284914 0.0173 1.0 21.0
3.7079349 27.015942 0.0173 1.0 21.0
3.7079349 27.015942 0.0174 0.0 22.0
4.8393607 27.74697 0.0174 0.0 22.0
4.8393607 27.74697 0.0175 0.0 23.0
6.182611 27.847979 0.0175 0.0 23.0
0.0 10.776343 0.0176 35.0 9.0
0.0 12.123386 0.0176 35.0 9.0
0.0 12.123386 0.0177 34.0 10.0
0.0 13.470429 0.0177 34.0 10.0
0.0 13.470429 0.0178 33.0 11.0
0.0 14.817472 0.0178 33.0 11.0
0.0 14.817472 0.0179 32.0 12.0
0.0 16.164515 0.0179 32.0 12.0
0.0 16.164515 0.0180 31.0 13.0
0.0 17.511557 0.0180 31.0 13.0
0.0 17.511557 0.0181 30.0 14.0
0.0 18.858599 0.0181 30.0 14.0
0.0 18.858599 0.0182 29.0 15.0
0.0 20.20564 0.0182 29.0 15.0
0.0 20.20564 0.0183 28.0 16.0
0.0 21.552683 0.0183 28.0 16.0
0.0 21.552683 0.0184 27.0 17.0
-0.64412725 22.73574 0.0184 27.0 17.0
-0.64412725 22.73574 0.0185 26.0 18.0
-1.2882545 23.918798 0.0185 26.0 18.0
-1.2882545 23.918798 0.0186 25.0 19.0
-1.9323817 25.101856 0.0186 25.0 19.0
-1.9323817 25.101856 0.0187 24.0 20.0
-2.576509 26.284914 0.0187 24.0 20.0
-2.576509 26.284914 0.0188 23.0 21.0
-3.2206364 27.467972 0.0188 23.0 21.0
-3.2206364 27.467972 0.0189 22.0 22.0
-3.8647637 28.65103 0.0189 22.0 22.0
-3.8647637 28.65103 0.0190 21.0 23.0
-4.508891 29.834087 0.0190 21.0 23.0
-4.508891 29.834087 0.0191 20.0 24.0
-5.1530185 31.017145 0.0191 20.0 24.0
-5.1530185 31.017145 0.0192 19.0 25.0
-5.797146 32.200203 0.0192 19.0 25.0
-5.797146 32.200203 0.0193 18.0 26.0
-6.441273 33.38326 0.0193 18.0 26.0
-6.441273 33.38326 0.0194 17.0 27.0
-7.0854006 34.566315 0.0194 17.0 27.0
-7.0854006 34.566315 0.0195 16.0 28.0
-7.729528 35.74937 0.0195 16.0 28.0
-7.729528 35.74937 0.0196 7.0 29.0
-7.729528 37.096413 0.0196 7.0 29.0
-7.729528 37.096413 0.0197 6.0 30.0
-7.729528 38.443455 0.0197 6.0 30.0
-7.729528 38.443455 0.0198 1.0 31.0
-7.0854006 39.62651 0.0198 1.0 31.0
-7.0854006 39.62651 0.0199 0.0 32.0
-6.441273 40.809566 0.0199 0.0 32.0
-6.441273 40.809566 0.0200 0.0 33.0
-5.3098474 41.540592 0.0200 0.0 33.0
-7.729528 38.443455 0.0201 1.0 31.0
-6.598102 39.17448 0.0201 1.0 31.0
-6.598102 39.17448 0.0202 0.0 32.0
-5.466676 39.905506 0.0202 0.0 32.0
-5.466676 39.905506 0.0203 0.0 33.0
-4.123426 40.006516 0.0203 0.0 33.0
-7.729528 38.443455 0.0204 5.0 31.0
-7.729528 39.790497 0.0204 5.0 31.0
-7.729528 39.790497 0.0205 4.0 32.0
-7.729528 41.13754 0.0205 4.0 32.0
-7.729528 41.13754 0.0206 3.0 33.0
-7.0854006 42.320595 0.0206 3.0 33.0
-7.0854006 42.320595 0.0207 2.0 34.0
-6.441273 43.50365 0.0207 2.0 34.0
-6.441273 43.50365 0.0208 1.0 35.0
-5.797146 44.686707 0.0208 1.0 35.0
-5.797146 44.686707 0.0209 0.0 36.0
-5.1530185 45.869762 0.0209 0.0 36.0
-5.1530185 45.869762 0.0210 0.0 37.0
-4.0215926 46.60079 0.0210 0.0 37.0
-7.729528 41.13754 0.0211 1.0 33.0
-7.0854006 42.320595 0.0211 1.0 33.0
-7.0854006 42.320595 0.0212 0.0 34.0
-6.441273 43.50365 0.0212 0.0 34.0
-6.441273 43.50365 0.0213 0.0 35.0
-5.3098474 44.234676 0.0213 0.0 35.0
-7.729528 35.74937 0.0214 7.0 29.0
-8.373655 36.932426 0.0214 7.0 29.0
-8.373655 36.932426 0.0215 6.0 30.0
-9.017782 38.115482 0.0215 6.0 30.0
-9.017782 38.115482 0.0216 1.0 31.0
-9.017782 39.462524 0.0216 1.0 31.0
-9.017782 39.462524 0.0217 0.0 32.0
-9.017782 40.809566 0.0217 0.0 32.0
-9.017782 40.809566 0.0218 0.0 33.0
-8.373655 41.992622 0.0218 0.0 33.0
-9.017782 38.115482 0.0219 1.0 31.0
-8.373655 39.29854 0.0219 1.0 31.0
-8.373655 39.29854 0.0220 0.0 32.0
-7.729528 40.481594 0.0220 0.0 32.0
-7.729528 40.481594 0.0221 0.0 33.0
-6.598102 41.21262 0.0221 0.0 33.0
-9.017782 38.115482 0.0222 5.0 31.0
-9.661909 39.29854 0.0222 5.0 31.0
-9.661909 39.29854 0.0223 4.0 32.0
-10.306036 40.481594 0.0223 4.0 32.0
-10.306036 40.481594 0.0224 3.0 33.0
-10.306036 41.828636 0.0224 3.0 33.0
-10.306036 41.828636 0.0225 2.0 34.0
-10.306036 43.17568 0.0225 2.0 34.0
-10.306036 43.17568 0.0226 1.0 35.0
-10.306036 44.52272 0.0226 1.0 35.0
-10.306036 44.52272 0.0227 0.0 36.0
-10.306036 45.869762 0.0227 0.0 36.0
-10.306036 45.869762 0.0228 0.0 37.0
-9.661909 47.05282 0.0228 0.0 37.0
-10.306036 40.481594 0.0229 1.0 33.0
-10.306036 41.828636 0.0229 1.0 33.0
-10.306036 41.828636 0.0230 0.0 34.0
-10.306036 43.17568 0.0230 0.0 34.0
-10.306036 43.17568 0.0231 0.0 35.0
-9.661909 44.358734 0.0231 0.0 35.0
-7.729528 35.74937 0.0232 15.0 29.0
-8.373655 36.932426 0.0232 15.0 29.0
-8.373655 36.932426 0.0233 14.0 30.0
-9.017782 38.115482 0.0233 14.0 30.0
-9.017782 38.115482 0.0234 13.0 31.0
-9.661909 39.29854 0.0234 13.0 31.0
-9.661909 39.29854 0.0235 12.0 32.0
-10.306036 40.481594 0.0235 12.0 32.0
-10.306036 40.481594 0.0236 11.0 33.0
-11.437462 41.21262 0.0236 11.0 33.0
-11.437462 41.21262 0.0237 10.0 34.0
-12.568888 41.943645 0.0237 10.0 34.0
-12.568888 41.943645 0.0238 9.0 35.0
-13.700314 42.67467 0.0238 9.0 35.0
-13.700314 42.67467 0.0239 8.0 36.0
-14.831739 43.405697 0.0239 8.0 36.0
-14.831739 43.405697 0.0240 7.0 37.0
-15.963165 44.136723 0.0240 7.0 37.0
-15.963165 44.136723 0.0241 6.0 38.0
-17.094591 44.86775 0.0241 6.0 38.0
-17.094591 44.86775 0.0242 1.0 39.0
-17.738718 46.050804 0.0242 1.0 39.0
-17.738718 46.050804 0.0243 0.0 40.0
-18.382845 47.23386 0.0243 0.0 40.0
-18.382845 47.23386 0.0244 0.0 41.0
-18.382845 48.580902 0.0244 0.0 41.0
-17.094591 44.86775 0.0245 1.0 39.0
-17.094591 46.21479 0.0245 1.0 39.0
-17.094591 46.21479 0.0246 0.0 40.0
-17.094591 47.561832 0.0246 0.0 40.0
-17.094591 47.561832 0.0247 0.0 41.0
-16.450464 48.74489 0.0247 0.0 41.0
-17.094591 44.86775 0.0248 5.0 39.0
-18.226017 45.598774 0.0248 5.0 39.0
-18.226017 45.598774 0.0249 4.0 40.0
-19.357443 46.3298 0.0249 4.0 40.0
-19.357443 46.3298 0.0250 3.0 41.0
-20.00157 47.512856 0.0250 3.0 41.0
-20.00157 47.512856 0.0251 2.0 42.0
-20.645697 48.69591 0.0251 2.0 42.0
-20.645697 48.69591 0.0252 1.0 43.0
-21.289824 49.878967 0.0252 1.0 43.0
-21.289824 49.878967 0.0253 0.0 44.0
-21.93395 51.062023 0.0253 0.0 44.0
-21.93395 51.062023 0.0254 0.0 45.0
-21.93395 52.409065 0.0254 0.0 45.0
-19.357443 46.3298 0.0255 1.0 41.0
-20.00157 47.512856 0.0255 1.0 41.0
-20.00157 47.512856 0.0256 0.0 42.0
-20.645697 48.69591 0.0256 0.0 42.0
-20.645697 48.69591 0.0257 0.0 43.0
-20.645697 50.042953 0.0257 0.0 43.0
-10.306036 40.481594 0.0258 7.0 33.0
-10.306036 41.828636 0.0258 7.0 33.0
-10.306036 41.828636 0.0259 6.0 34.0
-10.306036 43.17568 0.0259 6.0 34.0
-10.306036 43.17568 0.0260 1.0 35.0
-9.661909 44.358734 0.0260 1.0 35.0
-9.661909 44.358734 0.0261 0.0 36.0
-9.017782 45.54179 0.0261 0.0 36.0
-9.017782 45.54179 0.0262 0.0 37.0
-7.8863564 46.272816 0.0262 0.0 37.0
-10.306036 43.17568 0.0263 1.0 35.0
-9.17461 43.906704 0.0263 1.0 35.0
-9.17461 43.906704 0.0264 0.0 36.0
-8.043184 44.63773 0.0264 0.0 36.0
-8.043184 44.63773 0.0265 0.0 37.0
-6.699934 44.73874 0.0265 0.0 37.0
-10.306036 43.17568 0.0266 5.0 35.0
-10.306036 44.52272 0.0266 5.0 35.0
-10.306036 44.52272 0.0267 4.0 36.0
-10.306036 45.869762 0.0267 4.0 36.0
-10.306036 45.869762 0.0268 3.0 37.0
-9.661909 47.05282 0.0268 3.0 37.0
-9.661909 47.05282 0.0269 2.0 38.0
-9.017782 48.235874 0.0269 2.0 38.0
-9.017782 48.235874 0.0270 1.0 39.0
-8.373655 49.41893 0.0270 1.0 39.0
-8.373655 49.41893 0.0271 0.0 40.0
-7.729528 50.601986 0.0271 0.0 40.0
-7.729528 50.601986 0.0272 0.0 41.0
-6.598102 51.33301 0.0272 0.0 41.0
-10.306036 45.869762 0.0273 1.0 37.0
-9.661909 47.05282 0.0273 1.0 37.0
-9.661909 47.05282 0.0274 0.0 38.0
-9.017782 48.235874 0.0274 0.0 38.0
-9.017782 48.235874 0.0275 0.0 39.0
-7.8863564 48.9669 0.0275 0.0 39.0
0.0 21.552683 0.0276 19.0 17.0
0.64412725 22.73574 0.0276 19.0 17.0
0.64412725 22.73574 0.0277 18.0 18.0
1.2882545 23.918798 0.0277 18.0 18.0
1.2882545 23.918798 0.0278 17.0 19.0
1.9323817 25.101856 0.0278 17.0 19.0
1.9323817 25.101856 0.0279 16.0 20.0
2.576509 26.284914 0.0279 16.0 20.0
2.576509 26.284914 0.0280 7.0 21.0
3.7079349 27.015942 0.0280 7.0 21.0
3.7079349 27.015942 0.0281 6.0 22.0
4.8393607 27.74697 0.0281 6.0 22.0
4.8393607 27.74697 0.0282 1.0 23.0
6.182611 27.847979 0.0282 1.0 23.0
6.182611 27.847979 0.0283 0.0 24.0
7.5258613 27.948988 0.0283 0.0 24.0
7.5258613 27.948988 0.0284 0.0 25.0
8.753889 27.395388 0.0284 0.0 25.0
4.8393607 27.74697 0.0285 1.0 23.0
6.067388 27.193369 0.0285 1.0 23.0
6.067388 27.193369 0.0286 0.0 24.0
7.2954154 26.639769 0.0286 0.0 24.0
7.2954154 26.639769 0.0287 0.0 25.0
8.109226 25.566345 0.0287 0.0 25.0
4.8393607 27.74697 0.0288 5.0 23.0
5.9707866 28.477997 0.0288 5.0 23.0
5.9707866 28.477997 0.0289 4.0 24.0
7.1022124 29.209024 0.0289 4.0 24.0
7.1022124 29.209024 0.0290 3.0 25.0
8.445463 29.310034 0.0290 3.0 25.0
8.445463 29.310034 0.0291 2.0 26.0
9.788713 29.411043 0.0291 2.0 26.0
9.788713 29.411043 0.0292 1.0 27.0
11.131964 29.512053 0.0292 1.0 27.0
11.131964 29.512053 0.0293 0.0 28.0
12.475214 29.613062 0.0293 0.0 28.0
12.475214 29.613062 0.0294 0.0 29.0
13.703241 29.059462 0.0294 0.0 29.0
7.1022124 29.209024 0.0295 1.0 25.0
8.445463 29.310034 0.0295 1.0 25.0
8.445463 29.310034 0.0296 0.0 26.0
9.788713 29.411043 0.0296 0.0 26.0
9.788713 29.411043 0.0297 0.0 27.0
11.016741 28.857443 0.0297 0.0 27.0
2.576509 26.284914 0.0298 7.0 21.0
3.2206364 27.467972 0.0298 7.0 21.0
3.2206364 27.467972 0.0299 6.0 22.0
3.8647637 28.65103 0.0299 6.0 22.0
3.8647637 28.65103 0.0300 1.0 23.0
4.9961896 29.382057 0.0300 1.0 23.0
4.9961896 29.382057 0.0301 0.0 24.0
6.1276155 30.113085 0.0301 0.0 24.0
6.1276155 30.113085 0.0302 0.0 25.0
7.4708657 30.214094 0.0302 0.0 25.0
3.8647637 28.65103 0.0303 1.0 23.0
5.208014 28.752039 0.0303 1.0 23.0
5.208014 28.752039 0.0304 0.0 24.0
6.5512643 28.853048 0.0304 0.0 24.0
6.5512643 28.853048 0.0305 0.0 25.0
7.7792916 28.299448 0.0305 0.0 25.0
3.8647637 28.65103 0.0306 5.0 23.0
4.508891 29.834087 0.0306 5.0 23.0
4.508891 29.834087 0.0307 4.0 24.0
5.1530185 31.017145 0.0307 4.0 24.0
5.1530185 31.017145 0.0308 3.0 25.0
6.2844443 31.748173 0.0308 3.0 25.0
6.2844443 31.748173 0.0309 2.0 26.0
7.41587 32.4792 0.0309 2.0 26.0
7.41587 32.4792 0.0310 1.0 27.0
8.547296 33.210224 0.0310 1.0 27.0
8.547296 33.210224 0.0311 0.0 28.0
9.678721 33.94125 0.0311 0.0 28.0
9.678721 33.94125 0.0312 0.0 29.0
11.021972 34.04226 0.0312 0.0 29.0
5.1530185 31.017145 0.0313 1.0 25.0
6.2844443 31.748173 0.0313 1.0 25.0
6.2844443 31.748173 0.0314 0.0 26.0
7.41587 32.4792 0.0314 0.0 26.0
7.41587 32.4792 0.0315 0.0 27.0
8.759121 32.580208 0.0315 0.0 27.0
2.576509 26.284914 0.0316 15.0 21.0
3.2206364 27.467972 0.0316 15.0 21.0
3.2206364 27.467972 0.0317 14.0 22.0
3.8647637 28.65103 0.0317 14.0 22.0
3.8647637 28.65103 0.0318 13.0 23.0
4.508891 29.834087 0.0318 13.0 23.0
4.508891 29.834087 0.0319 12.0 24.0
5.1530185 31.017145 0.0319 12.0 24.0
5.1530185 31.017145 0.0320 11.0 25.0
5.1530185 32.36419 0.0320 11.0 25.0
5.1530185 32.36419 0.0321 10.0 26.0
5.1530185 33.71123 0.0321 10.0 26.0
5.1530185 33.71123 0.0322 9.0 27.0
5.1530185 35.058273 0.0322 9.0 27.0
5.1530185 35.058273 0.0323 8.0 28.0
5.1530185 36.405315 0.0323 8.0 28.0
5.1530185 36.405315 0.0324 7.0 29.0
5.1530185 37.752357 0.0324 7.0 29.0
5.1530185 37.752357 0.0325 6.0 30.0
5.1530185 39.0994 0.0325 6.0 30.0
5.1530185 39.0994 0.0326 1.0 31.0
5.797146 40.282455 0.0326 1.0 31.0
5.797146 40.282455 0.0327 0.0 32.0
6.441273 41.46551 0.0327 0.0 32.0
6.441273 41.46551 0.0328 0.0 33.0
7.572699 42.196537 0.0328 0.0 33.0
5.1530185 39.0994 0.0329 1.0 31.0
6.2844443 39.830425 0.0329 1.0 31.0
6.2844443 39.830425 0.0330 0.0 32.0
7.41587 40.56145 0.0330 0.0 32.0
7.41587 40.56145 0.0331 0.0 33.0
8.759121 40.66246 0.0331 0.0 33.0
5.1530185 39.0994 0.0332 5.0 31.0
5.1530185 40.44644 0.0332 5.0 31.0
5.1530185 40.44644 0.0333 4.0 32.0
5.1530185 41.793484 0.0333 4.0 32.0
5.1530185 41.793484 0.0334 3.0 33.0
5.797146 42.97654 0.0334 3.0 33.0
5.797146 42.97654 0.0335 2.0 34.0
6.441273 44.159595 0.0335 2.0 34.0
6.441273 44.159595 0.0336 1.0 35.0
7.0854006 45.34265 0.0336 1.0 35.0
7.0854006 45.34265 0.0337 0.0 36.0
7.729528 46.525707 0.0337 0.0 36.0
7.729528 46.525707 0.0338 0.0 37.0
8.860953 47.256733 0.0338 0.0 37.0
5.1530185 41.793484 0.0339 1.0 33.0
5.797146 42.97654 0.0339 1.0 33.0
5.797146 42.97654 0.0340 0.0 34.0
6.441273 44.159595 0.0340 0.0 34.0
6.441273 44.159595 0.0341 0.0 35.0
7.572699 44.89062 0.0341 0.0 35.0
5.1530185 31.017145 0.0342 7.0 25.0
6.2844443 31.748173 0.0342 7.0 25.0
6.2844443 31.748173 0.0343 6.0 26.0
7.41587 32.4792 0.0343 6.0 26.0
7.41587 32.4792 0.0344 1.0 27.0
8.759121 32.580208 0.0344 1.0 27.0
8.759121 32.580208 0.0345 0.0 28.0
10.102371 32.681217 0.0345 0.0 28.0
10.102371 32.681217 0.0346 0.0 29.0
11.330399 32.127617 0.0346 0.0 29.0
7.41587 32.4792 0.0347 1.0 27.0
8.643898 31.925598 0.0347 1.0 27.0
8.643898 31.925598 0.0348 0.0 28.0
9.871925 31.371998 0.0348 0.0 28.0
9.871925 31.371998 0.0349 0.0 29.0
10.685736 30.298574 0.0349 0.0 29.0
7.41587 32.4792 0.0350 5.0 27.0
8.547296 33.210224 0.0350 5.0 27.0
8.547296 33.210224 0.0351 4.0 28.0
9.678721 33.94125 0.0351 4.0 28.0
9.678721 33.94125 0.0352 3.0 29.0
11.021972 34.04226 0.0352 3.0 29.0
11.021972 34.04226 0.0353 2.0 30.0
12.365222 34.14327 0.0353 2.0 30.0
12.365222 34.14327 0.0354 1.0 31.0
13.708472 34.244278 0.0354 1.0 31.0
13.708472 34.244278 0.0355 0.0 32.0
15.051723 34.345287 0.0355 0.0 32.0
15.051723 34.345287 0.0356 0.0 33.0
16.27975 33.791687 0.0356 0.0 33.0
9.678721 33.94125 0.0357 1.0 29.0
11.021972 34.04226 0.0357 1.0 29.0
11.021972 34.04226 0.0358 0.0 30.0
12.365222 34.14327 0.0358 0.0 30.0
12.365222 34.14327 0.0359 0.0 31.0
13.593249 33.58967 0.0359 0.0 31.0
