0.0 0.0 0.00 29.0 1.0
0.0 4.8421917 0.00 29.0 1.0
0.0 4.8421917 0.01 0.0 2.0
-1.9456067 9.276314 0.01 0.0 2.0
0.0 4.8421917 0.02 28.0 2.0
0.0 9.684383 0.02 28.0 2.0
0.0 9.684383 0.03 0.0 3.0
1.9456067 14.1185055 0.03 0.0 3.0
0.0 9.684383 0.04 0.0 3.0
0.0 14.526575 0.04 0.0 3.0
0.0 9.684383 0.05 1.0 3.0
1.9456067 14.1185055 0.05 1.0 3.0
1.9456067 14.1185055 0.06 0.0 4.0
1.9456067 18.960697 0.06 0.0 4.0
1.9456067 14.1185055 0.07 0.0 4.0
3.8912134 18.552628 0.07 0.0 4.0
3.8912134 18.552628 0.08 0.0 5.0
7.4544992 21.831318 0.08 0.0 5.0
3.8912134 18.552628 0.09 0.0 5.0
5.83682 22.98675 0.09 0.0 5.0
0.0 9.684383 0.010 27.0 3.0
0.0 14.526575 0.010 27.0 3.0
0.0 14.526575 0.011 0.0 4.0
-1.9456067 18.960697 0.011 0.0 4.0
0.0 14.526575 0.012 26.0 4.0
0.0 19.368767 0.012 26.0 4.0
0.0 19.368767 0.013 0.0 5.0
1.9456067 23.802889 0.013 0.0 5.0
0.0 19.368767 0.014 0.0 5.0
0.0 24.210958 0.014 0.0 5.0
0.0 19.368767 0.015 1.0 5.0
-1.9456067 23.802889 0.015 1.0 5.0
-1.9456067 23.802889 0.016 0.0 6.0
-5.508893 27.08158 0.016 0.0 6.0
-1.9456067 23.802889 0.017 0.0 6.0
-3.8912134 28.237011 0.017 0.0 6.0
-3.8912134 28.237011 0.018 0.0 7.0
-3.8912134 33.0792 0.018 0.0 7.0
-3.8912134 28.237011 0.019 0.0 7.0
-5.83682 32.67113 0.019 0.0 7.0
0.0 19.368767 0.020 1.0 5.0
0.0 24.210958 0.020 1.0 5.0
0.0 24.210958 0.021 0.0 6.0
-1.9456067 28.64508 0.021 0.0 6.0
0.0 24.210958 0.022 0.0 6.0
0.0 29.05315 0.022 0.0 6.0
0.0 29.05315 0.023 0.0 7.0
1.9456067 33.48727 0.023 0.0 7.0
0.0 29.05315 0.024 0.0 7.0
0.0 33.89534 0.024 0.0 7.0
0.0 19.368767 0.025 5.0 5.0
-1.9456067 23.802889 0.025 5.0 5.0
-1.9456067 23.802889 0.026 0.0 6.0
-5.508893 27.08158 0.026 0.0 6.0
-1.9456067 23.802889 0.027 4.0 6.0
-3.8912134 28.237011 0.027 4.0 6.0
-3.8912134 28.237011 0.028 0.0 7.0
-3.8912134 33.0792 0.028 0.0 7.0
-3.8912134 28.237011 0.029 0.0 7.0
-5.83682 32.67113 0.029 0.0 7.0
-3.8912134 28.237011 0.030 1.0 7.0
-3.8912134 33.0792 0.030 1.0 7.0
-3.8912134 33.0792 0.031 0.0 8.0
-5.83682 37.51332 0.031 0.0 8.0
-3.8912134 33.0792 0.032 0.0 8.0
-3.8912134 37.921394 0.032 0.0 8.0
-3.8912134 37.921394 0.033 0.0 9.0
-1.9456067 42.355515 0.033 0.0 9.0
-3.8912134 37.921394 0.034 0.0 9.0
-3.8912134 42.763588 0.034 0.0 9.0
-3.8912134 28.237011 0.035 3.0 7.0
-5.83682 32.67113 0.035 3.0 7.0
-5.83682 32.67113 0.036 0.0 8.0
-9.400106 35.94982 0.036 0.0 8.0
-5.83682 32.67113 0.037 2.0 8.0
-7.782427 37.10525 0.037 2.0 8.0
-7.782427 37.10525 0.038 0.0 9.0
-7.782427 41.94744 0.038 0.0 9.0
-7.782427 37.10525 0.039 0.0 9.0
-9.728033 41.53937 0.039 0.0 9.0
-7.782427 37.10525 0.040 1.0 9.0
-11.345713 40.38394 0.040 1.0 9.0
-11.345713 40.38394 0.041 0.0 10.0
-15.926094 41.954586 0.041 0.0 10.0
-11.345713 40.38394 0.042 0.0 10.0
-14.9089985 43.662632 0.042 0.0 10.0
-14.9089985 43.662632 0.043 0.0 11.0
-16.854605 48.096752 0.043 0.0 11.0
-14.9089985 43.662632 0.044 0.0 11.0
-18.472284 46.941322 0.044 0.0 11.0
-7.782427 37.10525 0.045 1.0 9.0
-9.728033 41.53937 0.045 1.0 9.0
-9.728033 41.53937 0.046 0.0 10.0
-13.291319 44.81806 0.046 0.0 10.0
-9.728033 41.53937 0.047 0.0 10.0
-11.673639 45.97349 0.047 0.0 10.0
-11.673639 45.97349 0.048 0.0 11.0
-11.673639 50.81568 0.048 0.0 11.0
-11.673639 45.97349 0.049 0.0 11.0
-13.619246 50.40761 0.049 0.0 11.0
0.0 19.368767 0.050 25.0 5.0
0.0 24.210958 0.050 25.0 5.0
0.0 24.210958 0.051 0.0 6.0
-1.9456067 28.64508 0.051 0.0 6.0
0.0 24.210958 0.052 24.0 6.0
0.0 29.05315 0.052 24.0 6.0
0.0 29.05315 0.053 0.0 7.0
1.9456067 33.48727 0.053 0.0 7.0
0.0 29.05315 0.054 0.0 7.0
0.0 33.89534 0.054 0.0 7.0
0.0 29.05315 0.055 1.0 7.0
1.9456067 33.48727 0.055 1.0 7.0
1.9456067 33.48727 0.056 0.0 8.0
1.9456067 38.32946 0.056 0.0 8.0
1.9456067 33.48727 0.057 0.0 8.0
3.8912134 37.92139 0.057 0.0 8.0
3.8912134 37.92139 0.058 0.0 9.0
7.4544992 41.20008 0.058 0.0 9.0
3.8912134 37.92139 0.059 0.0 9.0
5.83682 42.35551 0.059 0.0 9.0
0.0 29.05315 0.060 23.0 7.0
0.0 33.89534 0.060 23.0 7.0
0.0 33.89534 0.061 0.0 8.0
-1.9456067 38.32946 0.061 0.0 8.0
0.0 33.89534 0.062 22.0 8.0
0.0 38.737534 0.062 22.0 8.0
0.0 38.737534 0.063 0.0 9.0
1.9456067 43.171654 0.063 0.0 9.0
0.0 38.737534 0.064 0.0 9.0
0.0 43.579727 0.064 0.0 9.0
0.0 38.737534 0.065 1.0 9.0
-1.9456067 43.171654 0.065 1.0 9.0
-1.9456067 43.171654 0.066 0.0 10.0
-5.508893 46.450344 0.066 0.0 10.0
-1.9456067 43.171654 0.067 0.0 10.0
-3.8912134 47.605774 0.067 0.0 10.0
-3.8912134 47.605774 0.068 0.0 11.0
-3.8912134 52.447968 0.068 0.0 11.0
-3.8912134 47.605774 0.069 0.0 11.0
-5.83682 52.039894 0.069 0.0 11.0
0.0 38.737534 0.070 1.0 9.0
0.0 43.579727 0.070 1.0 9.0
0.0 43.579727 0.071 0.0 10.0
-1.9456067 48.013847 0.071 0.0 10.0
0.0 43.579727 0.072 0.0 10.0
0.0 48.42192 0.072 0.0 10.0
0.0 48.42192 0.073 0.0 11.0
1.9456067 52.85604 0.073 0.0 11.0
0.0 48.42192 0.074 0.0 11.0
0.0 53.264114 0.074 0.0 11.0
0.0 38.737534 0.075 5.0 9.0
1.9456067 43.171654 0.075 5.0 9.0
1.9456067 43.171654 0.076 0.0 10.0
1.9456067 48.013847 0.076 0.0 10.0
1.9456067 43.171654 0.077 4.0 10.0
3.8912134 47.605774 0.077 4.0 10.0
3.8912134 47.605774 0.078 0.0 11.0
7.4544992 50.884464 0.078 0.0 11.0
3.8912134 47.605774 0.079 0.0 11.0
5.83682 52.039894 0.079 0.0 11.0
3.8912134 47.605774 0.080 1.0 11.0
7.4544992 50.884464 0.080 1.0 11.0
7.4544992 50.884464 0.081 0.0 12.0
9.400106 55.318584 0.081 0.0 12.0
7.4544992 50.884464 0.082 0.0 12.0
11.017785 54.163155 0.082 0.0 12.0
11.017785 54.163155 0.083 0.0 13.0
15.598166 55.7338 0.083 0.0 13.0
11.017785 54.163155 0.084 0.0 13.0
14.581071 57.441845 0.084 0.0 13.0
3.8912134 47.605774 0.085 3.0 11.0
5.83682 52.039894 0.085 3.0 11.0
5.83682 52.039894 0.086 0.0 12.0
5.83682 56.882088 0.086 0.0 12.0
5.83682 52.039894 0.087 2.0 12.0
7.782427 56.474014 0.087 2.0 12.0
7.782427 56.474014 0.088 0.0 13.0
11.345713 59.752705 0.088 0.0 13.0
7.782427 56.474014 0.089 0.0 13.0
9.728033 60.908134 0.089 0.0 13.0
7.782427 56.474014 0.090 1.0 13.0
7.782427 61.316208 0.090 1.0 13.0
7.782427 61.316208 0.091 0.0 14.0
5.83682 65.75033 0.091 0.0 14.0
7.782427 61.316208 0.092 0.0 14.0
7.782427 66.1584 0.092 0.0 14.0
7.782427 66.1584 0.093 0.0 15.0
9.728033 70.59252 0.093 0.0 15.0
7.782427 66.1584 0.094 0.0 15.0
7.782427 71.000595 0.094 0.0 15.0
7.782427 56.474014 0.095 1.0 13.0
9.728033 60.908134 0.095 1.0 13.0
9.728033 60.908134 0.096 0.0 14.0
9.728033 65.75033 0.096 0.0 14.0
9.728033 60.908134 0.097 0.0 14.0
11.673639 65.342255 0.097 0.0 14.0
11.673639 65.342255 0.098 0.0 15.0
15.236925 68.62095 0.098 0.0 15.0
11.673639 65.342255 0.099 0.0 15.0
13.619246 69.776375 0.099 0.0 15.0
0.0 38.737534 0.0100 5.0 9.0
0.0 43.579727 0.0100 5.0 9.0
0.0 43.579727 0.0101 0.0 10.0
-1.9456067 48.013847 0.0101 0.0 10.0
0.0 43.579727 0.0102 4.0 10.0
0.0 48.42192 0.0102 4.0 10.0
0.0 48.42192 0.0103 0.0 11.0
1.9456067 52.85604 0.0103 0.0 11.0
0.0 48.42192 0.0104 0.0 11.0
0.0 53.264114 0.0104 0.0 11.0
0.0 48.42192 0.0105 1.0 11.0
1.9456067 52.85604 0.0105 1.0 11.0
1.9456067 52.85604 0.0106 0.0 12.0
1.9456067 57.698235 0.0106 0.0 12.0
1.9456067 52.85604 0.0107 0.0 12.0
3.8912134 57.29016 0.0107 0.0 12.0
3.8912134 57.29016 0.0108 0.0 13.0
7.4544992 60.56885 0.0108 0.0 13.0
3.8912134 57.29016 0.0109 0.0 13.0
5.83682 61.72428 0.0109 0.0 13.0
0.0 48.42192 0.0110 3.0 11.0
0.0 53.264114 0.0110 3.0 11.0
0.0 53.264114 0.0111 0.0 12.0
-1.9456067 57.698235 0.0111 0.0 12.0
0.0 53.264114 0.0112 2.0 12.0
0.0 58.106308 0.0112 2.0 12.0
0.0 58.106308 0.0113 0.0 13.0
1.9456067 62.54043 0.0113 0.0 13.0
0.0 58.106308 0.0114 0.0 13.0
0.0 62.9485 0.0114 0.0 13.0
0.0 58.106308 0.0115 1.0 13.0
-1.9456067 62.54043 0.0115 1.0 13.0
-1.9456067 62.54043 0.0116 0.0 14.0
-5.508893 65.81912 0.0116 0.0 14.0
-1.9456067 62.54043 0.0117 0.0 14.0
-3.8912134 66.97455 0.0117 0.0 14.0
-3.8912134 66.97455 0.0118 0.0 15.0
-3.8912134 71.81674 0.0118 0.0 15.0
-3.8912134 66.97455 0.0119 0.0 15.0
-5.83682 71.40867 0.0119 0.0 15.0
0.0 58.106308 0.0120 1.0 13.0
0.0 62.9485 0.0120 1.0 13.0
0.0 62.9485 0.0121 0.0 14.0
-1.9456067 67.38262 0.0121 0.0 14.0
0.0 62.9485 0.0122 0.0 14.0
0.0 67.790695 0.0122 0.0 14.0
0.0 67.790695 0.0123 0.0 15.0
1.9456067 72.224815 0.0123 0.0 15.0
0.0 67.790695 0.0124 0.0 15.0
0.0 72.63289 0.0124 0.0 15.0
0.0 38.737534 0.0125 13.0 9.0
1.9456067 43.171654 0.0125 13.0 9.0
1.9456067 43.171654 0.0126 0.0 10.0
1.9456067 48.013847 0.0126 0.0 10.0
1.9456067 43.171654 0.0127 12.0 10.0
3.8912134 47.605774 0.0127 12.0 10.0
3.8912134 47.605774 0.0128 0.0 11.0
7.4544992 50.884464 0.0128 0.0 11.0
3.8912134 47.605774 0.0129 0.0 11.0
5.83682 52.039894 0.0129 0.0 11.0
3.8912134 47.605774 0.0130 1.0 11.0
7.4544992 50.884464 0.0130 1.0 11.0
7.4544992 50.884464 0.0131 0.0 12.0
9.400106 55.318584 0.0131 0.0 12.0
7.4544992 50.884464 0.0132 0.0 12.0
11.017785 54.163155 0.0132 0.0 12.0
11.017785 54.163155 0.0133 0.0 13.0
15.598166 55.7338 0.0133 0.0 13.0
11.017785 54.163155 0.0134 0.0 13.0
14.581071 57.441845 0.0134 0.0 13.0
3.8912134 47.605774 0.0135 11.0 11.0
5.83682 52.039894 0.0135 11.0 11.0
5.83682 52.039894 0.0136 0.0 12.0
5.83682 56.882088 0.0136 0.0 12.0
5.83682 52.039894 0.0137 10.0 12.0
7.782427 56.474014 0.0137 10.0 12.0
7.782427 56.474014 0.0138 0.0 13.0
11.345713 59.752705 0.0138 0.0 13.0
7.782427 56.474014 0.0139 0.0 13.0
9.728033 60.908134 0.0139 0.0 13.0
7.782427 56.474014 0.0140 1.0 13.0
7.782427 61.316208 0.0140 1.0 13.0
7.782427 61.316208 0.0141 0.0 14.0
5.83682 65.75033 0.0141 0.0 14.0
7.782427 61.316208 0.0142 0.0 14.0
7.782427 66.1584 0.0142 0.0 14.0
7.782427 66.1584 0.0143 0.0 15.0
9.728033 70.59252 0.0143 0.0 15.0
7.782427 66.1584 0.0144 0.0 15.0
7.782427 71.000595 0.0144 0.0 15.0
7.782427 56.474014 0.0145 1.0 13.0
9.728033 60.908134 0.0145 1.0 13.0
9.728033 60.908134 0.0146 0.0 14.0
9.728033 65.75033 0.0146 0.0 14.0
9.728033 60.908134 0.0147 0.0 14.0
11.673639 65.342255 0.0147 0.0 14.0
11.673639 65.342255 0.0148 0.0 15.0
15.236925 68.62095 0.0148 0.0 15.0
11.673639 65.342255 0.0149 0.0 15.0
13.619246 69.776375 0.0149 0.0 15.0
7.782427 56.474014 0.0150 5.0 13.0
7.782427 61.316208 0.0150 5.0 13.0
7.782427 61.316208 0.0151 0.0 14.0
5.83682 65.75033 0.0151 0.0 14.0
7.782427 61.316208 0.0152 4.0 14.0
7.782427 66.1584 0.0152 4.0 14.0
7.782427 66.1584 0.0153 0.0 15.0
9.728033 70.59252 0.0153 0.0 15.0
7.782427 66.1584 0.0154 0.0 15.0
7.782427 71.000595 0.0154 0.0 15.0
7.782427 66.1584 0.0155 1.0 15.0
9.728033 70.59252 0.0155 1.0 15.0
9.728033 70.59252 0.0156 0.0 16.0
9.728033 75.434715 0.0156 0.0 16.0
9.728033 70.59252 0.0157 0.0 16.0
11.673639 75.02664 0.0157 0.0 16.0
11.673639 75.02664 0.0158 0.0 17.0
15.236925 78.305336 0.0158 0.0 17.0
11.673639 75.02664 0.0159 0.0 17.0
13.619246 79.46076 0.0159 0.0 17.0
7.782427 66.1584 0.0160 3.0 15.0
7.782427 71.000595 0.0160 3.0 15.0
7.782427 71.000595 0.0161 0.0 16.0
5.83682 75.434715 0.0161 0.0 16.0
7.782427 71.000595 0.0162 2.0 16.0
7.782427 75.84279 0.0162 2.0 16.0
7.782427 75.84279 0.0163 0.0 17.0
9.728033 80.27691 0.0163 0.0 17.0
7.782427 75.84279 0.0164 0.0 17.0
7.782427 80.68498 0.0164 0.0 17.0
7.782427 75.84279 0.0165 1.0 17.0
5.83682 80.27691 0.0165 1.0 17.0
5.83682 80.27691 0.0166 0.0 18.0
2.273534 83.5556 0.0166 0.0 18.0
5.83682 80.27691 0.0167 0.0 18.0
3.8912134 84.71103 0.0167 0.0 18.0
3.8912134 84.71103 0.0168 0.0 19.0
3.8912134 89.55322 0.0168 0.0 19.0
3.8912134 84.71103 0.0169 0.0 19.0
1.9456067 89.14515 0.0169 0.0 19.0
7.782427 75.84279 0.0170 1.0 17.0
7.782427 80.68498 0.0170 1.0 17.0
7.782427 80.68498 0.0171 0.0 18.0
5.83682 85.1191 0.0171 0.0 18.0
7.782427 80.68498 0.0172 0.0 18.0
7.782427 85.527176 0.0172 0.0 18.0
7.782427 85.527176 0.0173 0.0 19.0
9.728033 89.961296 0.0173 0.0 19.0
7.782427 85.527176 0.0174 0.0 19.0
7.782427 90.36937 0.0174 0.0 19.0
7.782427 56.474014 0.0175 9.0 13.0
9.728033 60.908134 0.0175 9.0 13.0
9.728033 60.908134 0.0176 0.0 14.0
9.728033 65.75033 0.0176 0.0 14.0
9.728033 60.908134 0.0177 8.0 14.0
11.673639 65.342255 0.0177 8.0 14.0
11.673639 65.342255 0.0178 0.0 15.0
15.236925 68.62095 0.0178 0.0 15.0
11.673639 65.342255 0.0179 0.0 15.0
13.619246 69.776375 0.0179 0.0 15.0
11.673639 65.342255 0.0180 1.0 15.0
15.236925 68.62095 0.0180 1.0 15.0
15.236925 68.62095 0.0181 0.0 16.0
17.182531 73.05507 0.0181 0.0 16.0
15.236925 68.62095 0.0182 0.0 16.0
18.80021 71.89964 0.0182 0.0 16.0
18.80021 71.89964 0.0183 0.0 17.0
23.380592 73.47029 0.0183 0.0 17.0
18.80021 71.89964 0.0184 0.0 17.0
22.363497 75.17834 0.0184 0.0 17.0
11.673639 65.342255 0.0185 7.0 15.0
13.619246 69.776375 0.0185 7.0 15.0
13.619246 69.776375 0.0186 0.0 16.0
13.619246 74.61857 0.0186 0.0 16.0
13.619246 69.776375 0.0187 6.0 16.0
15.564852 74.210495 0.0187 6.0 16.0
15.564852 74.210495 0.0188 0.0 17.0
19.128138 77.48919 0.0188 0.0 17.0
15.564852 74.210495 0.0189 0.0 17.0
17.510458 78.644615 0.0189 0.0 17.0
15.564852 74.210495 0.0190 1.0 17.0
15.564852 79.05269 0.0190 1.0 17.0
15.564852 79.05269 0.0191 0.0 18.0
13.619246 83.48681 0.0191 0.0 18.0
15.564852 79.05269 0.0192 0.0 18.0
15.564852 83.89488 0.0192 0.0 18.0
15.564852 83.89488 0.0193 0.0 19.0
17.510458 88.329 0.0193 0.0 19.0
15.564852 83.89488 0.0194 0.0 19.0
15.564852 88.737076 0.0194 0.0 19.0
15.564852 74.210495 0.0195 1.0 17.0
17.510458 78.644615 0.0195 1.0 17.0
17.510458 78.644615 0.0196 0.0 18.0
17.510458 83.48681 0.0196 0.0 18.0
17.510458 78.644615 0.0197 0.0 18.0
19.456064 83.078735 0.0197 0.0 18.0
19.456064 83.078735 0.0198 0.0 19.0
23.01935 86.35743 0.0198 0.0 19.0
19.456064 83.078735 0.0199 0.0 19.0
21.40167 87.512856 0.0199 0.0 19.0
15.564852 74.210495 0.0200 5.0 17.0
19.128138 77.48919 0.0200 5.0 17.0
19.128138 77.48919 0.0201 0.0 18.0
21.073744 81.92331 0.0201 0.0 18.0
19.128138 77.48919 0.0202 4.0 18.0
22.691423 80.76788 0.0202 4.0 18.0
22.691423 80.76788 0.0203 0.0 19.0
27.271805 82.33853 0.0203 0.0 19.0
22.691423 80.76788 0.0204 0.0 19.0
26.25471 84.04658 0.0204 0.0 19.0
22.691423 80.76788 0.0205 1.0 19.0
27.271805 82.33853 0.0205 1.0 19.0
27.271805 82.33853 0.0206 0.0 20.0
30.83509 85.617226 0.0206 0.0 20.0
27.271805 82.33853 0.0207 0.0 20.0
31.852186 83.90918 0.0207 0.0 20.0
31.852186 83.90918 0.0208 0.0 21.0
36.67765 83.50705 0.0208 0.0 21.0
31.852186 83.90918 0.0209 0.0 21.0
36.432568 85.47983 0.0209 0.0 21.0
22.691423 80.76788 0.0210 3.0 19.0
26.25471 84.04658 0.0210 3.0 19.0
26.25471 84.04658 0.0211 0.0 20.0
28.200315 88.4807 0.0211 0.0 20.0
26.25471 84.04658 0.0212 2.0 20.0
29.817995 87.32527 0.0212 2.0 20.0
29.817995 87.32527 0.0213 0.0 21.0
34.398376 88.89592 0.0213 0.0 21.0
29.817995 87.32527 0.0214 0.0 21.0
33.381283 90.603966 0.0214 0.0 21.0
29.817995 87.32527 0.0215 1.0 21.0
31.763601 91.75939 0.0215 1.0 21.0
31.763601 91.75939 0.0216 0.0 22.0
31.763601 96.601585 0.0216 0.0 22.0
31.763601 91.75939 0.0217 0.0 22.0
33.70921 96.19351 0.0217 0.0 22.0
33.70921 96.19351 0.0218 0.0 23.0
37.272495 99.472206 0.0218 0.0 23.0
33.70921 96.19351 0.0219 0.0 23.0
35.654816 100.62763 0.0219 0.0 23.0
29.817995 87.32527 0.0220 1.0 21.0
33.381283 90.603966 0.0220 1.0 21.0
33.381283 90.603966 0.0221 0.0 22.0
35.32689 95.038086 0.0221 0.0 22.0
33.381283 90.603966 0.0222 0.0 22.0
36.94457 93.88266 0.0222 0.0 22.0
36.94457 93.88266 0.0223 0.0 23.0
41.52495 95.45331 0.0223 0.0 23.0
36.94457 93.88266 0.0224 0.0 23.0
40.507854 97.161354 0.0224 0.0 23.0
15.564852 74.210495 0.0225 5.0 17.0
17.510458 78.644615 0.0225 5.0 17.0
17.510458 78.644615 0.0226 0.0 18.0
17.510458 83.48681 0.0226 0.0 18.0
17.510458 78.644615 0.0227 4.0 18.0
19.456064 83.078735 0.0227 4.0 18.0
19.456064 83.078735 0.0228 0.0 19.0
23.01935 86.35743 0.0228 0.0 19.0
19.456064 83.078735 0.0229 0.0 19.0
21.40167 87.512856 0.0229 0.0 19.0
19.456064 83.078735 0.0230 1.0 19.0
23.01935 86.35743 0.0230 1.0 19.0
23.01935 86.35743 0.0231 0.0 20.0
24.964956 90.79155 0.0231 0.0 20.0
23.01935 86.35743 0.0232 0.0 20.0
26.582636 89.63612 0.0232 0.0 20.0
26.582636 89.63612 0.0233 0.0 21.0
31.163017 91.20677 0.0233 0.0 21.0
26.582636 89.63612 0.0234 0.0 21.0
30.145922 92.91482 0.0234 0.0 21.0
19.456064 83.078735 0.0235 3.0 19.0
21.40167 87.512856 0.0235 3.0 19.0
21.40167 87.512856 0.0236 0.0 20.0
21.40167 92.35505 0.0236 0.0 20.0
21.40167 87.512856 0.0237 2.0 20.0
23.347277 91.946976 0.0237 2.0 20.0
23.347277 91.946976 0.0238 0.0 21.0
26.910563 95.22567 0.0238 0.0 21.0
23.347277 91.946976 0.0239 0.0 21.0
25.292883 96.381096 0.0239 0.0 21.0
23.347277 91.946976 0.0240 1.0 21.0
23.347277 96.78917 0.0240 1.0 21.0
23.347277 96.78917 0.0241 0.0 22.0
21.40167 101.22329 0.0241 0.0 22.0
23.347277 96.78917 0.0242 0.0 22.0
23.347277 101.63136 0.0242 0.0 22.0
23.347277 101.63136 0.0243 0.0 23.0
25.292883 106.06548 0.0243 0.0 23.0
23.347277 101.63136 0.0244 0.0 23.0
23.347277 106.47356 0.0244 0.0 23.0
23.347277 91.946976 0.0245 1.0 21.0
25.292883 96.381096 0.0245 1.0 21.0
25.292883 96.381096 0.0246 0.0 22.0
25.292883 101.22329 0.0246 0.0 22.0
25.292883 96.381096 0.0247 0.0 22.0
27.23849 100.815216 0.0247 0.0 22.0
27.23849 100.815216 0.0248 0.0 23.0
30.801775 104.09391 0.0248 0.0 23.0
27.23849 100.815216 0.0249 0.0 23.0
29.184095 105.24934 0.0249 0.0 23.0
0.0 38.737534 0.0250 21.0 9.0
0.0 43.579727 0.0250 21.0 9.0
0.0 43.579727 0.0251 0.0 10.0
-1.9456067 48.013847 0.0251 0.0 10.0
0.0 43.579727 0.0252 20.0 10.0
0.0 48.42192 0.0252 20.0 10.0
0.0 48.42192 0.0253 0.0 11.0
1.9456067 52.85604 0.0253 0.0 11.0
0.0 48.42192 0.0254 0.0 11.0
0.0 53.264114 0.0254 0.0 11.0
0.0 48.42192 0.0255 1.0 11.0
1.9456067 52.85604 0.0255 1.0 11.0
1.9456067 52.85604 0.0256 0.0 12.0
1.9456067 57.698235 0.0256 0.0 12.0
1.9456067 52.85604 0.0257 0.0 12.0
3.8912134 57.29016 0.0257 0.0 12.0
3.8912134 57.29016 0.0258 0.0 13.0
7.4544992 60.56885 0.0258 0.0 13.0
3.8912134 57.29016 0.0259 0.0 13.0
5.83682 61.72428 0.0259 0.0 13.0
0.0 48.42192 0.0260 19.0 11.0
0.0 53.264114 0.0260 19.0 11.0
0.0 53.264114 0.0261 0.0 12.0
-1.9456067 57.698235 0.0261 0.0 12.0
0.0 53.264114 0.0262 18.0 12.0
0.0 58.106308 0.0262 18.0 12.0
0.0 58.106308 0.0263 0.0 13.0
1.9456067 62.54043 0.0263 0.0 13.0
0.0 58.106308 0.0264 0.0 13.0
0.0 62.9485 0.0264 0.0 13.0
0.0 58.106308 0.0265 1.0 13.0
-1.9456067 62.54043 0.0265 1.0 13.0
-1.9456067 62.54043 0.0266 0.0 14.0
-5.508893 65.81912 0.0266 0.0 14.0
-1.9456067 62.54043 0.0267 0.0 14.0
-3.8912134 66.97455 0.0267 0.0 14.0
-3.8912134 66.97455 0.0268 0.0 15.0
-3.8912134 71.81674 0.0268 0.0 15.0
-3.8912134 66.97455 0.0269 0.0 15.0
-5.83682 71.40867 0.0269 0.0 15.0
0.0 58.106308 0.0270 1.0 13.0
0.0 62.9485 0.0270 1.0 13.0
0.0 62.9485 0.0271 0.0 14.0
-1.9456067 67.38262 0.0271 0.0 14.0
0.0 62.9485 0.0272 0.0 14.0
0.0 67.790695 0.0272 0.0 14.0
0.0 67.790695 0.0273 0.0 15.0
1.9456067 72.224815 0.0273 0.0 15.0
0.0 67.790695 0.0274 0.0 15.0
0.0 72.63289 0.0274 0.0 15.0
0.0 58.106308 0.0275 5.0 13.0
-1.9456067 62.54043 0.0275 5.0 13.0
-1.9456067 62.54043 0.0276 0.0 14.0
-5.508893 65.81912 0.0276 0.0 14.0
-1.9456067 62.54043 0.0277 4.0 14.0
-3.8912134 66.97455 0.0277 4.0 14.0
-3.8912134 66.97455 0.0278 0.0 15.0
-3.8912134 71.81674 0.0278 0.0 15.0
-3.8912134 66.97455 0.0279 0.0 15.0
-5.83682 71.40867 0.0279 0.0 15.0
-3.8912134 66.97455 0.0280 1.0 15.0
-3.8912134 71.81674 0.0280 1.0 15.0
-3.8912134 71.81674 0.0281 0.0 16.0
-5.83682 76.25086 0.0281 0.0 16.0
-3.8912134 71.81674 0.0282 0.0 16.0
-3.8912134 76.658936 0.0282 0.0 16.0
-3.8912134 76.658936 0.0283 0.0 17.0
-1.9456067 81.093056 0.0283 0.0 17.0
-3.8912134 76.658936 0.0284 0.0 17.0
-3.8912134 81.50113 0.0284 0.0 17.0
-3.8912134 66.97455 0.0285 3.0 15.0
-5.83682 71.40867 0.0285 3.0 15.0
-5.83682 71.40867 0.0286 0.0 16.0
-9.400106 74.68736 0.0286 0.0 16.0
-5.83682 71.40867 0.0287 2.0 16.0
-7.782427 75.84279 0.0287 2.0 16.0
-7.782427 75.84279 0.0288 0.0 17.0
-7.782427 80.68498 0.0288 0.0 17.0
-7.782427 75.84279 0.0289 0.0 17.0
-9.728033 80.27691 0.0289 0.0 17.0
-7.782427 75.84279 0.0290 1.0 17.0
-11.345713 79.12148 0.0290 1.0 17.0
-11.345713 79.12148 0.0291 0.0 18.0
-15.926094 80.69213 0.0291 0.0 18.0
-11.345713 79.12148 0.0292 0.0 18.0
-14.9089985 82.40018 0.0292 0.0 18.0
-14.9089985 82.40018 0.0293 0.0 19.0
-16.854605 86.8343 0.0293 0.0 19.0
-14.9089985 82.40018 0.0294 0.0 19.0
-18.472284 85.67887 0.0294 0.0 19.0
-7.782427 75.84279 0.0295 1.0 17.0
-9.728033 80.27691 0.0295 1.0 17.0
-9.728033 80.27691 0.0296 0.0 18.0
-13.291319 83.5556 0.0296 0.0 18.0
-9.728033 80.27691 0.0297 0.0 18.0
-11.673639 84.71103 0.0297 0.0 18.0
-11.673639 84.71103 0.0298 0.0 19.0
-11.673639 89.55322 0.0298 0.0 19.0
-11.673639 84.71103 0.0299 0.0 19.0
-13.619246 89.14515 0.0299 0.0 19.0
0.0 58.106308 0.0300 17.0 13.0
0.0 62.9485 0.0300 17.0 13.0
0.0 62.9485 0.0301 0.0 14.0
-1.9456067 67.38262 0.0301 0.0 14.0
0.0 62.9485 0.0302 16.0 14.0
0.0 67.790695 0.0302 16.0 14.0
0.0 67.790695 0.0303 0.0 15.0
1.9456067 72.224815 0.0303 0.0 15.0
0.0 67.790695 0.0304 0.0 15.0
0.0 72.63289 0.0304 0.0 15.0
0.0 67.790695 0.0305 1.0 15.0
1.9456067 72.224815 0.0305 1.0 15.0
1.9456067 72.224815 0.0306 0.0 16.0
1.9456067 77.06701 0.0306 0.0 16.0
1.9456067 72.224815 0.0307 0.0 16.0
3.8912134 76.658936 0.0307 0.0 16.0
3.8912134 76.658936 0.0308 0.0 17.0
7.4544992 79.93763 0.0308 0.0 17.0
3.8912134 76.658936 0.0309 0.0 17.0
5.83682 81.093056 0.0309 0.0 17.0
0.0 67.790695 0.0310 15.0 15.0
0.0 72.63289 0.0310 15.0 15.0
0.0 72.63289 0.0311 0.0 16.0
-1.9456067 77.06701 0.0311 0.0 16.0
0.0 72.63289 0.0312 14.0 16.0
0.0 77.47508 0.0312 14.0 16.0
0.0 77.47508 0.0313 0.0 17.0
1.9456067 81.9092 0.0313 0.0 17.0
0.0 77.47508 0.0314 0.0 17.0
0.0 82.317276 0.0314 0.0 17.0
0.0 77.47508 0.0315 1.0 17.0
-1.9456067 81.9092 0.0315 1.0 17.0
-1.9456067 81.9092 0.0316 0.0 18.0
-5.508893 85.1879 0.0316 0.0 18.0
-1.9456067 81.9092 0.0317 0.0 18.0
-3.8912134 86.34332 0.0317 0.0 18.0
-3.8912134 86.34332 0.0318 0.0 19.0
-3.8912134 91.18552 0.0318 0.0 19.0
-3.8912134 86.34332 0.0319 0.0 19.0
-5.83682 90.77744 0.0319 0.0 19.0
0.0 77.47508 0.0320 1.0 17.0
0.0 82.317276 0.0320 1.0 17.0
0.0 82.317276 0.0321 0.0 18.0
-1.9456067 86.751396 0.0321 0.0 18.0
0.0 82.317276 0.0322 0.0 18.0
0.0 87.15947 0.0322 0.0 18.0
0.0 87.15947 0.0323 0.0 19.0
1.9456067 91.59359 0.0323 0.0 19.0
0.0 87.15947 0.0324 0.0 19.0
0.0 92.00166 0.0324 0.0 19.0
0.0 77.47508 0.0325 5.0 17.0
1.9456067 81.9092 0.0325 5.0 17.0
1.9456067 81.9092 0.0326 0.0 18.0
1.9456067 86.751396 0.0326 0.0 18.0
1.9456067 81.9092 0.0327 4.0 18.0
3.8912134 86.34332 0.0327 4.0 18.0
3.8912134 86.34332 0.0328 0.0 19.0
7.4544992 89.62202 0.0328 0.0 19.0
3.8912134 86.34332 0.0329 0.0 19.0
5.83682 90.77744 0.0329 0.0 19.0
3.8912134 86.34332 0.0330 1.0 19.0
7.4544992 89.62202 0.0330 1.0 19.0
7.4544992 89.62202 0.0331 0.0 20.0
9.400106 94.05614 0.0331 0.0 20.0
7.4544992 89.62202 0.0332 0.0 20.0
11.017785 92.90071 0.0332 0.0 20.0
11.017785 92.90071 0.0333 0.0 21.0
15.598166 94.47136 0.0333 0.0 21.0
11.017785 92.90071 0.0334 0.0 21.0
14.581071 96.179405 0.0334 0.0 21.0
3.8912134 86.34332 0.0335 3.0 19.0
5.83682 90.77744 0.0335 3.0 19.0
5.83682 90.77744 0.0336 0.0 20.0
5.83682 95.61964 0.0336 0.0 20.0
5.83682 90.77744 0.0337 2.0 20.0
7.782427 95.21156 0.0337 2.0 20.0
7.782427 95.21156 0.0338 0.0 21.0
11.345713 98.49026 0.0338 0.0 21.0
7.782427 95.21156 0.0339 0.0 21.0
9.728033 99.64568 0.0339 0.0 21.0
7.782427 95.21156 0.0340 1.0 21.0
7.782427 100.05376 0.0340 1.0 21.0
7.782427 100.05376 0.0341 0.0 22.0
5.83682 104.48788 0.0341 0.0 22.0
7.782427 100.05376 0.0342 0.0 22.0
7.782427 104.89595 0.0342 0.0 22.0
7.782427 104.89595 0.0343 0.0 23.0
9.728033 109.33007 0.0343 0.0 23.0
7.782427 104.89595 0.0344 0.0 23.0
7.782427 109.738144 0.0344 0.0 23.0
7.782427 95.21156 0.0345 1.0 21.0
9.728033 99.64568 0.0345 1.0 21.0
9.728033 99.64568 0.0346 0.0 22.0
9.728033 104.48788 0.0346 0.0 22.0
9.728033 99.64568 0.0347 0.0 22.0
11.673639 104.0798 0.0347 0.0 22.0
11.673639 104.0798 0.0348 0.0 23.0
15.236925 107.3585 0.0348 0.0 23.0
11.673639 104.0798 0.0349 0.0 23.0
13.619246 108.51392 0.0349 0.0 23.0
0.0 77.47508 0.0350 5.0 17.0
0.0 82.317276 0.0350 5.0 17.0
0.0 82.317276 0.0351 0.0 18.0
-1.9456067 86.751396 0.0351 0.0 18.0
0.0 82.317276 0.0352 4.0 18.0
0.0 87.15947 0.0352 4.0 18.0
0.0 87.15947 0.0353 0.0 19.0
1.9456067 91.59359 0.0353 0.0 19.0
0.0 87.15947 0.0354 0.0 19.0
0.0 92.00166 0.0354 0.0 19.0
0.0 87.15947 0.0355 1.0 19.0
1.9456067 91.59359 0.0355 1.0 19.0
1.9456067 91.59359 0.0356 0.0 20.0
1.9456067 96.43578 0.0356 0.0 20.0
1.9456067 91.59359 0.0357 0.0 20.0
3.8912134 96.02771 0.0357 0.0 20.0
3.8912134 96.02771 0.0358 0.0 21.0
7.4544992 99.306404 0.0358 0.0 21.0
3.8912134 96.02771 0.0359 0.0 21.0
5.83682 100.46183 0.0359 0.0 21.0
0.0 87.15947 0.0360 3.0 19.0
0.0 92.00166 0.0360 3.0 19.0
0.0 92.00166 0.0361 0.0 20.0
-1.9456067 96.43578 0.0361 0.0 20.0
0.0 92.00166 0.0362 2.0 20.0
0.0 96.84386 0.0362 2.0 20.0
0.0 96.84386 0.0363 0.0 21.0
1.9456067 101.27798 0.0363 0.0 21.0
0.0 96.84386 0.0364 0.0 21.0
0.0 101.68605 0.0364 0.0 21.0
0.0 96.84386 0.0365 1.0 21.0
-1.9456067 101.27798 0.0365 1.0 21.0
-1.9456067 101.27798 0.0366 0.0 22.0
-5.508893 104.55667 0.0366 0.0 22.0
-1.9456067 101.27798 0.0367 0.0 22.0
-3.8912134 105.7121 0.0367 0.0 22.0
-3.8912134 105.7121 0.0368 0.0 23.0
-3.8912134 110.55429 0.0368 0.0 23.0
-3.8912134 105.7121 0.0369 0.0 23.0
-5.83682 110.14622 0.0369 0.0 23.0
0.0 96.84386 0.0370 1.0 21.0
0.0 101.68605 0.0370 1.0 21.0
0.0 101.68605 0.0371 0.0 22.0
-1.9456067 106.12017 0.0371 0.0 22.0
0.0 101.68605 0.0372 0.0 22.0
0.0 106.528244 0.0372 0.0 22.0
0.0 106.528244 0.0373 0.0 23.0
1.9456067 110.962364 0.0373 0.0 23.0
0.0 106.528244 0.0374 0.0 23.0
0.0 111.37044 0.0374 0.0 23.0
0.0 77.47508 0.0375 13.0 17.0
-1.9456067 81.9092 0.0375 13.0 17.0
-1.9456067 81.9092 0.0376 0.0 18.0
-5.508893 85.1879 0.0376 0.0 18.0
-1.9456067 81.9092 0.0377 12.0 18.0
-3.8912134 86.34332 0.0377 12.0 18.0
-3.8912134 86.34332 0.0378 0.0 19.0
-3.8912134 91.18552 0.0378 0.0 19.0
-3.8912134 86.34332 0.0379 0.0 19.0
-5.83682 90.77744 0.0379 0.0 19.0
-3.8912134 86.34332 0.0380 1.0 19.0
-3.8912134 91.18552 0.0380 1.0 19.0
-3.8912134 91.18552 0.0381 0.0 20.0
-5.83682 95.61964 0.0381 0.0 20.0
-3.8912134 91.18552 0.0382 0.0 20.0
-3.8912134 96.02771 0.0382 0.0 20.0
-3.8912134 96.02771 0.0383 0.0 21.0
-1.9456067 100.46183 0.0383 0.0 21.0
-3.8912134 96.02771 0.0384 0.0 21.0
-3.8912134 100.8699 0.0384 0.0 21.0
-3.8912134 86.34332 0.0385 11.0 19.0
-5.83682 90.77744 0.0385 11.0 19.0
-5.83682 90.77744 0.0386 0.0 20.0
-9.400106 94.05614 0.0386 0.0 20.0
-5.83682 90.77744 0.0387 10.0 20.0
-7.782427 95.21156 0.0387 10.0 20.0
-7.782427 95.21156 0.0388 0.0 21.0
-7.782427 100.05376 0.0388 0.0 21.0
-7.782427 95.21156 0.0389 0.0 21.0
-9.728033 99.64568 0.0389 0.0 21.0
-7.782427 95.21156 0.0390 1.0 21.0
-11.345713 98.49026 0.0390 1.0 21.0
-11.345713 98.49026 0.0391 0.0 22.0
-15.926094 100.060905 0.0391 0.0 22.0
-11.345713 98.49026 0.0392 0.0 22.0
-14.9089985 101.76895 0.0392 0.0 22.0
-14.9089985 101.76895 0.0393 0.0 23.0
-16.854605 106.20307 0.0393 0.0 23.0
-14.9089985 101.76895 0.0394 0.0 23.0
-18.472284 105.047646 0.0394 0.0 23.0
-7.782427 95.21156 0.0395 1.0 21.0
-9.728033 99.64568 0.0395 1.0 21.0
-9.728033 99.64568 0.0396 0.0 22.0
-13.291319 102.92438 0.0396 0.0 22.0
-9.728033 99.64568 0.0397 0.0 22.0
-11.673639 104.0798 0.0397 0.0 22.0
-11.673639 104.0798 0.0398 0.0 23.0
-11.673639 108.922 0.0398 0.0 23.0
-11.673639 104.0798 0.0399 0.0 23.0
-13.619246 108.51392 0.0399 0.0 23.0
-7.782427 95.21156 0.0400 5.0 21.0
-11.345713 98.49026 0.0400 5.0 21.0
-11.345713 98.49026 0.0401 0.0 22.0
-15.926094 100.060905 0.0401 0.0 22.0
-11.345713 98.49026 0.0402 4.0 22.0
-14.9089985 101.76895 0.0402 4.0 22.0
-14.9089985 101.76895 0.0403 0.0 23.0
-16.854605 106.20307 0.0403 0.0 23.0
-14.9089985 101.76895 0.0404 0.0 23.0
-18.472284 105.047646 0.0404 0.0 23.0
-14.9089985 101.76895 0.0405 1.0 23.0
-16.854605 106.20307 0.0405 1.0 23.0
-16.854605 106.20307 0.0406 0.0 24.0
-20.41789 109.481766 0.0406 0.0 24.0
-16.854605 106.20307 0.0407 0.0 24.0
-18.80021 110.63719 0.0407 0.0 24.0
-18.80021 110.63719 0.0408 0.0 25.0
-18.80021 115.479385 0.0408 0.0 25.0
-18.80021 110.63719 0.0409 0.0 25.0
-20.745817 115.07131 0.0409 0.0 25.0
-14.9089985 101.76895 0.0410 3.0 23.0
-18.472284 105.047646 0.0410 3.0 23.0
-18.472284 105.047646 0.0411 0.0 24.0
-23.052666 106.61829 0.0411 0.0 24.0
-18.472284 105.047646 0.0412 2.0 24.0
-22.03557 108.32634 0.0412 2.0 24.0
-22.03557 108.32634 0.0413 0.0 25.0
-23.981176 112.76046 0.0413 0.0 25.0
-22.03557 108.32634 0.0414 0.0 25.0
-25.598856 111.605034 0.0414 0.0 25.0
-22.03557 108.32634 0.0415 1.0 25.0
-26.615952 109.89699 0.0415 1.0 25.0
-26.615952 109.89699 0.0416 0.0 26.0
-31.441416 109.49486 0.0416 0.0 26.0
-26.615952 109.89699 0.0417 0.0 26.0
-31.196333 111.467636 0.0417 0.0 26.0
-31.196333 111.467636 0.0418 0.0 27.0
-34.75962 114.74633 0.0418 0.0 27.0
-31.196333 111.467636 0.0419 0.0 27.0
-35.776714 113.038284 0.0419 0.0 27.0
-22.03557 108.32634 0.0420 1.0 25.0
-25.598856 111.605034 0.0420 1.0 25.0
-25.598856 111.605034 0.0421 0.0 26.0
-30.179237 113.17568 0.0421 0.0 26.0
-25.598856 111.605034 0.0422 0.0 26.0
-29.162142 114.88373 0.0422 0.0 26.0
-29.162142 114.88373 0.0423 0.0 27.0
-31.107748 119.31785 0.0423 0.0 27.0
-29.162142 114.88373 0.0424 0.0 27.0
-32.72543 118.16242 0.0424 0.0 27.0
-7.782427 95.21156 0.0425 9.0 21.0
-9.728033 99.64568 0.0425 9.0 21.0
-9.728033 99.64568 0.0426 0.0 22.0
-13.291319 102.92438 0.0426 0.0 22.0
-9.728033 99.64568 0.0427 8.0 22.0
-11.673639 104.0798 0.0427 8.0 22.0
-11.673639 104.0798 0.0428 0.0 23.0
-11.673639 108.922 0.0428 0.0 23.0
-11.673639 104.0798 0.0429 0.0 23.0
-13.619246 108.51392 0.0429 0.0 23.0
-11.673639 104.0798 0.0430 1.0 23.0
-11.673639 108.922 0.0430 1.0 23.0
-11.673639 108.922 0.0431 0.0 24.0
-13.619246 113.35612 0.0431 0.0 24.0
-11.673639 108.922 0.0432 0.0 24.0
-11.673639 113.76419 0.0432 0.0 24.0
-11.673639 113.76419 0.0433 0.0 25.0
-9.728033 118.19831 0.0433 0.0 25.0
-11.673639 113.76419 0.0434 0.0 25.0
-11.673639 118.606384 0.0434 0.0 25.0
-11.673639 104.0798 0.0435 7.0 23.0
-13.619246 108.51392 0.0435 7.0 23.0
-13.619246 108.51392 0.0436 0.0 24.0
-17.182531 111.79262 0.0436 0.0 24.0
-13.619246 108.51392 0.0437 6.0 24.0
-15.564852 112.948044 0.0437 6.0 24.0
-15.564852 112.948044 0.0438 0.0 25.0
-15.564852 117.79024 0.0438 0.0 25.0
-15.564852 112.948044 0.0439 0.0 25.0
-17.510458 117.382164 0.0439 0.0 25.0
-15.564852 112.948044 0.0440 1.0 25.0
-19.128138 116.22674 0.0440 1.0 25.0
-19.128138 116.22674 0.0441 0.0 26.0
-23.708519 117.797386 0.0441 0.0 26.0
-19.128138 116.22674 0.0442 0.0 26.0
-22.691423 119.50543 0.0442 0.0 26.0
-22.691423 119.50543 0.0443 0.0 27.0
-24.63703 123.93955 0.0443 0.0 27.0
-22.691423 119.50543 0.0444 0.0 27.0
-26.25471 122.78413 0.0444 0.0 27.0
-15.564852 112.948044 0.0445 1.0 25.0
-17.510458 117.382164 0.0445 1.0 25.0
-17.510458 117.382164 0.0446 0.0 26.0
-21.073744 120.66086 0.0446 0.0 26.0
-17.510458 117.382164 0.0447 0.0 26.0
-19.456064 121.816284 0.0447 0.0 26.0
-19.456064 121.816284 0.0448 0.0 27.0
-19.456064 126.65848 0.0448 0.0 27.0
-19.456064 121.816284 0.0449 0.0 27.0
-21.40167 126.250404 0.0449 0.0 27.0
-15.564852 112.948044 0.0450 5.0 25.0
-15.564852 117.79024 0.0450 5.0 25.0
-15.564852 117.79024 0.0451 0.0 26.0
-17.510458 122.22436 0.0451 0.0 26.0
-15.564852 117.79024 0.0452 4.0 26.0
-15.564852 122.63243 0.0452 4.0 26.0
-15.564852 122.63243 0.0453 0.0 27.0
-13.619246 127.06655 0.0453 0.0 27.0
-15.564852 122.63243 0.0454 0.0 27.0
-15.564852 127.474625 0.0454 0.0 27.0
-15.564852 122.63243 0.0455 1.0 27.0
-13.619246 127.06655 0.0455 1.0 27.0
-13.619246 127.06655 0.0456 0.0 28.0
-13.619246 131.90874 0.0456 0.0 28.0
-13.619246 127.06655 0.0457 0.0 28.0
-11.673639 131.50067 0.0457 0.0 28.0
-11.673639 131.50067 0.0458 0.0 29.0
-8.110353 134.77936 0.0458 0.0 29.0
-11.673639 131.50067 0.0459 0.0 29.0
-9.728033 135.9348 0.0459 0.0 29.0
-15.564852 122.63243 0.0460 3.0 27.0
-15.564852 127.474625 0.0460 3.0 27.0
-15.564852 127.474625 0.0461 0.0 28.0
-17.510458 131.90875 0.0461 0.0 28.0
-15.564852 127.474625 0.0462 2.0 28.0
-15.564852 132.31682 0.0462 2.0 28.0
-15.564852 132.31682 0.0463 0.0 29.0
-13.619246 136.75095 0.0463 0.0 29.0
-15.564852 132.31682 0.0464 0.0 29.0
-15.564852 137.15901 0.0464 0.0 29.0
-15.564852 132.31682 0.0465 1.0 29.0
-17.510458 136.75095 0.0465 1.0 29.0
-17.510458 136.75095 0.0466 0.0 30.0
-21.073744 140.02963 0.0466 0.0 30.0
-17.510458 136.75095 0.0467 0.0 30.0
-19.456064 141.18507 0.0467 0.0 30.0
-19.456064 141.18507 0.0468 0.0 31.0
-19.456064 146.02727 0.0468 0.0 31.0
-19.456064 141.18507 0.0469 0.0 31.0
-21.40167 145.6192 0.0469 0.0 31.0
-15.564852 132.31682 0.0470 1.0 29.0
-15.564852 137.15901 0.0470 1.0 29.0
-15.564852 137.15901 0.0471 0.0 30.0
-17.510458 141.59314 0.0471 0.0 30.0
-15.564852 137.15901 0.0472 0.0 30.0
-15.564852 142.0012 0.0472 0.0 30.0
-15.564852 142.0012 0.0473 0.0 31.0
-13.619246 146.43533 0.0473 0.0 31.0
-15.564852 142.0012 0.0474 0.0 31.0
-15.564852 146.8434 0.0474 0.0 31.0
-15.564852 112.948044 0.0475 5.0 25.0
-17.510458 117.382164 0.0475 5.0 25.0
-17.510458 117.382164 0.0476 0.0 26.0
-21.073744 120.66086 0.0476 0.0 26.0
-17.510458 117.382164 0.0477 4.0 26.0
-19.456064 121.816284 0.0477 4.0 26.0
-19.456064 121.816284 0.0478 0.0 27.0
-19.456064 126.65848 0.0478 0.0 27.0
-19.456064 121.816284 0.0479 0.0 27.0
-21.40167 126.250404 0.0479 0.0 27.0
-19.456064 121.816284 0.0480 1.0 27.0
-19.456064 126.65848 0.0480 1.0 27.0
-19.456064 126.65848 0.0481 0.0 28.0
-21.40167 131.0926 0.0481 0.0 28.0
-19.456064 126.65848 0.0482 0.0 28.0
-19.456064 131.50067 0.0482 0.0 28.0
-19.456064 131.50067 0.0483 0.0 29.0
-17.510458 135.9348 0.0483 0.0 29.0
-19.456064 131.50067 0.0484 0.0 29.0
-19.456064 136.34286 0.0484 0.0 29.0
-19.456064 121.816284 0.0485 3.0 27.0
-21.40167 126.250404 0.0485 3.0 27.0
-21.40167 126.250404 0.0486 0.0 28.0
-24.964956 129.5291 0.0486 0.0 28.0
-21.40167 126.250404 0.0487 2.0 28.0
-23.347277 130.68452 0.0487 2.0 28.0
-23.347277 130.68452 0.0488 0.0 29.0
-23.347277 135.52672 0.0488 0.0 29.0
-23.347277 130.68452 0.0489 0.0 29.0
-25.292883 135.11865 0.0489 0.0 29.0
-23.347277 130.68452 0.0490 1.0 29.0
-26.910563 133.96321 0.0490 1.0 29.0
-26.910563 133.96321 0.0491 0.0 30.0
-31.490944 135.53386 0.0491 0.0 30.0
-26.910563 133.96321 0.0492 0.0 30.0
-30.473848 137.2419 0.0492 0.0 30.0
-30.473848 137.2419 0.0493 0.0 31.0
-32.419456 141.67603 0.0493 0.0 31.0
-30.473848 137.2419 0.0494 0.0 31.0
-34.037136 140.52058 0.0494 0.0 31.0
-23.347277 130.68452 0.0495 1.0 29.0
-25.292883 135.11865 0.0495 1.0 29.0
-25.292883 135.11865 0.0496 0.0 30.0
-28.856169 138.39734 0.0496 0.0 30.0
-25.292883 135.11865 0.0497 0.0 30.0
-27.23849 139.55278 0.0497 0.0 30.0
-27.23849 139.55278 0.0498 0.0 31.0
-27.23849 144.39497 0.0498 0.0 31.0
-27.23849 139.55278 0.0499 0.0 31.0
-29.184095 143.98691 0.0499 0.0 31.0
0.0 77.47508 0.0500 13.0 17.0
0.0 82.317276 0.0500 13.0 17.0
0.0 82.317276 0.0501 0.0 18.0
-1.9456067 86.751396 0.0501 0.0 18.0
0.0 82.317276 0.0502 12.0 18.0
0.0 87.15947 0.0502 12.0 18.0
0.0 87.15947 0.0503 0.0 19.0
1.9456067 91.59359 0.0503 0.0 19.0
0.0 87.15947 0.0504 0.0 19.0
0.0 92.00166 0.0504 0.0 19.0
0.0 87.15947 0.0505 1.0 19.0
1.9456067 91.59359 0.0505 1.0 19.0
1.9456067 91.59359 0.0506 0.0 20.0
1.9456067 96.43578 0.0506 0.0 20.0
1.9456067 91.59359 0.0507 0.0 20.0
3.8912134 96.02771 0.0507 0.0 20.0
3.8912134 96.02771 0.0508 0.0 21.0
7.4544992 99.306404 0.0508 0.0 21.0
3.8912134 96.02771 0.0509 0.0 21.0
5.83682 100.46183 0.0509 0.0 21.0
0.0 87.15947 0.0510 11.0 19.0
0.0 92.00166 0.0510 11.0 19.0
0.0 92.00166 0.0511 0.0 20.0
-1.9456067 96.43578 0.0511 0.0 20.0
0.0 92.00166 0.0512 10.0 20.0
0.0 96.84386 0.0512 10.0 20.0
0.0 96.84386 0.0513 0.0 21.0
1.9456067 101.27798 0.0513 0.0 21.0
0.0 96.84386 0.0514 0.0 21.0
0.0 101.68605 0.0514 0.0 21.0
0.0 96.84386 0.0515 1.0 21.0
-1.9456067 101.27798 0.0515 1.0 21.0
-1.9456067 101.27798 0.0516 0.0 22.0
-5.508893 104.55667 0.0516 0.0 22.0
-1.9456067 101.27798 0.0517 0.0 22.0
-3.8912134 105.7121 0.0517 0.0 22.0
-3.8912134 105.7121 0.0518 0.0 23.0
-3.8912134 110.55429 0.0518 0.0 23.0
-3.8912134 105.7121 0.0519 0.0 23.0
-5.83682 110.14622 0.0519 0.0 23.0
0.0 96.84386 0.0520 1.0 21.0
0.0 101.68605 0.0520 1.0 21.0
0.0 101.68605 0.0521 0.0 22.0
-1.9456067 106.12017 0.0521 0.0 22.0
0.0 101.68605 0.0522 0.0 22.0
0.0 106.528244 0.0522 0.0 22.0
0.0 106.528244 0.0523 0.0 23.0
1.9456067 110.962364 0.0523 0.0 23.0
0.0 106.528244 0.0524 0.0 23.0
0.0 111.37044 0.0524 0.0 23.0
0.0 96.84386 0.0525 5.0 21.0
-1.9456067 101.27798 0.0525 5.0 21.0
-1.9456067 101.27798 0.0526 0.0 22.0
-5.508893 104.55667 0.0526 0.0 22.0
-1.9456067 101.27798 0.0527 4.0 22.0
-3.8912134 105.7121 0.0527 4.0 22.0
-3.8912134 105.7121 0.0528 0.0 23.0
-3.8912134 110.55429 0.0528 0.0 23.0
-3.8912134 105.7121 0.0529 0.0 23.0
-5.83682 110.14622 0.0529 0.0 23.0
-3.8912134 105.7121 0.0530 1.0 23.0
-3.8912134 110.55429 0.0530 1.0 23.0
-3.8912134 110.55429 0.0531 0.0 24.0
-5.83682 114.98841 0.0531 0.0 24.0
-3.8912134 110.55429 0.0532 0.0 24.0
-3.8912134 115.396484 0.0532 0.0 24.0
-3.8912134 115.396484 0.0533 0.0 25.0
-1.9456067 119.830605 0.0533 0.0 25.0
-3.8912134 115.396484 0.0534 0.0 25.0
-3.8912134 120.23868 0.0534 0.0 25.0
-3.8912134 105.7121 0.0535 3.0 23.0
-5.83682 110.14622 0.0535 3.0 23.0
-5.83682 110.14622 0.0536 0.0 24.0
-9.400106 113.42491 0.0536 0.0 24.0
-5.83682 110.14622 0.0537 2.0 24.0
-7.782427 114.58034 0.0537 2.0 24.0
-7.782427 114.58034 0.0538 0.0 25.0
-7.782427 119.42253 0.0538 0.0 25.0
-7.782427 114.58034 0.0539 0.0 25.0
-9.728033 119.01446 0.0539 0.0 25.0
-7.782427 114.58034 0.0540 1.0 25.0
-11.345713 117.85903 0.0540 1.0 25.0
-11.345713 117.85903 0.0541 0.0 26.0
-15.926094 119.42968 0.0541 0.0 26.0
-11.345713 117.85903 0.0542 0.0 26.0
-14.9089985 121.137726 0.0542 0.0 26.0
-14.9089985 121.137726 0.0543 0.0 27.0
-16.854605 125.571846 0.0543 0.0 27.0
-14.9089985 121.137726 0.0544 0.0 27.0
-18.472284 124.41642 0.0544 0.0 27.0
-7.782427 114.58034 0.0545 1.0 25.0
-9.728033 119.01446 0.0545 1.0 25.0
-9.728033 119.01446 0.0546 0.0 26.0
-13.291319 122.29315 0.0546 0.0 26.0
-9.728033 119.01446 0.0547 0.0 26.0
-11.673639 123.44858 0.0547 0.0 26.0
-11.673639 123.44858 0.0548 0.0 27.0
-11.673639 128.29077 0.0548 0.0 27.0
-11.673639 123.44858 0.0549 0.0 27.0
-13.619246 127.8827 0.0549 0.0 27.0
0.0 96.84386 0.0550 9.0 21.0
0.0 101.68605 0.0550 9.0 21.0
0.0 101.68605 0.0551 0.0 22.0
-1.9456067 106.12017 0.0551 0.0 22.0
0.0 101.68605 0.0552 8.0 22.0
0.0 106.528244 0.0552 8.0 22.0
0.0 106.528244 0.0553 0.0 23.0
1.9456067 110.962364 0.0553 0.0 23.0
0.0 106.528244 0.0554 0.0 23.0
0.0 111.37044 0.0554 0.0 23.0
0.0 106.528244 0.0555 1.0 23.0
1.9456067 110.962364 0.0555 1.0 23.0
1.9456067 110.962364 0.0556 0.0 24.0
1.9456067 115.80456 0.0556 0.0 24.0
1.9456067 110.962364 0.0557 0.0 24.0
3.8912134 115.396484 0.0557 0.0 24.0
3.8912134 115.396484 0.0558 0.0 25.0
7.4544992 118.67518 0.0558 0.0 25.0
3.8912134 115.396484 0.0559 0.0 25.0
5.83682 119.830605 0.0559 0.0 25.0
0.0 106.528244 0.0560 7.0 23.0
0.0 111.37044 0.0560 7.0 23.0
0.0 111.37044 0.0561 0.0 24.0
-1.9456067 115.80456 0.0561 0.0 24.0
0.0 111.37044 0.0562 6.0 24.0
0.0 116.21263 0.0562 6.0 24.0
0.0 116.21263 0.0563 0.0 25.0
1.9456067 120.64675 0.0563 0.0 25.0
0.0 116.21263 0.0564 0.0 25.0
0.0 121.054825 0.0564 0.0 25.0
0.0 116.21263 0.0565 1.0 25.0
-1.9456067 120.64675 0.0565 1.0 25.0
-1.9456067 120.64675 0.0566 0.0 26.0
-5.508893 123.925446 0.0566 0.0 26.0
-1.9456067 120.64675 0.0567 0.0 26.0
-3.8912134 125.08087 0.0567 0.0 26.0
-3.8912134 125.08087 0.0568 0.0 27.0
-3.8912134 129.92307 0.0568 0.0 27.0
-3.8912134 125.08087 0.0569 0.0 27.0
-5.83682 129.515 0.0569 0.0 27.0
0.0 116.21263 0.0570 1.0 25.0
0.0 121.054825 0.0570 1.0 25.0
0.0 121.054825 0.0571 0.0 26.0
-1.9456067 125.488945 0.0571 0.0 26.0
0.0 121.054825 0.0572 0.0 26.0
0.0 125.89702 0.0572 0.0 26.0
0.0 125.89702 0.0573 0.0 27.0
1.9456067 130.33115 0.0573 0.0 27.0
0.0 125.89702 0.0574 0.0 27.0
0.0 130.73921 0.0574 0.0 27.0
0.0 116.21263 0.0575 5.0 25.0
1.9456067 120.64675 0.0575 5.0 25.0
1.9456067 120.64675 0.0576 0.0 26.0
1.9456067 125.488945 0.0576 0.0 26.0
1.9456067 120.64675 0.0577 4.0 26.0
3.8912134 125.08087 0.0577 4.0 26.0
3.8912134 125.08087 0.0578 0.0 27.0
7.4544992 128.35956 0.0578 0.0 27.0
3.8912134 125.08087 0.0579 0.0 27.0
5.83682 129.515 0.0579 0.0 27.0
3.8912134 125.08087 0.0580 1.0 27.0
7.4544992 128.35956 0.0580 1.0 27.0
7.4544992 128.35956 0.0581 0.0 28.0
9.400106 132.79369 0.0581 0.0 28.0
7.4544992 128.35956 0.0582 0.0 28.0
11.017785 131.63824 0.0582 0.0 28.0
11.017785 131.63824 0.0583 0.0 29.0
15.598166 133.2089 0.0583 0.0 29.0
11.017785 131.63824 0.0584 0.0 29.0
14.581071 134.91693 0.0584 0.0 29.0
3.8912134 125.08087 0.0585 3.0 27.0
5.83682 129.515 0.0585 3.0 27.0
5.83682 129.515 0.0586 0.0 28.0
5.83682 134.3572 0.0586 0.0 28.0
5.83682 129.515 0.0587 2.0 28.0
7.782427 133.94913 0.0587 2.0 28.0
7.782427 133.94913 0.0588 0.0 29.0
11.345713 137.22781 0.0588 0.0 29.0
7.782427 133.94913 0.0589 0.0 29.0
9.728033 138.38326 0.0589 0.0 29.0
7.782427 133.94913 0.0590 1.0 29.0
7.782427 138.79132 0.0590 1.0 29.0
7.782427 138.79132 0.0591 0.0 30.0
5.83682 143.22545 0.0591 0.0 30.0
7.782427 138.79132 0.0592 0.0 30.0
7.782427 143.63351 0.0592 0.0 30.0
7.782427 143.63351 0.0593 0.0 31.0
9.728033 148.06764 0.0593 0.0 31.0
7.782427 143.63351 0.0594 0.0 31.0
7.782427 148.47571 0.0594 0.0 31.0
7.782427 133.94913 0.0595 1.0 29.0
9.728033 138.38326 0.0595 1.0 29.0
9.728033 138.38326 0.0596 0.0 30.0
9.728033 143.22545 0.0596 0.0 30.0
9.728033 138.38326 0.0597 0.0 30.0
11.673639 142.81738 0.0597 0.0 30.0
11.673639 142.81738 0.0598 0.0 31.0
15.236925 146.09607 0.0598 0.0 31.0
11.673639 142.81738 0.0599 0.0 31.0
13.619246 147.25151 0.0599 0.0 31.0
0.0 116.21263 0.0600 5.0 25.0
0.0 121.054825 0.0600 5.0 25.0
0.0 121.054825 0.0601 0.0 26.0
-1.9456067 125.488945 0.0601 0.0 26.0
0.0 121.054825 0.0602 4.0 26.0
0.0 125.89702 0.0602 4.0 26.0
0.0 125.89702 0.0603 0.0 27.0
1.9456067 130.33115 0.0603 0.0 27.0
0.0 125.89702 0.0604 0.0 27.0
0.0 130.73921 0.0604 0.0 27.0
0.0 125.89702 0.0605 1.0 27.0
1.9456067 130.33115 0.0605 1.0 27.0
1.9456067 130.33115 0.0606 0.0 28.0
1.9456067 135.17334 0.0606 0.0 28.0
1.9456067 130.33115 0.0607 0.0 28.0
3.8912134 134.76527 0.0607 0.0 28.0
3.8912134 134.76527 0.0608 0.0 29.0
7.4544992 138.04396 0.0608 0.0 29.0
3.8912134 134.76527 0.0609 0.0 29.0
5.83682 139.1994 0.0609 0.0 29.0
0.0 125.89702 0.0610 3.0 27.0
0.0 130.73921 0.0610 3.0 27.0
0.0 130.73921 0.0611 0.0 28.0
-1.9456067 135.17334 0.0611 0.0 28.0
0.0 130.73921 0.0612 2.0 28.0
0.0 135.5814 0.0612 2.0 28.0
0.0 135.5814 0.0613 0.0 29.0
1.9456067 140.01553 0.0613 0.0 29.0
0.0 135.5814 0.0614 0.0 29.0
0.0 140.4236 0.0614 0.0 29.0
0.0 135.5814 0.0615 1.0 29.0
-1.9456067 140.01553 0.0615 1.0 29.0
-1.9456067 140.01553 0.0616 0.0 30.0
-5.508893 143.29422 0.0616 0.0 30.0
-1.9456067 140.01553 0.0617 0.0 30.0
-3.8912134 144.44966 0.0617 0.0 30.0
-3.8912134 144.44966 0.0618 0.0 31.0
-3.8912134 149.29185 0.0618 0.0 31.0
-3.8912134 144.44966 0.0619 0.0 31.0
-5.83682 148.88379 0.0619 0.0 31.0
0.0 135.5814 0.0620 1.0 29.0
0.0 140.4236 0.0620 1.0 29.0
0.0 140.4236 0.0621 0.0 30.0
-1.9456067 144.85773 0.0621 0.0 30.0
0.0 140.4236 0.0622 0.0 30.0
0.0 145.2658 0.0622 0.0 30.0
0.0 145.2658 0.0623 0.0 31.0
1.9456067 149.69992 0.0623 0.0 31.0
0.0 145.2658 0.0624 0.0 31.0
0.0 150.10799 0.0624 0.0 31.0
