0.0 0.0 0.00 60.0 1.0
0.0 3.566535 0.00 60.0 1.0
0.0 3.566535 0.01 59.0 2.0
0.0 7.13307 0.01 59.0 2.0
0.0 7.13307 0.02 58.0 3.0
0.0 10.699605 0.02 58.0 3.0
0.0 10.699605 0.03 57.0 4.0
0.0 14.26614 0.03 57.0 4.0
0.0 14.26614 0.04 56.0 5.0
0.0 17.832676 0.04 56.0 5.0
0.0 17.832676 0.05 55.0 6.0
0.0 21.399212 0.05 55.0 6.0
0.0 21.399212 0.06 54.0 7.0
0.0 24.965748 0.06 54.0 7.0
0.0 24.965748 0.07 53.0 8.0
0.0 28.532284 0.07 53.0 8.0
0.0 28.532284 0.08 52.0 9.0
0.0 32.09882 0.08 52.0 9.0
0.0 32.09882 0.09 51.0 10.0
0.0 35.665356 0.09 51.0 10.0
0.0 35.665356 0.010 50.0 11.0
0.0 39.23189 0.010 50.0 11.0
0.0 39.23189 0.011 49.0 12.0
0.0 42.798428 0.011 49.0 12.0
0.0 42.798428 0.012 48.0 13.0
0.0 46.364964 0.012 48.0 13.0
0.0 46.364964 0.013 47.0 14.0
0.0 49.9315 0.013 47.0 14.0
0.0 49.9315 0.014 46.0 15.0
0.0 53.498035 0.014 46.0 15.0
0.0 53.498035 0.015 45.0 16.0
0.0 57.06457 0.015 45.0 16.0
0.0 57.06457 0.016 28.0 17.0
-2.1417072 59.91646 0.016 28.0 17.0
-2.1417072 59.91646 0.017 27.0 18.0
-4.2834144 62.768345 0.017 27.0 18.0
-4.2834144 62.768345 0.018 26.0 19.0
-6.4251213 65.62023 0.018 26.0 19.0
-6.4251213 65.62023 0.019 25.0 20.0
-8.566829 68.47212 0.019 25.0 20.0
-8.566829 68.47212 0.020 24.0 21.0
-10.708536 71.32401 0.020 24.0 21.0
-10.708536 71.32401 0.021 23.0 22.0
-12.850244 74.1759 0.021 23.0 22.0
-12.850244 74.1759 0.022 22.0 23.0
-14.991951 77.027794 0.022 22.0 23.0
-14.991951 77.027794 0.023 21.0 24.0
-17.133657 79.879684 0.023 21.0 24.0
-17.133657 79.879684 0.024 12.0 25.0
-20.558779 80.87402 0.024 12.0 25.0
-20.558779 80.87402 0.025 11.0 26.0
-23.9839 81.86836 0.025 11.0 26.0
-23.9839 81.86836 0.026 10.0 27.0
-27.409021 82.8627 0.026 10.0 27.0
-27.409021 82.8627 0.027 9.0 28.0
-30.834143 83.85704 0.027 9.0 28.0
-30.834143 83.85704 0.028 4.0 29.0
-34.170055 82.59535 0.028 4.0 29.0
-34.170055 82.59535 0.029 3.0 30.0
-37.505966 81.333664 0.029 3.0 30.0
-37.505966 81.333664 0.030 0.0 31.0
-39.4158 78.32157 0.030 0.0 31.0
-39.4158 78.32157 0.031 0.0 32.0
-41.32563 75.30948 0.031 0.0 32.0
-37.505966 81.333664 0.032 2.0 31.0
-40.84188 80.071976 0.032 2.0 31.0
-40.84188 80.071976 0.033 1.0 32.0
-44.177795 78.81029 0.033 1.0 32.0
-44.177795 78.81029 0.034 0.0 33.0
-47.602917 79.80463 0.034 0.0 33.0
-47.602917 79.80463 0.035 0.0 34.0
-51.028038 80.798965 0.035 0.0 34.0
-44.177795 78.81029 0.036 0.0 33.0
-46.087627 75.798195 0.036 0.0 33.0
-46.087627 75.798195 0.037 0.0 34.0
-47.99746 72.7861 0.037 0.0 34.0
-30.834143 83.85704 0.038 8.0 29.0
-34.259266 84.85138 0.038 8.0 29.0
-34.259266 84.85138 0.039 7.0 30.0
-37.684387 85.84572 0.039 7.0 30.0
-37.684387 85.84572 0.040 6.0 31.0
-41.10951 86.84006 0.040 6.0 31.0
-41.10951 86.84006 0.041 5.0 32.0
-44.53463 87.8344 0.041 5.0 32.0
-44.53463 87.8344 0.042 4.0 33.0
-46.67634 90.68629 0.042 4.0 33.0
-46.67634 90.68629 0.043 3.0 34.0
-48.818047 93.53818 0.043 3.0 34.0
-48.818047 93.53818 0.044 0.0 35.0
-52.243168 94.53252 0.044 0.0 35.0
-52.243168 94.53252 0.045 0.0 36.0
-55.66829 95.526855 0.045 0.0 36.0
-48.818047 93.53818 0.046 2.0 35.0
-50.959755 96.39007 0.046 2.0 35.0
-50.959755 96.39007 0.047 1.0 36.0
-53.101463 99.24196 0.047 1.0 36.0
-53.101463 99.24196 0.048 0.0 37.0
-53.101463 102.808495 0.048 0.0 37.0
-53.101463 102.808495 0.049 0.0 38.0
-53.101463 106.37503 0.049 0.0 38.0
-53.101463 99.24196 0.050 0.0 37.0
-56.526585 100.2363 0.050 0.0 37.0
-56.526585 100.2363 0.051 0.0 38.0
-59.951706 101.23064 0.051 0.0 38.0
-44.53463 87.8344 0.052 4.0 33.0
-47.870544 86.57271 0.052 4.0 33.0
-47.870544 86.57271 0.053 3.0 34.0
-51.20646 85.31102 0.053 3.0 34.0
-51.20646 85.31102 0.054 0.0 35.0
-53.11629 82.29893 0.054 0.0 35.0
-53.11629 82.29893 0.055 0.0 36.0
-55.026123 79.286835 0.055 0.0 36.0
-51.20646 85.31102 0.056 2.0 35.0
-54.542374 84.04933 0.056 2.0 35.0
-54.542374 84.04933 0.057 1.0 36.0
-57.87829 82.78764 0.057 1.0 36.0
-57.87829 82.78764 0.058 0.0 37.0
-61.30341 83.78198 0.058 0.0 37.0
-61.30341 83.78198 0.059 0.0 38.0
-64.72853 84.77632 0.059 0.0 38.0
-57.87829 82.78764 0.060 0.0 37.0
-59.78812 79.77555 0.060 0.0 37.0
-59.78812 79.77555 0.061 0.0 38.0
-61.697952 76.76346 0.061 0.0 38.0
-17.133657 79.879684 0.062 20.0 25.0
-19.275364 82.731575 0.062 20.0 25.0
-19.275364 82.731575 0.063 19.0 26.0
-21.41707 85.583466 0.063 19.0 26.0
-21.41707 85.583466 0.064 18.0 27.0
-23.558777 88.435356 0.064 18.0 27.0
-23.558777 88.435356 0.065 17.0 28.0
-25.700483 91.28725 0.065 17.0 28.0
-25.700483 91.28725 0.066 16.0 29.0
-27.84219 94.13914 0.066 16.0 29.0
-27.84219 94.13914 0.067 15.0 30.0
-29.983896 96.99103 0.067 15.0 30.0
-29.983896 96.99103 0.068 14.0 31.0
-32.125603 99.84292 0.068 14.0 31.0
-32.125603 99.84292 0.069 13.0 32.0
-34.26731 102.69481 0.069 13.0 32.0
-34.26731 102.69481 0.070 12.0 33.0
-34.26731 106.261345 0.070 12.0 33.0
-34.26731 106.261345 0.071 11.0 34.0
-34.26731 109.82788 0.071 11.0 34.0
-34.26731 109.82788 0.072 10.0 35.0
-34.26731 113.39442 0.072 10.0 35.0
-34.26731 113.39442 0.073 9.0 36.0
-34.26731 116.96095 0.073 9.0 36.0
-34.26731 116.96095 0.074 4.0 37.0
-36.40902 119.81284 0.074 4.0 37.0
-36.40902 119.81284 0.075 3.0 38.0
-38.550728 122.664734 0.075 3.0 38.0
-38.550728 122.664734 0.076 0.0 39.0
-41.97585 123.65907 0.076 0.0 39.0
-41.97585 123.65907 0.077 0.0 40.0
-45.40097 124.65341 0.077 0.0 40.0
-38.550728 122.664734 0.078 2.0 39.0
-40.692436 125.516624 0.078 2.0 39.0
-40.692436 125.516624 0.079 1.0 40.0
-42.834145 128.36852 0.079 1.0 40.0
-42.834145 128.36852 0.080 0.0 41.0
-42.834145 131.93504 0.080 0.0 41.0
-42.834145 131.93504 0.081 0.0 42.0
-42.834145 135.50157 0.081 0.0 42.0
-42.834145 128.36852 0.082 0.0 41.0
-46.259266 129.36285 0.082 0.0 41.0
-46.259266 129.36285 0.083 0.0 42.0
-49.684387 130.3572 0.083 0.0 42.0
-34.26731 116.96095 0.084 8.0 37.0
-34.26731 120.52749 0.084 8.0 37.0
-34.26731 120.52749 0.085 7.0 38.0
-34.26731 124.094025 0.085 7.0 38.0
-34.26731 124.094025 0.086 6.0 39.0
-34.26731 127.66056 0.086 6.0 39.0
-34.26731 127.66056 0.087 5.0 40.0
-34.26731 131.2271 0.087 5.0 40.0
-34.26731 131.2271 0.088 4.0 41.0
-32.125603 134.07898 0.088 4.0 41.0
-32.125603 134.07898 0.089 3.0 42.0
-29.983896 136.93086 0.089 3.0 42.0
-29.983896 136.93086 0.090 0.0 43.0
-29.983896 140.49739 0.090 0.0 43.0
-29.983896 140.49739 0.091 0.0 44.0
-29.983896 144.06392 0.091 0.0 44.0
-29.983896 136.93086 0.092 2.0 43.0
-27.84219 139.78275 0.092 2.0 43.0
-27.84219 139.78275 0.093 1.0 44.0
-25.700483 142.63463 0.093 1.0 44.0
-25.700483 142.63463 0.094 0.0 45.0
-22.275362 143.62897 0.094 0.0 45.0
-22.275362 143.62897 0.095 0.0 46.0
-18.85024 144.6233 0.095 0.0 46.0
-25.700483 142.63463 0.096 0.0 45.0
-25.700483 146.20116 0.096 0.0 45.0
-25.700483 146.20116 0.097 0.0 46.0
-25.700483 149.76768 0.097 0.0 46.0
-34.26731 131.2271 0.098 4.0 41.0
-36.40902 134.07898 0.098 4.0 41.0
-36.40902 134.07898 0.099 3.0 42.0
-38.550728 136.93086 0.099 3.0 42.0
-38.550728 136.93086 0.0100 0.0 43.0
-41.97585 137.9252 0.0100 0.0 43.0
-41.97585 137.9252 0.0101 0.0 44.0
-45.40097 138.91954 0.0101 0.0 44.0
-38.550728 136.93086 0.0102 2.0 43.0
-40.692436 139.78275 0.0102 2.0 43.0
-40.692436 139.78275 0.0103 1.0 44.0
-42.834145 142.63463 0.0103 1.0 44.0
-42.834145 142.63463 0.0104 0.0 45.0
-42.834145 146.20116 0.0104 0.0 45.0
-42.834145 146.20116 0.0105 0.0 46.0
-42.834145 149.76768 0.0105 0.0 46.0
-42.834145 142.63463 0.0106 0.0 45.0
-46.259266 143.62897 0.0106 0.0 45.0
-46.259266 143.62897 0.0107 0.0 46.0
-49.684387 144.6233 0.0107 0.0 46.0
-34.26731 102.69481 0.0108 12.0 33.0
-37.692432 103.68915 0.0108 12.0 33.0
-37.692432 103.68915 0.0109 11.0 34.0
-41.117554 104.68349 0.0109 11.0 34.0
-41.117554 104.68349 0.0110 10.0 35.0
-44.542675 105.677826 0.0110 10.0 35.0
-44.542675 105.677826 0.0111 9.0 36.0
-47.967796 106.672165 0.0111 9.0 36.0
-47.967796 106.672165 0.0112 4.0 37.0
-51.30371 105.41048 0.0112 4.0 37.0
-51.30371 105.41048 0.0113 3.0 38.0
-54.639626 104.14879 0.0113 3.0 38.0
-54.639626 104.14879 0.0114 0.0 39.0
-56.549458 101.136696 0.0114 0.0 39.0
-56.549458 101.136696 0.0115 0.0 40.0
-58.45929 98.1246 0.0115 0.0 40.0
-54.639626 104.14879 0.0116 2.0 39.0
-57.97554 102.8871 0.0116 2.0 39.0
-57.97554 102.8871 0.0117 1.0 40.0
-61.311455 101.62541 0.0117 1.0 40.0
-61.311455 101.62541 0.0118 0.0 41.0
-64.73657 102.61975 0.0118 0.0 41.0
-64.73657 102.61975 0.0119 0.0 42.0
-68.1617 103.61409 0.0119 0.0 42.0
-61.311455 101.62541 0.0120 0.0 41.0
-63.221287 98.61332 0.0120 0.0 41.0
-63.221287 98.61332 0.0121 0.0 42.0
-65.13112 95.60123 0.0121 0.0 42.0
-47.967796 106.672165 0.0122 8.0 37.0
-51.392918 107.666504 0.0122 8.0 37.0
-51.392918 107.666504 0.0123 7.0 38.0
-54.81804 108.66084 0.0123 7.0 38.0
-54.81804 108.66084 0.0124 6.0 39.0
-58.24316 109.65518 0.0124 6.0 39.0
-58.24316 109.65518 0.0125 5.0 40.0
-61.66828 110.64952 0.0125 5.0 40.0
-61.66828 110.64952 0.0126 4.0 41.0
-63.80999 113.50141 0.0126 4.0 41.0
-63.80999 113.50141 0.0127 3.0 42.0
-65.9517 116.3533 0.0127 3.0 42.0
-65.9517 116.3533 0.0128 0.0 43.0
-69.37682 117.34764 0.0128 0.0 43.0
-69.37682 117.34764 0.0129 0.0 44.0
-72.80195 118.34198 0.0129 0.0 44.0
-65.9517 116.3533 0.0130 2.0 43.0
-68.09341 119.20519 0.0130 2.0 43.0
-68.09341 119.20519 0.0131 1.0 44.0
-70.235115 122.05708 0.0131 1.0 44.0
-70.235115 122.05708 0.0132 0.0 45.0
-70.235115 125.62362 0.0132 0.0 45.0
-70.235115 125.62362 0.0133 0.0 46.0
-70.235115 129.19016 0.0133 0.0 46.0
-70.235115 122.05708 0.0134 0.0 45.0
-73.66024 123.05142 0.0134 0.0 45.0
-73.66024 123.05142 0.0135 0.0 46.0
-77.085365 124.04576 0.0135 0.0 46.0
-61.66828 110.64952 0.0136 4.0 41.0
-65.004196 109.38783 0.0136 4.0 41.0
-65.004196 109.38783 0.0137 3.0 42.0
-68.34011 108.126144 0.0137 3.0 42.0
-68.34011 108.126144 0.0138 0.0 43.0
-70.24994 105.11405 0.0138 0.0 43.0
-70.24994 105.11405 0.0139 0.0 44.0
-72.15977 102.10196 0.0139 0.0 44.0
-68.34011 108.126144 0.0140 2.0 43.0
-71.676025 106.864456 0.0140 2.0 43.0
-71.676025 106.864456 0.0141 1.0 44.0
-75.01194 105.60277 0.0141 1.0 44.0
-75.01194 105.60277 0.0142 0.0 45.0
-78.43706 106.59711 0.0142 0.0 45.0
-78.43706 106.59711 0.0143 0.0 46.0
-81.86218 107.591446 0.0143 0.0 46.0
-75.01194 105.60277 0.0144 0.0 45.0
-76.92177 102.590675 0.0144 0.0 45.0
-76.92177 102.590675 0.0145 0.0 46.0
-78.8316 99.57858 0.0145 0.0 46.0
0.0 57.06457 0.0146 44.0 17.0
0.0 60.631107 0.0146 44.0 17.0
0.0 60.631107 0.0147 43.0 18.0
0.0 64.19764 0.0147 43.0 18.0
0.0 64.19764 0.0148 42.0 19.0
0.0 67.764175 0.0148 42.0 19.0
0.0 67.764175 0.0149 41.0 20.0
0.0 71.33071 0.0149 41.0 20.0
0.0 71.33071 0.0150 40.0 21.0
0.0 74.89725 0.0150 40.0 21.0
0.0 74.89725 0.0151 39.0 22.0
0.0 78.46378 0.0151 39.0 22.0
0.0 78.46378 0.0152 38.0 23.0
0.0 82.03032 0.0152 38.0 23.0
0.0 82.03032 0.0153 37.0 24.0
0.0 85.596855 0.0153 37.0 24.0
0.0 85.596855 0.0154 36.0 25.0
0.0 89.16339 0.0154 36.0 25.0
0.0 89.16339 0.0155 35.0 26.0
0.0 92.72993 0.0155 35.0 26.0
0.0 92.72993 0.0156 34.0 27.0
0.0 96.29646 0.0156 34.0 27.0
0.0 96.29646 0.0157 33.0 28.0
0.0 99.863 0.0157 33.0 28.0
0.0 99.863 0.0158 32.0 29.0
0.0 103.429535 0.0158 32.0 29.0
0.0 103.429535 0.0159 31.0 30.0
0.0 106.99607 0.0159 31.0 30.0
0.0 106.99607 0.0160 30.0 31.0
0.0 110.56261 0.0160 30.0 31.0
0.0 110.56261 0.0161 29.0 32.0
0.0 114.12914 0.0161 29.0 32.0
0.0 114.12914 0.0162 28.0 33.0
2.1417072 116.98103 0.0162 28.0 33.0
2.1417072 116.98103 0.0163 27.0 34.0
4.2834144 119.832924 0.0163 27.0 34.0
4.2834144 119.832924 0.0164 26.0 35.0
6.4251213 122.684814 0.0164 26.0 35.0
6.4251213 122.684814 0.0165 25.0 36.0
8.566829 125.536705 0.0165 25.0 36.0
8.566829 125.536705 0.0166 24.0 37.0
10.708536 128.3886 0.0166 24.0 37.0
10.708536 128.3886 0.0167 23.0 38.0
12.850244 131.24048 0.0167 23.0 38.0
12.850244 131.24048 0.0168 22.0 39.0
14.991951 134.09236 0.0168 22.0 39.0
14.991951 134.09236 0.0169 21.0 40.0
17.133657 136.94424 0.0169 21.0 40.0
17.133657 136.94424 0.0170 12.0 41.0
17.133657 140.51077 0.0170 12.0 41.0
17.133657 140.51077 0.0171 11.0 42.0
17.133657 144.0773 0.0171 11.0 42.0
17.133657 144.0773 0.0172 10.0 43.0
17.133657 147.64383 0.0172 10.0 43.0
17.133657 147.64383 0.0173 9.0 44.0
17.133657 151.21036 0.0173 9.0 44.0
17.133657 151.21036 0.0174 4.0 45.0
14.99195 154.06224 0.0174 4.0 45.0
14.99195 154.06224 0.0175 3.0 46.0
12.850243 156.91412 0.0175 3.0 46.0
12.850243 156.91412 0.0176 0.0 47.0
9.425121 157.90846 0.0176 0.0 47.0
9.425121 157.90846 0.0177 0.0 48.0
6.0 158.9028 0.0177 0.0 48.0
12.850243 156.91412 0.0178 2.0 47.0
10.708535 159.766 0.0178 2.0 47.0
10.708535 159.766 0.0179 1.0 48.0
8.566828 162.61789 0.0179 1.0 48.0
8.566828 162.61789 0.0180 0.0 49.0
8.566828 166.18442 0.0180 0.0 49.0
8.566828 166.18442 0.0181 0.0 50.0
8.566828 169.75095 0.0181 0.0 50.0
8.566828 162.61789 0.0182 0.0 49.0
5.1417065 163.61223 0.0182 0.0 49.0
5.1417065 163.61223 0.0183 0.0 50.0
1.7165849 164.60657 0.0183 0.0 50.0
17.133657 151.21036 0.0184 8.0 45.0
17.133657 154.77689 0.0184 8.0 45.0
17.133657 154.77689 0.0185 7.0 46.0
17.133657 158.34341 0.0185 7.0 46.0
17.133657 158.34341 0.0186 6.0 47.0
17.133657 161.90994 0.0186 6.0 47.0
17.133657 161.90994 0.0187 5.0 48.0
17.133657 165.47647 0.0187 5.0 48.0
17.133657 165.47647 0.0188 4.0 49.0
19.275364 168.32835 0.0188 4.0 49.0
19.275364 168.32835 0.0189 3.0 50.0
21.41707 171.18024 0.0189 3.0 50.0
21.41707 171.18024 0.0190 0.0 51.0
21.41707 174.74677 0.0190 0.0 51.0
21.41707 174.74677 0.0191 0.0 52.0
21.41707 178.3133 0.0191 0.0 52.0
21.41707 171.18024 0.0192 2.0 51.0
23.558777 174.03212 0.0192 2.0 51.0
23.558777 174.03212 0.0193 1.0 52.0
25.700483 176.884 0.0193 1.0 52.0
25.700483 176.884 0.0194 0.0 53.0
29.125605 177.87834 0.0194 0.0 53.0
29.125605 177.87834 0.0195 0.0 54.0
32.550728 178.87268 0.0195 0.0 54.0
25.700483 176.884 0.0196 0.0 53.0
25.700483 180.45053 0.0196 0.0 53.0
25.700483 180.45053 0.0197 0.0 54.0
25.700483 184.01706 0.0197 0.0 54.0
17.133657 165.47647 0.0198 4.0 49.0
14.99195 168.32835 0.0198 4.0 49.0
14.99195 168.32835 0.0199 3.0 50.0
12.850243 171.18024 0.0199 3.0 50.0
12.850243 171.18024 0.0200 0.0 51.0
9.425121 172.17458 0.0200 0.0 51.0
9.425121 172.17458 0.0201 0.0 52.0
6.0 173.16891 0.0201 0.0 52.0
12.850243 171.18024 0.0202 2.0 51.0
10.708535 174.03212 0.0202 2.0 51.0
10.708535 174.03212 0.0203 1.0 52.0
8.566828 176.884 0.0203 1.0 52.0
8.566828 176.884 0.0204 0.0 53.0
8.566828 180.45053 0.0204 0.0 53.0
8.566828 180.45053 0.0205 0.0 54.0
8.566828 184.01706 0.0205 0.0 54.0
8.566828 176.884 0.0206 0.0 53.0
5.1417065 177.87834 0.0206 0.0 53.0
5.1417065 177.87834 0.0207 0.0 54.0
1.7165849 178.87268 0.0207 0.0 54.0
17.133657 136.94424 0.0208 20.0 41.0
19.275364 139.79613 0.0208 20.0 41.0
19.275364 139.79613 0.0209 19.0 42.0
21.41707 142.64801 0.0209 19.0 42.0
21.41707 142.64801 0.0210 18.0 43.0
23.558777 145.4999 0.0210 18.0 43.0
23.558777 145.4999 0.0211 17.0 44.0
25.700483 148.35178 0.0211 17.0 44.0
25.700483 148.35178 0.0212 16.0 45.0
27.84219 151.20366 0.0212 16.0 45.0
27.84219 151.20366 0.0213 15.0 46.0
29.983896 154.05554 0.0213 15.0 46.0
29.983896 154.05554 0.0214 14.0 47.0
32.125603 156.90742 0.0214 14.0 47.0
32.125603 156.90742 0.0215 13.0 48.0
34.26731 159.75931 0.0215 13.0 48.0
34.26731 159.75931 0.0216 12.0 49.0
37.692432 160.75365 0.0216 12.0 49.0
37.692432 160.75365 0.0217 11.0 50.0
41.117554 161.74799 0.0217 11.0 50.0
41.117554 161.74799 0.0218 10.0 51.0
44.542675 162.74232 0.0218 10.0 51.0
44.542675 162.74232 0.0219 9.0 52.0
47.967796 163.73666 0.0219 9.0 52.0
47.967796 163.73666 0.0220 4.0 53.0
50.109505 166.58855 0.0220 4.0 53.0
50.109505 166.58855 0.0221 3.0 54.0
52.251213 169.44043 0.0221 3.0 54.0
52.251213 169.44043 0.0222 0.0 55.0
52.251213 173.00696 0.0222 0.0 55.0
52.251213 173.00696 0.0223 0.0 56.0
52.251213 176.57349 0.0223 0.0 56.0
52.251213 169.44043 0.0224 2.0 55.0
54.39292 172.29231 0.0224 2.0 55.0
54.39292 172.29231 0.0225 1.0 56.0
56.53463 175.1442 0.0225 1.0 56.0
56.53463 175.1442 0.0226 0.0 57.0
59.95975 176.13853 0.0226 0.0 57.0
59.95975 176.13853 0.0227 0.0 58.0
63.384872 177.13287 0.0227 0.0 58.0
56.53463 175.1442 0.0228 0.0 57.0
56.53463 178.71072 0.0228 0.0 57.0
56.53463 178.71072 0.0229 0.0 58.0
56.53463 182.27725 0.0229 0.0 58.0
47.967796 163.73666 0.0230 8.0 53.0
51.392918 164.731 0.0230 8.0 53.0
51.392918 164.731 0.0231 7.0 54.0
54.81804 165.72534 0.0231 7.0 54.0
54.81804 165.72534 0.0232 6.0 55.0
58.24316 166.71968 0.0232 6.0 55.0
58.24316 166.71968 0.0233 5.0 56.0
61.66828 167.71402 0.0233 5.0 56.0
61.66828 167.71402 0.0234 4.0 57.0
65.004196 166.45233 0.0234 4.0 57.0
65.004196 166.45233 0.0235 3.0 58.0
68.34011 165.19064 0.0235 3.0 58.0
68.34011 165.19064 0.0236 0.0 59.0
71.76523 166.18498 0.0236 0.0 59.0
71.76523 166.18498 0.0237 0.0 60.0
75.19035 167.17932 0.0237 0.0 60.0
68.34011 165.19064 0.0238 2.0 59.0
71.676025 163.92896 0.0238 2.0 59.0
71.676025 163.92896 0.0239 1.0 60.0
75.01194 162.66727 0.0239 1.0 60.0
75.01194 162.66727 0.0240 0.0 61.0
76.92177 159.65517 0.0240 0.0 61.0
76.92177 159.65517 0.0241 0.0 62.0
78.8316 156.64307 0.0241 0.0 62.0
75.01194 162.66727 0.0242 0.0 61.0
78.43706 163.6616 0.0242 0.0 61.0
78.43706 163.6616 0.0243 0.0 62.0
81.86218 164.65594 0.0243 0.0 62.0
61.66828 167.71402 0.0244 4.0 57.0
63.80999 170.5659 0.0244 4.0 57.0
63.80999 170.5659 0.0245 3.0 58.0
65.9517 173.41779 0.0245 3.0 58.0
65.9517 173.41779 0.0246 0.0 59.0
65.9517 176.98431 0.0246 0.0 59.0
65.9517 176.98431 0.0247 0.0 60.0
65.9517 180.55084 0.0247 0.0 60.0
65.9517 173.41779 0.0248 2.0 59.0
68.09341 176.26967 0.0248 2.0 59.0
68.09341 176.26967 0.0249 1.0 60.0
70.235115 179.12155 0.0249 1.0 60.0
70.235115 179.12155 0.0250 0.0 61.0
73.66024 180.11589 0.0250 0.0 61.0
73.66024 180.11589 0.0251 0.0 62.0
77.085365 181.11023 0.0251 0.0 62.0
70.235115 179.12155 0.0252 0.0 61.0
70.235115 182.68808 0.0252 0.0 61.0
70.235115 182.68808 0.0253 0.0 62.0
70.235115 186.25461 0.0253 0.0 62.0
34.26731 159.75931 0.0254 12.0 49.0
34.26731 163.32584 0.0254 12.0 49.0
34.26731 163.32584 0.0255 11.0 50.0
34.26731 166.89236 0.0255 11.0 50.0
34.26731 166.89236 0.0256 10.0 51.0
34.26731 170.4589 0.0256 10.0 51.0
34.26731 170.4589 0.0257 9.0 52.0
34.26731 174.02542 0.0257 9.0 52.0
34.26731 174.02542 0.0258 4.0 53.0
32.125603 176.8773 0.0258 4.0 53.0
32.125603 176.8773 0.0259 3.0 54.0
29.983896 179.72919 0.0259 3.0 54.0
29.983896 179.72919 0.0260 0.0 55.0
26.558775 180.72353 0.0260 0.0 55.0
26.558775 180.72353 0.0261 0.0 56.0
23.133654 181.71786 0.0261 0.0 56.0
29.983896 179.72919 0.0262 2.0 55.0
27.84219 182.58107 0.0262 2.0 55.0
27.84219 182.58107 0.0263 1.0 56.0
25.700483 185.43295 0.0263 1.0 56.0
25.700483 185.43295 0.0264 0.0 57.0
25.700483 188.99948 0.0264 0.0 57.0
25.700483 188.99948 0.0265 0.0 58.0
25.700483 192.56601 0.0265 0.0 58.0
25.700483 185.43295 0.0266 0.0 57.0
22.275362 186.42729 0.0266 0.0 57.0
22.275362 186.42729 0.0267 0.0 58.0
18.85024 187.42163 0.0267 0.0 58.0
34.26731 174.02542 0.0268 8.0 53.0
34.26731 177.59195 0.0268 8.0 53.0
34.26731 177.59195 0.0269 7.0 54.0
34.26731 181.15848 0.0269 7.0 54.0
34.26731 181.15848 0.0270 6.0 55.0
34.26731 184.725 0.0270 6.0 55.0
34.26731 184.725 0.0271 5.0 56.0
34.26731 188.29153 0.0271 5.0 56.0
34.26731 188.29153 0.0272 4.0 57.0
36.40902 191.14342 0.0272 4.0 57.0
36.40902 191.14342 0.0273 3.0 58.0
38.550728 193.9953 0.0273 3.0 58.0
38.550728 193.9953 0.0274 0.0 59.0
38.550728 197.56183 0.0274 0.0 59.0
38.550728 197.56183 0.0275 0.0 60.0
38.550728 201.12836 0.0275 0.0 60.0
38.550728 193.9953 0.0276 2.0 59.0
40.692436 196.84718 0.0276 2.0 59.0
40.692436 196.84718 0.0277 1.0 60.0
42.834145 199.69907 0.0277 1.0 60.0
42.834145 199.69907 0.0278 0.0 61.0
46.259266 200.6934 0.0278 0.0 61.0
46.259266 200.6934 0.0279 0.0 62.0
49.684387 201.68774 0.0279 0.0 62.0
42.834145 199.69907 0.0280 0.0 61.0
42.834145 203.2656 0.0280 0.0 61.0
42.834145 203.2656 0.0281 0.0 62.0
42.834145 206.83212 0.0281 0.0 62.0
34.26731 188.29153 0.0282 4.0 57.0
32.125603 191.14342 0.0282 4.0 57.0
32.125603 191.14342 0.0283 3.0 58.0
29.983896 193.9953 0.0283 3.0 58.0
29.983896 193.9953 0.0284 0.0 59.0
26.558775 194.98964 0.0284 0.0 59.0
26.558775 194.98964 0.0285 0.0 60.0
23.133654 195.98398 0.0285 0.0 60.0
29.983896 193.9953 0.0286 2.0 59.0
27.84219 196.84718 0.0286 2.0 59.0
27.84219 196.84718 0.0287 1.0 60.0
25.700483 199.69907 0.0287 1.0 60.0
25.700483 199.69907 0.0288 0.0 61.0
25.700483 203.2656 0.0288 0.0 61.0
25.700483 203.2656 0.0289 0.0 62.0
25.700483 206.83212 0.0289 0.0 62.0
25.700483 199.69907 0.0290 0.0 61.0
22.275362 200.6934 0.0290 0.0 61.0
22.275362 200.6934 0.0291 0.0 62.0
18.85024 201.68774 0.0291 0.0 62.0
0.0 114.12914 0.0292 28.0 33.0
-2.1417072 116.98103 0.0292 28.0 33.0
-2.1417072 116.98103 0.0293 27.0 34.0
-4.2834144 119.832924 0.0293 27.0 34.0
-4.2834144 119.832924 0.0294 26.0 35.0
-6.4251213 122.684814 0.0294 26.0 35.0
-6.4251213 122.684814 0.0295 25.0 36.0
-8.566829 125.536705 0.0295 25.0 36.0
-8.566829 125.536705 0.0296 24.0 37.0
-10.708536 128.3886 0.0296 24.0 37.0
-10.708536 128.3886 0.0297 23.0 38.0
-12.850244 131.24048 0.0297 23.0 38.0
-12.850244 131.24048 0.0298 22.0 39.0
-14.991951 134.09236 0.0298 22.0 39.0
-14.991951 134.09236 0.0299 21.0 40.0
-17.133657 136.94424 0.0299 21.0 40.0
-17.133657 136.94424 0.0300 12.0 41.0
-20.558779 137.93858 0.0300 12.0 41.0
-20.558779 137.93858 0.0301 11.0 42.0
-23.9839 138.93292 0.0301 11.0 42.0
-23.9839 138.93292 0.0302 10.0 43.0
-27.409021 139.92726 0.0302 10.0 43.0
-27.409021 139.92726 0.0303 9.0 44.0
-30.834143 140.9216 0.0303 9.0 44.0
-30.834143 140.9216 0.0304 4.0 45.0
-34.170055 139.65991 0.0304 4.0 45.0
-34.170055 139.65991 0.0305 3.0 46.0
-37.505966 138.39822 0.0305 3.0 46.0
-37.505966 138.39822 0.0306 0.0 47.0
-39.4158 135.38612 0.0306 0.0 47.0
-39.4158 135.38612 0.0307 0.0 48.0
-41.32563 132.37402 0.0307 0.0 48.0
-37.505966 138.39822 0.0308 2.0 47.0
-40.84188 137.13654 0.0308 2.0 47.0
-40.84188 137.13654 0.0309 1.0 48.0
-44.177795 135.87485 0.0309 1.0 48.0
-44.177795 135.87485 0.0310 0.0 49.0
-47.602917 136.86919 0.0310 0.0 49.0
-47.602917 136.86919 0.0311 0.0 50.0
-51.028038 137.86353 0.0311 0.0 50.0
-44.177795 135.87485 0.0312 0.0 49.0
-46.087627 132.86275 0.0312 0.0 49.0
-46.087627 132.86275 0.0313 0.0 50.0
-47.99746 129.85065 0.0313 0.0 50.0
-30.834143 140.9216 0.0314 8.0 45.0
-34.259266 141.91594 0.0314 8.0 45.0
-34.259266 141.91594 0.0315 7.0 46.0
-37.684387 142.91028 0.0315 7.0 46.0
-37.684387 142.91028 0.0316 6.0 47.0
-41.10951 143.90462 0.0316 6.0 47.0
-41.10951 143.90462 0.0317 5.0 48.0
-44.53463 144.89896 0.0317 5.0 48.0
-44.53463 144.89896 0.0318 4.0 49.0
-46.67634 147.75084 0.0318 4.0 49.0
-46.67634 147.75084 0.0319 3.0 50.0
-48.818047 150.60272 0.0319 3.0 50.0
-48.818047 150.60272 0.0320 0.0 51.0
-52.243168 151.59706 0.0320 0.0 51.0
-52.243168 151.59706 0.0321 0.0 52.0
-55.66829 152.5914 0.0321 0.0 52.0
-48.818047 150.60272 0.0322 2.0 51.0
-50.959755 153.4546 0.0322 2.0 51.0
-50.959755 153.4546 0.0323 1.0 52.0
-53.101463 156.30649 0.0323 1.0 52.0
-53.101463 156.30649 0.0324 0.0 53.0
-53.101463 159.87302 0.0324 0.0 53.0
-53.101463 159.87302 0.0325 0.0 54.0
-53.101463 163.43954 0.0325 0.0 54.0
-53.101463 156.30649 0.0326 0.0 53.0
-56.526585 157.30083 0.0326 0.0 53.0
-56.526585 157.30083 0.0327 0.0 54.0
-59.951706 158.29517 0.0327 0.0 54.0
-44.53463 144.89896 0.0328 4.0 49.0
-47.870544 143.63727 0.0328 4.0 49.0
-47.870544 143.63727 0.0329 3.0 50.0
-51.20646 142.37558 0.0329 3.0 50.0
-51.20646 142.37558 0.0330 0.0 51.0
-53.11629 139.36348 0.0330 0.0 51.0
-53.11629 139.36348 0.0331 0.0 52.0
-55.026123 136.35138 0.0331 0.0 52.0
-51.20646 142.37558 0.0332 2.0 51.0
-54.542374 141.11389 0.0332 2.0 51.0
-54.542374 141.11389 0.0333 1.0 52.0
-57.87829 139.8522 0.0333 1.0 52.0
-57.87829 139.8522 0.0334 0.0 53.0
-61.30341 140.84654 0.0334 0.0 53.0
-61.30341 140.84654 0.0335 0.0 54.0
-64.72853 141.84088 0.0335 0.0 54.0
-57.87829 139.8522 0.0336 0.0 53.0
-59.78812 136.8401 0.0336 0.0 53.0
-59.78812 136.8401 0.0337 0.0 54.0
-61.697952 133.828 0.0337 0.0 54.0
-17.133657 136.94424 0.0338 20.0 41.0
-19.275364 139.79613 0.0338 20.0 41.0
-19.275364 139.79613 0.0339 19.0 42.0
-21.41707 142.64801 0.0339 19.0 42.0
-21.41707 142.64801 0.0340 18.0 43.0
-23.558777 145.4999 0.0340 18.0 43.0
-23.558777 145.4999 0.0341 17.0 44.0
-25.700483 148.35178 0.0341 17.0 44.0
-25.700483 148.35178 0.0342 16.0 45.0
-27.84219 151.20366 0.0342 16.0 45.0
-27.84219 151.20366 0.0343 15.0 46.0
-29.983896 154.05554 0.0343 15.0 46.0
-29.983896 154.05554 0.0344 14.0 47.0
-32.125603 156.90742 0.0344 14.0 47.0
-32.125603 156.90742 0.0345 13.0 48.0
-34.26731 159.75931 0.0345 13.0 48.0
-34.26731 159.75931 0.0346 12.0 49.0
-34.26731 163.32584 0.0346 12.0 49.0
-34.26731 163.32584 0.0347 11.0 50.0
-34.26731 166.89236 0.0347 11.0 50.0
-34.26731 166.89236 0.0348 10.0 51.0
-34.26731 170.4589 0.0348 10.0 51.0
-34.26731 170.4589 0.0349 9.0 52.0
-34.26731 174.02542 0.0349 9.0 52.0
-34.26731 174.02542 0.0350 4.0 53.0
-36.40902 176.8773 0.0350 4.0 53.0
-36.40902 176.8773 0.0351 3.0 54.0
-38.550728 179.72919 0.0351 3.0 54.0
-38.550728 179.72919 0.0352 0.0 55.0
-41.97585 180.72353 0.0352 0.0 55.0
-41.97585 180.72353 0.0353 0.0 56.0
-45.40097 181.71786 0.0353 0.0 56.0
-38.550728 179.72919 0.0354 2.0 55.0
-40.692436 182.58107 0.0354 2.0 55.0
-40.692436 182.58107 0.0355 1.0 56.0
-42.834145 185.43295 0.0355 1.0 56.0
-42.834145 185.43295 0.0356 0.0 57.0
-42.834145 188.99948 0.0356 0.0 57.0
-42.834145 188.99948 0.0357 0.0 58.0
-42.834145 192.56601 0.0357 0.0 58.0
-42.834145 185.43295 0.0358 0.0 57.0
-46.259266 186.42729 0.0358 0.0 57.0
-46.259266 186.42729 0.0359 0.0 58.0
-49.684387 187.42163 0.0359 0.0 58.0
-34.26731 174.02542 0.0360 8.0 53.0
-34.26731 177.59195 0.0360 8.0 53.0
-34.26731 177.59195 0.0361 7.0 54.0
-34.26731 181.15848 0.0361 7.0 54.0
-34.26731 181.15848 0.0362 6.0 55.0
-34.26731 184.725 0.0362 6.0 55.0
-34.26731 184.725 0.0363 5.0 56.0
-34.26731 188.29153 0.0363 5.0 56.0
-34.26731 188.29153 0.0364 4.0 57.0
-32.125603 191.14342 0.0364 4.0 57.0
-32.125603 191.14342 0.0365 3.0 58.0
-29.983896 193.9953 0.0365 3.0 58.0
-29.983896 193.9953 0.0366 0.0 59.0
-29.983896 197.56183 0.0366 0.0 59.0
-29.983896 197.56183 0.0367 0.0 60.0
-29.983896 201.12836 0.0367 0.0 60.0
-29.983896 193.9953 0.0368 2.0 59.0
-27.84219 196.84718 0.0368 2.0 59.0
-27.84219 196.84718 0.0369 1.0 60.0
-25.700483 199.69907 0.0369 1.0 60.0
-25.700483 199.69907 0.0370 0.0 61.0
-22.275362 200.6934 0.0370 0.0 61.0
-22.275362 200.6934 0.0371 0.0 62.0
-18.85024 201.68774 0.0371 0.0 62.0
-25.700483 199.69907 0.0372 0.0 61.0
-25.700483 203.2656 0.0372 0.0 61.0
-25.700483 203.2656 0.0373 0.0 62.0
-25.700483 206.83212 0.0373 0.0 62.0
-34.26731 188.29153 0.0374 4.0 57.0
-36.40902 191.14342 0.0374 4.0 57.0
-36.40902 191.14342 0.0375 3.0 58.0
-38.550728 193.9953 0.0375 3.0 58.0
-38.550728 193.9953 0.0376 0.0 59.0
-41.97585 194.98964 0.0376 0.0 59.0
-41.97585 194.98964 0.0377 0.0 60.0
-45.40097 195.98398 0.0377 0.0 60.0
-38.550728 193.9953 0.0378 2.0 59.0
-40.692436 196.84718 0.0378 2.0 59.0
-40.692436 196.84718 0.0379 1.0 60.0
-42.834145 199.69907 0.0379 1.0 60.0
-42.834145 199.69907 0.0380 0.0 61.0
-42.834145 203.2656 0.0380 0.0 61.0
-42.834145 203.2656 0.0381 0.0 62.0
-42.834145 206.83212 0.0381 0.0 62.0
-42.834145 199.69907 0.0382 0.0 61.0
-46.259266 200.6934 0.0382 0.0 61.0
-46.259266 200.6934 0.0383 0.0 62.0
-49.684387 201.68774 0.0383 0.0 62.0
-34.26731 159.75931 0.0384 12.0 49.0
-37.692432 160.75365 0.0384 12.0 49.0
-37.692432 160.75365 0.0385 11.0 50.0
-41.117554 161.74799 0.0385 11.0 50.0
-41.117554 161.74799 0.0386 10.0 51.0
-44.542675 162.74232 0.0386 10.0 51.0
-44.542675 162.74232 0.0387 9.0 52.0
-47.967796 163.73666 0.0387 9.0 52.0
-47.967796 163.73666 0.0388 4.0 53.0
-51.30371 162.47498 0.0388 4.0 53.0
-51.30371 162.47498 0.0389 3.0 54.0
-54.639626 161.21329 0.0389 3.0 54.0
-54.639626 161.21329 0.0390 0.0 55.0
-56.549458 158.20119 0.0390 0.0 55.0
-56.549458 158.20119 0.0391 0.0 56.0
-58.45929 155.18909 0.0391 0.0 56.0
-54.639626 161.21329 0.0392 2.0 55.0
-57.97554 159.9516 0.0392 2.0 55.0
-57.97554 159.9516 0.0393 1.0 56.0
-61.311455 158.68991 0.0393 1.0 56.0
-61.311455 158.68991 0.0394 0.0 57.0
-64.73657 159.68425 0.0394 0.0 57.0
-64.73657 159.68425 0.0395 0.0 58.0
-68.1617 160.67859 0.0395 0.0 58.0
-61.311455 158.68991 0.0396 0.0 57.0
-63.221287 155.67781 0.0396 0.0 57.0
-63.221287 155.67781 0.0397 0.0 58.0
-65.13112 152.66571 0.0397 0.0 58.0
-47.967796 163.73666 0.0398 8.0 53.0
-51.392918 164.731 0.0398 8.0 53.0
-51.392918 164.731 0.0399 7.0 54.0
-54.81804 165.72534 0.0399 7.0 54.0
-54.81804 165.72534 0.0400 6.0 55.0
-58.24316 166.71968 0.0400 6.0 55.0
-58.24316 166.71968 0.0401 5.0 56.0
-61.66828 167.71402 0.0401 5.0 56.0
-61.66828 167.71402 0.0402 4.0 57.0
-63.80999 170.5659 0.0402 4.0 57.0
-63.80999 170.5659 0.0403 3.0 58.0
-65.9517 173.41779 0.0403 3.0 58.0
-65.9517 173.41779 0.0404 0.0 59.0
-69.37682 174.41212 0.0404 0.0 59.0
-69.37682 174.41212 0.0405 0.0 60.0
-72.80195 175.40646 0.0405 0.0 60.0
-65.9517 173.41779 0.0406 2.0 59.0
-68.09341 176.26967 0.0406 2.0 59.0
-68.09341 176.26967 0.0407 1.0 60.0
-70.235115 179.12155 0.0407 1.0 60.0
-70.235115 179.12155 0.0408 0.0 61.0
-70.235115 182.68808 0.0408 0.0 61.0
-70.235115 182.68808 0.0409 0.0 62.0
-70.235115 186.25461 0.0409 0.0 62.0
-70.235115 179.12155 0.0410 0.0 61.0
-73.66024 180.11589 0.0410 0.0 61.0
-73.66024 180.11589 0.0411 0.0 62.0
-77.085365 181.11023 0.0411 0.0 62.0
-61.66828 167.71402 0.0412 4.0 57.0
-65.004196 166.45233 0.0412 4.0 57.0
-65.004196 166.45233 0.0413 3.0 58.0
-68.34011 165.19064 0.0413 3.0 58.0
-68.34011 165.19064 0.0414 0.0 59.0
-70.24994 162.17854 0.0414 0.0 59.0
-70.24994 162.17854 0.0415 0.0 60.0
-72.15977 159.16644 0.0415 0.0 60.0
-68.34011 165.19064 0.0416 2.0 59.0
-71.676025 163.92896 0.0416 2.0 59.0
-71.676025 163.92896 0.0417 1.0 60.0
-75.01194 162.66727 0.0417 1.0 60.0
-75.01194 162.66727 0.0418 0.0 61.0
-78.43706 163.6616 0.0418 0.0 61.0
-78.43706 163.6616 0.0419 0.0 62.0
-81.86218 164.65594 0.0419 0.0 62.0
-75.01194 162.66727 0.0420 0.0 61.0
-76.92177 159.65517 0.0420 0.0 61.0
-76.92177 159.65517 0.0421 0.0 62.0
-78.8316 156.64307 0.0421 0.0 62.0
