0.0 0.0 0.00 11.0 1.0
0.0 1.6562252 0.00 11.0 1.0
0.0 1.6562252 0.01 10.0 2.0
0.0 3.3124504 0.01 10.0 2.0
0.0 3.3124504 0.02 1.0 3.0
0.0 4.9686756 0.02 1.0 3.0
0.0 4.9686756 0.03 0.0 4.0
-1.0450926 6.253535 0.03 0.0 4.0
-1.0450926 6.253535 0.04 0.0 5.0
-2.6666074 6.590835 0.04 0.0 5.0
0.0 3.3124504 0.05 1.0 3.0
-1.4707712 2.5509295 0.05 1.0 3.0
-1.4707712 2.5509295 0.06 0.0 4.0
-3.092286 2.8882296 0.06 0.0 4.0
-3.092286 2.8882296 0.07 0.0 5.0
-4.1373787 4.173089 0.07 0.0 5.0
0.0 3.3124504 0.08 9.0 3.0
-1.6215149 3.6497505 0.08 9.0 3.0
-1.6215149 3.6497505 0.09 8.0 4.0
-3.2430298 3.9870505 0.09 8.0 4.0
-3.2430298 3.9870505 0.010 1.0 5.0
-4.864545 4.3243504 0.010 1.0 5.0
-4.864545 4.3243504 0.011 0.0 6.0
-6.335316 3.5628295 0.011 0.0 6.0
-6.335316 3.5628295 0.012 0.0 7.0
-6.9957786 2.0439906 0.012 0.0 7.0
-3.2430298 3.9870505 0.013 1.0 5.0
-2.7970002 2.3920145 0.013 1.0 5.0
-2.7970002 2.3920145 0.014 0.0 6.0
-3.4574625 0.8731756 0.014 0.0 6.0
-3.4574625 0.8731756 0.015 0.0 7.0
-4.9282336 0.11165476 0.015 0.0 7.0
-3.2430298 3.9870505 0.016 7.0 5.0
-4.864545 4.3243504 0.016 7.0 5.0
-4.864545 4.3243504 0.017 6.0 6.0
-6.4860597 4.66165 0.017 6.0 6.0
-6.4860597 4.66165 0.018 1.0 7.0
-8.107574 4.99895 0.018 1.0 7.0
-8.107574 4.99895 0.019 0.0 8.0
-9.578345 4.237429 0.019 0.0 8.0
-9.578345 4.237429 0.020 0.0 9.0
-10.238808 2.7185903 0.020 0.0 9.0
-6.4860597 4.66165 0.021 1.0 7.0
-6.04003 3.0666142 0.021 1.0 7.0
-6.04003 3.0666142 0.022 0.0 8.0
-6.7004924 1.5477753 0.022 0.0 8.0
-6.7004924 1.5477753 0.023 0.0 9.0
-8.171264 0.7862544 0.023 0.0 9.0
-6.4860597 4.66165 0.024 5.0 7.0
-6.04003 3.0666142 0.024 5.0 7.0
-6.04003 3.0666142 0.025 4.0 8.0
-5.5940003 1.4715782 0.025 4.0 8.0
-5.5940003 1.4715782 0.026 1.0 9.0
-5.14797 -0.12345755 0.026 1.0 9.0
-5.14797 -0.12345755 0.027 0.0 10.0
-3.7954693 -1.0793988 0.027 0.0 10.0
-3.7954693 -1.0793988 0.028 0.0 11.0
-2.1430247 -0.96755505 0.028 0.0 11.0
-5.5940003 1.4715782 0.029 1.0 9.0
-4.3826485 2.6010509 0.029 1.0 9.0
-4.3826485 2.6010509 0.030 0.0 10.0
-2.7302039 2.7128944 0.030 0.0 10.0
-2.7302039 2.7128944 0.031 0.0 11.0
-1.3777031 1.7569532 0.031 0.0 11.0
-5.5940003 1.4715782 0.032 3.0 9.0
-4.3826485 2.6010509 0.032 3.0 9.0
-4.3826485 2.6010509 0.033 2.0 10.0
-3.1712964 3.7305233 0.033 2.0 10.0
-3.1712964 3.7305233 0.034 1.0 11.0
-1.9599442 4.859996 0.034 1.0 11.0
-1.9599442 4.859996 0.035 0.0 12.0
-1.7329136 6.500587 0.035 0.0 12.0
-1.7329136 6.500587 0.036 0.0 13.0
-2.592016 7.916576 0.036 0.0 13.0
-3.1712964 3.7305233 0.037 1.0 11.0
-4.7312684 4.2869124 0.037 1.0 11.0
-4.7312684 4.2869124 0.038 0.0 12.0
-5.5903707 5.7029014 0.038 0.0 12.0
-5.5903707 5.7029014 0.039 0.0 13.0
-5.36334 7.3434925 0.039 0.0 13.0
-3.2430298 3.9870505 0.040 7.0 5.0
-2.7970002 2.3920145 0.040 7.0 5.0
-2.7970002 2.3920145 0.041 6.0 6.0
-2.3509705 0.7969786 0.041 6.0 6.0
-2.3509705 0.7969786 0.042 1.0 7.0
-1.9049404 -0.7980572 0.042 1.0 7.0
-1.9049404 -0.7980572 0.043 0.0 8.0
-0.5524396 -1.7539984 0.043 0.0 8.0
-0.5524396 -1.7539984 0.044 0.0 9.0
1.100005 -1.6421547 0.044 0.0 9.0
-2.3509705 0.7969786 0.045 1.0 7.0
-1.1396184 1.9264511 0.045 1.0 7.0
-1.1396184 1.9264511 0.046 0.0 8.0
0.5128262 2.0382948 0.046 0.0 8.0
0.5128262 2.0382948 0.047 0.0 9.0
1.865327 1.0823536 0.047 0.0 9.0
-2.3509705 0.7969786 0.048 5.0 7.0
-0.9984697 -0.1589626 0.048 5.0 7.0
-0.9984697 -0.1589626 0.049 4.0 8.0
0.3540311 -1.1149038 0.049 4.0 8.0
0.3540311 -1.1149038 0.050 1.0 9.0
1.7065319 -2.0708451 0.050 1.0 9.0
1.7065319 -2.0708451 0.051 0.0 10.0
3.3589764 -1.9590014 0.051 0.0 10.0
3.3589764 -1.9590014 0.052 0.0 11.0
4.5703287 -0.8295289 0.052 0.0 11.0
0.3540311 -1.1149038 0.053 1.0 9.0
0.5810617 0.5256872 0.053 1.0 9.0
0.5810617 0.5256872 0.054 0.0 10.0
1.7924138 1.6551597 0.054 0.0 10.0
1.7924138 1.6551597 0.055 0.0 11.0
3.4448586 1.7670034 0.055 0.0 11.0
0.3540311 -1.1149038 0.056 3.0 9.0
2.0064757 -1.0030601 0.056 3.0 9.0
2.0064757 -1.0030601 0.057 2.0 10.0
3.6589203 -0.8912164 0.057 2.0 10.0
3.6589203 -0.8912164 0.058 1.0 11.0
5.311365 -0.7793727 0.058 1.0 11.0
5.311365 -0.7793727 0.059 0.0 12.0
6.5227175 0.3500998 0.059 0.0 12.0
6.5227175 0.3500998 0.060 0.0 13.0
6.749748 1.9906908 0.060 0.0 13.0
3.6589203 -0.8912164 0.061 1.0 11.0
2.799818 0.52477264 0.061 1.0 11.0
2.799818 0.52477264 0.062 0.0 12.0
3.0268488 2.1653638 0.062 0.0 12.0
3.0268488 2.1653638 0.063 0.0 13.0
4.238201 3.2948363 0.063 0.0 13.0
