0.0 0.0 0.00 11.0 1.0
0.0 1.7752559 0.00 11.0 1.0
0.0 1.7752559 0.01 10.0 2.0
0.0 3.5505118 0.01 10.0 2.0
0.0 3.5505118 0.02 1.0 3.0
0.0 5.3257675 0.02 1.0 3.0
0.0 5.3257675 0.03 0.0 4.0
-0.89177203 6.860784 0.03 0.0 4.0
-0.89177203 6.860784 0.04 0.0 5.0
-2.4339552 7.7401047 0.04 0.0 5.0
0.0 3.5505118 0.05 1.0 3.0
-1.7751979 3.5361452 0.05 1.0 3.0
-1.7751979 3.5361452 0.06 0.0 4.0
-3.3173811 4.4154654 0.06 0.0 4.0
-3.3173811 4.4154654 0.07 0.0 5.0
-4.209153 5.950482 0.07 0.0 5.0
0.0 3.5505118 0.08 9.0 3.0
-1.5421833 4.4298325 0.08 9.0 3.0
-1.5421833 4.4298325 0.09 8.0 4.0
-3.0843666 5.3091526 0.09 8.0 4.0
-3.0843666 5.3091526 0.010 1.0 5.0
-4.6265497 6.1884727 0.010 1.0 5.0
-4.6265497 6.1884727 0.011 0.0 6.0
-6.4017477 6.174106 0.011 0.0 6.0
-6.4017477 6.174106 0.012 0.0 7.0
-7.9294972 5.269941 0.012 0.0 7.0
-3.0843666 5.3091526 0.013 1.0 5.0
-3.9511776 3.759904 0.013 1.0 5.0
-3.9511776 3.759904 0.014 0.0 6.0
-5.478927 2.8557386 0.014 0.0 6.0
-5.478927 2.8557386 0.015 0.0 7.0
-7.254125 2.841372 0.015 0.0 7.0
-3.0843666 5.3091526 0.016 7.0 5.0
-4.612116 4.4049873 0.016 7.0 5.0
-4.612116 4.4049873 0.017 6.0 6.0
-6.1398654 3.500822 0.017 6.0 6.0
-6.1398654 3.500822 0.018 1.0 7.0
-7.667615 2.5966568 0.018 1.0 7.0
-7.667615 2.5966568 0.019 0.0 8.0
-8.534426 1.047408 0.019 0.0 8.0
-8.534426 1.047408 0.020 0.0 9.0
-8.505693 -0.72761536 0.020 0.0 9.0
-6.1398654 3.500822 0.021 1.0 7.0
-5.223366 1.9804398 0.021 1.0 7.0
-5.223366 1.9804398 0.022 0.0 8.0
-5.1946335 0.20541644 0.022 0.0 8.0
-5.1946335 0.20541644 0.023 0.0 9.0
-6.0614448 -1.3438324 0.023 0.0 9.0
-6.1398654 3.500822 0.024 5.0 7.0
-5.223366 1.9804398 0.024 5.0 7.0
-5.223366 1.9804398 0.025 4.0 8.0
-4.3068666 0.4600575 0.025 4.0 8.0
-4.3068666 0.4600575 0.026 1.0 9.0
-3.3903673 -1.0603248 0.026 1.0 9.0
-3.3903673 -1.0603248 0.027 0.0 10.0
-1.8341542 -1.9145699 0.027 0.0 10.0
-1.8341542 -1.9145699 0.028 0.0 11.0
-0.05942142 -1.8714733 0.028 0.0 11.0
-4.3068666 0.4600575 0.029 1.0 9.0
-2.7939515 1.3888316 0.029 1.0 9.0
-2.7939515 1.3888316 0.030 0.0 10.0
-1.0192187 1.4319282 0.030 0.0 10.0
-1.0192187 1.4319282 0.031 0.0 11.0
0.53699434 0.57768303 0.031 0.0 11.0
-4.3068666 0.4600575 0.032 3.0 9.0
-2.7939515 1.3888316 0.032 3.0 9.0
-2.7939515 1.3888316 0.033 2.0 10.0
-1.2810364 2.3176057 0.033 2.0 10.0
-1.2810364 2.3176057 0.034 1.0 11.0
0.23187876 3.2463799 0.034 1.0 11.0
0.23187876 3.2463799 0.035 0.0 12.0
1.0735009 4.809456 0.035 0.0 12.0
1.0735009 4.809456 0.036 0.0 13.0
1.016042 6.5837817 0.036 0.0 13.0
-1.2810364 2.3176057 0.037 1.0 11.0
-2.2220247 3.8229544 0.037 1.0 11.0
-2.2220247 3.8229544 0.038 0.0 12.0
-2.2794836 5.5972805 0.038 0.0 12.0
-2.2794836 5.5972805 0.039 0.0 13.0
-1.4378614 7.1603565 0.039 0.0 13.0
-3.0843666 5.3091526 0.040 7.0 5.0
-2.1678672 3.7887702 0.040 7.0 5.0
-2.1678672 3.7887702 0.041 6.0 6.0
-1.2513678 2.2683878 0.041 6.0 6.0
-1.2513678 2.2683878 0.042 1.0 7.0
-0.33486843 0.7480055 0.042 1.0 7.0
-0.33486843 0.7480055 0.043 0.0 8.0
1.2213446 -0.10623962 0.043 0.0 8.0
1.2213446 -0.10623962 0.044 0.0 9.0
2.9960775 -0.06314303 0.044 0.0 9.0
-1.2513678 2.2683878 0.045 1.0 7.0
0.26154733 3.197162 0.045 1.0 7.0
0.26154733 3.197162 0.046 0.0 8.0
2.0362802 3.2402585 0.046 0.0 8.0
2.0362802 3.2402585 0.047 0.0 9.0
3.592493 2.3860133 0.047 0.0 9.0
-1.2513678 2.2683878 0.048 5.0 7.0
0.3048452 1.4141426 0.048 5.0 7.0
0.3048452 1.4141426 0.049 4.0 8.0
1.8610582 0.5598975 0.049 4.0 8.0
1.8610582 0.5598975 0.050 1.0 9.0
3.4172711 -0.29434764 0.050 1.0 9.0
3.4172711 -0.29434764 0.051 0.0 10.0
5.192004 -0.25125104 0.051 0.0 10.0
5.192004 -0.25125104 0.052 0.0 11.0
6.7049193 0.677523 0.052 0.0 11.0
1.8610582 0.5598975 0.053 1.0 9.0
2.7026803 2.1229732 0.053 1.0 9.0
2.7026803 2.1229732 0.054 0.0 10.0
4.2155952 3.0517473 0.054 0.0 10.0
4.2155952 3.0517473 0.055 0.0 11.0
5.990328 3.0948439 0.055 0.0 11.0
1.8610582 0.5598975 0.056 3.0 9.0
3.635791 0.6029941 0.056 3.0 9.0
3.635791 0.6029941 0.057 2.0 10.0
5.410524 0.6460907 0.057 2.0 10.0
5.410524 0.6460907 0.058 1.0 11.0
7.185257 0.6891873 0.058 1.0 11.0
7.185257 0.6891873 0.059 0.0 12.0
8.698172 1.6179614 0.059 0.0 12.0
8.698172 1.6179614 0.060 0.0 13.0
9.539794 3.1810372 0.060 0.0 13.0
5.410524 0.6460907 0.061 1.0 11.0
5.353065 2.4204166 0.061 1.0 11.0
5.353065 2.4204166 0.062 0.0 12.0
6.194687 3.9834924 0.062 0.0 12.0
6.194687 3.9834924 0.063 0.0 13.0
7.707602 4.9122663 0.063 0.0 13.0
