0.0 0.0 0.00 43.0 1.0
0.0 1.6720681 0.00 43.0 1.0
0.0 1.6720681 0.01 42.0 2.0
0.0 3.3441362 0.01 42.0 2.0
0.0 3.3441362 0.02 41.0 3.0
0.0 5.0162044 0.02 41.0 3.0
0.0 5.0162044 0.03 40.0 4.0
0.0 6.6882725 0.03 40.0 4.0
0.0 6.6882725 0.04 39.0 5.0
0.0 8.36034 0.04 39.0 5.0
0.0 8.36034 0.05 38.0 6.0
0.0 10.032408 0.05 38.0 6.0
0.0 10.032408 0.06 37.0 7.0
0.0 11.704475 0.06 37.0 7.0
0.0 11.704475 0.07 36.0 8.0
0.0 13.376543 0.07 36.0 8.0
0.0 13.376543 0.08 19.0 9.0
0.73857194 14.876651 0.08 19.0 9.0
0.73857194 14.876651 0.09 18.0 10.0
1.4771439 16.376759 0.09 18.0 10.0
1.4771439 16.376759 0.010 17.0 11.0
2.215716 17.876865 0.010 17.0 11.0
2.215716 17.876865 0.011 16.0 12.0
2.9542878 19.376972 0.011 16.0 12.0
2.9542878 19.376972 0.012 7.0 13.0
4.279518 20.396568 0.012 7.0 13.0
4.279518 20.396568 0.013 6.0 14.0
5.6047482 21.416164 0.013 6.0 14.0
5.6047482 21.416164 0.014 1.0 15.0
7.2440553 21.745533 0.014 1.0 15.0
7.2440553 21.745533 0.015 0.0 16.0
8.883363 22.074902 0.015 0.0 16.0
8.883363 22.074902 0.016 0.0 17.0
10.499565 21.646296 0.016 0.0 17.0
5.6047482 21.416164 0.017 1.0 15.0
7.22095 20.987558 0.017 1.0 15.0
7.22095 20.987558 0.018 0.0 16.0
8.8371525 20.558952 0.018 0.0 16.0
8.8371525 20.558952 0.019 0.0 17.0
10.097819 19.460531 0.019 0.0 17.0
5.6047482 21.416164 0.020 5.0 15.0
6.9299784 22.43576 0.020 5.0 15.0
6.9299784 22.43576 0.021 4.0 16.0
8.255209 23.455357 0.021 4.0 16.0
8.255209 23.455357 0.022 3.0 17.0
9.894516 23.784725 0.022 3.0 17.0
9.894516 23.784725 0.023 2.0 18.0
11.533823 24.114094 0.023 2.0 18.0
11.533823 24.114094 0.024 1.0 19.0
13.17313 24.443462 0.024 1.0 19.0
13.17313 24.443462 0.025 0.0 20.0
14.812437 24.772831 0.025 0.0 20.0
14.812437 24.772831 0.026 0.0 21.0
16.428638 24.344225 0.026 0.0 21.0
8.255209 23.455357 0.027 1.0 17.0
9.894516 23.784725 0.027 1.0 17.0
9.894516 23.784725 0.028 0.0 18.0
11.533823 24.114094 0.028 0.0 18.0
11.533823 24.114094 0.029 0.0 19.0
13.150025 23.685488 0.029 0.0 19.0
2.9542878 19.376972 0.030 7.0 13.0
4.593595 19.70634 0.030 7.0 13.0
4.593595 19.70634 0.031 6.0 14.0
6.232902 20.03571 0.031 6.0 14.0
6.232902 20.03571 0.032 1.0 15.0
7.849104 19.607103 0.032 1.0 15.0
7.849104 19.607103 0.033 0.0 16.0
9.465306 19.178497 0.033 0.0 16.0
9.465306 19.178497 0.034 0.0 17.0
10.725973 18.080076 0.034 0.0 17.0
6.232902 20.03571 0.035 1.0 15.0
7.4935694 18.937288 0.035 1.0 15.0
7.4935694 18.937288 0.036 0.0 16.0
8.754236 17.838867 0.036 0.0 16.0
8.754236 17.838867 0.037 0.0 17.0
9.400066 16.296558 0.037 0.0 17.0
6.232902 20.03571 0.038 5.0 15.0
7.872209 20.365078 0.038 5.0 15.0
7.872209 20.365078 0.039 4.0 16.0
9.511517 20.694447 0.039 4.0 16.0
9.511517 20.694447 0.040 3.0 17.0
11.127719 20.26584 0.040 3.0 17.0
11.127719 20.26584 0.041 2.0 18.0
12.743921 19.837234 0.041 2.0 18.0
12.743921 19.837234 0.042 1.0 19.0
14.360124 19.408628 0.042 1.0 19.0
14.360124 19.408628 0.043 0.0 20.0
15.976326 18.980022 0.043 0.0 20.0
15.976326 18.980022 0.044 0.0 21.0
17.236994 17.881601 0.044 0.0 21.0
9.511517 20.694447 0.045 1.0 17.0
11.127719 20.26584 0.045 1.0 17.0
11.127719 20.26584 0.046 0.0 18.0
12.743921 19.837234 0.046 0.0 18.0
12.743921 19.837234 0.047 0.0 19.0
14.004588 18.738813 0.047 0.0 19.0
2.9542878 19.376972 0.048 15.0 13.0
3.6928596 20.877079 0.048 15.0 13.0
3.6928596 20.877079 0.049 14.0 14.0
4.431432 22.377186 0.049 14.0 14.0
4.431432 22.377186 0.050 13.0 15.0
5.170004 23.877293 0.050 13.0 15.0
5.170004 23.877293 0.051 12.0 16.0
5.908576 25.3774 0.051 12.0 16.0
5.908576 25.3774 0.052 11.0 17.0
7.233806 26.396996 0.052 11.0 17.0
7.233806 26.396996 0.053 10.0 18.0
8.559036 27.416592 0.053 10.0 18.0
8.559036 27.416592 0.054 9.0 19.0
9.884266 28.436188 0.054 9.0 19.0
9.884266 28.436188 0.055 8.0 20.0
11.209496 29.455784 0.055 8.0 20.0
11.209496 29.455784 0.056 7.0 21.0
12.534725 30.47538 0.056 7.0 21.0
12.534725 30.47538 0.057 6.0 22.0
13.859955 31.494976 0.057 6.0 22.0
13.859955 31.494976 0.058 1.0 23.0
15.499262 31.824345 0.058 1.0 23.0
15.499262 31.824345 0.059 0.0 24.0
17.138569 32.153713 0.059 0.0 24.0
17.138569 32.153713 0.060 0.0 25.0
18.75477 31.725107 0.060 0.0 25.0
13.859955 31.494976 0.061 1.0 23.0
15.476157 31.06637 0.061 1.0 23.0
15.476157 31.06637 0.062 0.0 24.0
17.09236 30.637764 0.062 0.0 24.0
17.09236 30.637764 0.063 0.0 25.0
18.353027 29.539343 0.063 0.0 25.0
13.859955 31.494976 0.064 5.0 23.0
15.1851845 32.514572 0.064 5.0 23.0
15.1851845 32.514572 0.065 4.0 24.0
16.510414 33.53417 0.065 4.0 24.0
16.510414 33.53417 0.066 3.0 25.0
18.149721 33.863537 0.066 3.0 25.0
18.149721 33.863537 0.067 2.0 26.0
19.789028 34.192905 0.067 2.0 26.0
19.789028 34.192905 0.068 1.0 27.0
21.428335 34.522274 0.068 1.0 27.0
21.428335 34.522274 0.069 0.0 28.0
23.067642 34.851643 0.069 0.0 28.0
23.067642 34.851643 0.070 0.0 29.0
24.683844 34.42304 0.070 0.0 29.0
16.510414 33.53417 0.071 1.0 25.0
18.149721 33.863537 0.071 1.0 25.0
18.149721 33.863537 0.072 0.0 26.0
19.789028 34.192905 0.072 0.0 26.0
19.789028 34.192905 0.073 0.0 27.0
21.40523 33.7643 0.073 0.0 27.0
5.908576 25.3774 0.074 7.0 17.0
7.233806 26.396996 0.074 7.0 17.0
7.233806 26.396996 0.075 6.0 18.0
8.559036 27.416592 0.075 6.0 18.0
8.559036 27.416592 0.076 1.0 19.0
10.198343 27.74596 0.076 1.0 19.0
10.198343 27.74596 0.077 0.0 20.0
11.83765 28.075329 0.077 0.0 20.0
11.83765 28.075329 0.078 0.0 21.0
13.453853 27.646723 0.078 0.0 21.0
8.559036 27.416592 0.079 1.0 19.0
10.175239 26.987986 0.079 1.0 19.0
10.175239 26.987986 0.080 0.0 20.0
11.791441 26.55938 0.080 0.0 20.0
11.791441 26.55938 0.081 0.0 21.0
13.052108 25.460958 0.081 0.0 21.0
8.559036 27.416592 0.082 5.0 19.0
9.884266 28.436188 0.082 5.0 19.0
9.884266 28.436188 0.083 4.0 20.0
11.209496 29.455784 0.083 4.0 20.0
11.209496 29.455784 0.084 3.0 21.0
12.848803 29.785152 0.084 3.0 21.0
12.848803 29.785152 0.085 2.0 22.0
14.48811 30.114521 0.085 2.0 22.0
14.48811 30.114521 0.086 1.0 23.0
16.127417 30.44389 0.086 1.0 23.0
16.127417 30.44389 0.087 0.0 24.0
17.766724 30.773258 0.087 0.0 24.0
17.766724 30.773258 0.088 0.0 25.0
19.382925 30.344652 0.088 0.0 25.0
11.209496 29.455784 0.089 1.0 21.0
12.848803 29.785152 0.089 1.0 21.0
12.848803 29.785152 0.090 0.0 22.0
14.48811 30.114521 0.090 0.0 22.0
14.48811 30.114521 0.091 0.0 23.0
16.104311 29.685915 0.091 0.0 23.0
0.0 13.376543 0.092 19.0 9.0
0.0 15.048611 0.092 19.0 9.0
0.0 15.048611 0.093 18.0 10.0
0.0 16.720678 0.093 18.0 10.0
0.0 16.720678 0.094 17.0 11.0
0.0 18.392746 0.094 17.0 11.0
0.0 18.392746 0.095 16.0 12.0
0.0 20.064814 0.095 16.0 12.0
0.0 20.064814 0.096 7.0 13.0
0.73857194 21.564922 0.096 7.0 13.0
0.73857194 21.564922 0.097 6.0 14.0
1.4771439 23.06503 0.097 6.0 14.0
1.4771439 23.06503 0.098 1.0 15.0
2.802374 24.084625 0.098 1.0 15.0
2.802374 24.084625 0.099 0.0 16.0
4.127604 25.104221 0.099 0.0 16.0
4.127604 25.104221 0.0100 0.0 17.0
5.766911 25.43359 0.0100 0.0 17.0
1.4771439 23.06503 0.0101 1.0 15.0
3.116451 23.394398 0.0101 1.0 15.0
3.116451 23.394398 0.0102 0.0 16.0
4.7557583 23.723766 0.0102 0.0 16.0
4.7557583 23.723766 0.0103 0.0 17.0
6.37196 23.29516 0.0103 0.0 17.0
1.4771439 23.06503 0.0104 5.0 15.0
2.215716 24.565136 0.0104 5.0 15.0
2.215716 24.565136 0.0105 4.0 16.0
2.9542878 26.065243 0.0105 4.0 16.0
2.9542878 26.065243 0.0106 3.0 17.0
4.279518 27.084839 0.0106 3.0 17.0
4.279518 27.084839 0.0107 2.0 18.0
5.6047482 28.104435 0.0107 2.0 18.0
5.6047482 28.104435 0.0108 1.0 19.0
6.9299784 29.124031 0.0108 1.0 19.0
6.9299784 29.124031 0.0109 0.0 20.0
8.255209 30.143627 0.0109 0.0 20.0
8.255209 30.143627 0.0110 0.0 21.0
9.894516 30.472996 0.0110 0.0 21.0
2.9542878 26.065243 0.0111 1.0 17.0
4.279518 27.084839 0.0111 1.0 17.0
4.279518 27.084839 0.0112 0.0 18.0
5.6047482 28.104435 0.0112 0.0 18.0
5.6047482 28.104435 0.0113 0.0 19.0
7.2440553 28.433804 0.0113 0.0 19.0
0.0 20.064814 0.0114 7.0 13.0
1.3252301 21.08441 0.0114 7.0 13.0
1.3252301 21.08441 0.0115 6.0 14.0
2.6504602 22.104006 0.0115 6.0 14.0
2.6504602 22.104006 0.0116 1.0 15.0
4.2897673 22.433374 0.0116 1.0 15.0
4.2897673 22.433374 0.0117 0.0 16.0
5.9290743 22.762743 0.0117 0.0 16.0
5.9290743 22.762743 0.0118 0.0 17.0
7.545276 22.334137 0.0118 0.0 17.0
2.6504602 22.104006 0.0119 1.0 15.0
4.266662 21.6754 0.0119 1.0 15.0
4.266662 21.6754 0.0120 0.0 16.0
5.882864 21.246794 0.0120 0.0 16.0
5.882864 21.246794 0.0121 0.0 17.0
7.143531 20.148373 0.0121 0.0 17.0
2.6504602 22.104006 0.0122 5.0 15.0
3.9756904 23.123602 0.0122 5.0 15.0
3.9756904 23.123602 0.0123 4.0 16.0
5.3009205 24.143198 0.0123 4.0 16.0
5.3009205 24.143198 0.0124 3.0 17.0
6.9402275 24.472567 0.0124 3.0 17.0
6.9402275 24.472567 0.0125 2.0 18.0
8.579535 24.801935 0.0125 2.0 18.0
8.579535 24.801935 0.0126 1.0 19.0
10.218842 25.131304 0.0126 1.0 19.0
10.218842 25.131304 0.0127 0.0 20.0
11.858149 25.460672 0.0127 0.0 20.0
11.858149 25.460672 0.0128 0.0 21.0
13.474351 25.032066 0.0128 0.0 21.0
5.3009205 24.143198 0.0129 1.0 17.0
6.9402275 24.472567 0.0129 1.0 17.0
6.9402275 24.472567 0.0130 0.0 18.0
8.579535 24.801935 0.0130 0.0 18.0
8.579535 24.801935 0.0131 0.0 19.0
10.195737 24.37333 0.0131 0.0 19.0
0.0 20.064814 0.0132 15.0 13.0
0.0 21.736881 0.0132 15.0 13.0
0.0 21.736881 0.0133 14.0 14.0
0.0 23.408949 0.0133 14.0 14.0
0.0 23.408949 0.0134 13.0 15.0
0.0 25.081017 0.0134 13.0 15.0
0.0 25.081017 0.0135 12.0 16.0
0.0 26.753084 0.0135 12.0 16.0
0.0 26.753084 0.0136 11.0 17.0
0.73857194 28.253193 0.0136 11.0 17.0
0.73857194 28.253193 0.0137 10.0 18.0
1.4771439 29.7533 0.0137 10.0 18.0
1.4771439 29.7533 0.0138 9.0 19.0
2.215716 31.253407 0.0138 9.0 19.0
2.215716 31.253407 0.0139 8.0 20.0
2.9542878 32.753513 0.0139 8.0 20.0
2.9542878 32.753513 0.0140 7.0 21.0
3.6928596 34.25362 0.0140 7.0 21.0
3.6928596 34.25362 0.0141 6.0 22.0
4.431432 35.753727 0.0141 6.0 22.0
4.431432 35.753727 0.0142 1.0 23.0
5.756662 36.773323 0.0142 1.0 23.0
5.756662 36.773323 0.0143 0.0 24.0
7.081892 37.79292 0.0143 0.0 24.0
7.081892 37.79292 0.0144 0.0 25.0
8.721199 38.122288 0.0144 0.0 25.0
4.431432 35.753727 0.0145 1.0 23.0
6.070739 36.083096 0.0145 1.0 23.0
6.070739 36.083096 0.0146 0.0 24.0
7.710046 36.412464 0.0146 0.0 24.0
7.710046 36.412464 0.0147 0.0 25.0
9.326248 35.98386 0.0147 0.0 25.0
4.431432 35.753727 0.0148 5.0 23.0
5.170004 37.253834 0.0148 5.0 23.0
5.170004 37.253834 0.0149 4.0 24.0
5.908576 38.75394 0.0149 4.0 24.0
5.908576 38.75394 0.0150 3.0 25.0
7.233806 39.773537 0.0150 3.0 25.0
7.233806 39.773537 0.0151 2.0 26.0
8.559036 40.793133 0.0151 2.0 26.0
8.559036 40.793133 0.0152 1.0 27.0
9.884266 41.81273 0.0152 1.0 27.0
9.884266 41.81273 0.0153 0.0 28.0
11.209496 42.832325 0.0153 0.0 28.0
11.209496 42.832325 0.0154 0.0 29.0
12.848803 43.161694 0.0154 0.0 29.0
5.908576 38.75394 0.0155 1.0 25.0
7.233806 39.773537 0.0155 1.0 25.0
7.233806 39.773537 0.0156 0.0 26.0
8.559036 40.793133 0.0156 0.0 26.0
8.559036 40.793133 0.0157 0.0 27.0
10.198343 41.1225 0.0157 0.0 27.0
0.0 26.753084 0.0158 7.0 17.0
0.73857194 28.253193 0.0158 7.0 17.0
0.73857194 28.253193 0.0159 6.0 18.0
1.4771439 29.7533 0.0159 6.0 18.0
1.4771439 29.7533 0.0160 1.0 19.0
2.802374 30.772896 0.0160 1.0 19.0
2.802374 30.772896 0.0161 0.0 20.0
4.127604 31.792492 0.0161 0.0 20.0
4.127604 31.792492 0.0162 0.0 21.0
5.766911 32.12186 0.0162 0.0 21.0
1.4771439 29.7533 0.0163 1.0 19.0
3.116451 30.082668 0.0163 1.0 19.0
3.116451 30.082668 0.0164 0.0 20.0
4.7557583 30.412037 0.0164 0.0 20.0
4.7557583 30.412037 0.0165 0.0 21.0
6.37196 29.98343 0.0165 0.0 21.0
1.4771439 29.7533 0.0166 5.0 19.0
2.215716 31.253407 0.0166 5.0 19.0
2.215716 31.253407 0.0167 4.0 20.0
2.9542878 32.753513 0.0167 4.0 20.0
2.9542878 32.753513 0.0168 3.0 21.0
4.279518 33.77311 0.0168 3.0 21.0
4.279518 33.77311 0.0169 2.0 22.0
5.6047482 34.792706 0.0169 2.0 22.0
5.6047482 34.792706 0.0170 1.0 23.0
6.9299784 35.8123 0.0170 1.0 23.0
6.9299784 35.8123 0.0171 0.0 24.0
8.255209 36.831898 0.0171 0.0 24.0
8.255209 36.831898 0.0172 0.0 25.0
9.894516 37.161266 0.0172 0.0 25.0
2.9542878 32.753513 0.0173 1.0 21.0
4.279518 33.77311 0.0173 1.0 21.0
4.279518 33.77311 0.0174 0.0 22.0
5.6047482 34.792706 0.0174 0.0 22.0
5.6047482 34.792706 0.0175 0.0 23.0
7.2440553 35.122074 0.0175 0.0 23.0
0.0 13.376543 0.0176 35.0 9.0
0.0 15.048611 0.0176 35.0 9.0
0.0 15.048611 0.0177 34.0 10.0
0.0 16.720678 0.0177 34.0 10.0
0.0 16.720678 0.0178 33.0 11.0
0.0 18.392746 0.0178 33.0 11.0
0.0 18.392746 0.0179 32.0 12.0
0.0 20.064814 0.0179 32.0 12.0
0.0 20.064814 0.0180 31.0 13.0
0.0 21.736881 0.0180 31.0 13.0
0.0 21.736881 0.0181 30.0 14.0
0.0 23.408949 0.0181 30.0 14.0
0.0 23.408949 0.0182 29.0 15.0
0.0 25.081017 0.0182 29.0 15.0
0.0 25.081017 0.0183 28.0 16.0
0.0 26.753084 0.0183 28.0 16.0
0.0 26.753084 0.0184 27.0 17.0
-0.73857194 28.253193 0.0184 27.0 17.0
-0.73857194 28.253193 0.0185 26.0 18.0
-1.4771439 29.7533 0.0185 26.0 18.0
-1.4771439 29.7533 0.0186 25.0 19.0
-2.215716 31.253407 0.0186 25.0 19.0
-2.215716 31.253407 0.0187 24.0 20.0
-2.9542878 32.753513 0.0187 24.0 20.0
-2.9542878 32.753513 0.0188 23.0 21.0
-3.6928596 34.25362 0.0188 23.0 21.0
-3.6928596 34.25362 0.0189 22.0 22.0
-4.431432 35.753727 0.0189 22.0 22.0
-4.431432 35.753727 0.0190 21.0 23.0
-5.170004 37.253834 0.0190 21.0 23.0
-5.170004 37.253834 0.0191 20.0 24.0
-5.908576 38.75394 0.0191 20.0 24.0
-5.908576 38.75394 0.0192 19.0 25.0
-6.647148 40.254047 0.0192 19.0 25.0
-6.647148 40.254047 0.0193 18.0 26.0
-7.3857203 41.754154 0.0193 18.0 26.0
-7.3857203 41.754154 0.0194 17.0 27.0
-8.124292 43.25426 0.0194 17.0 27.0
-8.124292 43.25426 0.0195 16.0 28.0
-8.8628645 44.754368 0.0195 16.0 28.0
-8.8628645 44.754368 0.0196 7.0 29.0
-8.8628645 46.426437 0.0196 7.0 29.0
-8.8628645 46.426437 0.0197 6.0 30.0
-8.8628645 48.098507 0.0197 6.0 30.0
-8.8628645 48.098507 0.0198 1.0 31.0
-8.124292 49.598614 0.0198 1.0 31.0
-8.124292 49.598614 0.0199 0.0 32.0
-7.3857203 51.09872 0.0199 0.0 32.0
-7.3857203 51.09872 0.0200 0.0 33.0
-6.06049 52.118317 0.0200 0.0 33.0
-8.8628645 48.098507 0.0201 1.0 31.0
-7.5376344 49.118103 0.0201 1.0 31.0
-7.5376344 49.118103 0.0202 0.0 32.0
-6.2124043 50.1377 0.0202 0.0 32.0
-6.2124043 50.1377 0.0203 0.0 33.0
-4.573097 50.467068 0.0203 0.0 33.0
-8.8628645 48.098507 0.0204 5.0 31.0
-8.8628645 49.770576 0.0204 5.0 31.0
-8.8628645 49.770576 0.0205 4.0 32.0
-8.8628645 51.442646 0.0205 4.0 32.0
-8.8628645 51.442646 0.0206 3.0 33.0
-8.124292 52.942753 0.0206 3.0 33.0
-8.124292 52.942753 0.0207 2.0 34.0
-7.3857203 54.44286 0.0207 2.0 34.0
-7.3857203 54.44286 0.0208 1.0 35.0
-6.647148 55.942966 0.0208 1.0 35.0
-6.647148 55.942966 0.0209 0.0 36.0
-5.908576 57.443073 0.0209 0.0 36.0
-5.908576 57.443073 0.0210 0.0 37.0
-4.583346 58.46267 0.0210 0.0 37.0
-8.8628645 51.442646 0.0211 1.0 33.0
-8.124292 52.942753 0.0211 1.0 33.0
-8.124292 52.942753 0.0212 0.0 34.0
-7.3857203 54.44286 0.0212 0.0 34.0
-7.3857203 54.44286 0.0213 0.0 35.0
-6.06049 55.462456 0.0213 0.0 35.0
-8.8628645 44.754368 0.0214 7.0 29.0
-8.124292 46.254475 0.0214 7.0 29.0
-8.124292 46.254475 0.0215 6.0 30.0
-7.3857203 47.75458 0.0215 6.0 30.0
-7.3857203 47.75458 0.0216 1.0 31.0
-6.06049 48.774178 0.0216 1.0 31.0
-6.06049 48.774178 0.0217 0.0 32.0
-4.73526 49.793774 0.0217 0.0 32.0
-4.73526 49.793774 0.0218 0.0 33.0
-3.095953 50.123142 0.0218 0.0 33.0
-7.3857203 47.75458 0.0219 1.0 31.0
-5.746413 48.08395 0.0219 1.0 31.0
-5.746413 48.08395 0.0220 0.0 32.0
-4.107106 48.41332 0.0220 0.0 32.0
-4.107106 48.41332 0.0221 0.0 33.0
-2.4909043 47.984715 0.0221 0.0 33.0
-7.3857203 47.75458 0.0222 5.0 31.0
-6.647148 49.25469 0.0222 5.0 31.0
-6.647148 49.25469 0.0223 4.0 32.0
-5.908576 50.754795 0.0223 4.0 32.0
-5.908576 50.754795 0.0224 3.0 33.0
-4.583346 51.77439 0.0224 3.0 33.0
-4.583346 51.77439 0.0225 2.0 34.0
-3.2581158 52.793987 0.0225 2.0 34.0
-3.2581158 52.793987 0.0226 1.0 35.0
-1.9328856 53.813583 0.0226 1.0 35.0
-1.9328856 53.813583 0.0227 0.0 36.0
-0.6076555 54.83318 0.0227 0.0 36.0
-0.6076555 54.83318 0.0228 0.0 37.0
1.0316516 55.162548 0.0228 0.0 37.0
-5.908576 50.754795 0.0229 1.0 33.0
-4.583346 51.77439 0.0229 1.0 33.0
-4.583346 51.77439 0.0230 0.0 34.0
-3.2581158 52.793987 0.0230 0.0 34.0
-3.2581158 52.793987 0.0231 0.0 35.0
-1.6188086 53.123356 0.0231 0.0 35.0
-8.8628645 44.754368 0.0232 15.0 29.0
-9.601437 46.254475 0.0232 15.0 29.0
-9.601437 46.254475 0.0233 14.0 30.0
-10.340009 47.75458 0.0233 14.0 30.0
-10.340009 47.75458 0.0234 13.0 31.0
-11.078581 49.25469 0.0234 13.0 31.0
-11.078581 49.25469 0.0235 12.0 32.0
-11.817153 50.754795 0.0235 12.0 32.0
-11.817153 50.754795 0.0236 11.0 33.0
-11.817153 52.426865 0.0236 11.0 33.0
-11.817153 52.426865 0.0237 10.0 34.0
-11.817153 54.098934 0.0237 10.0 34.0
-11.817153 54.098934 0.0238 9.0 35.0
-11.817153 55.771004 0.0238 9.0 35.0
-11.817153 55.771004 0.0239 8.0 36.0
-11.817153 57.443073 0.0239 8.0 36.0
-11.817153 57.443073 0.0240 7.0 37.0
-11.817153 59.115143 0.0240 7.0 37.0
-11.817153 59.115143 0.0241 6.0 38.0
-11.817153 60.787212 0.0241 6.0 38.0
-11.817153 60.787212 0.0242 1.0 39.0
-11.078581 62.28732 0.0242 1.0 39.0
-11.078581 62.28732 0.0243 0.0 40.0
-10.340009 63.787426 0.0243 0.0 40.0
-10.340009 63.787426 0.0244 0.0 41.0
-9.014778 64.80702 0.0244 0.0 41.0
-11.817153 60.787212 0.0245 1.0 39.0
-10.491922 61.80681 0.0245 1.0 39.0
-10.491922 61.80681 0.0246 0.0 40.0
-9.166693 62.826405 0.0246 0.0 40.0
-9.166693 62.826405 0.0247 0.0 41.0
-7.5273857 63.155773 0.0247 0.0 41.0
-11.817153 60.787212 0.0248 5.0 39.0
-11.817153 62.459282 0.0248 5.0 39.0
-11.817153 62.459282 0.0249 4.0 40.0
-11.817153 64.13135 0.0249 4.0 40.0
-11.817153 64.13135 0.0250 3.0 41.0
-11.078581 65.631454 0.0250 3.0 41.0
-11.078581 65.631454 0.0251 2.0 42.0
-10.340009 67.13156 0.0251 2.0 42.0
-10.340009 67.13156 0.0252 1.0 43.0
-9.601437 68.63167 0.0252 1.0 43.0
-9.601437 68.63167 0.0253 0.0 44.0
-8.8628645 70.131775 0.0253 0.0 44.0
-8.8628645 70.131775 0.0254 0.0 45.0
-7.5376344 71.151375 0.0254 0.0 45.0
-11.817153 64.13135 0.0255 1.0 41.0
-11.078581 65.631454 0.0255 1.0 41.0
-11.078581 65.631454 0.0256 0.0 42.0
-10.340009 67.13156 0.0256 0.0 42.0
-10.340009 67.13156 0.0257 0.0 43.0
-9.014778 68.15116 0.0257 0.0 43.0
-11.817153 50.754795 0.0258 7.0 33.0
-11.817153 52.426865 0.0258 7.0 33.0
-11.817153 52.426865 0.0259 6.0 34.0
-11.817153 54.098934 0.0259 6.0 34.0
-11.817153 54.098934 0.0260 1.0 35.0
-11.078581 55.59904 0.0260 1.0 35.0
-11.078581 55.59904 0.0261 0.0 36.0
-10.340009 57.099148 0.0261 0.0 36.0
-10.340009 57.099148 0.0262 0.0 37.0
-9.014778 58.118744 0.0262 0.0 37.0
-11.817153 54.098934 0.0263 1.0 35.0
-10.491922 55.11853 0.0263 1.0 35.0
-10.491922 55.11853 0.0264 0.0 36.0
-9.166693 56.138126 0.0264 0.0 36.0
-9.166693 56.138126 0.0265 0.0 37.0
-7.5273857 56.467495 0.0265 0.0 37.0
-11.817153 54.098934 0.0266 5.0 35.0
-11.817153 55.771004 0.0266 5.0 35.0
-11.817153 55.771004 0.0267 4.0 36.0
-11.817153 57.443073 0.0267 4.0 36.0
-11.817153 57.443073 0.0268 3.0 37.0
-11.078581 58.94318 0.0268 3.0 37.0
-11.078581 58.94318 0.0269 2.0 38.0
-10.340009 60.443287 0.0269 2.0 38.0
-10.340009 60.443287 0.0270 1.0 39.0
-9.601437 61.943394 0.0270 1.0 39.0
-9.601437 61.943394 0.0271 0.0 40.0
-8.8628645 63.4435 0.0271 0.0 40.0
-8.8628645 63.4435 0.0272 0.0 41.0
-7.5376344 64.4631 0.0272 0.0 41.0
-11.817153 57.443073 0.0273 1.0 37.0
-11.078581 58.94318 0.0273 1.0 37.0
-11.078581 58.94318 0.0274 0.0 38.0
-10.340009 60.443287 0.0274 0.0 38.0
-10.340009 60.443287 0.0275 0.0 39.0
-9.014778 61.462883 0.0275 0.0 39.0
0.0 26.753084 0.0276 19.0 17.0
0.73857194 28.253193 0.0276 19.0 17.0
0.73857194 28.253193 0.0277 18.0 18.0
1.4771439 29.7533 0.0277 18.0 18.0
1.4771439 29.7533 0.0278 17.0 19.0
2.215716 31.253407 0.0278 17.0 19.0
2.215716 31.253407 0.0279 16.0 20.0
2.9542878 32.753513 0.0279 16.0 20.0
2.9542878 32.753513 0.0280 7.0 21.0
4.279518 33.77311 0.0280 7.0 21.0
4.279518 33.77311 0.0281 6.0 22.0
5.6047482 34.792706 0.0281 6.0 22.0
5.6047482 34.792706 0.0282 1.0 23.0
7.2440553 35.122074 0.0282 1.0 23.0
7.2440553 35.122074 0.0283 0.0 24.0
8.883363 35.451443 0.0283 0.0 24.0
8.883363 35.451443 0.0284 0.0 25.0
10.499565 35.02284 0.0284 0.0 25.0
5.6047482 34.792706 0.0285 1.0 23.0
7.22095 34.3641 0.0285 1.0 23.0
7.22095 34.3641 0.0286 0.0 24.0
8.8371525 33.935497 0.0286 0.0 24.0
8.8371525 33.935497 0.0287 0.0 25.0
10.097819 32.837074 0.0287 0.0 25.0
5.6047482 34.792706 0.0288 5.0 23.0
6.9299784 35.8123 0.0288 5.0 23.0
6.9299784 35.8123 0.0289 4.0 24.0
8.255209 36.831898 0.0289 4.0 24.0
8.255209 36.831898 0.0290 3.0 25.0
9.894516 37.161266 0.0290 3.0 25.0
9.894516 37.161266 0.0291 2.0 26.0
11.533823 37.490635 0.0291 2.0 26.0
11.533823 37.490635 0.0292 1.0 27.0
13.17313 37.820004 0.0292 1.0 27.0
13.17313 37.820004 0.0293 0.0 28.0
14.812437 38.149372 0.0293 0.0 28.0
14.812437 38.149372 0.0294 0.0 29.0
16.428638 37.720768 0.0294 0.0 29.0
8.255209 36.831898 0.0295 1.0 25.0
9.894516 37.161266 0.0295 1.0 25.0
9.894516 37.161266 0.0296 0.0 26.0
11.533823 37.490635 0.0296 0.0 26.0
11.533823 37.490635 0.0297 0.0 27.0
13.150025 37.06203 0.0297 0.0 27.0
2.9542878 32.753513 0.0298 7.0 21.0
4.593595 33.082882 0.0298 7.0 21.0
4.593595 33.082882 0.0299 6.0 22.0
6.232902 33.41225 0.0299 6.0 22.0
6.232902 33.41225 0.0300 1.0 23.0
7.849104 32.983646 0.0300 1.0 23.0
7.849104 32.983646 0.0301 0.0 24.0
9.465306 32.555042 0.0301 0.0 24.0
9.465306 32.555042 0.0302 0.0 25.0
10.725973 31.456621 0.0302 0.0 25.0
6.232902 33.41225 0.0303 1.0 23.0
7.4935694 32.313828 0.0303 1.0 23.0
7.4935694 32.313828 0.0304 0.0 24.0
8.754236 31.215406 0.0304 0.0 24.0
8.754236 31.215406 0.0305 0.0 25.0
9.400066 29.673098 0.0305 0.0 25.0
6.232902 33.41225 0.0306 5.0 23.0
7.872209 33.74162 0.0306 5.0 23.0
7.872209 33.74162 0.0307 4.0 24.0
9.511517 34.070988 0.0307 4.0 24.0
9.511517 34.070988 0.0308 3.0 25.0
11.127719 33.642384 0.0308 3.0 25.0
11.127719 33.642384 0.0309 2.0 26.0
12.743921 33.21378 0.0309 2.0 26.0
12.743921 33.21378 0.0310 1.0 27.0
14.360124 32.785175 0.0310 1.0 27.0
14.360124 32.785175 0.0311 0.0 28.0
15.976326 32.35657 0.0311 0.0 28.0
15.976326 32.35657 0.0312 0.0 29.0
17.236994 31.25815 0.0312 0.0 29.0
9.511517 34.070988 0.0313 1.0 25.0
11.127719 33.642384 0.0313 1.0 25.0
11.127719 33.642384 0.0314 0.0 26.0
12.743921 33.21378 0.0314 0.0 26.0
12.743921 33.21378 0.0315 0.0 27.0
14.004588 32.115356 0.0315 0.0 27.0
2.9542878 32.753513 0.0316 15.0 21.0
3.6928596 34.25362 0.0316 15.0 21.0
3.6928596 34.25362 0.0317 14.0 22.0
4.431432 35.753727 0.0317 14.0 22.0
4.431432 35.753727 0.0318 13.0 23.0
5.170004 37.253834 0.0318 13.0 23.0
5.170004 37.253834 0.0319 12.0 24.0
5.908576 38.75394 0.0319 12.0 24.0
5.908576 38.75394 0.0320 11.0 25.0
7.233806 39.773537 0.0320 11.0 25.0
7.233806 39.773537 0.0321 10.0 26.0
8.559036 40.793133 0.0321 10.0 26.0
8.559036 40.793133 0.0322 9.0 27.0
9.884266 41.81273 0.0322 9.0 27.0
9.884266 41.81273 0.0323 8.0 28.0
11.209496 42.832325 0.0323 8.0 28.0
11.209496 42.832325 0.0324 7.0 29.0
12.534725 43.85192 0.0324 7.0 29.0
12.534725 43.85192 0.0325 6.0 30.0
13.859955 44.871517 0.0325 6.0 30.0
13.859955 44.871517 0.0326 1.0 31.0
15.499262 45.200886 0.0326 1.0 31.0
15.499262 45.200886 0.0327 0.0 32.0
17.138569 45.530254 0.0327 0.0 32.0
17.138569 45.530254 0.0328 0.0 33.0
18.75477 45.10165 0.0328 0.0 33.0
13.859955 44.871517 0.0329 1.0 31.0
15.476157 44.442913 0.0329 1.0 31.0
15.476157 44.442913 0.0330 0.0 32.0
17.09236 44.01431 0.0330 0.0 32.0
17.09236 44.01431 0.0331 0.0 33.0
18.353027 42.915886 0.0331 0.0 33.0
13.859955 44.871517 0.0332 5.0 31.0
15.1851845 45.891113 0.0332 5.0 31.0
15.1851845 45.891113 0.0333 4.0 32.0
16.510414 46.91071 0.0333 4.0 32.0
16.510414 46.91071 0.0334 3.0 33.0
18.149721 47.240078 0.0334 3.0 33.0
18.149721 47.240078 0.0335 2.0 34.0
19.789028 47.569447 0.0335 2.0 34.0
19.789028 47.569447 0.0336 1.0 35.0
21.428335 47.898815 0.0336 1.0 35.0
21.428335 47.898815 0.0337 0.0 36.0
23.067642 48.228184 0.0337 0.0 36.0
23.067642 48.228184 0.0338 0.0 37.0
24.683844 47.79958 0.0338 0.0 37.0
16.510414 46.91071 0.0339 1.0 33.0
18.149721 47.240078 0.0339 1.0 33.0
18.149721 47.240078 0.0340 0.0 34.0
19.789028 47.569447 0.0340 0.0 34.0
19.789028 47.569447 0.0341 0.0 35.0
21.40523 47.140842 0.0341 0.0 35.0
5.908576 38.75394 0.0342 7.0 25.0
7.233806 39.773537 0.0342 7.0 25.0
7.233806 39.773537 0.0343 6.0 26.0
8.559036 40.793133 0.0343 6.0 26.0
8.559036 40.793133 0.0344 1.0 27.0
10.198343 41.1225 0.0344 1.0 27.0
10.198343 41.1225 0.0345 0.0 28.0
11.83765 41.45187 0.0345 0.0 28.0
11.83765 41.45187 0.0346 0.0 29.0
13.453853 41.023266 0.0346 0.0 29.0
8.559036 40.793133 0.0347 1.0 27.0
10.175239 40.36453 0.0347 1.0 27.0
10.175239 40.36453 0.0348 0.0 28.0
11.791441 39.935925 0.0348 0.0 28.0
11.791441 39.935925 0.0349 0.0 29.0
13.052108 38.8375 0.0349 0.0 29.0
8.559036 40.793133 0.0350 5.0 27.0
9.884266 41.81273 0.0350 5.0 27.0
9.884266 41.81273 0.0351 4.0 28.0
11.209496 42.832325 0.0351 4.0 28.0
11.209496 42.832325 0.0352 3.0 29.0
12.848803 43.161694 0.0352 3.0 29.0
12.848803 43.161694 0.0353 2.0 30.0
14.48811 43.491062 0.0353 2.0 30.0
14.48811 43.491062 0.0354 1.0 31.0
16.127417 43.82043 0.0354 1.0 31.0
16.127417 43.82043 0.0355 0.0 32.0
17.766724 44.1498 0.0355 0.0 32.0
17.766724 44.1498 0.0356 0.0 33.0
19.382925 43.721195 0.0356 0.0 33.0
11.209496 42.832325 0.0357 1.0 29.0
12.848803 43.161694 0.0357 1.0 29.0
12.848803 43.161694 0.0358 0.0 30.0
14.48811 43.491062 0.0358 0.0 30.0
14.48811 43.491062 0.0359 0.0 31.0
16.104311 43.062458 0.0359 0.0 31.0
