0.0 0.0 0.00 14.0 1.0
0.0 1.2952964 0.00 14.0 1.0
0.0 1.2952964 0.01 0.0 2.0
0.21044452 2.5733833 0.01 0.0 2.0
0.0 1.2952964 0.02 13.0 2.0
0.0 2.5905929 0.02 13.0 2.0
0.0 2.5905929 0.03 0.0 3.0
0.21044452 3.8686795 0.03 0.0 3.0
0.21044452 3.8686795 0.04 0.0 4.0
0.6257416 5.095595 0.04 0.0 4.0
0.21044452 3.8686795 0.05 0.0 4.0
0.42088905 5.146766 0.05 0.0 4.0
0.0 2.5905929 0.06 12.0 3.0
0.0 3.8858893 0.06 12.0 3.0
0.0 3.8858893 0.07 0.0 4.0
0.21044452 5.163976 0.07 0.0 4.0
0.0 3.8858893 0.08 11.0 4.0
0.0 5.1811857 0.08 11.0 4.0
0.0 5.1811857 0.09 2.0 5.0
0.21044452 6.4592724 0.09 2.0 5.0
0.21044452 6.4592724 0.010 0.0 6.0
0.6257416 7.6861877 0.010 0.0 6.0
0.21044452 6.4592724 0.011 1.0 6.0
0.42088905 7.737359 0.011 1.0 6.0
0.42088905 7.737359 0.012 0.0 7.0
0.8361861 8.964274 0.012 0.0 7.0
0.8361861 8.964274 0.013 0.0 8.0
1.4453002 10.107416 0.013 0.0 8.0
0.8361861 8.964274 0.014 0.0 8.0
1.2514832 10.19119 0.014 0.0 8.0
0.42088905 7.737359 0.015 0.0 7.0
0.6313336 9.015446 0.015 0.0 7.0
0.6313336 9.015446 0.016 0.0 8.0
1.0466306 10.242361 0.016 0.0 8.0
0.6313336 9.015446 0.017 0.0 8.0
0.8417781 10.293532 0.017 0.0 8.0
0.0 5.1811857 0.018 10.0 5.0
0.0 6.4764824 0.018 10.0 5.0
0.0 6.4764824 0.019 0.0 6.0
0.21044452 7.754569 0.019 0.0 6.0
0.0 6.4764824 0.020 9.0 6.0
0.0 7.771779 0.020 9.0 6.0
0.0 7.771779 0.021 0.0 7.0
0.21044452 9.049866 0.021 0.0 7.0
0.21044452 9.049866 0.022 0.0 8.0
0.6257416 10.276781 0.022 0.0 8.0
0.21044452 9.049866 0.023 0.0 8.0
0.42088905 10.327952 0.023 0.0 8.0
0.0 7.771779 0.024 8.0 7.0
0.0 9.067076 0.024 8.0 7.0
0.0 9.067076 0.025 0.0 8.0
0.21044452 10.345162 0.025 0.0 8.0
0.0 9.067076 0.026 7.0 8.0
0.0 10.362372 0.026 7.0 8.0
0.0 10.362372 0.027 6.0 9.0
0.21044452 11.640459 0.027 6.0 9.0
0.21044452 11.640459 0.028 0.0 10.0
0.6257416 12.867374 0.028 0.0 10.0
0.21044452 11.640459 0.029 5.0 10.0
0.42088905 12.918546 0.029 5.0 10.0
0.42088905 12.918546 0.030 0.0 11.0
0.8361861 14.145461 0.030 0.0 11.0
0.8361861 14.145461 0.031 0.0 12.0
1.4453002 15.288603 0.031 0.0 12.0
0.8361861 14.145461 0.032 0.0 12.0
1.2514832 15.372376 0.032 0.0 12.0
0.42088905 12.918546 0.033 4.0 11.0
0.6313336 14.196632 0.033 4.0 11.0
0.6313336 14.196632 0.034 0.0 12.0
1.0466306 15.423548 0.034 0.0 12.0
0.6313336 14.196632 0.035 3.0 12.0
0.8417781 15.474719 0.035 3.0 12.0
0.8417781 15.474719 0.036 2.0 13.0
1.2570752 16.701633 0.036 2.0 13.0
1.2570752 16.701633 0.037 0.0 14.0
1.8661892 17.844776 0.037 0.0 14.0
1.2570752 16.701633 0.038 1.0 14.0
1.6723722 17.928549 0.038 1.0 14.0
1.6723722 17.928549 0.039 0.0 15.0
2.2814863 19.07169 0.039 0.0 15.0
2.2814863 19.07169 0.040 0.0 16.0
3.0682316 20.100681 0.040 0.0 16.0
2.2814863 19.07169 0.041 0.0 16.0
2.8906004 20.214832 0.041 0.0 16.0
1.6723722 17.928549 0.042 0.0 15.0
2.0876694 19.155464 0.042 0.0 15.0
2.0876694 19.155464 0.043 0.0 16.0
2.6967835 20.298607 0.043 0.0 16.0
2.0876694 19.155464 0.044 0.0 16.0
2.5029664 20.38238 0.044 0.0 16.0
0.8417781 15.474719 0.045 2.0 13.0
1.0522226 16.752806 0.045 2.0 13.0
1.0522226 16.752806 0.046 0.0 14.0
1.4675196 17.979721 0.046 0.0 14.0
1.0522226 16.752806 0.047 1.0 14.0
1.2626672 18.030893 0.047 1.0 14.0
1.2626672 18.030893 0.048 0.0 15.0
1.6779642 19.257809 0.048 0.0 15.0
1.6779642 19.257809 0.049 0.0 16.0
2.2870784 20.400951 0.049 0.0 16.0
1.6779642 19.257809 0.050 0.0 16.0
2.0932612 20.484724 0.050 0.0 16.0
1.2626672 18.030893 0.051 0.0 15.0
1.4731117 19.30898 0.051 0.0 15.0
1.4731117 19.30898 0.052 0.0 16.0
1.8884088 20.535896 0.052 0.0 16.0
1.4731117 19.30898 0.053 0.0 16.0
1.6835563 20.587069 0.053 0.0 16.0
0.0 10.362372 0.054 6.0 9.0
0.0 11.657669 0.054 6.0 9.0
0.0 11.657669 0.055 0.0 10.0
0.21044452 12.935756 0.055 0.0 10.0
0.0 11.657669 0.056 5.0 10.0
0.0 12.952966 0.056 5.0 10.0
0.0 12.952966 0.057 0.0 11.0
0.21044452 14.231052 0.057 0.0 11.0
0.21044452 14.231052 0.058 0.0 12.0
0.6257416 15.457968 0.058 0.0 12.0
0.21044452 14.231052 0.059 0.0 12.0
0.42088905 15.509139 0.059 0.0 12.0
0.0 12.952966 0.060 4.0 11.0
0.0 14.248262 0.060 4.0 11.0
0.0 14.248262 0.061 0.0 12.0
0.21044452 15.526349 0.061 0.0 12.0
0.0 14.248262 0.062 3.0 12.0
0.0 15.543559 0.062 3.0 12.0
0.0 15.543559 0.063 2.0 13.0
0.21044452 16.821646 0.063 2.0 13.0
0.21044452 16.821646 0.064 0.0 14.0
0.6257416 18.048561 0.064 0.0 14.0
0.21044452 16.821646 0.065 1.0 14.0
0.42088905 18.099733 0.065 1.0 14.0
0.42088905 18.099733 0.066 0.0 15.0
0.8361861 19.326649 0.066 0.0 15.0
0.8361861 19.326649 0.067 0.0 16.0
1.4453002 20.469791 0.067 0.0 16.0
0.8361861 19.326649 0.068 0.0 16.0
1.2514832 20.553564 0.068 0.0 16.0
0.42088905 18.099733 0.069 0.0 15.0
0.6313336 19.377821 0.069 0.0 15.0
0.6313336 19.377821 0.070 0.0 16.0
1.0466306 20.604736 0.070 0.0 16.0
0.6313336 19.377821 0.071 0.0 16.0
0.8417781 20.655909 0.071 0.0 16.0
0.0 15.543559 0.072 2.0 13.0
0.0 16.838856 0.072 2.0 13.0
0.0 16.838856 0.073 0.0 14.0
0.21044452 18.116943 0.073 0.0 14.0
0.0 16.838856 0.074 1.0 14.0
0.0 18.134151 0.074 1.0 14.0
0.0 18.134151 0.075 0.0 15.0
0.21044452 19.41224 0.075 0.0 15.0
0.21044452 19.41224 0.076 0.0 16.0
0.6257416 20.639154 0.076 0.0 16.0
0.21044452 19.41224 0.077 0.0 16.0
0.42088905 20.690327 0.077 0.0 16.0
0.0 18.134151 0.078 0.0 15.0
0.0 19.429447 0.078 0.0 15.0
0.0 19.429447 0.079 0.0 16.0
0.21044452 20.707535 0.079 0.0 16.0
0.0 19.429447 0.080 0.0 16.0
0.0 20.724743 0.080 0.0 16.0
