0.0 0.0 0.00 28.0 1.0
0.0 2.7316961 0.00 28.0 1.0
0.0 2.7316961 0.01 27.0 2.0
0.0 5.4633923 0.01 27.0 2.0
0.0 5.4633923 0.02 26.0 3.0
0.0 8.195088 0.02 26.0 3.0
0.0 8.195088 0.03 25.0 4.0
0.0 10.9267845 0.03 25.0 4.0
0.0 10.9267845 0.04 24.0 5.0
0.0 13.658481 0.04 24.0 5.0
0.0 13.658481 0.05 23.0 6.0
0.0 16.390177 0.05 23.0 6.0
0.0 16.390177 0.06 22.0 7.0
0.0 19.121872 0.06 22.0 7.0
0.0 19.121872 0.07 21.0 8.0
0.0 21.853569 0.07 21.0 8.0
0.0 21.853569 0.08 12.0 9.0
-1.0500124 24.3754 0.08 12.0 9.0
-1.0500124 24.3754 0.09 11.0 10.0
-2.1000247 26.897232 0.09 11.0 10.0
-2.1000247 26.897232 0.010 10.0 11.0
-3.150037 29.419064 0.010 10.0 11.0
-3.150037 29.419064 0.011 9.0 12.0
-4.2000494 31.940895 0.011 9.0 12.0
-4.2000494 31.940895 0.012 4.0 13.0
-6.1387386 33.865383 0.012 4.0 13.0
-6.1387386 33.865383 0.013 3.0 14.0
-8.077428 35.78987 0.013 3.0 14.0
-8.077428 35.78987 0.014 0.0 15.0
-10.606913 36.821312 0.014 0.0 15.0
-10.606913 36.821312 0.015 0.0 16.0
-13.136397 37.852753 0.015 0.0 16.0
-8.077428 35.78987 0.016 0.0 15.0
-9.12744 38.311703 0.016 0.0 15.0
-9.12744 38.311703 0.017 0.0 16.0
-10.177453 40.833534 0.017 0.0 16.0
-8.077428 35.78987 0.018 2.0 15.0
-10.016117 37.71436 0.018 2.0 15.0
-10.016117 37.71436 0.019 1.0 16.0
-11.954806 39.638847 0.019 1.0 16.0
-11.954806 39.638847 0.020 0.0 17.0
-13.893496 41.563335 0.020 0.0 17.0
-13.893496 41.563335 0.021 0.0 18.0
-15.832185 43.487823 0.021 0.0 18.0
-4.2000494 31.940895 0.022 4.0 13.0
-4.2000494 34.672592 0.022 4.0 13.0
-4.2000494 34.672592 0.023 3.0 14.0
-4.2000494 37.40429 0.023 3.0 14.0
-4.2000494 37.40429 0.024 0.0 15.0
-5.250062 39.92612 0.024 0.0 15.0
-5.250062 39.92612 0.025 0.0 16.0
-6.3000746 42.447952 0.025 0.0 16.0
-4.2000494 37.40429 0.026 0.0 15.0
-3.150037 39.92612 0.026 0.0 15.0
-3.150037 39.92612 0.027 0.0 16.0
-2.1000247 42.447952 0.027 0.0 16.0
-4.2000494 37.40429 0.028 2.0 15.0
-4.2000494 40.135986 0.028 2.0 15.0
-4.2000494 40.135986 0.029 1.0 16.0
-4.2000494 42.867683 0.029 1.0 16.0
-4.2000494 42.867683 0.030 0.0 17.0
-4.2000494 45.59938 0.030 0.0 17.0
-4.2000494 45.59938 0.031 0.0 18.0
-4.2000494 48.331078 0.031 0.0 18.0
-4.2000494 31.940895 0.032 8.0 13.0
-5.250062 34.462727 0.032 8.0 13.0
-5.250062 34.462727 0.033 7.0 14.0
-6.3000746 36.98456 0.033 7.0 14.0
-6.3000746 36.98456 0.034 6.0 15.0
-7.350087 39.50639 0.034 6.0 15.0
-7.350087 39.50639 0.035 5.0 16.0
-8.4001 42.02822 0.035 5.0 16.0
-8.4001 42.02822 0.036 4.0 17.0
-9.450112 44.550053 0.036 4.0 17.0
-9.450112 44.550053 0.037 3.0 18.0
-10.500125 47.071884 0.037 3.0 18.0
-10.500125 47.071884 0.038 0.0 19.0
-12.438814 48.996372 0.038 0.0 19.0
-12.438814 48.996372 0.039 0.0 20.0
-14.377503 50.92086 0.039 0.0 20.0
-10.500125 47.071884 0.040 0.0 19.0
-10.500125 49.80358 0.040 0.0 19.0
-10.500125 49.80358 0.041 0.0 20.0
-10.500125 52.53528 0.041 0.0 20.0
-10.500125 47.071884 0.042 2.0 19.0
-11.5501375 49.593716 0.042 2.0 19.0
-11.5501375 49.593716 0.043 1.0 20.0
-12.60015 52.115547 0.043 1.0 20.0
-12.60015 52.115547 0.044 0.0 21.0
-13.650163 54.63738 0.044 0.0 21.0
-13.650163 54.63738 0.045 0.0 22.0
-14.700175 57.15921 0.045 0.0 22.0
0.0 21.853569 0.046 12.0 9.0
1.0500124 24.3754 0.046 12.0 9.0
1.0500124 24.3754 0.047 11.0 10.0
2.1000247 26.897232 0.047 11.0 10.0
2.1000247 26.897232 0.048 10.0 11.0
3.150037 29.419064 0.048 10.0 11.0
3.150037 29.419064 0.049 9.0 12.0
4.2000494 31.940895 0.049 9.0 12.0
4.2000494 31.940895 0.050 4.0 13.0
4.2000494 34.672592 0.050 4.0 13.0
4.2000494 34.672592 0.051 3.0 14.0
4.2000494 37.40429 0.051 3.0 14.0
4.2000494 37.40429 0.052 0.0 15.0
3.150037 39.92612 0.052 0.0 15.0
3.150037 39.92612 0.053 0.0 16.0
2.1000247 42.447952 0.053 0.0 16.0
4.2000494 37.40429 0.054 0.0 15.0
5.250062 39.92612 0.054 0.0 15.0
5.250062 39.92612 0.055 0.0 16.0
6.3000746 42.447952 0.055 0.0 16.0
4.2000494 37.40429 0.056 2.0 15.0
4.2000494 40.135986 0.056 2.0 15.0
4.2000494 40.135986 0.057 1.0 16.0
4.2000494 42.867683 0.057 1.0 16.0
4.2000494 42.867683 0.058 0.0 17.0
4.2000494 45.59938 0.058 0.0 17.0
4.2000494 45.59938 0.059 0.0 18.0
4.2000494 48.331078 0.059 0.0 18.0
4.2000494 31.940895 0.060 4.0 13.0
6.1387386 33.865383 0.060 4.0 13.0
6.1387386 33.865383 0.061 3.0 14.0
8.077428 35.78987 0.061 3.0 14.0
8.077428 35.78987 0.062 0.0 15.0
9.12744 38.311703 0.062 0.0 15.0
9.12744 38.311703 0.063 0.0 16.0
10.177453 40.833534 0.063 0.0 16.0
8.077428 35.78987 0.064 0.0 15.0
10.606913 36.821312 0.064 0.0 15.0
10.606913 36.821312 0.065 0.0 16.0
13.136397 37.852753 0.065 0.0 16.0
8.077428 35.78987 0.066 2.0 15.0
10.016117 37.71436 0.066 2.0 15.0
10.016117 37.71436 0.067 1.0 16.0
11.954806 39.638847 0.067 1.0 16.0
11.954806 39.638847 0.068 0.0 17.0
13.893496 41.563335 0.068 0.0 17.0
13.893496 41.563335 0.069 0.0 18.0
15.832185 43.487823 0.069 0.0 18.0
4.2000494 31.940895 0.070 8.0 13.0
5.250062 34.462727 0.070 8.0 13.0
5.250062 34.462727 0.071 7.0 14.0
6.3000746 36.98456 0.071 7.0 14.0
6.3000746 36.98456 0.072 6.0 15.0
7.350087 39.50639 0.072 6.0 15.0
7.350087 39.50639 0.073 5.0 16.0
8.4001 42.02822 0.073 5.0 16.0
8.4001 42.02822 0.074 4.0 17.0
9.450112 44.550053 0.074 4.0 17.0
9.450112 44.550053 0.075 3.0 18.0
10.500125 47.071884 0.075 3.0 18.0
10.500125 47.071884 0.076 0.0 19.0
10.500125 49.80358 0.076 0.0 19.0
10.500125 49.80358 0.077 0.0 20.0
10.500125 52.53528 0.077 0.0 20.0
10.500125 47.071884 0.078 0.0 19.0
12.438814 48.996372 0.078 0.0 19.0
12.438814 48.996372 0.079 0.0 20.0
14.377503 50.92086 0.079 0.0 20.0
10.500125 47.071884 0.080 2.0 19.0
11.5501375 49.593716 0.080 2.0 19.0
11.5501375 49.593716 0.081 1.0 20.0
12.60015 52.115547 0.081 1.0 20.0
12.60015 52.115547 0.082 0.0 21.0
13.650163 54.63738 0.082 0.0 21.0
13.650163 54.63738 0.083 0.0 22.0
14.700175 57.15921 0.083 0.0 22.0
0.0 21.853569 0.084 20.0 9.0
0.0 24.585266 0.084 20.0 9.0
0.0 24.585266 0.085 19.0 10.0
0.0 27.316963 0.085 19.0 10.0
0.0 27.316963 0.086 18.0 11.0
0.0 30.04866 0.086 18.0 11.0
0.0 30.04866 0.087 17.0 12.0
0.0 32.780357 0.087 17.0 12.0
0.0 32.780357 0.088 16.0 13.0
0.0 35.512054 0.088 16.0 13.0
0.0 35.512054 0.089 15.0 14.0
0.0 38.24375 0.089 15.0 14.0
0.0 38.24375 0.090 14.0 15.0
0.0 40.97545 0.090 14.0 15.0
0.0 40.97545 0.091 13.0 16.0
0.0 43.707146 0.091 13.0 16.0
0.0 43.707146 0.092 12.0 17.0
0.0 46.438843 0.092 12.0 17.0
0.0 46.438843 0.093 11.0 18.0
0.0 49.17054 0.093 11.0 18.0
0.0 49.17054 0.094 10.0 19.0
0.0 51.902237 0.094 10.0 19.0
0.0 51.902237 0.095 9.0 20.0
0.0 54.633934 0.095 9.0 20.0
0.0 54.633934 0.096 4.0 21.0
-1.0500124 57.155766 0.096 4.0 21.0
-1.0500124 57.155766 0.097 3.0 22.0
-2.1000247 59.677597 0.097 3.0 22.0
-2.1000247 59.677597 0.098 0.0 23.0
-4.038714 61.602085 0.098 0.0 23.0
-4.038714 61.602085 0.099 0.0 24.0
-5.977403 63.526573 0.099 0.0 24.0
-2.1000247 59.677597 0.0100 0.0 23.0
-2.1000247 62.409294 0.0100 0.0 23.0
-2.1000247 62.409294 0.0101 0.0 24.0
-2.1000247 65.14099 0.0101 0.0 24.0
-2.1000247 59.677597 0.0102 2.0 23.0
-3.150037 62.19943 0.0102 2.0 23.0
-3.150037 62.19943 0.0103 1.0 24.0
-4.2000494 64.72126 0.0103 1.0 24.0
-4.2000494 64.72126 0.0104 0.0 25.0
-5.250062 67.243095 0.0104 0.0 25.0
-5.250062 67.243095 0.0105 0.0 26.0
-6.3000746 69.76493 0.0105 0.0 26.0
0.0 54.633934 0.0106 4.0 21.0
1.0500124 57.155766 0.0106 4.0 21.0
1.0500124 57.155766 0.0107 3.0 22.0
2.1000247 59.677597 0.0107 3.0 22.0
2.1000247 59.677597 0.0108 0.0 23.0
2.1000247 62.409294 0.0108 0.0 23.0
2.1000247 62.409294 0.0109 0.0 24.0
2.1000247 65.14099 0.0109 0.0 24.0
2.1000247 59.677597 0.0110 0.0 23.0
4.038714 61.602085 0.0110 0.0 23.0
4.038714 61.602085 0.0111 0.0 24.0
5.977403 63.526573 0.0111 0.0 24.0
2.1000247 59.677597 0.0112 2.0 23.0
3.150037 62.19943 0.0112 2.0 23.0
3.150037 62.19943 0.0113 1.0 24.0
4.2000494 64.72126 0.0113 1.0 24.0
4.2000494 64.72126 0.0114 0.0 25.0
5.250062 67.243095 0.0114 0.0 25.0
5.250062 67.243095 0.0115 0.0 26.0
6.3000746 69.76493 0.0115 0.0 26.0
0.0 54.633934 0.0116 8.0 21.0
0.0 57.36563 0.0116 8.0 21.0
0.0 57.36563 0.0117 7.0 22.0
0.0 60.09733 0.0117 7.0 22.0
0.0 60.09733 0.0118 6.0 23.0
0.0 62.829025 0.0118 6.0 23.0
0.0 62.829025 0.0119 5.0 24.0
0.0 65.56072 0.0119 5.0 24.0
0.0 65.56072 0.0120 4.0 25.0
0.0 68.29242 0.0120 4.0 25.0
0.0 68.29242 0.0121 3.0 26.0
0.0 71.02412 0.0121 3.0 26.0
0.0 71.02412 0.0122 0.0 27.0
-1.0500124 73.54595 0.0122 0.0 27.0
-1.0500124 73.54595 0.0123 0.0 28.0
-2.1000247 76.06779 0.0123 0.0 28.0
0.0 71.02412 0.0124 0.0 27.0
1.0500124 73.54595 0.0124 0.0 27.0
1.0500124 73.54595 0.0125 0.0 28.0
2.1000247 76.06779 0.0125 0.0 28.0
0.0 71.02412 0.0126 2.0 27.0
0.0 73.75581 0.0126 2.0 27.0
0.0 73.75581 0.0127 1.0 28.0
0.0 76.48751 0.0127 1.0 28.0
0.0 76.48751 0.0128 0.0 29.0
0.0 79.21921 0.0128 0.0 29.0
0.0 79.21921 0.0129 0.0 30.0
0.0 81.950905 0.0129 0.0 30.0
