0.0 0.0 0.00 79.0 1.0
0.0 3.627787 0.00 79.0 1.0
0.0 3.627787 0.01 0.0 2.0
1.7544509 6.8031206 0.01 0.0 2.0
0.0 3.627787 0.02 78.0 2.0
0.0 7.255574 0.02 78.0 2.0
0.0 7.255574 0.03 0.0 3.0
-1.7544509 10.430907 0.03 0.0 3.0
0.0 7.255574 0.04 77.0 3.0
0.0 10.883362 0.04 77.0 3.0
0.0 10.883362 0.05 1.0 4.0
-1.7544509 14.058695 0.05 1.0 4.0
-1.7544509 14.058695 0.06 0.0 5.0
-1.7544509 17.686481 0.06 0.0 5.0
-1.7544509 14.058695 0.07 0.0 5.0
-3.5089018 17.234028 0.07 0.0 5.0
-3.5089018 17.234028 0.08 0.0 6.0
-6.5801773 19.164858 0.08 0.0 6.0
-3.5089018 17.234028 0.09 0.0 6.0
-5.263353 20.40936 0.09 0.0 6.0
0.0 10.883362 0.010 76.0 4.0
0.0 14.511148 0.010 76.0 4.0
0.0 14.511148 0.011 0.0 5.0
1.7544509 17.686481 0.011 0.0 5.0
0.0 14.511148 0.012 75.0 5.0
0.0 18.138935 0.012 75.0 5.0
0.0 18.138935 0.013 0.0 6.0
-1.7544509 21.314268 0.013 0.0 6.0
0.0 18.138935 0.014 74.0 6.0
0.0 21.766722 0.014 74.0 6.0
0.0 21.766722 0.015 1.0 7.0
1.7544509 24.942055 0.015 1.0 7.0
1.7544509 24.942055 0.016 0.0 8.0
4.825726 26.872885 0.016 0.0 8.0
1.7544509 24.942055 0.017 0.0 8.0
3.5089018 28.117388 0.017 0.0 8.0
3.5089018 28.117388 0.018 0.0 9.0
3.5089018 31.745174 0.018 0.0 9.0
3.5089018 28.117388 0.019 0.0 9.0
5.263353 31.29272 0.019 0.0 9.0
0.0 21.766722 0.020 73.0 7.0
0.0 25.394508 0.020 73.0 7.0
0.0 25.394508 0.021 0.0 8.0
1.7544509 28.569841 0.021 0.0 8.0
0.0 25.394508 0.022 72.0 8.0
0.0 29.022295 0.022 72.0 8.0
0.0 29.022295 0.023 0.0 9.0
-1.7544509 32.197628 0.023 0.0 9.0
0.0 29.022295 0.024 71.0 9.0
0.0 32.65008 0.024 71.0 9.0
0.0 32.65008 0.025 7.0 10.0
-1.7544509 35.825417 0.025 7.0 10.0
-1.7544509 35.825417 0.026 0.0 11.0
-1.7544509 39.453205 0.026 0.0 11.0
-1.7544509 35.825417 0.027 6.0 11.0
-3.5089018 39.00075 0.027 6.0 11.0
-3.5089018 39.00075 0.028 0.0 12.0
-6.5801773 40.931583 0.028 0.0 12.0
-3.5089018 39.00075 0.029 5.0 12.0
-5.263353 42.176086 0.029 5.0 12.0
-5.263353 42.176086 0.030 1.0 13.0
-8.334628 44.10692 0.030 1.0 13.0
-8.334628 44.10692 0.031 0.0 14.0
-10.089079 47.282253 0.031 0.0 14.0
-8.334628 44.10692 0.032 0.0 14.0
-11.405903 46.03775 0.032 0.0 14.0
-11.405903 46.03775 0.033 0.0 15.0
-15.02791 46.242455 0.033 0.0 15.0
-11.405903 46.03775 0.034 0.0 15.0
-14.477179 47.968582 0.034 0.0 15.0
-5.263353 42.176086 0.035 4.0 13.0
-7.0178037 45.35142 0.035 4.0 13.0
-7.0178037 45.35142 0.036 0.0 14.0
-7.0178037 48.97921 0.036 0.0 14.0
-7.0178037 45.35142 0.037 3.0 14.0
-8.772255 48.526756 0.037 3.0 14.0
-8.772255 48.526756 0.038 0.0 15.0
-11.843531 50.45759 0.038 0.0 15.0
-8.772255 48.526756 0.039 2.0 15.0
-10.526706 51.70209 0.039 2.0 15.0
-10.526706 51.70209 0.040 1.0 16.0
-10.526706 55.32988 0.040 1.0 16.0
-10.526706 55.32988 0.041 0.0 17.0
-8.772255 58.505215 0.041 0.0 17.0
-10.526706 55.32988 0.042 0.0 17.0
-10.526706 58.95767 0.042 0.0 17.0
-10.526706 58.95767 0.043 0.0 18.0
-12.281157 62.133003 0.043 0.0 18.0
-10.526706 58.95767 0.044 0.0 18.0
-10.526706 62.585457 0.044 0.0 18.0
-10.526706 51.70209 0.045 1.0 16.0
-12.281157 54.877426 0.045 1.0 16.0
-12.281157 54.877426 0.046 0.0 17.0
-12.281157 58.505215 0.046 0.0 17.0
-12.281157 54.877426 0.047 0.0 17.0
-14.035607 58.05276 0.047 0.0 17.0
-14.035607 58.05276 0.048 0.0 18.0
-17.106882 59.983593 0.048 0.0 18.0
-14.035607 58.05276 0.049 0.0 18.0
-15.790058 61.228096 0.049 0.0 18.0
0.0 32.65008 0.050 70.0 10.0
0.0 36.27787 0.050 70.0 10.0
0.0 36.27787 0.051 0.0 11.0
1.7544509 39.453205 0.051 0.0 11.0
0.0 36.27787 0.052 69.0 11.0
0.0 39.90566 0.052 69.0 11.0
0.0 39.90566 0.053 0.0 12.0
-1.7544509 43.080994 0.053 0.0 12.0
0.0 39.90566 0.054 68.0 12.0
0.0 43.533447 0.054 68.0 12.0
0.0 43.533447 0.055 1.0 13.0
-1.7544509 46.708782 0.055 1.0 13.0
-1.7544509 46.708782 0.056 0.0 14.0
-1.7544509 50.33657 0.056 0.0 14.0
-1.7544509 46.708782 0.057 0.0 14.0
-3.5089018 49.884117 0.057 0.0 14.0
-3.5089018 49.884117 0.058 0.0 15.0
-6.5801773 51.81495 0.058 0.0 15.0
-3.5089018 49.884117 0.059 0.0 15.0
-5.263353 53.059452 0.059 0.0 15.0
0.0 43.533447 0.060 67.0 13.0
0.0 47.161236 0.060 67.0 13.0
0.0 47.161236 0.061 0.0 14.0
1.7544509 50.33657 0.061 0.0 14.0
0.0 47.161236 0.062 66.0 14.0
0.0 50.789024 0.062 66.0 14.0
0.0 50.789024 0.063 0.0 15.0
-1.7544509 53.96436 0.063 0.0 15.0
0.0 50.789024 0.064 65.0 15.0
0.0 54.416813 0.064 65.0 15.0
0.0 54.416813 0.065 1.0 16.0
1.7544509 57.592148 0.065 1.0 16.0
1.7544509 57.592148 0.066 0.0 17.0
4.825726 59.52298 0.066 0.0 17.0
1.7544509 57.592148 0.067 0.0 17.0
3.5089018 60.767483 0.067 0.0 17.0
3.5089018 60.767483 0.068 0.0 18.0
3.5089018 64.39527 0.068 0.0 18.0
3.5089018 60.767483 0.069 0.0 18.0
5.263353 63.942818 0.069 0.0 18.0
0.0 54.416813 0.070 64.0 16.0
0.0 58.0446 0.070 64.0 16.0
0.0 58.0446 0.071 0.0 17.0
1.7544509 61.219936 0.071 0.0 17.0
0.0 58.0446 0.072 63.0 17.0
0.0 61.67239 0.072 63.0 17.0
0.0 61.67239 0.073 0.0 18.0
-1.7544509 64.847725 0.073 0.0 18.0
0.0 61.67239 0.074 62.0 18.0
0.0 65.30018 0.074 62.0 18.0
0.0 65.30018 0.075 7.0 19.0
1.7544509 68.47551 0.075 7.0 19.0
1.7544509 68.47551 0.076 0.0 20.0
4.825726 70.40634 0.076 0.0 20.0
1.7544509 68.47551 0.077 6.0 20.0
3.5089018 71.65084 0.077 6.0 20.0
3.5089018 71.65084 0.078 0.0 21.0
3.5089018 75.278625 0.078 0.0 21.0
3.5089018 71.65084 0.079 5.0 21.0
5.263353 74.82617 0.079 5.0 21.0
5.263353 74.82617 0.080 1.0 22.0
5.263353 78.45396 0.080 1.0 22.0
5.263353 78.45396 0.081 0.0 23.0
7.0178037 81.62929 0.081 0.0 23.0
5.263353 78.45396 0.082 0.0 23.0
5.263353 82.08174 0.082 0.0 23.0
5.263353 82.08174 0.083 0.0 24.0
3.508902 85.25707 0.083 0.0 24.0
5.263353 82.08174 0.084 0.0 24.0
5.263353 85.709526 0.084 0.0 24.0
5.263353 74.82617 0.085 4.0 22.0
7.0178037 78.0015 0.085 4.0 22.0
7.0178037 78.0015 0.086 0.0 23.0
10.089079 79.932335 0.086 0.0 23.0
7.0178037 78.0015 0.087 3.0 23.0
8.772255 81.176834 0.087 3.0 23.0
8.772255 81.176834 0.088 0.0 24.0
8.772255 84.80462 0.088 0.0 24.0
8.772255 81.176834 0.089 2.0 24.0
10.526706 84.352165 0.089 2.0 24.0
10.526706 84.352165 0.090 1.0 25.0
13.5979805 86.283 0.090 1.0 25.0
13.5979805 86.283 0.091 0.0 26.0
17.219988 86.4877 0.091 0.0 26.0
13.5979805 86.283 0.092 0.0 26.0
16.669256 88.21383 0.092 0.0 26.0
16.669256 88.21383 0.093 0.0 27.0
18.423708 91.38916 0.093 0.0 27.0
16.669256 88.21383 0.094 0.0 27.0
19.740532 90.14466 0.094 0.0 27.0
10.526706 84.352165 0.095 1.0 25.0
12.281157 87.5275 0.095 1.0 25.0
12.281157 87.5275 0.096 0.0 26.0
15.352432 89.45833 0.096 0.0 26.0
12.281157 87.5275 0.097 0.0 26.0
14.035607 90.70283 0.097 0.0 26.0
14.035607 90.70283 0.098 0.0 27.0
14.035607 94.33061 0.098 0.0 27.0
14.035607 90.70283 0.099 0.0 27.0
15.790058 93.87816 0.099 0.0 27.0
0.0 65.30018 0.0100 61.0 19.0
0.0 68.92796 0.0100 61.0 19.0
0.0 68.92796 0.0101 0.0 20.0
1.7544509 72.103294 0.0101 0.0 20.0
0.0 68.92796 0.0102 60.0 20.0
0.0 72.55575 0.0102 60.0 20.0
0.0 72.55575 0.0103 0.0 21.0
-1.7544509 75.73108 0.0103 0.0 21.0
0.0 72.55575 0.0104 59.0 21.0
0.0 76.18353 0.0104 59.0 21.0
0.0 76.18353 0.0105 1.0 22.0
-1.7544509 79.358864 0.0105 1.0 22.0
-1.7544509 79.358864 0.0106 0.0 23.0
-1.7544509 82.98665 0.0106 0.0 23.0
-1.7544509 79.358864 0.0107 0.0 23.0
-3.5089018 82.534195 0.0107 0.0 23.0
-3.5089018 82.534195 0.0108 0.0 24.0
-6.5801773 84.46503 0.0108 0.0 24.0
-3.5089018 82.534195 0.0109 0.0 24.0
-5.263353 85.709526 0.0109 0.0 24.0
0.0 76.18353 0.0110 58.0 22.0
0.0 79.81132 0.0110 58.0 22.0
0.0 79.81132 0.0111 0.0 23.0
1.7544509 82.98665 0.0111 0.0 23.0
0.0 79.81132 0.0112 57.0 23.0
0.0 83.4391 0.0112 57.0 23.0
0.0 83.4391 0.0113 0.0 24.0
-1.7544509 86.61443 0.0113 0.0 24.0
0.0 83.4391 0.0114 56.0 24.0
0.0 87.06689 0.0114 56.0 24.0
0.0 87.06689 0.0115 1.0 25.0
1.7544509 90.24222 0.0115 1.0 25.0
1.7544509 90.24222 0.0116 0.0 26.0
4.825726 92.17305 0.0116 0.0 26.0
1.7544509 90.24222 0.0117 0.0 26.0
3.5089018 93.41755 0.0117 0.0 26.0
3.5089018 93.41755 0.0118 0.0 27.0
3.5089018 97.045334 0.0118 0.0 27.0
3.5089018 93.41755 0.0119 0.0 27.0
5.263353 96.59288 0.0119 0.0 27.0
0.0 87.06689 0.0120 55.0 25.0
0.0 90.69467 0.0120 55.0 25.0
0.0 90.69467 0.0121 0.0 26.0
1.7544509 93.87 0.0121 0.0 26.0
0.0 90.69467 0.0122 54.0 26.0
0.0 94.32246 0.0122 54.0 26.0
0.0 94.32246 0.0123 0.0 27.0
-1.7544509 97.49779 0.0123 0.0 27.0
0.0 94.32246 0.0124 53.0 27.0
0.0 97.95024 0.0124 53.0 27.0
0.0 97.95024 0.0125 25.0 28.0
1.7544509 101.12557 0.0125 25.0 28.0
1.7544509 101.12557 0.0126 0.0 29.0
4.825726 103.056404 0.0126 0.0 29.0
1.7544509 101.12557 0.0127 24.0 29.0
3.5089018 104.3009 0.0127 24.0 29.0
3.5089018 104.3009 0.0128 0.0 30.0
3.5089018 107.92869 0.0128 0.0 30.0
3.5089018 104.3009 0.0129 23.0 30.0
5.263353 107.476234 0.0129 23.0 30.0
5.263353 107.476234 0.0130 1.0 31.0
5.263353 111.10402 0.0130 1.0 31.0
5.263353 111.10402 0.0131 0.0 32.0
7.0178037 114.27935 0.0131 0.0 32.0
5.263353 111.10402 0.0132 0.0 32.0
5.263353 114.731804 0.0132 0.0 32.0
5.263353 114.731804 0.0133 0.0 33.0
3.508902 117.907135 0.0133 0.0 33.0
5.263353 114.731804 0.0134 0.0 33.0
5.263353 118.35959 0.0134 0.0 33.0
5.263353 107.476234 0.0135 22.0 31.0
7.0178037 110.651566 0.0135 22.0 31.0
7.0178037 110.651566 0.0136 0.0 32.0
10.089079 112.5824 0.0136 0.0 32.0
7.0178037 110.651566 0.0137 21.0 32.0
8.772255 113.8269 0.0137 21.0 32.0
8.772255 113.8269 0.0138 0.0 33.0
8.772255 117.45468 0.0138 0.0 33.0
8.772255 113.8269 0.0139 20.0 33.0
10.526706 117.00223 0.0139 20.0 33.0
10.526706 117.00223 0.0140 1.0 34.0
13.5979805 118.93306 0.0140 1.0 34.0
13.5979805 118.93306 0.0141 0.0 35.0
17.219988 119.137764 0.0141 0.0 35.0
13.5979805 118.93306 0.0142 0.0 35.0
16.669256 120.86389 0.0142 0.0 35.0
16.669256 120.86389 0.0143 0.0 36.0
18.423708 124.03922 0.0143 0.0 36.0
16.669256 120.86389 0.0144 0.0 36.0
19.740532 122.79472 0.0144 0.0 36.0
10.526706 117.00223 0.0145 19.0 34.0
12.281157 120.17756 0.0145 19.0 34.0
12.281157 120.17756 0.0146 0.0 35.0
15.352432 122.10839 0.0146 0.0 35.0
12.281157 120.17756 0.0147 18.0 35.0
14.035607 123.35289 0.0147 18.0 35.0
14.035607 123.35289 0.0148 0.0 36.0
14.035607 126.980675 0.0148 0.0 36.0
14.035607 123.35289 0.0149 17.0 36.0
15.790058 126.52822 0.0149 17.0 36.0
15.790058 126.52822 0.0150 7.0 37.0
15.790058 130.156 0.0150 7.0 37.0
15.790058 130.156 0.0151 0.0 38.0
17.54451 133.33134 0.0151 0.0 38.0
15.790058 130.156 0.0152 6.0 38.0
15.790058 133.7838 0.0152 6.0 38.0
15.790058 133.7838 0.0153 0.0 39.0
14.035607 136.95914 0.0153 0.0 39.0
15.790058 133.7838 0.0154 5.0 39.0
15.790058 137.41159 0.0154 5.0 39.0
15.790058 137.41159 0.0155 1.0 40.0
14.035607 140.58693 0.0155 1.0 40.0
14.035607 140.58693 0.0156 0.0 41.0
14.035607 144.21472 0.0156 0.0 41.0
14.035607 140.58693 0.0157 0.0 41.0
12.281157 143.76227 0.0157 0.0 41.0
12.281157 143.76227 0.0158 0.0 42.0
9.209881 145.6931 0.0158 0.0 42.0
12.281157 143.76227 0.0159 0.0 42.0
10.526706 146.9376 0.0159 0.0 42.0
15.790058 137.41159 0.0160 4.0 40.0
15.790058 141.03938 0.0160 4.0 40.0
15.790058 141.03938 0.0161 0.0 41.0
17.54451 144.21472 0.0161 0.0 41.0
15.790058 141.03938 0.0162 3.0 41.0
15.790058 144.66718 0.0162 3.0 41.0
15.790058 144.66718 0.0163 0.0 42.0
14.035607 147.84251 0.0163 0.0 42.0
15.790058 144.66718 0.0164 2.0 42.0
15.790058 148.29497 0.0164 2.0 42.0
15.790058 148.29497 0.0165 1.0 43.0
17.54451 151.4703 0.0165 1.0 43.0
17.54451 151.4703 0.0166 0.0 44.0
20.615786 153.40114 0.0166 0.0 44.0
17.54451 151.4703 0.0167 0.0 44.0
19.298962 154.64565 0.0167 0.0 44.0
19.298962 154.64565 0.0168 0.0 45.0
19.298962 158.27344 0.0168 0.0 45.0
19.298962 154.64565 0.0169 0.0 45.0
21.053413 157.82098 0.0169 0.0 45.0
15.790058 148.29497 0.0170 1.0 43.0
15.790058 151.92276 0.0170 1.0 43.0
15.790058 151.92276 0.0171 0.0 44.0
17.54451 155.0981 0.0171 0.0 44.0
15.790058 151.92276 0.0172 0.0 44.0
15.790058 155.55055 0.0172 0.0 44.0
15.790058 155.55055 0.0173 0.0 45.0
14.035607 158.72589 0.0173 0.0 45.0
15.790058 155.55055 0.0174 0.0 45.0
15.790058 159.17834 0.0174 0.0 45.0
15.790058 126.52822 0.0175 16.0 37.0
17.54451 129.70355 0.0175 16.0 37.0
17.54451 129.70355 0.0176 0.0 38.0
20.615786 131.63438 0.0176 0.0 38.0
17.54451 129.70355 0.0177 15.0 38.0
19.298962 132.87889 0.0177 15.0 38.0
19.298962 132.87889 0.0178 0.0 39.0
19.298962 136.50668 0.0178 0.0 39.0
19.298962 132.87889 0.0179 14.0 39.0
21.053413 136.05423 0.0179 14.0 39.0
21.053413 136.05423 0.0180 1.0 40.0
21.053413 139.68202 0.0180 1.0 40.0
21.053413 139.68202 0.0181 0.0 41.0
22.807865 142.85736 0.0181 0.0 41.0
21.053413 139.68202 0.0182 0.0 41.0
21.053413 143.30981 0.0182 0.0 41.0
21.053413 143.30981 0.0183 0.0 42.0
19.298962 146.48515 0.0183 0.0 42.0
21.053413 143.30981 0.0184 0.0 42.0
21.053413 146.9376 0.0184 0.0 42.0
21.053413 136.05423 0.0185 13.0 40.0
22.807865 139.22957 0.0185 13.0 40.0
22.807865 139.22957 0.0186 0.0 41.0
25.87914 141.1604 0.0186 0.0 41.0
22.807865 139.22957 0.0187 12.0 41.0
24.562317 142.4049 0.0187 12.0 41.0
24.562317 142.4049 0.0188 0.0 42.0
24.562317 146.0327 0.0188 0.0 42.0
24.562317 142.4049 0.0189 11.0 42.0
26.316769 145.58025 0.0189 11.0 42.0
26.316769 145.58025 0.0190 1.0 43.0
29.388044 147.51108 0.0190 1.0 43.0
29.388044 147.51108 0.0191 0.0 44.0
33.01005 147.71579 0.0191 0.0 44.0
29.388044 147.51108 0.0192 0.0 44.0
32.45932 149.44191 0.0192 0.0 44.0
32.45932 149.44191 0.0193 0.0 45.0
34.21377 152.61725 0.0193 0.0 45.0
32.45932 149.44191 0.0194 0.0 45.0
35.530594 151.37274 0.0194 0.0 45.0
26.316769 145.58025 0.0195 10.0 43.0
28.07122 148.75558 0.0195 10.0 43.0
28.07122 148.75558 0.0196 0.0 44.0
31.142496 150.68642 0.0196 0.0 44.0
28.07122 148.75558 0.0197 9.0 44.0
29.825672 151.93092 0.0197 9.0 44.0
29.825672 151.93092 0.0198 0.0 45.0
29.825672 155.55872 0.0198 0.0 45.0
29.825672 151.93092 0.0199 8.0 45.0
31.580124 155.10626 0.0199 8.0 45.0
31.580124 155.10626 0.0200 7.0 46.0
34.651398 157.0371 0.0200 7.0 46.0
34.651398 157.0371 0.0201 0.0 47.0
38.273403 157.2418 0.0201 0.0 47.0
34.651398 157.0371 0.0202 6.0 47.0
37.72267 158.96793 0.0202 6.0 47.0
37.72267 158.96793 0.0203 0.0 48.0
39.477123 162.14326 0.0203 0.0 48.0
37.72267 158.96793 0.0204 5.0 48.0
40.793945 160.89876 0.0204 5.0 48.0
40.793945 160.89876 0.0205 1.0 49.0
42.548397 164.0741 0.0205 1.0 49.0
42.548397 164.0741 0.0206 0.0 50.0
45.61967 166.00493 0.0206 0.0 50.0
42.548397 164.0741 0.0207 0.0 50.0
44.30285 167.24944 0.0207 0.0 50.0
44.30285 167.24944 0.0208 0.0 51.0
44.30285 170.87723 0.0208 0.0 51.0
44.30285 167.24944 0.0209 0.0 51.0
46.0573 170.42477 0.0209 0.0 51.0
40.793945 160.89876 0.0210 4.0 49.0
43.86522 162.82959 0.0210 4.0 49.0
43.86522 162.82959 0.0211 0.0 50.0
47.487225 163.0343 0.0211 0.0 50.0
43.86522 162.82959 0.0212 3.0 50.0
46.936493 164.76042 0.0212 3.0 50.0
46.936493 164.76042 0.0213 0.0 51.0
48.690945 167.93576 0.0213 0.0 51.0
46.936493 164.76042 0.0214 2.0 51.0
50.007767 166.69125 0.0214 2.0 51.0
50.007767 166.69125 0.0215 1.0 52.0
53.629772 166.89597 0.0215 1.0 52.0
53.629772 166.89597 0.0216 0.0 53.0
56.899044 165.32349 0.0216 0.0 53.0
53.629772 166.89597 0.0217 0.0 53.0
57.251778 167.10068 0.0217 0.0 53.0
57.251778 167.10068 0.0218 0.0 54.0
60.32305 169.03151 0.0218 0.0 54.0
57.251778 167.10068 0.0219 0.0 54.0
60.873783 167.30539 0.0219 0.0 54.0
50.007767 166.69125 0.0220 1.0 52.0
53.07904 168.62209 0.0220 1.0 52.0
53.07904 168.62209 0.0221 0.0 53.0
56.701046 168.8268 0.0221 0.0 53.0
53.07904 168.62209 0.0222 0.0 53.0
56.150314 170.55292 0.0222 0.0 53.0
56.150314 170.55292 0.0223 0.0 54.0
57.904766 173.72826 0.0223 0.0 54.0
56.150314 170.55292 0.0224 0.0 54.0
59.22159 172.48375 0.0224 0.0 54.0
31.580124 155.10626 0.0225 7.0 46.0
33.334576 158.2816 0.0225 7.0 46.0
33.334576 158.2816 0.0226 0.0 47.0
36.40585 160.21243 0.0226 0.0 47.0
33.334576 158.2816 0.0227 6.0 47.0
35.089027 161.45694 0.0227 6.0 47.0
35.089027 161.45694 0.0228 0.0 48.0
35.089027 165.08473 0.0228 0.0 48.0
35.089027 161.45694 0.0229 5.0 48.0
36.84348 164.63228 0.0229 5.0 48.0
36.84348 164.63228 0.0230 1.0 49.0
36.84348 168.26007 0.0230 1.0 49.0
36.84348 168.26007 0.0231 0.0 50.0
38.59793 171.43541 0.0231 0.0 50.0
36.84348 168.26007 0.0232 0.0 50.0
36.84348 171.88786 0.0232 0.0 50.0
36.84348 171.88786 0.0233 0.0 51.0
35.089027 175.0632 0.0233 0.0 51.0
36.84348 171.88786 0.0234 0.0 51.0
36.84348 175.51566 0.0234 0.0 51.0
36.84348 164.63228 0.0235 4.0 49.0
38.59793 167.80762 0.0235 4.0 49.0
38.59793 167.80762 0.0236 0.0 50.0
41.669205 169.73845 0.0236 0.0 50.0
38.59793 167.80762 0.0237 3.0 50.0
40.352383 170.98296 0.0237 3.0 50.0
40.352383 170.98296 0.0238 0.0 51.0
40.352383 174.61075 0.0238 0.0 51.0
40.352383 170.98296 0.0239 2.0 51.0
42.106834 174.1583 0.0239 2.0 51.0
42.106834 174.1583 0.0240 1.0 52.0
45.17811 176.08913 0.0240 1.0 52.0
45.17811 176.08913 0.0241 0.0 53.0
48.800114 176.29384 0.0241 0.0 53.0
45.17811 176.08913 0.0242 0.0 53.0
48.249382 178.01996 0.0242 0.0 53.0
48.249382 178.01996 0.0243 0.0 54.0
50.003834 181.1953 0.0243 0.0 54.0
48.249382 178.01996 0.0244 0.0 54.0
51.320656 179.95079 0.0244 0.0 54.0
42.106834 174.1583 0.0245 1.0 52.0
43.861286 177.33363 0.0245 1.0 52.0
43.861286 177.33363 0.0246 0.0 53.0
46.93256 179.26447 0.0246 0.0 53.0
43.861286 177.33363 0.0247 0.0 53.0
45.615738 180.50897 0.0247 0.0 53.0
45.615738 180.50897 0.0248 0.0 54.0
45.615738 184.13676 0.0248 0.0 54.0
45.615738 180.50897 0.0249 0.0 54.0
47.37019 183.68431 0.0249 0.0 54.0
0.0 97.95024 0.0250 52.0 28.0
0.0 101.578026 0.0250 52.0 28.0
0.0 101.578026 0.0251 0.0 29.0
1.7544509 104.75336 0.0251 0.0 29.0
0.0 101.578026 0.0252 51.0 29.0
0.0 105.20581 0.0252 51.0 29.0
0.0 105.20581 0.0253 0.0 30.0
-1.7544509 108.38114 0.0253 0.0 30.0
0.0 105.20581 0.0254 50.0 30.0
0.0 108.833595 0.0254 50.0 30.0
0.0 108.833595 0.0255 1.0 31.0
-1.7544509 112.00893 0.0255 1.0 31.0
-1.7544509 112.00893 0.0256 0.0 32.0
-1.7544509 115.63671 0.0256 0.0 32.0
-1.7544509 112.00893 0.0257 0.0 32.0
-3.5089018 115.18426 0.0257 0.0 32.0
-3.5089018 115.18426 0.0258 0.0 33.0
-6.5801773 117.11509 0.0258 0.0 33.0
-3.5089018 115.18426 0.0259 0.0 33.0
-5.263353 118.35959 0.0259 0.0 33.0
0.0 108.833595 0.0260 49.0 31.0
0.0 112.46138 0.0260 49.0 31.0
0.0 112.46138 0.0261 0.0 32.0
1.7544509 115.63671 0.0261 0.0 32.0
0.0 112.46138 0.0262 48.0 32.0
0.0 116.089165 0.0262 48.0 32.0
0.0 116.089165 0.0263 0.0 33.0
-1.7544509 119.264496 0.0263 0.0 33.0
0.0 116.089165 0.0264 47.0 33.0
0.0 119.71695 0.0264 47.0 33.0
0.0 119.71695 0.0265 1.0 34.0
1.7544509 122.89228 0.0265 1.0 34.0
1.7544509 122.89228 0.0266 0.0 35.0
4.825726 124.82311 0.0266 0.0 35.0
1.7544509 122.89228 0.0267 0.0 35.0
3.5089018 126.06761 0.0267 0.0 35.0
3.5089018 126.06761 0.0268 0.0 36.0
3.5089018 129.6954 0.0268 0.0 36.0
3.5089018 126.06761 0.0269 0.0 36.0
5.263353 129.24295 0.0269 0.0 36.0
0.0 119.71695 0.0270 46.0 34.0
0.0 123.344734 0.0270 46.0 34.0
0.0 123.344734 0.0271 0.0 35.0
1.7544509 126.520065 0.0271 0.0 35.0
0.0 123.344734 0.0272 45.0 35.0
0.0 126.97252 0.0272 45.0 35.0
0.0 126.97252 0.0273 0.0 36.0
-1.7544509 130.14786 0.0273 0.0 36.0
0.0 126.97252 0.0274 44.0 36.0
0.0 130.60031 0.0274 44.0 36.0
0.0 130.60031 0.0275 7.0 37.0
-1.7544509 133.77565 0.0275 7.0 37.0
-1.7544509 133.77565 0.0276 0.0 38.0
-1.7544509 137.40344 0.0276 0.0 38.0
-1.7544509 133.77565 0.0277 6.0 38.0
-3.5089018 136.95099 0.0277 6.0 38.0
-3.5089018 136.95099 0.0278 0.0 39.0
-6.5801773 138.88182 0.0278 0.0 39.0
-3.5089018 136.95099 0.0279 5.0 39.0
-5.263353 140.12633 0.0279 5.0 39.0
-5.263353 140.12633 0.0280 1.0 40.0
-8.334628 142.05716 0.0280 1.0 40.0
-8.334628 142.05716 0.0281 0.0 41.0
-10.089079 145.2325 0.0281 0.0 41.0
-8.334628 142.05716 0.0282 0.0 41.0
-11.405903 143.98799 0.0282 0.0 41.0
-11.405903 143.98799 0.0283 0.0 42.0
-15.02791 144.1927 0.0283 0.0 42.0
-11.405903 143.98799 0.0284 0.0 42.0
-14.477179 145.91882 0.0284 0.0 42.0
-5.263353 140.12633 0.0285 4.0 40.0
-7.0178037 143.30167 0.0285 4.0 40.0
-7.0178037 143.30167 0.0286 0.0 41.0
-7.0178037 146.92946 0.0286 0.0 41.0
-7.0178037 143.30167 0.0287 3.0 41.0
-8.772255 146.477 0.0287 3.0 41.0
-8.772255 146.477 0.0288 0.0 42.0
-11.843531 148.40784 0.0288 0.0 42.0
-8.772255 146.477 0.0289 2.0 42.0
-10.526706 149.65234 0.0289 2.0 42.0
-10.526706 149.65234 0.0290 1.0 43.0
-10.526706 153.28014 0.0290 1.0 43.0
-10.526706 153.28014 0.0291 0.0 44.0
-8.772255 156.45547 0.0291 0.0 44.0
-10.526706 153.28014 0.0292 0.0 44.0
-10.526706 156.90793 0.0292 0.0 44.0
-10.526706 156.90793 0.0293 0.0 45.0
-12.281157 160.08327 0.0293 0.0 45.0
-10.526706 156.90793 0.0294 0.0 45.0
-10.526706 160.53572 0.0294 0.0 45.0
-10.526706 149.65234 0.0295 1.0 43.0
-12.281157 152.82768 0.0295 1.0 43.0
-12.281157 152.82768 0.0296 0.0 44.0
-12.281157 156.45547 0.0296 0.0 44.0
-12.281157 152.82768 0.0297 0.0 44.0
-14.035607 156.00302 0.0297 0.0 44.0
-14.035607 156.00302 0.0298 0.0 45.0
-17.106882 157.93385 0.0298 0.0 45.0
-14.035607 156.00302 0.0299 0.0 45.0
-15.790058 159.17836 0.0299 0.0 45.0
0.0 130.60031 0.0300 43.0 37.0
0.0 134.2281 0.0300 43.0 37.0
0.0 134.2281 0.0301 0.0 38.0
1.7544509 137.40344 0.0301 0.0 38.0
0.0 134.2281 0.0302 42.0 38.0
0.0 137.8559 0.0302 42.0 38.0
0.0 137.8559 0.0303 0.0 39.0
-1.7544509 141.03123 0.0303 0.0 39.0
0.0 137.8559 0.0304 41.0 39.0
0.0 141.48369 0.0304 41.0 39.0
0.0 141.48369 0.0305 1.0 40.0
-1.7544509 144.65903 0.0305 1.0 40.0
-1.7544509 144.65903 0.0306 0.0 41.0
-1.7544509 148.28682 0.0306 0.0 41.0
-1.7544509 144.65903 0.0307 0.0 41.0
-3.5089018 147.83437 0.0307 0.0 41.0
-3.5089018 147.83437 0.0308 0.0 42.0
-6.5801773 149.7652 0.0308 0.0 42.0
-3.5089018 147.83437 0.0309 0.0 42.0
-5.263353 151.0097 0.0309 0.0 42.0
0.0 141.48369 0.0310 40.0 40.0
0.0 145.11148 0.0310 40.0 40.0
0.0 145.11148 0.0311 0.0 41.0
1.7544509 148.28682 0.0311 0.0 41.0
0.0 145.11148 0.0312 39.0 41.0
0.0 148.73927 0.0312 39.0 41.0
0.0 148.73927 0.0313 0.0 42.0
-1.7544509 151.91461 0.0313 0.0 42.0
0.0 148.73927 0.0314 38.0 42.0
0.0 152.36707 0.0314 38.0 42.0
0.0 152.36707 0.0315 1.0 43.0
1.7544509 155.5424 0.0315 1.0 43.0
1.7544509 155.5424 0.0316 0.0 44.0
4.825726 157.47324 0.0316 0.0 44.0
1.7544509 155.5424 0.0317 0.0 44.0
3.5089018 158.71774 0.0317 0.0 44.0
3.5089018 158.71774 0.0318 0.0 45.0
3.5089018 162.34554 0.0318 0.0 45.0
3.5089018 158.71774 0.0319 0.0 45.0
5.263353 161.89308 0.0319 0.0 45.0
0.0 152.36707 0.0320 37.0 43.0
0.0 155.99486 0.0320 37.0 43.0
0.0 155.99486 0.0321 0.0 44.0
1.7544509 159.1702 0.0321 0.0 44.0
0.0 155.99486 0.0322 36.0 44.0
0.0 159.62265 0.0322 36.0 44.0
0.0 159.62265 0.0323 0.0 45.0
-1.7544509 162.79799 0.0323 0.0 45.0
0.0 159.62265 0.0324 35.0 45.0
0.0 163.25044 0.0324 35.0 45.0
0.0 163.25044 0.0325 7.0 46.0
1.7544509 166.42578 0.0325 7.0 46.0
1.7544509 166.42578 0.0326 0.0 47.0
4.825726 168.35661 0.0326 0.0 47.0
1.7544509 166.42578 0.0327 6.0 47.0
3.5089018 169.60112 0.0327 6.0 47.0
3.5089018 169.60112 0.0328 0.0 48.0
3.5089018 173.22891 0.0328 0.0 48.0
3.5089018 169.60112 0.0329 5.0 48.0
5.263353 172.77646 0.0329 5.0 48.0
5.263353 172.77646 0.0330 1.0 49.0
5.263353 176.40425 0.0330 1.0 49.0
5.263353 176.40425 0.0331 0.0 50.0
7.0178037 179.57959 0.0331 0.0 50.0
5.263353 176.40425 0.0332 0.0 50.0
5.263353 180.03204 0.0332 0.0 50.0
5.263353 180.03204 0.0333 0.0 51.0
3.508902 183.20738 0.0333 0.0 51.0
5.263353 180.03204 0.0334 0.0 51.0
5.263353 183.65984 0.0334 0.0 51.0
5.263353 172.77646 0.0335 4.0 49.0
7.0178037 175.9518 0.0335 4.0 49.0
7.0178037 175.9518 0.0336 0.0 50.0
10.089079 177.88263 0.0336 0.0 50.0
7.0178037 175.9518 0.0337 3.0 50.0
8.772255 179.12714 0.0337 3.0 50.0
8.772255 179.12714 0.0338 0.0 51.0
8.772255 182.75493 0.0338 0.0 51.0
8.772255 179.12714 0.0339 2.0 51.0
10.526706 182.30247 0.0339 2.0 51.0
10.526706 182.30247 0.0340 1.0 52.0
13.5979805 184.2333 0.0340 1.0 52.0
13.5979805 184.2333 0.0341 0.0 53.0
17.219988 184.43802 0.0341 0.0 53.0
13.5979805 184.2333 0.0342 0.0 53.0
16.669256 186.16414 0.0342 0.0 53.0
16.669256 186.16414 0.0343 0.0 54.0
18.423708 189.33948 0.0343 0.0 54.0
16.669256 186.16414 0.0344 0.0 54.0
19.740532 188.09497 0.0344 0.0 54.0
10.526706 182.30247 0.0345 1.0 52.0
12.281157 185.47781 0.0345 1.0 52.0
12.281157 185.47781 0.0346 0.0 53.0
15.352432 187.40865 0.0346 0.0 53.0
12.281157 185.47781 0.0347 0.0 53.0
14.035607 188.65315 0.0347 0.0 53.0
14.035607 188.65315 0.0348 0.0 54.0
14.035607 192.28094 0.0348 0.0 54.0
14.035607 188.65315 0.0349 0.0 54.0
15.790058 191.82849 0.0349 0.0 54.0
0.0 163.25044 0.0350 34.0 46.0
0.0 166.87823 0.0350 34.0 46.0
0.0 166.87823 0.0351 0.0 47.0
1.7544509 170.05357 0.0351 0.0 47.0
0.0 166.87823 0.0352 33.0 47.0
0.0 170.50603 0.0352 33.0 47.0
0.0 170.50603 0.0353 0.0 48.0
-1.7544509 173.68137 0.0353 0.0 48.0
0.0 170.50603 0.0354 32.0 48.0
0.0 174.13382 0.0354 32.0 48.0
0.0 174.13382 0.0355 1.0 49.0
-1.7544509 177.30916 0.0355 1.0 49.0
-1.7544509 177.30916 0.0356 0.0 50.0
-1.7544509 180.93695 0.0356 0.0 50.0
-1.7544509 177.30916 0.0357 0.0 50.0
-3.5089018 180.4845 0.0357 0.0 50.0
-3.5089018 180.4845 0.0358 0.0 51.0
-6.5801773 182.41533 0.0358 0.0 51.0
-3.5089018 180.4845 0.0359 0.0 51.0
-5.263353 183.65984 0.0359 0.0 51.0
0.0 174.13382 0.0360 31.0 49.0
0.0 177.76161 0.0360 31.0 49.0
0.0 177.76161 0.0361 0.0 50.0
1.7544509 180.93695 0.0361 0.0 50.0
0.0 177.76161 0.0362 30.0 50.0
0.0 181.3894 0.0362 30.0 50.0
0.0 181.3894 0.0363 0.0 51.0
-1.7544509 184.56474 0.0363 0.0 51.0
0.0 181.3894 0.0364 29.0 51.0
0.0 185.0172 0.0364 29.0 51.0
0.0 185.0172 0.0365 1.0 52.0
1.7544509 188.19254 0.0365 1.0 52.0
1.7544509 188.19254 0.0366 0.0 53.0
4.825726 190.12337 0.0366 0.0 53.0
1.7544509 188.19254 0.0367 0.0 53.0
3.5089018 191.36787 0.0367 0.0 53.0
3.5089018 191.36787 0.0368 0.0 54.0
3.5089018 194.99567 0.0368 0.0 54.0
3.5089018 191.36787 0.0369 0.0 54.0
5.263353 194.54321 0.0369 0.0 54.0
0.0 185.0172 0.0370 28.0 52.0
0.0 188.64499 0.0370 28.0 52.0
0.0 188.64499 0.0371 0.0 53.0
1.7544509 191.82033 0.0371 0.0 53.0
0.0 188.64499 0.0372 27.0 53.0
0.0 192.27278 0.0372 27.0 53.0
0.0 192.27278 0.0373 0.0 54.0
-1.7544509 195.44812 0.0373 0.0 54.0
0.0 192.27278 0.0374 26.0 54.0
0.0 195.90057 0.0374 26.0 54.0
0.0 195.90057 0.0375 25.0 55.0
-1.7544509 199.07591 0.0375 25.0 55.0
-1.7544509 199.07591 0.0376 0.0 56.0
-1.7544509 202.7037 0.0376 0.0 56.0
-1.7544509 199.07591 0.0377 24.0 56.0
-3.5089018 202.25125 0.0377 24.0 56.0
-3.5089018 202.25125 0.0378 0.0 57.0
-6.5801773 204.18208 0.0378 0.0 57.0
-3.5089018 202.25125 0.0379 23.0 57.0
-5.263353 205.42659 0.0379 23.0 57.0
-5.263353 205.42659 0.0380 1.0 58.0
-8.334628 207.35742 0.0380 1.0 58.0
-8.334628 207.35742 0.0381 0.0 59.0
-10.089079 210.53276 0.0381 0.0 59.0
-8.334628 207.35742 0.0382 0.0 59.0
-11.405903 209.28825 0.0382 0.0 59.0
-11.405903 209.28825 0.0383 0.0 60.0
-15.02791 209.49297 0.0383 0.0 60.0
-11.405903 209.28825 0.0384 0.0 60.0
-14.477179 211.21909 0.0384 0.0 60.0
-5.263353 205.42659 0.0385 22.0 58.0
-7.0178037 208.60193 0.0385 22.0 58.0
-7.0178037 208.60193 0.0386 0.0 59.0
-7.0178037 212.22972 0.0386 0.0 59.0
-7.0178037 208.60193 0.0387 21.0 59.0
-8.772255 211.77727 0.0387 21.0 59.0
-8.772255 211.77727 0.0388 0.0 60.0
-11.843531 213.7081 0.0388 0.0 60.0
-8.772255 211.77727 0.0389 20.0 60.0
-10.526706 214.9526 0.0389 20.0 60.0
-10.526706 214.9526 0.0390 1.0 61.0
-10.526706 218.5804 0.0390 1.0 61.0
-10.526706 218.5804 0.0391 0.0 62.0
-8.772255 221.75574 0.0391 0.0 62.0
-10.526706 218.5804 0.0392 0.0 62.0
-10.526706 222.20819 0.0392 0.0 62.0
-10.526706 222.20819 0.0393 0.0 63.0
-12.281157 225.38353 0.0393 0.0 63.0
-10.526706 222.20819 0.0394 0.0 63.0
-10.526706 225.83598 0.0394 0.0 63.0
-10.526706 214.9526 0.0395 19.0 61.0
-12.281157 218.12794 0.0395 19.0 61.0
-12.281157 218.12794 0.0396 0.0 62.0
-12.281157 221.75574 0.0396 0.0 62.0
-12.281157 218.12794 0.0397 18.0 62.0
-14.035607 221.30328 0.0397 18.0 62.0
-14.035607 221.30328 0.0398 0.0 63.0
-17.106882 223.23412 0.0398 0.0 63.0
-14.035607 221.30328 0.0399 17.0 63.0
-15.790058 224.47862 0.0399 17.0 63.0
-15.790058 224.47862 0.0400 7.0 64.0
-18.861334 226.40945 0.0400 7.0 64.0
-18.861334 226.40945 0.0401 0.0 65.0
-20.615786 229.5848 0.0401 0.0 65.0
-18.861334 226.40945 0.0402 6.0 65.0
-21.93261 228.34029 0.0402 6.0 65.0
-21.93261 228.34029 0.0403 0.0 66.0
-25.554617 228.545 0.0403 0.0 66.0
-21.93261 228.34029 0.0404 5.0 66.0
-25.003885 230.27112 0.0404 5.0 66.0
-25.003885 230.27112 0.0405 1.0 67.0
-28.625893 230.47583 0.0405 1.0 67.0
-28.625893 230.47583 0.0406 0.0 68.0
-31.697168 232.40666 0.0406 0.0 68.0
-28.625893 230.47583 0.0407 0.0 68.0
-32.2479 230.68054 0.0407 0.0 68.0
-32.2479 230.68054 0.0408 0.0 69.0
-35.51717 229.10806 0.0408 0.0 69.0
-32.2479 230.68054 0.0409 0.0 69.0
-35.869904 230.88525 0.0409 0.0 69.0
-25.003885 230.27112 0.0410 4.0 67.0
-28.075161 232.20195 0.0410 4.0 67.0
-28.075161 232.20195 0.0411 0.0 68.0
-29.829613 235.37729 0.0411 0.0 68.0
-28.075161 232.20195 0.0412 3.0 68.0
-31.146437 234.13278 0.0412 3.0 68.0
-31.146437 234.13278 0.0413 0.0 69.0
-34.768444 234.3375 0.0413 0.0 69.0
-31.146437 234.13278 0.0414 2.0 69.0
-34.217712 236.06361 0.0414 2.0 69.0
-34.217712 236.06361 0.0415 1.0 70.0
-35.972164 239.23895 0.0415 1.0 70.0
-35.972164 239.23895 0.0416 0.0 71.0
-35.972164 242.86674 0.0416 0.0 71.0
-35.972164 239.23895 0.0417 0.0 71.0
-37.726616 242.41429 0.0417 0.0 71.0
-37.726616 242.41429 0.0418 0.0 72.0
-40.79789 244.34512 0.0418 0.0 72.0
-37.726616 242.41429 0.0419 0.0 72.0
-39.481068 245.58963 0.0419 0.0 72.0
-34.217712 236.06361 0.0420 1.0 70.0
-37.288986 237.99445 0.0420 1.0 70.0
-37.288986 237.99445 0.0421 0.0 71.0
-39.043438 241.16978 0.0421 0.0 71.0
-37.288986 237.99445 0.0422 0.0 71.0
-40.36026 239.92528 0.0422 0.0 71.0
-40.36026 239.92528 0.0423 0.0 72.0
-43.982265 240.12999 0.0423 0.0 72.0
-40.36026 239.92528 0.0424 0.0 72.0
-43.431534 241.85611 0.0424 0.0 72.0
-15.790058 224.47862 0.0425 16.0 64.0
-17.54451 227.65396 0.0425 16.0 64.0
-17.54451 227.65396 0.0426 0.0 65.0
-17.54451 231.28175 0.0426 0.0 65.0
-17.54451 227.65396 0.0427 15.0 65.0
-19.298962 230.8293 0.0427 15.0 65.0
-19.298962 230.8293 0.0428 0.0 66.0
-22.370237 232.76013 0.0428 0.0 66.0
-19.298962 230.8293 0.0429 14.0 66.0
-21.053413 234.00464 0.0429 14.0 66.0
-21.053413 234.00464 0.0430 1.0 67.0
-24.12469 235.93547 0.0430 1.0 67.0
-24.12469 235.93547 0.0431 0.0 68.0
-25.87914 239.11081 0.0431 0.0 68.0
-24.12469 235.93547 0.0432 0.0 68.0
-27.195965 237.8663 0.0432 0.0 68.0
-27.195965 237.8663 0.0433 0.0 69.0
-30.817972 238.07101 0.0433 0.0 69.0
-27.195965 237.8663 0.0434 0.0 69.0
-30.26724 239.79713 0.0434 0.0 69.0
-21.053413 234.00464 0.0435 13.0 67.0
-22.807865 237.17998 0.0435 13.0 67.0
-22.807865 237.17998 0.0436 0.0 68.0
-22.807865 240.80777 0.0436 0.0 68.0
-22.807865 237.17998 0.0437 12.0 68.0
-24.562317 240.35532 0.0437 12.0 68.0
-24.562317 240.35532 0.0438 0.0 69.0
-27.633593 242.28615 0.0438 0.0 69.0
-24.562317 240.35532 0.0439 11.0 69.0
-26.316769 243.53065 0.0439 11.0 69.0
-26.316769 243.53065 0.0440 1.0 70.0
-26.316769 247.15845 0.0440 1.0 70.0
-26.316769 247.15845 0.0441 0.0 71.0
-24.562317 250.33379 0.0441 0.0 71.0
-26.316769 247.15845 0.0442 0.0 71.0
-26.316769 250.78624 0.0442 0.0 71.0
-26.316769 250.78624 0.0443 0.0 72.0
-28.07122 253.96158 0.0443 0.0 72.0
-26.316769 250.78624 0.0444 0.0 72.0
-26.316769 254.41403 0.0444 0.0 72.0
-26.316769 243.53065 0.0445 10.0 70.0
-28.07122 246.706 0.0445 10.0 70.0
-28.07122 246.706 0.0446 0.0 71.0
-28.07122 250.33379 0.0446 0.0 71.0
-28.07122 246.706 0.0447 9.0 71.0
-29.825672 249.88133 0.0447 9.0 71.0
-29.825672 249.88133 0.0448 0.0 72.0
-32.896946 251.81216 0.0448 0.0 72.0
-29.825672 249.88133 0.0449 8.0 72.0
-31.580124 253.05667 0.0449 8.0 72.0
-31.580124 253.05667 0.0450 7.0 73.0
-31.580124 256.68445 0.0450 7.0 73.0
-31.580124 256.68445 0.0451 0.0 74.0
-29.825672 259.85977 0.0451 0.0 74.0
-31.580124 256.68445 0.0452 6.0 74.0
-31.580124 260.31223 0.0452 6.0 74.0
-31.580124 260.31223 0.0453 0.0 75.0
-33.334576 263.48755 0.0453 0.0 75.0
-31.580124 260.31223 0.0454 5.0 75.0
-31.580124 263.94 0.0454 5.0 75.0
-31.580124 263.94 0.0455 1.0 76.0
-33.334576 267.11533 0.0455 1.0 76.0
-33.334576 267.11533 0.0456 0.0 77.0
-33.334576 270.7431 0.0456 0.0 77.0
-33.334576 267.11533 0.0457 0.0 77.0
-35.089027 270.29065 0.0457 0.0 77.0
-35.089027 270.29065 0.0458 0.0 78.0
-38.1603 272.22147 0.0458 0.0 78.0
-35.089027 270.29065 0.0459 0.0 78.0
-36.84348 273.46597 0.0459 0.0 78.0
-31.580124 263.94 0.0460 4.0 76.0
-31.580124 267.56778 0.0460 4.0 76.0
-31.580124 267.56778 0.0461 0.0 77.0
-29.825672 270.7431 0.0461 0.0 77.0
-31.580124 267.56778 0.0462 3.0 77.0
-31.580124 271.19556 0.0462 3.0 77.0
-31.580124 271.19556 0.0463 0.0 78.0
-33.334576 274.37088 0.0463 0.0 78.0
-31.580124 271.19556 0.0464 2.0 78.0
-31.580124 274.82333 0.0464 2.0 78.0
-31.580124 274.82333 0.0465 1.0 79.0
-29.825672 277.99866 0.0465 1.0 79.0
-29.825672 277.99866 0.0466 0.0 80.0
-26.754396 279.92947 0.0466 0.0 80.0
-29.825672 277.99866 0.0467 0.0 80.0
-28.07122 281.17398 0.0467 0.0 80.0
-28.07122 281.17398 0.0468 0.0 81.0
-28.07122 284.80176 0.0468 0.0 81.0
-28.07122 281.17398 0.0469 0.0 81.0
-26.316769 284.3493 0.0469 0.0 81.0
-31.580124 274.82333 0.0470 1.0 79.0
-31.580124 278.4511 0.0470 1.0 79.0
-31.580124 278.4511 0.0471 0.0 80.0
-29.825672 281.62643 0.0471 0.0 80.0
-31.580124 278.4511 0.0472 0.0 80.0
-31.580124 282.0789 0.0472 0.0 80.0
-31.580124 282.0789 0.0473 0.0 81.0
-33.334576 285.2542 0.0473 0.0 81.0
-31.580124 282.0789 0.0474 0.0 81.0
-31.580124 285.70667 0.0474 0.0 81.0
-31.580124 253.05667 0.0475 7.0 73.0
-33.334576 256.232 0.0475 7.0 73.0
-33.334576 256.232 0.0476 0.0 74.0
-33.334576 259.85977 0.0476 0.0 74.0
-33.334576 256.232 0.0477 6.0 74.0
-35.089027 259.40732 0.0477 6.0 74.0
-35.089027 259.40732 0.0478 0.0 75.0
-38.1603 261.33813 0.0478 0.0 75.0
-35.089027 259.40732 0.0479 5.0 75.0
-36.84348 262.58264 0.0479 5.0 75.0
-36.84348 262.58264 0.0480 1.0 76.0
-39.914753 264.51346 0.0480 1.0 76.0
-39.914753 264.51346 0.0481 0.0 77.0
-41.669205 267.68878 0.0481 0.0 77.0
-39.914753 264.51346 0.0482 0.0 77.0
-42.986027 266.44427 0.0482 0.0 77.0
-42.986027 266.44427 0.0483 0.0 78.0
-46.608032 266.649 0.0483 0.0 78.0
-42.986027 266.44427 0.0484 0.0 78.0
-46.0573 268.3751 0.0484 0.0 78.0
-36.84348 262.58264 0.0485 4.0 76.0
-38.59793 265.75797 0.0485 4.0 76.0
-38.59793 265.75797 0.0486 0.0 77.0
-38.59793 269.38574 0.0486 0.0 77.0
-38.59793 265.75797 0.0487 3.0 77.0
-40.352383 268.9333 0.0487 3.0 77.0
-40.352383 268.9333 0.0488 0.0 78.0
-43.423656 270.8641 0.0488 0.0 78.0
-40.352383 268.9333 0.0489 2.0 78.0
-42.106834 272.1086 0.0489 2.0 78.0
-42.106834 272.1086 0.0490 1.0 79.0
-42.106834 275.7364 0.0490 1.0 79.0
-42.106834 275.7364 0.0491 0.0 80.0
-40.352383 278.9117 0.0491 0.0 80.0
-42.106834 275.7364 0.0492 0.0 80.0
-42.106834 279.36417 0.0492 0.0 80.0
-42.106834 279.36417 0.0493 0.0 81.0
-43.861286 282.5395 0.0493 0.0 81.0
-42.106834 279.36417 0.0494 0.0 81.0
-42.106834 282.99194 0.0494 0.0 81.0
-42.106834 272.1086 0.0495 1.0 79.0
-43.861286 275.28394 0.0495 1.0 79.0
-43.861286 275.28394 0.0496 0.0 80.0
-43.861286 278.9117 0.0496 0.0 80.0
-43.861286 275.28394 0.0497 0.0 80.0
-45.615738 278.45926 0.0497 0.0 80.0
-45.615738 278.45926 0.0498 0.0 81.0
-48.68701 280.39008 0.0498 0.0 81.0
-45.615738 278.45926 0.0499 0.0 81.0
-47.37019 281.63458 0.0499 0.0 81.0
0.0 195.90057 0.0500 25.0 55.0
0.0 199.52837 0.0500 25.0 55.0
0.0 199.52837 0.0501 0.0 56.0
1.7544509 202.7037 0.0501 0.0 56.0
0.0 199.52837 0.0502 24.0 56.0
0.0 203.15616 0.0502 24.0 56.0
0.0 203.15616 0.0503 0.0 57.0
-1.7544509 206.3315 0.0503 0.0 57.0
0.0 203.15616 0.0504 23.0 57.0
0.0 206.78395 0.0504 23.0 57.0
0.0 206.78395 0.0505 1.0 58.0
-1.7544509 209.95929 0.0505 1.0 58.0
-1.7544509 209.95929 0.0506 0.0 59.0
-1.7544509 213.58708 0.0506 0.0 59.0
-1.7544509 209.95929 0.0507 0.0 59.0
-3.5089018 213.13463 0.0507 0.0 59.0
-3.5089018 213.13463 0.0508 0.0 60.0
-6.5801773 215.06546 0.0508 0.0 60.0
-3.5089018 213.13463 0.0509 0.0 60.0
-5.263353 216.30997 0.0509 0.0 60.0
0.0 206.78395 0.0510 22.0 58.0
0.0 210.41174 0.0510 22.0 58.0
0.0 210.41174 0.0511 0.0 59.0
1.7544509 213.58708 0.0511 0.0 59.0
0.0 210.41174 0.0512 21.0 59.0
0.0 214.03954 0.0512 21.0 59.0
0.0 214.03954 0.0513 0.0 60.0
-1.7544509 217.21487 0.0513 0.0 60.0
0.0 214.03954 0.0514 20.0 60.0
0.0 217.66733 0.0514 20.0 60.0
0.0 217.66733 0.0515 1.0 61.0
1.7544509 220.84267 0.0515 1.0 61.0
1.7544509 220.84267 0.0516 0.0 62.0
4.825726 222.7735 0.0516 0.0 62.0
1.7544509 220.84267 0.0517 0.0 62.0
3.5089018 224.018 0.0517 0.0 62.0
3.5089018 224.018 0.0518 0.0 63.0
3.5089018 227.6458 0.0518 0.0 63.0
3.5089018 224.018 0.0519 0.0 63.0
5.263353 227.19334 0.0519 0.0 63.0
0.0 217.66733 0.0520 19.0 61.0
0.0 221.29512 0.0520 19.0 61.0
0.0 221.29512 0.0521 0.0 62.0
1.7544509 224.47046 0.0521 0.0 62.0
0.0 221.29512 0.0522 18.0 62.0
0.0 224.92291 0.0522 18.0 62.0
0.0 224.92291 0.0523 0.0 63.0
-1.7544509 228.09825 0.0523 0.0 63.0
0.0 224.92291 0.0524 17.0 63.0
0.0 228.5507 0.0524 17.0 63.0
0.0 228.5507 0.0525 7.0 64.0
-1.7544509 231.72604 0.0525 7.0 64.0
-1.7544509 231.72604 0.0526 0.0 65.0
-1.7544509 235.35384 0.0526 0.0 65.0
-1.7544509 231.72604 0.0527 6.0 65.0
-3.5089018 234.90138 0.0527 6.0 65.0
-3.5089018 234.90138 0.0528 0.0 66.0
-6.5801773 236.83221 0.0528 0.0 66.0
-3.5089018 234.90138 0.0529 5.0 66.0
-5.263353 238.07672 0.0529 5.0 66.0
-5.263353 238.07672 0.0530 1.0 67.0
-8.334628 240.00755 0.0530 1.0 67.0
-8.334628 240.00755 0.0531 0.0 68.0
-10.089079 243.18289 0.0531 0.0 68.0
-8.334628 240.00755 0.0532 0.0 68.0
-11.405903 241.93839 0.0532 0.0 68.0
-11.405903 241.93839 0.0533 0.0 69.0
-15.02791 242.1431 0.0533 0.0 69.0
-11.405903 241.93839 0.0534 0.0 69.0
-14.477179 243.86922 0.0534 0.0 69.0
-5.263353 238.07672 0.0535 4.0 67.0
-7.0178037 241.25206 0.0535 4.0 67.0
-7.0178037 241.25206 0.0536 0.0 68.0
-7.0178037 244.87985 0.0536 0.0 68.0
-7.0178037 241.25206 0.0537 3.0 68.0
-8.772255 244.4274 0.0537 3.0 68.0
-8.772255 244.4274 0.0538 0.0 69.0
-11.843531 246.35823 0.0538 0.0 69.0
-8.772255 244.4274 0.0539 2.0 69.0
-10.526706 247.60274 0.0539 2.0 69.0
-10.526706 247.60274 0.0540 1.0 70.0
-10.526706 251.23053 0.0540 1.0 70.0
-10.526706 251.23053 0.0541 0.0 71.0
-8.772255 254.40587 0.0541 0.0 71.0
-10.526706 251.23053 0.0542 0.0 71.0
-10.526706 254.85832 0.0542 0.0 71.0
-10.526706 254.85832 0.0543 0.0 72.0
-12.281157 258.03366 0.0543 0.0 72.0
-10.526706 254.85832 0.0544 0.0 72.0
-10.526706 258.4861 0.0544 0.0 72.0
-10.526706 247.60274 0.0545 1.0 70.0
-12.281157 250.77808 0.0545 1.0 70.0
-12.281157 250.77808 0.0546 0.0 71.0
-12.281157 254.40587 0.0546 0.0 71.0
-12.281157 250.77808 0.0547 0.0 71.0
-14.035607 253.95341 0.0547 0.0 71.0
-14.035607 253.95341 0.0548 0.0 72.0
-17.106882 255.88425 0.0548 0.0 72.0
-14.035607 253.95341 0.0549 0.0 72.0
-15.790058 257.12875 0.0549 0.0 72.0
0.0 228.5507 0.0550 16.0 64.0
0.0 232.1785 0.0550 16.0 64.0
0.0 232.1785 0.0551 0.0 65.0
1.7544509 235.35384 0.0551 0.0 65.0
0.0 232.1785 0.0552 15.0 65.0
0.0 235.80629 0.0552 15.0 65.0
0.0 235.80629 0.0553 0.0 66.0
-1.7544509 238.98163 0.0553 0.0 66.0
0.0 235.80629 0.0554 14.0 66.0
0.0 239.43408 0.0554 14.0 66.0
0.0 239.43408 0.0555 1.0 67.0
-1.7544509 242.60942 0.0555 1.0 67.0
-1.7544509 242.60942 0.0556 0.0 68.0
-1.7544509 246.23721 0.0556 0.0 68.0
-1.7544509 242.60942 0.0557 0.0 68.0
-3.5089018 245.78476 0.0557 0.0 68.0
-3.5089018 245.78476 0.0558 0.0 69.0
-6.5801773 247.71559 0.0558 0.0 69.0
-3.5089018 245.78476 0.0559 0.0 69.0
-5.263353 248.9601 0.0559 0.0 69.0
0.0 239.43408 0.0560 13.0 67.0
0.0 243.06187 0.0560 13.0 67.0
0.0 243.06187 0.0561 0.0 68.0
1.7544509 246.23721 0.0561 0.0 68.0
0.0 243.06187 0.0562 12.0 68.0
0.0 246.68967 0.0562 12.0 68.0
0.0 246.68967 0.0563 0.0 69.0
-1.7544509 249.865 0.0563 0.0 69.0
0.0 246.68967 0.0564 11.0 69.0
0.0 250.31746 0.0564 11.0 69.0
0.0 250.31746 0.0565 1.0 70.0
1.7544509 253.4928 0.0565 1.0 70.0
1.7544509 253.4928 0.0566 0.0 71.0
4.825726 255.42363 0.0566 0.0 71.0
1.7544509 253.4928 0.0567 0.0 71.0
3.5089018 256.66812 0.0567 0.0 71.0
3.5089018 256.66812 0.0568 0.0 72.0
3.5089018 260.2959 0.0568 0.0 72.0
3.5089018 256.66812 0.0569 0.0 72.0
5.263353 259.84344 0.0569 0.0 72.0
0.0 250.31746 0.0570 10.0 70.0
0.0 253.94525 0.0570 10.0 70.0
0.0 253.94525 0.0571 0.0 71.0
1.7544509 257.12057 0.0571 0.0 71.0
0.0 253.94525 0.0572 9.0 71.0
0.0 257.57303 0.0572 9.0 71.0
0.0 257.57303 0.0573 0.0 72.0
-1.7544509 260.74835 0.0573 0.0 72.0
0.0 257.57303 0.0574 8.0 72.0
0.0 261.2008 0.0574 8.0 72.0
0.0 261.2008 0.0575 7.0 73.0
1.7544509 264.37613 0.0575 7.0 73.0
1.7544509 264.37613 0.0576 0.0 74.0
4.825726 266.30695 0.0576 0.0 74.0
1.7544509 264.37613 0.0577 6.0 74.0
3.5089018 267.55145 0.0577 6.0 74.0
3.5089018 267.55145 0.0578 0.0 75.0
3.5089018 271.17923 0.0578 0.0 75.0
3.5089018 267.55145 0.0579 5.0 75.0
5.263353 270.72678 0.0579 5.0 75.0
5.263353 270.72678 0.0580 1.0 76.0
5.263353 274.35455 0.0580 1.0 76.0
5.263353 274.35455 0.0581 0.0 77.0
7.0178037 277.52988 0.0581 0.0 77.0
5.263353 274.35455 0.0582 0.0 77.0
5.263353 277.98233 0.0582 0.0 77.0
5.263353 277.98233 0.0583 0.0 78.0
3.508902 281.15765 0.0583 0.0 78.0
5.263353 277.98233 0.0584 0.0 78.0
5.263353 281.6101 0.0584 0.0 78.0
5.263353 270.72678 0.0585 4.0 76.0
7.0178037 273.9021 0.0585 4.0 76.0
7.0178037 273.9021 0.0586 0.0 77.0
10.089079 275.83292 0.0586 0.0 77.0
7.0178037 273.9021 0.0587 3.0 77.0
8.772255 277.07742 0.0587 3.0 77.0
8.772255 277.07742 0.0588 0.0 78.0
8.772255 280.7052 0.0588 0.0 78.0
8.772255 277.07742 0.0589 2.0 78.0
10.526706 280.25275 0.0589 2.0 78.0
10.526706 280.25275 0.0590 1.0 79.0
13.5979805 282.18356 0.0590 1.0 79.0
13.5979805 282.18356 0.0591 0.0 80.0
17.219988 282.38828 0.0591 0.0 80.0
13.5979805 282.18356 0.0592 0.0 80.0
16.669256 284.11438 0.0592 0.0 80.0
16.669256 284.11438 0.0593 0.0 81.0
18.423708 287.2897 0.0593 0.0 81.0
16.669256 284.11438 0.0594 0.0 81.0
19.740532 286.0452 0.0594 0.0 81.0
10.526706 280.25275 0.0595 1.0 79.0
12.281157 283.42807 0.0595 1.0 79.0
12.281157 283.42807 0.0596 0.0 80.0
15.352432 285.3589 0.0596 0.0 80.0
12.281157 283.42807 0.0597 0.0 80.0
14.035607 286.6034 0.0597 0.0 80.0
14.035607 286.6034 0.0598 0.0 81.0
14.035607 290.23117 0.0598 0.0 81.0
14.035607 286.6034 0.0599 0.0 81.0
15.790058 289.77872 0.0599 0.0 81.0
0.0 261.2008 0.0600 7.0 73.0
0.0 264.82858 0.0600 7.0 73.0
0.0 264.82858 0.0601 0.0 74.0
1.7544509 268.0039 0.0601 0.0 74.0
0.0 264.82858 0.0602 6.0 74.0
0.0 268.45636 0.0602 6.0 74.0
0.0 268.45636 0.0603 0.0 75.0
-1.7544509 271.63168 0.0603 0.0 75.0
0.0 268.45636 0.0604 5.0 75.0
0.0 272.08414 0.0604 5.0 75.0
0.0 272.08414 0.0605 1.0 76.0
-1.7544509 275.25946 0.0605 1.0 76.0
-1.7544509 275.25946 0.0606 0.0 77.0
-1.7544509 278.88724 0.0606 0.0 77.0
-1.7544509 275.25946 0.0607 0.0 77.0
-3.5089018 278.43478 0.0607 0.0 77.0
-3.5089018 278.43478 0.0608 0.0 78.0
-6.5801773 280.3656 0.0608 0.0 78.0
-3.5089018 278.43478 0.0609 0.0 78.0
-5.263353 281.6101 0.0609 0.0 78.0
0.0 272.08414 0.0610 4.0 76.0
0.0 275.7119 0.0610 4.0 76.0
0.0 275.7119 0.0611 0.0 77.0
1.7544509 278.88724 0.0611 0.0 77.0
0.0 275.7119 0.0612 3.0 77.0
0.0 279.3397 0.0612 3.0 77.0
0.0 279.3397 0.0613 0.0 78.0
-1.7544509 282.515 0.0613 0.0 78.0
0.0 279.3397 0.0614 2.0 78.0
0.0 282.96747 0.0614 2.0 78.0
0.0 282.96747 0.0615 1.0 79.0
1.7544509 286.1428 0.0615 1.0 79.0
1.7544509 286.1428 0.0616 0.0 80.0
4.825726 288.0736 0.0616 0.0 80.0
1.7544509 286.1428 0.0617 0.0 80.0
3.5089018 289.3181 0.0617 0.0 80.0
3.5089018 289.3181 0.0618 0.0 81.0
3.5089018 292.9459 0.0618 0.0 81.0
3.5089018 289.3181 0.0619 0.0 81.0
5.263353 292.49344 0.0619 0.0 81.0
0.0 282.96747 0.0620 1.0 79.0
0.0 286.59525 0.0620 1.0 79.0
0.0 286.59525 0.0621 0.0 80.0
1.7544509 289.77057 0.0621 0.0 80.0
0.0 286.59525 0.0622 0.0 80.0
0.0 290.22302 0.0622 0.0 80.0
0.0 290.22302 0.0623 0.0 81.0
-1.7544509 293.39835 0.0623 0.0 81.0
0.0 290.22302 0.0624 0.0 81.0
0.0 293.8508 0.0624 0.0 81.0
