0.0 0.0 0.00 79.0 1.0
0.0 3.3380764 0.00 79.0 1.0
0.0 3.3380764 0.01 0.0 2.0
1.6470357 6.2415276 0.01 0.0 2.0
0.0 3.3380764 0.02 78.0 2.0
0.0 6.6761527 0.02 78.0 2.0
0.0 6.6761527 0.03 0.0 3.0
-1.6470357 9.579603 0.03 0.0 3.0
0.0 6.6761527 0.04 77.0 3.0
0.0 10.014229 0.04 77.0 3.0
0.0 10.014229 0.05 1.0 4.0
-1.6470357 12.91768 0.05 1.0 4.0
-1.6470357 12.91768 0.06 0.0 5.0
-1.6470357 16.255756 0.06 0.0 5.0
-1.6470357 12.91768 0.07 0.0 5.0
-3.2940714 15.821131 0.07 0.0 5.0
-3.2940714 15.821131 0.08 0.0 6.0
-6.159247 17.533884 0.08 0.0 6.0
-3.2940714 15.821131 0.09 0.0 6.0
-4.9411073 18.724583 0.09 0.0 6.0
0.0 10.014229 0.010 76.0 4.0
0.0 13.352305 0.010 76.0 4.0
0.0 13.352305 0.011 0.0 5.0
1.6470357 16.255756 0.011 0.0 5.0
0.0 13.352305 0.012 75.0 5.0
0.0 16.690382 0.012 75.0 5.0
0.0 16.690382 0.013 0.0 6.0
-1.6470357 19.593834 0.013 0.0 6.0
0.0 16.690382 0.014 74.0 6.0
0.0 20.028458 0.014 74.0 6.0
0.0 20.028458 0.015 1.0 7.0
1.6470357 22.931908 0.015 1.0 7.0
1.6470357 22.931908 0.016 0.0 8.0
4.5122113 24.64466 0.016 0.0 8.0
1.6470357 22.931908 0.017 0.0 8.0
3.2940714 25.835358 0.017 0.0 8.0
3.2940714 25.835358 0.018 0.0 9.0
3.2940714 29.173433 0.018 0.0 9.0
3.2940714 25.835358 0.019 0.0 9.0
4.9411073 28.738808 0.019 0.0 9.0
0.0 20.028458 0.020 73.0 7.0
0.0 23.366533 0.020 73.0 7.0
0.0 23.366533 0.021 0.0 8.0
1.6470357 26.269985 0.021 0.0 8.0
0.0 23.366533 0.022 72.0 8.0
0.0 26.704609 0.022 72.0 8.0
0.0 26.704609 0.023 0.0 9.0
-1.6470357 29.608059 0.023 0.0 9.0
0.0 26.704609 0.024 71.0 9.0
0.0 30.042685 0.024 71.0 9.0
0.0 30.042685 0.025 7.0 10.0
-1.6470357 32.946136 0.025 7.0 10.0
-1.6470357 32.946136 0.026 0.0 11.0
-1.6470357 36.284214 0.026 0.0 11.0
-1.6470357 32.946136 0.027 6.0 11.0
-3.2940714 35.849586 0.027 6.0 11.0
-3.2940714 35.849586 0.028 0.0 12.0
-6.159247 37.56234 0.028 0.0 12.0
-3.2940714 35.849586 0.029 5.0 12.0
-4.9411073 38.753036 0.029 5.0 12.0
-4.9411073 38.753036 0.030 1.0 13.0
-7.806283 40.46579 0.030 1.0 13.0
-7.806283 40.46579 0.031 0.0 14.0
-9.453319 43.36924 0.031 0.0 14.0
-7.806283 40.46579 0.032 0.0 14.0
-10.671458 42.178543 0.032 0.0 14.0
-10.671458 42.178543 0.033 0.0 15.0
-14.008669 42.25459 0.033 0.0 15.0
-10.671458 42.178543 0.034 0.0 15.0
-13.5366335 43.891296 0.034 0.0 15.0
-4.9411073 38.753036 0.035 4.0 13.0
-6.588143 41.656487 0.035 4.0 13.0
-6.588143 41.656487 0.036 0.0 14.0
-6.588143 44.994564 0.036 0.0 14.0
-6.588143 41.656487 0.037 3.0 14.0
-8.235179 44.559937 0.037 3.0 14.0
-8.235179 44.559937 0.038 0.0 15.0
-11.100354 46.27269 0.038 0.0 15.0
-8.235179 44.559937 0.039 2.0 15.0
-9.882215 47.463387 0.039 2.0 15.0
-9.882215 47.463387 0.040 1.0 16.0
-9.882215 50.801464 0.040 1.0 16.0
-9.882215 50.801464 0.041 0.0 17.0
-8.235179 53.704914 0.041 0.0 17.0
-9.882215 50.801464 0.042 0.0 17.0
-9.882215 54.13954 0.042 0.0 17.0
-9.882215 54.13954 0.043 0.0 18.0
-11.52925 57.04299 0.043 0.0 18.0
-9.882215 54.13954 0.044 0.0 18.0
-9.882215 57.47762 0.044 0.0 18.0
-9.882215 47.463387 0.045 1.0 16.0
-11.52925 50.366837 0.045 1.0 16.0
-11.52925 50.366837 0.046 0.0 17.0
-11.52925 53.704914 0.046 0.0 17.0
-11.52925 50.366837 0.047 0.0 17.0
-13.176286 53.270287 0.047 0.0 17.0
-13.176286 53.270287 0.048 0.0 18.0
-16.041462 54.98304 0.048 0.0 18.0
-13.176286 53.270287 0.049 0.0 18.0
-14.823321 56.173737 0.049 0.0 18.0
0.0 30.042685 0.050 70.0 10.0
0.0 33.38076 0.050 70.0 10.0
0.0 33.38076 0.051 0.0 11.0
1.6470357 36.28421 0.051 0.0 11.0
0.0 33.38076 0.052 69.0 11.0
0.0 36.718838 0.052 69.0 11.0
0.0 36.718838 0.053 0.0 12.0
-1.6470357 39.622288 0.053 0.0 12.0
0.0 36.718838 0.054 68.0 12.0
0.0 40.056915 0.054 68.0 12.0
0.0 40.056915 0.055 1.0 13.0
-1.6470357 42.960365 0.055 1.0 13.0
-1.6470357 42.960365 0.056 0.0 14.0
-1.6470357 46.298443 0.056 0.0 14.0
-1.6470357 42.960365 0.057 0.0 14.0
-3.2940714 45.863815 0.057 0.0 14.0
-3.2940714 45.863815 0.058 0.0 15.0
-6.159247 47.57657 0.058 0.0 15.0
-3.2940714 45.863815 0.059 0.0 15.0
-4.9411073 48.767265 0.059 0.0 15.0
0.0 40.056915 0.060 67.0 13.0
0.0 43.394993 0.060 67.0 13.0
0.0 43.394993 0.061 0.0 14.0
1.6470357 46.298443 0.061 0.0 14.0
0.0 43.394993 0.062 66.0 14.0
0.0 46.73307 0.062 66.0 14.0
0.0 46.73307 0.063 0.0 15.0
-1.6470357 49.63652 0.063 0.0 15.0
0.0 46.73307 0.064 65.0 15.0
0.0 50.071148 0.064 65.0 15.0
0.0 50.071148 0.065 1.0 16.0
1.6470357 52.974598 0.065 1.0 16.0
1.6470357 52.974598 0.066 0.0 17.0
4.5122113 54.68735 0.066 0.0 17.0
1.6470357 52.974598 0.067 0.0 17.0
3.2940714 55.878048 0.067 0.0 17.0
3.2940714 55.878048 0.068 0.0 18.0
3.2940714 59.216125 0.068 0.0 18.0
3.2940714 55.878048 0.069 0.0 18.0
4.9411073 58.781498 0.069 0.0 18.0
0.0 50.071148 0.070 64.0 16.0
0.0 53.409225 0.070 64.0 16.0
0.0 53.409225 0.071 0.0 17.0
1.6470357 56.312675 0.071 0.0 17.0
0.0 53.409225 0.072 63.0 17.0
0.0 56.747303 0.072 63.0 17.0
0.0 56.747303 0.073 0.0 18.0
-1.6470357 59.650753 0.073 0.0 18.0
0.0 56.747303 0.074 62.0 18.0
0.0 60.08538 0.074 62.0 18.0
0.0 60.08538 0.075 7.0 19.0
1.6470357 62.98883 0.075 7.0 19.0
1.6470357 62.98883 0.076 0.0 20.0
4.5122113 64.701584 0.076 0.0 20.0
1.6470357 62.98883 0.077 6.0 20.0
3.2940714 65.89228 0.077 6.0 20.0
3.2940714 65.89228 0.078 0.0 21.0
3.2940714 69.230354 0.078 0.0 21.0
3.2940714 65.89228 0.079 5.0 21.0
4.9411073 68.79573 0.079 5.0 21.0
4.9411073 68.79573 0.080 1.0 22.0
4.9411073 72.133804 0.080 1.0 22.0
4.9411073 72.133804 0.081 0.0 23.0
6.588143 75.037254 0.081 0.0 23.0
4.9411073 72.133804 0.082 0.0 23.0
4.9411073 75.47188 0.082 0.0 23.0
4.9411073 75.47188 0.083 0.0 24.0
3.2940717 78.37533 0.083 0.0 24.0
4.9411073 75.47188 0.084 0.0 24.0
4.9411073 78.80995 0.084 0.0 24.0
4.9411073 68.79573 0.085 4.0 22.0
6.588143 71.69918 0.085 4.0 22.0
6.588143 71.69918 0.086 0.0 23.0
9.453319 73.411934 0.086 0.0 23.0
6.588143 71.69918 0.087 3.0 23.0
8.235179 74.60263 0.087 3.0 23.0
8.235179 74.60263 0.088 0.0 24.0
8.235179 77.940704 0.088 0.0 24.0
8.235179 74.60263 0.089 2.0 24.0
9.882215 77.50608 0.089 2.0 24.0
9.882215 77.50608 0.090 1.0 25.0
12.74739 79.218834 0.090 1.0 25.0
12.74739 79.218834 0.091 0.0 26.0
16.0846 79.29488 0.091 0.0 26.0
12.74739 79.218834 0.092 0.0 26.0
15.612565 80.93159 0.092 0.0 26.0
15.612565 80.93159 0.093 0.0 27.0
17.259602 83.83504 0.093 0.0 27.0
15.612565 80.93159 0.094 0.0 27.0
18.477741 82.64434 0.094 0.0 27.0
9.882215 77.50608 0.095 1.0 25.0
11.52925 80.40953 0.095 1.0 25.0
11.52925 80.40953 0.096 0.0 26.0
14.394425 82.122284 0.096 0.0 26.0
11.52925 80.40953 0.097 0.0 26.0
13.176286 83.31298 0.097 0.0 26.0
13.176286 83.31298 0.098 0.0 27.0
13.176286 86.651054 0.098 0.0 27.0
13.176286 83.31298 0.099 0.0 27.0
14.823321 86.21643 0.099 0.0 27.0
0.0 60.08538 0.0100 61.0 19.0
0.0 63.42346 0.0100 61.0 19.0
0.0 63.42346 0.0101 0.0 20.0
1.6470357 66.32691 0.0101 0.0 20.0
0.0 63.42346 0.0102 60.0 20.0
0.0 66.761536 0.0102 60.0 20.0
0.0 66.761536 0.0103 0.0 21.0
-1.6470357 69.664986 0.0103 0.0 21.0
0.0 66.761536 0.0104 59.0 21.0
0.0 70.09961 0.0104 59.0 21.0
0.0 70.09961 0.0105 1.0 22.0
-1.6470357 73.00306 0.0105 1.0 22.0
-1.6470357 73.00306 0.0106 0.0 23.0
-1.6470357 76.34113 0.0106 0.0 23.0
-1.6470357 73.00306 0.0107 0.0 23.0
-3.2940714 75.90651 0.0107 0.0 23.0
-3.2940714 75.90651 0.0108 0.0 24.0
-6.159247 77.61926 0.0108 0.0 24.0
-3.2940714 75.90651 0.0109 0.0 24.0
-4.9411073 78.80996 0.0109 0.0 24.0
0.0 70.09961 0.0110 58.0 22.0
0.0 73.43768 0.0110 58.0 22.0
0.0 73.43768 0.0111 0.0 23.0
1.6470357 76.34113 0.0111 0.0 23.0
0.0 73.43768 0.0112 57.0 23.0
0.0 76.77576 0.0112 57.0 23.0
0.0 76.77576 0.0113 0.0 24.0
-1.6470357 79.67921 0.0113 0.0 24.0
0.0 76.77576 0.0114 56.0 24.0
0.0 80.11383 0.0114 56.0 24.0
0.0 80.11383 0.0115 1.0 25.0
1.6470357 83.01728 0.0115 1.0 25.0
1.6470357 83.01728 0.0116 0.0 26.0
4.5122113 84.730034 0.0116 0.0 26.0
1.6470357 83.01728 0.0117 0.0 26.0
3.2940714 85.92073 0.0117 0.0 26.0
3.2940714 85.92073 0.0118 0.0 27.0
3.2940714 89.258804 0.0118 0.0 27.0
3.2940714 85.92073 0.0119 0.0 27.0
4.9411073 88.82418 0.0119 0.0 27.0
0.0 80.11383 0.0120 55.0 25.0
0.0 83.451904 0.0120 55.0 25.0
0.0 83.451904 0.0121 0.0 26.0
1.6470357 86.355354 0.0121 0.0 26.0
0.0 83.451904 0.0122 54.0 26.0
0.0 86.78998 0.0122 54.0 26.0
0.0 86.78998 0.0123 0.0 27.0
-1.6470357 89.69343 0.0123 0.0 27.0
0.0 86.78998 0.0124 53.0 27.0
0.0 90.12805 0.0124 53.0 27.0
0.0 90.12805 0.0125 25.0 28.0
1.6470357 93.0315 0.0125 25.0 28.0
1.6470357 93.0315 0.0126 0.0 29.0
4.5122113 94.744255 0.0126 0.0 29.0
1.6470357 93.0315 0.0127 24.0 29.0
3.2940714 95.93495 0.0127 24.0 29.0
3.2940714 95.93495 0.0128 0.0 30.0
3.2940714 99.273026 0.0128 0.0 30.0
3.2940714 95.93495 0.0129 23.0 30.0
4.9411073 98.8384 0.0129 23.0 30.0
4.9411073 98.8384 0.0130 1.0 31.0
4.9411073 102.176476 0.0130 1.0 31.0
4.9411073 102.176476 0.0131 0.0 32.0
6.588143 105.079926 0.0131 0.0 32.0
4.9411073 102.176476 0.0132 0.0 32.0
4.9411073 105.51455 0.0132 0.0 32.0
4.9411073 105.51455 0.0133 0.0 33.0
3.2940717 108.418 0.0133 0.0 33.0
4.9411073 105.51455 0.0134 0.0 33.0
4.9411073 108.85262 0.0134 0.0 33.0
4.9411073 98.8384 0.0135 22.0 31.0
6.588143 101.74185 0.0135 22.0 31.0
6.588143 101.74185 0.0136 0.0 32.0
9.453319 103.454605 0.0136 0.0 32.0
6.588143 101.74185 0.0137 21.0 32.0
8.235179 104.6453 0.0137 21.0 32.0
8.235179 104.6453 0.0138 0.0 33.0
8.235179 107.983376 0.0138 0.0 33.0
8.235179 104.6453 0.0139 20.0 33.0
9.882215 107.54875 0.0139 20.0 33.0
9.882215 107.54875 0.0140 1.0 34.0
12.74739 109.261505 0.0140 1.0 34.0
12.74739 109.261505 0.0141 0.0 35.0
16.0846 109.337555 0.0141 0.0 35.0
12.74739 109.261505 0.0142 0.0 35.0
15.612565 110.97426 0.0142 0.0 35.0
15.612565 110.97426 0.0143 0.0 36.0
17.259602 113.87771 0.0143 0.0 36.0
15.612565 110.97426 0.0144 0.0 36.0
18.477741 112.68701 0.0144 0.0 36.0
9.882215 107.54875 0.0145 19.0 34.0
11.52925 110.4522 0.0145 19.0 34.0
11.52925 110.4522 0.0146 0.0 35.0
14.394425 112.164955 0.0146 0.0 35.0
11.52925 110.4522 0.0147 18.0 35.0
13.176286 113.35565 0.0147 18.0 35.0
13.176286 113.35565 0.0148 0.0 36.0
13.176286 116.693726 0.0148 0.0 36.0
13.176286 113.35565 0.0149 17.0 36.0
14.823321 116.2591 0.0149 17.0 36.0
14.823321 116.2591 0.0150 7.0 37.0
14.823321 119.597176 0.0150 7.0 37.0
14.823321 119.597176 0.0151 0.0 38.0
16.470358 122.500626 0.0151 0.0 38.0
14.823321 119.597176 0.0152 6.0 38.0
14.823321 122.93525 0.0152 6.0 38.0
14.823321 122.93525 0.0153 0.0 39.0
13.176286 125.8387 0.0153 0.0 39.0
14.823321 122.93525 0.0154 5.0 39.0
14.823321 126.27332 0.0154 5.0 39.0
14.823321 126.27332 0.0155 1.0 40.0
13.176286 129.17677 0.0155 1.0 40.0
13.176286 129.17677 0.0156 0.0 41.0
13.176286 132.51485 0.0156 0.0 41.0
13.176286 129.17677 0.0157 0.0 41.0
11.52925 132.08023 0.0157 0.0 41.0
11.52925 132.08023 0.0158 0.0 42.0
8.664075 133.79298 0.0158 0.0 42.0
11.52925 132.08023 0.0159 0.0 42.0
9.882215 134.98369 0.0159 0.0 42.0
14.823321 126.27332 0.0160 4.0 40.0
14.823321 129.6114 0.0160 4.0 40.0
14.823321 129.6114 0.0161 0.0 41.0
16.470358 132.51486 0.0161 0.0 41.0
14.823321 129.6114 0.0162 3.0 41.0
14.823321 132.94948 0.0162 3.0 41.0
14.823321 132.94948 0.0163 0.0 42.0
13.176286 135.85294 0.0163 0.0 42.0
14.823321 132.94948 0.0164 2.0 42.0
14.823321 136.28755 0.0164 2.0 42.0
14.823321 136.28755 0.0165 1.0 43.0
16.470358 139.19101 0.0165 1.0 43.0
16.470358 139.19101 0.0166 0.0 44.0
19.335533 140.90376 0.0166 0.0 44.0
16.470358 139.19101 0.0167 0.0 44.0
18.117393 142.09447 0.0167 0.0 44.0
18.117393 142.09447 0.0168 0.0 45.0
18.117393 145.43254 0.0168 0.0 45.0
18.117393 142.09447 0.0169 0.0 45.0
19.76443 144.99792 0.0169 0.0 45.0
14.823321 136.28755 0.0170 1.0 43.0
14.823321 139.62563 0.0170 1.0 43.0
14.823321 139.62563 0.0171 0.0 44.0
16.470358 142.52908 0.0171 0.0 44.0
14.823321 139.62563 0.0172 0.0 44.0
14.823321 142.9637 0.0172 0.0 44.0
14.823321 142.9637 0.0173 0.0 45.0
13.176286 145.86716 0.0173 0.0 45.0
14.823321 142.9637 0.0174 0.0 45.0
14.823321 146.30177 0.0174 0.0 45.0
14.823321 116.2591 0.0175 16.0 37.0
16.470358 119.16255 0.0175 16.0 37.0
16.470358 119.16255 0.0176 0.0 38.0
19.335533 120.875305 0.0176 0.0 38.0
16.470358 119.16255 0.0177 15.0 38.0
18.117393 122.066 0.0177 15.0 38.0
18.117393 122.066 0.0178 0.0 39.0
18.117393 125.404076 0.0178 0.0 39.0
18.117393 122.066 0.0179 14.0 39.0
19.76443 124.96945 0.0179 14.0 39.0
19.76443 124.96945 0.0180 1.0 40.0
19.76443 128.30753 0.0180 1.0 40.0
19.76443 128.30753 0.0181 0.0 41.0
21.411465 131.21098 0.0181 0.0 41.0
19.76443 128.30753 0.0182 0.0 41.0
19.76443 131.6456 0.0182 0.0 41.0
19.76443 131.6456 0.0183 0.0 42.0
18.117393 134.54906 0.0183 0.0 42.0
19.76443 131.6456 0.0184 0.0 42.0
19.76443 134.98367 0.0184 0.0 42.0
19.76443 124.96945 0.0185 13.0 40.0
21.411465 127.8729 0.0185 13.0 40.0
21.411465 127.8729 0.0186 0.0 41.0
24.27664 129.58565 0.0186 0.0 41.0
21.411465 127.8729 0.0187 12.0 41.0
23.0585 130.77635 0.0187 12.0 41.0
23.0585 130.77635 0.0188 0.0 42.0
23.0585 134.11443 0.0188 0.0 42.0
23.0585 130.77635 0.0189 11.0 42.0
24.705536 133.67981 0.0189 11.0 42.0
24.705536 133.67981 0.0190 1.0 43.0
27.570711 135.39256 0.0190 1.0 43.0
27.570711 135.39256 0.0191 0.0 44.0
30.90792 135.46861 0.0191 0.0 44.0
27.570711 135.39256 0.0192 0.0 44.0
30.435886 137.10532 0.0192 0.0 44.0
30.435886 137.10532 0.0193 0.0 45.0
32.082924 140.00877 0.0193 0.0 45.0
30.435886 137.10532 0.0194 0.0 45.0
33.301064 138.81807 0.0194 0.0 45.0
24.705536 133.67981 0.0195 10.0 43.0
26.352571 136.58327 0.0195 10.0 43.0
26.352571 136.58327 0.0196 0.0 44.0
29.217747 138.29602 0.0196 0.0 44.0
26.352571 136.58327 0.0197 9.0 44.0
27.999607 139.48672 0.0197 9.0 44.0
27.999607 139.48672 0.0198 0.0 45.0
27.999607 142.8248 0.0198 0.0 45.0
27.999607 139.48672 0.0199 8.0 45.0
29.646643 142.39018 0.0199 8.0 45.0
29.646643 142.39018 0.0200 7.0 46.0
32.511818 144.10294 0.0200 7.0 46.0
32.511818 144.10294 0.0201 0.0 47.0
35.84903 144.17899 0.0201 0.0 47.0
32.511818 144.10294 0.0202 6.0 47.0
35.376995 145.81569 0.0202 6.0 47.0
35.376995 145.81569 0.0203 0.0 48.0
37.024033 148.71915 0.0203 0.0 48.0
35.376995 145.81569 0.0204 5.0 48.0
38.242172 147.52844 0.0204 5.0 48.0
38.242172 147.52844 0.0205 1.0 49.0
39.88921 150.4319 0.0205 1.0 49.0
39.88921 150.4319 0.0206 0.0 50.0
42.754387 152.14465 0.0206 0.0 50.0
39.88921 150.4319 0.0207 0.0 50.0
41.536247 153.33536 0.0207 0.0 50.0
41.536247 153.33536 0.0208 0.0 51.0
41.536247 156.67343 0.0208 0.0 51.0
41.536247 153.33536 0.0209 0.0 51.0
43.183285 156.23882 0.0209 0.0 51.0
38.242172 147.52844 0.0210 4.0 49.0
41.10735 149.2412 0.0210 4.0 49.0
41.10735 149.2412 0.0211 0.0 50.0
44.44456 149.31725 0.0211 0.0 50.0
41.10735 149.2412 0.0212 3.0 50.0
43.972527 150.95395 0.0212 3.0 50.0
43.972527 150.95395 0.0213 0.0 51.0
45.619564 153.8574 0.0213 0.0 51.0
43.972527 150.95395 0.0214 2.0 51.0
46.837704 152.6667 0.0214 2.0 51.0
46.837704 152.6667 0.0215 1.0 52.0
50.174915 152.74275 0.0215 1.0 52.0
50.174915 152.74275 0.0216 0.0 53.0
53.115135 151.1623 0.0216 0.0 53.0
50.174915 152.74275 0.0217 0.0 53.0
53.512127 152.8188 0.0217 0.0 53.0
53.512127 152.8188 0.0218 0.0 54.0
56.377304 154.53156 0.0218 0.0 54.0
53.512127 152.8188 0.0219 0.0 54.0
56.84934 152.89485 0.0219 0.0 54.0
46.837704 152.6667 0.0220 1.0 52.0
49.70288 154.37946 0.0220 1.0 52.0
49.70288 154.37946 0.0221 0.0 53.0
53.040092 154.4555 0.0221 0.0 53.0
49.70288 154.37946 0.0222 0.0 53.0
52.568058 156.09221 0.0222 0.0 53.0
52.568058 156.09221 0.0223 0.0 54.0
54.215096 158.99567 0.0223 0.0 54.0
52.568058 156.09221 0.0224 0.0 54.0
55.433235 157.80496 0.0224 0.0 54.0
29.646643 142.39018 0.0225 7.0 46.0
31.293678 145.29364 0.0225 7.0 46.0
31.293678 145.29364 0.0226 0.0 47.0
34.158855 147.0064 0.0226 0.0 47.0
31.293678 145.29364 0.0227 6.0 47.0
32.940716 148.1971 0.0227 6.0 47.0
32.940716 148.1971 0.0228 0.0 48.0
32.940716 151.53517 0.0228 0.0 48.0
32.940716 148.1971 0.0229 5.0 48.0
34.587753 151.10056 0.0229 5.0 48.0
34.587753 151.10056 0.0230 1.0 49.0
34.587753 154.43863 0.0230 1.0 49.0
34.587753 154.43863 0.0231 0.0 50.0
36.23479 157.34209 0.0231 0.0 50.0
34.587753 154.43863 0.0232 0.0 50.0
34.587753 157.7767 0.0232 0.0 50.0
34.587753 157.7767 0.0233 0.0 51.0
32.940716 160.68016 0.0233 0.0 51.0
34.587753 157.7767 0.0234 0.0 51.0
34.587753 161.11478 0.0234 0.0 51.0
34.587753 151.10056 0.0235 4.0 49.0
36.23479 154.00401 0.0235 4.0 49.0
36.23479 154.00401 0.0236 0.0 50.0
39.099968 155.71677 0.0236 0.0 50.0
36.23479 154.00401 0.0237 3.0 50.0
37.88183 156.90747 0.0237 3.0 50.0
37.88183 156.90747 0.0238 0.0 51.0
37.88183 160.24554 0.0238 0.0 51.0
37.88183 156.90747 0.0239 2.0 51.0
39.528866 159.81093 0.0239 2.0 51.0
39.528866 159.81093 0.0240 1.0 52.0
42.394043 161.52368 0.0240 1.0 52.0
42.394043 161.52368 0.0241 0.0 53.0
45.731255 161.59973 0.0241 0.0 53.0
42.394043 161.52368 0.0242 0.0 53.0
45.25922 163.23643 0.0242 0.0 53.0
45.25922 163.23643 0.0243 0.0 54.0
46.906258 166.1399 0.0243 0.0 54.0
45.25922 163.23643 0.0244 0.0 54.0
48.124397 164.94919 0.0244 0.0 54.0
39.528866 159.81093 0.0245 1.0 52.0
41.175903 162.71439 0.0245 1.0 52.0
41.175903 162.71439 0.0246 0.0 53.0
44.04108 164.42714 0.0246 0.0 53.0
41.175903 162.71439 0.0247 0.0 53.0
42.82294 165.61784 0.0247 0.0 53.0
42.82294 165.61784 0.0248 0.0 54.0
42.82294 168.95592 0.0248 0.0 54.0
42.82294 165.61784 0.0249 0.0 54.0
44.46998 168.5213 0.0249 0.0 54.0
0.0 90.12805 0.0250 52.0 28.0
0.0 93.466125 0.0250 52.0 28.0
0.0 93.466125 0.0251 0.0 29.0
1.6470357 96.369576 0.0251 0.0 29.0
0.0 93.466125 0.0252 51.0 29.0
0.0 96.8042 0.0252 51.0 29.0
0.0 96.8042 0.0253 0.0 30.0
-1.6470357 99.70765 0.0253 0.0 30.0
0.0 96.8042 0.0254 50.0 30.0
0.0 100.14227 0.0254 50.0 30.0
0.0 100.14227 0.0255 1.0 31.0
-1.6470357 103.04572 0.0255 1.0 31.0
-1.6470357 103.04572 0.0256 0.0 32.0
-1.6470357 106.3838 0.0256 0.0 32.0
-1.6470357 103.04572 0.0257 0.0 32.0
-3.2940714 105.94917 0.0257 0.0 32.0
-3.2940714 105.94917 0.0258 0.0 33.0
-6.159247 107.66193 0.0258 0.0 33.0
-3.2940714 105.94917 0.0259 0.0 33.0
-4.9411073 108.85262 0.0259 0.0 33.0
0.0 100.14227 0.0260 49.0 31.0
0.0 103.48035 0.0260 49.0 31.0
0.0 103.48035 0.0261 0.0 32.0
1.6470357 106.3838 0.0261 0.0 32.0
0.0 103.48035 0.0262 48.0 32.0
0.0 106.81842 0.0262 48.0 32.0
0.0 106.81842 0.0263 0.0 33.0
-1.6470357 109.72187 0.0263 0.0 33.0
0.0 106.81842 0.0264 47.0 33.0
0.0 110.156494 0.0264 47.0 33.0
0.0 110.156494 0.0265 1.0 34.0
1.6470357 113.059944 0.0265 1.0 34.0
1.6470357 113.059944 0.0266 0.0 35.0
4.5122113 114.7727 0.0266 0.0 35.0
1.6470357 113.059944 0.0267 0.0 35.0
3.2940714 115.963394 0.0267 0.0 35.0
3.2940714 115.963394 0.0268 0.0 36.0
3.2940714 119.30147 0.0268 0.0 36.0
3.2940714 115.963394 0.0269 0.0 36.0
4.9411073 118.866844 0.0269 0.0 36.0
0.0 110.156494 0.0270 46.0 34.0
0.0 113.49457 0.0270 46.0 34.0
0.0 113.49457 0.0271 0.0 35.0
1.6470357 116.39802 0.0271 0.0 35.0
0.0 113.49457 0.0272 45.0 35.0
0.0 116.83264 0.0272 45.0 35.0
0.0 116.83264 0.0273 0.0 36.0
-1.6470357 119.73609 0.0273 0.0 36.0
0.0 116.83264 0.0274 44.0 36.0
0.0 120.170715 0.0274 44.0 36.0
0.0 120.170715 0.0275 7.0 37.0
-1.6470357 123.074165 0.0275 7.0 37.0
-1.6470357 123.074165 0.0276 0.0 38.0
-1.6470357 126.41224 0.0276 0.0 38.0
-1.6470357 123.074165 0.0277 6.0 38.0
-3.2940714 125.977615 0.0277 6.0 38.0
-3.2940714 125.977615 0.0278 0.0 39.0
-6.159247 127.69037 0.0278 0.0 39.0
-3.2940714 125.977615 0.0279 5.0 39.0
-4.9411073 128.88107 0.0279 5.0 39.0
-4.9411073 128.88107 0.0280 1.0 40.0
-7.806283 130.59383 0.0280 1.0 40.0
-7.806283 130.59383 0.0281 0.0 41.0
-9.453319 133.49728 0.0281 0.0 41.0
-7.806283 130.59383 0.0282 0.0 41.0
-10.671458 132.30658 0.0282 0.0 41.0
-10.671458 132.30658 0.0283 0.0 42.0
-14.008669 132.38263 0.0283 0.0 42.0
-10.671458 132.30658 0.0284 0.0 42.0
-13.5366335 134.01933 0.0284 0.0 42.0
-4.9411073 128.88107 0.0285 4.0 40.0
-6.588143 131.78453 0.0285 4.0 40.0
-6.588143 131.78453 0.0286 0.0 41.0
-6.588143 135.1226 0.0286 0.0 41.0
-6.588143 131.78453 0.0287 3.0 41.0
-8.235179 134.68799 0.0287 3.0 41.0
-8.235179 134.68799 0.0288 0.0 42.0
-11.100354 136.40074 0.0288 0.0 42.0
-8.235179 134.68799 0.0289 2.0 42.0
-9.882215 137.59145 0.0289 2.0 42.0
-9.882215 137.59145 0.0290 1.0 43.0
-9.882215 140.92952 0.0290 1.0 43.0
-9.882215 140.92952 0.0291 0.0 44.0
-8.235179 143.83298 0.0291 0.0 44.0
-9.882215 140.92952 0.0292 0.0 44.0
-9.882215 144.2676 0.0292 0.0 44.0
-9.882215 144.2676 0.0293 0.0 45.0
-11.52925 147.17105 0.0293 0.0 45.0
-9.882215 144.2676 0.0294 0.0 45.0
-9.882215 147.60567 0.0294 0.0 45.0
-9.882215 137.59145 0.0295 1.0 43.0
-11.52925 140.4949 0.0295 1.0 43.0
-11.52925 140.4949 0.0296 0.0 44.0
-11.52925 143.83298 0.0296 0.0 44.0
-11.52925 140.4949 0.0297 0.0 44.0
-13.176286 143.39836 0.0297 0.0 44.0
-13.176286 143.39836 0.0298 0.0 45.0
-16.041462 145.11111 0.0298 0.0 45.0
-13.176286 143.39836 0.0299 0.0 45.0
-14.823321 146.30182 0.0299 0.0 45.0
0.0 120.170715 0.0300 43.0 37.0
0.0 123.50879 0.0300 43.0 37.0
0.0 123.50879 0.0301 0.0 38.0
1.6470357 126.41224 0.0301 0.0 38.0
0.0 123.50879 0.0302 42.0 38.0
0.0 126.84686 0.0302 42.0 38.0
0.0 126.84686 0.0303 0.0 39.0
-1.6470357 129.75032 0.0303 0.0 39.0
0.0 126.84686 0.0304 41.0 39.0
0.0 130.18494 0.0304 41.0 39.0
0.0 130.18494 0.0305 1.0 40.0
-1.6470357 133.0884 0.0305 1.0 40.0
-1.6470357 133.0884 0.0306 0.0 41.0
-1.6470357 136.42647 0.0306 0.0 41.0
-1.6470357 133.0884 0.0307 0.0 41.0
-3.2940714 135.99185 0.0307 0.0 41.0
-3.2940714 135.99185 0.0308 0.0 42.0
-6.159247 137.7046 0.0308 0.0 42.0
-3.2940714 135.99185 0.0309 0.0 42.0
-4.9411073 138.89531 0.0309 0.0 42.0
0.0 130.18494 0.0310 40.0 40.0
0.0 133.52301 0.0310 40.0 40.0
0.0 133.52301 0.0311 0.0 41.0
1.6470357 136.42647 0.0311 0.0 41.0
0.0 133.52301 0.0312 39.0 41.0
0.0 136.86108 0.0312 39.0 41.0
0.0 136.86108 0.0313 0.0 42.0
-1.6470357 139.76454 0.0313 0.0 42.0
0.0 136.86108 0.0314 38.0 42.0
0.0 140.19916 0.0314 38.0 42.0
0.0 140.19916 0.0315 1.0 43.0
1.6470357 143.10262 0.0315 1.0 43.0
1.6470357 143.10262 0.0316 0.0 44.0
4.5122113 144.81537 0.0316 0.0 44.0
1.6470357 143.10262 0.0317 0.0 44.0
3.2940714 146.00607 0.0317 0.0 44.0
3.2940714 146.00607 0.0318 0.0 45.0
3.2940714 149.34415 0.0318 0.0 45.0
3.2940714 146.00607 0.0319 0.0 45.0
4.9411073 148.90953 0.0319 0.0 45.0
0.0 140.19916 0.0320 37.0 43.0
0.0 143.53723 0.0320 37.0 43.0
0.0 143.53723 0.0321 0.0 44.0
1.6470357 146.44069 0.0321 0.0 44.0
0.0 143.53723 0.0322 36.0 44.0
0.0 146.8753 0.0322 36.0 44.0
0.0 146.8753 0.0323 0.0 45.0
-1.6470357 149.77876 0.0323 0.0 45.0
0.0 146.8753 0.0324 35.0 45.0
0.0 150.21338 0.0324 35.0 45.0
0.0 150.21338 0.0325 7.0 46.0
1.6470357 153.11684 0.0325 7.0 46.0
1.6470357 153.11684 0.0326 0.0 47.0
4.5122113 154.82959 0.0326 0.0 47.0
1.6470357 153.11684 0.0327 6.0 47.0
3.2940714 156.0203 0.0327 6.0 47.0
3.2940714 156.0203 0.0328 0.0 48.0
3.2940714 159.35837 0.0328 0.0 48.0
3.2940714 156.0203 0.0329 5.0 48.0
4.9411073 158.92375 0.0329 5.0 48.0
4.9411073 158.92375 0.0330 1.0 49.0
4.9411073 162.26183 0.0330 1.0 49.0
4.9411073 162.26183 0.0331 0.0 50.0
6.588143 165.16528 0.0331 0.0 50.0
4.9411073 162.26183 0.0332 0.0 50.0
4.9411073 165.5999 0.0332 0.0 50.0
4.9411073 165.5999 0.0333 0.0 51.0
3.2940717 168.50336 0.0333 0.0 51.0
4.9411073 165.5999 0.0334 0.0 51.0
4.9411073 168.93797 0.0334 0.0 51.0
4.9411073 158.92375 0.0335 4.0 49.0
6.588143 161.82721 0.0335 4.0 49.0
6.588143 161.82721 0.0336 0.0 50.0
9.453319 163.53996 0.0336 0.0 50.0
6.588143 161.82721 0.0337 3.0 50.0
8.235179 164.73067 0.0337 3.0 50.0
8.235179 164.73067 0.0338 0.0 51.0
8.235179 168.06874 0.0338 0.0 51.0
8.235179 164.73067 0.0339 2.0 51.0
9.882215 167.63412 0.0339 2.0 51.0
9.882215 167.63412 0.0340 1.0 52.0
12.74739 169.34688 0.0340 1.0 52.0
12.74739 169.34688 0.0341 0.0 53.0
16.0846 169.42293 0.0341 0.0 53.0
12.74739 169.34688 0.0342 0.0 53.0
15.612565 171.05963 0.0342 0.0 53.0
15.612565 171.05963 0.0343 0.0 54.0
17.259602 173.96309 0.0343 0.0 54.0
15.612565 171.05963 0.0344 0.0 54.0
18.477741 172.77238 0.0344 0.0 54.0
9.882215 167.63412 0.0345 1.0 52.0
11.52925 170.53758 0.0345 1.0 52.0
11.52925 170.53758 0.0346 0.0 53.0
14.394425 172.25034 0.0346 0.0 53.0
11.52925 170.53758 0.0347 0.0 53.0
13.176286 173.44104 0.0347 0.0 53.0
13.176286 173.44104 0.0348 0.0 54.0
13.176286 176.77911 0.0348 0.0 54.0
13.176286 173.44104 0.0349 0.0 54.0
14.823321 176.3445 0.0349 0.0 54.0
0.0 150.21338 0.0350 34.0 46.0
0.0 153.55145 0.0350 34.0 46.0
0.0 153.55145 0.0351 0.0 47.0
1.6470357 156.45491 0.0351 0.0 47.0
0.0 153.55145 0.0352 33.0 47.0
0.0 156.88953 0.0352 33.0 47.0
0.0 156.88953 0.0353 0.0 48.0
-1.6470357 159.79298 0.0353 0.0 48.0
0.0 156.88953 0.0354 32.0 48.0
0.0 160.2276 0.0354 32.0 48.0
0.0 160.2276 0.0355 1.0 49.0
-1.6470357 163.13106 0.0355 1.0 49.0
-1.6470357 163.13106 0.0356 0.0 50.0
-1.6470357 166.46913 0.0356 0.0 50.0
-1.6470357 163.13106 0.0357 0.0 50.0
-3.2940714 166.03452 0.0357 0.0 50.0
-3.2940714 166.03452 0.0358 0.0 51.0
-6.159247 167.74727 0.0358 0.0 51.0
-3.2940714 166.03452 0.0359 0.0 51.0
-4.9411073 168.93797 0.0359 0.0 51.0
0.0 160.2276 0.0360 31.0 49.0
0.0 163.56567 0.0360 31.0 49.0
0.0 163.56567 0.0361 0.0 50.0
1.6470357 166.46913 0.0361 0.0 50.0
0.0 163.56567 0.0362 30.0 50.0
0.0 166.90375 0.0362 30.0 50.0
0.0 166.90375 0.0363 0.0 51.0
-1.6470357 169.8072 0.0363 0.0 51.0
0.0 166.90375 0.0364 29.0 51.0
0.0 170.24182 0.0364 29.0 51.0
0.0 170.24182 0.0365 1.0 52.0
1.6470357 173.14528 0.0365 1.0 52.0
1.6470357 173.14528 0.0366 0.0 53.0
4.5122113 174.85803 0.0366 0.0 53.0
1.6470357 173.14528 0.0367 0.0 53.0
3.2940714 176.04874 0.0367 0.0 53.0
3.2940714 176.04874 0.0368 0.0 54.0
3.2940714 179.38681 0.0368 0.0 54.0
3.2940714 176.04874 0.0369 0.0 54.0
4.9411073 178.9522 0.0369 0.0 54.0
0.0 170.24182 0.0370 28.0 52.0
0.0 173.5799 0.0370 28.0 52.0
0.0 173.5799 0.0371 0.0 53.0
1.6470357 176.48335 0.0371 0.0 53.0
0.0 173.5799 0.0372 27.0 53.0
0.0 176.91797 0.0372 27.0 53.0
0.0 176.91797 0.0373 0.0 54.0
-1.6470357 179.82143 0.0373 0.0 54.0
0.0 176.91797 0.0374 26.0 54.0
0.0 180.25604 0.0374 26.0 54.0
0.0 180.25604 0.0375 25.0 55.0
1.6470357 183.1595 0.0375 25.0 55.0
1.6470357 183.1595 0.0376 0.0 56.0
4.5122113 184.87225 0.0376 0.0 56.0
1.6470357 183.1595 0.0377 24.0 56.0
3.2940714 186.06296 0.0377 24.0 56.0
3.2940714 186.06296 0.0378 0.0 57.0
3.2940714 189.40103 0.0378 0.0 57.0
3.2940714 186.06296 0.0379 23.0 57.0
4.9411073 188.96642 0.0379 23.0 57.0
4.9411073 188.96642 0.0380 1.0 58.0
4.9411073 192.30449 0.0380 1.0 58.0
4.9411073 192.30449 0.0381 0.0 59.0
6.588143 195.20795 0.0381 0.0 59.0
4.9411073 192.30449 0.0382 0.0 59.0
4.9411073 195.64256 0.0382 0.0 59.0
4.9411073 195.64256 0.0383 0.0 60.0
3.2940717 198.54602 0.0383 0.0 60.0
4.9411073 195.64256 0.0384 0.0 60.0
4.9411073 198.98064 0.0384 0.0 60.0
4.9411073 188.96642 0.0385 22.0 58.0
6.588143 191.86987 0.0385 22.0 58.0
6.588143 191.86987 0.0386 0.0 59.0
9.453319 193.58263 0.0386 0.0 59.0
6.588143 191.86987 0.0387 21.0 59.0
8.235179 194.77333 0.0387 21.0 59.0
8.235179 194.77333 0.0388 0.0 60.0
8.235179 198.1114 0.0388 0.0 60.0
8.235179 194.77333 0.0389 20.0 60.0
9.882215 197.67679 0.0389 20.0 60.0
9.882215 197.67679 0.0390 1.0 61.0
12.74739 199.38954 0.0390 1.0 61.0
12.74739 199.38954 0.0391 0.0 62.0
16.0846 199.46559 0.0391 0.0 62.0
12.74739 199.38954 0.0392 0.0 62.0
15.612565 201.1023 0.0392 0.0 62.0
15.612565 201.1023 0.0393 0.0 63.0
17.259602 204.00575 0.0393 0.0 63.0
15.612565 201.1023 0.0394 0.0 63.0
18.477741 202.81505 0.0394 0.0 63.0
9.882215 197.67679 0.0395 19.0 61.0
11.52925 200.58025 0.0395 19.0 61.0
11.52925 200.58025 0.0396 0.0 62.0
14.394425 202.293 0.0396 0.0 62.0
11.52925 200.58025 0.0397 18.0 62.0
13.176286 203.4837 0.0397 18.0 62.0
13.176286 203.4837 0.0398 0.0 63.0
13.176286 206.82178 0.0398 0.0 63.0
13.176286 203.4837 0.0399 17.0 63.0
14.823321 206.38716 0.0399 17.0 63.0
14.823321 206.38716 0.0400 7.0 64.0
14.823321 209.72523 0.0400 7.0 64.0
14.823321 209.72523 0.0401 0.0 65.0
16.470358 212.6287 0.0401 0.0 65.0
14.823321 209.72523 0.0402 6.0 65.0
14.823321 213.06331 0.0402 6.0 65.0
14.823321 213.06331 0.0403 0.0 66.0
13.176286 215.96677 0.0403 0.0 66.0
14.823321 213.06331 0.0404 5.0 66.0
14.823321 216.40138 0.0404 5.0 66.0
14.823321 216.40138 0.0405 1.0 67.0
13.176286 219.30484 0.0405 1.0 67.0
13.176286 219.30484 0.0406 0.0 68.0
13.176286 222.64291 0.0406 0.0 68.0
13.176286 219.30484 0.0407 0.0 68.0
11.52925 222.2083 0.0407 0.0 68.0
11.52925 222.2083 0.0408 0.0 69.0
8.664075 223.92105 0.0408 0.0 69.0
11.52925 222.2083 0.0409 0.0 69.0
9.882215 225.11176 0.0409 0.0 69.0
14.823321 216.40138 0.0410 4.0 67.0
14.823321 219.73946 0.0410 4.0 67.0
14.823321 219.73946 0.0411 0.0 68.0
16.470358 222.64291 0.0411 0.0 68.0
14.823321 219.73946 0.0412 3.0 68.0
14.823321 223.07753 0.0412 3.0 68.0
14.823321 223.07753 0.0413 0.0 69.0
13.176286 225.98099 0.0413 0.0 69.0
14.823321 223.07753 0.0414 2.0 69.0
14.823321 226.4156 0.0414 2.0 69.0
14.823321 226.4156 0.0415 1.0 70.0
16.470358 229.31906 0.0415 1.0 70.0
16.470358 229.31906 0.0416 0.0 71.0
19.335533 231.03181 0.0416 0.0 71.0
16.470358 229.31906 0.0417 0.0 71.0
18.117393 232.22252 0.0417 0.0 71.0
18.117393 232.22252 0.0418 0.0 72.0
18.117393 235.5606 0.0418 0.0 72.0
18.117393 232.22252 0.0419 0.0 72.0
19.76443 235.12598 0.0419 0.0 72.0
14.823321 226.4156 0.0420 1.0 70.0
14.823321 229.75368 0.0420 1.0 70.0
14.823321 229.75368 0.0421 0.0 71.0
16.470358 232.65714 0.0421 0.0 71.0
14.823321 229.75368 0.0422 0.0 71.0
14.823321 233.09175 0.0422 0.0 71.0
14.823321 233.09175 0.0423 0.0 72.0
13.176286 235.99521 0.0423 0.0 72.0
14.823321 233.09175 0.0424 0.0 72.0
14.823321 236.42982 0.0424 0.0 72.0
14.823321 206.38716 0.0425 16.0 64.0
16.470358 209.29062 0.0425 16.0 64.0
16.470358 209.29062 0.0426 0.0 65.0
19.335533 211.00337 0.0426 0.0 65.0
16.470358 209.29062 0.0427 15.0 65.0
18.117393 212.19408 0.0427 15.0 65.0
18.117393 212.19408 0.0428 0.0 66.0
18.117393 215.53215 0.0428 0.0 66.0
18.117393 212.19408 0.0429 14.0 66.0
19.76443 215.09753 0.0429 14.0 66.0
19.76443 215.09753 0.0430 1.0 67.0
19.76443 218.43561 0.0430 1.0 67.0
19.76443 218.43561 0.0431 0.0 68.0
21.411465 221.33907 0.0431 0.0 68.0
19.76443 218.43561 0.0432 0.0 68.0
19.76443 221.77368 0.0432 0.0 68.0
19.76443 221.77368 0.0433 0.0 69.0
18.117393 224.67714 0.0433 0.0 69.0
19.76443 221.77368 0.0434 0.0 69.0
19.76443 225.11176 0.0434 0.0 69.0
19.76443 215.09753 0.0435 13.0 67.0
21.411465 218.00099 0.0435 13.0 67.0
21.411465 218.00099 0.0436 0.0 68.0
24.27664 219.71375 0.0436 0.0 68.0
21.411465 218.00099 0.0437 12.0 68.0
23.0585 220.90445 0.0437 12.0 68.0
23.0585 220.90445 0.0438 0.0 69.0
23.0585 224.24252 0.0438 0.0 69.0
23.0585 220.90445 0.0439 11.0 69.0
24.705536 223.8079 0.0439 11.0 69.0
24.705536 223.8079 0.0440 1.0 70.0
27.570711 225.52066 0.0440 1.0 70.0
27.570711 225.52066 0.0441 0.0 71.0
30.90792 225.59671 0.0441 0.0 71.0
27.570711 225.52066 0.0442 0.0 71.0
30.435886 227.23341 0.0442 0.0 71.0
30.435886 227.23341 0.0443 0.0 72.0
32.082924 230.13687 0.0443 0.0 72.0
30.435886 227.23341 0.0444 0.0 72.0
33.301064 228.94617 0.0444 0.0 72.0
24.705536 223.8079 0.0445 10.0 70.0
26.352571 226.71136 0.0445 10.0 70.0
26.352571 226.71136 0.0446 0.0 71.0
29.217747 228.42412 0.0446 0.0 71.0
26.352571 226.71136 0.0447 9.0 71.0
27.999607 229.61482 0.0447 9.0 71.0
27.999607 229.61482 0.0448 0.0 72.0
27.999607 232.9529 0.0448 0.0 72.0
27.999607 229.61482 0.0449 8.0 72.0
29.646643 232.51828 0.0449 8.0 72.0
29.646643 232.51828 0.0450 7.0 73.0
32.511818 234.23103 0.0450 7.0 73.0
32.511818 234.23103 0.0451 0.0 74.0
35.84903 234.30708 0.0451 0.0 74.0
32.511818 234.23103 0.0452 6.0 74.0
35.376995 235.94379 0.0452 6.0 74.0
35.376995 235.94379 0.0453 0.0 75.0
37.024033 238.84724 0.0453 0.0 75.0
35.376995 235.94379 0.0454 5.0 75.0
38.242172 237.65654 0.0454 5.0 75.0
38.242172 237.65654 0.0455 1.0 76.0
39.88921 240.56 0.0455 1.0 76.0
39.88921 240.56 0.0456 0.0 77.0
42.754387 242.27275 0.0456 0.0 77.0
39.88921 240.56 0.0457 0.0 77.0
41.536247 243.46346 0.0457 0.0 77.0
41.536247 243.46346 0.0458 0.0 78.0
41.536247 246.80153 0.0458 0.0 78.0
41.536247 243.46346 0.0459 0.0 78.0
43.183285 246.36691 0.0459 0.0 78.0
38.242172 237.65654 0.0460 4.0 76.0
41.10735 239.3693 0.0460 4.0 76.0
41.10735 239.3693 0.0461 0.0 77.0
44.44456 239.44534 0.0461 0.0 77.0
41.10735 239.3693 0.0462 3.0 77.0
43.972527 241.08205 0.0462 3.0 77.0
43.972527 241.08205 0.0463 0.0 78.0
45.619564 243.9855 0.0463 0.0 78.0
43.972527 241.08205 0.0464 2.0 78.0
46.837704 242.7948 0.0464 2.0 78.0
46.837704 242.7948 0.0465 1.0 79.0
50.174915 242.87085 0.0465 1.0 79.0
50.174915 242.87085 0.0466 0.0 80.0
53.115135 241.29039 0.0466 0.0 80.0
50.174915 242.87085 0.0467 0.0 80.0
53.512127 242.9469 0.0467 0.0 80.0
53.512127 242.9469 0.0468 0.0 81.0
56.377304 244.65965 0.0468 0.0 81.0
53.512127 242.9469 0.0469 0.0 81.0
56.84934 243.02295 0.0469 0.0 81.0
46.837704 242.7948 0.0470 1.0 79.0
49.70288 244.50755 0.0470 1.0 79.0
49.70288 244.50755 0.0471 0.0 80.0
53.040092 244.5836 0.0471 0.0 80.0
49.70288 244.50755 0.0472 0.0 80.0
52.568058 246.2203 0.0472 0.0 80.0
52.568058 246.2203 0.0473 0.0 81.0
54.215096 249.12376 0.0473 0.0 81.0
52.568058 246.2203 0.0474 0.0 81.0
55.433235 247.93306 0.0474 0.0 81.0
29.646643 232.51828 0.0475 7.0 73.0
31.293678 235.42174 0.0475 7.0 73.0
31.293678 235.42174 0.0476 0.0 74.0
34.158855 237.13449 0.0476 0.0 74.0
31.293678 235.42174 0.0477 6.0 74.0
32.940716 238.3252 0.0477 6.0 74.0
32.940716 238.3252 0.0478 0.0 75.0
32.940716 241.66327 0.0478 0.0 75.0
32.940716 238.3252 0.0479 5.0 75.0
34.587753 241.22865 0.0479 5.0 75.0
34.587753 241.22865 0.0480 1.0 76.0
34.587753 244.56673 0.0480 1.0 76.0
34.587753 244.56673 0.0481 0.0 77.0
36.23479 247.47018 0.0481 0.0 77.0
34.587753 244.56673 0.0482 0.0 77.0
34.587753 247.9048 0.0482 0.0 77.0
34.587753 247.9048 0.0483 0.0 78.0
32.940716 250.80826 0.0483 0.0 78.0
34.587753 247.9048 0.0484 0.0 78.0
34.587753 251.24287 0.0484 0.0 78.0
34.587753 241.22865 0.0485 4.0 76.0
36.23479 244.13211 0.0485 4.0 76.0
36.23479 244.13211 0.0486 0.0 77.0
39.099968 245.84486 0.0486 0.0 77.0
36.23479 244.13211 0.0487 3.0 77.0
37.88183 247.03557 0.0487 3.0 77.0
37.88183 247.03557 0.0488 0.0 78.0
37.88183 250.37364 0.0488 0.0 78.0
37.88183 247.03557 0.0489 2.0 78.0
39.528866 249.93903 0.0489 2.0 78.0
39.528866 249.93903 0.0490 1.0 79.0
42.394043 251.65178 0.0490 1.0 79.0
42.394043 251.65178 0.0491 0.0 80.0
45.731255 251.72783 0.0491 0.0 80.0
42.394043 251.65178 0.0492 0.0 80.0
45.25922 253.36453 0.0492 0.0 80.0
45.25922 253.36453 0.0493 0.0 81.0
46.906258 256.26797 0.0493 0.0 81.0
45.25922 253.36453 0.0494 0.0 81.0
48.124397 255.07729 0.0494 0.0 81.0
39.528866 249.93903 0.0495 1.0 79.0
41.175903 252.84248 0.0495 1.0 79.0
41.175903 252.84248 0.0496 0.0 80.0
44.04108 254.55524 0.0496 0.0 80.0
41.175903 252.84248 0.0497 0.0 80.0
42.82294 255.74594 0.0497 0.0 80.0
42.82294 255.74594 0.0498 0.0 81.0
42.82294 259.084 0.0498 0.0 81.0
42.82294 255.74594 0.0499 0.0 81.0
44.46998 258.64938 0.0499 0.0 81.0
0.0 180.25604 0.0500 25.0 55.0
0.0 183.59412 0.0500 25.0 55.0
0.0 183.59412 0.0501 0.0 56.0
1.6470357 186.49757 0.0501 0.0 56.0
0.0 183.59412 0.0502 24.0 56.0
0.0 186.93219 0.0502 24.0 56.0
0.0 186.93219 0.0503 0.0 57.0
-1.6470357 189.83565 0.0503 0.0 57.0
0.0 186.93219 0.0504 23.0 57.0
0.0 190.27026 0.0504 23.0 57.0
0.0 190.27026 0.0505 1.0 58.0
-1.6470357 193.17372 0.0505 1.0 58.0
-1.6470357 193.17372 0.0506 0.0 59.0
-1.6470357 196.5118 0.0506 0.0 59.0
-1.6470357 193.17372 0.0507 0.0 59.0
-3.2940714 196.07718 0.0507 0.0 59.0
-3.2940714 196.07718 0.0508 0.0 60.0
-6.159247 197.78993 0.0508 0.0 60.0
-3.2940714 196.07718 0.0509 0.0 60.0
-4.9411073 198.98064 0.0509 0.0 60.0
0.0 190.27026 0.0510 22.0 58.0
0.0 193.60834 0.0510 22.0 58.0
0.0 193.60834 0.0511 0.0 59.0
1.6470357 196.5118 0.0511 0.0 59.0
0.0 193.60834 0.0512 21.0 59.0
0.0 196.94641 0.0512 21.0 59.0
0.0 196.94641 0.0513 0.0 60.0
-1.6470357 199.84987 0.0513 0.0 60.0
0.0 196.94641 0.0514 20.0 60.0
0.0 200.28448 0.0514 20.0 60.0
0.0 200.28448 0.0515 1.0 61.0
1.6470357 203.18794 0.0515 1.0 61.0
1.6470357 203.18794 0.0516 0.0 62.0
4.5122113 204.9007 0.0516 0.0 62.0
1.6470357 203.18794 0.0517 0.0 62.0
3.2940714 206.0914 0.0517 0.0 62.0
3.2940714 206.0914 0.0518 0.0 63.0
3.2940714 209.42947 0.0518 0.0 63.0
3.2940714 206.0914 0.0519 0.0 63.0
4.9411073 208.99486 0.0519 0.0 63.0
0.0 200.28448 0.0520 19.0 61.0
0.0 203.62256 0.0520 19.0 61.0
0.0 203.62256 0.0521 0.0 62.0
1.6470357 206.52602 0.0521 0.0 62.0
0.0 203.62256 0.0522 18.0 62.0
0.0 206.96063 0.0522 18.0 62.0
0.0 206.96063 0.0523 0.0 63.0
-1.6470357 209.86409 0.0523 0.0 63.0
0.0 206.96063 0.0524 17.0 63.0
0.0 210.2987 0.0524 17.0 63.0
0.0 210.2987 0.0525 7.0 64.0
-1.6470357 213.20216 0.0525 7.0 64.0
-1.6470357 213.20216 0.0526 0.0 65.0
-1.6470357 216.54024 0.0526 0.0 65.0
-1.6470357 213.20216 0.0527 6.0 65.0
-3.2940714 216.10562 0.0527 6.0 65.0
-3.2940714 216.10562 0.0528 0.0 66.0
-6.159247 217.81837 0.0528 0.0 66.0
-3.2940714 216.10562 0.0529 5.0 66.0
-4.9411073 219.00908 0.0529 5.0 66.0
-4.9411073 219.00908 0.0530 1.0 67.0
-7.806283 220.72183 0.0530 1.0 67.0
-7.806283 220.72183 0.0531 0.0 68.0
-9.453319 223.62529 0.0531 0.0 68.0
-7.806283 220.72183 0.0532 0.0 68.0
-10.671458 222.43459 0.0532 0.0 68.0
-10.671458 222.43459 0.0533 0.0 69.0
-14.008669 222.51064 0.0533 0.0 69.0
-10.671458 222.43459 0.0534 0.0 69.0
-13.5366335 224.14734 0.0534 0.0 69.0
-4.9411073 219.00908 0.0535 4.0 67.0
-6.588143 221.91254 0.0535 4.0 67.0
-6.588143 221.91254 0.0536 0.0 68.0
-6.588143 225.25061 0.0536 0.0 68.0
-6.588143 221.91254 0.0537 3.0 68.0
-8.235179 224.816 0.0537 3.0 68.0
-8.235179 224.816 0.0538 0.0 69.0
-11.100354 226.52875 0.0538 0.0 69.0
-8.235179 224.816 0.0539 2.0 69.0
-9.882215 227.71945 0.0539 2.0 69.0
-9.882215 227.71945 0.0540 1.0 70.0
-9.882215 231.05753 0.0540 1.0 70.0
-9.882215 231.05753 0.0541 0.0 71.0
-8.235179 233.96098 0.0541 0.0 71.0
-9.882215 231.05753 0.0542 0.0 71.0
-9.882215 234.3956 0.0542 0.0 71.0
-9.882215 234.3956 0.0543 0.0 72.0
-11.52925 237.29906 0.0543 0.0 72.0
-9.882215 234.3956 0.0544 0.0 72.0
-9.882215 237.73367 0.0544 0.0 72.0
-9.882215 227.71945 0.0545 1.0 70.0
-11.52925 230.62291 0.0545 1.0 70.0
-11.52925 230.62291 0.0546 0.0 71.0
-11.52925 233.96098 0.0546 0.0 71.0
-11.52925 230.62291 0.0547 0.0 71.0
-13.176286 233.52637 0.0547 0.0 71.0
-13.176286 233.52637 0.0548 0.0 72.0
-16.041462 235.23912 0.0548 0.0 72.0
-13.176286 233.52637 0.0549 0.0 72.0
-14.823321 236.42982 0.0549 0.0 72.0
0.0 210.2987 0.0550 16.0 64.0
0.0 213.63678 0.0550 16.0 64.0
0.0 213.63678 0.0551 0.0 65.0
1.6470357 216.54024 0.0551 0.0 65.0
0.0 213.63678 0.0552 15.0 65.0
0.0 216.97485 0.0552 15.0 65.0
0.0 216.97485 0.0553 0.0 66.0
-1.6470357 219.87831 0.0553 0.0 66.0
0.0 216.97485 0.0554 14.0 66.0
0.0 220.31293 0.0554 14.0 66.0
0.0 220.31293 0.0555 1.0 67.0
-1.6470357 223.21638 0.0555 1.0 67.0
-1.6470357 223.21638 0.0556 0.0 68.0
-1.6470357 226.55446 0.0556 0.0 68.0
-1.6470357 223.21638 0.0557 0.0 68.0
-3.2940714 226.11984 0.0557 0.0 68.0
-3.2940714 226.11984 0.0558 0.0 69.0
-6.159247 227.8326 0.0558 0.0 69.0
-3.2940714 226.11984 0.0559 0.0 69.0
-4.9411073 229.0233 0.0559 0.0 69.0
0.0 220.31293 0.0560 13.0 67.0
0.0 223.651 0.0560 13.0 67.0
0.0 223.651 0.0561 0.0 68.0
1.6470357 226.55446 0.0561 0.0 68.0
0.0 223.651 0.0562 12.0 68.0
0.0 226.98907 0.0562 12.0 68.0
0.0 226.98907 0.0563 0.0 69.0
-1.6470357 229.89253 0.0563 0.0 69.0
0.0 226.98907 0.0564 11.0 69.0
0.0 230.32715 0.0564 11.0 69.0
0.0 230.32715 0.0565 1.0 70.0
1.6470357 233.2306 0.0565 1.0 70.0
1.6470357 233.2306 0.0566 0.0 71.0
4.5122113 234.94336 0.0566 0.0 71.0
1.6470357 233.2306 0.0567 0.0 71.0
3.2940714 236.13406 0.0567 0.0 71.0
3.2940714 236.13406 0.0568 0.0 72.0
3.2940714 239.47214 0.0568 0.0 72.0
3.2940714 236.13406 0.0569 0.0 72.0
4.9411073 239.03752 0.0569 0.0 72.0
0.0 230.32715 0.0570 10.0 70.0
0.0 233.66522 0.0570 10.0 70.0
0.0 233.66522 0.0571 0.0 71.0
1.6470357 236.56868 0.0571 0.0 71.0
0.0 233.66522 0.0572 9.0 71.0
0.0 237.0033 0.0572 9.0 71.0
0.0 237.0033 0.0573 0.0 72.0
-1.6470357 239.90675 0.0573 0.0 72.0
0.0 237.0033 0.0574 8.0 72.0
0.0 240.34137 0.0574 8.0 72.0
0.0 240.34137 0.0575 7.0 73.0
1.6470357 243.24483 0.0575 7.0 73.0
1.6470357 243.24483 0.0576 0.0 74.0
4.5122113 244.95758 0.0576 0.0 74.0
1.6470357 243.24483 0.0577 6.0 74.0
3.2940714 246.14828 0.0577 6.0 74.0
3.2940714 246.14828 0.0578 0.0 75.0
3.2940714 249.48636 0.0578 0.0 75.0
3.2940714 246.14828 0.0579 5.0 75.0
4.9411073 249.05174 0.0579 5.0 75.0
4.9411073 249.05174 0.0580 1.0 76.0
4.9411073 252.38982 0.0580 1.0 76.0
4.9411073 252.38982 0.0581 0.0 77.0
6.588143 255.29327 0.0581 0.0 77.0
4.9411073 252.38982 0.0582 0.0 77.0
4.9411073 255.72789 0.0582 0.0 77.0
4.9411073 255.72789 0.0583 0.0 78.0
3.2940717 258.63135 0.0583 0.0 78.0
4.9411073 255.72789 0.0584 0.0 78.0
4.9411073 259.06598 0.0584 0.0 78.0
4.9411073 249.05174 0.0585 4.0 76.0
6.588143 251.9552 0.0585 4.0 76.0
6.588143 251.9552 0.0586 0.0 77.0
9.453319 253.66795 0.0586 0.0 77.0
6.588143 251.9552 0.0587 3.0 77.0
8.235179 254.85866 0.0587 3.0 77.0
8.235179 254.85866 0.0588 0.0 78.0
8.235179 258.19675 0.0588 0.0 78.0
8.235179 254.85866 0.0589 2.0 78.0
9.882215 257.76212 0.0589 2.0 78.0
9.882215 257.76212 0.0590 1.0 79.0
12.74739 259.47485 0.0590 1.0 79.0
12.74739 259.47485 0.0591 0.0 80.0
16.0846 259.5509 0.0591 0.0 80.0
12.74739 259.47485 0.0592 0.0 80.0
15.612565 261.1876 0.0592 0.0 80.0
15.612565 261.1876 0.0593 0.0 81.0
17.259602 264.09103 0.0593 0.0 81.0
15.612565 261.1876 0.0594 0.0 81.0
18.477741 262.90033 0.0594 0.0 81.0
9.882215 257.76212 0.0595 1.0 79.0
11.52925 260.66556 0.0595 1.0 79.0
11.52925 260.66556 0.0596 0.0 80.0
14.394425 262.3783 0.0596 0.0 80.0
11.52925 260.66556 0.0597 0.0 80.0
13.176286 263.569 0.0597 0.0 80.0
13.176286 263.569 0.0598 0.0 81.0
13.176286 266.90707 0.0598 0.0 81.0
13.176286 263.569 0.0599 0.0 81.0
14.823321 266.47244 0.0599 0.0 81.0
0.0 240.34137 0.0600 7.0 73.0
0.0 243.67944 0.0600 7.0 73.0
0.0 243.67944 0.0601 0.0 74.0
1.6470357 246.5829 0.0601 0.0 74.0
0.0 243.67944 0.0602 6.0 74.0
0.0 247.01752 0.0602 6.0 74.0
0.0 247.01752 0.0603 0.0 75.0
-1.6470357 249.92097 0.0603 0.0 75.0
0.0 247.01752 0.0604 5.0 75.0
0.0 250.35559 0.0604 5.0 75.0
0.0 250.35559 0.0605 1.0 76.0
-1.6470357 253.25905 0.0605 1.0 76.0
-1.6470357 253.25905 0.0606 0.0 77.0
-1.6470357 256.59714 0.0606 0.0 77.0
-1.6470357 253.25905 0.0607 0.0 77.0
-3.2940714 256.1625 0.0607 0.0 77.0
-3.2940714 256.1625 0.0608 0.0 78.0
-6.159247 257.87524 0.0608 0.0 78.0
-3.2940714 256.1625 0.0609 0.0 78.0
-4.9411073 259.06595 0.0609 0.0 78.0
0.0 250.35559 0.0610 4.0 76.0
0.0 253.69366 0.0610 4.0 76.0
0.0 253.69366 0.0611 0.0 77.0
1.6470357 256.5971 0.0611 0.0 77.0
0.0 253.69366 0.0612 3.0 77.0
0.0 257.03174 0.0612 3.0 77.0
0.0 257.03174 0.0613 0.0 78.0
-1.6470357 259.93518 0.0613 0.0 78.0
0.0 257.03174 0.0614 2.0 78.0
0.0 260.3698 0.0614 2.0 78.0
0.0 260.3698 0.0615 1.0 79.0
1.6470357 263.27325 0.0615 1.0 79.0
1.6470357 263.27325 0.0616 0.0 80.0
4.5122113 264.986 0.0616 0.0 80.0
1.6470357 263.27325 0.0617 0.0 80.0
3.2940714 266.1767 0.0617 0.0 80.0
3.2940714 266.1767 0.0618 0.0 81.0
3.2940714 269.51477 0.0618 0.0 81.0
3.2940714 266.1767 0.0619 0.0 81.0
4.9411073 269.08014 0.0619 0.0 81.0
0.0 260.3698 0.0620 1.0 79.0
0.0 263.7079 0.0620 1.0 79.0
0.0 263.7079 0.0621 0.0 80.0
1.6470357 266.61133 0.0621 0.0 80.0
0.0 263.7079 0.0622 0.0 80.0
0.0 267.04596 0.0622 0.0 80.0
0.0 267.04596 0.0623 0.0 81.0
-1.6470357 269.9494 0.0623 0.0 81.0
0.0 267.04596 0.0624 0.0 81.0
0.0 270.38403 0.0624 0.0 81.0
