0.0 0.0 0.00 43.0 1.0
0.0 2.8610666 0.00 43.0 1.0
0.0 2.8610666 0.01 42.0 2.0
0.0 5.722133 0.01 42.0 2.0
0.0 5.722133 0.02 41.0 3.0
0.0 8.5831995 0.02 41.0 3.0
0.0 8.5831995 0.03 40.0 4.0
0.0 11.444266 0.03 40.0 4.0
0.0 11.444266 0.04 39.0 5.0
0.0 14.305333 0.04 39.0 5.0
0.0 14.305333 0.05 38.0 6.0
0.0 17.166399 0.05 38.0 6.0
0.0 17.166399 0.06 37.0 7.0
0.0 20.027466 0.06 37.0 7.0
0.0 20.027466 0.07 36.0 8.0
0.0 22.888533 0.07 36.0 8.0
0.0 22.888533 0.08 19.0 9.0
1.2472308 25.463434 0.08 19.0 9.0
1.2472308 25.463434 0.09 18.0 10.0
2.4944615 28.038336 0.09 18.0 10.0
2.4944615 28.038336 0.010 17.0 11.0
3.7416923 30.613237 0.010 17.0 11.0
3.7416923 30.613237 0.011 16.0 12.0
4.988923 33.188137 0.011 16.0 12.0
4.988923 33.188137 0.012 7.0 13.0
7.2338877 34.96179 0.012 7.0 13.0
7.2338877 34.96179 0.013 6.0 14.0
9.478852 36.73544 0.013 6.0 14.0
9.478852 36.73544 0.014 1.0 15.0
12.272466 37.353035 0.014 1.0 15.0
12.272466 37.353035 0.015 0.0 16.0
15.066079 37.97063 0.015 0.0 16.0
15.066079 37.97063 0.016 0.0 17.0
17.311043 39.74428 0.016 0.0 17.0
9.478852 36.73544 0.017 1.0 15.0
12.262278 36.073437 0.017 1.0 15.0
12.262278 36.073437 0.018 0.0 16.0
15.045703 35.411434 0.018 0.0 16.0
15.045703 35.411434 0.019 0.0 17.0
17.839317 36.02903 0.019 0.0 17.0
9.478852 36.73544 0.020 5.0 15.0
11.723817 38.50909 0.020 5.0 15.0
11.723817 38.50909 0.021 4.0 16.0
13.968781 40.28274 0.021 4.0 16.0
13.968781 40.28274 0.022 3.0 17.0
16.762394 40.900337 0.022 3.0 17.0
16.762394 40.900337 0.023 2.0 18.0
19.556007 41.517933 0.023 2.0 18.0
19.556007 41.517933 0.024 1.0 19.0
22.34962 42.13553 0.024 1.0 19.0
22.34962 42.13553 0.025 0.0 20.0
25.143234 42.753124 0.025 0.0 20.0
25.143234 42.753124 0.026 0.0 21.0
27.388199 44.526775 0.026 0.0 21.0
13.968781 40.28274 0.027 1.0 17.0
16.762394 40.900337 0.027 1.0 17.0
16.762394 40.900337 0.028 0.0 18.0
19.556007 41.517933 0.028 0.0 18.0
19.556007 41.517933 0.029 0.0 19.0
21.800972 43.291584 0.029 0.0 19.0
4.988923 33.188137 0.030 7.0 13.0
7.7825365 33.805733 0.030 7.0 13.0
7.7825365 33.805733 0.031 6.0 14.0
10.57615 34.42333 0.031 6.0 14.0
10.57615 34.42333 0.032 1.0 15.0
13.359575 33.761326 0.032 1.0 15.0
13.359575 33.761326 0.033 0.0 16.0
16.143002 33.099323 0.033 0.0 16.0
16.143002 33.099323 0.034 0.0 17.0
18.936615 33.71692 0.034 0.0 17.0
10.57615 34.42333 0.035 1.0 15.0
12.792589 32.61416 0.035 1.0 15.0
12.792589 32.61416 0.036 0.0 16.0
15.0090275 30.804987 0.036 0.0 16.0
15.0090275 30.804987 0.037 0.0 17.0
17.792454 30.142986 0.037 0.0 17.0
10.57615 34.42333 0.038 5.0 15.0
13.369763 35.040924 0.038 5.0 15.0
13.369763 35.040924 0.039 4.0 16.0
16.163376 35.65852 0.039 4.0 16.0
16.163376 35.65852 0.040 3.0 17.0
18.9468 34.996517 0.040 3.0 17.0
18.9468 34.996517 0.041 2.0 18.0
21.730225 34.334515 0.041 2.0 18.0
21.730225 34.334515 0.042 1.0 19.0
24.513649 33.672512 0.042 1.0 19.0
24.513649 33.672512 0.043 0.0 20.0
27.297073 33.01051 0.043 0.0 20.0
27.297073 33.01051 0.044 0.0 21.0
30.090687 33.628105 0.044 0.0 21.0
16.163376 35.65852 0.045 1.0 17.0
18.9468 34.996517 0.045 1.0 17.0
18.9468 34.996517 0.046 0.0 18.0
21.730225 34.334515 0.046 0.0 18.0
21.730225 34.334515 0.047 0.0 19.0
24.523838 34.95211 0.047 0.0 19.0
4.988923 33.188137 0.048 15.0 13.0
6.2361536 35.76304 0.048 15.0 13.0
6.2361536 35.76304 0.049 14.0 14.0
7.483384 38.33794 0.049 14.0 14.0
7.483384 38.33794 0.050 13.0 15.0
8.730615 40.91284 0.050 13.0 15.0
8.730615 40.91284 0.051 12.0 16.0
9.977845 43.487743 0.051 12.0 16.0
9.977845 43.487743 0.052 11.0 17.0
12.22281 45.261395 0.052 11.0 17.0
12.22281 45.261395 0.053 10.0 18.0
14.467774 47.035046 0.053 10.0 18.0
14.467774 47.035046 0.054 9.0 19.0
16.712738 48.808697 0.054 9.0 19.0
16.712738 48.808697 0.055 8.0 20.0
18.957703 50.582348 0.055 8.0 20.0
18.957703 50.582348 0.056 7.0 21.0
21.202667 52.356 0.056 7.0 21.0
21.202667 52.356 0.057 6.0 22.0
23.447632 54.12965 0.057 6.0 22.0
23.447632 54.12965 0.058 1.0 23.0
26.241245 54.747246 0.058 1.0 23.0
26.241245 54.747246 0.059 0.0 24.0
29.034859 55.36484 0.059 0.0 24.0
29.034859 55.36484 0.060 0.0 25.0
31.279823 57.138493 0.060 0.0 25.0
23.447632 54.12965 0.061 1.0 23.0
26.231056 53.467648 0.061 1.0 23.0
26.231056 53.467648 0.062 0.0 24.0
29.01448 52.805645 0.062 0.0 24.0
29.01448 52.805645 0.063 0.0 25.0
31.808094 53.42324 0.063 0.0 25.0
23.447632 54.12965 0.064 5.0 23.0
25.692596 55.9033 0.064 5.0 23.0
25.692596 55.9033 0.065 4.0 24.0
27.937561 57.676952 0.065 4.0 24.0
27.937561 57.676952 0.066 3.0 25.0
30.731174 58.294548 0.066 3.0 25.0
30.731174 58.294548 0.067 2.0 26.0
33.524788 58.912144 0.067 2.0 26.0
33.524788 58.912144 0.068 1.0 27.0
36.3184 59.52974 0.068 1.0 27.0
36.3184 59.52974 0.069 0.0 28.0
39.112015 60.147335 0.069 0.0 28.0
39.112015 60.147335 0.070 0.0 29.0
41.35698 61.920986 0.070 0.0 29.0
27.937561 57.676952 0.071 1.0 25.0
30.731174 58.294548 0.071 1.0 25.0
30.731174 58.294548 0.072 0.0 26.0
33.524788 58.912144 0.072 0.0 26.0
33.524788 58.912144 0.073 0.0 27.0
35.769753 60.685795 0.073 0.0 27.0
9.977845 43.487743 0.074 7.0 17.0
12.22281 45.261395 0.074 7.0 17.0
12.22281 45.261395 0.075 6.0 18.0
14.467774 47.035046 0.075 6.0 18.0
14.467774 47.035046 0.076 1.0 19.0
17.261387 47.65264 0.076 1.0 19.0
17.261387 47.65264 0.077 0.0 20.0
20.055 48.270237 0.077 0.0 20.0
20.055 48.270237 0.078 0.0 21.0
22.299965 50.043888 0.078 0.0 21.0
14.467774 47.035046 0.079 1.0 19.0
17.2512 46.373043 0.079 1.0 19.0
17.2512 46.373043 0.080 0.0 20.0
20.034626 45.71104 0.080 0.0 20.0
20.034626 45.71104 0.081 0.0 21.0
22.82824 46.328636 0.081 0.0 21.0
14.467774 47.035046 0.082 5.0 19.0
16.712738 48.808697 0.082 5.0 19.0
16.712738 48.808697 0.083 4.0 20.0
18.957703 50.582348 0.083 4.0 20.0
18.957703 50.582348 0.084 3.0 21.0
21.751316 51.199944 0.084 3.0 21.0
21.751316 51.199944 0.085 2.0 22.0
24.54493 51.81754 0.085 2.0 22.0
24.54493 51.81754 0.086 1.0 23.0
27.338543 52.435135 0.086 1.0 23.0
27.338543 52.435135 0.087 0.0 24.0
30.132156 53.05273 0.087 0.0 24.0
30.132156 53.05273 0.088 0.0 25.0
32.37712 54.82638 0.088 0.0 25.0
18.957703 50.582348 0.089 1.0 21.0
21.751316 51.199944 0.089 1.0 21.0
21.751316 51.199944 0.090 0.0 22.0
24.54493 51.81754 0.090 0.0 22.0
24.54493 51.81754 0.091 0.0 23.0
26.789894 53.59119 0.091 0.0 23.0
0.0 22.888533 0.092 19.0 9.0
0.0 25.7496 0.092 19.0 9.0
0.0 25.7496 0.093 18.0 10.0
0.0 28.610666 0.093 18.0 10.0
0.0 28.610666 0.094 17.0 11.0
0.0 31.471733 0.094 17.0 11.0
0.0 31.471733 0.095 16.0 12.0
0.0 34.332798 0.095 16.0 12.0
0.0 34.332798 0.096 7.0 13.0
1.2472308 36.9077 0.096 7.0 13.0
1.2472308 36.9077 0.097 6.0 14.0
2.4944615 39.4826 0.097 6.0 14.0
2.4944615 39.4826 0.098 1.0 15.0
4.7394257 41.256252 0.098 1.0 15.0
4.7394257 41.256252 0.099 0.0 16.0
6.9843903 43.029903 0.099 0.0 16.0
6.9843903 43.029903 0.0100 0.0 17.0
8.231621 45.604805 0.0100 0.0 17.0
2.4944615 39.4826 0.0101 1.0 15.0
5.288075 40.100197 0.0101 1.0 15.0
5.288075 40.100197 0.0102 0.0 16.0
8.081688 40.717793 0.0102 0.0 16.0
8.081688 40.717793 0.0103 0.0 17.0
10.326653 42.491444 0.0103 0.0 17.0
2.4944615 39.4826 0.0104 5.0 15.0
3.7416923 42.057503 0.0104 5.0 15.0
3.7416923 42.057503 0.0105 4.0 16.0
4.988923 44.632404 0.0105 4.0 16.0
4.988923 44.632404 0.0106 3.0 17.0
7.2338877 46.406055 0.0106 3.0 17.0
7.2338877 46.406055 0.0107 2.0 18.0
9.478852 48.179707 0.0107 2.0 18.0
9.478852 48.179707 0.0108 1.0 19.0
11.723817 49.953358 0.0108 1.0 19.0
11.723817 49.953358 0.0109 0.0 20.0
13.968781 51.72701 0.0109 0.0 20.0
13.968781 51.72701 0.0110 0.0 21.0
15.216012 54.30191 0.0110 0.0 21.0
4.988923 44.632404 0.0111 1.0 17.0
7.2338877 46.406055 0.0111 1.0 17.0
7.2338877 46.406055 0.0112 0.0 18.0
9.478852 48.179707 0.0112 0.0 18.0
9.478852 48.179707 0.0113 0.0 19.0
10.726083 50.75461 0.0113 0.0 19.0
0.0 34.332798 0.0114 7.0 13.0
2.2449644 36.10645 0.0114 7.0 13.0
2.2449644 36.10645 0.0115 6.0 14.0
4.4899287 37.8801 0.0115 6.0 14.0
4.4899287 37.8801 0.0116 1.0 15.0
7.283542 38.497696 0.0116 1.0 15.0
7.283542 38.497696 0.0117 0.0 16.0
10.077156 39.11529 0.0117 0.0 16.0
10.077156 39.11529 0.0118 0.0 17.0
12.322121 40.888943 0.0118 0.0 17.0
4.4899287 37.8801 0.0119 1.0 15.0
7.273354 37.218098 0.0119 1.0 15.0
7.273354 37.218098 0.0120 0.0 16.0
10.05678 36.556095 0.0120 0.0 16.0
10.05678 36.556095 0.0121 0.0 17.0
12.850393 37.17369 0.0121 0.0 17.0
4.4899287 37.8801 0.0122 5.0 15.0
6.734893 39.65375 0.0122 5.0 15.0
6.734893 39.65375 0.0123 4.0 16.0
8.979857 41.427402 0.0123 4.0 16.0
8.979857 41.427402 0.0124 3.0 17.0
11.773471 42.045 0.0124 3.0 17.0
11.773471 42.045 0.0125 2.0 18.0
14.567084 42.662594 0.0125 2.0 18.0
14.567084 42.662594 0.0126 1.0 19.0
17.360699 43.28019 0.0126 1.0 19.0
17.360699 43.28019 0.0127 0.0 20.0
20.154312 43.897785 0.0127 0.0 20.0
20.154312 43.897785 0.0128 0.0 21.0
22.399277 45.671436 0.0128 0.0 21.0
8.979857 41.427402 0.0129 1.0 17.0
11.773471 42.045 0.0129 1.0 17.0
11.773471 42.045 0.0130 0.0 18.0
14.567084 42.662594 0.0130 0.0 18.0
14.567084 42.662594 0.0131 0.0 19.0
16.812048 44.436245 0.0131 0.0 19.0
0.0 34.332798 0.0132 15.0 13.0
0.0 37.193863 0.0132 15.0 13.0
0.0 37.193863 0.0133 14.0 14.0
0.0 40.054928 0.0133 14.0 14.0
0.0 40.054928 0.0134 13.0 15.0
0.0 42.915993 0.0134 13.0 15.0
0.0 42.915993 0.0135 12.0 16.0
0.0 45.777058 0.0135 12.0 16.0
0.0 45.777058 0.0136 11.0 17.0
1.2472308 48.35196 0.0136 11.0 17.0
1.2472308 48.35196 0.0137 10.0 18.0
2.4944615 50.92686 0.0137 10.0 18.0
2.4944615 50.92686 0.0138 9.0 19.0
3.7416923 53.501762 0.0138 9.0 19.0
3.7416923 53.501762 0.0139 8.0 20.0
4.988923 56.076664 0.0139 8.0 20.0
4.988923 56.076664 0.0140 7.0 21.0
6.2361536 58.651566 0.0140 7.0 21.0
6.2361536 58.651566 0.0141 6.0 22.0
7.483384 61.226467 0.0141 6.0 22.0
7.483384 61.226467 0.0142 1.0 23.0
9.728349 63.00012 0.0142 1.0 23.0
9.728349 63.00012 0.0143 0.0 24.0
11.973313 64.773766 0.0143 0.0 24.0
11.973313 64.773766 0.0144 0.0 25.0
13.220544 67.34866 0.0144 0.0 25.0
7.483384 61.226467 0.0145 1.0 23.0
10.276998 61.844063 0.0145 1.0 23.0
10.276998 61.844063 0.0146 0.0 24.0
13.070611 62.46166 0.0146 0.0 24.0
13.070611 62.46166 0.0147 0.0 25.0
15.315576 64.235306 0.0147 0.0 25.0
7.483384 61.226467 0.0148 5.0 23.0
8.730615 63.80137 0.0148 5.0 23.0
8.730615 63.80137 0.0149 4.0 24.0
9.977845 66.37627 0.0149 4.0 24.0
9.977845 66.37627 0.0150 3.0 25.0
12.22281 68.14992 0.0150 3.0 25.0
12.22281 68.14992 0.0151 2.0 26.0
14.467774 69.92357 0.0151 2.0 26.0
14.467774 69.92357 0.0152 1.0 27.0
16.712738 71.69722 0.0152 1.0 27.0
16.712738 71.69722 0.0153 0.0 28.0
18.957703 73.47087 0.0153 0.0 28.0
18.957703 73.47087 0.0154 0.0 29.0
20.204933 76.04577 0.0154 0.0 29.0
9.977845 66.37627 0.0155 1.0 25.0
12.22281 68.14992 0.0155 1.0 25.0
12.22281 68.14992 0.0156 0.0 26.0
14.467774 69.92357 0.0156 0.0 26.0
14.467774 69.92357 0.0157 0.0 27.0
15.715005 72.49847 0.0157 0.0 27.0
0.0 45.777058 0.0158 7.0 17.0
1.2472308 48.35196 0.0158 7.0 17.0
1.2472308 48.35196 0.0159 6.0 18.0
2.4944615 50.92686 0.0159 6.0 18.0
2.4944615 50.92686 0.0160 1.0 19.0
4.7394257 52.700512 0.0160 1.0 19.0
4.7394257 52.700512 0.0161 0.0 20.0
6.9843903 54.474163 0.0161 0.0 20.0
6.9843903 54.474163 0.0162 0.0 21.0
8.231621 57.049065 0.0162 0.0 21.0
2.4944615 50.92686 0.0163 1.0 19.0
5.288075 51.544456 0.0163 1.0 19.0
5.288075 51.544456 0.0164 0.0 20.0
8.081688 52.162052 0.0164 0.0 20.0
8.081688 52.162052 0.0165 0.0 21.0
10.326653 53.935703 0.0165 0.0 21.0
2.4944615 50.92686 0.0166 5.0 19.0
3.7416923 53.501762 0.0166 5.0 19.0
3.7416923 53.501762 0.0167 4.0 20.0
4.988923 56.076664 0.0167 4.0 20.0
4.988923 56.076664 0.0168 3.0 21.0
7.2338877 57.850315 0.0168 3.0 21.0
7.2338877 57.850315 0.0169 2.0 22.0
9.478852 59.623966 0.0169 2.0 22.0
9.478852 59.623966 0.0170 1.0 23.0
11.723817 61.397617 0.0170 1.0 23.0
11.723817 61.397617 0.0171 0.0 24.0
13.968781 63.17127 0.0171 0.0 24.0
13.968781 63.17127 0.0172 0.0 25.0
15.216012 65.74617 0.0172 0.0 25.0
4.988923 56.076664 0.0173 1.0 21.0
7.2338877 57.850315 0.0173 1.0 21.0
7.2338877 57.850315 0.0174 0.0 22.0
9.478852 59.623966 0.0174 0.0 22.0
9.478852 59.623966 0.0175 0.0 23.0
10.726083 62.198868 0.0175 0.0 23.0
0.0 22.888533 0.0176 35.0 9.0
0.0 25.7496 0.0176 35.0 9.0
0.0 25.7496 0.0177 34.0 10.0
0.0 28.610666 0.0177 34.0 10.0
0.0 28.610666 0.0178 33.0 11.0
0.0 31.471733 0.0178 33.0 11.0
0.0 31.471733 0.0179 32.0 12.0
0.0 34.332798 0.0179 32.0 12.0
0.0 34.332798 0.0180 31.0 13.0
0.0 37.193863 0.0180 31.0 13.0
0.0 37.193863 0.0181 30.0 14.0
0.0 40.054928 0.0181 30.0 14.0
0.0 40.054928 0.0182 29.0 15.0
0.0 42.915993 0.0182 29.0 15.0
0.0 42.915993 0.0183 28.0 16.0
0.0 45.777058 0.0183 28.0 16.0
0.0 45.777058 0.0184 27.0 17.0
-1.2472308 48.35196 0.0184 27.0 17.0
-1.2472308 48.35196 0.0185 26.0 18.0
-2.4944615 50.92686 0.0185 26.0 18.0
-2.4944615 50.92686 0.0186 25.0 19.0
-3.7416923 53.501762 0.0186 25.0 19.0
-3.7416923 53.501762 0.0187 24.0 20.0
-4.988923 56.076664 0.0187 24.0 20.0
-4.988923 56.076664 0.0188 23.0 21.0
-6.2361536 58.651566 0.0188 23.0 21.0
-6.2361536 58.651566 0.0189 22.0 22.0
-7.483384 61.226467 0.0189 22.0 22.0
-7.483384 61.226467 0.0190 21.0 23.0
-8.730615 63.80137 0.0190 21.0 23.0
-8.730615 63.80137 0.0191 20.0 24.0
-9.977845 66.37627 0.0191 20.0 24.0
-9.977845 66.37627 0.0192 19.0 25.0
-11.225076 68.951164 0.0192 19.0 25.0
-11.225076 68.951164 0.0193 18.0 26.0
-12.472306 71.52606 0.0193 18.0 26.0
-12.472306 71.52606 0.0194 17.0 27.0
-13.719537 74.10096 0.0194 17.0 27.0
-13.719537 74.10096 0.0195 16.0 28.0
-14.966767 76.67586 0.0195 16.0 28.0
-14.966767 76.67586 0.0196 7.0 29.0
-14.966767 79.53693 0.0196 7.0 29.0
-14.966767 79.53693 0.0197 6.0 30.0
-14.966767 82.397995 0.0197 6.0 30.0
-14.966767 82.397995 0.0198 1.0 31.0
-13.719537 84.97289 0.0198 1.0 31.0
-13.719537 84.97289 0.0199 0.0 32.0
-12.472306 87.54779 0.0199 0.0 32.0
-12.472306 87.54779 0.0200 0.0 33.0
-12.472306 90.40886 0.0200 0.0 33.0
-14.966767 82.397995 0.0201 1.0 31.0
-12.721803 84.171646 0.0201 1.0 31.0
-12.721803 84.171646 0.0202 0.0 32.0
-10.476838 85.9453 0.0202 0.0 32.0
-10.476838 85.9453 0.0203 0.0 33.0
-9.229608 88.520195 0.0203 0.0 33.0
-14.966767 82.397995 0.0204 5.0 31.0
-14.966767 85.25906 0.0204 5.0 31.0
-14.966767 85.25906 0.0205 4.0 32.0
-14.966767 88.12013 0.0205 4.0 32.0
-14.966767 88.12013 0.0206 3.0 33.0
-13.719537 90.69503 0.0206 3.0 33.0
-13.719537 90.69503 0.0207 2.0 34.0
-12.472306 93.26993 0.0207 2.0 34.0
-12.472306 93.26993 0.0208 1.0 35.0
-11.225076 95.844826 0.0208 1.0 35.0
-11.225076 95.844826 0.0209 0.0 36.0
-9.977845 98.41972 0.0209 0.0 36.0
-9.977845 98.41972 0.0210 0.0 37.0
-9.977845 101.28079 0.0210 0.0 37.0
-14.966767 88.12013 0.0211 1.0 33.0
-13.719537 90.69503 0.0211 1.0 33.0
-13.719537 90.69503 0.0212 0.0 34.0
-12.472306 93.26993 0.0212 0.0 34.0
-12.472306 93.26993 0.0213 0.0 35.0
-12.472306 96.131 0.0213 0.0 35.0
-14.966767 76.67586 0.0214 7.0 29.0
-13.719537 79.250755 0.0214 7.0 29.0
-13.719537 79.250755 0.0215 6.0 30.0
-12.472306 81.82565 0.0215 6.0 30.0
-12.472306 81.82565 0.0216 1.0 31.0
-10.227342 83.599304 0.0216 1.0 31.0
-10.227342 83.599304 0.0217 0.0 32.0
-7.982377 85.372955 0.0217 0.0 32.0
-7.982377 85.372955 0.0218 0.0 33.0
-6.735146 87.94785 0.0218 0.0 33.0
-12.472306 81.82565 0.0219 1.0 31.0
-9.678693 82.44325 0.0219 1.0 31.0
-9.678693 82.44325 0.0220 0.0 32.0
-6.8850794 83.06085 0.0220 0.0 32.0
-6.8850794 83.06085 0.0221 0.0 33.0
-4.640115 84.8345 0.0221 0.0 33.0
-12.472306 81.82565 0.0222 5.0 31.0
-11.225076 84.40055 0.0222 5.0 31.0
-11.225076 84.40055 0.0223 4.0 32.0
-9.977845 86.97545 0.0223 4.0 32.0
-9.977845 86.97545 0.0224 3.0 33.0
-7.7328806 88.7491 0.0224 3.0 33.0
-7.7328806 88.7491 0.0225 2.0 34.0
-5.487916 90.52275 0.0225 2.0 34.0
-5.487916 90.52275 0.0226 1.0 35.0
-3.2429516 92.2964 0.0226 1.0 35.0
-3.2429516 92.2964 0.0227 0.0 36.0
-0.9979873 94.07005 0.0227 0.0 36.0
-0.9979873 94.07005 0.0228 0.0 37.0
0.24924362 96.64495 0.0228 0.0 37.0
-9.977845 86.97545 0.0229 1.0 33.0
-7.7328806 88.7491 0.0229 1.0 33.0
-7.7328806 88.7491 0.0230 0.0 34.0
-5.487916 90.52275 0.0230 0.0 34.0
-5.487916 90.52275 0.0231 0.0 35.0
-4.240685 93.09765 0.0231 0.0 35.0
-14.966767 76.67586 0.0232 15.0 29.0
-16.213999 79.250755 0.0232 15.0 29.0
-16.213999 79.250755 0.0233 14.0 30.0
-17.46123 81.82565 0.0233 14.0 30.0
-17.46123 81.82565 0.0234 13.0 31.0
-18.70846 84.40055 0.0234 13.0 31.0
-18.70846 84.40055 0.0235 12.0 32.0
-19.95569 86.97545 0.0235 12.0 32.0
-19.95569 86.97545 0.0236 11.0 33.0
-19.95569 89.83652 0.0236 11.0 33.0
-19.95569 89.83652 0.0237 10.0 34.0
-19.95569 92.697586 0.0237 10.0 34.0
-19.95569 92.697586 0.0238 9.0 35.0
-19.95569 95.558655 0.0238 9.0 35.0
-19.95569 95.558655 0.0239 8.0 36.0
-19.95569 98.41972 0.0239 8.0 36.0
-19.95569 98.41972 0.0240 7.0 37.0
-19.95569 101.28079 0.0240 7.0 37.0
-19.95569 101.28079 0.0241 6.0 38.0
-19.95569 104.14186 0.0241 6.0 38.0
-19.95569 104.14186 0.0242 1.0 39.0
-18.70846 106.71676 0.0242 1.0 39.0
-18.70846 106.71676 0.0243 0.0 40.0
-17.46123 109.29166 0.0243 0.0 40.0
-17.46123 109.29166 0.0244 0.0 41.0
-17.46123 112.152725 0.0244 0.0 41.0
-19.95569 104.14186 0.0245 1.0 39.0
-17.710726 105.91551 0.0245 1.0 39.0
-17.710726 105.91551 0.0246 0.0 40.0
-15.465761 107.68916 0.0246 0.0 40.0
-15.465761 107.68916 0.0247 0.0 41.0
-14.218531 110.26406 0.0247 0.0 41.0
-19.95569 104.14186 0.0248 5.0 39.0
-19.95569 107.00293 0.0248 5.0 39.0
-19.95569 107.00293 0.0249 4.0 40.0
-19.95569 109.864 0.0249 4.0 40.0
-19.95569 109.864 0.0250 3.0 41.0
-18.70846 112.438896 0.0250 3.0 41.0
-18.70846 112.438896 0.0251 2.0 42.0
-17.46123 115.013794 0.0251 2.0 42.0
-17.46123 115.013794 0.0252 1.0 43.0
-16.213999 117.58869 0.0252 1.0 43.0
-16.213999 117.58869 0.0253 0.0 44.0
-14.966768 120.16359 0.0253 0.0 44.0
-14.966768 120.16359 0.0254 0.0 45.0
-14.966768 123.02466 0.0254 0.0 45.0
-19.95569 109.864 0.0255 1.0 41.0
-18.70846 112.438896 0.0255 1.0 41.0
-18.70846 112.438896 0.0256 0.0 42.0
-17.46123 115.013794 0.0256 0.0 42.0
-17.46123 115.013794 0.0257 0.0 43.0
-17.46123 117.87486 0.0257 0.0 43.0
-19.95569 86.97545 0.0258 7.0 33.0
-19.95569 89.83652 0.0258 7.0 33.0
-19.95569 89.83652 0.0259 6.0 34.0
-19.95569 92.697586 0.0259 6.0 34.0
-19.95569 92.697586 0.0260 1.0 35.0
-18.70846 95.272484 0.0260 1.0 35.0
-18.70846 95.272484 0.0261 0.0 36.0
-17.46123 97.84738 0.0261 0.0 36.0
-17.46123 97.84738 0.0262 0.0 37.0
-17.46123 100.70845 0.0262 0.0 37.0
-19.95569 92.697586 0.0263 1.0 35.0
-17.710726 94.47124 0.0263 1.0 35.0
-17.710726 94.47124 0.0264 0.0 36.0
-15.465761 96.24489 0.0264 0.0 36.0
-15.465761 96.24489 0.0265 0.0 37.0
-14.218531 98.819786 0.0265 0.0 37.0
-19.95569 92.697586 0.0266 5.0 35.0
-19.95569 95.558655 0.0266 5.0 35.0
-19.95569 95.558655 0.0267 4.0 36.0
-19.95569 98.41972 0.0267 4.0 36.0
-19.95569 98.41972 0.0268 3.0 37.0
-18.70846 100.99462 0.0268 3.0 37.0
-18.70846 100.99462 0.0269 2.0 38.0
-17.46123 103.56952 0.0269 2.0 38.0
-17.46123 103.56952 0.0270 1.0 39.0
-16.213999 106.14442 0.0270 1.0 39.0
-16.213999 106.14442 0.0271 0.0 40.0
-14.966768 108.719315 0.0271 0.0 40.0
-14.966768 108.719315 0.0272 0.0 41.0
-14.966768 111.58038 0.0272 0.0 41.0
-19.95569 98.41972 0.0273 1.0 37.0
-18.70846 100.99462 0.0273 1.0 37.0
-18.70846 100.99462 0.0274 0.0 38.0
-17.46123 103.56952 0.0274 0.0 38.0
-17.46123 103.56952 0.0275 0.0 39.0
-17.46123 106.43059 0.0275 0.0 39.0
0.0 45.777058 0.0276 19.0 17.0
1.2472308 48.35196 0.0276 19.0 17.0
1.2472308 48.35196 0.0277 18.0 18.0
2.4944615 50.92686 0.0277 18.0 18.0
2.4944615 50.92686 0.0278 17.0 19.0
3.7416923 53.501762 0.0278 17.0 19.0
3.7416923 53.501762 0.0279 16.0 20.0
4.988923 56.076664 0.0279 16.0 20.0
4.988923 56.076664 0.0280 7.0 21.0
7.2338877 57.850315 0.0280 7.0 21.0
7.2338877 57.850315 0.0281 6.0 22.0
9.478852 59.623966 0.0281 6.0 22.0
9.478852 59.623966 0.0282 1.0 23.0
12.272466 60.24156 0.0282 1.0 23.0
12.272466 60.24156 0.0283 0.0 24.0
15.066079 60.859158 0.0283 0.0 24.0
15.066079 60.859158 0.0284 0.0 25.0
17.311043 62.63281 0.0284 0.0 25.0
9.478852 59.623966 0.0285 1.0 23.0
12.262278 58.961964 0.0285 1.0 23.0
12.262278 58.961964 0.0286 0.0 24.0
15.045703 58.29996 0.0286 0.0 24.0
15.045703 58.29996 0.0287 0.0 25.0
17.839317 58.917557 0.0287 0.0 25.0
9.478852 59.623966 0.0288 5.0 23.0
11.723817 61.397617 0.0288 5.0 23.0
11.723817 61.397617 0.0289 4.0 24.0
13.968781 63.17127 0.0289 4.0 24.0
13.968781 63.17127 0.0290 3.0 25.0
16.762394 63.788864 0.0290 3.0 25.0
16.762394 63.788864 0.0291 2.0 26.0
19.556007 64.40646 0.0291 2.0 26.0
19.556007 64.40646 0.0292 1.0 27.0
22.34962 65.02406 0.0292 1.0 27.0
22.34962 65.02406 0.0293 0.0 28.0
25.143234 65.64166 0.0293 0.0 28.0
25.143234 65.64166 0.0294 0.0 29.0
27.388199 67.41531 0.0294 0.0 29.0
13.968781 63.17127 0.0295 1.0 25.0
16.762394 63.788864 0.0295 1.0 25.0
16.762394 63.788864 0.0296 0.0 26.0
19.556007 64.40646 0.0296 0.0 26.0
19.556007 64.40646 0.0297 0.0 27.0
21.800972 66.180115 0.0297 0.0 27.0
4.988923 56.076664 0.0298 7.0 21.0
7.7825365 56.69426 0.0298 7.0 21.0
7.7825365 56.69426 0.0299 6.0 22.0
10.57615 57.311855 0.0299 6.0 22.0
10.57615 57.311855 0.0300 1.0 23.0
13.359575 56.649853 0.0300 1.0 23.0
13.359575 56.649853 0.0301 0.0 24.0
16.143002 55.98785 0.0301 0.0 24.0
16.143002 55.98785 0.0302 0.0 25.0
18.936615 56.605446 0.0302 0.0 25.0
10.57615 57.311855 0.0303 1.0 23.0
12.792589 55.502686 0.0303 1.0 23.0
12.792589 55.502686 0.0304 0.0 24.0
15.0090275 53.693516 0.0304 0.0 24.0
15.0090275 53.693516 0.0305 0.0 25.0
17.792454 53.031513 0.0305 0.0 25.0
10.57615 57.311855 0.0306 5.0 23.0
13.369763 57.92945 0.0306 5.0 23.0
13.369763 57.92945 0.0307 4.0 24.0
16.163376 58.547047 0.0307 4.0 24.0
16.163376 58.547047 0.0308 3.0 25.0
18.9468 57.885044 0.0308 3.0 25.0
18.9468 57.885044 0.0309 2.0 26.0
21.730225 57.22304 0.0309 2.0 26.0
21.730225 57.22304 0.0310 1.0 27.0
24.513649 56.56104 0.0310 1.0 27.0
24.513649 56.56104 0.0311 0.0 28.0
27.297073 55.899036 0.0311 0.0 28.0
27.297073 55.899036 0.0312 0.0 29.0
30.090687 56.516632 0.0312 0.0 29.0
16.163376 58.547047 0.0313 1.0 25.0
18.9468 57.885044 0.0313 1.0 25.0
18.9468 57.885044 0.0314 0.0 26.0
21.730225 57.22304 0.0314 0.0 26.0
21.730225 57.22304 0.0315 0.0 27.0
24.523838 57.840637 0.0315 0.0 27.0
4.988923 56.076664 0.0316 15.0 21.0
6.2361536 58.651566 0.0316 15.0 21.0
6.2361536 58.651566 0.0317 14.0 22.0
7.483384 61.226467 0.0317 14.0 22.0
7.483384 61.226467 0.0318 13.0 23.0
8.730615 63.80137 0.0318 13.0 23.0
8.730615 63.80137 0.0319 12.0 24.0
9.977845 66.37627 0.0319 12.0 24.0
9.977845 66.37627 0.0320 11.0 25.0
12.22281 68.14992 0.0320 11.0 25.0
12.22281 68.14992 0.0321 10.0 26.0
14.467774 69.92357 0.0321 10.0 26.0
14.467774 69.92357 0.0322 9.0 27.0
16.712738 71.69722 0.0322 9.0 27.0
16.712738 71.69722 0.0323 8.0 28.0
18.957703 73.47087 0.0323 8.0 28.0
18.957703 73.47087 0.0324 7.0 29.0
21.202667 75.24452 0.0324 7.0 29.0
21.202667 75.24452 0.0325 6.0 30.0
23.447632 77.01817 0.0325 6.0 30.0
23.447632 77.01817 0.0326 1.0 31.0
26.241245 77.63577 0.0326 1.0 31.0
26.241245 77.63577 0.0327 0.0 32.0
29.034859 78.25337 0.0327 0.0 32.0
29.034859 78.25337 0.0328 0.0 33.0
31.279823 80.02702 0.0328 0.0 33.0
23.447632 77.01817 0.0329 1.0 31.0
26.231056 76.35617 0.0329 1.0 31.0
26.231056 76.35617 0.0330 0.0 32.0
29.01448 75.69417 0.0330 0.0 32.0
29.01448 75.69417 0.0331 0.0 33.0
31.808094 76.31177 0.0331 0.0 33.0
23.447632 77.01817 0.0332 5.0 31.0
25.692596 78.791824 0.0332 5.0 31.0
25.692596 78.791824 0.0333 4.0 32.0
27.937561 80.565475 0.0333 4.0 32.0
27.937561 80.565475 0.0334 3.0 33.0
30.731174 81.183075 0.0334 3.0 33.0
30.731174 81.183075 0.0335 2.0 34.0
33.524788 81.800674 0.0335 2.0 34.0
33.524788 81.800674 0.0336 1.0 35.0
36.3184 82.418274 0.0336 1.0 35.0
36.3184 82.418274 0.0337 0.0 36.0
39.112015 83.03587 0.0337 0.0 36.0
39.112015 83.03587 0.0338 0.0 37.0
41.35698 84.809525 0.0338 0.0 37.0
27.937561 80.565475 0.0339 1.0 33.0
30.731174 81.183075 0.0339 1.0 33.0
30.731174 81.183075 0.0340 0.0 34.0
33.524788 81.800674 0.0340 0.0 34.0
33.524788 81.800674 0.0341 0.0 35.0
35.769753 83.574326 0.0341 0.0 35.0
9.977845 66.37627 0.0342 7.0 25.0
12.22281 68.14992 0.0342 7.0 25.0
12.22281 68.14992 0.0343 6.0 26.0
14.467774 69.92357 0.0343 6.0 26.0
14.467774 69.92357 0.0344 1.0 27.0
17.261387 70.54117 0.0344 1.0 27.0
17.261387 70.54117 0.0345 0.0 28.0
20.055 71.15877 0.0345 0.0 28.0
20.055 71.15877 0.0346 0.0 29.0
22.299965 72.93242 0.0346 0.0 29.0
14.467774 69.92357 0.0347 1.0 27.0
17.2512 69.261566 0.0347 1.0 27.0
17.2512 69.261566 0.0348 0.0 28.0
20.034626 68.59956 0.0348 0.0 28.0
20.034626 68.59956 0.0349 0.0 29.0
22.82824 69.21716 0.0349 0.0 29.0
14.467774 69.92357 0.0350 5.0 27.0
16.712738 71.69722 0.0350 5.0 27.0
16.712738 71.69722 0.0351 4.0 28.0
18.957703 73.47087 0.0351 4.0 28.0
18.957703 73.47087 0.0352 3.0 29.0
21.751316 74.08847 0.0352 3.0 29.0
21.751316 74.08847 0.0353 2.0 30.0
24.54493 74.70607 0.0353 2.0 30.0
24.54493 74.70607 0.0354 1.0 31.0
27.338543 75.32367 0.0354 1.0 31.0
27.338543 75.32367 0.0355 0.0 32.0
30.132156 75.94127 0.0355 0.0 32.0
30.132156 75.94127 0.0356 0.0 33.0
32.37712 77.71492 0.0356 0.0 33.0
18.957703 73.47087 0.0357 1.0 29.0
21.751316 74.08847 0.0357 1.0 29.0
21.751316 74.08847 0.0358 0.0 30.0
24.54493 74.70607 0.0358 0.0 30.0
24.54493 74.70607 0.0359 0.0 31.0
26.789894 76.47972 0.0359 0.0 31.0
