0.0 0.0 0.00 79.0 1.0
0.0 3.3307948 0.00 79.0 1.0
0.0 3.3307948 0.01 0.0 2.0
-1.1644162 6.4514246 0.01 0.0 2.0
0.0 3.3307948 0.02 78.0 2.0
0.0 6.6615896 0.02 78.0 2.0
0.0 6.6615896 0.03 0.0 3.0
1.1644162 9.782219 0.03 0.0 3.0
0.0 6.6615896 0.04 77.0 3.0
0.0 9.992384 0.04 77.0 3.0
0.0 9.992384 0.05 1.0 4.0
1.1644162 13.113013 0.05 1.0 4.0
1.1644162 13.113013 0.06 0.0 5.0
1.1644162 16.443808 0.06 0.0 5.0
1.1644162 13.113013 0.07 0.0 5.0
2.3288324 16.233643 0.07 0.0 5.0
2.3288324 16.233643 0.08 0.0 6.0
4.510721 18.750298 0.08 0.0 6.0
2.3288324 16.233643 0.09 0.0 6.0
3.4932485 19.354273 0.09 0.0 6.0
0.0 9.992384 0.010 76.0 4.0
0.0 13.323179 0.010 76.0 4.0
0.0 13.323179 0.011 0.0 5.0
-1.1644162 16.44381 0.011 0.0 5.0
0.0 13.323179 0.012 75.0 5.0
0.0 16.653975 0.012 75.0 5.0
0.0 16.653975 0.013 0.0 6.0
1.1644162 19.774605 0.013 0.0 6.0
0.0 16.653975 0.014 74.0 6.0
0.0 19.98477 0.014 74.0 6.0
0.0 19.98477 0.015 1.0 7.0
-1.1644162 23.1054 0.015 1.0 7.0
-1.1644162 23.1054 0.016 0.0 8.0
-3.346305 25.622055 0.016 0.0 8.0
-1.1644162 23.1054 0.017 0.0 8.0
-2.3288324 26.22603 0.017 0.0 8.0
-2.3288324 26.22603 0.018 0.0 9.0
-2.3288324 29.556826 0.018 0.0 9.0
-2.3288324 26.22603 0.019 0.0 9.0
-3.4932485 29.34666 0.019 0.0 9.0
0.0 19.98477 0.020 73.0 7.0
0.0 23.315565 0.020 73.0 7.0
0.0 23.315565 0.021 0.0 8.0
-1.1644162 26.436195 0.021 0.0 8.0
0.0 23.315565 0.022 72.0 8.0
0.0 26.64636 0.022 72.0 8.0
0.0 26.64636 0.023 0.0 9.0
1.1644162 29.76699 0.023 0.0 9.0
0.0 26.64636 0.024 71.0 9.0
0.0 29.977156 0.024 71.0 9.0
0.0 29.977156 0.025 7.0 10.0
-1.1644162 33.097786 0.025 7.0 10.0
-1.1644162 33.097786 0.026 0.0 11.0
-3.346305 35.61444 0.026 0.0 11.0
-1.1644162 33.097786 0.027 6.0 11.0
-2.3288324 36.218414 0.027 6.0 11.0
-2.3288324 36.218414 0.028 0.0 12.0
-2.3288324 39.54921 0.028 0.0 12.0
-2.3288324 36.218414 0.029 5.0 12.0
-3.4932485 39.339043 0.029 5.0 12.0
-3.4932485 39.339043 0.030 1.0 13.0
-3.4932485 42.669838 0.030 1.0 13.0
-3.4932485 42.669838 0.031 0.0 14.0
-4.657665 45.790466 0.031 0.0 14.0
-3.4932485 42.669838 0.032 0.0 14.0
-3.4932485 46.000633 0.032 0.0 14.0
-3.4932485 46.000633 0.033 0.0 15.0
-2.3288321 49.12126 0.033 0.0 15.0
-3.4932485 46.000633 0.034 0.0 15.0
-3.4932485 49.33143 0.034 0.0 15.0
-3.4932485 39.339043 0.035 4.0 13.0
-4.657665 42.45967 0.035 4.0 13.0
-4.657665 42.45967 0.036 0.0 14.0
-6.8395534 44.976326 0.036 0.0 14.0
-4.657665 42.45967 0.037 3.0 14.0
-5.822081 45.5803 0.037 3.0 14.0
-5.822081 45.5803 0.038 0.0 15.0
-5.822081 48.911095 0.038 0.0 15.0
-5.822081 45.5803 0.039 2.0 15.0
-6.9864974 48.700928 0.039 2.0 15.0
-6.9864974 48.700928 0.040 1.0 16.0
-9.168386 51.217583 0.040 1.0 16.0
-9.168386 51.217583 0.041 0.0 17.0
-12.092403 52.812675 0.041 0.0 17.0
-9.168386 51.217583 0.042 0.0 17.0
-11.350275 53.734238 0.042 0.0 17.0
-11.350275 53.734238 0.043 0.0 18.0
-12.514691 56.854866 0.043 0.0 18.0
-11.350275 53.734238 0.044 0.0 18.0
-13.532164 56.250893 0.044 0.0 18.0
-6.9864974 48.700928 0.045 1.0 16.0
-8.150913 51.821556 0.045 1.0 16.0
-8.150913 51.821556 0.046 0.0 17.0
-10.332802 54.33821 0.046 0.0 17.0
-8.150913 51.821556 0.047 0.0 17.0
-9.31533 54.942184 0.047 0.0 17.0
-9.31533 54.942184 0.048 0.0 18.0
-9.31533 58.27298 0.048 0.0 18.0
-9.31533 54.942184 0.049 0.0 18.0
-10.479746 58.062813 0.049 0.0 18.0
0.0 29.977156 0.050 70.0 10.0
0.0 33.30795 0.050 70.0 10.0
0.0 33.30795 0.051 0.0 11.0
-1.1644162 36.428577 0.051 0.0 11.0
0.0 33.30795 0.052 69.0 11.0
0.0 36.638744 0.052 69.0 11.0
0.0 36.638744 0.053 0.0 12.0
1.1644162 39.759373 0.053 0.0 12.0
0.0 36.638744 0.054 68.0 12.0
0.0 39.96954 0.054 68.0 12.0
0.0 39.96954 0.055 1.0 13.0
1.1644162 43.090168 0.055 1.0 13.0
1.1644162 43.090168 0.056 0.0 14.0
1.1644162 46.420963 0.056 0.0 14.0
1.1644162 43.090168 0.057 0.0 14.0
2.3288324 46.210796 0.057 0.0 14.0
2.3288324 46.210796 0.058 0.0 15.0
4.510721 48.72745 0.058 0.0 15.0
2.3288324 46.210796 0.059 0.0 15.0
3.4932485 49.331425 0.059 0.0 15.0
0.0 39.96954 0.060 67.0 13.0
0.0 43.300335 0.060 67.0 13.0
0.0 43.300335 0.061 0.0 14.0
-1.1644162 46.420963 0.061 0.0 14.0
0.0 43.300335 0.062 66.0 14.0
0.0 46.63113 0.062 66.0 14.0
0.0 46.63113 0.063 0.0 15.0
1.1644162 49.75176 0.063 0.0 15.0
0.0 46.63113 0.064 65.0 15.0
0.0 49.961926 0.064 65.0 15.0
0.0 49.961926 0.065 1.0 16.0
-1.1644162 53.082554 0.065 1.0 16.0
-1.1644162 53.082554 0.066 0.0 17.0
-3.346305 55.59921 0.066 0.0 17.0
-1.1644162 53.082554 0.067 0.0 17.0
-2.3288324 56.203182 0.067 0.0 17.0
-2.3288324 56.203182 0.068 0.0 18.0
-2.3288324 59.533978 0.068 0.0 18.0
-2.3288324 56.203182 0.069 0.0 18.0
-3.4932485 59.32381 0.069 0.0 18.0
0.0 49.961926 0.070 64.0 16.0
0.0 53.29272 0.070 64.0 16.0
0.0 53.29272 0.071 0.0 17.0
-1.1644162 56.41335 0.071 0.0 17.0
0.0 53.29272 0.072 63.0 17.0
0.0 56.623516 0.072 63.0 17.0
0.0 56.623516 0.073 0.0 18.0
1.1644162 59.744144 0.073 0.0 18.0
0.0 56.623516 0.074 62.0 18.0
0.0 59.95431 0.074 62.0 18.0
0.0 59.95431 0.075 7.0 19.0
1.1644162 63.07494 0.075 7.0 19.0
1.1644162 63.07494 0.076 0.0 20.0
1.1644162 66.40573 0.076 0.0 20.0
1.1644162 63.07494 0.077 6.0 20.0
2.3288324 66.19557 0.077 6.0 20.0
2.3288324 66.19557 0.078 0.0 21.0
4.510721 68.71223 0.078 0.0 21.0
2.3288324 66.19557 0.079 5.0 21.0
3.4932485 69.3162 0.079 5.0 21.0
3.4932485 69.3162 0.080 1.0 22.0
5.675137 71.832855 0.080 1.0 22.0
5.675137 71.832855 0.081 0.0 23.0
6.8395534 74.95348 0.081 0.0 23.0
5.675137 71.832855 0.082 0.0 23.0
7.8570256 74.34951 0.082 0.0 23.0
7.8570256 74.34951 0.083 0.0 24.0
10.781042 75.9446 0.083 0.0 24.0
7.8570256 74.34951 0.084 0.0 24.0
10.038914 76.866165 0.084 0.0 24.0
3.4932485 69.3162 0.085 4.0 22.0
4.657665 72.43683 0.085 4.0 22.0
4.657665 72.43683 0.086 0.0 23.0
4.657665 75.767624 0.086 0.0 23.0
4.657665 72.43683 0.087 3.0 23.0
5.822081 75.55746 0.087 3.0 23.0
5.822081 75.55746 0.088 0.0 24.0
8.003969 78.07411 0.088 0.0 24.0
5.822081 75.55746 0.089 2.0 24.0
6.9864974 78.678085 0.089 2.0 24.0
6.9864974 78.678085 0.090 1.0 25.0
6.9864974 82.00888 0.090 1.0 25.0
6.9864974 82.00888 0.091 0.0 26.0
5.822081 85.12951 0.091 0.0 26.0
6.9864974 82.00888 0.092 0.0 26.0
6.9864974 85.339676 0.092 0.0 26.0
6.9864974 85.339676 0.093 0.0 27.0
8.150913 88.460304 0.093 0.0 27.0
6.9864974 85.339676 0.094 0.0 27.0
6.9864974 88.67047 0.094 0.0 27.0
6.9864974 78.678085 0.095 1.0 25.0
8.150913 81.79871 0.095 1.0 25.0
8.150913 81.79871 0.096 0.0 26.0
8.150913 85.12951 0.096 0.0 26.0
8.150913 81.79871 0.097 0.0 26.0
9.31533 84.91934 0.097 0.0 26.0
9.31533 84.91934 0.098 0.0 27.0
11.497218 87.436 0.098 0.0 27.0
9.31533 84.91934 0.099 0.0 27.0
10.479746 88.03997 0.099 0.0 27.0
0.0 59.95431 0.0100 61.0 19.0
0.0 63.285107 0.0100 61.0 19.0
0.0 63.285107 0.0101 0.0 20.0
-1.1644162 66.40574 0.0101 0.0 20.0
0.0 63.285107 0.0102 60.0 20.0
0.0 66.6159 0.0102 60.0 20.0
0.0 66.6159 0.0103 0.0 21.0
1.1644162 69.73653 0.0103 0.0 21.0
0.0 66.6159 0.0104 59.0 21.0
0.0 69.94669 0.0104 59.0 21.0
0.0 69.94669 0.0105 1.0 22.0
1.1644162 73.06732 0.0105 1.0 22.0
1.1644162 73.06732 0.0106 0.0 23.0
1.1644162 76.39812 0.0106 0.0 23.0
1.1644162 73.06732 0.0107 0.0 23.0
2.3288324 76.18795 0.0107 0.0 23.0
2.3288324 76.18795 0.0108 0.0 24.0
4.510721 78.704605 0.0108 0.0 24.0
2.3288324 76.18795 0.0109 0.0 24.0
3.4932485 79.30858 0.0109 0.0 24.0
0.0 69.94669 0.0110 58.0 22.0
0.0 73.27749 0.0110 58.0 22.0
0.0 73.27749 0.0111 0.0 23.0
-1.1644162 76.39812 0.0111 0.0 23.0
0.0 73.27749 0.0112 57.0 23.0
0.0 76.608284 0.0112 57.0 23.0
0.0 76.608284 0.0113 0.0 24.0
1.1644162 79.72891 0.0113 0.0 24.0
0.0 76.608284 0.0114 56.0 24.0
0.0 79.93908 0.0114 56.0 24.0
0.0 79.93908 0.0115 1.0 25.0
-1.1644162 83.05971 0.0115 1.0 25.0
-1.1644162 83.05971 0.0116 0.0 26.0
-3.346305 85.57636 0.0116 0.0 26.0
-1.1644162 83.05971 0.0117 0.0 26.0
-2.3288324 86.180336 0.0117 0.0 26.0
-2.3288324 86.180336 0.0118 0.0 27.0
-2.3288324 89.51113 0.0118 0.0 27.0
-2.3288324 86.180336 0.0119 0.0 27.0
-3.4932485 89.300964 0.0119 0.0 27.0
0.0 79.93908 0.0120 55.0 25.0
0.0 83.269875 0.0120 55.0 25.0
0.0 83.269875 0.0121 0.0 26.0
-1.1644162 86.3905 0.0121 0.0 26.0
0.0 83.269875 0.0122 54.0 26.0
0.0 86.60067 0.0122 54.0 26.0
0.0 86.60067 0.0123 0.0 27.0
1.1644162 89.7213 0.0123 0.0 27.0
0.0 86.60067 0.0124 53.0 27.0
0.0 89.931465 0.0124 53.0 27.0
0.0 89.931465 0.0125 25.0 28.0
-1.1644162 93.05209 0.0125 25.0 28.0
-1.1644162 93.05209 0.0126 0.0 29.0
-3.346305 95.56875 0.0126 0.0 29.0
-1.1644162 93.05209 0.0127 24.0 29.0
-2.3288324 96.17272 0.0127 24.0 29.0
-2.3288324 96.17272 0.0128 0.0 30.0
-2.3288324 99.50352 0.0128 0.0 30.0
-2.3288324 96.17272 0.0129 23.0 30.0
-3.4932485 99.29335 0.0129 23.0 30.0
-3.4932485 99.29335 0.0130 1.0 31.0
-3.4932485 102.624146 0.0130 1.0 31.0
-3.4932485 102.624146 0.0131 0.0 32.0
-4.657665 105.744774 0.0131 0.0 32.0
-3.4932485 102.624146 0.0132 0.0 32.0
-3.4932485 105.95494 0.0132 0.0 32.0
-3.4932485 105.95494 0.0133 0.0 33.0
-2.3288321 109.07557 0.0133 0.0 33.0
-3.4932485 105.95494 0.0134 0.0 33.0
-3.4932485 109.285736 0.0134 0.0 33.0
-3.4932485 99.29335 0.0135 22.0 31.0
-4.657665 102.41398 0.0135 22.0 31.0
-4.657665 102.41398 0.0136 0.0 32.0
-6.8395534 104.93063 0.0136 0.0 32.0
-4.657665 102.41398 0.0137 21.0 32.0
-5.822081 105.53461 0.0137 21.0 32.0
-5.822081 105.53461 0.0138 0.0 33.0
-5.822081 108.8654 0.0138 0.0 33.0
-5.822081 105.53461 0.0139 20.0 33.0
-6.9864974 108.655235 0.0139 20.0 33.0
-6.9864974 108.655235 0.0140 1.0 34.0
-9.168386 111.17189 0.0140 1.0 34.0
-9.168386 111.17189 0.0141 0.0 35.0
-12.092403 112.76698 0.0141 0.0 35.0
-9.168386 111.17189 0.0142 0.0 35.0
-11.350275 113.688545 0.0142 0.0 35.0
-11.350275 113.688545 0.0143 0.0 36.0
-12.514691 116.80917 0.0143 0.0 36.0
-11.350275 113.688545 0.0144 0.0 36.0
-13.532164 116.2052 0.0144 0.0 36.0
-6.9864974 108.655235 0.0145 19.0 34.0
-8.150913 111.77586 0.0145 19.0 34.0
-8.150913 111.77586 0.0146 0.0 35.0
-10.332802 114.29252 0.0146 0.0 35.0
-8.150913 111.77586 0.0147 18.0 35.0
-9.31533 114.89649 0.0147 18.0 35.0
-9.31533 114.89649 0.0148 0.0 36.0
-9.31533 118.22729 0.0148 0.0 36.0
-9.31533 114.89649 0.0149 17.0 36.0
-10.479746 118.01712 0.0149 17.0 36.0
-10.479746 118.01712 0.0150 7.0 37.0
-12.661634 120.533775 0.0150 7.0 37.0
-12.661634 120.533775 0.0151 0.0 38.0
-15.585651 122.12887 0.0151 0.0 38.0
-12.661634 120.533775 0.0152 6.0 38.0
-14.843523 123.05043 0.0152 6.0 38.0
-14.843523 123.05043 0.0153 0.0 39.0
-16.007938 126.17106 0.0153 0.0 39.0
-14.843523 123.05043 0.0154 5.0 39.0
-17.025412 125.567085 0.0154 5.0 39.0
-17.025412 125.567085 0.0155 1.0 40.0
-18.189827 128.68771 0.0155 1.0 40.0
-18.189827 128.68771 0.0156 0.0 41.0
-20.371716 131.20438 0.0156 0.0 41.0
-18.189827 128.68771 0.0157 0.0 41.0
-19.354242 131.80835 0.0157 0.0 41.0
-19.354242 131.80835 0.0158 0.0 42.0
-19.354242 135.13914 0.0158 0.0 42.0
-19.354242 131.80835 0.0159 0.0 42.0
-20.518658 134.92899 0.0159 0.0 42.0
-17.025412 125.567085 0.0160 4.0 40.0
-19.2073 128.08374 0.0160 4.0 40.0
-19.2073 128.08374 0.0161 0.0 41.0
-22.131317 129.67883 0.0161 0.0 41.0
-19.2073 128.08374 0.0162 3.0 41.0
-21.389189 130.6004 0.0162 3.0 41.0
-21.389189 130.6004 0.0163 0.0 42.0
-22.553604 133.72104 0.0163 0.0 42.0
-21.389189 130.6004 0.0164 2.0 42.0
-23.571077 133.11707 0.0164 2.0 42.0
-23.571077 133.11707 0.0165 1.0 43.0
-26.495094 134.71216 0.0165 1.0 43.0
-26.495094 134.71216 0.0166 0.0 44.0
-29.792242 135.18439 0.0166 0.0 44.0
-26.495094 134.71216 0.0167 0.0 44.0
-29.419111 136.30725 0.0167 0.0 44.0
-29.419111 136.30725 0.0168 0.0 45.0
-31.601 138.82391 0.0168 0.0 45.0
-29.419111 136.30725 0.0169 0.0 45.0
-32.34313 137.90234 0.0169 0.0 45.0
-23.571077 133.11707 0.0170 1.0 43.0
-25.752966 135.63373 0.0170 1.0 43.0
-25.752966 135.63373 0.0171 0.0 44.0
-28.676983 137.22882 0.0171 0.0 44.0
-25.752966 135.63373 0.0172 0.0 44.0
-27.934855 138.15039 0.0172 0.0 44.0
-27.934855 138.15039 0.0173 0.0 45.0
-29.09927 141.27103 0.0173 0.0 45.0
-27.934855 138.15039 0.0174 0.0 45.0
-30.116743 140.66705 0.0174 0.0 45.0
-10.479746 118.01712 0.0175 16.0 37.0
-11.644162 121.13775 0.0175 16.0 37.0
-11.644162 121.13775 0.0176 0.0 38.0
-13.826051 123.6544 0.0176 0.0 38.0
-11.644162 121.13775 0.0177 15.0 38.0
-12.8085785 124.25838 0.0177 15.0 38.0
-12.8085785 124.25838 0.0178 0.0 39.0
-12.8085785 127.58917 0.0178 0.0 39.0
-12.8085785 124.25838 0.0179 14.0 39.0
-13.972995 127.379005 0.0179 14.0 39.0
-13.972995 127.379005 0.0180 1.0 40.0
-13.972995 130.7098 0.0180 1.0 40.0
-13.972995 130.7098 0.0181 0.0 41.0
-15.137411 133.83043 0.0181 0.0 41.0
-13.972995 130.7098 0.0182 0.0 41.0
-13.972995 134.04059 0.0182 0.0 41.0
-13.972995 134.04059 0.0183 0.0 42.0
-12.8085785 137.16122 0.0183 0.0 42.0
-13.972995 134.04059 0.0184 0.0 42.0
-13.972995 137.37138 0.0184 0.0 42.0
-13.972995 127.379005 0.0185 13.0 40.0
-15.137411 130.49963 0.0185 13.0 40.0
-15.137411 130.49963 0.0186 0.0 41.0
-17.3193 133.0163 0.0186 0.0 41.0
-15.137411 130.49963 0.0187 12.0 41.0
-16.301826 133.62027 0.0187 12.0 41.0
-16.301826 133.62027 0.0188 0.0 42.0
-16.301826 136.95107 0.0188 0.0 42.0
-16.301826 133.62027 0.0189 11.0 42.0
-17.466242 136.7409 0.0189 11.0 42.0
-17.466242 136.7409 0.0190 1.0 43.0
-19.64813 139.25757 0.0190 1.0 43.0
-19.64813 139.25757 0.0191 0.0 44.0
-22.572147 140.85266 0.0191 0.0 44.0
-19.64813 139.25757 0.0192 0.0 44.0
-21.830019 141.77423 0.0192 0.0 44.0
-21.830019 141.77423 0.0193 0.0 45.0
-22.994434 144.89487 0.0193 0.0 45.0
-21.830019 141.77423 0.0194 0.0 45.0
-24.011908 144.2909 0.0194 0.0 45.0
-17.466242 136.7409 0.0195 10.0 43.0
-18.630657 139.86154 0.0195 10.0 43.0
-18.630657 139.86154 0.0196 0.0 44.0
-20.812546 142.3782 0.0196 0.0 44.0
-18.630657 139.86154 0.0197 9.0 44.0
-19.795073 142.98218 0.0197 9.0 44.0
-19.795073 142.98218 0.0198 0.0 45.0
-19.795073 146.31297 0.0198 0.0 45.0
-19.795073 142.98218 0.0199 8.0 45.0
-20.959488 146.10281 0.0199 8.0 45.0
-20.959488 146.10281 0.0200 7.0 46.0
-20.959488 149.43361 0.0200 7.0 46.0
-20.959488 149.43361 0.0201 0.0 47.0
-22.123903 152.55424 0.0201 0.0 47.0
-20.959488 149.43361 0.0202 6.0 47.0
-20.959488 152.7644 0.0202 6.0 47.0
-20.959488 152.7644 0.0203 0.0 48.0
-19.795073 155.88504 0.0203 0.0 48.0
-20.959488 152.7644 0.0204 5.0 48.0
-20.959488 156.0952 0.0204 5.0 48.0
-20.959488 156.0952 0.0205 1.0 49.0
-19.795073 159.21584 0.0205 1.0 49.0
-19.795073 159.21584 0.0206 0.0 50.0
-19.795073 162.54663 0.0206 0.0 50.0
-19.795073 159.21584 0.0207 0.0 50.0
-18.630657 162.33647 0.0207 0.0 50.0
-18.630657 162.33647 0.0208 0.0 51.0
-16.448769 164.85313 0.0208 0.0 51.0
-18.630657 162.33647 0.0209 0.0 51.0
-17.466242 165.4571 0.0209 0.0 51.0
-20.959488 156.0952 0.0210 4.0 49.0
-20.959488 159.426 0.0210 4.0 49.0
-20.959488 159.426 0.0211 0.0 50.0
-22.123903 162.54663 0.0211 0.0 50.0
-20.959488 159.426 0.0212 3.0 50.0
-20.959488 162.75679 0.0212 3.0 50.0
-20.959488 162.75679 0.0213 0.0 51.0
-19.795073 165.87743 0.0213 0.0 51.0
-20.959488 162.75679 0.0214 2.0 51.0
-20.959488 166.08759 0.0214 2.0 51.0
-20.959488 166.08759 0.0215 1.0 52.0
-22.123903 169.20822 0.0215 1.0 52.0
-22.123903 169.20822 0.0216 0.0 53.0
-24.305792 171.72488 0.0216 0.0 53.0
-22.123903 169.20822 0.0217 0.0 53.0
-23.288319 172.32886 0.0217 0.0 53.0
-23.288319 172.32886 0.0218 0.0 54.0
-23.288319 175.65965 0.0218 0.0 54.0
-23.288319 172.32886 0.0219 0.0 54.0
-24.452734 175.4495 0.0219 0.0 54.0
-20.959488 166.08759 0.0220 1.0 52.0
-20.959488 169.41838 0.0220 1.0 52.0
-20.959488 169.41838 0.0221 0.0 53.0
-22.123903 172.53902 0.0221 0.0 53.0
-20.959488 169.41838 0.0222 0.0 53.0
-20.959488 172.74918 0.0222 0.0 53.0
-20.959488 172.74918 0.0223 0.0 54.0
-19.795073 175.86981 0.0223 0.0 54.0
-20.959488 172.74918 0.0224 0.0 54.0
-20.959488 176.07997 0.0224 0.0 54.0
-20.959488 146.10281 0.0225 7.0 46.0
-22.123903 149.22345 0.0225 7.0 46.0
-22.123903 149.22345 0.0226 0.0 47.0
-24.305792 151.74011 0.0226 0.0 47.0
-22.123903 149.22345 0.0227 6.0 47.0
-23.288319 152.34409 0.0227 6.0 47.0
-23.288319 152.34409 0.0228 0.0 48.0
-23.288319 155.67488 0.0228 0.0 48.0
-23.288319 152.34409 0.0229 5.0 48.0
-24.452734 155.46472 0.0229 5.0 48.0
-24.452734 155.46472 0.0230 1.0 49.0
-24.452734 158.79552 0.0230 1.0 49.0
-24.452734 158.79552 0.0231 0.0 50.0
-25.61715 161.91615 0.0231 0.0 50.0
-24.452734 158.79552 0.0232 0.0 50.0
-24.452734 162.12631 0.0232 0.0 50.0
-24.452734 162.12631 0.0233 0.0 51.0
-23.288319 165.24695 0.0233 0.0 51.0
-24.452734 162.12631 0.0234 0.0 51.0
-24.452734 165.4571 0.0234 0.0 51.0
-24.452734 155.46472 0.0235 4.0 49.0
-25.61715 158.58536 0.0235 4.0 49.0
-25.61715 158.58536 0.0236 0.0 50.0
-27.799038 161.10202 0.0236 0.0 50.0
-25.61715 158.58536 0.0237 3.0 50.0
-26.781565 161.706 0.0237 3.0 50.0
-26.781565 161.706 0.0238 0.0 51.0
-26.781565 165.03679 0.0238 0.0 51.0
-26.781565 161.706 0.0239 2.0 51.0
-27.94598 164.82663 0.0239 2.0 51.0
-27.94598 164.82663 0.0240 1.0 52.0
-30.127869 167.34329 0.0240 1.0 52.0
-30.127869 167.34329 0.0241 0.0 53.0
-33.051888 168.93839 0.0241 0.0 53.0
-30.127869 167.34329 0.0242 0.0 53.0
-32.309757 169.85995 0.0242 0.0 53.0
-32.309757 169.85995 0.0243 0.0 54.0
-33.474174 172.98059 0.0243 0.0 54.0
-32.309757 169.85995 0.0244 0.0 54.0
-34.491646 172.37662 0.0244 0.0 54.0
-27.94598 164.82663 0.0245 1.0 52.0
-29.110395 167.94727 0.0245 1.0 52.0
-29.110395 167.94727 0.0246 0.0 53.0
-31.292284 170.46393 0.0246 0.0 53.0
-29.110395 167.94727 0.0247 0.0 53.0
-30.27481 171.0679 0.0247 0.0 53.0
-30.27481 171.0679 0.0248 0.0 54.0
-30.27481 174.3987 0.0248 0.0 54.0
-30.27481 171.0679 0.0249 0.0 54.0
-31.439226 174.18854 0.0249 0.0 54.0
0.0 89.931465 0.0250 52.0 28.0
0.0 93.26226 0.0250 52.0 28.0
0.0 93.26226 0.0251 0.0 29.0
-1.1644162 96.38289 0.0251 0.0 29.0
0.0 93.26226 0.0252 51.0 29.0
0.0 96.593056 0.0252 51.0 29.0
0.0 96.593056 0.0253 0.0 30.0
1.1644162 99.713684 0.0253 0.0 30.0
0.0 96.593056 0.0254 50.0 30.0
0.0 99.92385 0.0254 50.0 30.0
0.0 99.92385 0.0255 1.0 31.0
1.1644162 103.04448 0.0255 1.0 31.0
1.1644162 103.04448 0.0256 0.0 32.0
1.1644162 106.375275 0.0256 0.0 32.0
1.1644162 103.04448 0.0257 0.0 32.0
2.3288324 106.16511 0.0257 0.0 32.0
2.3288324 106.16511 0.0258 0.0 33.0
4.510721 108.68176 0.0258 0.0 33.0
2.3288324 106.16511 0.0259 0.0 33.0
3.4932485 109.285736 0.0259 0.0 33.0
0.0 99.92385 0.0260 49.0 31.0
0.0 103.25465 0.0260 49.0 31.0
0.0 103.25465 0.0261 0.0 32.0
-1.1644162 106.375275 0.0261 0.0 32.0
0.0 103.25465 0.0262 48.0 32.0
0.0 106.58544 0.0262 48.0 32.0
0.0 106.58544 0.0263 0.0 33.0
1.1644162 109.70607 0.0263 0.0 33.0
0.0 106.58544 0.0264 47.0 33.0
0.0 109.91624 0.0264 47.0 33.0
0.0 109.91624 0.0265 1.0 34.0
-1.1644162 113.036865 0.0265 1.0 34.0
-1.1644162 113.036865 0.0266 0.0 35.0
-3.346305 115.55352 0.0266 0.0 35.0
-1.1644162 113.036865 0.0267 0.0 35.0
-2.3288324 116.15749 0.0267 0.0 35.0
-2.3288324 116.15749 0.0268 0.0 36.0
-2.3288324 119.48829 0.0268 0.0 36.0
-2.3288324 116.15749 0.0269 0.0 36.0
-3.4932485 119.27812 0.0269 0.0 36.0
0.0 109.91624 0.0270 46.0 34.0
0.0 113.24703 0.0270 46.0 34.0
0.0 113.24703 0.0271 0.0 35.0
-1.1644162 116.36766 0.0271 0.0 35.0
0.0 113.24703 0.0272 45.0 35.0
0.0 116.57783 0.0272 45.0 35.0
0.0 116.57783 0.0273 0.0 36.0
1.1644162 119.698456 0.0273 0.0 36.0
0.0 116.57783 0.0274 44.0 36.0
0.0 119.90862 0.0274 44.0 36.0
0.0 119.90862 0.0275 7.0 37.0
-1.1644162 123.02925 0.0275 7.0 37.0
-1.1644162 123.02925 0.0276 0.0 38.0
-3.346305 125.545906 0.0276 0.0 38.0
-1.1644162 123.02925 0.0277 6.0 38.0
-2.3288324 126.14988 0.0277 6.0 38.0
-2.3288324 126.14988 0.0278 0.0 39.0
-2.3288324 129.48067 0.0278 0.0 39.0
-2.3288324 126.14988 0.0279 5.0 39.0
-3.4932485 129.27051 0.0279 5.0 39.0
-3.4932485 129.27051 0.0280 1.0 40.0
-3.4932485 132.6013 0.0280 1.0 40.0
-3.4932485 132.6013 0.0281 0.0 41.0
-4.657665 135.72194 0.0281 0.0 41.0
-3.4932485 132.6013 0.0282 0.0 41.0
-3.4932485 135.9321 0.0282 0.0 41.0
-3.4932485 135.9321 0.0283 0.0 42.0
-2.3288321 139.05273 0.0283 0.0 42.0
-3.4932485 135.9321 0.0284 0.0 42.0
-3.4932485 139.2629 0.0284 0.0 42.0
-3.4932485 129.27051 0.0285 4.0 40.0
-4.657665 132.39114 0.0285 4.0 40.0
-4.657665 132.39114 0.0286 0.0 41.0
-6.8395534 134.9078 0.0286 0.0 41.0
-4.657665 132.39114 0.0287 3.0 41.0
-5.822081 135.51178 0.0287 3.0 41.0
-5.822081 135.51178 0.0288 0.0 42.0
-5.822081 138.84258 0.0288 0.0 42.0
-5.822081 135.51178 0.0289 2.0 42.0
-6.9864974 138.63242 0.0289 2.0 42.0
-6.9864974 138.63242 0.0290 1.0 43.0
-9.168386 141.14908 0.0290 1.0 43.0
-9.168386 141.14908 0.0291 0.0 44.0
-12.092403 142.74417 0.0291 0.0 44.0
-9.168386 141.14908 0.0292 0.0 44.0
-11.350275 143.66574 0.0292 0.0 44.0
-11.350275 143.66574 0.0293 0.0 45.0
-12.514691 146.78638 0.0293 0.0 45.0
-11.350275 143.66574 0.0294 0.0 45.0
-13.532164 146.1824 0.0294 0.0 45.0
-6.9864974 138.63242 0.0295 1.0 43.0
-8.150913 141.75305 0.0295 1.0 43.0
-8.150913 141.75305 0.0296 0.0 44.0
-10.332802 144.26971 0.0296 0.0 44.0
-8.150913 141.75305 0.0297 0.0 44.0
-9.31533 144.87369 0.0297 0.0 44.0
-9.31533 144.87369 0.0298 0.0 45.0
-9.31533 148.20448 0.0298 0.0 45.0
-9.31533 144.87369 0.0299 0.0 45.0
-10.479746 147.99432 0.0299 0.0 45.0
0.0 119.90862 0.0300 43.0 37.0
0.0 123.23942 0.0300 43.0 37.0
0.0 123.23942 0.0301 0.0 38.0
-1.1644162 126.36005 0.0301 0.0 38.0
0.0 123.23942 0.0302 42.0 38.0
0.0 126.57021 0.0302 42.0 38.0
0.0 126.57021 0.0303 0.0 39.0
1.1644162 129.69084 0.0303 0.0 39.0
0.0 126.57021 0.0304 41.0 39.0
0.0 129.901 0.0304 41.0 39.0
0.0 129.901 0.0305 1.0 40.0
1.1644162 133.02164 0.0305 1.0 40.0
1.1644162 133.02164 0.0306 0.0 41.0
1.1644162 136.35243 0.0306 0.0 41.0
1.1644162 133.02164 0.0307 0.0 41.0
2.3288324 136.14227 0.0307 0.0 41.0
2.3288324 136.14227 0.0308 0.0 42.0
4.510721 138.65894 0.0308 0.0 42.0
2.3288324 136.14227 0.0309 0.0 42.0
3.4932485 139.26291 0.0309 0.0 42.0
0.0 129.901 0.0310 40.0 40.0
0.0 133.2318 0.0310 40.0 40.0
0.0 133.2318 0.0311 0.0 41.0
-1.1644162 136.35243 0.0311 0.0 41.0
0.0 133.2318 0.0312 39.0 41.0
0.0 136.56259 0.0312 39.0 41.0
0.0 136.56259 0.0313 0.0 42.0
1.1644162 139.68323 0.0313 0.0 42.0
0.0 136.56259 0.0314 38.0 42.0
0.0 139.89339 0.0314 38.0 42.0
0.0 139.89339 0.0315 1.0 43.0
-1.1644162 143.01402 0.0315 1.0 43.0
-1.1644162 143.01402 0.0316 0.0 44.0
-3.346305 145.53069 0.0316 0.0 44.0
-1.1644162 143.01402 0.0317 0.0 44.0
-2.3288324 146.13466 0.0317 0.0 44.0
-2.3288324 146.13466 0.0318 0.0 45.0
-2.3288324 149.46545 0.0318 0.0 45.0
-2.3288324 146.13466 0.0319 0.0 45.0
-3.4932485 149.2553 0.0319 0.0 45.0
0.0 139.89339 0.0320 37.0 43.0
0.0 143.22418 0.0320 37.0 43.0
0.0 143.22418 0.0321 0.0 44.0
-1.1644162 146.34482 0.0321 0.0 44.0
0.0 143.22418 0.0322 36.0 44.0
0.0 146.55498 0.0322 36.0 44.0
0.0 146.55498 0.0323 0.0 45.0
1.1644162 149.67561 0.0323 0.0 45.0
0.0 146.55498 0.0324 35.0 45.0
0.0 149.88577 0.0324 35.0 45.0
0.0 149.88577 0.0325 7.0 46.0
1.1644162 153.00641 0.0325 7.0 46.0
1.1644162 153.00641 0.0326 0.0 47.0
1.1644162 156.3372 0.0326 0.0 47.0
1.1644162 153.00641 0.0327 6.0 47.0
2.3288324 156.12704 0.0327 6.0 47.0
2.3288324 156.12704 0.0328 0.0 48.0
4.510721 158.6437 0.0328 0.0 48.0
2.3288324 156.12704 0.0329 5.0 48.0
3.4932485 159.24768 0.0329 5.0 48.0
3.4932485 159.24768 0.0330 1.0 49.0
5.675137 161.76434 0.0330 1.0 49.0
5.675137 161.76434 0.0331 0.0 50.0
6.8395534 164.88498 0.0331 0.0 50.0
5.675137 161.76434 0.0332 0.0 50.0
7.8570256 164.281 0.0332 0.0 50.0
7.8570256 164.281 0.0333 0.0 51.0
10.781042 165.8761 0.0333 0.0 51.0
7.8570256 164.281 0.0334 0.0 51.0
10.038914 166.79767 0.0334 0.0 51.0
3.4932485 159.24768 0.0335 4.0 49.0
4.657665 162.36832 0.0335 4.0 49.0
4.657665 162.36832 0.0336 0.0 50.0
4.657665 165.69911 0.0336 0.0 50.0
4.657665 162.36832 0.0337 3.0 50.0
5.822081 165.48895 0.0337 3.0 50.0
5.822081 165.48895 0.0338 0.0 51.0
8.003969 168.00562 0.0338 0.0 51.0
5.822081 165.48895 0.0339 2.0 51.0
6.9864974 168.60959 0.0339 2.0 51.0
6.9864974 168.60959 0.0340 1.0 52.0
6.9864974 171.94038 0.0340 1.0 52.0
6.9864974 171.94038 0.0341 0.0 53.0
5.822081 175.06102 0.0341 0.0 53.0
6.9864974 171.94038 0.0342 0.0 53.0
6.9864974 175.27118 0.0342 0.0 53.0
6.9864974 175.27118 0.0343 0.0 54.0
8.150913 178.39182 0.0343 0.0 54.0
6.9864974 175.27118 0.0344 0.0 54.0
6.9864974 178.60197 0.0344 0.0 54.0
6.9864974 168.60959 0.0345 1.0 52.0
8.150913 171.73022 0.0345 1.0 52.0
8.150913 171.73022 0.0346 0.0 53.0
8.150913 175.06102 0.0346 0.0 53.0
8.150913 171.73022 0.0347 0.0 53.0
9.31533 174.85086 0.0347 0.0 53.0
9.31533 174.85086 0.0348 0.0 54.0
11.497218 177.36752 0.0348 0.0 54.0
9.31533 174.85086 0.0349 0.0 54.0
10.479746 177.9715 0.0349 0.0 54.0
0.0 149.88577 0.0350 34.0 46.0
0.0 153.21657 0.0350 34.0 46.0
0.0 153.21657 0.0351 0.0 47.0
-1.1644162 156.3372 0.0351 0.0 47.0
0.0 153.21657 0.0352 33.0 47.0
0.0 156.54736 0.0352 33.0 47.0
0.0 156.54736 0.0353 0.0 48.0
1.1644162 159.668 0.0353 0.0 48.0
0.0 156.54736 0.0354 32.0 48.0
0.0 159.87816 0.0354 32.0 48.0
0.0 159.87816 0.0355 1.0 49.0
1.1644162 162.9988 0.0355 1.0 49.0
1.1644162 162.9988 0.0356 0.0 50.0
1.1644162 166.32959 0.0356 0.0 50.0
1.1644162 162.9988 0.0357 0.0 50.0
2.3288324 166.11943 0.0357 0.0 50.0
2.3288324 166.11943 0.0358 0.0 51.0
4.510721 168.6361 0.0358 0.0 51.0
2.3288324 166.11943 0.0359 0.0 51.0
3.4932485 169.24007 0.0359 0.0 51.0
0.0 159.87816 0.0360 31.0 49.0
0.0 163.20895 0.0360 31.0 49.0
0.0 163.20895 0.0361 0.0 50.0
-1.1644162 166.32959 0.0361 0.0 50.0
0.0 163.20895 0.0362 30.0 50.0
0.0 166.53975 0.0362 30.0 50.0
0.0 166.53975 0.0363 0.0 51.0
1.1644162 169.66039 0.0363 0.0 51.0
0.0 166.53975 0.0364 29.0 51.0
0.0 169.87054 0.0364 29.0 51.0
0.0 169.87054 0.0365 1.0 52.0
-1.1644162 172.99118 0.0365 1.0 52.0
-1.1644162 172.99118 0.0366 0.0 53.0
-3.346305 175.50784 0.0366 0.0 53.0
-1.1644162 172.99118 0.0367 0.0 53.0
-2.3288324 176.11182 0.0367 0.0 53.0
-2.3288324 176.11182 0.0368 0.0 54.0
-2.3288324 179.44261 0.0368 0.0 54.0
-2.3288324 176.11182 0.0369 0.0 54.0
-3.4932485 179.23245 0.0369 0.0 54.0
0.0 169.87054 0.0370 28.0 52.0
0.0 173.20134 0.0370 28.0 52.0
0.0 173.20134 0.0371 0.0 53.0
-1.1644162 176.32198 0.0371 0.0 53.0
0.0 173.20134 0.0372 27.0 53.0
0.0 176.53214 0.0372 27.0 53.0
0.0 176.53214 0.0373 0.0 54.0
1.1644162 179.65277 0.0373 0.0 54.0
0.0 176.53214 0.0374 26.0 54.0
0.0 179.86293 0.0374 26.0 54.0
0.0 179.86293 0.0375 25.0 55.0
1.1644162 182.98357 0.0375 25.0 55.0
1.1644162 182.98357 0.0376 0.0 56.0
1.1644162 186.31436 0.0376 0.0 56.0
1.1644162 182.98357 0.0377 24.0 56.0
2.3288324 186.1042 0.0377 24.0 56.0
2.3288324 186.1042 0.0378 0.0 57.0
4.510721 188.62086 0.0378 0.0 57.0
2.3288324 186.1042 0.0379 23.0 57.0
3.4932485 189.22484 0.0379 23.0 57.0
3.4932485 189.22484 0.0380 1.0 58.0
5.675137 191.7415 0.0380 1.0 58.0
5.675137 191.7415 0.0381 0.0 59.0
6.8395534 194.86214 0.0381 0.0 59.0
5.675137 191.7415 0.0382 0.0 59.0
7.8570256 194.25816 0.0382 0.0 59.0
7.8570256 194.25816 0.0383 0.0 60.0
10.781042 195.85326 0.0383 0.0 60.0
7.8570256 194.25816 0.0384 0.0 60.0
10.038914 196.77483 0.0384 0.0 60.0
3.4932485 189.22484 0.0385 22.0 58.0
4.657665 192.34547 0.0385 22.0 58.0
4.657665 192.34547 0.0386 0.0 59.0
4.657665 195.67627 0.0386 0.0 59.0
4.657665 192.34547 0.0387 21.0 59.0
5.822081 195.46611 0.0387 21.0 59.0
5.822081 195.46611 0.0388 0.0 60.0
8.003969 197.98277 0.0388 0.0 60.0
5.822081 195.46611 0.0389 20.0 60.0
6.9864974 198.58675 0.0389 20.0 60.0
6.9864974 198.58675 0.0390 1.0 61.0
6.9864974 201.91754 0.0390 1.0 61.0
6.9864974 201.91754 0.0391 0.0 62.0
5.822081 205.03818 0.0391 0.0 62.0
6.9864974 201.91754 0.0392 0.0 62.0
6.9864974 205.24834 0.0392 0.0 62.0
6.9864974 205.24834 0.0393 0.0 63.0
8.150913 208.36897 0.0393 0.0 63.0
6.9864974 205.24834 0.0394 0.0 63.0
6.9864974 208.57913 0.0394 0.0 63.0
6.9864974 198.58675 0.0395 19.0 61.0
8.150913 201.70738 0.0395 19.0 61.0
8.150913 201.70738 0.0396 0.0 62.0
8.150913 205.03818 0.0396 0.0 62.0
8.150913 201.70738 0.0397 18.0 62.0
9.31533 204.82802 0.0397 18.0 62.0
9.31533 204.82802 0.0398 0.0 63.0
11.497218 207.34468 0.0398 0.0 63.0
9.31533 204.82802 0.0399 17.0 63.0
10.479746 207.94865 0.0399 17.0 63.0
10.479746 207.94865 0.0400 7.0 64.0
10.479746 211.27945 0.0400 7.0 64.0
10.479746 211.27945 0.0401 0.0 65.0
9.31533 214.40009 0.0401 0.0 65.0
10.479746 211.27945 0.0402 6.0 65.0
10.479746 214.61024 0.0402 6.0 65.0
10.479746 214.61024 0.0403 0.0 66.0
11.644162 217.73088 0.0403 0.0 66.0
10.479746 214.61024 0.0404 5.0 66.0
10.479746 217.94104 0.0404 5.0 66.0
10.479746 217.94104 0.0405 1.0 67.0
11.644162 221.06168 0.0405 1.0 67.0
11.644162 221.06168 0.0406 0.0 68.0
11.644162 224.39247 0.0406 0.0 68.0
11.644162 221.06168 0.0407 0.0 68.0
12.8085785 224.18231 0.0407 0.0 68.0
12.8085785 224.18231 0.0408 0.0 69.0
14.990467 226.69897 0.0408 0.0 69.0
12.8085785 224.18231 0.0409 0.0 69.0
13.972995 227.30295 0.0409 0.0 69.0
10.479746 217.94104 0.0410 4.0 67.0
10.479746 221.27184 0.0410 4.0 67.0
10.479746 221.27184 0.0411 0.0 68.0
9.31533 224.39247 0.0411 0.0 68.0
10.479746 221.27184 0.0412 3.0 68.0
10.479746 224.60263 0.0412 3.0 68.0
10.479746 224.60263 0.0413 0.0 69.0
11.644162 227.72327 0.0413 0.0 69.0
10.479746 224.60263 0.0414 2.0 69.0
10.479746 227.93343 0.0414 2.0 69.0
10.479746 227.93343 0.0415 1.0 70.0
9.31533 231.05406 0.0415 1.0 70.0
9.31533 231.05406 0.0416 0.0 71.0
7.133441 233.57072 0.0416 0.0 71.0
9.31533 231.05406 0.0417 0.0 71.0
8.150913 234.1747 0.0417 0.0 71.0
8.150913 234.1747 0.0418 0.0 72.0
8.150913 237.5055 0.0418 0.0 72.0
8.150913 234.1747 0.0419 0.0 72.0
6.986497 237.29533 0.0419 0.0 72.0
10.479746 227.93343 0.0420 1.0 70.0
10.479746 231.26422 0.0420 1.0 70.0
10.479746 231.26422 0.0421 0.0 71.0
9.31533 234.38486 0.0421 0.0 71.0
10.479746 231.26422 0.0422 0.0 71.0
10.479746 234.59502 0.0422 0.0 71.0
10.479746 234.59502 0.0423 0.0 72.0
11.644162 237.71565 0.0423 0.0 72.0
10.479746 234.59502 0.0424 0.0 72.0
10.479746 237.92581 0.0424 0.0 72.0
10.479746 207.94865 0.0425 16.0 64.0
11.644162 211.06929 0.0425 16.0 64.0
11.644162 211.06929 0.0426 0.0 65.0
11.644162 214.40009 0.0426 0.0 65.0
11.644162 211.06929 0.0427 15.0 65.0
12.8085785 214.18993 0.0427 15.0 65.0
12.8085785 214.18993 0.0428 0.0 66.0
14.990467 216.70659 0.0428 0.0 66.0
12.8085785 214.18993 0.0429 14.0 66.0
13.972995 217.31056 0.0429 14.0 66.0
13.972995 217.31056 0.0430 1.0 67.0
16.154884 219.82722 0.0430 1.0 67.0
16.154884 219.82722 0.0431 0.0 68.0
17.3193 222.94786 0.0431 0.0 68.0
16.154884 219.82722 0.0432 0.0 68.0
18.336773 222.34389 0.0432 0.0 68.0
18.336773 222.34389 0.0433 0.0 69.0
21.26079 223.93898 0.0433 0.0 69.0
18.336773 222.34389 0.0434 0.0 69.0
20.518661 224.86055 0.0434 0.0 69.0
13.972995 217.31056 0.0435 13.0 67.0
15.137411 220.4312 0.0435 13.0 67.0
15.137411 220.4312 0.0436 0.0 68.0
15.137411 223.762 0.0436 0.0 68.0
15.137411 220.4312 0.0437 12.0 68.0
16.301826 223.55183 0.0437 12.0 68.0
16.301826 223.55183 0.0438 0.0 69.0
18.483715 226.0685 0.0438 0.0 69.0
16.301826 223.55183 0.0439 11.0 69.0
17.466242 226.67247 0.0439 11.0 69.0
17.466242 226.67247 0.0440 1.0 70.0
17.466242 230.00327 0.0440 1.0 70.0
17.466242 230.00327 0.0441 0.0 71.0
16.301826 233.1239 0.0441 0.0 71.0
17.466242 230.00327 0.0442 0.0 71.0
17.466242 233.33406 0.0442 0.0 71.0
17.466242 233.33406 0.0443 0.0 72.0
18.630657 236.4547 0.0443 0.0 72.0
17.466242 233.33406 0.0444 0.0 72.0
17.466242 236.66486 0.0444 0.0 72.0
17.466242 226.67247 0.0445 10.0 70.0
18.630657 229.7931 0.0445 10.0 70.0
18.630657 229.7931 0.0446 0.0 71.0
18.630657 233.1239 0.0446 0.0 71.0
18.630657 229.7931 0.0447 9.0 71.0
19.795073 232.91374 0.0447 9.0 71.0
19.795073 232.91374 0.0448 0.0 72.0
21.976961 235.4304 0.0448 0.0 72.0
19.795073 232.91374 0.0449 8.0 72.0
20.959488 236.03438 0.0449 8.0 72.0
20.959488 236.03438 0.0450 7.0 73.0
23.141376 238.55104 0.0450 7.0 73.0
23.141376 238.55104 0.0451 0.0 74.0
24.305792 241.67168 0.0451 0.0 74.0
23.141376 238.55104 0.0452 6.0 74.0
25.323265 241.0677 0.0452 6.0 74.0
25.323265 241.0677 0.0453 0.0 75.0
28.247282 242.6628 0.0453 0.0 75.0
25.323265 241.0677 0.0454 5.0 75.0
27.505154 243.58437 0.0454 5.0 75.0
27.505154 243.58437 0.0455 1.0 76.0
30.42917 245.17946 0.0455 1.0 76.0
30.42917 245.17946 0.0456 0.0 77.0
32.61106 247.69612 0.0456 0.0 77.0
30.42917 245.17946 0.0457 0.0 77.0
33.353188 246.77455 0.0457 0.0 77.0
33.353188 246.77455 0.0458 0.0 78.0
36.650337 247.24678 0.0458 0.0 78.0
33.353188 246.77455 0.0459 0.0 78.0
36.277206 248.36964 0.0459 0.0 78.0
27.505154 243.58437 0.0460 4.0 76.0
29.687042 246.10103 0.0460 4.0 76.0
29.687042 246.10103 0.0461 0.0 77.0
30.851458 249.22166 0.0461 0.0 77.0
29.687042 246.10103 0.0462 3.0 77.0
31.86893 248.61769 0.0462 3.0 77.0
31.86893 248.61769 0.0463 0.0 78.0
34.792946 250.21278 0.0463 0.0 78.0
31.86893 248.61769 0.0464 2.0 78.0
34.05082 251.13435 0.0464 2.0 78.0
34.05082 251.13435 0.0465 1.0 79.0
35.215237 254.25499 0.0465 1.0 79.0
35.215237 254.25499 0.0466 0.0 80.0
35.215237 257.5858 0.0466 0.0 80.0
35.215237 254.25499 0.0467 0.0 80.0
36.379654 257.3756 0.0467 0.0 80.0
36.379654 257.3756 0.0468 0.0 81.0
38.561543 259.89227 0.0468 0.0 81.0
36.379654 257.3756 0.0469 0.0 81.0
37.54407 260.49625 0.0469 0.0 81.0
34.05082 251.13435 0.0470 1.0 79.0
36.232708 253.65102 0.0470 1.0 79.0
36.232708 253.65102 0.0471 0.0 80.0
37.397125 256.77164 0.0471 0.0 80.0
36.232708 253.65102 0.0472 0.0 80.0
38.414597 256.16766 0.0472 0.0 80.0
38.414597 256.16766 0.0473 0.0 81.0
41.338615 257.76276 0.0473 0.0 81.0
38.414597 256.16766 0.0474 0.0 81.0
40.596485 258.68433 0.0474 0.0 81.0
20.959488 236.03438 0.0475 7.0 73.0
22.123903 239.15501 0.0475 7.0 73.0
22.123903 239.15501 0.0476 0.0 74.0
22.123903 242.48581 0.0476 0.0 74.0
22.123903 239.15501 0.0477 6.0 74.0
23.288319 242.27565 0.0477 6.0 74.0
23.288319 242.27565 0.0478 0.0 75.0
25.470207 244.79231 0.0478 0.0 75.0
23.288319 242.27565 0.0479 5.0 75.0
24.452734 245.39629 0.0479 5.0 75.0
24.452734 245.39629 0.0480 1.0 76.0
26.634623 247.91295 0.0480 1.0 76.0
26.634623 247.91295 0.0481 0.0 77.0
27.799038 251.03358 0.0481 0.0 77.0
26.634623 247.91295 0.0482 0.0 77.0
28.816511 250.42961 0.0482 0.0 77.0
28.816511 250.42961 0.0483 0.0 78.0
31.740528 252.0247 0.0483 0.0 78.0
28.816511 250.42961 0.0484 0.0 78.0
30.9984 252.94627 0.0484 0.0 78.0
24.452734 245.39629 0.0485 4.0 76.0
25.61715 248.51692 0.0485 4.0 76.0
25.61715 248.51692 0.0486 0.0 77.0
25.61715 251.84772 0.0486 0.0 77.0
25.61715 248.51692 0.0487 3.0 77.0
26.781565 251.63756 0.0487 3.0 77.0
26.781565 251.63756 0.0488 0.0 78.0
28.963453 254.15422 0.0488 0.0 78.0
26.781565 251.63756 0.0489 2.0 78.0
27.94598 254.7582 0.0489 2.0 78.0
27.94598 254.7582 0.0490 1.0 79.0
27.94598 258.089 0.0490 1.0 79.0
27.94598 258.089 0.0491 0.0 80.0
26.781565 261.20963 0.0491 0.0 80.0
27.94598 258.089 0.0492 0.0 80.0
27.94598 261.41977 0.0492 0.0 80.0
27.94598 261.41977 0.0493 0.0 81.0
29.110395 264.5404 0.0493 0.0 81.0
27.94598 261.41977 0.0494 0.0 81.0
27.94598 264.75055 0.0494 0.0 81.0
27.94598 254.7582 0.0495 1.0 79.0
29.110395 257.8788 0.0495 1.0 79.0
29.110395 257.8788 0.0496 0.0 80.0
29.110395 261.2096 0.0496 0.0 80.0
29.110395 257.8788 0.0497 0.0 80.0
30.27481 260.99945 0.0497 0.0 80.0
30.27481 260.99945 0.0498 0.0 81.0
32.4567 263.5161 0.0498 0.0 81.0
30.27481 260.99945 0.0499 0.0 81.0
31.439226 264.1201 0.0499 0.0 81.0
0.0 179.86293 0.0500 25.0 55.0
0.0 183.19373 0.0500 25.0 55.0
0.0 183.19373 0.0501 0.0 56.0
-1.1644162 186.31436 0.0501 0.0 56.0
0.0 183.19373 0.0502 24.0 56.0
0.0 186.52452 0.0502 24.0 56.0
0.0 186.52452 0.0503 0.0 57.0
1.1644162 189.64516 0.0503 0.0 57.0
0.0 186.52452 0.0504 23.0 57.0
0.0 189.85532 0.0504 23.0 57.0
0.0 189.85532 0.0505 1.0 58.0
1.1644162 192.97595 0.0505 1.0 58.0
1.1644162 192.97595 0.0506 0.0 59.0
1.1644162 196.30675 0.0506 0.0 59.0
1.1644162 192.97595 0.0507 0.0 59.0
2.3288324 196.09659 0.0507 0.0 59.0
2.3288324 196.09659 0.0508 0.0 60.0
4.510721 198.61325 0.0508 0.0 60.0
2.3288324 196.09659 0.0509 0.0 60.0
3.4932485 199.21722 0.0509 0.0 60.0
0.0 189.85532 0.0510 22.0 58.0
0.0 193.18611 0.0510 22.0 58.0
0.0 193.18611 0.0511 0.0 59.0
-1.1644162 196.30675 0.0511 0.0 59.0
0.0 193.18611 0.0512 21.0 59.0
0.0 196.5169 0.0512 21.0 59.0
0.0 196.5169 0.0513 0.0 60.0
1.1644162 199.63754 0.0513 0.0 60.0
0.0 196.5169 0.0514 20.0 60.0
0.0 199.8477 0.0514 20.0 60.0
0.0 199.8477 0.0515 1.0 61.0
-1.1644162 202.96834 0.0515 1.0 61.0
-1.1644162 202.96834 0.0516 0.0 62.0
-3.346305 205.485 0.0516 0.0 62.0
-1.1644162 202.96834 0.0517 0.0 62.0
-2.3288324 206.08897 0.0517 0.0 62.0
-2.3288324 206.08897 0.0518 0.0 63.0
-2.3288324 209.41977 0.0518 0.0 63.0
-2.3288324 206.08897 0.0519 0.0 63.0
-3.4932485 209.20961 0.0519 0.0 63.0
0.0 199.8477 0.0520 19.0 61.0
0.0 203.1785 0.0520 19.0 61.0
0.0 203.1785 0.0521 0.0 62.0
-1.1644162 206.29913 0.0521 0.0 62.0
0.0 203.1785 0.0522 18.0 62.0
0.0 206.5093 0.0522 18.0 62.0
0.0 206.5093 0.0523 0.0 63.0
1.1644162 209.62993 0.0523 0.0 63.0
0.0 206.5093 0.0524 17.0 63.0
0.0 209.84009 0.0524 17.0 63.0
0.0 209.84009 0.0525 7.0 64.0
-1.1644162 212.96072 0.0525 7.0 64.0
-1.1644162 212.96072 0.0526 0.0 65.0
-3.346305 215.47739 0.0526 0.0 65.0
-1.1644162 212.96072 0.0527 6.0 65.0
-2.3288324 216.08136 0.0527 6.0 65.0
-2.3288324 216.08136 0.0528 0.0 66.0
-2.3288324 219.41216 0.0528 0.0 66.0
-2.3288324 216.08136 0.0529 5.0 66.0
-3.4932485 219.202 0.0529 5.0 66.0
-3.4932485 219.202 0.0530 1.0 67.0
-3.4932485 222.53279 0.0530 1.0 67.0
-3.4932485 222.53279 0.0531 0.0 68.0
-4.657665 225.65343 0.0531 0.0 68.0
-3.4932485 222.53279 0.0532 0.0 68.0
-3.4932485 225.86359 0.0532 0.0 68.0
-3.4932485 225.86359 0.0533 0.0 69.0
-2.3288321 228.98422 0.0533 0.0 69.0
-3.4932485 225.86359 0.0534 0.0 69.0
-3.4932485 229.19438 0.0534 0.0 69.0
-3.4932485 219.202 0.0535 4.0 67.0
-4.657665 222.32263 0.0535 4.0 67.0
-4.657665 222.32263 0.0536 0.0 68.0
-6.8395534 224.8393 0.0536 0.0 68.0
-4.657665 222.32263 0.0537 3.0 68.0
-5.822081 225.44327 0.0537 3.0 68.0
-5.822081 225.44327 0.0538 0.0 69.0
-5.822081 228.77406 0.0538 0.0 69.0
-5.822081 225.44327 0.0539 2.0 69.0
-6.9864974 228.5639 0.0539 2.0 69.0
-6.9864974 228.5639 0.0540 1.0 70.0
-9.168386 231.08057 0.0540 1.0 70.0
-9.168386 231.08057 0.0541 0.0 71.0
-12.092403 232.67566 0.0541 0.0 71.0
-9.168386 231.08057 0.0542 0.0 71.0
-11.350275 233.59723 0.0542 0.0 71.0
-11.350275 233.59723 0.0543 0.0 72.0
-12.514691 236.71786 0.0543 0.0 72.0
-11.350275 233.59723 0.0544 0.0 72.0
-13.532164 236.11389 0.0544 0.0 72.0
-6.9864974 228.5639 0.0545 1.0 70.0
-8.150913 231.68454 0.0545 1.0 70.0
-8.150913 231.68454 0.0546 0.0 71.0
-10.332802 234.2012 0.0546 0.0 71.0
-8.150913 231.68454 0.0547 0.0 71.0
-9.31533 234.80518 0.0547 0.0 71.0
-9.31533 234.80518 0.0548 0.0 72.0
-9.31533 238.13597 0.0548 0.0 72.0
-9.31533 234.80518 0.0549 0.0 72.0
-10.479746 237.92581 0.0549 0.0 72.0
0.0 209.84009 0.0550 16.0 64.0
0.0 213.17088 0.0550 16.0 64.0
0.0 213.17088 0.0551 0.0 65.0
-1.1644162 216.29152 0.0551 0.0 65.0
0.0 213.17088 0.0552 15.0 65.0
0.0 216.50168 0.0552 15.0 65.0
0.0 216.50168 0.0553 0.0 66.0
1.1644162 219.62231 0.0553 0.0 66.0
0.0 216.50168 0.0554 14.0 66.0
0.0 219.83247 0.0554 14.0 66.0
0.0 219.83247 0.0555 1.0 67.0
1.1644162 222.95311 0.0555 1.0 67.0
1.1644162 222.95311 0.0556 0.0 68.0
1.1644162 226.2839 0.0556 0.0 68.0
1.1644162 222.95311 0.0557 0.0 68.0
2.3288324 226.07375 0.0557 0.0 68.0
2.3288324 226.07375 0.0558 0.0 69.0
4.510721 228.59041 0.0558 0.0 69.0
2.3288324 226.07375 0.0559 0.0 69.0
3.4932485 229.19438 0.0559 0.0 69.0
0.0 219.83247 0.0560 13.0 67.0
0.0 223.16327 0.0560 13.0 67.0
0.0 223.16327 0.0561 0.0 68.0
-1.1644162 226.2839 0.0561 0.0 68.0
0.0 223.16327 0.0562 12.0 68.0
0.0 226.49406 0.0562 12.0 68.0
0.0 226.49406 0.0563 0.0 69.0
1.1644162 229.6147 0.0563 0.0 69.0
0.0 226.49406 0.0564 11.0 69.0
0.0 229.82486 0.0564 11.0 69.0
0.0 229.82486 0.0565 1.0 70.0
-1.1644162 232.9455 0.0565 1.0 70.0
-1.1644162 232.9455 0.0566 0.0 71.0
-3.346305 235.46216 0.0566 0.0 71.0
-1.1644162 232.9455 0.0567 0.0 71.0
-2.3288324 236.06613 0.0567 0.0 71.0
-2.3288324 236.06613 0.0568 0.0 72.0
-2.3288324 239.39693 0.0568 0.0 72.0
-2.3288324 236.06613 0.0569 0.0 72.0
-3.4932485 239.18677 0.0569 0.0 72.0
0.0 229.82486 0.0570 10.0 70.0
0.0 233.15565 0.0570 10.0 70.0
0.0 233.15565 0.0571 0.0 71.0
-1.1644162 236.27629 0.0571 0.0 71.0
0.0 233.15565 0.0572 9.0 71.0
0.0 236.48645 0.0572 9.0 71.0
0.0 236.48645 0.0573 0.0 72.0
1.1644162 239.60709 0.0573 0.0 72.0
0.0 236.48645 0.0574 8.0 72.0
0.0 239.81725 0.0574 8.0 72.0
0.0 239.81725 0.0575 7.0 73.0
1.1644162 242.93788 0.0575 7.0 73.0
1.1644162 242.93788 0.0576 0.0 74.0
1.1644162 246.26868 0.0576 0.0 74.0
1.1644162 242.93788 0.0577 6.0 74.0
2.3288324 246.05852 0.0577 6.0 74.0
2.3288324 246.05852 0.0578 0.0 75.0
4.510721 248.57518 0.0578 0.0 75.0
2.3288324 246.05852 0.0579 5.0 75.0
3.4932485 249.17915 0.0579 5.0 75.0
3.4932485 249.17915 0.0580 1.0 76.0
5.675137 251.69582 0.0580 1.0 76.0
5.675137 251.69582 0.0581 0.0 77.0
6.8395534 254.81645 0.0581 0.0 77.0
5.675137 251.69582 0.0582 0.0 77.0
7.8570256 254.21248 0.0582 0.0 77.0
7.8570256 254.21248 0.0583 0.0 78.0
10.781042 255.80757 0.0583 0.0 78.0
7.8570256 254.21248 0.0584 0.0 78.0
10.038914 256.72913 0.0584 0.0 78.0
3.4932485 249.17915 0.0585 4.0 76.0
4.657665 252.29979 0.0585 4.0 76.0
4.657665 252.29979 0.0586 0.0 77.0
4.657665 255.63058 0.0586 0.0 77.0
4.657665 252.29979 0.0587 3.0 77.0
5.822081 255.42043 0.0587 3.0 77.0
5.822081 255.42043 0.0588 0.0 78.0
8.003969 257.93707 0.0588 0.0 78.0
5.822081 255.42043 0.0589 2.0 78.0
6.9864974 258.54105 0.0589 2.0 78.0
6.9864974 258.54105 0.0590 1.0 79.0
6.9864974 261.87183 0.0590 1.0 79.0
6.9864974 261.87183 0.0591 0.0 80.0
5.822081 264.99246 0.0591 0.0 80.0
6.9864974 261.87183 0.0592 0.0 80.0
6.9864974 265.2026 0.0592 0.0 80.0
6.9864974 265.2026 0.0593 0.0 81.0
8.150913 268.32324 0.0593 0.0 81.0
6.9864974 265.2026 0.0594 0.0 81.0
6.9864974 268.5334 0.0594 0.0 81.0
6.9864974 258.54105 0.0595 1.0 79.0
8.150913 261.66168 0.0595 1.0 79.0
8.150913 261.66168 0.0596 0.0 80.0
8.150913 264.99246 0.0596 0.0 80.0
8.150913 261.66168 0.0597 0.0 80.0
9.31533 264.78232 0.0597 0.0 80.0
9.31533 264.78232 0.0598 0.0 81.0
11.497218 267.29898 0.0598 0.0 81.0
9.31533 264.78232 0.0599 0.0 81.0
10.479746 267.90295 0.0599 0.0 81.0
0.0 239.81725 0.0600 7.0 73.0
0.0 243.14804 0.0600 7.0 73.0
0.0 243.14804 0.0601 0.0 74.0
-1.1644162 246.26868 0.0601 0.0 74.0
0.0 243.14804 0.0602 6.0 74.0
0.0 246.47884 0.0602 6.0 74.0
0.0 246.47884 0.0603 0.0 75.0
1.1644162 249.59947 0.0603 0.0 75.0
0.0 246.47884 0.0604 5.0 75.0
0.0 249.80963 0.0604 5.0 75.0
0.0 249.80963 0.0605 1.0 76.0
1.1644162 252.93027 0.0605 1.0 76.0
1.1644162 252.93027 0.0606 0.0 77.0
1.1644162 256.26105 0.0606 0.0 77.0
1.1644162 252.93027 0.0607 0.0 77.0
2.3288324 256.0509 0.0607 0.0 77.0
2.3288324 256.0509 0.0608 0.0 78.0
4.510721 258.56757 0.0608 0.0 78.0
2.3288324 256.0509 0.0609 0.0 78.0
3.4932485 259.17154 0.0609 0.0 78.0
0.0 249.80963 0.0610 4.0 76.0
0.0 253.14043 0.0610 4.0 76.0
0.0 253.14043 0.0611 0.0 77.0
-1.1644162 256.26105 0.0611 0.0 77.0
0.0 253.14043 0.0612 3.0 77.0
0.0 256.47122 0.0612 3.0 77.0
0.0 256.47122 0.0613 0.0 78.0
1.1644162 259.59186 0.0613 0.0 78.0
0.0 256.47122 0.0614 2.0 78.0
0.0 259.802 0.0614 2.0 78.0
0.0 259.802 0.0615 1.0 79.0
-1.1644162 262.92264 0.0615 1.0 79.0
-1.1644162 262.92264 0.0616 0.0 80.0
-3.346305 265.4393 0.0616 0.0 80.0
-1.1644162 262.92264 0.0617 0.0 80.0
-2.3288324 266.04327 0.0617 0.0 80.0
-2.3288324 266.04327 0.0618 0.0 81.0
-2.3288324 269.37405 0.0618 0.0 81.0
-2.3288324 266.04327 0.0619 0.0 81.0
-3.4932485 269.1639 0.0619 0.0 81.0
0.0 259.802 0.0620 1.0 79.0
0.0 263.13278 0.0620 1.0 79.0
0.0 263.13278 0.0621 0.0 80.0
-1.1644162 266.25342 0.0621 0.0 80.0
0.0 263.13278 0.0622 0.0 80.0
0.0 266.46356 0.0622 0.0 80.0
0.0 266.46356 0.0623 0.0 81.0
1.1644162 269.5842 0.0623 0.0 81.0
0.0 266.46356 0.0624 0.0 81.0
0.0 269.79434 0.0624 0.0 81.0
