0.0 0.0 0.00 60.0 1.0
0.0 1.8489695 0.00 60.0 1.0
0.0 1.8489695 0.01 59.0 2.0
0.0 3.697939 0.01 59.0 2.0
0.0 3.697939 0.02 58.0 3.0
0.0 5.5469084 0.02 58.0 3.0
0.0 5.5469084 0.03 57.0 4.0
0.0 7.395878 0.03 57.0 4.0
0.0 7.395878 0.04 56.0 5.0
0.0 9.244847 0.04 56.0 5.0
0.0 9.244847 0.05 55.0 6.0
0.0 11.093817 0.05 55.0 6.0
0.0 11.093817 0.06 54.0 7.0
0.0 12.942786 0.06 54.0 7.0
0.0 12.942786 0.07 53.0 8.0
0.0 14.791756 0.07 53.0 8.0
0.0 14.791756 0.08 52.0 9.0
0.0 16.640724 0.08 52.0 9.0
0.0 16.640724 0.09 51.0 10.0
0.0 18.489693 0.09 51.0 10.0
0.0 18.489693 0.010 50.0 11.0
0.0 20.338661 0.010 50.0 11.0
0.0 20.338661 0.011 49.0 12.0
0.0 22.18763 0.011 49.0 12.0
0.0 22.18763 0.012 48.0 13.0
0.0 24.036598 0.012 48.0 13.0
0.0 24.036598 0.013 47.0 14.0
0.0 25.885567 0.013 47.0 14.0
0.0 25.885567 0.014 46.0 15.0
0.0 27.734535 0.014 46.0 15.0
0.0 27.734535 0.015 45.0 16.0
0.0 29.583504 0.015 45.0 16.0
0.0 29.583504 0.016 28.0 17.0
0.49832782 31.364054 0.016 28.0 17.0
0.49832782 31.364054 0.017 27.0 18.0
0.99665564 33.144604 0.017 27.0 18.0
0.99665564 33.144604 0.018 26.0 19.0
1.4949834 34.92515 0.018 26.0 19.0
1.4949834 34.92515 0.019 25.0 20.0
1.9933113 36.7057 0.019 25.0 20.0
1.9933113 36.7057 0.020 24.0 21.0
2.4916391 38.486248 0.020 24.0 21.0
2.4916391 38.486248 0.021 23.0 22.0
2.9899669 40.266796 0.021 23.0 22.0
2.9899669 40.266796 0.022 22.0 23.0
3.4882946 42.047344 0.022 22.0 23.0
3.4882946 42.047344 0.023 21.0 24.0
3.9866223 43.827892 0.023 21.0 24.0
3.9866223 43.827892 0.024 12.0 25.0
4.9463973 45.408245 0.024 12.0 25.0
4.9463973 45.408245 0.025 11.0 26.0
5.9061723 46.988598 0.025 11.0 26.0
5.9061723 46.988598 0.026 10.0 27.0
6.8659472 48.56895 0.026 10.0 27.0
6.8659472 48.56895 0.027 9.0 28.0
7.825722 50.149303 0.027 9.0 28.0
7.825722 50.149303 0.028 4.0 29.0
8.32405 51.92985 0.028 4.0 29.0
8.32405 51.92985 0.029 3.0 30.0
8.822378 53.7104 0.029 3.0 30.0
8.822378 53.7104 0.030 0.0 31.0
9.782153 55.290752 0.030 0.0 31.0
9.782153 55.290752 0.031 0.0 32.0
10.741928 56.871105 0.031 0.0 32.0
8.822378 53.7104 0.032 2.0 31.0
9.320706 55.490948 0.032 2.0 31.0
9.320706 55.490948 0.033 1.0 32.0
9.819035 57.271496 0.033 1.0 32.0
9.819035 57.271496 0.034 0.0 33.0
10.77881 58.85185 0.034 0.0 33.0
10.77881 58.85185 0.035 0.0 34.0
11.7385845 60.4322 0.035 0.0 34.0
9.819035 57.271496 0.036 0.0 33.0
9.819035 59.120464 0.036 0.0 33.0
9.819035 59.120464 0.037 0.0 34.0
9.819035 60.969433 0.037 0.0 34.0
7.825722 50.149303 0.038 8.0 29.0
8.785498 51.729656 0.038 8.0 29.0
8.785498 51.729656 0.039 7.0 30.0
9.745273 53.31001 0.039 7.0 30.0
9.745273 53.31001 0.040 6.0 31.0
10.705048 54.89036 0.040 6.0 31.0
10.705048 54.89036 0.041 5.0 32.0
11.664823 56.470715 0.041 5.0 32.0
11.664823 56.470715 0.042 4.0 33.0
13.015014 57.733913 0.042 4.0 33.0
13.015014 57.733913 0.043 3.0 34.0
14.365205 58.997112 0.043 3.0 34.0
14.365205 58.997112 0.044 0.0 35.0
16.005886 59.84967 0.044 0.0 35.0
16.005886 59.84967 0.045 0.0 36.0
17.646568 60.70223 0.045 0.0 36.0
14.365205 58.997112 0.046 2.0 35.0
15.715396 60.26031 0.046 2.0 35.0
15.715396 60.26031 0.047 1.0 36.0
17.065586 61.52351 0.047 1.0 36.0
17.065586 61.52351 0.048 0.0 37.0
18.706268 62.37607 0.048 0.0 37.0
18.706268 62.37607 0.049 0.0 38.0
20.34695 63.228626 0.049 0.0 38.0
17.065586 61.52351 0.050 0.0 37.0
18.025362 63.103863 0.050 0.0 37.0
18.025362 63.103863 0.051 0.0 38.0
18.985138 64.68422 0.051 0.0 38.0
11.664823 56.470715 0.052 4.0 33.0
12.163151 58.251263 0.052 4.0 33.0
12.163151 58.251263 0.053 3.0 34.0
12.661479 60.03181 0.053 3.0 34.0
12.661479 60.03181 0.054 0.0 35.0
13.621254 61.612164 0.054 0.0 35.0
13.621254 61.612164 0.055 0.0 36.0
14.581029 63.192516 0.055 0.0 36.0
12.661479 60.03181 0.056 2.0 35.0
13.159807 61.81236 0.056 2.0 35.0
13.159807 61.81236 0.057 1.0 36.0
13.658135 63.592907 0.057 1.0 36.0
13.658135 63.592907 0.058 0.0 37.0
14.61791 65.17326 0.058 0.0 37.0
14.61791 65.17326 0.059 0.0 38.0
15.577685 66.75362 0.059 0.0 38.0
13.658135 63.592907 0.060 0.0 37.0
13.658135 65.44188 0.060 0.0 37.0
13.658135 65.44188 0.061 0.0 38.0
13.658135 67.29085 0.061 0.0 38.0
3.9866223 43.827892 0.062 20.0 25.0
4.48495 45.60844 0.062 20.0 25.0
4.48495 45.60844 0.063 19.0 26.0
4.983278 47.38899 0.063 19.0 26.0
4.983278 47.38899 0.064 18.0 27.0
5.4816055 49.169537 0.064 18.0 27.0
5.4816055 49.169537 0.065 17.0 28.0
5.9799333 50.950085 0.065 17.0 28.0
5.9799333 50.950085 0.066 16.0 29.0
6.478261 52.730633 0.066 16.0 29.0
6.478261 52.730633 0.067 15.0 30.0
6.9765887 54.51118 0.067 15.0 30.0
6.9765887 54.51118 0.068 14.0 31.0
7.4749165 56.29173 0.068 14.0 31.0
7.4749165 56.29173 0.069 13.0 32.0
7.973244 58.072277 0.069 13.0 32.0
7.973244 58.072277 0.070 12.0 33.0
8.93302 59.65263 0.070 12.0 33.0
8.93302 59.65263 0.071 11.0 34.0
9.892795 61.232983 0.071 11.0 34.0
9.892795 61.232983 0.072 10.0 35.0
10.85257 62.813335 0.072 10.0 35.0
10.85257 62.813335 0.073 9.0 36.0
11.812345 64.39369 0.073 9.0 36.0
11.812345 64.39369 0.074 4.0 37.0
12.310673 66.17424 0.074 4.0 37.0
12.310673 66.17424 0.075 3.0 38.0
12.809001 67.95479 0.075 3.0 38.0
12.809001 67.95479 0.076 0.0 39.0
13.768776 69.53514 0.076 0.0 39.0
13.768776 69.53514 0.077 0.0 40.0
14.728551 71.11549 0.077 0.0 40.0
12.809001 67.95479 0.078 2.0 39.0
13.307329 69.73534 0.078 2.0 39.0
13.307329 69.73534 0.079 1.0 40.0
13.805657 71.515884 0.079 1.0 40.0
13.805657 71.515884 0.080 0.0 41.0
14.765432 73.09624 0.080 0.0 41.0
14.765432 73.09624 0.081 0.0 42.0
15.725207 74.67659 0.081 0.0 42.0
13.805657 71.515884 0.082 0.0 41.0
13.805657 73.36485 0.082 0.0 41.0
13.805657 73.36485 0.083 0.0 42.0
13.805657 75.21382 0.083 0.0 42.0
11.812345 64.39369 0.084 8.0 37.0
12.7721195 65.974045 0.084 8.0 37.0
12.7721195 65.974045 0.085 7.0 38.0
13.7318945 67.5544 0.085 7.0 38.0
13.7318945 67.5544 0.086 6.0 39.0
14.691669 69.13475 0.086 6.0 39.0
14.691669 69.13475 0.087 5.0 40.0
15.651444 70.7151 0.087 5.0 40.0
15.651444 70.7151 0.088 4.0 41.0
17.001637 71.9783 0.088 4.0 41.0
17.001637 71.9783 0.089 3.0 42.0
18.351828 73.2415 0.089 3.0 42.0
18.351828 73.2415 0.090 0.0 43.0
19.99251 74.094055 0.090 0.0 43.0
19.99251 74.094055 0.091 0.0 44.0
21.633192 74.94661 0.091 0.0 44.0
18.351828 73.2415 0.092 2.0 43.0
19.702019 74.5047 0.092 2.0 43.0
19.702019 74.5047 0.093 1.0 44.0
21.05221 75.7679 0.093 1.0 44.0
21.05221 75.7679 0.094 0.0 45.0
22.692892 76.62045 0.094 0.0 45.0
22.692892 76.62045 0.095 0.0 46.0
24.333574 77.47301 0.095 0.0 46.0
21.05221 75.7679 0.096 0.0 45.0
22.011986 77.34825 0.096 0.0 45.0
22.011986 77.34825 0.097 0.0 46.0
22.971762 78.928604 0.097 0.0 46.0
15.651444 70.7151 0.098 4.0 41.0
16.149773 72.49565 0.098 4.0 41.0
16.149773 72.49565 0.099 3.0 42.0
16.6481 74.2762 0.099 3.0 42.0
16.6481 74.2762 0.0100 0.0 43.0
17.607876 75.85655 0.0100 0.0 43.0
17.607876 75.85655 0.0101 0.0 44.0
18.567652 77.436905 0.0101 0.0 44.0
16.6481 74.2762 0.0102 2.0 43.0
17.146427 76.05675 0.0102 2.0 43.0
17.146427 76.05675 0.0103 1.0 44.0
17.644754 77.837296 0.0103 1.0 44.0
17.644754 77.837296 0.0104 0.0 45.0
18.60453 79.41765 0.0104 0.0 45.0
18.60453 79.41765 0.0105 0.0 46.0
19.564306 80.998 0.0105 0.0 46.0
17.644754 77.837296 0.0106 0.0 45.0
17.644754 79.686264 0.0106 0.0 45.0
17.644754 79.686264 0.0107 0.0 46.0
17.644754 81.53523 0.0107 0.0 46.0
7.973244 58.072277 0.0108 12.0 33.0
7.973244 59.921246 0.0108 12.0 33.0
7.973244 59.921246 0.0109 11.0 34.0
7.973244 61.770214 0.0109 11.0 34.0
7.973244 61.770214 0.0110 10.0 35.0
7.973244 63.619183 0.0110 10.0 35.0
7.973244 63.619183 0.0111 9.0 36.0
7.973244 65.468155 0.0111 9.0 36.0
7.973244 65.468155 0.0112 4.0 37.0
7.4749165 67.2487 0.0112 4.0 37.0
7.4749165 67.2487 0.0113 3.0 38.0
6.9765887 69.02925 0.0113 3.0 38.0
6.9765887 69.02925 0.0114 0.0 39.0
6.9765887 70.87822 0.0114 0.0 39.0
6.9765887 70.87822 0.0115 0.0 40.0
6.9765887 72.72719 0.0115 0.0 40.0
6.9765887 69.02925 0.0116 2.0 39.0
6.478261 70.8098 0.0116 2.0 39.0
6.478261 70.8098 0.0117 1.0 40.0
5.9799333 72.59035 0.0117 1.0 40.0
5.9799333 72.59035 0.0118 0.0 41.0
5.9799333 74.439316 0.0118 0.0 41.0
5.9799333 74.439316 0.0119 0.0 42.0
5.9799333 76.288284 0.0119 0.0 42.0
5.9799333 72.59035 0.0120 0.0 41.0
5.0201583 74.1707 0.0120 0.0 41.0
5.0201583 74.1707 0.0121 0.0 42.0
4.0603833 75.75105 0.0121 0.0 42.0
7.973244 65.468155 0.0122 8.0 37.0
7.973244 67.31712 0.0122 8.0 37.0
7.973244 67.31712 0.0123 7.0 38.0
7.973244 69.16609 0.0123 7.0 38.0
7.973244 69.16609 0.0124 6.0 39.0
7.973244 71.01506 0.0124 6.0 39.0
7.973244 71.01506 0.0125 5.0 40.0
7.973244 72.86403 0.0125 5.0 40.0
7.973244 72.86403 0.0126 4.0 41.0
8.471572 74.64458 0.0126 4.0 41.0
8.471572 74.64458 0.0127 3.0 42.0
8.9699 76.425125 0.0127 3.0 42.0
8.9699 76.425125 0.0128 0.0 43.0
9.929675 78.00548 0.0128 0.0 43.0
9.929675 78.00548 0.0129 0.0 44.0
10.88945 79.58583 0.0129 0.0 44.0
8.9699 76.425125 0.0130 2.0 43.0
9.468228 78.20567 0.0130 2.0 43.0
9.468228 78.20567 0.0131 1.0 44.0
9.966557 79.98622 0.0131 1.0 44.0
9.966557 79.98622 0.0132 0.0 45.0
10.9263315 81.566574 0.0132 0.0 45.0
10.9263315 81.566574 0.0133 0.0 46.0
11.8861065 83.14693 0.0133 0.0 46.0
9.966557 79.98622 0.0134 0.0 45.0
9.966557 81.83519 0.0134 0.0 45.0
9.966557 81.83519 0.0135 0.0 46.0
9.966557 83.68416 0.0135 0.0 46.0
7.973244 72.86403 0.0136 4.0 41.0
7.4749165 74.64458 0.0136 4.0 41.0
7.4749165 74.64458 0.0137 3.0 42.0
6.9765887 76.425125 0.0137 3.0 42.0
6.9765887 76.425125 0.0138 0.0 43.0
6.9765887 78.27409 0.0138 0.0 43.0
6.9765887 78.27409 0.0139 0.0 44.0
6.9765887 80.12306 0.0139 0.0 44.0
6.9765887 76.425125 0.0140 2.0 43.0
6.478261 78.20567 0.0140 2.0 43.0
6.478261 78.20567 0.0141 1.0 44.0
5.9799333 79.98622 0.0141 1.0 44.0
5.9799333 79.98622 0.0142 0.0 45.0
5.9799333 81.83519 0.0142 0.0 45.0
5.9799333 81.83519 0.0143 0.0 46.0
5.9799333 83.68416 0.0143 0.0 46.0
5.9799333 79.98622 0.0144 0.0 45.0
5.0201583 81.566574 0.0144 0.0 45.0
5.0201583 81.566574 0.0145 0.0 46.0
4.0603833 83.14693 0.0145 0.0 46.0
0.0 29.583504 0.0146 44.0 17.0
0.0 31.432472 0.0146 44.0 17.0
0.0 31.432472 0.0147 43.0 18.0
0.0 33.28144 0.0147 43.0 18.0
0.0 33.28144 0.0148 42.0 19.0
0.0 35.13041 0.0148 42.0 19.0
0.0 35.13041 0.0149 41.0 20.0
0.0 36.979378 0.0149 41.0 20.0
0.0 36.979378 0.0150 40.0 21.0
0.0 38.828346 0.0150 40.0 21.0
0.0 38.828346 0.0151 39.0 22.0
0.0 40.677315 0.0151 39.0 22.0
0.0 40.677315 0.0152 38.0 23.0
0.0 42.526283 0.0152 38.0 23.0
0.0 42.526283 0.0153 37.0 24.0
0.0 44.37525 0.0153 37.0 24.0
0.0 44.37525 0.0154 36.0 25.0
0.0 46.22422 0.0154 36.0 25.0
0.0 46.22422 0.0155 35.0 26.0
0.0 48.07319 0.0155 35.0 26.0
0.0 48.07319 0.0156 34.0 27.0
0.0 49.922157 0.0156 34.0 27.0
0.0 49.922157 0.0157 33.0 28.0
0.0 51.771126 0.0157 33.0 28.0
0.0 51.771126 0.0158 32.0 29.0
0.0 53.620094 0.0158 32.0 29.0
0.0 53.620094 0.0159 31.0 30.0
0.0 55.469063 0.0159 31.0 30.0
0.0 55.469063 0.0160 30.0 31.0
0.0 57.31803 0.0160 30.0 31.0
0.0 57.31803 0.0161 29.0 32.0
0.0 59.167 0.0161 29.0 32.0
0.0 59.167 0.0162 28.0 33.0
0.49832782 60.947548 0.0162 28.0 33.0
0.49832782 60.947548 0.0163 27.0 34.0
0.99665564 62.728096 0.0163 27.0 34.0
0.99665564 62.728096 0.0164 26.0 35.0
1.4949834 64.508644 0.0164 26.0 35.0
1.4949834 64.508644 0.0165 25.0 36.0
1.9933113 66.28919 0.0165 25.0 36.0
1.9933113 66.28919 0.0166 24.0 37.0
2.4916391 68.06974 0.0166 24.0 37.0
2.4916391 68.06974 0.0167 23.0 38.0
2.9899669 69.85029 0.0167 23.0 38.0
2.9899669 69.85029 0.0168 22.0 39.0
3.4882946 71.63084 0.0168 22.0 39.0
3.4882946 71.63084 0.0169 21.0 40.0
3.9866223 73.411385 0.0169 21.0 40.0
3.9866223 73.411385 0.0170 12.0 41.0
4.9463973 74.99174 0.0170 12.0 41.0
4.9463973 74.99174 0.0171 11.0 42.0
5.9061723 76.57209 0.0171 11.0 42.0
5.9061723 76.57209 0.0172 10.0 43.0
6.8659472 78.15244 0.0172 10.0 43.0
6.8659472 78.15244 0.0173 9.0 44.0
7.825722 79.732796 0.0173 9.0 44.0
7.825722 79.732796 0.0174 4.0 45.0
8.32405 81.51334 0.0174 4.0 45.0
8.32405 81.51334 0.0175 3.0 46.0
8.822378 83.29389 0.0175 3.0 46.0
8.822378 83.29389 0.0176 0.0 47.0
9.782153 84.874245 0.0176 0.0 47.0
9.782153 84.874245 0.0177 0.0 48.0
10.741928 86.4546 0.0177 0.0 48.0
8.822378 83.29389 0.0178 2.0 47.0
9.320706 85.07444 0.0178 2.0 47.0
9.320706 85.07444 0.0179 1.0 48.0
9.819035 86.85499 0.0179 1.0 48.0
9.819035 86.85499 0.0180 0.0 49.0
10.77881 88.43534 0.0180 0.0 49.0
10.77881 88.43534 0.0181 0.0 50.0
11.7385845 90.01569 0.0181 0.0 50.0
9.819035 86.85499 0.0182 0.0 49.0
9.819035 88.70396 0.0182 0.0 49.0
9.819035 88.70396 0.0183 0.0 50.0
9.819035 90.552925 0.0183 0.0 50.0
7.825722 79.732796 0.0184 8.0 45.0
8.785498 81.31315 0.0184 8.0 45.0
8.785498 81.31315 0.0185 7.0 46.0
9.745273 82.8935 0.0185 7.0 46.0
9.745273 82.8935 0.0186 6.0 47.0
10.705048 84.473854 0.0186 6.0 47.0
10.705048 84.473854 0.0187 5.0 48.0
11.664823 86.05421 0.0187 5.0 48.0
11.664823 86.05421 0.0188 4.0 49.0
13.015014 87.317406 0.0188 4.0 49.0
13.015014 87.317406 0.0189 3.0 50.0
14.365205 88.580605 0.0189 3.0 50.0
14.365205 88.580605 0.0190 0.0 51.0
16.005886 89.43316 0.0190 0.0 51.0
16.005886 89.43316 0.0191 0.0 52.0
17.646568 90.28571 0.0191 0.0 52.0
14.365205 88.580605 0.0192 2.0 51.0
15.715396 89.8438 0.0192 2.0 51.0
15.715396 89.8438 0.0193 1.0 52.0
17.065586 91.107 0.0193 1.0 52.0
17.065586 91.107 0.0194 0.0 53.0
18.706268 91.95956 0.0194 0.0 53.0
18.706268 91.95956 0.0195 0.0 54.0
20.34695 92.81211 0.0195 0.0 54.0
17.065586 91.107 0.0196 0.0 53.0
18.025362 92.687355 0.0196 0.0 53.0
18.025362 92.687355 0.0197 0.0 54.0
18.985138 94.26771 0.0197 0.0 54.0
11.664823 86.05421 0.0198 4.0 49.0
12.163151 87.834755 0.0198 4.0 49.0
12.163151 87.834755 0.0199 3.0 50.0
12.661479 89.6153 0.0199 3.0 50.0
12.661479 89.6153 0.0200 0.0 51.0
13.621254 91.195656 0.0200 0.0 51.0
13.621254 91.195656 0.0201 0.0 52.0
14.581029 92.77601 0.0201 0.0 52.0
12.661479 89.6153 0.0202 2.0 51.0
13.159807 91.39585 0.0202 2.0 51.0
13.159807 91.39585 0.0203 1.0 52.0
13.658135 93.1764 0.0203 1.0 52.0
13.658135 93.1764 0.0204 0.0 53.0
14.61791 94.75675 0.0204 0.0 53.0
14.61791 94.75675 0.0205 0.0 54.0
15.577685 96.337105 0.0205 0.0 54.0
13.658135 93.1764 0.0206 0.0 53.0
13.658135 95.02537 0.0206 0.0 53.0
13.658135 95.02537 0.0207 0.0 54.0
13.658135 96.87434 0.0207 0.0 54.0
3.9866223 73.411385 0.0208 20.0 41.0
4.48495 75.19193 0.0208 20.0 41.0
4.48495 75.19193 0.0209 19.0 42.0
4.983278 76.97248 0.0209 19.0 42.0
4.983278 76.97248 0.0210 18.0 43.0
5.4816055 78.75303 0.0210 18.0 43.0
5.4816055 78.75303 0.0211 17.0 44.0
5.9799333 80.53358 0.0211 17.0 44.0
5.9799333 80.53358 0.0212 16.0 45.0
6.478261 82.314125 0.0212 16.0 45.0
6.478261 82.314125 0.0213 15.0 46.0
6.9765887 84.09467 0.0213 15.0 46.0
6.9765887 84.09467 0.0214 14.0 47.0
7.4749165 85.87522 0.0214 14.0 47.0
7.4749165 85.87522 0.0215 13.0 48.0
7.973244 87.65577 0.0215 13.0 48.0
7.973244 87.65577 0.0216 12.0 49.0
8.93302 89.23612 0.0216 12.0 49.0
8.93302 89.23612 0.0217 11.0 50.0
9.892795 90.816475 0.0217 11.0 50.0
9.892795 90.816475 0.0218 10.0 51.0
10.85257 92.39683 0.0218 10.0 51.0
10.85257 92.39683 0.0219 9.0 52.0
11.812345 93.97718 0.0219 9.0 52.0
11.812345 93.97718 0.0220 4.0 53.0
12.310673 95.75773 0.0220 4.0 53.0
12.310673 95.75773 0.0221 3.0 54.0
12.809001 97.53828 0.0221 3.0 54.0
12.809001 97.53828 0.0222 0.0 55.0
13.768776 99.11863 0.0222 0.0 55.0
13.768776 99.11863 0.0223 0.0 56.0
14.728551 100.69898 0.0223 0.0 56.0
12.809001 97.53828 0.0224 2.0 55.0
13.307329 99.318825 0.0224 2.0 55.0
13.307329 99.318825 0.0225 1.0 56.0
13.805657 101.09937 0.0225 1.0 56.0
13.805657 101.09937 0.0226 0.0 57.0
14.765432 102.679726 0.0226 0.0 57.0
14.765432 102.679726 0.0227 0.0 58.0
15.725207 104.26008 0.0227 0.0 58.0
13.805657 101.09937 0.0228 0.0 57.0
13.805657 102.94834 0.0228 0.0 57.0
13.805657 102.94834 0.0229 0.0 58.0
13.805657 104.79731 0.0229 0.0 58.0
11.812345 93.97718 0.0230 8.0 53.0
12.7721195 95.55753 0.0230 8.0 53.0
12.7721195 95.55753 0.0231 7.0 54.0
13.7318945 97.137886 0.0231 7.0 54.0
13.7318945 97.137886 0.0232 6.0 55.0
14.691669 98.71824 0.0232 6.0 55.0
14.691669 98.71824 0.0233 5.0 56.0
15.651444 100.29859 0.0233 5.0 56.0
15.651444 100.29859 0.0234 4.0 57.0
17.001637 101.56179 0.0234 4.0 57.0
17.001637 101.56179 0.0235 3.0 58.0
18.351828 102.82499 0.0235 3.0 58.0
18.351828 102.82499 0.0236 0.0 59.0
19.99251 103.67754 0.0236 0.0 59.0
19.99251 103.67754 0.0237 0.0 60.0
21.633192 104.5301 0.0237 0.0 60.0
18.351828 102.82499 0.0238 2.0 59.0
19.702019 104.08819 0.0238 2.0 59.0
19.702019 104.08819 0.0239 1.0 60.0
21.05221 105.35139 0.0239 1.0 60.0
21.05221 105.35139 0.0240 0.0 61.0
22.692892 106.20394 0.0240 0.0 61.0
22.692892 106.20394 0.0241 0.0 62.0
24.333574 107.056496 0.0241 0.0 62.0
21.05221 105.35139 0.0242 0.0 61.0
22.011986 106.93174 0.0242 0.0 61.0
22.011986 106.93174 0.0243 0.0 62.0
22.971762 108.51209 0.0243 0.0 62.0
15.651444 100.29859 0.0244 4.0 57.0
16.149773 102.07914 0.0244 4.0 57.0
16.149773 102.07914 0.0245 3.0 58.0
16.6481 103.85969 0.0245 3.0 58.0
16.6481 103.85969 0.0246 0.0 59.0
17.607876 105.44004 0.0246 0.0 59.0
17.607876 105.44004 0.0247 0.0 60.0
18.567652 107.02039 0.0247 0.0 60.0
16.6481 103.85969 0.0248 2.0 59.0
17.146427 105.640236 0.0248 2.0 59.0
17.146427 105.640236 0.0249 1.0 60.0
17.644754 107.420784 0.0249 1.0 60.0
17.644754 107.420784 0.0250 0.0 61.0
18.60453 109.00114 0.0250 0.0 61.0
18.60453 109.00114 0.0251 0.0 62.0
19.564306 110.58149 0.0251 0.0 62.0
17.644754 107.420784 0.0252 0.0 61.0
17.644754 109.26975 0.0252 0.0 61.0
17.644754 109.26975 0.0253 0.0 62.0
17.644754 111.11872 0.0253 0.0 62.0
7.973244 87.65577 0.0254 12.0 49.0
7.973244 89.50474 0.0254 12.0 49.0
7.973244 89.50474 0.0255 11.0 50.0
7.973244 91.35371 0.0255 11.0 50.0
7.973244 91.35371 0.0256 10.0 51.0
7.973244 93.202675 0.0256 10.0 51.0
7.973244 93.202675 0.0257 9.0 52.0
7.973244 95.05164 0.0257 9.0 52.0
7.973244 95.05164 0.0258 4.0 53.0
7.4749165 96.83219 0.0258 4.0 53.0
7.4749165 96.83219 0.0259 3.0 54.0
6.9765887 98.61274 0.0259 3.0 54.0
6.9765887 98.61274 0.0260 0.0 55.0
6.9765887 100.46171 0.0260 0.0 55.0
6.9765887 100.46171 0.0261 0.0 56.0
6.9765887 102.31068 0.0261 0.0 56.0
6.9765887 98.61274 0.0262 2.0 55.0
6.478261 100.39329 0.0262 2.0 55.0
6.478261 100.39329 0.0263 1.0 56.0
5.9799333 102.173836 0.0263 1.0 56.0
5.9799333 102.173836 0.0264 0.0 57.0
5.9799333 104.022804 0.0264 0.0 57.0
5.9799333 104.022804 0.0265 0.0 58.0
5.9799333 105.87177 0.0265 0.0 58.0
5.9799333 102.173836 0.0266 0.0 57.0
5.0201583 103.75419 0.0266 0.0 57.0
5.0201583 103.75419 0.0267 0.0 58.0
4.0603833 105.33454 0.0267 0.0 58.0
7.973244 95.05164 0.0268 8.0 53.0
7.973244 96.90061 0.0268 8.0 53.0
7.973244 96.90061 0.0269 7.0 54.0
7.973244 98.74958 0.0269 7.0 54.0
7.973244 98.74958 0.0270 6.0 55.0
7.973244 100.59855 0.0270 6.0 55.0
7.973244 100.59855 0.0271 5.0 56.0
7.973244 102.44752 0.0271 5.0 56.0
7.973244 102.44752 0.0272 4.0 57.0
8.471572 104.228065 0.0272 4.0 57.0
8.471572 104.228065 0.0273 3.0 58.0
8.9699 106.00861 0.0273 3.0 58.0
8.9699 106.00861 0.0274 0.0 59.0
9.929675 107.58897 0.0274 0.0 59.0
9.929675 107.58897 0.0275 0.0 60.0
10.88945 109.16932 0.0275 0.0 60.0
8.9699 106.00861 0.0276 2.0 59.0
9.468228 107.78916 0.0276 2.0 59.0
9.468228 107.78916 0.0277 1.0 60.0
9.966557 109.56971 0.0277 1.0 60.0
9.966557 109.56971 0.0278 0.0 61.0
10.9263315 111.15006 0.0278 0.0 61.0
10.9263315 111.15006 0.0279 0.0 62.0
11.8861065 112.730415 0.0279 0.0 62.0
9.966557 109.56971 0.0280 0.0 61.0
9.966557 111.41868 0.0280 0.0 61.0
9.966557 111.41868 0.0281 0.0 62.0
9.966557 113.26765 0.0281 0.0 62.0
7.973244 102.44752 0.0282 4.0 57.0
7.4749165 104.228065 0.0282 4.0 57.0
7.4749165 104.228065 0.0283 3.0 58.0
6.9765887 106.00861 0.0283 3.0 58.0
6.9765887 106.00861 0.0284 0.0 59.0
6.9765887 107.85758 0.0284 0.0 59.0
6.9765887 107.85758 0.0285 0.0 60.0
6.9765887 109.70655 0.0285 0.0 60.0
6.9765887 106.00861 0.0286 2.0 59.0
6.478261 107.78916 0.0286 2.0 59.0
6.478261 107.78916 0.0287 1.0 60.0
5.9799333 109.56971 0.0287 1.0 60.0
5.9799333 109.56971 0.0288 0.0 61.0
5.9799333 111.41868 0.0288 0.0 61.0
5.9799333 111.41868 0.0289 0.0 62.0
5.9799333 113.26765 0.0289 0.0 62.0
5.9799333 109.56971 0.0290 0.0 61.0
5.0201583 111.15006 0.0290 0.0 61.0
5.0201583 111.15006 0.0291 0.0 62.0
4.0603833 112.730415 0.0291 0.0 62.0
0.0 59.167 0.0292 28.0 33.0
-0.49832782 60.947548 0.0292 28.0 33.0
-0.49832782 60.947548 0.0293 27.0 34.0
-0.99665564 62.728096 0.0293 27.0 34.0
-0.99665564 62.728096 0.0294 26.0 35.0
-1.4949834 64.508644 0.0294 26.0 35.0
-1.4949834 64.508644 0.0295 25.0 36.0
-1.9933113 66.28919 0.0295 25.0 36.0
-1.9933113 66.28919 0.0296 24.0 37.0
-2.4916391 68.06974 0.0296 24.0 37.0
-2.4916391 68.06974 0.0297 23.0 38.0
-2.9899669 69.85029 0.0297 23.0 38.0
-2.9899669 69.85029 0.0298 22.0 39.0
-3.4882946 71.63084 0.0298 22.0 39.0
-3.4882946 71.63084 0.0299 21.0 40.0
-3.9866223 73.411385 0.0299 21.0 40.0
-3.9866223 73.411385 0.0300 12.0 41.0
-3.9866223 75.26035 0.0300 12.0 41.0
-3.9866223 75.26035 0.0301 11.0 42.0
-3.9866223 77.10932 0.0301 11.0 42.0
-3.9866223 77.10932 0.0302 10.0 43.0
-3.9866223 78.95829 0.0302 10.0 43.0
-3.9866223 78.95829 0.0303 9.0 44.0
-3.9866223 80.80726 0.0303 9.0 44.0
-3.9866223 80.80726 0.0304 4.0 45.0
-4.48495 82.58781 0.0304 4.0 45.0
-4.48495 82.58781 0.0305 3.0 46.0
-4.983278 84.368355 0.0305 3.0 46.0
-4.983278 84.368355 0.0306 0.0 47.0
-4.983278 86.21732 0.0306 0.0 47.0
-4.983278 86.21732 0.0307 0.0 48.0
-4.983278 88.06629 0.0307 0.0 48.0
-4.983278 84.368355 0.0308 2.0 47.0
-5.4816055 86.1489 0.0308 2.0 47.0
-5.4816055 86.1489 0.0309 1.0 48.0
-5.9799333 87.92945 0.0309 1.0 48.0
-5.9799333 87.92945 0.0310 0.0 49.0
-5.9799333 89.77842 0.0310 0.0 49.0
-5.9799333 89.77842 0.0311 0.0 50.0
-5.9799333 91.62739 0.0311 0.0 50.0
-5.9799333 87.92945 0.0312 0.0 49.0
-6.939708 89.5098 0.0312 0.0 49.0
-6.939708 89.5098 0.0313 0.0 50.0
-7.899483 91.09016 0.0313 0.0 50.0
-3.9866223 80.80726 0.0314 8.0 45.0
-3.9866223 82.65623 0.0314 8.0 45.0
-3.9866223 82.65623 0.0315 7.0 46.0
-3.9866223 84.505196 0.0315 7.0 46.0
-3.9866223 84.505196 0.0316 6.0 47.0
-3.9866223 86.354164 0.0316 6.0 47.0
-3.9866223 86.354164 0.0317 5.0 48.0
-3.9866223 88.20313 0.0317 5.0 48.0
-3.9866223 88.20313 0.0318 4.0 49.0
-3.4882946 89.98368 0.0318 4.0 49.0
-3.4882946 89.98368 0.0319 3.0 50.0
-2.9899669 91.76423 0.0319 3.0 50.0
-2.9899669 91.76423 0.0320 0.0 51.0
-2.0301917 93.34458 0.0320 0.0 51.0
-2.0301917 93.34458 0.0321 0.0 52.0
-1.0704165 94.924934 0.0321 0.0 52.0
-2.9899669 91.76423 0.0322 2.0 51.0
-2.4916391 93.54478 0.0322 2.0 51.0
-2.4916391 93.54478 0.0323 1.0 52.0
-1.9933113 95.325325 0.0323 1.0 52.0
-1.9933113 95.325325 0.0324 0.0 53.0
-1.0335362 96.90568 0.0324 0.0 53.0
-1.0335362 96.90568 0.0325 0.0 54.0
-0.073761046 98.48603 0.0325 0.0 54.0
-1.9933113 95.325325 0.0326 0.0 53.0
-1.9933113 97.17429 0.0326 0.0 53.0
-1.9933113 97.17429 0.0327 0.0 54.0
-1.9933113 99.02326 0.0327 0.0 54.0
-3.9866223 88.20313 0.0328 4.0 49.0
-4.48495 89.98368 0.0328 4.0 49.0
-4.48495 89.98368 0.0329 3.0 50.0
-4.983278 91.76423 0.0329 3.0 50.0
-4.983278 91.76423 0.0330 0.0 51.0
-4.983278 93.6132 0.0330 0.0 51.0
-4.983278 93.6132 0.0331 0.0 52.0
-4.983278 95.462166 0.0331 0.0 52.0
-4.983278 91.76423 0.0332 2.0 51.0
-5.4816055 93.54478 0.0332 2.0 51.0
-5.4816055 93.54478 0.0333 1.0 52.0
-5.9799333 95.325325 0.0333 1.0 52.0
-5.9799333 95.325325 0.0334 0.0 53.0
-5.9799333 97.17429 0.0334 0.0 53.0
-5.9799333 97.17429 0.0335 0.0 54.0
-5.9799333 99.02326 0.0335 0.0 54.0
-5.9799333 95.325325 0.0336 0.0 53.0
-6.939708 96.90568 0.0336 0.0 53.0
-6.939708 96.90568 0.0337 0.0 54.0
-7.899483 98.48603 0.0337 0.0 54.0
-3.9866223 73.411385 0.0338 20.0 41.0
-4.48495 75.19193 0.0338 20.0 41.0
-4.48495 75.19193 0.0339 19.0 42.0
-4.983278 76.97248 0.0339 19.0 42.0
-4.983278 76.97248 0.0340 18.0 43.0
-5.4816055 78.75303 0.0340 18.0 43.0
-5.4816055 78.75303 0.0341 17.0 44.0
-5.9799333 80.53358 0.0341 17.0 44.0
-5.9799333 80.53358 0.0342 16.0 45.0
-6.478261 82.314125 0.0342 16.0 45.0
-6.478261 82.314125 0.0343 15.0 46.0
-6.9765887 84.09467 0.0343 15.0 46.0
-6.9765887 84.09467 0.0344 14.0 47.0
-7.4749165 85.87522 0.0344 14.0 47.0
-7.4749165 85.87522 0.0345 13.0 48.0
-7.973244 87.65577 0.0345 13.0 48.0
-7.973244 87.65577 0.0346 12.0 49.0
-7.973244 89.50474 0.0346 12.0 49.0
-7.973244 89.50474 0.0347 11.0 50.0
-7.973244 91.35371 0.0347 11.0 50.0
-7.973244 91.35371 0.0348 10.0 51.0
-7.973244 93.202675 0.0348 10.0 51.0
-7.973244 93.202675 0.0349 9.0 52.0
-7.973244 95.05164 0.0349 9.0 52.0
-7.973244 95.05164 0.0350 4.0 53.0
-8.471572 96.83219 0.0350 4.0 53.0
-8.471572 96.83219 0.0351 3.0 54.0
-8.9699 98.61274 0.0351 3.0 54.0
-8.9699 98.61274 0.0352 0.0 55.0
-8.9699 100.46171 0.0352 0.0 55.0
-8.9699 100.46171 0.0353 0.0 56.0
-8.9699 102.31068 0.0353 0.0 56.0
-8.9699 98.61274 0.0354 2.0 55.0
-9.468228 100.39329 0.0354 2.0 55.0
-9.468228 100.39329 0.0355 1.0 56.0
-9.966557 102.173836 0.0355 1.0 56.0
-9.966557 102.173836 0.0356 0.0 57.0
-9.966557 104.022804 0.0356 0.0 57.0
-9.966557 104.022804 0.0357 0.0 58.0
-9.966557 105.87177 0.0357 0.0 58.0
-9.966557 102.173836 0.0358 0.0 57.0
-10.9263315 103.75419 0.0358 0.0 57.0
-10.9263315 103.75419 0.0359 0.0 58.0
-11.8861065 105.33454 0.0359 0.0 58.0
-7.973244 95.05164 0.0360 8.0 53.0
-7.973244 96.90061 0.0360 8.0 53.0
-7.973244 96.90061 0.0361 7.0 54.0
-7.973244 98.74958 0.0361 7.0 54.0
-7.973244 98.74958 0.0362 6.0 55.0
-7.973244 100.59855 0.0362 6.0 55.0
-7.973244 100.59855 0.0363 5.0 56.0
-7.973244 102.44752 0.0363 5.0 56.0
-7.973244 102.44752 0.0364 4.0 57.0
-7.4749165 104.228065 0.0364 4.0 57.0
-7.4749165 104.228065 0.0365 3.0 58.0
-6.9765887 106.00861 0.0365 3.0 58.0
-6.9765887 106.00861 0.0366 0.0 59.0
-6.0168138 107.58897 0.0366 0.0 59.0
-6.0168138 107.58897 0.0367 0.0 60.0
-5.057039 109.16932 0.0367 0.0 60.0
-6.9765887 106.00861 0.0368 2.0 59.0
-6.478261 107.78916 0.0368 2.0 59.0
-6.478261 107.78916 0.0369 1.0 60.0
-5.9799333 109.56971 0.0369 1.0 60.0
-5.9799333 109.56971 0.0370 0.0 61.0
-5.0201583 111.15006 0.0370 0.0 61.0
-5.0201583 111.15006 0.0371 0.0 62.0
-4.0603833 112.730415 0.0371 0.0 62.0
-5.9799333 109.56971 0.0372 0.0 61.0
-5.9799333 111.41868 0.0372 0.0 61.0
-5.9799333 111.41868 0.0373 0.0 62.0
-5.9799333 113.26765 0.0373 0.0 62.0
-7.973244 102.44752 0.0374 4.0 57.0
-8.471572 104.228065 0.0374 4.0 57.0
-8.471572 104.228065 0.0375 3.0 58.0
-8.9699 106.00861 0.0375 3.0 58.0
-8.9699 106.00861 0.0376 0.0 59.0
-8.9699 107.85758 0.0376 0.0 59.0
-8.9699 107.85758 0.0377 0.0 60.0
-8.9699 109.70655 0.0377 0.0 60.0
-8.9699 106.00861 0.0378 2.0 59.0
-9.468228 107.78916 0.0378 2.0 59.0
-9.468228 107.78916 0.0379 1.0 60.0
-9.966557 109.56971 0.0379 1.0 60.0
-9.966557 109.56971 0.0380 0.0 61.0
-9.966557 111.41868 0.0380 0.0 61.0
-9.966557 111.41868 0.0381 0.0 62.0
-9.966557 113.26765 0.0381 0.0 62.0
-9.966557 109.56971 0.0382 0.0 61.0
-10.9263315 111.15006 0.0382 0.0 61.0
-10.9263315 111.15006 0.0383 0.0 62.0
-11.8861065 112.730415 0.0383 0.0 62.0
-7.973244 87.65577 0.0384 12.0 49.0
-8.93302 89.23612 0.0384 12.0 49.0
-8.93302 89.23612 0.0385 11.0 50.0
-9.892795 90.816475 0.0385 11.0 50.0
-9.892795 90.816475 0.0386 10.0 51.0
-10.85257 92.39683 0.0386 10.0 51.0
-10.85257 92.39683 0.0387 9.0 52.0
-11.812345 93.97718 0.0387 9.0 52.0
-11.812345 93.97718 0.0388 4.0 53.0
-13.162536 95.24038 0.0388 4.0 53.0
-13.162536 95.24038 0.0389 3.0 54.0
-14.512727 96.50358 0.0389 3.0 54.0
-14.512727 96.50358 0.0390 0.0 55.0
-15.472502 98.08393 0.0390 0.0 55.0
-15.472502 98.08393 0.0391 0.0 56.0
-16.432278 99.66428 0.0391 0.0 56.0
-14.512727 96.50358 0.0392 2.0 55.0
-15.862918 97.76678 0.0392 2.0 55.0
-15.862918 97.76678 0.0393 1.0 56.0
-17.213108 99.029976 0.0393 1.0 56.0
-17.213108 99.029976 0.0394 0.0 57.0
-18.172884 100.61033 0.0394 0.0 57.0
-18.172884 100.61033 0.0395 0.0 58.0
-19.13266 102.19068 0.0395 0.0 58.0
-17.213108 99.029976 0.0396 0.0 57.0
-18.85379 99.88253 0.0396 0.0 57.0
-18.85379 99.88253 0.0397 0.0 58.0
-20.494473 100.735085 0.0397 0.0 58.0
-11.812345 93.97718 0.0398 8.0 53.0
-12.7721195 95.55753 0.0398 8.0 53.0
-12.7721195 95.55753 0.0399 7.0 54.0
-13.7318945 97.137886 0.0399 7.0 54.0
-13.7318945 97.137886 0.0400 6.0 55.0
-14.691669 98.71824 0.0400 6.0 55.0
-14.691669 98.71824 0.0401 5.0 56.0
-15.651444 100.29859 0.0401 5.0 56.0
-15.651444 100.29859 0.0402 4.0 57.0
-16.149773 102.07914 0.0402 4.0 57.0
-16.149773 102.07914 0.0403 3.0 58.0
-16.6481 103.85969 0.0403 3.0 58.0
-16.6481 103.85969 0.0404 0.0 59.0
-16.6481 105.70866 0.0404 0.0 59.0
-16.6481 105.70866 0.0405 0.0 60.0
-16.6481 107.557625 0.0405 0.0 60.0
-16.6481 103.85969 0.0406 2.0 59.0
-17.146427 105.640236 0.0406 2.0 59.0
-17.146427 105.640236 0.0407 1.0 60.0
-17.644754 107.420784 0.0407 1.0 60.0
-17.644754 107.420784 0.0408 0.0 61.0
-17.644754 109.26975 0.0408 0.0 61.0
-17.644754 109.26975 0.0409 0.0 62.0
-17.644754 111.11872 0.0409 0.0 62.0
-17.644754 107.420784 0.0410 0.0 61.0
-18.60453 109.00114 0.0410 0.0 61.0
-18.60453 109.00114 0.0411 0.0 62.0
-19.564306 110.58149 0.0411 0.0 62.0
-15.651444 100.29859 0.0412 4.0 57.0
-17.001637 101.56179 0.0412 4.0 57.0
-17.001637 101.56179 0.0413 3.0 58.0
-18.351828 102.82499 0.0413 3.0 58.0
-18.351828 102.82499 0.0414 0.0 59.0
-19.311604 104.40534 0.0414 0.0 59.0
-19.311604 104.40534 0.0415 0.0 60.0
-20.27138 105.985695 0.0415 0.0 60.0
-18.351828 102.82499 0.0416 2.0 59.0
-19.702019 104.08819 0.0416 2.0 59.0
-19.702019 104.08819 0.0417 1.0 60.0
-21.05221 105.35139 0.0417 1.0 60.0
-21.05221 105.35139 0.0418 0.0 61.0
-22.011986 106.93174 0.0418 0.0 61.0
-22.011986 106.93174 0.0419 0.0 62.0
-22.971762 108.51209 0.0419 0.0 62.0
-21.05221 105.35139 0.0420 0.0 61.0
-22.692892 106.20394 0.0420 0.0 61.0
-22.692892 106.20394 0.0421 0.0 62.0
-24.333574 107.056496 0.0421 0.0 62.0
