0.0 0.0 0.00 29.0 1.0
0.0 3.2891493 0.00 29.0 1.0
0.0 3.2891493 0.01 0.0 2.0
-1.364403 6.2819586 0.01 0.0 2.0
0.0 3.2891493 0.02 28.0 2.0
0.0 6.5782986 0.02 28.0 2.0
0.0 6.5782986 0.03 0.0 3.0
1.364403 9.571108 0.03 0.0 3.0
0.0 6.5782986 0.04 0.0 3.0
0.0 9.867448 0.04 0.0 3.0
0.0 6.5782986 0.05 1.0 3.0
1.364403 9.571108 0.05 1.0 3.0
1.364403 9.571108 0.06 0.0 4.0
1.364403 12.860257 0.06 0.0 4.0
1.364403 9.571108 0.07 0.0 4.0
2.728806 12.563917 0.07 0.0 4.0
2.728806 12.563917 0.08 0.0 5.0
5.2117567 14.721105 0.08 0.0 5.0
2.728806 12.563917 0.09 0.0 5.0
4.0932093 15.556726 0.09 0.0 5.0
0.0 6.5782986 0.010 27.0 3.0
0.0 9.867448 0.010 27.0 3.0
0.0 9.867448 0.011 0.0 4.0
-1.364403 12.860257 0.011 0.0 4.0
0.0 9.867448 0.012 26.0 4.0
0.0 13.156597 0.012 26.0 4.0
0.0 13.156597 0.013 0.0 5.0
1.364403 16.149406 0.013 0.0 5.0
0.0 13.156597 0.014 0.0 5.0
0.0 16.445747 0.014 0.0 5.0
0.0 13.156597 0.015 1.0 5.0
1.364403 16.149406 0.015 1.0 5.0
1.364403 16.149406 0.016 0.0 6.0
1.364403 19.438557 0.016 0.0 6.0
1.364403 16.149406 0.017 0.0 6.0
2.728806 19.142216 0.017 0.0 6.0
2.728806 19.142216 0.018 0.0 7.0
5.2117567 21.299404 0.018 0.0 7.0
2.728806 19.142216 0.019 0.0 7.0
4.0932093 22.135025 0.019 0.0 7.0
0.0 13.156597 0.020 1.0 5.0
0.0 16.445747 0.020 1.0 5.0
0.0 16.445747 0.021 0.0 6.0
-1.364403 19.438557 0.021 0.0 6.0
0.0 16.445747 0.022 0.0 6.0
0.0 19.734898 0.022 0.0 6.0
0.0 19.734898 0.023 0.0 7.0
1.364403 22.727707 0.023 0.0 7.0
0.0 19.734898 0.024 0.0 7.0
0.0 23.024048 0.024 0.0 7.0
0.0 13.156597 0.025 5.0 5.0
-1.364403 16.149406 0.025 5.0 5.0
-1.364403 16.149406 0.026 0.0 6.0
-3.847354 18.306595 0.026 0.0 6.0
-1.364403 16.149406 0.027 4.0 6.0
-2.728806 19.142216 0.027 4.0 6.0
-2.728806 19.142216 0.028 0.0 7.0
-2.728806 22.431366 0.028 0.0 7.0
-2.728806 19.142216 0.029 0.0 7.0
-4.0932093 22.135025 0.029 0.0 7.0
-2.728806 19.142216 0.030 1.0 7.0
-2.728806 22.431366 0.030 1.0 7.0
-2.728806 22.431366 0.031 0.0 8.0
-4.0932093 25.424175 0.031 0.0 8.0
-2.728806 22.431366 0.032 0.0 8.0
-2.728806 25.720516 0.032 0.0 8.0
-2.728806 25.720516 0.033 0.0 9.0
-1.364403 28.713326 0.033 0.0 9.0
-2.728806 25.720516 0.034 0.0 9.0
-2.728806 29.009666 0.034 0.0 9.0
-2.728806 19.142216 0.035 3.0 7.0
-4.0932093 22.135025 0.035 3.0 7.0
-4.0932093 22.135025 0.036 0.0 8.0
-6.5761604 24.292213 0.036 0.0 8.0
-4.0932093 22.135025 0.037 2.0 8.0
-5.457612 25.127834 0.037 2.0 8.0
-5.457612 25.127834 0.038 0.0 9.0
-5.457612 28.416985 0.038 0.0 9.0
-5.457612 25.127834 0.039 0.0 9.0
-6.822015 28.120644 0.039 0.0 9.0
-5.457612 25.127834 0.040 1.0 9.0
-5.457612 28.416985 0.040 1.0 9.0
-5.457612 28.416985 0.041 0.0 10.0
-6.822015 31.409794 0.041 0.0 10.0
-5.457612 28.416985 0.042 0.0 10.0
-5.457612 31.706135 0.042 0.0 10.0
-5.457612 31.706135 0.043 0.0 11.0
-4.0932093 34.698944 0.043 0.0 11.0
-5.457612 31.706135 0.044 0.0 11.0
-5.457612 34.995285 0.044 0.0 11.0
-5.457612 25.127834 0.045 1.0 9.0
-6.822015 28.120644 0.045 1.0 9.0
-6.822015 28.120644 0.046 0.0 10.0
-9.304966 30.277832 0.046 0.0 10.0
-6.822015 28.120644 0.047 0.0 10.0
-8.186418 31.113453 0.047 0.0 10.0
-8.186418 31.113453 0.048 0.0 11.0
-8.186418 34.402603 0.048 0.0 11.0
-8.186418 31.113453 0.049 0.0 11.0
-9.55082 34.106262 0.049 0.0 11.0
0.0 13.156597 0.050 25.0 5.0
0.0 16.445747 0.050 25.0 5.0
0.0 16.445747 0.051 0.0 6.0
-1.364403 19.438557 0.051 0.0 6.0
0.0 16.445747 0.052 24.0 6.0
0.0 19.734898 0.052 24.0 6.0
0.0 19.734898 0.053 0.0 7.0
1.364403 22.727707 0.053 0.0 7.0
0.0 19.734898 0.054 0.0 7.0
0.0 23.024048 0.054 0.0 7.0
0.0 19.734898 0.055 1.0 7.0
1.364403 22.727707 0.055 1.0 7.0
1.364403 22.727707 0.056 0.0 8.0
1.364403 26.016857 0.056 0.0 8.0
1.364403 22.727707 0.057 0.0 8.0
2.728806 25.720516 0.057 0.0 8.0
2.728806 25.720516 0.058 0.0 9.0
5.2117567 27.877705 0.058 0.0 9.0
2.728806 25.720516 0.059 0.0 9.0
4.0932093 28.713326 0.059 0.0 9.0
0.0 19.734898 0.060 23.0 7.0
0.0 23.024048 0.060 23.0 7.0
0.0 23.024048 0.061 0.0 8.0
-1.364403 26.016857 0.061 0.0 8.0
0.0 23.024048 0.062 22.0 8.0
0.0 26.313198 0.062 22.0 8.0
0.0 26.313198 0.063 0.0 9.0
1.364403 29.306007 0.063 0.0 9.0
0.0 26.313198 0.064 0.0 9.0
0.0 29.602348 0.064 0.0 9.0
0.0 26.313198 0.065 1.0 9.0
1.364403 29.306007 0.065 1.0 9.0
1.364403 29.306007 0.066 0.0 10.0
1.364403 32.595158 0.066 0.0 10.0
1.364403 29.306007 0.067 0.0 10.0
2.728806 32.298817 0.067 0.0 10.0
2.728806 32.298817 0.068 0.0 11.0
5.2117567 34.456005 0.068 0.0 11.0
2.728806 32.298817 0.069 0.0 11.0
4.0932093 35.291626 0.069 0.0 11.0
0.0 26.313198 0.070 1.0 9.0
0.0 29.602348 0.070 1.0 9.0
0.0 29.602348 0.071 0.0 10.0
-1.364403 32.595158 0.071 0.0 10.0
0.0 29.602348 0.072 0.0 10.0
0.0 32.8915 0.072 0.0 10.0
0.0 32.8915 0.073 0.0 11.0
1.364403 35.884308 0.073 0.0 11.0
0.0 32.8915 0.074 0.0 11.0
0.0 36.18065 0.074 0.0 11.0
0.0 26.313198 0.075 5.0 9.0
1.364403 29.306007 0.075 5.0 9.0
1.364403 29.306007 0.076 0.0 10.0
1.364403 32.595158 0.076 0.0 10.0
1.364403 29.306007 0.077 4.0 10.0
2.728806 32.298817 0.077 4.0 10.0
2.728806 32.298817 0.078 0.0 11.0
5.2117567 34.456005 0.078 0.0 11.0
2.728806 32.298817 0.079 0.0 11.0
4.0932093 35.291626 0.079 0.0 11.0
2.728806 32.298817 0.080 1.0 11.0
5.2117567 34.456005 0.080 1.0 11.0
5.2117567 34.456005 0.081 0.0 12.0
6.5761595 37.448814 0.081 0.0 12.0
5.2117567 34.456005 0.082 0.0 12.0
7.694708 36.613194 0.082 0.0 12.0
7.694708 36.613194 0.083 0.0 13.0
10.848797 37.54605 0.083 0.0 13.0
7.694708 36.613194 0.084 0.0 13.0
10.177659 38.770382 0.084 0.0 13.0
2.728806 32.298817 0.085 3.0 11.0
4.0932093 35.291626 0.085 3.0 11.0
4.0932093 35.291626 0.086 0.0 12.0
4.0932093 38.580776 0.086 0.0 12.0
4.0932093 35.291626 0.087 2.0 12.0
5.457612 38.284435 0.087 2.0 12.0
5.457612 38.284435 0.088 0.0 13.0
7.940563 40.441624 0.088 0.0 13.0
5.457612 38.284435 0.089 0.0 13.0
6.822015 41.277245 0.089 0.0 13.0
5.457612 38.284435 0.090 1.0 13.0
7.940563 40.441624 0.090 1.0 13.0
7.940563 40.441624 0.091 0.0 14.0
9.304966 43.434433 0.091 0.0 14.0
7.940563 40.441624 0.092 0.0 14.0
10.423514 42.598812 0.092 0.0 14.0
10.423514 42.598812 0.093 0.0 15.0
13.577604 43.53167 0.093 0.0 15.0
10.423514 42.598812 0.094 0.0 15.0
12.906466 44.756 0.094 0.0 15.0
5.457612 38.284435 0.095 1.0 13.0
6.822015 41.277245 0.095 1.0 13.0
6.822015 41.277245 0.096 0.0 14.0
6.822015 44.566395 0.096 0.0 14.0
6.822015 41.277245 0.097 0.0 14.0
8.186418 44.270054 0.097 0.0 14.0
8.186418 44.270054 0.098 0.0 15.0
10.669369 46.427242 0.098 0.0 15.0
8.186418 44.270054 0.099 0.0 15.0
9.55082 47.262863 0.099 0.0 15.0
0.0 26.313198 0.0100 5.0 9.0
0.0 29.602348 0.0100 5.0 9.0
0.0 29.602348 0.0101 0.0 10.0
-1.364403 32.595158 0.0101 0.0 10.0
0.0 29.602348 0.0102 4.0 10.0
0.0 32.8915 0.0102 4.0 10.0
0.0 32.8915 0.0103 0.0 11.0
1.364403 35.884308 0.0103 0.0 11.0
0.0 32.8915 0.0104 0.0 11.0
0.0 36.18065 0.0104 0.0 11.0
0.0 32.8915 0.0105 1.0 11.0
1.364403 35.884308 0.0105 1.0 11.0
1.364403 35.884308 0.0106 0.0 12.0
1.364403 39.17346 0.0106 0.0 12.0
1.364403 35.884308 0.0107 0.0 12.0
2.728806 38.877117 0.0107 0.0 12.0
2.728806 38.877117 0.0108 0.0 13.0
5.2117567 41.034306 0.0108 0.0 13.0
2.728806 38.877117 0.0109 0.0 13.0
4.0932093 41.869926 0.0109 0.0 13.0
0.0 32.8915 0.0110 3.0 11.0
0.0 36.18065 0.0110 3.0 11.0
0.0 36.18065 0.0111 0.0 12.0
-1.364403 39.17346 0.0111 0.0 12.0
0.0 36.18065 0.0112 2.0 12.0
0.0 39.4698 0.0112 2.0 12.0
0.0 39.4698 0.0113 0.0 13.0
1.364403 42.46261 0.0113 0.0 13.0
0.0 39.4698 0.0114 0.0 13.0
0.0 42.75895 0.0114 0.0 13.0
0.0 39.4698 0.0115 1.0 13.0
1.364403 42.46261 0.0115 1.0 13.0
1.364403 42.46261 0.0116 0.0 14.0
1.364403 45.75176 0.0116 0.0 14.0
1.364403 42.46261 0.0117 0.0 14.0
2.728806 45.455418 0.0117 0.0 14.0
2.728806 45.455418 0.0118 0.0 15.0
5.2117567 47.612606 0.0118 0.0 15.0
2.728806 45.455418 0.0119 0.0 15.0
4.0932093 48.448227 0.0119 0.0 15.0
0.0 39.4698 0.0120 1.0 13.0
0.0 42.75895 0.0120 1.0 13.0
0.0 42.75895 0.0121 0.0 14.0
-1.364403 45.75176 0.0121 0.0 14.0
0.0 42.75895 0.0122 0.0 14.0
0.0 46.0481 0.0122 0.0 14.0
0.0 46.0481 0.0123 0.0 15.0
1.364403 49.04091 0.0123 0.0 15.0
0.0 46.0481 0.0124 0.0 15.0
0.0 49.33725 0.0124 0.0 15.0
0.0 26.313198 0.0125 13.0 9.0
-1.364403 29.306007 0.0125 13.0 9.0
-1.364403 29.306007 0.0126 0.0 10.0
-3.847354 31.463196 0.0126 0.0 10.0
-1.364403 29.306007 0.0127 12.0 10.0
-2.728806 32.298817 0.0127 12.0 10.0
-2.728806 32.298817 0.0128 0.0 11.0
-2.728806 35.587967 0.0128 0.0 11.0
-2.728806 32.298817 0.0129 0.0 11.0
-4.0932093 35.291626 0.0129 0.0 11.0
-2.728806 32.298817 0.0130 1.0 11.0
-2.728806 35.587967 0.0130 1.0 11.0
-2.728806 35.587967 0.0131 0.0 12.0
-4.0932093 38.580776 0.0131 0.0 12.0
-2.728806 35.587967 0.0132 0.0 12.0
-2.728806 38.877117 0.0132 0.0 12.0
-2.728806 38.877117 0.0133 0.0 13.0
-1.364403 41.869926 0.0133 0.0 13.0
-2.728806 38.877117 0.0134 0.0 13.0
-2.728806 42.166267 0.0134 0.0 13.0
-2.728806 32.298817 0.0135 11.0 11.0
-4.0932093 35.291626 0.0135 11.0 11.0
-4.0932093 35.291626 0.0136 0.0 12.0
-6.5761604 37.448814 0.0136 0.0 12.0
-4.0932093 35.291626 0.0137 10.0 12.0
-5.457612 38.284435 0.0137 10.0 12.0
-5.457612 38.284435 0.0138 0.0 13.0
-5.457612 41.573586 0.0138 0.0 13.0
-5.457612 38.284435 0.0139 0.0 13.0
-6.822015 41.277245 0.0139 0.0 13.0
-5.457612 38.284435 0.0140 1.0 13.0
-5.457612 41.573586 0.0140 1.0 13.0
-5.457612 41.573586 0.0141 0.0 14.0
-6.822015 44.566395 0.0141 0.0 14.0
-5.457612 41.573586 0.0142 0.0 14.0
-5.457612 44.862736 0.0142 0.0 14.0
-5.457612 44.862736 0.0143 0.0 15.0
-4.0932093 47.855545 0.0143 0.0 15.0
-5.457612 44.862736 0.0144 0.0 15.0
-5.457612 48.151886 0.0144 0.0 15.0
-5.457612 38.284435 0.0145 1.0 13.0
-6.822015 41.277245 0.0145 1.0 13.0
-6.822015 41.277245 0.0146 0.0 14.0
-9.304966 43.434433 0.0146 0.0 14.0
-6.822015 41.277245 0.0147 0.0 14.0
-8.186418 44.270054 0.0147 0.0 14.0
-8.186418 44.270054 0.0148 0.0 15.0
-8.186418 47.559204 0.0148 0.0 15.0
-8.186418 44.270054 0.0149 0.0 15.0
-9.55082 47.262863 0.0149 0.0 15.0
-5.457612 38.284435 0.0150 5.0 13.0
-7.940563 40.441624 0.0150 5.0 13.0
-7.940563 40.441624 0.0151 0.0 14.0
-11.094652 41.37448 0.0151 0.0 14.0
-7.940563 40.441624 0.0152 4.0 14.0
-10.423514 42.598812 0.0152 4.0 14.0
-10.423514 42.598812 0.0153 0.0 15.0
-11.787917 45.59162 0.0153 0.0 15.0
-10.423514 42.598812 0.0154 0.0 15.0
-12.906466 44.756 0.0154 0.0 15.0
-10.423514 42.598812 0.0155 1.0 15.0
-11.787917 45.59162 0.0155 1.0 15.0
-11.787917 45.59162 0.0156 0.0 16.0
-14.270868 47.74881 0.0156 0.0 16.0
-11.787917 45.59162 0.0157 0.0 16.0
-13.15232 48.58443 0.0157 0.0 16.0
-13.15232 48.58443 0.0158 0.0 17.0
-13.15232 51.87358 0.0158 0.0 17.0
-13.15232 48.58443 0.0159 0.0 17.0
-14.516723 51.57724 0.0159 0.0 17.0
-10.423514 42.598812 0.0160 3.0 15.0
-12.906466 44.756 0.0160 3.0 15.0
-12.906466 44.756 0.0161 0.0 16.0
-16.060555 45.688858 0.0161 0.0 16.0
-12.906466 44.756 0.0162 2.0 16.0
-15.389417 46.91319 0.0162 2.0 16.0
-15.389417 46.91319 0.0163 0.0 17.0
-16.75382 49.906 0.0163 0.0 17.0
-15.389417 46.91319 0.0164 0.0 17.0
-17.872368 49.070377 0.0164 0.0 17.0
-15.389417 46.91319 0.0165 1.0 17.0
-16.75382 49.906 0.0165 1.0 17.0
-16.75382 49.906 0.0166 0.0 18.0
-19.23677 52.063187 0.0166 0.0 18.0
-16.75382 49.906 0.0167 0.0 18.0
-18.118223 52.898808 0.0167 0.0 18.0
-18.118223 52.898808 0.0168 0.0 19.0
-18.118223 56.187958 0.0168 0.0 19.0
-18.118223 52.898808 0.0169 0.0 19.0
-19.482626 55.891617 0.0169 0.0 19.0
-15.389417 46.91319 0.0170 1.0 17.0
-17.872368 49.070377 0.0170 1.0 17.0
-17.872368 49.070377 0.0171 0.0 18.0
-21.026457 50.003235 0.0171 0.0 18.0
-17.872368 49.070377 0.0172 0.0 18.0
-20.355318 51.227566 0.0172 0.0 18.0
-20.355318 51.227566 0.0173 0.0 19.0
-21.71972 54.220375 0.0173 0.0 19.0
-20.355318 51.227566 0.0174 0.0 19.0
-22.838268 53.384754 0.0174 0.0 19.0
-5.457612 38.284435 0.0175 9.0 13.0
-6.822015 41.277245 0.0175 9.0 13.0
-6.822015 41.277245 0.0176 0.0 14.0
-9.304966 43.434433 0.0176 0.0 14.0
-6.822015 41.277245 0.0177 8.0 14.0
-8.186418 44.270054 0.0177 8.0 14.0
-8.186418 44.270054 0.0178 0.0 15.0
-8.186418 47.559204 0.0178 0.0 15.0
-8.186418 44.270054 0.0179 0.0 15.0
-9.55082 47.262863 0.0179 0.0 15.0
-8.186418 44.270054 0.0180 1.0 15.0
-8.186418 47.559204 0.0180 1.0 15.0
-8.186418 47.559204 0.0181 0.0 16.0
-9.55082 50.552013 0.0181 0.0 16.0
-8.186418 47.559204 0.0182 0.0 16.0
-8.186418 50.848354 0.0182 0.0 16.0
-8.186418 50.848354 0.0183 0.0 17.0
-6.822015 53.841164 0.0183 0.0 17.0
-8.186418 50.848354 0.0184 0.0 17.0
-8.186418 54.137505 0.0184 0.0 17.0
-8.186418 44.270054 0.0185 7.0 15.0
-9.55082 47.262863 0.0185 7.0 15.0
-9.55082 47.262863 0.0186 0.0 16.0
-12.0337715 49.42005 0.0186 0.0 16.0
-9.55082 47.262863 0.0187 6.0 16.0
-10.915223 50.255672 0.0187 6.0 16.0
-10.915223 50.255672 0.0188 0.0 17.0
-10.915223 53.544823 0.0188 0.0 17.0
-10.915223 50.255672 0.0189 0.0 17.0
-12.279626 53.24848 0.0189 0.0 17.0
-10.915223 50.255672 0.0190 1.0 17.0
-10.915223 53.544823 0.0190 1.0 17.0
-10.915223 53.544823 0.0191 0.0 18.0
-12.279626 56.537632 0.0191 0.0 18.0
-10.915223 53.544823 0.0192 0.0 18.0
-10.915223 56.833973 0.0192 0.0 18.0
-10.915223 56.833973 0.0193 0.0 19.0
-9.55082 59.826782 0.0193 0.0 19.0
-10.915223 56.833973 0.0194 0.0 19.0
-10.915223 60.123123 0.0194 0.0 19.0
-10.915223 50.255672 0.0195 1.0 17.0
-12.279626 53.24848 0.0195 1.0 17.0
-12.279626 53.24848 0.0196 0.0 18.0
-14.762577 55.40567 0.0196 0.0 18.0
-12.279626 53.24848 0.0197 0.0 18.0
-13.644029 56.24129 0.0197 0.0 18.0
-13.644029 56.24129 0.0198 0.0 19.0
-13.644029 59.53044 0.0198 0.0 19.0
-13.644029 56.24129 0.0199 0.0 19.0
-15.008431 59.2341 0.0199 0.0 19.0
-10.915223 50.255672 0.0200 5.0 17.0
-10.915223 53.544823 0.0200 5.0 17.0
-10.915223 53.544823 0.0201 0.0 18.0
-12.279626 56.537632 0.0201 0.0 18.0
-10.915223 53.544823 0.0202 4.0 18.0
-10.915223 56.833973 0.0202 4.0 18.0
-10.915223 56.833973 0.0203 0.0 19.0
-9.55082 59.826782 0.0203 0.0 19.0
-10.915223 56.833973 0.0204 0.0 19.0
-10.915223 60.123123 0.0204 0.0 19.0
-10.915223 56.833973 0.0205 1.0 19.0
-9.55082 59.826782 0.0205 1.0 19.0
-9.55082 59.826782 0.0206 0.0 20.0
-9.55082 63.115932 0.0206 0.0 20.0
-9.55082 59.826782 0.0207 0.0 20.0
-8.186418 62.81959 0.0207 0.0 20.0
-8.186418 62.81959 0.0208 0.0 21.0
-5.7034664 64.976776 0.0208 0.0 21.0
-8.186418 62.81959 0.0209 0.0 21.0
-6.822015 65.8124 0.0209 0.0 21.0
-10.915223 56.833973 0.0210 3.0 19.0
-10.915223 60.123123 0.0210 3.0 19.0
-10.915223 60.123123 0.0211 0.0 20.0
-12.279626 63.115932 0.0211 0.0 20.0
-10.915223 60.123123 0.0212 2.0 20.0
-10.915223 63.412273 0.0212 2.0 20.0
-10.915223 63.412273 0.0213 0.0 21.0
-9.55082 66.40508 0.0213 0.0 21.0
-10.915223 63.412273 0.0214 0.0 21.0
-10.915223 66.70142 0.0214 0.0 21.0
-10.915223 63.412273 0.0215 1.0 21.0
-9.55082 66.40508 0.0215 1.0 21.0
-9.55082 66.40508 0.0216 0.0 22.0
-9.55082 69.69423 0.0216 0.0 22.0
-9.55082 66.40508 0.0217 0.0 22.0
-8.186418 69.39789 0.0217 0.0 22.0
-8.186418 69.39789 0.0218 0.0 23.0
-5.7034664 71.55508 0.0218 0.0 23.0
-8.186418 69.39789 0.0219 0.0 23.0
-6.822015 72.3907 0.0219 0.0 23.0
-10.915223 63.412273 0.0220 1.0 21.0
-10.915223 66.70142 0.0220 1.0 21.0
-10.915223 66.70142 0.0221 0.0 22.0
-12.279626 69.69423 0.0221 0.0 22.0
-10.915223 66.70142 0.0222 0.0 22.0
-10.915223 69.99057 0.0222 0.0 22.0
-10.915223 69.99057 0.0223 0.0 23.0
-9.55082 72.98338 0.0223 0.0 23.0
-10.915223 69.99057 0.0224 0.0 23.0
-10.915223 73.27972 0.0224 0.0 23.0
-10.915223 50.255672 0.0225 5.0 17.0
-12.279626 53.24848 0.0225 5.0 17.0
-12.279626 53.24848 0.0226 0.0 18.0
-14.762577 55.40567 0.0226 0.0 18.0
-12.279626 53.24848 0.0227 4.0 18.0
-13.644029 56.24129 0.0227 4.0 18.0
-13.644029 56.24129 0.0228 0.0 19.0
-13.644029 59.53044 0.0228 0.0 19.0
-13.644029 56.24129 0.0229 0.0 19.0
-15.008431 59.2341 0.0229 0.0 19.0
-13.644029 56.24129 0.0230 1.0 19.0
-13.644029 59.53044 0.0230 1.0 19.0
-13.644029 59.53044 0.0231 0.0 20.0
-15.008431 62.52325 0.0231 0.0 20.0
-13.644029 59.53044 0.0232 0.0 20.0
-13.644029 62.81959 0.0232 0.0 20.0
-13.644029 62.81959 0.0233 0.0 21.0
-12.279626 65.8124 0.0233 0.0 21.0
-13.644029 62.81959 0.0234 0.0 21.0
-13.644029 66.10874 0.0234 0.0 21.0
-13.644029 56.24129 0.0235 3.0 19.0
-15.008431 59.2341 0.0235 3.0 19.0
-15.008431 59.2341 0.0236 0.0 20.0
-17.491383 61.39129 0.0236 0.0 20.0
-15.008431 59.2341 0.0237 2.0 20.0
-16.372835 62.22691 0.0237 2.0 20.0
-16.372835 62.22691 0.0238 0.0 21.0
-16.372835 65.51606 0.0238 0.0 21.0
-16.372835 62.22691 0.0239 0.0 21.0
-17.737238 65.21972 0.0239 0.0 21.0
-16.372835 62.22691 0.0240 1.0 21.0
-16.372835 65.51606 0.0240 1.0 21.0
-16.372835 65.51606 0.0241 0.0 22.0
-17.737238 68.508865 0.0241 0.0 22.0
-16.372835 65.51606 0.0242 0.0 22.0
-16.372835 68.80521 0.0242 0.0 22.0
-16.372835 68.80521 0.0243 0.0 23.0
-15.008432 71.79802 0.0243 0.0 23.0
-16.372835 68.80521 0.0244 0.0 23.0
-16.372835 72.09435 0.0244 0.0 23.0
-16.372835 62.22691 0.0245 1.0 21.0
-17.737238 65.21972 0.0245 1.0 21.0
-17.737238 65.21972 0.0246 0.0 22.0
-20.220188 67.37691 0.0246 0.0 22.0
-17.737238 65.21972 0.0247 0.0 22.0
-19.10164 68.212524 0.0247 0.0 22.0
-19.10164 68.212524 0.0248 0.0 23.0
-19.10164 71.50167 0.0248 0.0 23.0
-19.10164 68.212524 0.0249 0.0 23.0
-20.466043 71.20534 0.0249 0.0 23.0
0.0 26.313198 0.0250 21.0 9.0
0.0 29.602348 0.0250 21.0 9.0
0.0 29.602348 0.0251 0.0 10.0
-1.364403 32.595158 0.0251 0.0 10.0
0.0 29.602348 0.0252 20.0 10.0
0.0 32.8915 0.0252 20.0 10.0
0.0 32.8915 0.0253 0.0 11.0
1.364403 35.884308 0.0253 0.0 11.0
0.0 32.8915 0.0254 0.0 11.0
0.0 36.18065 0.0254 0.0 11.0
0.0 32.8915 0.0255 1.0 11.0
1.364403 35.884308 0.0255 1.0 11.0
1.364403 35.884308 0.0256 0.0 12.0
1.364403 39.17346 0.0256 0.0 12.0
1.364403 35.884308 0.0257 0.0 12.0
2.728806 38.877117 0.0257 0.0 12.0
2.728806 38.877117 0.0258 0.0 13.0
5.2117567 41.034306 0.0258 0.0 13.0
2.728806 38.877117 0.0259 0.0 13.0
4.0932093 41.869926 0.0259 0.0 13.0
0.0 32.8915 0.0260 19.0 11.0
0.0 36.18065 0.0260 19.0 11.0
0.0 36.18065 0.0261 0.0 12.0
-1.364403 39.17346 0.0261 0.0 12.0
0.0 36.18065 0.0262 18.0 12.0
0.0 39.4698 0.0262 18.0 12.0
0.0 39.4698 0.0263 0.0 13.0
1.364403 42.46261 0.0263 0.0 13.0
0.0 39.4698 0.0264 0.0 13.0
0.0 42.75895 0.0264 0.0 13.0
0.0 39.4698 0.0265 1.0 13.0
1.364403 42.46261 0.0265 1.0 13.0
1.364403 42.46261 0.0266 0.0 14.0
1.364403 45.75176 0.0266 0.0 14.0
1.364403 42.46261 0.0267 0.0 14.0
2.728806 45.455418 0.0267 0.0 14.0
2.728806 45.455418 0.0268 0.0 15.0
5.2117567 47.612606 0.0268 0.0 15.0
2.728806 45.455418 0.0269 0.0 15.0
4.0932093 48.448227 0.0269 0.0 15.0
0.0 39.4698 0.0270 1.0 13.0
0.0 42.75895 0.0270 1.0 13.0
0.0 42.75895 0.0271 0.0 14.0
-1.364403 45.75176 0.0271 0.0 14.0
0.0 42.75895 0.0272 0.0 14.0
0.0 46.0481 0.0272 0.0 14.0
0.0 46.0481 0.0273 0.0 15.0
1.364403 49.04091 0.0273 0.0 15.0
0.0 46.0481 0.0274 0.0 15.0
0.0 49.33725 0.0274 0.0 15.0
0.0 39.4698 0.0275 5.0 13.0
-1.364403 42.46261 0.0275 5.0 13.0
-1.364403 42.46261 0.0276 0.0 14.0
-3.847354 44.619797 0.0276 0.0 14.0
-1.364403 42.46261 0.0277 4.0 14.0
-2.728806 45.455418 0.0277 4.0 14.0
-2.728806 45.455418 0.0278 0.0 15.0
-2.728806 48.744568 0.0278 0.0 15.0
-2.728806 45.455418 0.0279 0.0 15.0
-4.0932093 48.448227 0.0279 0.0 15.0
-2.728806 45.455418 0.0280 1.0 15.0
-2.728806 48.744568 0.0280 1.0 15.0
-2.728806 48.744568 0.0281 0.0 16.0
-4.0932093 51.737377 0.0281 0.0 16.0
-2.728806 48.744568 0.0282 0.0 16.0
-2.728806 52.03372 0.0282 0.0 16.0
-2.728806 52.03372 0.0283 0.0 17.0
-1.364403 55.026527 0.0283 0.0 17.0
-2.728806 52.03372 0.0284 0.0 17.0
-2.728806 55.32287 0.0284 0.0 17.0
-2.728806 45.455418 0.0285 3.0 15.0
-4.0932093 48.448227 0.0285 3.0 15.0
-4.0932093 48.448227 0.0286 0.0 16.0
-6.5761604 50.605415 0.0286 0.0 16.0
-4.0932093 48.448227 0.0287 2.0 16.0
-5.457612 51.441036 0.0287 2.0 16.0
-5.457612 51.441036 0.0288 0.0 17.0
-5.457612 54.730186 0.0288 0.0 17.0
-5.457612 51.441036 0.0289 0.0 17.0
-6.822015 54.433846 0.0289 0.0 17.0
-5.457612 51.441036 0.0290 1.0 17.0
-5.457612 54.730186 0.0290 1.0 17.0
-5.457612 54.730186 0.0291 0.0 18.0
-6.822015 57.722996 0.0291 0.0 18.0
-5.457612 54.730186 0.0292 0.0 18.0
-5.457612 58.019337 0.0292 0.0 18.0
-5.457612 58.019337 0.0293 0.0 19.0
-4.0932093 61.012146 0.0293 0.0 19.0
-5.457612 58.019337 0.0294 0.0 19.0
-5.457612 61.308487 0.0294 0.0 19.0
-5.457612 51.441036 0.0295 1.0 17.0
-6.822015 54.433846 0.0295 1.0 17.0
-6.822015 54.433846 0.0296 0.0 18.0
-9.304966 56.591034 0.0296 0.0 18.0
-6.822015 54.433846 0.0297 0.0 18.0
-8.186418 57.426655 0.0297 0.0 18.0
-8.186418 57.426655 0.0298 0.0 19.0
-8.186418 60.715805 0.0298 0.0 19.0
-8.186418 57.426655 0.0299 0.0 19.0
-9.55082 60.419464 0.0299 0.0 19.0
0.0 39.4698 0.0300 17.0 13.0
0.0 42.75895 0.0300 17.0 13.0
0.0 42.75895 0.0301 0.0 14.0
-1.364403 45.75176 0.0301 0.0 14.0
0.0 42.75895 0.0302 16.0 14.0
0.0 46.0481 0.0302 16.0 14.0
0.0 46.0481 0.0303 0.0 15.0
1.364403 49.04091 0.0303 0.0 15.0
0.0 46.0481 0.0304 0.0 15.0
0.0 49.33725 0.0304 0.0 15.0
0.0 46.0481 0.0305 1.0 15.0
1.364403 49.04091 0.0305 1.0 15.0
1.364403 49.04091 0.0306 0.0 16.0
1.364403 52.33006 0.0306 0.0 16.0
1.364403 49.04091 0.0307 0.0 16.0
2.728806 52.03372 0.0307 0.0 16.0
2.728806 52.03372 0.0308 0.0 17.0
5.2117567 54.190907 0.0308 0.0 17.0
2.728806 52.03372 0.0309 0.0 17.0
4.0932093 55.026527 0.0309 0.0 17.0
0.0 46.0481 0.0310 15.0 15.0
0.0 49.33725 0.0310 15.0 15.0
0.0 49.33725 0.0311 0.0 16.0
-1.364403 52.33006 0.0311 0.0 16.0
0.0 49.33725 0.0312 14.0 16.0
0.0 52.6264 0.0312 14.0 16.0
0.0 52.6264 0.0313 0.0 17.0
1.364403 55.61921 0.0313 0.0 17.0
0.0 52.6264 0.0314 0.0 17.0
0.0 55.91555 0.0314 0.0 17.0
0.0 52.6264 0.0315 1.0 17.0
1.364403 55.61921 0.0315 1.0 17.0
1.364403 55.61921 0.0316 0.0 18.0
1.364403 58.90836 0.0316 0.0 18.0
1.364403 55.61921 0.0317 0.0 18.0
2.728806 58.61202 0.0317 0.0 18.0
2.728806 58.61202 0.0318 0.0 19.0
5.2117567 60.769207 0.0318 0.0 19.0
2.728806 58.61202 0.0319 0.0 19.0
4.0932093 61.604828 0.0319 0.0 19.0
0.0 52.6264 0.0320 1.0 17.0
0.0 55.91555 0.0320 1.0 17.0
0.0 55.91555 0.0321 0.0 18.0
-1.364403 58.90836 0.0321 0.0 18.0
0.0 55.91555 0.0322 0.0 18.0
0.0 59.2047 0.0322 0.0 18.0
0.0 59.2047 0.0323 0.0 19.0
1.364403 62.19751 0.0323 0.0 19.0
0.0 59.2047 0.0324 0.0 19.0
0.0 62.49385 0.0324 0.0 19.0
0.0 52.6264 0.0325 5.0 17.0
1.364403 55.61921 0.0325 5.0 17.0
1.364403 55.61921 0.0326 0.0 18.0
1.364403 58.90836 0.0326 0.0 18.0
1.364403 55.61921 0.0327 4.0 18.0
2.728806 58.61202 0.0327 4.0 18.0
2.728806 58.61202 0.0328 0.0 19.0
5.2117567 60.769207 0.0328 0.0 19.0
2.728806 58.61202 0.0329 0.0 19.0
4.0932093 61.604828 0.0329 0.0 19.0
2.728806 58.61202 0.0330 1.0 19.0
5.2117567 60.769207 0.0330 1.0 19.0
5.2117567 60.769207 0.0331 0.0 20.0
6.5761595 63.762016 0.0331 0.0 20.0
5.2117567 60.769207 0.0332 0.0 20.0
7.694708 62.926395 0.0332 0.0 20.0
7.694708 62.926395 0.0333 0.0 21.0
10.848797 63.859253 0.0333 0.0 21.0
7.694708 62.926395 0.0334 0.0 21.0
10.177659 65.08358 0.0334 0.0 21.0
2.728806 58.61202 0.0335 3.0 19.0
4.0932093 61.604828 0.0335 3.0 19.0
4.0932093 61.604828 0.0336 0.0 20.0
4.0932093 64.893974 0.0336 0.0 20.0
4.0932093 61.604828 0.0337 2.0 20.0
5.457612 64.59764 0.0337 2.0 20.0
5.457612 64.59764 0.0338 0.0 21.0
7.940563 66.75483 0.0338 0.0 21.0
5.457612 64.59764 0.0339 0.0 21.0
6.822015 67.590454 0.0339 0.0 21.0
5.457612 64.59764 0.0340 1.0 21.0
7.940563 66.75483 0.0340 1.0 21.0
7.940563 66.75483 0.0341 0.0 22.0
9.304966 69.747635 0.0341 0.0 22.0
7.940563 66.75483 0.0342 0.0 22.0
10.423514 68.91202 0.0342 0.0 22.0
10.423514 68.91202 0.0343 0.0 23.0
13.577604 69.84487 0.0343 0.0 23.0
10.423514 68.91202 0.0344 0.0 23.0
12.906466 71.06921 0.0344 0.0 23.0
5.457612 64.59764 0.0345 1.0 21.0
6.822015 67.590454 0.0345 1.0 21.0
6.822015 67.590454 0.0346 0.0 22.0
6.822015 70.8796 0.0346 0.0 22.0
6.822015 67.590454 0.0347 0.0 22.0
8.186418 70.58327 0.0347 0.0 22.0
8.186418 70.58327 0.0348 0.0 23.0
10.669369 72.740456 0.0348 0.0 23.0
8.186418 70.58327 0.0349 0.0 23.0
9.55082 73.57608 0.0349 0.0 23.0
0.0 52.6264 0.0350 5.0 17.0
0.0 55.91555 0.0350 5.0 17.0
0.0 55.91555 0.0351 0.0 18.0
-1.364403 58.90836 0.0351 0.0 18.0
0.0 55.91555 0.0352 4.0 18.0
0.0 59.2047 0.0352 4.0 18.0
0.0 59.2047 0.0353 0.0 19.0
1.364403 62.19751 0.0353 0.0 19.0
0.0 59.2047 0.0354 0.0 19.0
0.0 62.49385 0.0354 0.0 19.0
0.0 59.2047 0.0355 1.0 19.0
1.364403 62.19751 0.0355 1.0 19.0
1.364403 62.19751 0.0356 0.0 20.0
1.364403 65.48666 0.0356 0.0 20.0
1.364403 62.19751 0.0357 0.0 20.0
2.728806 65.19032 0.0357 0.0 20.0
2.728806 65.19032 0.0358 0.0 21.0
5.2117567 67.34751 0.0358 0.0 21.0
2.728806 65.19032 0.0359 0.0 21.0
4.0932093 68.183136 0.0359 0.0 21.0
0.0 59.2047 0.0360 3.0 19.0
0.0 62.49385 0.0360 3.0 19.0
0.0 62.49385 0.0361 0.0 20.0
-1.364403 65.486664 0.0361 0.0 20.0
0.0 62.49385 0.0362 2.0 20.0
0.0 65.783 0.0362 2.0 20.0
0.0 65.783 0.0363 0.0 21.0
1.364403 68.7758 0.0363 0.0 21.0
0.0 65.783 0.0364 0.0 21.0
0.0 69.07214 0.0364 0.0 21.0
0.0 65.783 0.0365 1.0 21.0
1.364403 68.7758 0.0365 1.0 21.0
1.364403 68.7758 0.0366 0.0 22.0
1.364403 72.06495 0.0366 0.0 22.0
1.364403 68.7758 0.0367 0.0 22.0
2.728806 71.768616 0.0367 0.0 22.0
2.728806 71.768616 0.0368 0.0 23.0
5.2117567 73.925804 0.0368 0.0 23.0
2.728806 71.768616 0.0369 0.0 23.0
4.0932093 74.76143 0.0369 0.0 23.0
0.0 65.783 0.0370 1.0 21.0
0.0 69.07214 0.0370 1.0 21.0
0.0 69.07214 0.0371 0.0 22.0
-1.364403 72.06496 0.0371 0.0 22.0
0.0 69.07214 0.0372 0.0 22.0
0.0 72.36129 0.0372 0.0 22.0
0.0 72.36129 0.0373 0.0 23.0
1.364403 75.354095 0.0373 0.0 23.0
0.0 72.36129 0.0374 0.0 23.0
0.0 75.65044 0.0374 0.0 23.0
0.0 52.6264 0.0375 13.0 17.0
1.364403 55.61921 0.0375 13.0 17.0
1.364403 55.61921 0.0376 0.0 18.0
1.364403 58.90836 0.0376 0.0 18.0
1.364403 55.61921 0.0377 12.0 18.0
2.728806 58.61202 0.0377 12.0 18.0
2.728806 58.61202 0.0378 0.0 19.0
5.2117567 60.769207 0.0378 0.0 19.0
2.728806 58.61202 0.0379 0.0 19.0
4.0932093 61.604828 0.0379 0.0 19.0
2.728806 58.61202 0.0380 1.0 19.0
5.2117567 60.769207 0.0380 1.0 19.0
5.2117567 60.769207 0.0381 0.0 20.0
6.5761595 63.762016 0.0381 0.0 20.0
5.2117567 60.769207 0.0382 0.0 20.0
7.694708 62.926395 0.0382 0.0 20.0
7.694708 62.926395 0.0383 0.0 21.0
10.848797 63.859253 0.0383 0.0 21.0
7.694708 62.926395 0.0384 0.0 21.0
10.177659 65.08358 0.0384 0.0 21.0
2.728806 58.61202 0.0385 11.0 19.0
4.0932093 61.604828 0.0385 11.0 19.0
4.0932093 61.604828 0.0386 0.0 20.0
4.0932093 64.893974 0.0386 0.0 20.0
4.0932093 61.604828 0.0387 10.0 20.0
5.457612 64.59764 0.0387 10.0 20.0
5.457612 64.59764 0.0388 0.0 21.0
7.940563 66.75483 0.0388 0.0 21.0
5.457612 64.59764 0.0389 0.0 21.0
6.822015 67.590454 0.0389 0.0 21.0
5.457612 64.59764 0.0390 1.0 21.0
7.940563 66.75483 0.0390 1.0 21.0
7.940563 66.75483 0.0391 0.0 22.0
9.304966 69.747635 0.0391 0.0 22.0
7.940563 66.75483 0.0392 0.0 22.0
10.423514 68.91202 0.0392 0.0 22.0
10.423514 68.91202 0.0393 0.0 23.0
13.577604 69.84487 0.0393 0.0 23.0
10.423514 68.91202 0.0394 0.0 23.0
12.906466 71.06921 0.0394 0.0 23.0
5.457612 64.59764 0.0395 1.0 21.0
6.822015 67.590454 0.0395 1.0 21.0
6.822015 67.590454 0.0396 0.0 22.0
6.822015 70.8796 0.0396 0.0 22.0
6.822015 67.590454 0.0397 0.0 22.0
8.186418 70.58327 0.0397 0.0 22.0
8.186418 70.58327 0.0398 0.0 23.0
10.669369 72.740456 0.0398 0.0 23.0
8.186418 70.58327 0.0399 0.0 23.0
9.55082 73.57608 0.0399 0.0 23.0
5.457612 64.59764 0.0400 5.0 21.0
5.457612 67.88679 0.0400 5.0 21.0
5.457612 67.88679 0.0401 0.0 22.0
4.0932093 70.87959 0.0401 0.0 22.0
5.457612 67.88679 0.0402 4.0 22.0
5.457612 71.175934 0.0402 4.0 22.0
5.457612 71.175934 0.0403 0.0 23.0
6.822015 74.16875 0.0403 0.0 23.0
5.457612 71.175934 0.0404 0.0 23.0
5.457612 74.46508 0.0404 0.0 23.0
5.457612 71.175934 0.0405 1.0 23.0
6.822015 74.16875 0.0405 1.0 23.0
6.822015 74.16875 0.0406 0.0 24.0
6.822015 77.45789 0.0406 0.0 24.0
6.822015 74.16875 0.0407 0.0 24.0
8.186418 77.16156 0.0407 0.0 24.0
8.186418 77.16156 0.0408 0.0 25.0
10.669369 79.31875 0.0408 0.0 25.0
8.186418 77.16156 0.0409 0.0 25.0
9.55082 80.15437 0.0409 0.0 25.0
5.457612 71.175934 0.0410 3.0 23.0
5.457612 74.46508 0.0410 3.0 23.0
5.457612 74.46508 0.0411 0.0 24.0
4.0932093 77.457886 0.0411 0.0 24.0
5.457612 74.46508 0.0412 2.0 24.0
5.457612 77.75423 0.0412 2.0 24.0
5.457612 77.75423 0.0413 0.0 25.0
6.822015 80.74704 0.0413 0.0 25.0
5.457612 77.75423 0.0414 0.0 25.0
5.457612 81.04337 0.0414 0.0 25.0
5.457612 77.75423 0.0415 1.0 25.0
6.822015 80.74704 0.0415 1.0 25.0
6.822015 80.74704 0.0416 0.0 26.0
6.822015 84.03619 0.0416 0.0 26.0
6.822015 80.74704 0.0417 0.0 26.0
8.186418 83.73985 0.0417 0.0 26.0
8.186418 83.73985 0.0418 0.0 27.0
10.669369 85.89704 0.0418 0.0 27.0
8.186418 83.73985 0.0419 0.0 27.0
9.55082 86.732666 0.0419 0.0 27.0
5.457612 77.75423 0.0420 1.0 25.0
5.457612 81.04337 0.0420 1.0 25.0
5.457612 81.04337 0.0421 0.0 26.0
4.0932093 84.03618 0.0421 0.0 26.0
5.457612 81.04337 0.0422 0.0 26.0
5.457612 84.33252 0.0422 0.0 26.0
5.457612 84.33252 0.0423 0.0 27.0
6.822015 87.32533 0.0423 0.0 27.0
5.457612 84.33252 0.0424 0.0 27.0
5.457612 87.621666 0.0424 0.0 27.0
5.457612 64.59764 0.0425 9.0 21.0
6.822015 67.590454 0.0425 9.0 21.0
6.822015 67.590454 0.0426 0.0 22.0
6.822015 70.8796 0.0426 0.0 22.0
6.822015 67.590454 0.0427 8.0 22.0
8.186418 70.58327 0.0427 8.0 22.0
8.186418 70.58327 0.0428 0.0 23.0
10.669369 72.740456 0.0428 0.0 23.0
8.186418 70.58327 0.0429 0.0 23.0
9.55082 73.57608 0.0429 0.0 23.0
8.186418 70.58327 0.0430 1.0 23.0
10.669369 72.740456 0.0430 1.0 23.0
10.669369 72.740456 0.0431 0.0 24.0
12.0337715 75.73326 0.0431 0.0 24.0
10.669369 72.740456 0.0432 0.0 24.0
13.15232 74.897644 0.0432 0.0 24.0
13.15232 74.897644 0.0433 0.0 25.0
16.30641 75.8305 0.0433 0.0 25.0
13.15232 74.897644 0.0434 0.0 25.0
15.635271 77.05483 0.0434 0.0 25.0
8.186418 70.58327 0.0435 7.0 23.0
9.55082 73.57608 0.0435 7.0 23.0
9.55082 73.57608 0.0436 0.0 24.0
9.55082 76.86523 0.0436 0.0 24.0
9.55082 73.57608 0.0437 6.0 24.0
10.915223 76.56889 0.0437 6.0 24.0
10.915223 76.56889 0.0438 0.0 25.0
13.398174 78.72608 0.0438 0.0 25.0
10.915223 76.56889 0.0439 0.0 25.0
12.279626 79.56171 0.0439 0.0 25.0
10.915223 76.56889 0.0440 1.0 25.0
13.398174 78.72608 0.0440 1.0 25.0
13.398174 78.72608 0.0441 0.0 26.0
14.762577 81.71889 0.0441 0.0 26.0
13.398174 78.72608 0.0442 0.0 26.0
15.881125 80.88327 0.0442 0.0 26.0
15.881125 80.88327 0.0443 0.0 27.0
19.035215 81.816124 0.0443 0.0 27.0
15.881125 80.88327 0.0444 0.0 27.0
18.364077 83.04046 0.0444 0.0 27.0
10.915223 76.56889 0.0445 1.0 25.0
12.279626 79.56171 0.0445 1.0 25.0
12.279626 79.56171 0.0446 0.0 26.0
12.279626 82.85085 0.0446 0.0 26.0
12.279626 79.56171 0.0447 0.0 26.0
13.644029 82.55452 0.0447 0.0 26.0
13.644029 82.55452 0.0448 0.0 27.0
16.12698 84.71171 0.0448 0.0 27.0
13.644029 82.55452 0.0449 0.0 27.0
15.008431 85.54733 0.0449 0.0 27.0
10.915223 76.56889 0.0450 5.0 25.0
13.398174 78.72608 0.0450 5.0 25.0
13.398174 78.72608 0.0451 0.0 26.0
14.762577 81.71889 0.0451 0.0 26.0
13.398174 78.72608 0.0452 4.0 26.0
15.881125 80.88327 0.0452 4.0 26.0
15.881125 80.88327 0.0453 0.0 27.0
19.035215 81.816124 0.0453 0.0 27.0
15.881125 80.88327 0.0454 0.0 27.0
18.364077 83.04046 0.0454 0.0 27.0
15.881125 80.88327 0.0455 1.0 27.0
19.035215 81.816124 0.0455 1.0 27.0
19.035215 81.816124 0.0456 0.0 28.0
21.518166 83.97331 0.0456 0.0 28.0
19.035215 81.816124 0.0457 0.0 28.0
22.189304 82.74898 0.0457 0.0 28.0
22.189304 82.74898 0.0458 0.0 29.0
25.44619 82.28941 0.0458 0.0 29.0
22.189304 82.74898 0.0459 0.0 29.0
25.343393 83.68183 0.0459 0.0 29.0
15.881125 80.88327 0.0460 3.0 27.0
18.364077 83.04046 0.0460 3.0 27.0
18.364077 83.04046 0.0461 0.0 28.0
19.72848 86.033264 0.0461 0.0 28.0
18.364077 83.04046 0.0462 2.0 28.0
20.847027 85.19765 0.0462 2.0 28.0
20.847027 85.19765 0.0463 0.0 29.0
24.001116 86.1305 0.0463 0.0 29.0
20.847027 85.19765 0.0464 0.0 29.0
23.329977 87.354836 0.0464 0.0 29.0
20.847027 85.19765 0.0465 1.0 29.0
24.001116 86.1305 0.0465 1.0 29.0
24.001116 86.1305 0.0466 0.0 30.0
26.484066 88.28769 0.0466 0.0 30.0
24.001116 86.1305 0.0467 0.0 30.0
27.155205 87.063354 0.0467 0.0 30.0
27.155205 87.063354 0.0468 0.0 31.0
30.41209 86.60379 0.0468 0.0 31.0
27.155205 87.063354 0.0469 0.0 31.0
30.309294 87.99621 0.0469 0.0 31.0
20.847027 85.19765 0.0470 1.0 29.0
23.329977 87.354836 0.0470 1.0 29.0
23.329977 87.354836 0.0471 0.0 30.0
24.69438 90.34764 0.0471 0.0 30.0
23.329977 87.354836 0.0472 0.0 30.0
25.812927 89.512024 0.0472 0.0 30.0
25.812927 89.512024 0.0473 0.0 31.0
28.967016 90.44488 0.0473 0.0 31.0
25.812927 89.512024 0.0474 0.0 31.0
28.295877 91.66921 0.0474 0.0 31.0
10.915223 76.56889 0.0475 5.0 25.0
12.279626 79.56171 0.0475 5.0 25.0
12.279626 79.56171 0.0476 0.0 26.0
12.279626 82.85085 0.0476 0.0 26.0
12.279626 79.56171 0.0477 4.0 26.0
13.644029 82.55452 0.0477 4.0 26.0
13.644029 82.55452 0.0478 0.0 27.0
16.12698 84.71171 0.0478 0.0 27.0
13.644029 82.55452 0.0479 0.0 27.0
15.008431 85.54733 0.0479 0.0 27.0
13.644029 82.55452 0.0480 1.0 27.0
16.12698 84.71171 0.0480 1.0 27.0
16.12698 84.71171 0.0481 0.0 28.0
17.491383 87.70451 0.0481 0.0 28.0
16.12698 84.71171 0.0482 0.0 28.0
18.60993 86.8689 0.0482 0.0 28.0
18.60993 86.8689 0.0483 0.0 29.0
21.764019 87.80175 0.0483 0.0 29.0
18.60993 86.8689 0.0484 0.0 29.0
21.09288 89.026085 0.0484 0.0 29.0
13.644029 82.55452 0.0485 3.0 27.0
15.008431 85.54733 0.0485 3.0 27.0
15.008431 85.54733 0.0486 0.0 28.0
15.008431 88.83648 0.0486 0.0 28.0
15.008431 85.54733 0.0487 2.0 28.0
16.372835 88.540146 0.0487 2.0 28.0
16.372835 88.540146 0.0488 0.0 29.0
18.855785 90.697334 0.0488 0.0 29.0
16.372835 88.540146 0.0489 0.0 29.0
17.737238 91.53296 0.0489 0.0 29.0
16.372835 88.540146 0.0490 1.0 29.0
18.855785 90.697334 0.0490 1.0 29.0
18.855785 90.697334 0.0491 0.0 30.0
20.220188 93.69014 0.0491 0.0 30.0
18.855785 90.697334 0.0492 0.0 30.0
21.338736 92.85452 0.0492 0.0 30.0
21.338736 92.85452 0.0493 0.0 31.0
24.492825 93.78738 0.0493 0.0 31.0
21.338736 92.85452 0.0494 0.0 31.0
23.821686 95.01171 0.0494 0.0 31.0
16.372835 88.540146 0.0495 1.0 29.0
17.737238 91.53296 0.0495 1.0 29.0
17.737238 91.53296 0.0496 0.0 30.0
17.737238 94.822105 0.0496 0.0 30.0
17.737238 91.53296 0.0497 0.0 30.0
19.10164 94.52577 0.0497 0.0 30.0
19.10164 94.52577 0.0498 0.0 31.0
21.58459 96.68296 0.0498 0.0 31.0
19.10164 94.52577 0.0499 0.0 31.0
20.466043 97.518585 0.0499 0.0 31.0
0.0 52.6264 0.0500 13.0 17.0
0.0 55.91555 0.0500 13.0 17.0
0.0 55.91555 0.0501 0.0 18.0
-1.364403 58.90836 0.0501 0.0 18.0
0.0 55.91555 0.0502 12.0 18.0
0.0 59.2047 0.0502 12.0 18.0
0.0 59.2047 0.0503 0.0 19.0
1.364403 62.19751 0.0503 0.0 19.0
0.0 59.2047 0.0504 0.0 19.0
0.0 62.49385 0.0504 0.0 19.0
0.0 59.2047 0.0505 1.0 19.0
1.364403 62.19751 0.0505 1.0 19.0
1.364403 62.19751 0.0506 0.0 20.0
1.364403 65.48666 0.0506 0.0 20.0
1.364403 62.19751 0.0507 0.0 20.0
2.728806 65.19032 0.0507 0.0 20.0
2.728806 65.19032 0.0508 0.0 21.0
5.2117567 67.34751 0.0508 0.0 21.0
2.728806 65.19032 0.0509 0.0 21.0
4.0932093 68.183136 0.0509 0.0 21.0
0.0 59.2047 0.0510 11.0 19.0
0.0 62.49385 0.0510 11.0 19.0
0.0 62.49385 0.0511 0.0 20.0
-1.364403 65.486664 0.0511 0.0 20.0
0.0 62.49385 0.0512 10.0 20.0
0.0 65.783 0.0512 10.0 20.0
0.0 65.783 0.0513 0.0 21.0
1.364403 68.7758 0.0513 0.0 21.0
0.0 65.783 0.0514 0.0 21.0
0.0 69.07214 0.0514 0.0 21.0
0.0 65.783 0.0515 1.0 21.0
1.364403 68.7758 0.0515 1.0 21.0
1.364403 68.7758 0.0516 0.0 22.0
1.364403 72.06495 0.0516 0.0 22.0
1.364403 68.7758 0.0517 0.0 22.0
2.728806 71.768616 0.0517 0.0 22.0
2.728806 71.768616 0.0518 0.0 23.0
5.2117567 73.925804 0.0518 0.0 23.0
2.728806 71.768616 0.0519 0.0 23.0
4.0932093 74.76143 0.0519 0.0 23.0
0.0 65.783 0.0520 1.0 21.0
0.0 69.07214 0.0520 1.0 21.0
0.0 69.07214 0.0521 0.0 22.0
-1.364403 72.06496 0.0521 0.0 22.0
0.0 69.07214 0.0522 0.0 22.0
0.0 72.36129 0.0522 0.0 22.0
0.0 72.36129 0.0523 0.0 23.0
1.364403 75.354095 0.0523 0.0 23.0
0.0 72.36129 0.0524 0.0 23.0
0.0 75.65044 0.0524 0.0 23.0
0.0 65.783 0.0525 5.0 21.0
-1.364403 68.7758 0.0525 5.0 21.0
-1.364403 68.7758 0.0526 0.0 22.0
-3.847354 70.93299 0.0526 0.0 22.0
-1.364403 68.7758 0.0527 4.0 22.0
-2.728806 71.768616 0.0527 4.0 22.0
-2.728806 71.768616 0.0528 0.0 23.0
-2.728806 75.05776 0.0528 0.0 23.0
-2.728806 71.768616 0.0529 0.0 23.0
-4.0932093 74.76143 0.0529 0.0 23.0
-2.728806 71.768616 0.0530 1.0 23.0
-2.728806 75.05776 0.0530 1.0 23.0
-2.728806 75.05776 0.0531 0.0 24.0
-4.0932093 78.05057 0.0531 0.0 24.0
-2.728806 75.05776 0.0532 0.0 24.0
-2.728806 78.34691 0.0532 0.0 24.0
-2.728806 78.34691 0.0533 0.0 25.0
-1.364403 81.33972 0.0533 0.0 25.0
-2.728806 78.34691 0.0534 0.0 25.0
-2.728806 81.636055 0.0534 0.0 25.0
-2.728806 71.768616 0.0535 3.0 23.0
-4.0932093 74.76143 0.0535 3.0 23.0
-4.0932093 74.76143 0.0536 0.0 24.0
-6.5761604 76.91862 0.0536 0.0 24.0
-4.0932093 74.76143 0.0537 2.0 24.0
-5.457612 77.75424 0.0537 2.0 24.0
-5.457612 77.75424 0.0538 0.0 25.0
-5.457612 81.04339 0.0538 0.0 25.0
-5.457612 77.75424 0.0539 0.0 25.0
-6.822015 80.747055 0.0539 0.0 25.0
-5.457612 77.75424 0.0540 1.0 25.0
-5.457612 81.04339 0.0540 1.0 25.0
-5.457612 81.04339 0.0541 0.0 26.0
-6.822015 84.036194 0.0541 0.0 26.0
-5.457612 81.04339 0.0542 0.0 26.0
-5.457612 84.332535 0.0542 0.0 26.0
-5.457612 84.332535 0.0543 0.0 27.0
-4.0932093 87.32535 0.0543 0.0 27.0
-5.457612 84.332535 0.0544 0.0 27.0
-5.457612 87.62168 0.0544 0.0 27.0
-5.457612 77.75424 0.0545 1.0 25.0
-6.822015 80.747055 0.0545 1.0 25.0
-6.822015 80.747055 0.0546 0.0 26.0
-9.304966 82.90424 0.0546 0.0 26.0
-6.822015 80.747055 0.0547 0.0 26.0
-8.186418 83.73987 0.0547 0.0 26.0
-8.186418 83.73987 0.0548 0.0 27.0
-8.186418 87.029015 0.0548 0.0 27.0
-8.186418 83.73987 0.0549 0.0 27.0
-9.55082 86.73268 0.0549 0.0 27.0
0.0 65.783 0.0550 9.0 21.0
0.0 69.07214 0.0550 9.0 21.0
0.0 69.07214 0.0551 0.0 22.0
-1.364403 72.06496 0.0551 0.0 22.0
0.0 69.07214 0.0552 8.0 22.0
0.0 72.36129 0.0552 8.0 22.0
0.0 72.36129 0.0553 0.0 23.0
1.364403 75.354095 0.0553 0.0 23.0
0.0 72.36129 0.0554 0.0 23.0
0.0 75.65044 0.0554 0.0 23.0
0.0 72.36129 0.0555 1.0 23.0
1.364403 75.354095 0.0555 1.0 23.0
1.364403 75.354095 0.0556 0.0 24.0
1.364403 78.64324 0.0556 0.0 24.0
1.364403 75.354095 0.0557 0.0 24.0
2.728806 78.34691 0.0557 0.0 24.0
2.728806 78.34691 0.0558 0.0 25.0
5.2117567 80.5041 0.0558 0.0 25.0
2.728806 78.34691 0.0559 0.0 25.0
4.0932093 81.33972 0.0559 0.0 25.0
0.0 72.36129 0.0560 7.0 23.0
0.0 75.65044 0.0560 7.0 23.0
0.0 75.65044 0.0561 0.0 24.0
-1.364403 78.64325 0.0561 0.0 24.0
0.0 75.65044 0.0562 6.0 24.0
0.0 78.93958 0.0562 6.0 24.0
0.0 78.93958 0.0563 0.0 25.0
1.364403 81.93239 0.0563 0.0 25.0
0.0 78.93958 0.0564 0.0 25.0
0.0 82.22873 0.0564 0.0 25.0
0.0 78.93958 0.0565 1.0 25.0
1.364403 81.93239 0.0565 1.0 25.0
1.364403 81.93239 0.0566 0.0 26.0
1.364403 85.221535 0.0566 0.0 26.0
1.364403 81.93239 0.0567 0.0 26.0
2.728806 84.9252 0.0567 0.0 26.0
2.728806 84.9252 0.0568 0.0 27.0
5.2117567 87.08239 0.0568 0.0 27.0
2.728806 84.9252 0.0569 0.0 27.0
4.0932093 87.918015 0.0569 0.0 27.0
0.0 78.93958 0.0570 1.0 25.0
0.0 82.22873 0.0570 1.0 25.0
0.0 82.22873 0.0571 0.0 26.0
-1.364403 85.22154 0.0571 0.0 26.0
0.0 82.22873 0.0572 0.0 26.0
0.0 85.517876 0.0572 0.0 26.0
0.0 85.517876 0.0573 0.0 27.0
1.364403 88.51068 0.0573 0.0 27.0
0.0 85.517876 0.0574 0.0 27.0
0.0 88.80702 0.0574 0.0 27.0
0.0 78.93958 0.0575 5.0 25.0
1.364403 81.93239 0.0575 5.0 25.0
1.364403 81.93239 0.0576 0.0 26.0
1.364403 85.221535 0.0576 0.0 26.0
1.364403 81.93239 0.0577 4.0 26.0
2.728806 84.9252 0.0577 4.0 26.0
2.728806 84.9252 0.0578 0.0 27.0
5.2117567 87.08239 0.0578 0.0 27.0
2.728806 84.9252 0.0579 0.0 27.0
4.0932093 87.918015 0.0579 0.0 27.0
2.728806 84.9252 0.0580 1.0 27.0
5.2117567 87.08239 0.0580 1.0 27.0
5.2117567 87.08239 0.0581 0.0 28.0
6.5761595 90.075195 0.0581 0.0 28.0
5.2117567 87.08239 0.0582 0.0 28.0
7.694708 89.23958 0.0582 0.0 28.0
7.694708 89.23958 0.0583 0.0 29.0
10.848797 90.17243 0.0583 0.0 29.0
7.694708 89.23958 0.0584 0.0 29.0
10.177659 91.39677 0.0584 0.0 29.0
2.728806 84.9252 0.0585 3.0 27.0
4.0932093 87.918015 0.0585 3.0 27.0
4.0932093 87.918015 0.0586 0.0 28.0
4.0932093 91.20716 0.0586 0.0 28.0
4.0932093 87.918015 0.0587 2.0 28.0
5.457612 90.91083 0.0587 2.0 28.0
5.457612 90.91083 0.0588 0.0 29.0
7.940563 93.068016 0.0588 0.0 29.0
5.457612 90.91083 0.0589 0.0 29.0
6.822015 93.90364 0.0589 0.0 29.0
5.457612 90.91083 0.0590 1.0 29.0
7.940563 93.068016 0.0590 1.0 29.0
7.940563 93.068016 0.0591 0.0 30.0
9.304966 96.06082 0.0591 0.0 30.0
7.940563 93.068016 0.0592 0.0 30.0
10.423514 95.225204 0.0592 0.0 30.0
10.423514 95.225204 0.0593 0.0 31.0
13.577604 96.15806 0.0593 0.0 31.0
10.423514 95.225204 0.0594 0.0 31.0
12.906466 97.38239 0.0594 0.0 31.0
5.457612 90.91083 0.0595 1.0 29.0
6.822015 93.90364 0.0595 1.0 29.0
6.822015 93.90364 0.0596 0.0 30.0
6.822015 97.19279 0.0596 0.0 30.0
6.822015 93.90364 0.0597 0.0 30.0
8.186418 96.896454 0.0597 0.0 30.0
8.186418 96.896454 0.0598 0.0 31.0
10.669369 99.05364 0.0598 0.0 31.0
8.186418 96.896454 0.0599 0.0 31.0
9.55082 99.88927 0.0599 0.0 31.0
0.0 78.93958 0.0600 5.0 25.0
0.0 82.22873 0.0600 5.0 25.0
0.0 82.22873 0.0601 0.0 26.0
-1.364403 85.22154 0.0601 0.0 26.0
0.0 82.22873 0.0602 4.0 26.0
0.0 85.517876 0.0602 4.0 26.0
0.0 85.517876 0.0603 0.0 27.0
1.364403 88.51068 0.0603 0.0 27.0
0.0 85.517876 0.0604 0.0 27.0
0.0 88.80702 0.0604 0.0 27.0
0.0 85.517876 0.0605 1.0 27.0
1.364403 88.51068 0.0605 1.0 27.0
1.364403 88.51068 0.0606 0.0 28.0
1.364403 91.79983 0.0606 0.0 28.0
1.364403 88.51068 0.0607 0.0 28.0
2.728806 91.503494 0.0607 0.0 28.0
2.728806 91.503494 0.0608 0.0 29.0
5.2117567 93.66068 0.0608 0.0 29.0
2.728806 91.503494 0.0609 0.0 29.0
4.0932093 94.49631 0.0609 0.0 29.0
0.0 85.517876 0.0610 3.0 27.0
0.0 88.80702 0.0610 3.0 27.0
0.0 88.80702 0.0611 0.0 28.0
-1.364403 91.799835 0.0611 0.0 28.0
0.0 88.80702 0.0612 2.0 28.0
0.0 92.09617 0.0612 2.0 28.0
0.0 92.09617 0.0613 0.0 29.0
1.364403 95.088974 0.0613 0.0 29.0
0.0 92.09617 0.0614 0.0 29.0
0.0 95.385315 0.0614 0.0 29.0
0.0 92.09617 0.0615 1.0 29.0
1.364403 95.088974 0.0615 1.0 29.0
1.364403 95.088974 0.0616 0.0 30.0
1.364403 98.37812 0.0616 0.0 30.0
1.364403 95.088974 0.0617 0.0 30.0
2.728806 98.08179 0.0617 0.0 30.0
2.728806 98.08179 0.0618 0.0 31.0
5.2117567 100.238976 0.0618 0.0 31.0
2.728806 98.08179 0.0619 0.0 31.0
4.0932093 101.0746 0.0619 0.0 31.0
0.0 92.09617 0.0620 1.0 29.0
0.0 95.385315 0.0620 1.0 29.0
0.0 95.385315 0.0621 0.0 30.0
-1.364403 98.37813 0.0621 0.0 30.0
0.0 95.385315 0.0622 0.0 30.0
0.0 98.67446 0.0622 0.0 30.0
0.0 98.67446 0.0623 0.0 31.0
1.364403 101.66727 0.0623 0.0 31.0
0.0 98.67446 0.0624 0.0 31.0
0.0 101.96361 0.0624 0.0 31.0
