0.0 0.0 0.00 43.0 1.0
0.0 3.5945508 0.00 43.0 1.0
0.0 3.5945508 0.01 42.0 2.0
0.0 7.1891017 0.01 42.0 2.0
0.0 7.1891017 0.02 41.0 3.0
0.0 10.783652 0.02 41.0 3.0
0.0 10.783652 0.03 40.0 4.0
0.0 14.378203 0.03 40.0 4.0
0.0 14.378203 0.04 39.0 5.0
0.0 17.972754 0.04 39.0 5.0
0.0 17.972754 0.05 38.0 6.0
0.0 21.567305 0.05 38.0 6.0
0.0 21.567305 0.06 37.0 7.0
0.0 25.161856 0.06 37.0 7.0
0.0 25.161856 0.07 36.0 8.0
0.0 28.756407 0.07 36.0 8.0
0.0 28.756407 0.08 19.0 9.0
1.670609 31.939152 0.08 19.0 9.0
1.670609 31.939152 0.09 18.0 10.0
3.341218 35.121895 0.09 18.0 10.0
3.341218 35.121895 0.010 17.0 11.0
5.011827 38.304638 0.010 17.0 11.0
5.011827 38.304638 0.011 16.0 12.0
6.682436 41.48738 0.011 16.0 12.0
6.682436 41.48738 0.012 7.0 13.0
9.64087 43.52906 0.012 7.0 13.0
9.64087 43.52906 0.013 6.0 14.0
12.599304 45.57074 0.013 6.0 14.0
12.599304 45.57074 0.014 1.0 15.0
16.167704 46.00355 0.014 1.0 15.0
16.167704 46.00355 0.015 0.0 16.0
19.736103 46.436363 0.015 0.0 16.0
19.736103 46.436363 0.016 0.0 17.0
23.096846 45.161137 0.016 0.0 17.0
12.599304 45.57074 0.017 1.0 15.0
15.960047 44.295513 0.017 1.0 15.0
15.960047 44.295513 0.018 0.0 16.0
19.32079 43.020287 0.018 0.0 16.0
19.32079 43.020287 0.019 0.0 17.0
21.703835 40.32921 0.019 0.0 17.0
12.599304 45.57074 0.020 5.0 15.0
15.557738 47.61242 0.020 5.0 15.0
15.557738 47.61242 0.021 4.0 16.0
18.516172 49.6541 0.021 4.0 16.0
18.516172 49.6541 0.022 3.0 17.0
22.084572 50.08691 0.022 3.0 17.0
22.084572 50.08691 0.023 2.0 18.0
25.652971 50.519722 0.023 2.0 18.0
25.652971 50.519722 0.024 1.0 19.0
29.22137 50.952534 0.024 1.0 19.0
29.22137 50.952534 0.025 0.0 20.0
32.78977 51.385345 0.025 0.0 20.0
32.78977 51.385345 0.026 0.0 21.0
36.15051 50.11012 0.026 0.0 21.0
18.516172 49.6541 0.027 1.0 17.0
22.084572 50.08691 0.027 1.0 17.0
22.084572 50.08691 0.028 0.0 18.0
25.652971 50.519722 0.028 0.0 18.0
25.652971 50.519722 0.029 0.0 19.0
29.013714 49.244495 0.029 0.0 19.0
6.682436 41.48738 0.030 7.0 13.0
10.250834 41.920193 0.030 7.0 13.0
10.250834 41.920193 0.031 6.0 14.0
13.819233 42.353004 0.031 6.0 14.0
13.819233 42.353004 0.032 1.0 15.0
17.179976 41.077778 0.032 1.0 15.0
17.179976 41.077778 0.033 0.0 16.0
20.540718 39.80255 0.033 0.0 16.0
20.540718 39.80255 0.034 0.0 17.0
22.923763 37.111473 0.034 0.0 17.0
13.819233 42.353004 0.035 1.0 15.0
16.202278 39.661926 0.035 1.0 15.0
16.202278 39.661926 0.036 0.0 16.0
18.585323 36.970848 0.036 0.0 16.0
18.585323 36.970848 0.037 0.0 17.0
19.444649 33.480526 0.037 0.0 17.0
13.819233 42.353004 0.038 5.0 15.0
17.387632 42.785816 0.038 5.0 15.0
17.387632 42.785816 0.039 4.0 16.0
20.956032 43.218628 0.039 4.0 16.0
20.956032 43.218628 0.040 3.0 17.0
24.316774 41.9434 0.040 3.0 17.0
24.316774 41.9434 0.041 2.0 18.0
27.677517 40.668175 0.041 2.0 18.0
27.677517 40.668175 0.042 1.0 19.0
31.03826 39.39295 0.042 1.0 19.0
31.03826 39.39295 0.043 0.0 20.0
34.399002 38.11772 0.043 0.0 20.0
34.399002 38.11772 0.044 0.0 21.0
36.782047 35.426643 0.044 0.0 21.0
20.956032 43.218628 0.045 1.0 17.0
24.316774 41.9434 0.045 1.0 17.0
24.316774 41.9434 0.046 0.0 18.0
27.677517 40.668175 0.046 0.0 18.0
27.677517 40.668175 0.047 0.0 19.0
30.060562 37.977097 0.047 0.0 19.0
6.682436 41.48738 0.048 15.0 13.0
8.3530445 44.670124 0.048 15.0 13.0
8.3530445 44.670124 0.049 14.0 14.0
10.023653 47.852867 0.049 14.0 14.0
10.023653 47.852867 0.050 13.0 15.0
11.694262 51.03561 0.050 13.0 15.0
11.694262 51.03561 0.051 12.0 16.0
13.36487 54.218353 0.051 12.0 16.0
13.36487 54.218353 0.052 11.0 17.0
16.323305 56.260033 0.052 11.0 17.0
16.323305 56.260033 0.053 10.0 18.0
19.28174 58.301712 0.053 10.0 18.0
19.28174 58.301712 0.054 9.0 19.0
22.240175 60.34339 0.054 9.0 19.0
22.240175 60.34339 0.055 8.0 20.0
25.19861 62.38507 0.055 8.0 20.0
25.19861 62.38507 0.056 7.0 21.0
28.157045 64.42675 0.056 7.0 21.0
28.157045 64.42675 0.057 6.0 22.0
31.11548 66.46843 0.057 6.0 22.0
31.11548 66.46843 0.058 1.0 23.0
34.68388 66.90124 0.058 1.0 23.0
34.68388 66.90124 0.059 0.0 24.0
38.252277 67.334045 0.059 0.0 24.0
38.252277 67.334045 0.060 0.0 25.0
41.613018 66.058815 0.060 0.0 25.0
31.11548 66.46843 0.061 1.0 23.0
34.476223 65.1932 0.061 1.0 23.0
34.476223 65.1932 0.062 0.0 24.0
37.836964 63.917973 0.062 0.0 24.0
37.836964 63.917973 0.063 0.0 25.0
40.22001 61.226894 0.063 0.0 25.0
31.11548 66.46843 0.064 5.0 23.0
34.073914 68.51011 0.064 5.0 23.0
34.073914 68.51011 0.065 4.0 24.0
37.03235 70.55179 0.065 4.0 24.0
37.03235 70.55179 0.066 3.0 25.0
40.600746 70.9846 0.066 3.0 25.0
40.600746 70.9846 0.067 2.0 26.0
44.169144 71.417404 0.067 2.0 26.0
44.169144 71.417404 0.068 1.0 27.0
47.73754 71.85021 0.068 1.0 27.0
47.73754 71.85021 0.069 0.0 28.0
51.30594 72.28302 0.069 0.0 28.0
51.30594 72.28302 0.070 0.0 29.0
54.66668 71.00779 0.070 0.0 29.0
37.03235 70.55179 0.071 1.0 25.0
40.600746 70.9846 0.071 1.0 25.0
40.600746 70.9846 0.072 0.0 26.0
44.169144 71.417404 0.072 0.0 26.0
44.169144 71.417404 0.073 0.0 27.0
47.529884 70.14217 0.073 0.0 27.0
13.36487 54.218353 0.074 7.0 17.0
16.323305 56.260033 0.074 7.0 17.0
16.323305 56.260033 0.075 6.0 18.0
19.28174 58.301712 0.075 6.0 18.0
19.28174 58.301712 0.076 1.0 19.0
22.85014 58.734524 0.076 1.0 19.0
22.85014 58.734524 0.077 0.0 20.0
26.41854 59.167336 0.077 0.0 20.0
26.41854 59.167336 0.078 0.0 21.0
29.779282 57.89211 0.078 0.0 21.0
19.28174 58.301712 0.079 1.0 19.0
22.642483 57.026485 0.079 1.0 19.0
22.642483 57.026485 0.080 0.0 20.0
26.003225 55.75126 0.080 0.0 20.0
26.003225 55.75126 0.081 0.0 21.0
28.38627 53.06018 0.081 0.0 21.0
19.28174 58.301712 0.082 5.0 19.0
22.240175 60.34339 0.082 5.0 19.0
22.240175 60.34339 0.083 4.0 20.0
25.19861 62.38507 0.083 4.0 20.0
25.19861 62.38507 0.084 3.0 21.0
28.76701 62.817883 0.084 3.0 21.0
28.76701 62.817883 0.085 2.0 22.0
32.335407 63.250694 0.085 2.0 22.0
32.335407 63.250694 0.086 1.0 23.0
35.903805 63.683506 0.086 1.0 23.0
35.903805 63.683506 0.087 0.0 24.0
39.472202 64.11632 0.087 0.0 24.0
39.472202 64.11632 0.088 0.0 25.0
42.832943 62.84109 0.088 0.0 25.0
25.19861 62.38507 0.089 1.0 21.0
28.76701 62.817883 0.089 1.0 21.0
28.76701 62.817883 0.090 0.0 22.0
32.335407 63.250694 0.090 0.0 22.0
32.335407 63.250694 0.091 0.0 23.0
35.696148 61.975468 0.091 0.0 23.0
0.0 28.756407 0.092 19.0 9.0
0.0 32.350956 0.092 19.0 9.0
0.0 32.350956 0.093 18.0 10.0
0.0 35.945507 0.093 18.0 10.0
0.0 35.945507 0.094 17.0 11.0
0.0 39.54006 0.094 17.0 11.0
0.0 39.54006 0.095 16.0 12.0
0.0 43.13461 0.095 16.0 12.0
0.0 43.13461 0.096 7.0 13.0
1.670609 46.317352 0.096 7.0 13.0
1.670609 46.317352 0.097 6.0 14.0
3.341218 49.500095 0.097 6.0 14.0
3.341218 49.500095 0.098 1.0 15.0
6.299652 51.541775 0.098 1.0 15.0
6.299652 51.541775 0.099 0.0 16.0
9.258086 53.583454 0.099 0.0 16.0
9.258086 53.583454 0.0100 0.0 17.0
12.826485 54.016266 0.0100 0.0 17.0
3.341218 49.500095 0.0101 1.0 15.0
6.9096165 49.932907 0.0101 1.0 15.0
6.9096165 49.932907 0.0102 0.0 16.0
10.478015 50.36572 0.0102 0.0 16.0
10.478015 50.36572 0.0103 0.0 17.0
13.8387575 49.090492 0.0103 0.0 17.0
3.341218 49.500095 0.0104 5.0 15.0
5.011827 52.68284 0.0104 5.0 15.0
5.011827 52.68284 0.0105 4.0 16.0
6.682436 55.86558 0.0105 4.0 16.0
6.682436 55.86558 0.0106 3.0 17.0
9.64087 57.90726 0.0106 3.0 17.0
9.64087 57.90726 0.0107 2.0 18.0
12.599304 59.94894 0.0107 2.0 18.0
12.599304 59.94894 0.0108 1.0 19.0
15.557738 61.99062 0.0108 1.0 19.0
15.557738 61.99062 0.0109 0.0 20.0
18.516172 64.0323 0.0109 0.0 20.0
18.516172 64.0323 0.0110 0.0 21.0
22.084572 64.46511 0.0110 0.0 21.0
6.682436 55.86558 0.0111 1.0 17.0
9.64087 57.90726 0.0111 1.0 17.0
9.64087 57.90726 0.0112 0.0 18.0
12.599304 59.94894 0.0112 0.0 18.0
12.599304 59.94894 0.0113 0.0 19.0
16.167704 60.381752 0.0113 0.0 19.0
0.0 43.13461 0.0114 7.0 13.0
2.9584343 45.17629 0.0114 7.0 13.0
2.9584343 45.17629 0.0115 6.0 14.0
5.9168687 47.217968 0.0115 6.0 14.0
5.9168687 47.217968 0.0116 1.0 15.0
9.485268 47.65078 0.0116 1.0 15.0
9.485268 47.65078 0.0117 0.0 16.0
13.053666 48.08359 0.0117 0.0 16.0
13.053666 48.08359 0.0118 0.0 17.0
16.414408 46.808365 0.0118 0.0 17.0
5.9168687 47.217968 0.0119 1.0 15.0
9.277611 45.94274 0.0119 1.0 15.0
9.277611 45.94274 0.0120 0.0 16.0
12.638353 44.667515 0.0120 0.0 16.0
12.638353 44.667515 0.0121 0.0 17.0
15.021399 41.976437 0.0121 0.0 17.0
5.9168687 47.217968 0.0122 5.0 15.0
8.875303 49.259647 0.0122 5.0 15.0
8.875303 49.259647 0.0123 4.0 16.0
11.833737 51.301327 0.0123 4.0 16.0
11.833737 51.301327 0.0124 3.0 17.0
15.402136 51.73414 0.0124 3.0 17.0
15.402136 51.73414 0.0125 2.0 18.0
18.970535 52.16695 0.0125 2.0 18.0
18.970535 52.16695 0.0126 1.0 19.0
22.538935 52.599762 0.0126 1.0 19.0
22.538935 52.599762 0.0127 0.0 20.0
26.107334 53.032574 0.0127 0.0 20.0
26.107334 53.032574 0.0128 0.0 21.0
29.468077 51.757347 0.0128 0.0 21.0
11.833737 51.301327 0.0129 1.0 17.0
15.402136 51.73414 0.0129 1.0 17.0
15.402136 51.73414 0.0130 0.0 18.0
18.970535 52.16695 0.0130 0.0 18.0
18.970535 52.16695 0.0131 0.0 19.0
22.331278 50.891724 0.0131 0.0 19.0
0.0 43.13461 0.0132 15.0 13.0
0.0 46.72916 0.0132 15.0 13.0
0.0 46.72916 0.0133 14.0 14.0
0.0 50.32371 0.0133 14.0 14.0
0.0 50.32371 0.0134 13.0 15.0
0.0 53.918262 0.0134 13.0 15.0
0.0 53.918262 0.0135 12.0 16.0
0.0 57.512814 0.0135 12.0 16.0
0.0 57.512814 0.0136 11.0 17.0
1.670609 60.695557 0.0136 11.0 17.0
1.670609 60.695557 0.0137 10.0 18.0
3.341218 63.8783 0.0137 10.0 18.0
3.341218 63.8783 0.0138 9.0 19.0
5.011827 67.06104 0.0138 9.0 19.0
5.011827 67.06104 0.0139 8.0 20.0
6.682436 70.24379 0.0139 8.0 20.0
6.682436 70.24379 0.0140 7.0 21.0
8.3530445 73.42654 0.0140 7.0 21.0
8.3530445 73.42654 0.0141 6.0 22.0
10.023653 76.60928 0.0141 6.0 22.0
10.023653 76.60928 0.0142 1.0 23.0
12.982087 78.65096 0.0142 1.0 23.0
12.982087 78.65096 0.0143 0.0 24.0
15.940521 80.69264 0.0143 0.0 24.0
15.940521 80.69264 0.0144 0.0 25.0
19.50892 81.12545 0.0144 0.0 25.0
10.023653 76.60928 0.0145 1.0 23.0
13.5920515 77.04209 0.0145 1.0 23.0
13.5920515 77.04209 0.0146 0.0 24.0
17.16045 77.4749 0.0146 0.0 24.0
17.16045 77.4749 0.0147 0.0 25.0
20.521193 76.19967 0.0147 0.0 25.0
10.023653 76.60928 0.0148 5.0 23.0
11.694262 79.79203 0.0148 5.0 23.0
11.694262 79.79203 0.0149 4.0 24.0
13.36487 82.97478 0.0149 4.0 24.0
13.36487 82.97478 0.0150 3.0 25.0
16.323305 85.01646 0.0150 3.0 25.0
16.323305 85.01646 0.0151 2.0 26.0
19.28174 87.058136 0.0151 2.0 26.0
19.28174 87.058136 0.0152 1.0 27.0
22.240175 89.099815 0.0152 1.0 27.0
22.240175 89.099815 0.0153 0.0 28.0
25.19861 91.141495 0.0153 0.0 28.0
25.19861 91.141495 0.0154 0.0 29.0
28.76701 91.5743 0.0154 0.0 29.0
13.36487 82.97478 0.0155 1.0 25.0
16.323305 85.01646 0.0155 1.0 25.0
16.323305 85.01646 0.0156 0.0 26.0
19.28174 87.058136 0.0156 0.0 26.0
19.28174 87.058136 0.0157 0.0 27.0
22.85014 87.490944 0.0157 0.0 27.0
0.0 57.512814 0.0158 7.0 17.0
1.670609 60.695557 0.0158 7.0 17.0
1.670609 60.695557 0.0159 6.0 18.0
3.341218 63.8783 0.0159 6.0 18.0
3.341218 63.8783 0.0160 1.0 19.0
6.299652 65.91998 0.0160 1.0 19.0
6.299652 65.91998 0.0161 0.0 20.0
9.258086 67.96166 0.0161 0.0 20.0
9.258086 67.96166 0.0162 0.0 21.0
12.826485 68.39447 0.0162 0.0 21.0
3.341218 63.8783 0.0163 1.0 19.0
6.9096165 64.31111 0.0163 1.0 19.0
6.9096165 64.31111 0.0164 0.0 20.0
10.478015 64.74392 0.0164 0.0 20.0
10.478015 64.74392 0.0165 0.0 21.0
13.8387575 63.468693 0.0165 0.0 21.0
3.341218 63.8783 0.0166 5.0 19.0
5.011827 67.06104 0.0166 5.0 19.0
5.011827 67.06104 0.0167 4.0 20.0
6.682436 70.24379 0.0167 4.0 20.0
6.682436 70.24379 0.0168 3.0 21.0
9.64087 72.28547 0.0168 3.0 21.0
9.64087 72.28547 0.0169 2.0 22.0
12.599304 74.32715 0.0169 2.0 22.0
12.599304 74.32715 0.0170 1.0 23.0
15.557738 76.36883 0.0170 1.0 23.0
15.557738 76.36883 0.0171 0.0 24.0
18.516172 78.41051 0.0171 0.0 24.0
18.516172 78.41051 0.0172 0.0 25.0
22.084572 78.843315 0.0172 0.0 25.0
6.682436 70.24379 0.0173 1.0 21.0
9.64087 72.28547 0.0173 1.0 21.0
9.64087 72.28547 0.0174 0.0 22.0
12.599304 74.32715 0.0174 0.0 22.0
12.599304 74.32715 0.0175 0.0 23.0
16.167704 74.75996 0.0175 0.0 23.0
0.0 28.756407 0.0176 35.0 9.0
0.0 32.350956 0.0176 35.0 9.0
0.0 32.350956 0.0177 34.0 10.0
0.0 35.945507 0.0177 34.0 10.0
0.0 35.945507 0.0178 33.0 11.0
0.0 39.54006 0.0178 33.0 11.0
0.0 39.54006 0.0179 32.0 12.0
0.0 43.13461 0.0179 32.0 12.0
0.0 43.13461 0.0180 31.0 13.0
0.0 46.72916 0.0180 31.0 13.0
0.0 46.72916 0.0181 30.0 14.0
0.0 50.32371 0.0181 30.0 14.0
0.0 50.32371 0.0182 29.0 15.0
0.0 53.918262 0.0182 29.0 15.0
0.0 53.918262 0.0183 28.0 16.0
0.0 57.512814 0.0183 28.0 16.0
0.0 57.512814 0.0184 27.0 17.0
-1.670609 60.695557 0.0184 27.0 17.0
-1.670609 60.695557 0.0185 26.0 18.0
-3.341218 63.8783 0.0185 26.0 18.0
-3.341218 63.8783 0.0186 25.0 19.0
-5.011827 67.06104 0.0186 25.0 19.0
-5.011827 67.06104 0.0187 24.0 20.0
-6.682436 70.24379 0.0187 24.0 20.0
-6.682436 70.24379 0.0188 23.0 21.0
-8.3530445 73.42654 0.0188 23.0 21.0
-8.3530445 73.42654 0.0189 22.0 22.0
-10.023653 76.60928 0.0189 22.0 22.0
-10.023653 76.60928 0.0190 21.0 23.0
-11.694262 79.79203 0.0190 21.0 23.0
-11.694262 79.79203 0.0191 20.0 24.0
-13.36487 82.97478 0.0191 20.0 24.0
-13.36487 82.97478 0.0192 19.0 25.0
-15.035479 86.157524 0.0192 19.0 25.0
-15.035479 86.157524 0.0193 18.0 26.0
-16.706087 89.34027 0.0193 18.0 26.0
-16.706087 89.34027 0.0194 17.0 27.0
-18.376696 92.52302 0.0194 17.0 27.0
-18.376696 92.52302 0.0195 16.0 28.0
-20.047304 95.705765 0.0195 16.0 28.0
-20.047304 95.705765 0.0196 7.0 29.0
-20.047304 99.300316 0.0196 7.0 29.0
-20.047304 99.300316 0.0197 6.0 30.0
-20.047304 102.89487 0.0197 6.0 30.0
-20.047304 102.89487 0.0198 1.0 31.0
-18.376696 106.077614 0.0198 1.0 31.0
-18.376696 106.077614 0.0199 0.0 32.0
-16.706087 109.26036 0.0199 0.0 32.0
-16.706087 109.26036 0.0200 0.0 33.0
-13.747653 111.30204 0.0200 0.0 33.0
-20.047304 102.89487 0.0201 1.0 31.0
-17.08887 104.93655 0.0201 1.0 31.0
-17.08887 104.93655 0.0202 0.0 32.0
-14.130435 106.978226 0.0202 0.0 32.0
-14.130435 106.978226 0.0203 0.0 33.0
-10.5620365 107.41103 0.0203 0.0 33.0
-20.047304 102.89487 0.0204 5.0 31.0
-20.047304 106.48942 0.0204 5.0 31.0
-20.047304 106.48942 0.0205 4.0 32.0
-20.047304 110.08397 0.0205 4.0 32.0
-20.047304 110.08397 0.0206 3.0 33.0
-18.376696 113.266716 0.0206 3.0 33.0
-18.376696 113.266716 0.0207 2.0 34.0
-16.706087 116.44946 0.0207 2.0 34.0
-16.706087 116.44946 0.0208 1.0 35.0
-15.035479 119.63221 0.0208 1.0 35.0
-15.035479 119.63221 0.0209 0.0 36.0
-13.36487 122.81496 0.0209 0.0 36.0
-13.36487 122.81496 0.0210 0.0 37.0
-10.406436 124.856636 0.0210 0.0 37.0
-20.047304 110.08397 0.0211 1.0 33.0
-18.376696 113.266716 0.0211 1.0 33.0
-18.376696 113.266716 0.0212 0.0 34.0
-16.706087 116.44946 0.0212 0.0 34.0
-16.706087 116.44946 0.0213 0.0 35.0
-13.747653 118.49114 0.0213 0.0 35.0
-20.047304 95.705765 0.0214 7.0 29.0
-18.376696 98.88851 0.0214 7.0 29.0
-18.376696 98.88851 0.0215 6.0 30.0
-16.706087 102.07126 0.0215 6.0 30.0
-16.706087 102.07126 0.0216 1.0 31.0
-13.747653 104.11294 0.0216 1.0 31.0
-13.747653 104.11294 0.0217 0.0 32.0
-10.789219 106.15462 0.0217 0.0 32.0
-10.789219 106.15462 0.0218 0.0 33.0
-7.2208204 106.587425 0.0218 0.0 33.0
-16.706087 102.07126 0.0219 1.0 31.0
-13.137689 102.50407 0.0219 1.0 31.0
-13.137689 102.50407 0.0220 0.0 32.0
-9.56929 102.936874 0.0220 0.0 32.0
-9.56929 102.936874 0.0221 0.0 33.0
-6.2085476 101.661644 0.0221 0.0 33.0
-16.706087 102.07126 0.0222 5.0 31.0
-15.035479 105.254005 0.0222 5.0 31.0
-15.035479 105.254005 0.0223 4.0 32.0
-13.36487 108.43675 0.0223 4.0 32.0
-13.36487 108.43675 0.0224 3.0 33.0
-10.406436 110.47843 0.0224 3.0 33.0
-10.406436 110.47843 0.0225 2.0 34.0
-7.448002 112.52011 0.0225 2.0 34.0
-7.448002 112.52011 0.0226 1.0 35.0
-4.4895678 114.56179 0.0226 1.0 35.0
-4.4895678 114.56179 0.0227 0.0 36.0
-1.5311334 116.60347 0.0227 0.0 36.0
-1.5311334 116.60347 0.0228 0.0 37.0
2.0372653 117.03628 0.0228 0.0 37.0
-13.36487 108.43675 0.0229 1.0 33.0
-10.406436 110.47843 0.0229 1.0 33.0
-10.406436 110.47843 0.0230 0.0 34.0
-7.448002 112.52011 0.0230 0.0 34.0
-7.448002 112.52011 0.0231 0.0 35.0
-3.8796031 112.95292 0.0231 0.0 35.0
-20.047304 95.705765 0.0232 15.0 29.0
-21.717913 98.88851 0.0232 15.0 29.0
-21.717913 98.88851 0.0233 14.0 30.0
-23.388521 102.07126 0.0233 14.0 30.0
-23.388521 102.07126 0.0234 13.0 31.0
-25.05913 105.254005 0.0234 13.0 31.0
-25.05913 105.254005 0.0235 12.0 32.0
-26.729738 108.43675 0.0235 12.0 32.0
-26.729738 108.43675 0.0236 11.0 33.0
-26.729738 112.0313 0.0236 11.0 33.0
-26.729738 112.0313 0.0237 10.0 34.0
-26.729738 115.625854 0.0237 10.0 34.0
-26.729738 115.625854 0.0238 9.0 35.0
-26.729738 119.220406 0.0238 9.0 35.0
-26.729738 119.220406 0.0239 8.0 36.0
-26.729738 122.81496 0.0239 8.0 36.0
-26.729738 122.81496 0.0240 7.0 37.0
-26.729738 126.40951 0.0240 7.0 37.0
-26.729738 126.40951 0.0241 6.0 38.0
-26.729738 130.00406 0.0241 6.0 38.0
-26.729738 130.00406 0.0242 1.0 39.0
-25.05913 133.1868 0.0242 1.0 39.0
-25.05913 133.1868 0.0243 0.0 40.0
-23.388521 136.36954 0.0243 0.0 40.0
-23.388521 136.36954 0.0244 0.0 41.0
-20.430086 138.41122 0.0244 0.0 41.0
-26.729738 130.00406 0.0245 1.0 39.0
-23.771303 132.04575 0.0245 1.0 39.0
-23.771303 132.04575 0.0246 0.0 40.0
-20.812868 134.08743 0.0246 0.0 40.0
-20.812868 134.08743 0.0247 0.0 41.0
-17.244469 134.52025 0.0247 0.0 41.0
-26.729738 130.00406 0.0248 5.0 39.0
-26.729738 133.5986 0.0248 5.0 39.0
-26.729738 133.5986 0.0249 4.0 40.0
-26.729738 137.19315 0.0249 4.0 40.0
-26.729738 137.19315 0.0250 3.0 41.0
-25.05913 140.37589 0.0250 3.0 41.0
-25.05913 140.37589 0.0251 2.0 42.0
-23.388521 143.55862 0.0251 2.0 42.0
-23.388521 143.55862 0.0252 1.0 43.0
-21.717913 146.74136 0.0252 1.0 43.0
-21.717913 146.74136 0.0253 0.0 44.0
-20.047304 149.9241 0.0253 0.0 44.0
-20.047304 149.9241 0.0254 0.0 45.0
-17.08887 151.96579 0.0254 0.0 45.0
-26.729738 137.19315 0.0255 1.0 41.0
-25.05913 140.37589 0.0255 1.0 41.0
-25.05913 140.37589 0.0256 0.0 42.0
-23.388521 143.55862 0.0256 0.0 42.0
-23.388521 143.55862 0.0257 0.0 43.0
-20.430086 145.60031 0.0257 0.0 43.0
-26.729738 108.43675 0.0258 7.0 33.0
-26.729738 112.0313 0.0258 7.0 33.0
-26.729738 112.0313 0.0259 6.0 34.0
-26.729738 115.625854 0.0259 6.0 34.0
-26.729738 115.625854 0.0260 1.0 35.0
-25.05913 118.8086 0.0260 1.0 35.0
-25.05913 118.8086 0.0261 0.0 36.0
-23.388521 121.99135 0.0261 0.0 36.0
-23.388521 121.99135 0.0262 0.0 37.0
-20.430086 124.03303 0.0262 0.0 37.0
-26.729738 115.625854 0.0263 1.0 35.0
-23.771303 117.667534 0.0263 1.0 35.0
-23.771303 117.667534 0.0264 0.0 36.0
-20.812868 119.70921 0.0264 0.0 36.0
-20.812868 119.70921 0.0265 0.0 37.0
-17.244469 120.14202 0.0265 0.0 37.0
-26.729738 115.625854 0.0266 5.0 35.0
-26.729738 119.220406 0.0266 5.0 35.0
-26.729738 119.220406 0.0267 4.0 36.0
-26.729738 122.81496 0.0267 4.0 36.0
-26.729738 122.81496 0.0268 3.0 37.0
-25.05913 125.9977 0.0268 3.0 37.0
-25.05913 125.9977 0.0269 2.0 38.0
-23.388521 129.18045 0.0269 2.0 38.0
-23.388521 129.18045 0.0270 1.0 39.0
-21.717913 132.36319 0.0270 1.0 39.0
-21.717913 132.36319 0.0271 0.0 40.0
-20.047304 135.54593 0.0271 0.0 40.0
-20.047304 135.54593 0.0272 0.0 41.0
-17.08887 137.58762 0.0272 0.0 41.0
-26.729738 122.81496 0.0273 1.0 37.0
-25.05913 125.9977 0.0273 1.0 37.0
-25.05913 125.9977 0.0274 0.0 38.0
-23.388521 129.18045 0.0274 0.0 38.0
-23.388521 129.18045 0.0275 0.0 39.0
-20.430086 131.22214 0.0275 0.0 39.0
0.0 57.512814 0.0276 19.0 17.0
1.670609 60.695557 0.0276 19.0 17.0
1.670609 60.695557 0.0277 18.0 18.0
3.341218 63.8783 0.0277 18.0 18.0
3.341218 63.8783 0.0278 17.0 19.0
5.011827 67.06104 0.0278 17.0 19.0
5.011827 67.06104 0.0279 16.0 20.0
6.682436 70.24379 0.0279 16.0 20.0
6.682436 70.24379 0.0280 7.0 21.0
9.64087 72.28547 0.0280 7.0 21.0
9.64087 72.28547 0.0281 6.0 22.0
12.599304 74.32715 0.0281 6.0 22.0
12.599304 74.32715 0.0282 1.0 23.0
16.167704 74.75996 0.0282 1.0 23.0
16.167704 74.75996 0.0283 0.0 24.0
19.736103 75.192764 0.0283 0.0 24.0
19.736103 75.192764 0.0284 0.0 25.0
23.096846 73.917534 0.0284 0.0 25.0
12.599304 74.32715 0.0285 1.0 23.0
15.960047 73.05192 0.0285 1.0 23.0
15.960047 73.05192 0.0286 0.0 24.0
19.32079 71.77669 0.0286 0.0 24.0
19.32079 71.77669 0.0287 0.0 25.0
21.703835 69.08561 0.0287 0.0 25.0
12.599304 74.32715 0.0288 5.0 23.0
15.557738 76.36883 0.0288 5.0 23.0
15.557738 76.36883 0.0289 4.0 24.0
18.516172 78.41051 0.0289 4.0 24.0
18.516172 78.41051 0.0290 3.0 25.0
22.084572 78.843315 0.0290 3.0 25.0
22.084572 78.843315 0.0291 2.0 26.0
25.652971 79.27612 0.0291 2.0 26.0
25.652971 79.27612 0.0292 1.0 27.0
29.22137 79.70893 0.0292 1.0 27.0
29.22137 79.70893 0.0293 0.0 28.0
32.78977 80.14174 0.0293 0.0 28.0
32.78977 80.14174 0.0294 0.0 29.0
36.15051 78.86651 0.0294 0.0 29.0
18.516172 78.41051 0.0295 1.0 25.0
22.084572 78.843315 0.0295 1.0 25.0
22.084572 78.843315 0.0296 0.0 26.0
25.652971 79.27612 0.0296 0.0 26.0
25.652971 79.27612 0.0297 0.0 27.0
29.013714 78.00089 0.0297 0.0 27.0
6.682436 70.24379 0.0298 7.0 21.0
10.250834 70.6766 0.0298 7.0 21.0
10.250834 70.6766 0.0299 6.0 22.0
13.819233 71.109406 0.0299 6.0 22.0
13.819233 71.109406 0.0300 1.0 23.0
17.179976 69.834175 0.0300 1.0 23.0
17.179976 69.834175 0.0301 0.0 24.0
20.540718 68.558945 0.0301 0.0 24.0
20.540718 68.558945 0.0302 0.0 25.0
22.923763 65.86787 0.0302 0.0 25.0
13.819233 71.109406 0.0303 1.0 23.0
16.202278 68.41833 0.0303 1.0 23.0
16.202278 68.41833 0.0304 0.0 24.0
18.585323 65.72725 0.0304 0.0 24.0
18.585323 65.72725 0.0305 0.0 25.0
19.444649 62.236927 0.0305 0.0 25.0
13.819233 71.109406 0.0306 5.0 23.0
17.387632 71.54221 0.0306 5.0 23.0
17.387632 71.54221 0.0307 4.0 24.0
20.956032 71.97502 0.0307 4.0 24.0
20.956032 71.97502 0.0308 3.0 25.0
24.316774 70.69979 0.0308 3.0 25.0
24.316774 70.69979 0.0309 2.0 26.0
27.677517 69.42456 0.0309 2.0 26.0
27.677517 69.42456 0.0310 1.0 27.0
31.03826 68.14933 0.0310 1.0 27.0
31.03826 68.14933 0.0311 0.0 28.0
34.399002 66.8741 0.0311 0.0 28.0
34.399002 66.8741 0.0312 0.0 29.0
36.782047 64.18302 0.0312 0.0 29.0
20.956032 71.97502 0.0313 1.0 25.0
24.316774 70.69979 0.0313 1.0 25.0
24.316774 70.69979 0.0314 0.0 26.0
27.677517 69.42456 0.0314 0.0 26.0
27.677517 69.42456 0.0315 0.0 27.0
30.060562 66.73348 0.0315 0.0 27.0
6.682436 70.24379 0.0316 15.0 21.0
8.3530445 73.42654 0.0316 15.0 21.0
8.3530445 73.42654 0.0317 14.0 22.0
10.023653 76.60928 0.0317 14.0 22.0
10.023653 76.60928 0.0318 13.0 23.0
11.694262 79.79203 0.0318 13.0 23.0
11.694262 79.79203 0.0319 12.0 24.0
13.36487 82.97478 0.0319 12.0 24.0
13.36487 82.97478 0.0320 11.0 25.0
16.323305 85.01646 0.0320 11.0 25.0
16.323305 85.01646 0.0321 10.0 26.0
19.28174 87.058136 0.0321 10.0 26.0
19.28174 87.058136 0.0322 9.0 27.0
22.240175 89.099815 0.0322 9.0 27.0
22.240175 89.099815 0.0323 8.0 28.0
25.19861 91.141495 0.0323 8.0 28.0
25.19861 91.141495 0.0324 7.0 29.0
28.157045 93.183174 0.0324 7.0 29.0
28.157045 93.183174 0.0325 6.0 30.0
31.11548 95.22485 0.0325 6.0 30.0
31.11548 95.22485 0.0326 1.0 31.0
34.68388 95.65766 0.0326 1.0 31.0
34.68388 95.65766 0.0327 0.0 32.0
38.252277 96.09047 0.0327 0.0 32.0
38.252277 96.09047 0.0328 0.0 33.0
41.613018 94.81524 0.0328 0.0 33.0
31.11548 95.22485 0.0329 1.0 31.0
34.476223 93.94962 0.0329 1.0 31.0
34.476223 93.94962 0.0330 0.0 32.0
37.836964 92.67439 0.0330 0.0 32.0
37.836964 92.67439 0.0331 0.0 33.0
40.22001 89.983315 0.0331 0.0 33.0
31.11548 95.22485 0.0332 5.0 31.0
34.073914 97.26653 0.0332 5.0 31.0
34.073914 97.26653 0.0333 4.0 32.0
37.03235 99.30821 0.0333 4.0 32.0
37.03235 99.30821 0.0334 3.0 33.0
40.600746 99.74102 0.0334 3.0 33.0
40.600746 99.74102 0.0335 2.0 34.0
44.169144 100.17383 0.0335 2.0 34.0
44.169144 100.17383 0.0336 1.0 35.0
47.73754 100.606636 0.0336 1.0 35.0
47.73754 100.606636 0.0337 0.0 36.0
51.30594 101.039444 0.0337 0.0 36.0
51.30594 101.039444 0.0338 0.0 37.0
54.66668 99.76421 0.0338 0.0 37.0
37.03235 99.30821 0.0339 1.0 33.0
40.600746 99.74102 0.0339 1.0 33.0
40.600746 99.74102 0.0340 0.0 34.0
44.169144 100.17383 0.0340 0.0 34.0
44.169144 100.17383 0.0341 0.0 35.0
47.529884 98.8986 0.0341 0.0 35.0
13.36487 82.97478 0.0342 7.0 25.0
16.323305 85.01646 0.0342 7.0 25.0
16.323305 85.01646 0.0343 6.0 26.0
19.28174 87.058136 0.0343 6.0 26.0
19.28174 87.058136 0.0344 1.0 27.0
22.85014 87.490944 0.0344 1.0 27.0
22.85014 87.490944 0.0345 0.0 28.0
26.41854 87.92375 0.0345 0.0 28.0
26.41854 87.92375 0.0346 0.0 29.0
29.779282 86.64852 0.0346 0.0 29.0
19.28174 87.058136 0.0347 1.0 27.0
22.642483 85.782906 0.0347 1.0 27.0
22.642483 85.782906 0.0348 0.0 28.0
26.003225 84.507675 0.0348 0.0 28.0
26.003225 84.507675 0.0349 0.0 29.0
28.38627 81.8166 0.0349 0.0 29.0
19.28174 87.058136 0.0350 5.0 27.0
22.240175 89.099815 0.0350 5.0 27.0
22.240175 89.099815 0.0351 4.0 28.0
25.19861 91.141495 0.0351 4.0 28.0
25.19861 91.141495 0.0352 3.0 29.0
28.76701 91.5743 0.0352 3.0 29.0
28.76701 91.5743 0.0353 2.0 30.0
32.335407 92.00711 0.0353 2.0 30.0
32.335407 92.00711 0.0354 1.0 31.0
35.903805 92.43992 0.0354 1.0 31.0
35.903805 92.43992 0.0355 0.0 32.0
39.472202 92.87273 0.0355 0.0 32.0
39.472202 92.87273 0.0356 0.0 33.0
42.832943 91.597496 0.0356 0.0 33.0
25.19861 91.141495 0.0357 1.0 29.0
28.76701 91.5743 0.0357 1.0 29.0
28.76701 91.5743 0.0358 0.0 30.0
32.335407 92.00711 0.0358 0.0 30.0
32.335407 92.00711 0.0359 0.0 31.0
35.696148 90.73188 0.0359 0.0 31.0
