0.0 0.0 0.00 60.0 1.0
0.0 2.4844558 0.00 60.0 1.0
0.0 2.4844558 0.01 59.0 2.0
0.0 4.9689116 0.01 59.0 2.0
0.0 4.9689116 0.02 58.0 3.0
0.0 7.453367 0.02 58.0 3.0
0.0 7.453367 0.03 57.0 4.0
0.0 9.937823 0.03 57.0 4.0
0.0 9.937823 0.04 56.0 5.0
0.0 12.422279 0.04 56.0 5.0
0.0 12.422279 0.05 55.0 6.0
0.0 14.906735 0.05 55.0 6.0
0.0 14.906735 0.06 54.0 7.0
0.0 17.391191 0.06 54.0 7.0
0.0 17.391191 0.07 53.0 8.0
0.0 19.875647 0.07 53.0 8.0
0.0 19.875647 0.08 52.0 9.0
0.0 22.360102 0.08 52.0 9.0
0.0 22.360102 0.09 51.0 10.0
0.0 24.844557 0.09 51.0 10.0
0.0 24.844557 0.010 50.0 11.0
0.0 27.329012 0.010 50.0 11.0
0.0 27.329012 0.011 49.0 12.0
0.0 29.813467 0.011 49.0 12.0
0.0 29.813467 0.012 48.0 13.0
0.0 32.297924 0.012 48.0 13.0
0.0 32.297924 0.013 47.0 14.0
0.0 34.78238 0.013 47.0 14.0
0.0 34.78238 0.014 46.0 15.0
0.0 37.266834 0.014 46.0 15.0
0.0 37.266834 0.015 45.0 16.0
0.0 39.75129 0.015 45.0 16.0
0.0 39.75129 0.016 28.0 17.0
-0.52783626 42.179028 0.016 28.0 17.0
-0.52783626 42.179028 0.017 27.0 18.0
-1.0556725 44.606766 0.017 27.0 18.0
-1.0556725 44.606766 0.018 26.0 19.0
-1.5835087 47.034504 0.018 26.0 19.0
-1.5835087 47.034504 0.019 25.0 20.0
-2.111345 49.462242 0.019 25.0 20.0
-2.111345 49.462242 0.020 24.0 21.0
-2.6391814 51.88998 0.020 24.0 21.0
-2.6391814 51.88998 0.021 23.0 22.0
-3.1670177 54.31772 0.021 23.0 22.0
-3.1670177 54.31772 0.022 22.0 23.0
-3.694854 56.745457 0.022 22.0 23.0
-3.694854 56.745457 0.023 21.0 24.0
-4.22269 59.173195 0.023 21.0 24.0
-4.22269 59.173195 0.024 12.0 25.0
-4.22269 61.65765 0.024 12.0 25.0
-4.22269 61.65765 0.025 11.0 26.0
-4.22269 64.142105 0.025 11.0 26.0
-4.22269 64.142105 0.026 10.0 27.0
-4.22269 66.626564 0.026 10.0 27.0
-4.22269 66.626564 0.027 9.0 28.0
-4.22269 69.11102 0.027 9.0 28.0
-4.22269 69.11102 0.028 4.0 29.0
-4.7505264 71.53876 0.028 4.0 29.0
-4.7505264 71.53876 0.029 3.0 30.0
-5.2783628 73.96649 0.029 3.0 30.0
-5.2783628 73.96649 0.030 0.0 31.0
-5.2783628 76.45095 0.030 0.0 31.0
-5.2783628 76.45095 0.031 0.0 32.0
-5.2783628 78.93541 0.031 0.0 32.0
-5.2783628 73.96649 0.032 2.0 31.0
-5.806199 76.394226 0.032 2.0 31.0
-5.806199 76.394226 0.033 1.0 32.0
-6.3340354 78.82196 0.033 1.0 32.0
-6.3340354 78.82196 0.034 0.0 33.0
-6.3340354 81.30642 0.034 0.0 33.0
-6.3340354 81.30642 0.035 0.0 34.0
-6.3340354 83.79088 0.035 0.0 34.0
-6.3340354 78.82196 0.036 0.0 33.0
-7.3656077 81.08213 0.036 0.0 33.0
-7.3656077 81.08213 0.037 0.0 34.0
-8.397181 83.3423 0.037 0.0 34.0
-4.22269 69.11102 0.038 8.0 29.0
-4.22269 71.59548 0.038 8.0 29.0
-4.22269 71.59548 0.039 7.0 30.0
-4.22269 74.07994 0.039 7.0 30.0
-4.22269 74.07994 0.040 6.0 31.0
-4.22269 76.5644 0.040 6.0 31.0
-4.22269 76.5644 0.041 5.0 32.0
-4.22269 79.04886 0.041 5.0 32.0
-4.22269 79.04886 0.042 4.0 33.0
-3.6948538 81.47659 0.042 4.0 33.0
-3.6948538 81.47659 0.043 3.0 34.0
-3.1670175 83.90433 0.043 3.0 34.0
-3.1670175 83.90433 0.044 0.0 35.0
-2.135445 86.1645 0.044 0.0 35.0
-2.135445 86.1645 0.045 0.0 36.0
-1.1038728 88.42467 0.045 0.0 36.0
-3.1670175 83.90433 0.046 2.0 35.0
-2.6391811 86.33206 0.046 2.0 35.0
-2.6391811 86.33206 0.047 1.0 36.0
-2.1113448 88.759796 0.047 1.0 36.0
-2.1113448 88.759796 0.048 0.0 37.0
-1.0797725 91.019966 0.048 0.0 37.0
-1.0797725 91.019966 0.049 0.0 38.0
-0.04820013 93.280136 0.049 0.0 38.0
-2.1113448 88.759796 0.050 0.0 37.0
-2.1113448 91.244255 0.050 0.0 37.0
-2.1113448 91.244255 0.051 0.0 38.0
-2.1113448 93.728714 0.051 0.0 38.0
-4.22269 79.04886 0.052 4.0 33.0
-4.7505264 81.47659 0.052 4.0 33.0
-4.7505264 81.47659 0.053 3.0 34.0
-5.2783628 83.90433 0.053 3.0 34.0
-5.2783628 83.90433 0.054 0.0 35.0
-5.2783628 86.38879 0.054 0.0 35.0
-5.2783628 86.38879 0.055 0.0 36.0
-5.2783628 88.873245 0.055 0.0 36.0
-5.2783628 83.90433 0.056 2.0 35.0
-5.806199 86.33206 0.056 2.0 35.0
-5.806199 86.33206 0.057 1.0 36.0
-6.3340354 88.759796 0.057 1.0 36.0
-6.3340354 88.759796 0.058 0.0 37.0
-6.3340354 91.244255 0.058 0.0 37.0
-6.3340354 91.244255 0.059 0.0 38.0
-6.3340354 93.728714 0.059 0.0 38.0
-6.3340354 88.759796 0.060 0.0 37.0
-7.3656077 91.019966 0.060 0.0 37.0
-7.3656077 91.019966 0.061 0.0 38.0
-8.397181 93.280136 0.061 0.0 38.0
-4.22269 59.173195 0.062 20.0 25.0
-4.7505264 61.600933 0.062 20.0 25.0
-4.7505264 61.600933 0.063 19.0 26.0
-5.2783628 64.02867 0.063 19.0 26.0
-5.2783628 64.02867 0.064 18.0 27.0
-5.806199 66.456406 0.064 18.0 27.0
-5.806199 66.456406 0.065 17.0 28.0
-6.3340354 68.88414 0.065 17.0 28.0
-6.3340354 68.88414 0.066 16.0 29.0
-6.8618717 71.311874 0.066 16.0 29.0
-6.8618717 71.311874 0.067 15.0 30.0
-7.389708 73.73961 0.067 15.0 30.0
-7.389708 73.73961 0.068 14.0 31.0
-7.9175444 76.16734 0.068 14.0 31.0
-7.9175444 76.16734 0.069 13.0 32.0
-8.44538 78.59508 0.069 13.0 32.0
-8.44538 78.59508 0.070 12.0 33.0
-8.44538 81.07954 0.070 12.0 33.0
-8.44538 81.07954 0.071 11.0 34.0
-8.44538 83.563995 0.071 11.0 34.0
-8.44538 83.563995 0.072 10.0 35.0
-8.44538 86.048454 0.072 10.0 35.0
-8.44538 86.048454 0.073 9.0 36.0
-8.44538 88.53291 0.073 9.0 36.0
-8.44538 88.53291 0.074 4.0 37.0
-8.973216 90.96065 0.074 4.0 37.0
-8.973216 90.96065 0.075 3.0 38.0
-9.501052 93.38838 0.075 3.0 38.0
-9.501052 93.38838 0.076 0.0 39.0
-9.501052 95.87284 0.076 0.0 39.0
-9.501052 95.87284 0.077 0.0 40.0
-9.501052 98.3573 0.077 0.0 40.0
-9.501052 93.38838 0.078 2.0 39.0
-10.028888 95.81612 0.078 2.0 39.0
-10.028888 95.81612 0.079 1.0 40.0
-10.556724 98.24385 0.079 1.0 40.0
-10.556724 98.24385 0.080 0.0 41.0
-10.556724 100.72831 0.080 0.0 41.0
-10.556724 100.72831 0.081 0.0 42.0
-10.556724 103.21277 0.081 0.0 42.0
-10.556724 98.24385 0.082 0.0 41.0
-11.588296 100.50402 0.082 0.0 41.0
-11.588296 100.50402 0.083 0.0 42.0
-12.619868 102.76419 0.083 0.0 42.0
-8.44538 88.53291 0.084 8.0 37.0
-8.44538 91.01737 0.084 8.0 37.0
-8.44538 91.01737 0.085 7.0 38.0
-8.44538 93.50183 0.085 7.0 38.0
-8.44538 93.50183 0.086 6.0 39.0
-8.44538 95.98629 0.086 6.0 39.0
-8.44538 95.98629 0.087 5.0 40.0
-8.44538 98.47075 0.087 5.0 40.0
-8.44538 98.47075 0.088 4.0 41.0
-7.917544 100.89848 0.088 4.0 41.0
-7.917544 100.89848 0.089 3.0 42.0
-7.3897076 103.32622 0.089 3.0 42.0
-7.3897076 103.32622 0.090 0.0 43.0
-6.358135 105.58639 0.090 0.0 43.0
-6.358135 105.58639 0.091 0.0 44.0
-5.326563 107.84656 0.091 0.0 44.0
-7.3897076 103.32622 0.092 2.0 43.0
-6.8618712 105.75395 0.092 2.0 43.0
-6.8618712 105.75395 0.093 1.0 44.0
-6.334035 108.18169 0.093 1.0 44.0
-6.334035 108.18169 0.094 0.0 45.0
-5.3024626 110.44186 0.094 0.0 45.0
-5.3024626 110.44186 0.095 0.0 46.0
-4.27089 112.70203 0.095 0.0 46.0
-6.334035 108.18169 0.096 0.0 45.0
-6.334035 110.666145 0.096 0.0 45.0
-6.334035 110.666145 0.097 0.0 46.0
-6.334035 113.150604 0.097 0.0 46.0
-8.44538 98.47075 0.098 4.0 41.0
-8.973216 100.89848 0.098 4.0 41.0
-8.973216 100.89848 0.099 3.0 42.0
-9.501052 103.32622 0.099 3.0 42.0
-9.501052 103.32622 0.0100 0.0 43.0
-9.501052 105.81068 0.0100 0.0 43.0
-9.501052 105.81068 0.0101 0.0 44.0
-9.501052 108.295135 0.0101 0.0 44.0
-9.501052 103.32622 0.0102 2.0 43.0
-10.028888 105.75395 0.0102 2.0 43.0
-10.028888 105.75395 0.0103 1.0 44.0
-10.556724 108.18169 0.0103 1.0 44.0
-10.556724 108.18169 0.0104 0.0 45.0
-10.556724 110.666145 0.0104 0.0 45.0
-10.556724 110.666145 0.0105 0.0 46.0
-10.556724 113.150604 0.0105 0.0 46.0
-10.556724 108.18169 0.0106 0.0 45.0
-11.588296 110.44186 0.0106 0.0 45.0
-11.588296 110.44186 0.0107 0.0 46.0
-12.619868 112.70203 0.0107 0.0 46.0
-8.44538 78.59508 0.0108 12.0 33.0
-9.476953 80.85525 0.0108 12.0 33.0
-9.476953 80.85525 0.0109 11.0 34.0
-10.508525 83.11542 0.0109 11.0 34.0
-10.508525 83.11542 0.0110 10.0 35.0
-11.540097 85.37559 0.0110 10.0 35.0
-11.540097 85.37559 0.0111 9.0 36.0
-12.57167 87.63576 0.0111 9.0 36.0
-12.57167 87.63576 0.0112 4.0 37.0
-14.059878 89.62517 0.0112 4.0 37.0
-14.059878 89.62517 0.0113 3.0 38.0
-15.548087 91.61458 0.0113 3.0 38.0
-15.548087 91.61458 0.0114 0.0 39.0
-16.579659 93.87475 0.0114 0.0 39.0
-16.579659 93.87475 0.0115 0.0 40.0
-17.61123 96.13492 0.0115 0.0 40.0
-15.548087 91.61458 0.0116 2.0 39.0
-17.036295 93.60399 0.0116 2.0 39.0
-17.036295 93.60399 0.0117 1.0 40.0
-18.524504 95.5934 0.0117 1.0 40.0
-18.524504 95.5934 0.0118 0.0 41.0
-19.556076 97.85357 0.0118 0.0 41.0
-19.556076 97.85357 0.0119 0.0 42.0
-20.587648 100.11374 0.0119 0.0 42.0
-18.524504 95.5934 0.0120 0.0 41.0
-20.401398 97.221214 0.0120 0.0 41.0
-20.401398 97.221214 0.0121 0.0 42.0
-22.278294 98.84903 0.0121 0.0 42.0
-12.57167 87.63576 0.0122 8.0 37.0
-13.603242 89.89593 0.0122 8.0 37.0
-13.603242 89.89593 0.0123 7.0 38.0
-14.634814 92.1561 0.0123 7.0 38.0
-14.634814 92.1561 0.0124 6.0 39.0
-15.666387 94.41627 0.0124 6.0 39.0
-15.666387 94.41627 0.0125 5.0 40.0
-16.69796 96.67644 0.0125 5.0 40.0
-16.69796 96.67644 0.0126 4.0 41.0
-17.225796 99.10417 0.0126 4.0 41.0
-17.225796 99.10417 0.0127 3.0 42.0
-17.753632 101.531906 0.0127 3.0 42.0
-17.753632 101.531906 0.0128 0.0 43.0
-17.753632 104.016365 0.0128 0.0 43.0
-17.753632 104.016365 0.0129 0.0 44.0
-17.753632 106.500824 0.0129 0.0 44.0
-17.753632 101.531906 0.0130 2.0 43.0
-18.281467 103.95964 0.0130 2.0 43.0
-18.281467 103.95964 0.0131 1.0 44.0
-18.809303 106.387375 0.0131 1.0 44.0
-18.809303 106.387375 0.0132 0.0 45.0
-18.809303 108.87183 0.0132 0.0 45.0
-18.809303 108.87183 0.0133 0.0 46.0
-18.809303 111.35629 0.0133 0.0 46.0
-18.809303 106.387375 0.0134 0.0 45.0
-19.840876 108.647545 0.0134 0.0 45.0
-19.840876 108.647545 0.0135 0.0 46.0
-20.872448 110.907715 0.0135 0.0 46.0
-16.69796 96.67644 0.0136 4.0 41.0
-18.186169 98.66585 0.0136 4.0 41.0
-18.186169 98.66585 0.0137 3.0 42.0
-19.674377 100.65526 0.0137 3.0 42.0
-19.674377 100.65526 0.0138 0.0 43.0
-20.70595 102.91543 0.0138 0.0 43.0
-20.70595 102.91543 0.0139 0.0 44.0
-21.737522 105.1756 0.0139 0.0 44.0
-19.674377 100.65526 0.0140 2.0 43.0
-21.162586 102.64467 0.0140 2.0 43.0
-21.162586 102.64467 0.0141 1.0 44.0
-22.650795 104.63408 0.0141 1.0 44.0
-22.650795 104.63408 0.0142 0.0 45.0
-23.682367 106.89425 0.0142 0.0 45.0
-23.682367 106.89425 0.0143 0.0 46.0
-24.71394 109.15442 0.0143 0.0 46.0
-22.650795 104.63408 0.0144 0.0 45.0
-24.52769 106.261894 0.0144 0.0 45.0
-24.52769 106.261894 0.0145 0.0 46.0
-26.404587 107.88971 0.0145 0.0 46.0
0.0 39.75129 0.0146 44.0 17.0
0.0 42.235744 0.0146 44.0 17.0
0.0 42.235744 0.0147 43.0 18.0
0.0 44.7202 0.0147 43.0 18.0
0.0 44.7202 0.0148 42.0 19.0
0.0 47.204655 0.0148 42.0 19.0
0.0 47.204655 0.0149 41.0 20.0
0.0 49.68911 0.0149 41.0 20.0
0.0 49.68911 0.0150 40.0 21.0
0.0 52.173565 0.0150 40.0 21.0
0.0 52.173565 0.0151 39.0 22.0
0.0 54.65802 0.0151 39.0 22.0
0.0 54.65802 0.0152 38.0 23.0
0.0 57.142475 0.0152 38.0 23.0
0.0 57.142475 0.0153 37.0 24.0
0.0 59.62693 0.0153 37.0 24.0
0.0 59.62693 0.0154 36.0 25.0
0.0 62.111385 0.0154 36.0 25.0
0.0 62.111385 0.0155 35.0 26.0
0.0 64.59584 0.0155 35.0 26.0
0.0 64.59584 0.0156 34.0 27.0
0.0 67.0803 0.0156 34.0 27.0
0.0 67.0803 0.0157 33.0 28.0
0.0 69.56476 0.0157 33.0 28.0
0.0 69.56476 0.0158 32.0 29.0
0.0 72.04922 0.0158 32.0 29.0
0.0 72.04922 0.0159 31.0 30.0
0.0 74.533676 0.0159 31.0 30.0
0.0 74.533676 0.0160 30.0 31.0
0.0 77.018135 0.0160 30.0 31.0
0.0 77.018135 0.0161 29.0 32.0
0.0 79.502594 0.0161 29.0 32.0
0.0 79.502594 0.0162 28.0 33.0
0.52783626 81.93033 0.0162 28.0 33.0
0.52783626 81.93033 0.0163 27.0 34.0
1.0556725 84.35806 0.0163 27.0 34.0
1.0556725 84.35806 0.0164 26.0 35.0
1.5835087 86.7858 0.0164 26.0 35.0
1.5835087 86.7858 0.0165 25.0 36.0
2.111345 89.21353 0.0165 25.0 36.0
2.111345 89.21353 0.0166 24.0 37.0
2.6391814 91.641266 0.0166 24.0 37.0
2.6391814 91.641266 0.0167 23.0 38.0
3.1670177 94.069 0.0167 23.0 38.0
3.1670177 94.069 0.0168 22.0 39.0
3.694854 96.496735 0.0168 22.0 39.0
3.694854 96.496735 0.0169 21.0 40.0
4.22269 98.92447 0.0169 21.0 40.0
4.22269 98.92447 0.0170 12.0 41.0
5.2542624 101.18464 0.0170 12.0 41.0
5.2542624 101.18464 0.0171 11.0 42.0
6.285835 103.44481 0.0171 11.0 42.0
6.285835 103.44481 0.0172 10.0 43.0
7.317407 105.70498 0.0172 10.0 43.0
7.317407 105.70498 0.0173 9.0 44.0
8.34898 107.96515 0.0173 9.0 44.0
8.34898 107.96515 0.0174 4.0 45.0
8.876816 110.39288 0.0174 4.0 45.0
8.876816 110.39288 0.0175 3.0 46.0
9.404652 112.82062 0.0175 3.0 46.0
9.404652 112.82062 0.0176 0.0 47.0
10.436224 115.08079 0.0176 0.0 47.0
10.436224 115.08079 0.0177 0.0 48.0
11.467796 117.34096 0.0177 0.0 48.0
9.404652 112.82062 0.0178 2.0 47.0
9.9324875 115.24835 0.0178 2.0 47.0
9.9324875 115.24835 0.0179 1.0 48.0
10.460323 117.67609 0.0179 1.0 48.0
10.460323 117.67609 0.0180 0.0 49.0
11.491896 119.93626 0.0180 0.0 49.0
11.491896 119.93626 0.0181 0.0 50.0
12.523468 122.19643 0.0181 0.0 50.0
10.460323 117.67609 0.0182 0.0 49.0
10.460323 120.160545 0.0182 0.0 49.0
10.460323 120.160545 0.0183 0.0 50.0
10.460323 122.645004 0.0183 0.0 50.0
8.34898 107.96515 0.0184 8.0 45.0
9.380552 110.22532 0.0184 8.0 45.0
9.380552 110.22532 0.0185 7.0 46.0
10.412125 112.48549 0.0185 7.0 46.0
10.412125 112.48549 0.0186 6.0 47.0
11.443697 114.74566 0.0186 6.0 47.0
11.443697 114.74566 0.0187 5.0 48.0
12.475269 117.00583 0.0187 5.0 48.0
12.475269 117.00583 0.0188 4.0 49.0
13.963478 118.99524 0.0188 4.0 49.0
13.963478 118.99524 0.0189 3.0 50.0
15.451687 120.98465 0.0189 3.0 50.0
15.451687 120.98465 0.0190 0.0 51.0
17.328583 122.612465 0.0190 0.0 51.0
17.328583 122.612465 0.0191 0.0 52.0
19.205479 124.24028 0.0191 0.0 52.0
15.451687 120.98465 0.0192 2.0 51.0
16.939896 122.97406 0.0192 2.0 51.0
16.939896 122.97406 0.0193 1.0 52.0
18.428104 124.96347 0.0193 1.0 52.0
18.428104 124.96347 0.0194 0.0 53.0
20.305 126.591286 0.0194 0.0 53.0
20.305 126.591286 0.0195 0.0 54.0
22.181896 128.2191 0.0195 0.0 54.0
18.428104 124.96347 0.0196 0.0 53.0
19.459677 127.22364 0.0196 0.0 53.0
19.459677 127.22364 0.0197 0.0 54.0
20.49125 129.48381 0.0197 0.0 54.0
12.475269 117.00583 0.0198 4.0 49.0
13.003105 119.43356 0.0198 4.0 49.0
13.003105 119.43356 0.0199 3.0 50.0
13.530941 121.8613 0.0199 3.0 50.0
13.530941 121.8613 0.0200 0.0 51.0
14.562513 124.12147 0.0200 0.0 51.0
14.562513 124.12147 0.0201 0.0 52.0
15.594086 126.38164 0.0201 0.0 52.0
13.530941 121.8613 0.0202 2.0 51.0
14.058777 124.28903 0.0202 2.0 51.0
14.058777 124.28903 0.0203 1.0 52.0
14.586613 126.71677 0.0203 1.0 52.0
14.586613 126.71677 0.0204 0.0 53.0
15.618185 128.97694 0.0204 0.0 53.0
15.618185 128.97694 0.0205 0.0 54.0
16.649757 131.23712 0.0205 0.0 54.0
14.586613 126.71677 0.0206 0.0 53.0
14.586613 129.20122 0.0206 0.0 53.0
14.586613 129.20122 0.0207 0.0 54.0
14.586613 131.68567 0.0207 0.0 54.0
4.22269 98.92447 0.0208 20.0 41.0
4.7505264 101.3522 0.0208 20.0 41.0
4.7505264 101.3522 0.0209 19.0 42.0
5.2783628 103.77994 0.0209 19.0 42.0
5.2783628 103.77994 0.0210 18.0 43.0
5.806199 106.20767 0.0210 18.0 43.0
5.806199 106.20767 0.0211 17.0 44.0
6.3340354 108.63541 0.0211 17.0 44.0
6.3340354 108.63541 0.0212 16.0 45.0
6.8618717 111.06314 0.0212 16.0 45.0
6.8618717 111.06314 0.0213 15.0 46.0
7.389708 113.490875 0.0213 15.0 46.0
7.389708 113.490875 0.0214 14.0 47.0
7.9175444 115.91861 0.0214 14.0 47.0
7.9175444 115.91861 0.0215 13.0 48.0
8.44538 118.346344 0.0215 13.0 48.0
8.44538 118.346344 0.0216 12.0 49.0
9.476953 120.606514 0.0216 12.0 49.0
9.476953 120.606514 0.0217 11.0 50.0
10.508525 122.866684 0.0217 11.0 50.0
10.508525 122.866684 0.0218 10.0 51.0
11.540097 125.126854 0.0218 10.0 51.0
11.540097 125.126854 0.0219 9.0 52.0
12.57167 127.387024 0.0219 9.0 52.0
12.57167 127.387024 0.0220 4.0 53.0
13.099505 129.81476 0.0220 4.0 53.0
13.099505 129.81476 0.0221 3.0 54.0
13.627341 132.2425 0.0221 3.0 54.0
13.627341 132.2425 0.0222 0.0 55.0
14.658914 134.50267 0.0222 0.0 55.0
14.658914 134.50267 0.0223 0.0 56.0
15.690486 136.76285 0.0223 0.0 56.0
13.627341 132.2425 0.0224 2.0 55.0
14.155177 134.67023 0.0224 2.0 55.0
14.155177 134.67023 0.0225 1.0 56.0
14.683013 137.09796 0.0225 1.0 56.0
14.683013 137.09796 0.0226 0.0 57.0
15.714585 139.35814 0.0226 0.0 57.0
15.714585 139.35814 0.0227 0.0 58.0
16.746159 141.61832 0.0227 0.0 58.0
14.683013 137.09796 0.0228 0.0 57.0
14.683013 139.58241 0.0228 0.0 57.0
14.683013 139.58241 0.0229 0.0 58.0
14.683013 142.06686 0.0229 0.0 58.0
12.57167 127.387024 0.0230 8.0 53.0
13.603242 129.6472 0.0230 8.0 53.0
13.603242 129.6472 0.0231 7.0 54.0
14.634814 131.90738 0.0231 7.0 54.0
14.634814 131.90738 0.0232 6.0 55.0
15.666387 134.16756 0.0232 6.0 55.0
15.666387 134.16756 0.0233 5.0 56.0
16.69796 136.42773 0.0233 5.0 56.0
16.69796 136.42773 0.0234 4.0 57.0
18.186169 138.41714 0.0234 4.0 57.0
18.186169 138.41714 0.0235 3.0 58.0
19.674377 140.40656 0.0235 3.0 58.0
19.674377 140.40656 0.0236 0.0 59.0
21.551273 142.03438 0.0236 0.0 59.0
21.551273 142.03438 0.0237 0.0 60.0
23.42817 143.6622 0.0237 0.0 60.0
19.674377 140.40656 0.0238 2.0 59.0
21.162586 142.39597 0.0238 2.0 59.0
21.162586 142.39597 0.0239 1.0 60.0
22.650795 144.38538 0.0239 1.0 60.0
22.650795 144.38538 0.0240 0.0 61.0
24.52769 146.0132 0.0240 0.0 61.0
24.52769 146.0132 0.0241 0.0 62.0
26.404587 147.64102 0.0241 0.0 62.0
22.650795 144.38538 0.0242 0.0 61.0
23.682367 146.64555 0.0242 0.0 61.0
23.682367 146.64555 0.0243 0.0 62.0
24.71394 148.90573 0.0243 0.0 62.0
16.69796 136.42773 0.0244 4.0 57.0
17.225796 138.85547 0.0244 4.0 57.0
17.225796 138.85547 0.0245 3.0 58.0
17.753632 141.2832 0.0245 3.0 58.0
17.753632 141.2832 0.0246 0.0 59.0
18.785204 143.54338 0.0246 0.0 59.0
18.785204 143.54338 0.0247 0.0 60.0
19.816776 145.80356 0.0247 0.0 60.0
17.753632 141.2832 0.0248 2.0 59.0
18.281467 143.71094 0.0248 2.0 59.0
18.281467 143.71094 0.0249 1.0 60.0
18.809303 146.13867 0.0249 1.0 60.0
18.809303 146.13867 0.0250 0.0 61.0
19.840876 148.39885 0.0250 0.0 61.0
19.840876 148.39885 0.0251 0.0 62.0
20.872448 150.65903 0.0251 0.0 62.0
18.809303 146.13867 0.0252 0.0 61.0
18.809303 148.62312 0.0252 0.0 61.0
18.809303 148.62312 0.0253 0.0 62.0
18.809303 151.10757 0.0253 0.0 62.0
8.44538 118.346344 0.0254 12.0 49.0
8.44538 120.8308 0.0254 12.0 49.0
8.44538 120.8308 0.0255 11.0 50.0
8.44538 123.31526 0.0255 11.0 50.0
8.44538 123.31526 0.0256 10.0 51.0
8.44538 125.79972 0.0256 10.0 51.0
8.44538 125.79972 0.0257 9.0 52.0
8.44538 128.28418 0.0257 9.0 52.0
8.44538 128.28418 0.0258 4.0 53.0
7.917544 130.71191 0.0258 4.0 53.0
7.917544 130.71191 0.0259 3.0 54.0
7.3897076 133.13965 0.0259 3.0 54.0
7.3897076 133.13965 0.0260 0.0 55.0
7.3897076 135.6241 0.0260 0.0 55.0
7.3897076 135.6241 0.0261 0.0 56.0
7.3897076 138.10855 0.0261 0.0 56.0
7.3897076 133.13965 0.0262 2.0 55.0
6.8618712 135.56738 0.0262 2.0 55.0
6.8618712 135.56738 0.0263 1.0 56.0
6.334035 137.99512 0.0263 1.0 56.0
6.334035 137.99512 0.0264 0.0 57.0
6.334035 140.47957 0.0264 0.0 57.0
6.334035 140.47957 0.0265 0.0 58.0
6.334035 142.96402 0.0265 0.0 58.0
6.334035 137.99512 0.0266 0.0 57.0
5.3024626 140.2553 0.0266 0.0 57.0
5.3024626 140.2553 0.0267 0.0 58.0
4.27089 142.51547 0.0267 0.0 58.0
8.44538 128.28418 0.0268 8.0 53.0
8.44538 130.76863 0.0268 8.0 53.0
8.44538 130.76863 0.0269 7.0 54.0
8.44538 133.25308 0.0269 7.0 54.0
8.44538 133.25308 0.0270 6.0 55.0
8.44538 135.73753 0.0270 6.0 55.0
8.44538 135.73753 0.0271 5.0 56.0
8.44538 138.22198 0.0271 5.0 56.0
8.44538 138.22198 0.0272 4.0 57.0
8.973216 140.64972 0.0272 4.0 57.0
8.973216 140.64972 0.0273 3.0 58.0
9.501052 143.07745 0.0273 3.0 58.0
9.501052 143.07745 0.0274 0.0 59.0
10.532624 145.33763 0.0274 0.0 59.0
10.532624 145.33763 0.0275 0.0 60.0
11.564197 147.59781 0.0275 0.0 60.0
9.501052 143.07745 0.0276 2.0 59.0
10.028888 145.50519 0.0276 2.0 59.0
10.028888 145.50519 0.0277 1.0 60.0
10.556724 147.93292 0.0277 1.0 60.0
10.556724 147.93292 0.0278 0.0 61.0
11.588296 150.1931 0.0278 0.0 61.0
11.588296 150.1931 0.0279 0.0 62.0
12.619868 152.45328 0.0279 0.0 62.0
10.556724 147.93292 0.0280 0.0 61.0
10.556724 150.41737 0.0280 0.0 61.0
10.556724 150.41737 0.0281 0.0 62.0
10.556724 152.90182 0.0281 0.0 62.0
8.44538 138.22198 0.0282 4.0 57.0
7.917544 140.64972 0.0282 4.0 57.0
7.917544 140.64972 0.0283 3.0 58.0
7.3897076 143.07745 0.0283 3.0 58.0
7.3897076 143.07745 0.0284 0.0 59.0
7.3897076 145.5619 0.0284 0.0 59.0
7.3897076 145.5619 0.0285 0.0 60.0
7.3897076 148.04636 0.0285 0.0 60.0
7.3897076 143.07745 0.0286 2.0 59.0
6.8618712 145.50519 0.0286 2.0 59.0
6.8618712 145.50519 0.0287 1.0 60.0
6.334035 147.93292 0.0287 1.0 60.0
6.334035 147.93292 0.0288 0.0 61.0
6.334035 150.41737 0.0288 0.0 61.0
6.334035 150.41737 0.0289 0.0 62.0
6.334035 152.90182 0.0289 0.0 62.0
6.334035 147.93292 0.0290 0.0 61.0
5.3024626 150.1931 0.0290 0.0 61.0
5.3024626 150.1931 0.0291 0.0 62.0
4.27089 152.45328 0.0291 0.0 62.0
0.0 79.502594 0.0292 28.0 33.0
-0.52783626 81.93033 0.0292 28.0 33.0
-0.52783626 81.93033 0.0293 27.0 34.0
-1.0556725 84.35806 0.0293 27.0 34.0
-1.0556725 84.35806 0.0294 26.0 35.0
-1.5835087 86.7858 0.0294 26.0 35.0
-1.5835087 86.7858 0.0295 25.0 36.0
-2.111345 89.21353 0.0295 25.0 36.0
-2.111345 89.21353 0.0296 24.0 37.0
-2.6391814 91.641266 0.0296 24.0 37.0
-2.6391814 91.641266 0.0297 23.0 38.0
-3.1670177 94.069 0.0297 23.0 38.0
-3.1670177 94.069 0.0298 22.0 39.0
-3.694854 96.496735 0.0298 22.0 39.0
-3.694854 96.496735 0.0299 21.0 40.0
-4.22269 98.92447 0.0299 21.0 40.0
-4.22269 98.92447 0.0300 12.0 41.0
-4.22269 101.40893 0.0300 12.0 41.0
-4.22269 101.40893 0.0301 11.0 42.0
-4.22269 103.89339 0.0301 11.0 42.0
-4.22269 103.89339 0.0302 10.0 43.0
-4.22269 106.377846 0.0302 10.0 43.0
-4.22269 106.377846 0.0303 9.0 44.0
-4.22269 108.862305 0.0303 9.0 44.0
-4.22269 108.862305 0.0304 4.0 45.0
-4.7505264 111.29004 0.0304 4.0 45.0
-4.7505264 111.29004 0.0305 3.0 46.0
-5.2783628 113.71777 0.0305 3.0 46.0
-5.2783628 113.71777 0.0306 0.0 47.0
-5.2783628 116.20223 0.0306 0.0 47.0
-5.2783628 116.20223 0.0307 0.0 48.0
-5.2783628 118.68669 0.0307 0.0 48.0
-5.2783628 113.71777 0.0308 2.0 47.0
-5.806199 116.14551 0.0308 2.0 47.0
-5.806199 116.14551 0.0309 1.0 48.0
-6.3340354 118.57324 0.0309 1.0 48.0
-6.3340354 118.57324 0.0310 0.0 49.0
-6.3340354 121.0577 0.0310 0.0 49.0
-6.3340354 121.0577 0.0311 0.0 50.0
-6.3340354 123.54216 0.0311 0.0 50.0
-6.3340354 118.57324 0.0312 0.0 49.0
-7.3656077 120.83341 0.0312 0.0 49.0
-7.3656077 120.83341 0.0313 0.0 50.0
-8.397181 123.09358 0.0313 0.0 50.0
-4.22269 108.862305 0.0314 8.0 45.0
-4.22269 111.34676 0.0314 8.0 45.0
-4.22269 111.34676 0.0315 7.0 46.0
-4.22269 113.83122 0.0315 7.0 46.0
-4.22269 113.83122 0.0316 6.0 47.0
-4.22269 116.31568 0.0316 6.0 47.0
-4.22269 116.31568 0.0317 5.0 48.0
-4.22269 118.80014 0.0317 5.0 48.0
-4.22269 118.80014 0.0318 4.0 49.0
-3.6948538 121.227875 0.0318 4.0 49.0
-3.6948538 121.227875 0.0319 3.0 50.0
-3.1670175 123.65561 0.0319 3.0 50.0
-3.1670175 123.65561 0.0320 0.0 51.0
-2.135445 125.91578 0.0320 0.0 51.0
-2.135445 125.91578 0.0321 0.0 52.0
-1.1038728 128.17595 0.0321 0.0 52.0
-3.1670175 123.65561 0.0322 2.0 51.0
-2.6391811 126.08334 0.0322 2.0 51.0
-2.6391811 126.08334 0.0323 1.0 52.0
-2.1113448 128.51108 0.0323 1.0 52.0
-2.1113448 128.51108 0.0324 0.0 53.0
-1.0797725 130.77126 0.0324 0.0 53.0
-1.0797725 130.77126 0.0325 0.0 54.0
-0.04820013 133.03143 0.0325 0.0 54.0
-2.1113448 128.51108 0.0326 0.0 53.0
-2.1113448 130.99553 0.0326 0.0 53.0
-2.1113448 130.99553 0.0327 0.0 54.0
-2.1113448 133.47998 0.0327 0.0 54.0
-4.22269 118.80014 0.0328 4.0 49.0
-4.7505264 121.227875 0.0328 4.0 49.0
-4.7505264 121.227875 0.0329 3.0 50.0
-5.2783628 123.65561 0.0329 3.0 50.0
-5.2783628 123.65561 0.0330 0.0 51.0
-5.2783628 126.14007 0.0330 0.0 51.0
-5.2783628 126.14007 0.0331 0.0 52.0
-5.2783628 128.62453 0.0331 0.0 52.0
-5.2783628 123.65561 0.0332 2.0 51.0
-5.806199 126.08334 0.0332 2.0 51.0
-5.806199 126.08334 0.0333 1.0 52.0
-6.3340354 128.51108 0.0333 1.0 52.0
-6.3340354 128.51108 0.0334 0.0 53.0
-6.3340354 130.99553 0.0334 0.0 53.0
-6.3340354 130.99553 0.0335 0.0 54.0
-6.3340354 133.47998 0.0335 0.0 54.0
-6.3340354 128.51108 0.0336 0.0 53.0
-7.3656077 130.77126 0.0336 0.0 53.0
-7.3656077 130.77126 0.0337 0.0 54.0
-8.397181 133.03143 0.0337 0.0 54.0
-4.22269 98.92447 0.0338 20.0 41.0
-4.7505264 101.3522 0.0338 20.0 41.0
-4.7505264 101.3522 0.0339 19.0 42.0
-5.2783628 103.77994 0.0339 19.0 42.0
-5.2783628 103.77994 0.0340 18.0 43.0
-5.806199 106.20767 0.0340 18.0 43.0
-5.806199 106.20767 0.0341 17.0 44.0
-6.3340354 108.63541 0.0341 17.0 44.0
-6.3340354 108.63541 0.0342 16.0 45.0
-6.8618717 111.06314 0.0342 16.0 45.0
-6.8618717 111.06314 0.0343 15.0 46.0
-7.389708 113.490875 0.0343 15.0 46.0
-7.389708 113.490875 0.0344 14.0 47.0
-7.9175444 115.91861 0.0344 14.0 47.0
-7.9175444 115.91861 0.0345 13.0 48.0
-8.44538 118.346344 0.0345 13.0 48.0
-8.44538 118.346344 0.0346 12.0 49.0
-8.44538 120.8308 0.0346 12.0 49.0
-8.44538 120.8308 0.0347 11.0 50.0
-8.44538 123.31526 0.0347 11.0 50.0
-8.44538 123.31526 0.0348 10.0 51.0
-8.44538 125.79972 0.0348 10.0 51.0
-8.44538 125.79972 0.0349 9.0 52.0
-8.44538 128.28418 0.0349 9.0 52.0
-8.44538 128.28418 0.0350 4.0 53.0
-8.973216 130.71191 0.0350 4.0 53.0
-8.973216 130.71191 0.0351 3.0 54.0
-9.501052 133.13965 0.0351 3.0 54.0
-9.501052 133.13965 0.0352 0.0 55.0
-9.501052 135.6241 0.0352 0.0 55.0
-9.501052 135.6241 0.0353 0.0 56.0
-9.501052 138.10855 0.0353 0.0 56.0
-9.501052 133.13965 0.0354 2.0 55.0
-10.028888 135.56738 0.0354 2.0 55.0
-10.028888 135.56738 0.0355 1.0 56.0
-10.556724 137.99512 0.0355 1.0 56.0
-10.556724 137.99512 0.0356 0.0 57.0
-10.556724 140.47957 0.0356 0.0 57.0
-10.556724 140.47957 0.0357 0.0 58.0
-10.556724 142.96402 0.0357 0.0 58.0
-10.556724 137.99512 0.0358 0.0 57.0
-11.588296 140.2553 0.0358 0.0 57.0
-11.588296 140.2553 0.0359 0.0 58.0
-12.619868 142.51547 0.0359 0.0 58.0
-8.44538 128.28418 0.0360 8.0 53.0
-8.44538 130.76863 0.0360 8.0 53.0
-8.44538 130.76863 0.0361 7.0 54.0
-8.44538 133.25308 0.0361 7.0 54.0
-8.44538 133.25308 0.0362 6.0 55.0
-8.44538 135.73753 0.0362 6.0 55.0
-8.44538 135.73753 0.0363 5.0 56.0
-8.44538 138.22198 0.0363 5.0 56.0
-8.44538 138.22198 0.0364 4.0 57.0
-7.917544 140.64972 0.0364 4.0 57.0
-7.917544 140.64972 0.0365 3.0 58.0
-7.3897076 143.07745 0.0365 3.0 58.0
-7.3897076 143.07745 0.0366 0.0 59.0
-6.358135 145.33763 0.0366 0.0 59.0
-6.358135 145.33763 0.0367 0.0 60.0
-5.326563 147.59781 0.0367 0.0 60.0
-7.3897076 143.07745 0.0368 2.0 59.0
-6.8618712 145.50519 0.0368 2.0 59.0
-6.8618712 145.50519 0.0369 1.0 60.0
-6.334035 147.93292 0.0369 1.0 60.0
-6.334035 147.93292 0.0370 0.0 61.0
-5.3024626 150.1931 0.0370 0.0 61.0
-5.3024626 150.1931 0.0371 0.0 62.0
-4.27089 152.45328 0.0371 0.0 62.0
-6.334035 147.93292 0.0372 0.0 61.0
-6.334035 150.41737 0.0372 0.0 61.0
-6.334035 150.41737 0.0373 0.0 62.0
-6.334035 152.90182 0.0373 0.0 62.0
-8.44538 138.22198 0.0374 4.0 57.0
-8.973216 140.64972 0.0374 4.0 57.0
-8.973216 140.64972 0.0375 3.0 58.0
-9.501052 143.07745 0.0375 3.0 58.0
-9.501052 143.07745 0.0376 0.0 59.0
-9.501052 145.5619 0.0376 0.0 59.0
-9.501052 145.5619 0.0377 0.0 60.0
-9.501052 148.04636 0.0377 0.0 60.0
-9.501052 143.07745 0.0378 2.0 59.0
-10.028888 145.50519 0.0378 2.0 59.0
-10.028888 145.50519 0.0379 1.0 60.0
-10.556724 147.93292 0.0379 1.0 60.0
-10.556724 147.93292 0.0380 0.0 61.0
-10.556724 150.41737 0.0380 0.0 61.0
-10.556724 150.41737 0.0381 0.0 62.0
-10.556724 152.90182 0.0381 0.0 62.0
-10.556724 147.93292 0.0382 0.0 61.0
-11.588296 150.1931 0.0382 0.0 61.0
-11.588296 150.1931 0.0383 0.0 62.0
-12.619868 152.45328 0.0383 0.0 62.0
-8.44538 118.346344 0.0384 12.0 49.0
-9.476953 120.606514 0.0384 12.0 49.0
-9.476953 120.606514 0.0385 11.0 50.0
-10.508525 122.866684 0.0385 11.0 50.0
-10.508525 122.866684 0.0386 10.0 51.0
-11.540097 125.126854 0.0386 10.0 51.0
-11.540097 125.126854 0.0387 9.0 52.0
-12.57167 127.387024 0.0387 9.0 52.0
-12.57167 127.387024 0.0388 4.0 53.0
-14.059878 129.37643 0.0388 4.0 53.0
-14.059878 129.37643 0.0389 3.0 54.0
-15.548087 131.36584 0.0389 3.0 54.0
-15.548087 131.36584 0.0390 0.0 55.0
-16.579659 133.62602 0.0390 0.0 55.0
-16.579659 133.62602 0.0391 0.0 56.0
-17.61123 135.8862 0.0391 0.0 56.0
-15.548087 131.36584 0.0392 2.0 55.0
-17.036295 133.35526 0.0392 2.0 55.0
-17.036295 133.35526 0.0393 1.0 56.0
-18.524504 135.34467 0.0393 1.0 56.0
-18.524504 135.34467 0.0394 0.0 57.0
-19.556076 137.60484 0.0394 0.0 57.0
-19.556076 137.60484 0.0395 0.0 58.0
-20.587648 139.86502 0.0395 0.0 58.0
-18.524504 135.34467 0.0396 0.0 57.0
-20.401398 136.97249 0.0396 0.0 57.0
-20.401398 136.97249 0.0397 0.0 58.0
-22.278294 138.60031 0.0397 0.0 58.0
-12.57167 127.387024 0.0398 8.0 53.0
-13.603242 129.6472 0.0398 8.0 53.0
-13.603242 129.6472 0.0399 7.0 54.0
-14.634814 131.90738 0.0399 7.0 54.0
-14.634814 131.90738 0.0400 6.0 55.0
-15.666387 134.16756 0.0400 6.0 55.0
-15.666387 134.16756 0.0401 5.0 56.0
-16.69796 136.42773 0.0401 5.0 56.0
-16.69796 136.42773 0.0402 4.0 57.0
-17.225796 138.85547 0.0402 4.0 57.0
-17.225796 138.85547 0.0403 3.0 58.0
-17.753632 141.2832 0.0403 3.0 58.0
-17.753632 141.2832 0.0404 0.0 59.0
-17.753632 143.76765 0.0404 0.0 59.0
-17.753632 143.76765 0.0405 0.0 60.0
-17.753632 146.2521 0.0405 0.0 60.0
-17.753632 141.2832 0.0406 2.0 59.0
-18.281467 143.71094 0.0406 2.0 59.0
-18.281467 143.71094 0.0407 1.0 60.0
-18.809303 146.13867 0.0407 1.0 60.0
-18.809303 146.13867 0.0408 0.0 61.0
-18.809303 148.62312 0.0408 0.0 61.0
-18.809303 148.62312 0.0409 0.0 62.0
-18.809303 151.10757 0.0409 0.0 62.0
-18.809303 146.13867 0.0410 0.0 61.0
-19.840876 148.39885 0.0410 0.0 61.0
-19.840876 148.39885 0.0411 0.0 62.0
-20.872448 150.65903 0.0411 0.0 62.0
-16.69796 136.42773 0.0412 4.0 57.0
-18.186169 138.41714 0.0412 4.0 57.0
-18.186169 138.41714 0.0413 3.0 58.0
-19.674377 140.40656 0.0413 3.0 58.0
-19.674377 140.40656 0.0414 0.0 59.0
-20.70595 142.66673 0.0414 0.0 59.0
-20.70595 142.66673 0.0415 0.0 60.0
-21.737522 144.92691 0.0415 0.0 60.0
-19.674377 140.40656 0.0416 2.0 59.0
-21.162586 142.39597 0.0416 2.0 59.0
-21.162586 142.39597 0.0417 1.0 60.0
-22.650795 144.38538 0.0417 1.0 60.0
-22.650795 144.38538 0.0418 0.0 61.0
-23.682367 146.64555 0.0418 0.0 61.0
-23.682367 146.64555 0.0419 0.0 62.0
-24.71394 148.90573 0.0419 0.0 62.0
-22.650795 144.38538 0.0420 0.0 61.0
-24.52769 146.0132 0.0420 0.0 61.0
-24.52769 146.0132 0.0421 0.0 62.0
-26.404587 147.64102 0.0421 0.0 62.0
