0.0 0.0 0.00 60.0 1.0
0.0 1.8634231 0.00 60.0 1.0
0.0 1.8634231 0.01 59.0 2.0
0.0 3.7268462 0.01 59.0 2.0
0.0 3.7268462 0.02 58.0 3.0
0.0 5.590269 0.02 58.0 3.0
0.0 5.590269 0.03 57.0 4.0
0.0 7.4536924 0.03 57.0 4.0
0.0 7.4536924 0.04 56.0 5.0
0.0 9.317116 0.04 56.0 5.0
0.0 9.317116 0.05 55.0 6.0
0.0 11.180539 0.05 55.0 6.0
0.0 11.180539 0.06 54.0 7.0
0.0 13.0439625 0.06 54.0 7.0
0.0 13.0439625 0.07 53.0 8.0
0.0 14.907386 0.07 53.0 8.0
0.0 14.907386 0.08 52.0 9.0
0.0 16.77081 0.08 52.0 9.0
0.0 16.77081 0.09 51.0 10.0
0.0 18.634232 0.09 51.0 10.0
0.0 18.634232 0.010 50.0 11.0
0.0 20.497654 0.010 50.0 11.0
0.0 20.497654 0.011 49.0 12.0
0.0 22.361076 0.011 49.0 12.0
0.0 22.361076 0.012 48.0 13.0
0.0 24.224499 0.012 48.0 13.0
0.0 24.224499 0.013 47.0 14.0
0.0 26.087921 0.013 47.0 14.0
0.0 26.087921 0.014 46.0 15.0
0.0 27.951344 0.014 46.0 15.0
0.0 27.951344 0.015 45.0 16.0
0.0 29.814766 0.015 45.0 16.0
0.0 29.814766 0.016 28.0 17.0
-1.2467873 31.199636 0.016 28.0 17.0
-1.2467873 31.199636 0.017 27.0 18.0
-2.4935746 32.584507 0.017 27.0 18.0
-2.4935746 32.584507 0.018 26.0 19.0
-3.740362 33.96938 0.018 26.0 19.0
-3.740362 33.96938 0.019 25.0 20.0
-4.9871492 35.35425 0.019 25.0 20.0
-4.9871492 35.35425 0.020 24.0 21.0
-6.2339363 36.739124 0.020 24.0 21.0
-6.2339363 36.739124 0.021 23.0 22.0
-7.4807234 38.123997 0.021 23.0 22.0
-7.4807234 38.123997 0.022 22.0 23.0
-8.72751 39.50887 0.022 22.0 23.0
-8.72751 39.50887 0.023 21.0 24.0
-9.974298 40.89374 0.023 21.0 24.0
-9.974298 40.89374 0.024 12.0 25.0
-11.827488 41.088753 0.024 12.0 25.0
-11.827488 41.088753 0.025 11.0 26.0
-13.680678 41.283764 0.025 11.0 26.0
-13.680678 41.283764 0.026 10.0 27.0
-15.533869 41.478775 0.026 10.0 27.0
-15.533869 41.478775 0.027 9.0 28.0
-17.38706 41.673786 0.027 9.0 28.0
-17.38706 41.673786 0.028 4.0 29.0
-18.633848 43.05866 0.028 4.0 29.0
-18.633848 43.05866 0.029 3.0 30.0
-19.880636 44.44353 0.029 3.0 30.0
-19.880636 44.44353 0.030 0.0 31.0
-19.880636 46.306953 0.030 0.0 31.0
-19.880636 46.306953 0.031 0.0 32.0
-19.880636 48.170376 0.031 0.0 32.0
-19.880636 44.44353 0.032 2.0 31.0
-21.127424 45.828403 0.032 2.0 31.0
-21.127424 45.828403 0.033 1.0 32.0
-22.374212 47.213276 0.033 1.0 32.0
-22.374212 47.213276 0.034 0.0 33.0
-22.374212 49.0767 0.034 0.0 33.0
-22.374212 49.0767 0.035 0.0 34.0
-22.374212 50.94012 0.035 0.0 34.0
-22.374212 47.213276 0.036 0.0 33.0
-24.227404 47.408287 0.036 0.0 33.0
-24.227404 47.408287 0.037 0.0 34.0
-26.080595 47.6033 0.037 0.0 34.0
-17.38706 41.673786 0.038 8.0 29.0
-19.240252 41.868797 0.038 8.0 29.0
-19.240252 41.868797 0.039 7.0 30.0
-21.093443 42.06381 0.039 7.0 30.0
-21.093443 42.06381 0.040 6.0 31.0
-22.946634 42.25882 0.040 6.0 31.0
-22.946634 42.25882 0.041 5.0 32.0
-24.799826 42.45383 0.041 5.0 32.0
-24.799826 42.45383 0.042 4.0 33.0
-26.046614 43.838703 0.042 4.0 33.0
-26.046614 43.838703 0.043 3.0 34.0
-27.293402 45.223576 0.043 3.0 34.0
-27.293402 45.223576 0.044 0.0 35.0
-27.293402 47.086998 0.044 0.0 35.0
-27.293402 47.086998 0.045 0.0 36.0
-27.293402 48.95042 0.045 0.0 36.0
-27.293402 45.223576 0.046 2.0 35.0
-28.54019 46.608448 0.046 2.0 35.0
-28.54019 46.608448 0.047 1.0 36.0
-29.786978 47.99332 0.047 1.0 36.0
-29.786978 47.99332 0.048 0.0 37.0
-29.786978 49.856743 0.048 0.0 37.0
-29.786978 49.856743 0.049 0.0 38.0
-29.786978 51.720165 0.049 0.0 38.0
-29.786978 47.99332 0.050 0.0 37.0
-31.64017 48.18833 0.050 0.0 37.0
-31.64017 48.18833 0.051 0.0 38.0
-33.49336 48.383343 0.051 0.0 38.0
-24.799826 42.45383 0.052 4.0 33.0
-26.307571 41.358818 0.052 4.0 33.0
-26.307571 41.358818 0.053 3.0 34.0
-27.815317 40.263805 0.053 3.0 34.0
-27.815317 40.263805 0.054 0.0 35.0
-29.668509 40.458817 0.054 0.0 35.0
-29.668509 40.458817 0.055 0.0 36.0
-31.5217 40.653828 0.055 0.0 36.0
-27.815317 40.263805 0.056 2.0 35.0
-29.323063 39.168793 0.056 2.0 35.0
-29.323063 39.168793 0.057 1.0 36.0
-30.830809 38.07378 0.057 1.0 36.0
-30.830809 38.07378 0.058 0.0 37.0
-32.684 38.26879 0.058 0.0 37.0
-32.684 38.26879 0.059 0.0 38.0
-34.53719 38.463802 0.059 0.0 38.0
-30.830809 38.07378 0.060 0.0 37.0
-31.218689 36.251175 0.060 0.0 37.0
-31.218689 36.251175 0.061 0.0 38.0
-31.60657 34.42857 0.061 0.0 38.0
-9.974298 40.89374 0.062 20.0 25.0
-11.221085 42.278614 0.062 20.0 25.0
-11.221085 42.278614 0.063 19.0 26.0
-12.467872 43.663486 0.063 19.0 26.0
-12.467872 43.663486 0.064 18.0 27.0
-13.714659 45.04836 0.064 18.0 27.0
-13.714659 45.04836 0.065 17.0 28.0
-14.961446 46.43323 0.065 17.0 28.0
-14.961446 46.43323 0.066 16.0 29.0
-16.208233 47.818104 0.066 16.0 29.0
-16.208233 47.818104 0.067 15.0 30.0
-17.45502 49.202976 0.067 15.0 30.0
-17.45502 49.202976 0.068 14.0 31.0
-18.701809 50.58785 0.068 14.0 31.0
-18.701809 50.58785 0.069 13.0 32.0
-19.948597 51.97272 0.069 13.0 32.0
-19.948597 51.97272 0.070 12.0 33.0
-19.948597 53.836143 0.070 12.0 33.0
-19.948597 53.836143 0.071 11.0 34.0
-19.948597 55.699566 0.071 11.0 34.0
-19.948597 55.699566 0.072 10.0 35.0
-19.948597 57.56299 0.072 10.0 35.0
-19.948597 57.56299 0.073 9.0 36.0
-19.948597 59.42641 0.073 9.0 36.0
-19.948597 59.42641 0.074 4.0 37.0
-18.701809 60.811283 0.074 4.0 37.0
-18.701809 60.811283 0.075 3.0 38.0
-17.45502 62.196156 0.075 3.0 38.0
-17.45502 62.196156 0.076 0.0 39.0
-15.6018305 62.391167 0.076 0.0 39.0
-15.6018305 62.391167 0.077 0.0 40.0
-13.74864 62.586178 0.077 0.0 40.0
-17.45502 62.196156 0.078 2.0 39.0
-16.208233 63.581028 0.078 2.0 39.0
-16.208233 63.581028 0.079 1.0 40.0
-14.961446 64.9659 0.079 1.0 40.0
-14.961446 64.9659 0.080 0.0 41.0
-13.108255 65.16091 0.080 0.0 41.0
-13.108255 65.16091 0.081 0.0 42.0
-11.255065 65.35593 0.081 0.0 42.0
-14.961446 64.9659 0.082 0.0 41.0
-14.961446 66.82932 0.082 0.0 41.0
-14.961446 66.82932 0.083 0.0 42.0
-14.961446 68.69275 0.083 0.0 42.0
-19.948597 59.42641 0.084 8.0 37.0
-19.948597 61.289833 0.084 8.0 37.0
-19.948597 61.289833 0.085 7.0 38.0
-19.948597 63.153255 0.085 7.0 38.0
-19.948597 63.153255 0.086 6.0 39.0
-19.948597 65.01668 0.086 6.0 39.0
-19.948597 65.01668 0.087 5.0 40.0
-19.948597 66.880104 0.087 5.0 40.0
-19.948597 66.880104 0.088 4.0 41.0
-18.701809 68.26498 0.088 4.0 41.0
-18.701809 68.26498 0.089 3.0 42.0
-17.45502 69.64985 0.089 3.0 42.0
-17.45502 69.64985 0.090 0.0 43.0
-15.6018305 69.844864 0.090 0.0 43.0
-15.6018305 69.844864 0.091 0.0 44.0
-13.74864 70.03988 0.091 0.0 44.0
-17.45502 69.64985 0.092 2.0 43.0
-16.208233 71.03472 0.092 2.0 43.0
-16.208233 71.03472 0.093 1.0 44.0
-14.961446 72.41959 0.093 1.0 44.0
-14.961446 72.41959 0.094 0.0 45.0
-13.108255 72.61461 0.094 0.0 45.0
-13.108255 72.61461 0.095 0.0 46.0
-11.255065 72.80962 0.095 0.0 46.0
-14.961446 72.41959 0.096 0.0 45.0
-14.961446 74.28302 0.096 0.0 45.0
-14.961446 74.28302 0.097 0.0 46.0
-14.961446 76.14645 0.097 0.0 46.0
-19.948597 66.880104 0.098 4.0 41.0
-21.195385 68.26498 0.098 4.0 41.0
-21.195385 68.26498 0.099 3.0 42.0
-22.442173 69.64985 0.099 3.0 42.0
-22.442173 69.64985 0.0100 0.0 43.0
-22.442173 71.513275 0.0100 0.0 43.0
-22.442173 71.513275 0.0101 0.0 44.0
-22.442173 73.3767 0.0101 0.0 44.0
-22.442173 69.64985 0.0102 2.0 43.0
-23.688961 71.03472 0.0102 2.0 43.0
-23.688961 71.03472 0.0103 1.0 44.0
-24.93575 72.41959 0.0103 1.0 44.0
-24.93575 72.41959 0.0104 0.0 45.0
-24.93575 74.28302 0.0104 0.0 45.0
-24.93575 74.28302 0.0105 0.0 46.0
-24.93575 76.14645 0.0105 0.0 46.0
-24.93575 72.41959 0.0106 0.0 45.0
-26.78894 72.61461 0.0106 0.0 45.0
-26.78894 72.61461 0.0107 0.0 46.0
-28.642132 72.80962 0.0107 0.0 46.0
-19.948597 51.97272 0.0108 12.0 33.0
-21.801788 52.167732 0.0108 12.0 33.0
-21.801788 52.167732 0.0109 11.0 34.0
-23.65498 52.362743 0.0109 11.0 34.0
-23.65498 52.362743 0.0110 10.0 35.0
-25.508171 52.557755 0.0110 10.0 35.0
-25.508171 52.557755 0.0111 9.0 36.0
-27.361362 52.752766 0.0111 9.0 36.0
-27.361362 52.752766 0.0112 4.0 37.0
-28.60815 54.137638 0.0112 4.0 37.0
-28.60815 54.137638 0.0113 3.0 38.0
-29.854939 55.52251 0.0113 3.0 38.0
-29.854939 55.52251 0.0114 0.0 39.0
-29.854939 57.385933 0.0114 0.0 39.0
-29.854939 57.385933 0.0115 0.0 40.0
-29.854939 59.249355 0.0115 0.0 40.0
-29.854939 55.52251 0.0116 2.0 39.0
-31.101727 56.907383 0.0116 2.0 39.0
-31.101727 56.907383 0.0117 1.0 40.0
-32.348515 58.292255 0.0117 1.0 40.0
-32.348515 58.292255 0.0118 0.0 41.0
-32.348515 60.155678 0.0118 0.0 41.0
-32.348515 60.155678 0.0119 0.0 42.0
-32.348515 62.0191 0.0119 0.0 42.0
-32.348515 58.292255 0.0120 0.0 41.0
-34.201706 58.487267 0.0120 0.0 41.0
-34.201706 58.487267 0.0121 0.0 42.0
-36.054897 58.682278 0.0121 0.0 42.0
-27.361362 52.752766 0.0122 8.0 37.0
-29.214554 52.947777 0.0122 8.0 37.0
-29.214554 52.947777 0.0123 7.0 38.0
-31.067745 53.142788 0.0123 7.0 38.0
-31.067745 53.142788 0.0124 6.0 39.0
-32.920937 53.3378 0.0124 6.0 39.0
-32.920937 53.3378 0.0125 5.0 40.0
-34.774128 53.53281 0.0125 5.0 40.0
-34.774128 53.53281 0.0126 4.0 41.0
-36.020916 54.917683 0.0126 4.0 41.0
-36.020916 54.917683 0.0127 3.0 42.0
-37.267704 56.302555 0.0127 3.0 42.0
-37.267704 56.302555 0.0128 0.0 43.0
-37.267704 58.165977 0.0128 0.0 43.0
-37.267704 58.165977 0.0129 0.0 44.0
-37.267704 60.0294 0.0129 0.0 44.0
-37.267704 56.302555 0.0130 2.0 43.0
-38.514492 57.687428 0.0130 2.0 43.0
-38.514492 57.687428 0.0131 1.0 44.0
-39.76128 59.0723 0.0131 1.0 44.0
-39.76128 59.0723 0.0132 0.0 45.0
-39.76128 60.935722 0.0132 0.0 45.0
-39.76128 60.935722 0.0133 0.0 46.0
-39.76128 62.799145 0.0133 0.0 46.0
-39.76128 59.0723 0.0134 0.0 45.0
-41.61447 59.26731 0.0134 0.0 45.0
-41.61447 59.26731 0.0135 0.0 46.0
-43.467663 59.462322 0.0135 0.0 46.0
-34.774128 53.53281 0.0136 4.0 41.0
-36.28187 52.437798 0.0136 4.0 41.0
-36.28187 52.437798 0.0137 3.0 42.0
-37.789616 51.342785 0.0137 3.0 42.0
-37.789616 51.342785 0.0138 0.0 43.0
-39.642807 51.537796 0.0138 0.0 43.0
-39.642807 51.537796 0.0139 0.0 44.0
-41.496 51.732807 0.0139 0.0 44.0
-37.789616 51.342785 0.0140 2.0 43.0
-39.29736 50.247772 0.0140 2.0 43.0
-39.29736 50.247772 0.0141 1.0 44.0
-40.805103 49.15276 0.0141 1.0 44.0
-40.805103 49.15276 0.0142 0.0 45.0
-42.658295 49.34777 0.0142 0.0 45.0
-42.658295 49.34777 0.0143 0.0 46.0
-44.511486 49.54278 0.0143 0.0 46.0
-40.805103 49.15276 0.0144 0.0 45.0
-41.192986 47.330154 0.0144 0.0 45.0
-41.192986 47.330154 0.0145 0.0 46.0
-41.580868 45.50755 0.0145 0.0 46.0
0.0 29.814766 0.0146 44.0 17.0
0.0 31.678188 0.0146 44.0 17.0
0.0 31.678188 0.0147 43.0 18.0
0.0 33.54161 0.0147 43.0 18.0
0.0 33.54161 0.0148 42.0 19.0
0.0 35.405033 0.0148 42.0 19.0
0.0 35.405033 0.0149 41.0 20.0
0.0 37.268456 0.0149 41.0 20.0
0.0 37.268456 0.0150 40.0 21.0
0.0 39.131878 0.0150 40.0 21.0
0.0 39.131878 0.0151 39.0 22.0
0.0 40.9953 0.0151 39.0 22.0
0.0 40.9953 0.0152 38.0 23.0
0.0 42.858723 0.0152 38.0 23.0
0.0 42.858723 0.0153 37.0 24.0
0.0 44.722145 0.0153 37.0 24.0
0.0 44.722145 0.0154 36.0 25.0
0.0 46.585567 0.0154 36.0 25.0
0.0 46.585567 0.0155 35.0 26.0
0.0 48.44899 0.0155 35.0 26.0
0.0 48.44899 0.0156 34.0 27.0
0.0 50.312412 0.0156 34.0 27.0
0.0 50.312412 0.0157 33.0 28.0
0.0 52.175835 0.0157 33.0 28.0
0.0 52.175835 0.0158 32.0 29.0
0.0 54.039257 0.0158 32.0 29.0
0.0 54.039257 0.0159 31.0 30.0
0.0 55.90268 0.0159 31.0 30.0
0.0 55.90268 0.0160 30.0 31.0
0.0 57.7661 0.0160 30.0 31.0
0.0 57.7661 0.0161 29.0 32.0
0.0 59.629524 0.0161 29.0 32.0
0.0 59.629524 0.0162 28.0 33.0
1.2467873 61.014397 0.0162 28.0 33.0
1.2467873 61.014397 0.0163 27.0 34.0
2.4935746 62.39927 0.0163 27.0 34.0
2.4935746 62.39927 0.0164 26.0 35.0
3.740362 63.78414 0.0164 26.0 35.0
3.740362 63.78414 0.0165 25.0 36.0
4.9871492 65.169014 0.0165 25.0 36.0
4.9871492 65.169014 0.0166 24.0 37.0
6.2339363 66.55389 0.0166 24.0 37.0
6.2339363 66.55389 0.0167 23.0 38.0
7.4807234 67.93876 0.0167 23.0 38.0
7.4807234 67.93876 0.0168 22.0 39.0
8.72751 69.32363 0.0168 22.0 39.0
8.72751 69.32363 0.0169 21.0 40.0
9.974298 70.7085 0.0169 21.0 40.0
9.974298 70.7085 0.0170 12.0 41.0
9.974298 72.57193 0.0170 12.0 41.0
9.974298 72.57193 0.0171 11.0 42.0
9.974298 74.435356 0.0171 11.0 42.0
9.974298 74.435356 0.0172 10.0 43.0
9.974298 76.29878 0.0172 10.0 43.0
9.974298 76.29878 0.0173 9.0 44.0
9.974298 78.16221 0.0173 9.0 44.0
9.974298 78.16221 0.0174 4.0 45.0
11.221085 79.54708 0.0174 4.0 45.0
11.221085 79.54708 0.0175 3.0 46.0
12.467872 80.93195 0.0175 3.0 46.0
12.467872 80.93195 0.0176 0.0 47.0
14.321062 81.12697 0.0176 0.0 47.0
14.321062 81.12697 0.0177 0.0 48.0
16.174253 81.32198 0.0177 0.0 48.0
12.467872 80.93195 0.0178 2.0 47.0
13.714659 82.316826 0.0178 2.0 47.0
13.714659 82.316826 0.0179 1.0 48.0
14.961446 83.7017 0.0179 1.0 48.0
14.961446 83.7017 0.0180 0.0 49.0
16.814636 83.89671 0.0180 0.0 49.0
16.814636 83.89671 0.0181 0.0 50.0
18.667828 84.09173 0.0181 0.0 50.0
14.961446 83.7017 0.0182 0.0 49.0
14.961446 85.565125 0.0182 0.0 49.0
14.961446 85.565125 0.0183 0.0 50.0
14.961446 87.42855 0.0183 0.0 50.0
9.974298 78.16221 0.0184 8.0 45.0
9.974298 80.025635 0.0184 8.0 45.0
9.974298 80.025635 0.0185 7.0 46.0
9.974298 81.88906 0.0185 7.0 46.0
9.974298 81.88906 0.0186 6.0 47.0
9.974298 83.75249 0.0186 6.0 47.0
9.974298 83.75249 0.0187 5.0 48.0
9.974298 85.61591 0.0187 5.0 48.0
9.974298 85.61591 0.0188 4.0 49.0
11.221085 87.000786 0.0188 4.0 49.0
11.221085 87.000786 0.0189 3.0 50.0
12.467872 88.38566 0.0189 3.0 50.0
12.467872 88.38566 0.0190 0.0 51.0
14.321062 88.58067 0.0190 0.0 51.0
14.321062 88.58067 0.0191 0.0 52.0
16.174253 88.77569 0.0191 0.0 52.0
12.467872 88.38566 0.0192 2.0 51.0
13.714659 89.77053 0.0192 2.0 51.0
13.714659 89.77053 0.0193 1.0 52.0
14.961446 91.1554 0.0193 1.0 52.0
14.961446 91.1554 0.0194 0.0 53.0
16.814636 91.35042 0.0194 0.0 53.0
16.814636 91.35042 0.0195 0.0 54.0
18.667828 91.54543 0.0195 0.0 54.0
14.961446 91.1554 0.0196 0.0 53.0
14.961446 93.01883 0.0196 0.0 53.0
14.961446 93.01883 0.0197 0.0 54.0
14.961446 94.882256 0.0197 0.0 54.0
9.974298 85.61591 0.0198 4.0 49.0
8.72751 87.000786 0.0198 4.0 49.0
8.72751 87.000786 0.0199 3.0 50.0
7.4807234 88.38566 0.0199 3.0 50.0
7.4807234 88.38566 0.0200 0.0 51.0
7.4807234 90.249084 0.0200 0.0 51.0
7.4807234 90.249084 0.0201 0.0 52.0
7.4807234 92.11251 0.0201 0.0 52.0
7.4807234 88.38566 0.0202 2.0 51.0
6.2339363 89.77053 0.0202 2.0 51.0
6.2339363 89.77053 0.0203 1.0 52.0
4.9871492 91.1554 0.0203 1.0 52.0
4.9871492 91.1554 0.0204 0.0 53.0
4.9871492 93.01883 0.0204 0.0 53.0
4.9871492 93.01883 0.0205 0.0 54.0
4.9871492 94.882256 0.0205 0.0 54.0
4.9871492 91.1554 0.0206 0.0 53.0
3.1339583 91.35042 0.0206 0.0 53.0
3.1339583 91.35042 0.0207 0.0 54.0
1.2807676 91.54543 0.0207 0.0 54.0
9.974298 70.7085 0.0208 20.0 41.0
11.221085 72.093376 0.0208 20.0 41.0
11.221085 72.093376 0.0209 19.0 42.0
12.467872 73.47825 0.0209 19.0 42.0
12.467872 73.47825 0.0210 18.0 43.0
13.714659 74.86312 0.0210 18.0 43.0
13.714659 74.86312 0.0211 17.0 44.0
14.961446 76.24799 0.0211 17.0 44.0
14.961446 76.24799 0.0212 16.0 45.0
16.208233 77.632866 0.0212 16.0 45.0
16.208233 77.632866 0.0213 15.0 46.0
17.45502 79.01774 0.0213 15.0 46.0
17.45502 79.01774 0.0214 14.0 47.0
18.701809 80.40261 0.0214 14.0 47.0
18.701809 80.40261 0.0215 13.0 48.0
19.948597 81.78748 0.0215 13.0 48.0
19.948597 81.78748 0.0216 12.0 49.0
21.801788 81.9825 0.0216 12.0 49.0
21.801788 81.9825 0.0217 11.0 50.0
23.65498 82.17751 0.0217 11.0 50.0
23.65498 82.17751 0.0218 10.0 51.0
25.508171 82.37253 0.0218 10.0 51.0
25.508171 82.37253 0.0219 9.0 52.0
27.361362 82.56754 0.0219 9.0 52.0
27.361362 82.56754 0.0220 4.0 53.0
28.869108 81.472534 0.0220 4.0 53.0
28.869108 81.472534 0.0221 3.0 54.0
30.376854 80.377525 0.0221 3.0 54.0
30.376854 80.377525 0.0222 0.0 55.0
30.764734 78.55492 0.0222 0.0 55.0
30.764734 78.55492 0.0223 0.0 56.0
31.152615 76.73231 0.0223 0.0 56.0
30.376854 80.377525 0.0224 2.0 55.0
31.8846 79.28252 0.0224 2.0 55.0
31.8846 79.28252 0.0225 1.0 56.0
33.392345 78.18751 0.0225 1.0 56.0
33.392345 78.18751 0.0226 0.0 57.0
33.780228 76.3649 0.0226 0.0 57.0
33.780228 76.3649 0.0227 0.0 58.0
34.16811 74.54229 0.0227 0.0 58.0
33.392345 78.18751 0.0228 0.0 57.0
35.245537 78.382515 0.0228 0.0 57.0
35.245537 78.382515 0.0229 0.0 58.0
37.09873 78.57752 0.0229 0.0 58.0
27.361362 82.56754 0.0230 8.0 53.0
29.214554 82.76256 0.0230 8.0 53.0
29.214554 82.76256 0.0231 7.0 54.0
31.067745 82.95757 0.0231 7.0 54.0
31.067745 82.95757 0.0232 6.0 55.0
32.920937 83.15259 0.0232 6.0 55.0
32.920937 83.15259 0.0233 5.0 56.0
34.774128 83.3476 0.0233 5.0 56.0
34.774128 83.3476 0.0234 4.0 57.0
36.28187 82.252594 0.0234 4.0 57.0
36.28187 82.252594 0.0235 3.0 58.0
37.789616 81.157585 0.0235 3.0 58.0
37.789616 81.157585 0.0236 0.0 59.0
38.177498 79.33498 0.0236 0.0 59.0
38.177498 79.33498 0.0237 0.0 60.0
38.56538 77.51237 0.0237 0.0 60.0
37.789616 81.157585 0.0238 2.0 59.0
39.29736 80.06258 0.0238 2.0 59.0
39.29736 80.06258 0.0239 1.0 60.0
40.805103 78.96757 0.0239 1.0 60.0
40.805103 78.96757 0.0240 0.0 61.0
41.192986 77.14496 0.0240 0.0 61.0
41.192986 77.14496 0.0241 0.0 62.0
41.580868 75.32235 0.0241 0.0 62.0
40.805103 78.96757 0.0242 0.0 61.0
42.658295 79.162575 0.0242 0.0 61.0
42.658295 79.162575 0.0243 0.0 62.0
44.511486 79.35758 0.0243 0.0 62.0
34.774128 83.3476 0.0244 4.0 57.0
36.020916 84.732475 0.0244 4.0 57.0
36.020916 84.732475 0.0245 3.0 58.0
37.267704 86.11735 0.0245 3.0 58.0
37.267704 86.11735 0.0246 0.0 59.0
39.120895 86.31236 0.0246 0.0 59.0
39.120895 86.31236 0.0247 0.0 60.0
40.974087 86.50738 0.0247 0.0 60.0
37.267704 86.11735 0.0248 2.0 59.0
38.514492 87.50222 0.0248 2.0 59.0
38.514492 87.50222 0.0249 1.0 60.0
39.76128 88.88709 0.0249 1.0 60.0
39.76128 88.88709 0.0250 0.0 61.0
41.61447 89.08211 0.0250 0.0 61.0
41.61447 89.08211 0.0251 0.0 62.0
43.467663 89.27712 0.0251 0.0 62.0
39.76128 88.88709 0.0252 0.0 61.0
39.76128 90.75052 0.0252 0.0 61.0
39.76128 90.75052 0.0253 0.0 62.0
39.76128 92.613945 0.0253 0.0 62.0
19.948597 81.78748 0.0254 12.0 49.0
19.948597 83.65091 0.0254 12.0 49.0
19.948597 83.65091 0.0255 11.0 50.0
19.948597 85.514336 0.0255 11.0 50.0
19.948597 85.514336 0.0256 10.0 51.0
19.948597 87.37776 0.0256 10.0 51.0
19.948597 87.37776 0.0257 9.0 52.0
19.948597 89.24119 0.0257 9.0 52.0
19.948597 89.24119 0.0258 4.0 53.0
21.195385 90.62606 0.0258 4.0 53.0
21.195385 90.62606 0.0259 3.0 54.0
22.442173 92.01093 0.0259 3.0 54.0
22.442173 92.01093 0.0260 0.0 55.0
24.295364 92.20595 0.0260 0.0 55.0
24.295364 92.20595 0.0261 0.0 56.0
26.148556 92.40096 0.0261 0.0 56.0
22.442173 92.01093 0.0262 2.0 55.0
23.688961 93.395805 0.0262 2.0 55.0
23.688961 93.395805 0.0263 1.0 56.0
24.93575 94.78068 0.0263 1.0 56.0
24.93575 94.78068 0.0264 0.0 57.0
26.78894 94.97569 0.0264 0.0 57.0
26.78894 94.97569 0.0265 0.0 58.0
28.642132 95.17071 0.0265 0.0 58.0
24.93575 94.78068 0.0266 0.0 57.0
24.93575 96.644104 0.0266 0.0 57.0
24.93575 96.644104 0.0267 0.0 58.0
24.93575 98.50753 0.0267 0.0 58.0
19.948597 89.24119 0.0268 8.0 53.0
19.948597 91.104614 0.0268 8.0 53.0
19.948597 91.104614 0.0269 7.0 54.0
19.948597 92.96804 0.0269 7.0 54.0
19.948597 92.96804 0.0270 6.0 55.0
19.948597 94.83147 0.0270 6.0 55.0
19.948597 94.83147 0.0271 5.0 56.0
19.948597 96.69489 0.0271 5.0 56.0
19.948597 96.69489 0.0272 4.0 57.0
21.195385 98.079765 0.0272 4.0 57.0
21.195385 98.079765 0.0273 3.0 58.0
22.442173 99.46464 0.0273 3.0 58.0
22.442173 99.46464 0.0274 0.0 59.0
24.295364 99.65965 0.0274 0.0 59.0
24.295364 99.65965 0.0275 0.0 60.0
26.148556 99.85467 0.0275 0.0 60.0
22.442173 99.46464 0.0276 2.0 59.0
23.688961 100.84951 0.0276 2.0 59.0
23.688961 100.84951 0.0277 1.0 60.0
24.93575 102.23438 0.0277 1.0 60.0
24.93575 102.23438 0.0278 0.0 61.0
26.78894 102.4294 0.0278 0.0 61.0
26.78894 102.4294 0.0279 0.0 62.0
28.642132 102.62441 0.0279 0.0 62.0
24.93575 102.23438 0.0280 0.0 61.0
24.93575 104.09781 0.0280 0.0 61.0
24.93575 104.09781 0.0281 0.0 62.0
24.93575 105.961235 0.0281 0.0 62.0
19.948597 96.69489 0.0282 4.0 57.0
18.701809 98.079765 0.0282 4.0 57.0
18.701809 98.079765 0.0283 3.0 58.0
17.45502 99.46464 0.0283 3.0 58.0
17.45502 99.46464 0.0284 0.0 59.0
17.45502 101.328064 0.0284 0.0 59.0
17.45502 101.328064 0.0285 0.0 60.0
17.45502 103.19149 0.0285 0.0 60.0
17.45502 99.46464 0.0286 2.0 59.0
16.208233 100.84951 0.0286 2.0 59.0
16.208233 100.84951 0.0287 1.0 60.0
14.961446 102.23438 0.0287 1.0 60.0
14.961446 102.23438 0.0288 0.0 61.0
14.961446 104.09781 0.0288 0.0 61.0
14.961446 104.09781 0.0289 0.0 62.0
14.961446 105.961235 0.0289 0.0 62.0
14.961446 102.23438 0.0290 0.0 61.0
13.108255 102.4294 0.0290 0.0 61.0
13.108255 102.4294 0.0291 0.0 62.0
11.255065 102.62441 0.0291 0.0 62.0
0.0 59.629524 0.0292 28.0 33.0
-1.2467873 61.014397 0.0292 28.0 33.0
-1.2467873 61.014397 0.0293 27.0 34.0
-2.4935746 62.39927 0.0293 27.0 34.0
-2.4935746 62.39927 0.0294 26.0 35.0
-3.740362 63.78414 0.0294 26.0 35.0
-3.740362 63.78414 0.0295 25.0 36.0
-4.9871492 65.169014 0.0295 25.0 36.0
-4.9871492 65.169014 0.0296 24.0 37.0
-6.2339363 66.55389 0.0296 24.0 37.0
-6.2339363 66.55389 0.0297 23.0 38.0
-7.4807234 67.93876 0.0297 23.0 38.0
-7.4807234 67.93876 0.0298 22.0 39.0
-8.72751 69.32363 0.0298 22.0 39.0
-8.72751 69.32363 0.0299 21.0 40.0
-9.974298 70.7085 0.0299 21.0 40.0
-9.974298 70.7085 0.0300 12.0 41.0
-11.827488 70.90352 0.0300 12.0 41.0
-11.827488 70.90352 0.0301 11.0 42.0
-13.680678 71.09853 0.0301 11.0 42.0
-13.680678 71.09853 0.0302 10.0 43.0
-15.533869 71.29355 0.0302 10.0 43.0
-15.533869 71.29355 0.0303 9.0 44.0
-17.38706 71.48856 0.0303 9.0 44.0
-17.38706 71.48856 0.0304 4.0 45.0
-18.633848 72.873436 0.0304 4.0 45.0
-18.633848 72.873436 0.0305 3.0 46.0
-19.880636 74.25831 0.0305 3.0 46.0
-19.880636 74.25831 0.0306 0.0 47.0
-19.880636 76.121735 0.0306 0.0 47.0
-19.880636 76.121735 0.0307 0.0 48.0
-19.880636 77.98516 0.0307 0.0 48.0
-19.880636 74.25831 0.0308 2.0 47.0
-21.127424 75.64318 0.0308 2.0 47.0
-21.127424 75.64318 0.0309 1.0 48.0
-22.374212 77.02805 0.0309 1.0 48.0
-22.374212 77.02805 0.0310 0.0 49.0
-22.374212 78.89148 0.0310 0.0 49.0
-22.374212 78.89148 0.0311 0.0 50.0
-22.374212 80.754906 0.0311 0.0 50.0
-22.374212 77.02805 0.0312 0.0 49.0
-24.227404 77.22307 0.0312 0.0 49.0
-24.227404 77.22307 0.0313 0.0 50.0
-26.080595 77.41808 0.0313 0.0 50.0
-17.38706 71.48856 0.0314 8.0 45.0
-19.240252 71.68358 0.0314 8.0 45.0
-19.240252 71.68358 0.0315 7.0 46.0
-21.093443 71.87859 0.0315 7.0 46.0
-21.093443 71.87859 0.0316 6.0 47.0
-22.946634 72.07361 0.0316 6.0 47.0
-22.946634 72.07361 0.0317 5.0 48.0
-24.799826 72.26862 0.0317 5.0 48.0
-24.799826 72.26862 0.0318 4.0 49.0
-26.046614 73.653496 0.0318 4.0 49.0
-26.046614 73.653496 0.0319 3.0 50.0
-27.293402 75.03837 0.0319 3.0 50.0
-27.293402 75.03837 0.0320 0.0 51.0
-27.293402 76.901794 0.0320 0.0 51.0
-27.293402 76.901794 0.0321 0.0 52.0
-27.293402 78.76522 0.0321 0.0 52.0
-27.293402 75.03837 0.0322 2.0 51.0
-28.54019 76.42324 0.0322 2.0 51.0
-28.54019 76.42324 0.0323 1.0 52.0
-29.786978 77.80811 0.0323 1.0 52.0
-29.786978 77.80811 0.0324 0.0 53.0
-29.786978 79.67154 0.0324 0.0 53.0
-29.786978 79.67154 0.0325 0.0 54.0
-29.786978 81.534966 0.0325 0.0 54.0
-29.786978 77.80811 0.0326 0.0 53.0
-31.64017 78.00313 0.0326 0.0 53.0
-31.64017 78.00313 0.0327 0.0 54.0
-33.49336 78.19814 0.0327 0.0 54.0
-24.799826 72.26862 0.0328 4.0 49.0
-26.307571 71.173615 0.0328 4.0 49.0
-26.307571 71.173615 0.0329 3.0 50.0
-27.815317 70.078606 0.0329 3.0 50.0
-27.815317 70.078606 0.0330 0.0 51.0
-29.668509 70.27361 0.0330 0.0 51.0
-29.668509 70.27361 0.0331 0.0 52.0
-31.5217 70.46862 0.0331 0.0 52.0
-27.815317 70.078606 0.0332 2.0 51.0
-29.323063 68.9836 0.0332 2.0 51.0
-29.323063 68.9836 0.0333 1.0 52.0
-30.830809 67.88859 0.0333 1.0 52.0
-30.830809 67.88859 0.0334 0.0 53.0
-32.684 68.083595 0.0334 0.0 53.0
-32.684 68.083595 0.0335 0.0 54.0
-34.53719 68.2786 0.0335 0.0 54.0
-30.830809 67.88859 0.0336 0.0 53.0
-31.218689 66.06598 0.0336 0.0 53.0
-31.218689 66.06598 0.0337 0.0 54.0
-31.60657 64.24337 0.0337 0.0 54.0
-9.974298 70.7085 0.0338 20.0 41.0
-11.221085 72.093376 0.0338 20.0 41.0
-11.221085 72.093376 0.0339 19.0 42.0
-12.467872 73.47825 0.0339 19.0 42.0
-12.467872 73.47825 0.0340 18.0 43.0
-13.714659 74.86312 0.0340 18.0 43.0
-13.714659 74.86312 0.0341 17.0 44.0
-14.961446 76.24799 0.0341 17.0 44.0
-14.961446 76.24799 0.0342 16.0 45.0
-16.208233 77.632866 0.0342 16.0 45.0
-16.208233 77.632866 0.0343 15.0 46.0
-17.45502 79.01774 0.0343 15.0 46.0
-17.45502 79.01774 0.0344 14.0 47.0
-18.701809 80.40261 0.0344 14.0 47.0
-18.701809 80.40261 0.0345 13.0 48.0
-19.948597 81.78748 0.0345 13.0 48.0
-19.948597 81.78748 0.0346 12.0 49.0
-19.948597 83.65091 0.0346 12.0 49.0
-19.948597 83.65091 0.0347 11.0 50.0
-19.948597 85.514336 0.0347 11.0 50.0
-19.948597 85.514336 0.0348 10.0 51.0
-19.948597 87.37776 0.0348 10.0 51.0
-19.948597 87.37776 0.0349 9.0 52.0
-19.948597 89.24119 0.0349 9.0 52.0
-19.948597 89.24119 0.0350 4.0 53.0
-18.701809 90.62606 0.0350 4.0 53.0
-18.701809 90.62606 0.0351 3.0 54.0
-17.45502 92.01093 0.0351 3.0 54.0
-17.45502 92.01093 0.0352 0.0 55.0
-15.6018305 92.20595 0.0352 0.0 55.0
-15.6018305 92.20595 0.0353 0.0 56.0
-13.74864 92.40096 0.0353 0.0 56.0
-17.45502 92.01093 0.0354 2.0 55.0
-16.208233 93.395805 0.0354 2.0 55.0
-16.208233 93.395805 0.0355 1.0 56.0
-14.961446 94.78068 0.0355 1.0 56.0
-14.961446 94.78068 0.0356 0.0 57.0
-13.108255 94.97569 0.0356 0.0 57.0
-13.108255 94.97569 0.0357 0.0 58.0
-11.255065 95.17071 0.0357 0.0 58.0
-14.961446 94.78068 0.0358 0.0 57.0
-14.961446 96.644104 0.0358 0.0 57.0
-14.961446 96.644104 0.0359 0.0 58.0
-14.961446 98.50753 0.0359 0.0 58.0
-19.948597 89.24119 0.0360 8.0 53.0
-19.948597 91.104614 0.0360 8.0 53.0
-19.948597 91.104614 0.0361 7.0 54.0
-19.948597 92.96804 0.0361 7.0 54.0
-19.948597 92.96804 0.0362 6.0 55.0
-19.948597 94.83147 0.0362 6.0 55.0
-19.948597 94.83147 0.0363 5.0 56.0
-19.948597 96.69489 0.0363 5.0 56.0
-19.948597 96.69489 0.0364 4.0 57.0
-18.701809 98.079765 0.0364 4.0 57.0
-18.701809 98.079765 0.0365 3.0 58.0
-17.45502 99.46464 0.0365 3.0 58.0
-17.45502 99.46464 0.0366 0.0 59.0
-15.6018305 99.65965 0.0366 0.0 59.0
-15.6018305 99.65965 0.0367 0.0 60.0
-13.74864 99.85467 0.0367 0.0 60.0
-17.45502 99.46464 0.0368 2.0 59.0
-16.208233 100.84951 0.0368 2.0 59.0
-16.208233 100.84951 0.0369 1.0 60.0
-14.961446 102.23438 0.0369 1.0 60.0
-14.961446 102.23438 0.0370 0.0 61.0
-13.108255 102.4294 0.0370 0.0 61.0
-13.108255 102.4294 0.0371 0.0 62.0
-11.255065 102.62441 0.0371 0.0 62.0
-14.961446 102.23438 0.0372 0.0 61.0
-14.961446 104.09781 0.0372 0.0 61.0
-14.961446 104.09781 0.0373 0.0 62.0
-14.961446 105.961235 0.0373 0.0 62.0
-19.948597 96.69489 0.0374 4.0 57.0
-21.195385 98.079765 0.0374 4.0 57.0
-21.195385 98.079765 0.0375 3.0 58.0
-22.442173 99.46464 0.0375 3.0 58.0
-22.442173 99.46464 0.0376 0.0 59.0
-22.442173 101.328064 0.0376 0.0 59.0
-22.442173 101.328064 0.0377 0.0 60.0
-22.442173 103.19149 0.0377 0.0 60.0
-22.442173 99.46464 0.0378 2.0 59.0
-23.688961 100.84951 0.0378 2.0 59.0
-23.688961 100.84951 0.0379 1.0 60.0
-24.93575 102.23438 0.0379 1.0 60.0
-24.93575 102.23438 0.0380 0.0 61.0
-24.93575 104.09781 0.0380 0.0 61.0
-24.93575 104.09781 0.0381 0.0 62.0
-24.93575 105.961235 0.0381 0.0 62.0
-24.93575 102.23438 0.0382 0.0 61.0
-26.78894 102.4294 0.0382 0.0 61.0
-26.78894 102.4294 0.0383 0.0 62.0
-28.642132 102.62441 0.0383 0.0 62.0
-19.948597 81.78748 0.0384 12.0 49.0
-21.801788 81.9825 0.0384 12.0 49.0
-21.801788 81.9825 0.0385 11.0 50.0
-23.65498 82.17751 0.0385 11.0 50.0
-23.65498 82.17751 0.0386 10.0 51.0
-25.508171 82.37253 0.0386 10.0 51.0
-25.508171 82.37253 0.0387 9.0 52.0
-27.361362 82.56754 0.0387 9.0 52.0
-27.361362 82.56754 0.0388 4.0 53.0
-28.60815 83.952415 0.0388 4.0 53.0
-28.60815 83.952415 0.0389 3.0 54.0
-29.854939 85.33729 0.0389 3.0 54.0
-29.854939 85.33729 0.0390 0.0 55.0
-29.854939 87.200714 0.0390 0.0 55.0
-29.854939 87.200714 0.0391 0.0 56.0
-29.854939 89.06414 0.0391 0.0 56.0
-29.854939 85.33729 0.0392 2.0 55.0
-31.101727 86.72216 0.0392 2.0 55.0
-31.101727 86.72216 0.0393 1.0 56.0
-32.348515 88.10703 0.0393 1.0 56.0
-32.348515 88.10703 0.0394 0.0 57.0
-32.348515 89.97046 0.0394 0.0 57.0
-32.348515 89.97046 0.0395 0.0 58.0
-32.348515 91.833885 0.0395 0.0 58.0
-32.348515 88.10703 0.0396 0.0 57.0
-34.201706 88.30205 0.0396 0.0 57.0
-34.201706 88.30205 0.0397 0.0 58.0
-36.054897 88.49706 0.0397 0.0 58.0
-27.361362 82.56754 0.0398 8.0 53.0
-29.214554 82.76256 0.0398 8.0 53.0
-29.214554 82.76256 0.0399 7.0 54.0
-31.067745 82.95757 0.0399 7.0 54.0
-31.067745 82.95757 0.0400 6.0 55.0
-32.920937 83.15259 0.0400 6.0 55.0
-32.920937 83.15259 0.0401 5.0 56.0
-34.774128 83.3476 0.0401 5.0 56.0
-34.774128 83.3476 0.0402 4.0 57.0
-36.020916 84.732475 0.0402 4.0 57.0
-36.020916 84.732475 0.0403 3.0 58.0
-37.267704 86.11735 0.0403 3.0 58.0
-37.267704 86.11735 0.0404 0.0 59.0
-37.267704 87.980774 0.0404 0.0 59.0
-37.267704 87.980774 0.0405 0.0 60.0
-37.267704 89.8442 0.0405 0.0 60.0
-37.267704 86.11735 0.0406 2.0 59.0
-38.514492 87.50222 0.0406 2.0 59.0
-38.514492 87.50222 0.0407 1.0 60.0
-39.76128 88.88709 0.0407 1.0 60.0
-39.76128 88.88709 0.0408 0.0 61.0
-39.76128 90.75052 0.0408 0.0 61.0
-39.76128 90.75052 0.0409 0.0 62.0
-39.76128 92.613945 0.0409 0.0 62.0
-39.76128 88.88709 0.0410 0.0 61.0
-41.61447 89.08211 0.0410 0.0 61.0
-41.61447 89.08211 0.0411 0.0 62.0
-43.467663 89.27712 0.0411 0.0 62.0
-34.774128 83.3476 0.0412 4.0 57.0
-36.28187 82.252594 0.0412 4.0 57.0
-36.28187 82.252594 0.0413 3.0 58.0
-37.789616 81.157585 0.0413 3.0 58.0
-37.789616 81.157585 0.0414 0.0 59.0
-39.642807 81.35259 0.0414 0.0 59.0
-39.642807 81.35259 0.0415 0.0 60.0
-41.496 81.5476 0.0415 0.0 60.0
-37.789616 81.157585 0.0416 2.0 59.0
-39.29736 80.06258 0.0416 2.0 59.0
-39.29736 80.06258 0.0417 1.0 60.0
-40.805103 78.96757 0.0417 1.0 60.0
-40.805103 78.96757 0.0418 0.0 61.0
-42.658295 79.162575 0.0418 0.0 61.0
-42.658295 79.162575 0.0419 0.0 62.0
-44.511486 79.35758 0.0419 0.0 62.0
-40.805103 78.96757 0.0420 0.0 61.0
-41.192986 77.14496 0.0420 0.0 61.0
-41.192986 77.14496 0.0421 0.0 62.0
-41.580868 75.32235 0.0421 0.0 62.0
