0.0 0.0 0.00 11.0 1.0
0.0 1.942405 0.00 11.0 1.0
0.0 1.942405 0.01 10.0 2.0
0.0 3.88481 0.01 10.0 2.0
0.0 3.88481 0.02 1.0 3.0
0.0 5.827215 0.02 1.0 3.0
0.0 5.827215 0.03 0.0 4.0
-1.0579684 7.456215 0.03 0.0 4.0
-1.0579684 7.456215 0.04 0.0 5.0
-2.832501 8.246134 0.04 0.0 5.0
0.0 3.88481 0.05 1.0 3.0
-1.9184577 3.5807428 0.05 1.0 3.0
-1.9184577 3.5807428 0.06 0.0 4.0
-3.6929903 4.3706617 0.06 0.0 4.0
-3.6929903 4.3706617 0.07 0.0 5.0
-4.750959 5.9996614 0.07 0.0 5.0
0.0 3.88481 0.08 9.0 3.0
-1.7745324 4.674729 0.08 9.0 3.0
-1.7745324 4.674729 0.09 8.0 4.0
-3.5490649 5.464648 0.09 8.0 4.0
-3.5490649 5.464648 0.010 1.0 5.0
-5.3235974 6.2545667 0.010 1.0 5.0
-5.3235974 6.2545667 0.011 0.0 6.0
-7.242055 5.9504995 0.011 0.0 6.0
-7.242055 5.9504995 0.012 0.0 7.0
-8.685355 4.650568 0.012 0.0 7.0
-3.5490649 5.464648 0.013 1.0 5.0
-4.0514574 3.588338 0.013 1.0 5.0
-4.0514574 3.588338 0.014 0.0 6.0
-5.4947577 2.2884066 0.014 0.0 6.0
-5.4947577 2.2884066 0.015 0.0 7.0
-7.4132156 1.9843395 0.015 0.0 7.0
-3.5490649 5.464648 0.016 7.0 5.0
-5.3235974 6.2545667 0.016 7.0 5.0
-5.3235974 6.2545667 0.017 6.0 6.0
-7.0981297 7.0444856 0.017 6.0 6.0
-7.0981297 7.0444856 0.018 1.0 7.0
-8.872663 7.8344045 0.018 1.0 7.0
-8.872663 7.8344045 0.019 0.0 8.0
-10.791121 7.5303373 0.019 0.0 8.0
-10.791121 7.5303373 0.020 0.0 9.0
-12.234421 6.230406 0.020 0.0 9.0
-7.0981297 7.0444856 0.021 1.0 7.0
-7.600522 5.1681757 0.021 1.0 7.0
-7.600522 5.1681757 0.022 0.0 8.0
-9.043822 3.8682444 0.022 0.0 8.0
-9.043822 3.8682444 0.023 0.0 9.0
-10.96228 3.5641773 0.023 0.0 9.0
-7.0981297 7.0444856 0.024 5.0 7.0
-7.600522 5.1681757 0.024 5.0 7.0
-7.600522 5.1681757 0.025 4.0 8.0
-8.102915 3.2918658 0.025 4.0 8.0
-8.102915 3.2918658 0.026 1.0 9.0
-8.605308 1.415556 0.026 1.0 9.0
-8.605308 1.415556 0.027 0.0 10.0
-8.004671 -0.43165088 0.027 0.0 10.0
-8.004671 -0.43165088 0.028 0.0 11.0
-6.49483 -1.6536644 0.028 0.0 11.0
-8.102915 3.2918658 0.029 1.0 9.0
-6.171092 3.0893877 0.029 1.0 9.0
-6.171092 3.0893877 0.030 0.0 10.0
-4.661251 1.8673742 0.030 0.0 10.0
-4.661251 1.8673742 0.031 0.0 11.0
-4.0606146 0.02016735 0.031 0.0 11.0
-8.102915 3.2918658 0.032 3.0 9.0
-6.171092 3.0893877 0.032 3.0 9.0
-6.171092 3.0893877 0.033 2.0 10.0
-4.2392693 2.8869095 0.033 2.0 10.0
-4.2392693 2.8869095 0.034 1.0 11.0
-2.3074465 2.6844313 0.034 1.0 11.0
-2.3074465 2.6844313 0.035 0.0 12.0
-0.57703793 3.5668278 0.035 0.0 12.0
-0.57703793 3.5668278 0.036 0.0 13.0
0.39355606 5.249351 0.036 0.0 13.0
-4.2392693 2.8869095 0.037 1.0 11.0
-4.341699 4.826612 0.037 1.0 11.0
-4.341699 4.826612 0.038 0.0 12.0
-3.3711052 6.5091352 0.038 0.0 12.0
-3.3711052 6.5091352 0.039 0.0 13.0
-1.6406966 7.391532 0.039 0.0 13.0
-3.5490649 5.464648 0.040 7.0 5.0
-4.0514574 3.588338 0.040 7.0 5.0
-4.0514574 3.588338 0.041 6.0 6.0
-4.55385 1.712028 0.041 6.0 6.0
-4.55385 1.712028 0.042 1.0 7.0
-5.056243 -0.16428185 0.042 1.0 7.0
-5.056243 -0.16428185 0.043 0.0 8.0
-4.4556065 -2.0114887 0.043 0.0 8.0
-4.4556065 -2.0114887 0.044 0.0 9.0
-2.9457655 -3.2335021 0.044 0.0 9.0
-4.55385 1.712028 0.045 1.0 7.0
-2.6220274 1.5095499 0.045 1.0 7.0
-2.6220274 1.5095499 0.046 0.0 8.0
-1.1121863 0.28753638 0.046 0.0 8.0
-1.1121863 0.28753638 0.047 0.0 9.0
-0.51154983 -1.5596704 0.047 0.0 9.0
-4.55385 1.712028 0.048 5.0 7.0
-3.9532137 -0.1351788 0.048 5.0 7.0
-3.9532137 -0.1351788 0.049 4.0 8.0
-3.3525772 -1.9823856 0.049 4.0 8.0
-3.3525772 -1.9823856 0.050 1.0 9.0
-2.7519407 -3.8295925 0.050 1.0 9.0
-2.7519407 -3.8295925 0.051 0.0 10.0
-1.2420996 -5.051606 0.051 0.0 10.0
-1.2420996 -5.051606 0.052 0.0 11.0
0.68972325 -5.254084 0.052 0.0 11.0
-3.3525772 -1.9823856 0.053 1.0 9.0
-1.6221687 -1.0999892 0.053 1.0 9.0
-1.6221687 -1.0999892 0.054 0.0 10.0
0.30965424 -1.3024673 0.054 0.0 10.0
0.30965424 -1.3024673 0.055 0.0 11.0
1.8194953 -2.5244808 0.055 0.0 11.0
-3.3525772 -1.9823856 0.056 3.0 9.0
-1.8427361 -3.204399 0.056 3.0 9.0
-1.8427361 -3.204399 0.057 2.0 10.0
-0.33289504 -4.4264126 0.057 2.0 10.0
-0.33289504 -4.4264126 0.058 1.0 11.0
1.176946 -5.648426 0.058 1.0 11.0
1.176946 -5.648426 0.059 0.0 12.0
3.108769 -5.850904 0.059 0.0 12.0
3.108769 -5.850904 0.060 0.0 13.0
4.8391776 -4.9685073 0.060 0.0 13.0
-0.33289504 -4.4264126 0.061 1.0 11.0
0.63769895 -2.7438893 0.061 1.0 11.0
0.63769895 -2.7438893 0.062 0.0 12.0
2.3681076 -1.8614929 0.062 0.0 12.0
2.3681076 -1.8614929 0.063 0.0 13.0
4.2999306 -2.063971 0.063 0.0 13.0
