0.0 0.0 0.00 14.0 1.0
-0.6235967 1.0004725 0.00 14.0 1.0
-0.6235967 1.0004725 0.01 0.0 2.0
-1.6638834 1.5551088 0.01 0.0 2.0
-0.6235967 1.0004725 0.02 13.0 2.0
-1.2471935 2.000945 0.02 13.0 2.0
-1.2471935 2.000945 0.03 0.0 3.0
-1.2870078 3.179178 0.03 0.0 3.0
-1.2870078 3.179178 0.04 0.0 4.0
-1.9106045 4.1796503 0.04 0.0 4.0
-1.2870078 3.179178 0.05 0.0 4.0
-1.3268222 4.357411 0.05 0.0 4.0
-1.2471935 2.000945 0.06 12.0 3.0
-1.8707902 3.0014176 0.06 12.0 3.0
-1.8707902 3.0014176 0.07 0.0 4.0
-2.911077 3.5560539 0.07 0.0 4.0
-1.8707902 3.0014176 0.08 11.0 4.0
-2.494387 4.00189 0.08 11.0 4.0
-2.494387 4.00189 0.09 2.0 5.0
-2.5342014 5.1801233 0.09 2.0 5.0
-2.5342014 5.1801233 0.010 0.0 6.0
-3.157798 6.180596 0.010 0.0 6.0
-2.5342014 5.1801233 0.011 1.0 6.0
-2.5740159 6.3583565 0.011 1.0 6.0
-2.5740159 6.3583565 0.012 0.0 7.0
-2.0193796 7.3986435 0.012 0.0 7.0
-2.0193796 7.3986435 0.013 0.0 8.0
-2.059194 8.576877 0.013 0.0 8.0
-2.0193796 7.3986435 0.014 0.0 8.0
-1.4647434 8.4389305 0.014 0.0 8.0
-2.5740159 6.3583565 0.015 0.0 7.0
-2.6138303 7.5365896 0.015 0.0 7.0
-2.6138303 7.5365896 0.016 0.0 8.0
-3.237427 8.537062 0.016 0.0 8.0
-2.6138303 7.5365896 0.017 0.0 8.0
-2.6536448 8.714823 0.017 0.0 8.0
-2.494387 4.00189 0.018 10.0 5.0
-3.1179836 5.0023627 0.018 10.0 5.0
-3.1179836 5.0023627 0.019 0.0 6.0
-4.1582704 5.556999 0.019 0.0 6.0
-3.1179836 5.0023627 0.020 9.0 6.0
-3.7415802 6.0028353 0.020 9.0 6.0
-3.7415802 6.0028353 0.021 0.0 7.0
-3.7813947 7.1810684 0.021 0.0 7.0
-3.7813947 7.1810684 0.022 0.0 8.0
-4.4049916 8.181541 0.022 0.0 8.0
-3.7813947 7.1810684 0.023 0.0 8.0
-3.8212092 8.359302 0.023 0.0 8.0
-3.7415802 6.0028353 0.024 8.0 7.0
-4.365177 7.003308 0.024 8.0 7.0
-4.365177 7.003308 0.025 0.0 8.0
-5.405464 7.5579443 0.025 0.0 8.0
-4.365177 7.003308 0.026 7.0 8.0
-4.988774 8.00378 0.026 7.0 8.0
-4.988774 8.00378 0.027 6.0 9.0
-6.0290604 8.558416 0.027 6.0 9.0
-6.0290604 8.558416 0.028 0.0 10.0
-7.2072935 8.518602 0.028 0.0 10.0
-6.0290604 8.558416 0.029 5.0 10.0
-7.0693474 9.113052 0.029 5.0 10.0
-7.0693474 9.113052 0.030 0.0 11.0
-7.692944 10.113525 0.030 0.0 11.0
-7.692944 10.113525 0.031 0.0 12.0
-8.733231 10.668161 0.031 0.0 12.0
-7.692944 10.113525 0.032 0.0 12.0
-8.316541 11.113998 0.032 0.0 12.0
-7.0693474 9.113052 0.033 4.0 11.0
-8.109634 9.667688 0.033 4.0 11.0
-8.109634 9.667688 0.034 0.0 12.0
-9.287868 9.627874 0.034 0.0 12.0
-8.109634 9.667688 0.035 3.0 12.0
-9.149921 10.222324 0.035 3.0 12.0
-9.149921 10.222324 0.036 2.0 13.0
-9.773519 11.222797 0.036 2.0 13.0
-9.773519 11.222797 0.037 0.0 14.0
-10.813806 11.777433 0.037 0.0 14.0
-9.773519 11.222797 0.038 1.0 14.0
-10.397116 12.22327 0.038 1.0 14.0
-10.397116 12.22327 0.039 0.0 15.0
-10.43693 13.401504 0.039 0.0 15.0
-10.43693 13.401504 0.040 0.0 16.0
-11.060527 14.401976 0.040 0.0 16.0
-10.43693 13.401504 0.041 0.0 16.0
-10.476744 14.579737 0.041 0.0 16.0
-10.397116 12.22327 0.042 0.0 15.0
-11.020713 13.223743 0.042 0.0 15.0
-11.020713 13.223743 0.043 0.0 16.0
-12.061 13.778379 0.043 0.0 16.0
-11.020713 13.223743 0.044 0.0 16.0
-11.64431 14.224216 0.044 0.0 16.0
-9.149921 10.222324 0.045 2.0 13.0
-10.190208 10.77696 0.045 2.0 13.0
-10.190208 10.77696 0.046 0.0 14.0
-11.368442 10.737146 0.046 0.0 14.0
-10.190208 10.77696 0.047 1.0 14.0
-11.230495 11.331596 0.047 1.0 14.0
-11.230495 11.331596 0.048 0.0 15.0
-11.854093 12.332069 0.048 0.0 15.0
-11.854093 12.332069 0.049 0.0 16.0
-12.89438 12.886705 0.049 0.0 16.0
-11.854093 12.332069 0.050 0.0 16.0
-12.47769 13.332542 0.050 0.0 16.0
-11.230495 11.331596 0.051 0.0 15.0
-12.270782 11.886232 0.051 0.0 15.0
-12.270782 11.886232 0.052 0.0 16.0
-13.449016 11.846418 0.052 0.0 16.0
-12.270782 11.886232 0.053 0.0 16.0
-13.3110695 12.440868 0.053 0.0 16.0
-4.988774 8.00378 0.054 6.0 9.0
-5.6123705 9.004253 0.054 6.0 9.0
-5.6123705 9.004253 0.055 0.0 10.0
-6.6526575 9.558889 0.055 0.0 10.0
-5.6123705 9.004253 0.056 5.0 10.0
-6.235967 10.004726 0.056 5.0 10.0
-6.235967 10.004726 0.057 0.0 11.0
-6.2757816 11.18296 0.057 0.0 11.0
-6.2757816 11.18296 0.058 0.0 12.0
-6.8993783 12.183432 0.058 0.0 12.0
-6.2757816 11.18296 0.059 0.0 12.0
-6.315596 12.361193 0.059 0.0 12.0
-6.235967 10.004726 0.060 4.0 11.0
-6.859564 11.005199 0.060 4.0 11.0
-6.859564 11.005199 0.061 0.0 12.0
-7.899851 11.559835 0.061 0.0 12.0
-6.859564 11.005199 0.062 3.0 12.0
-7.4831605 12.005672 0.062 3.0 12.0
-7.4831605 12.005672 0.063 2.0 13.0
-7.522975 13.183906 0.063 2.0 13.0
-7.522975 13.183906 0.064 0.0 14.0
-8.146572 14.184378 0.064 0.0 14.0
-7.522975 13.183906 0.065 1.0 14.0
-7.5627894 14.362139 0.065 1.0 14.0
-7.5627894 14.362139 0.066 0.0 15.0
-7.008153 15.402426 0.066 0.0 15.0
-7.008153 15.402426 0.067 0.0 16.0
-7.0479674 16.580658 0.067 0.0 16.0
-7.008153 15.402426 0.068 0.0 16.0
-6.453517 16.442713 0.068 0.0 16.0
-7.5627894 14.362139 0.069 0.0 15.0
-7.602604 15.540372 0.069 0.0 15.0
-7.602604 15.540372 0.070 0.0 16.0
-8.226201 16.540844 0.070 0.0 16.0
-7.602604 15.540372 0.071 0.0 16.0
-7.6424184 16.718605 0.071 0.0 16.0
-7.4831605 12.005672 0.072 2.0 13.0
-8.106757 13.0061455 0.072 2.0 13.0
-8.106757 13.0061455 0.073 0.0 14.0
-9.147044 13.5607815 0.073 0.0 14.0
-8.106757 13.0061455 0.074 1.0 14.0
-8.730354 14.0066185 0.074 1.0 14.0
-8.730354 14.0066185 0.075 0.0 15.0
-8.770168 15.184852 0.075 0.0 15.0
-8.770168 15.184852 0.076 0.0 16.0
-9.393765 16.185324 0.076 0.0 16.0
-8.770168 15.184852 0.077 0.0 16.0
-8.809982 16.363085 0.077 0.0 16.0
-8.730354 14.0066185 0.078 0.0 15.0
-9.353951 15.0070915 0.078 0.0 15.0
-9.353951 15.0070915 0.079 0.0 16.0
-10.394238 15.561728 0.079 0.0 16.0
-9.353951 15.0070915 0.080 0.0 16.0
-9.977549 16.007565 0.080 0.0 16.0
