0.0 0.0 0.00 29.0 1.0
0.0 3.0199113 0.00 29.0 1.0
0.0 3.0199113 0.01 0.0 2.0
1.9278033 5.344441 0.01 0.0 2.0
0.0 3.0199113 0.02 28.0 2.0
0.0 6.0398226 0.02 28.0 2.0
0.0 6.0398226 0.03 0.0 3.0
-1.9278033 8.364352 0.03 0.0 3.0
0.0 6.0398226 0.04 0.0 3.0
0.0 9.059734 0.04 0.0 3.0
0.0 6.0398226 0.05 1.0 3.0
-1.9278033 8.364352 0.05 1.0 3.0
-1.9278033 8.364352 0.06 0.0 4.0
-1.9278033 11.384264 0.06 0.0 4.0
-1.9278033 8.364352 0.07 0.0 4.0
-3.8556066 10.688882 0.07 0.0 4.0
-3.8556066 10.688882 0.08 0.0 5.0
-6.8233995 11.247512 0.08 0.0 5.0
-3.8556066 10.688882 0.09 0.0 5.0
-5.78341 13.0134115 0.09 0.0 5.0
0.0 6.0398226 0.010 27.0 3.0
0.0 9.059734 0.010 27.0 3.0
0.0 9.059734 0.011 0.0 4.0
1.9278033 11.384264 0.011 0.0 4.0
0.0 9.059734 0.012 26.0 4.0
0.0 12.079645 0.012 26.0 4.0
0.0 12.079645 0.013 0.0 5.0
-1.9278033 14.404175 0.013 0.0 5.0
0.0 12.079645 0.014 0.0 5.0
0.0 15.099556 0.014 0.0 5.0
0.0 12.079645 0.015 1.0 5.0
1.9278033 14.404175 0.015 1.0 5.0
1.9278033 14.404175 0.016 0.0 6.0
4.8955965 14.962805 0.016 0.0 6.0
1.9278033 14.404175 0.017 0.0 6.0
3.8556066 16.728704 0.017 0.0 6.0
3.8556066 16.728704 0.018 0.0 7.0
3.8556066 19.748615 0.018 0.0 7.0
3.8556066 16.728704 0.019 0.0 7.0
5.78341 19.053234 0.019 0.0 7.0
0.0 12.079645 0.020 1.0 5.0
0.0 15.099556 0.020 1.0 5.0
0.0 15.099556 0.021 0.0 6.0
1.9278033 17.424086 0.021 0.0 6.0
0.0 15.099556 0.022 0.0 6.0
0.0 18.119467 0.022 0.0 6.0
0.0 18.119467 0.023 0.0 7.0
-1.9278033 20.443996 0.023 0.0 7.0
0.0 18.119467 0.024 0.0 7.0
0.0 21.139378 0.024 0.0 7.0
0.0 12.079645 0.025 5.0 5.0
1.9278033 14.404175 0.025 5.0 5.0
1.9278033 14.404175 0.026 0.0 6.0
4.8955965 14.962805 0.026 0.0 6.0
1.9278033 14.404175 0.027 4.0 6.0
3.8556066 16.728704 0.027 4.0 6.0
3.8556066 16.728704 0.028 0.0 7.0
3.8556066 19.748615 0.028 0.0 7.0
3.8556066 16.728704 0.029 0.0 7.0
5.78341 19.053234 0.029 0.0 7.0
3.8556066 16.728704 0.030 1.0 7.0
3.8556066 19.748615 0.030 1.0 7.0
3.8556066 19.748615 0.031 0.0 8.0
5.78341 22.073145 0.031 0.0 8.0
3.8556066 19.748615 0.032 0.0 8.0
3.8556066 22.768526 0.032 0.0 8.0
3.8556066 22.768526 0.033 0.0 9.0
1.9278033 25.093056 0.033 0.0 9.0
3.8556066 22.768526 0.034 0.0 9.0
3.8556066 25.788437 0.034 0.0 9.0
3.8556066 16.728704 0.035 3.0 7.0
5.78341 19.053234 0.035 3.0 7.0
5.78341 19.053234 0.036 0.0 8.0
8.751204 19.611864 0.036 0.0 8.0
5.78341 19.053234 0.037 2.0 8.0
7.711213 21.377764 0.037 2.0 8.0
7.711213 21.377764 0.038 0.0 9.0
7.711213 24.397675 0.038 0.0 9.0
7.711213 21.377764 0.039 0.0 9.0
9.639016 23.702293 0.039 0.0 9.0
7.711213 21.377764 0.040 1.0 9.0
10.679007 21.936394 0.040 1.0 9.0
10.679007 21.936394 0.041 0.0 10.0
13.320029 20.471857 0.041 0.0 10.0
10.679007 21.936394 0.042 0.0 10.0
13.6468 22.495024 0.042 0.0 10.0
13.6468 22.495024 0.043 0.0 11.0
15.574603 24.819553 0.043 0.0 11.0
13.6468 22.495024 0.044 0.0 11.0
16.614594 23.053654 0.044 0.0 11.0
7.711213 21.377764 0.045 1.0 9.0
9.639016 23.702293 0.045 1.0 9.0
9.639016 23.702293 0.046 0.0 10.0
12.60681 24.260923 0.046 0.0 10.0
9.639016 23.702293 0.047 0.0 10.0
11.566819 26.026823 0.047 0.0 10.0
11.566819 26.026823 0.048 0.0 11.0
11.566819 29.046734 0.048 0.0 11.0
11.566819 26.026823 0.049 0.0 11.0
13.494622 28.351353 0.049 0.0 11.0
0.0 12.079645 0.050 25.0 5.0
0.0 15.099556 0.050 25.0 5.0
0.0 15.099556 0.051 0.0 6.0
1.9278033 17.424086 0.051 0.0 6.0
0.0 15.099556 0.052 24.0 6.0
0.0 18.119467 0.052 24.0 6.0
0.0 18.119467 0.053 0.0 7.0
-1.9278033 20.443996 0.053 0.0 7.0
0.0 18.119467 0.054 0.0 7.0
0.0 21.139378 0.054 0.0 7.0
0.0 18.119467 0.055 1.0 7.0
-1.9278033 20.443996 0.055 1.0 7.0
-1.9278033 20.443996 0.056 0.0 8.0
-1.9278033 23.463907 0.056 0.0 8.0
-1.9278033 20.443996 0.057 0.0 8.0
-3.8556066 22.768526 0.057 0.0 8.0
-3.8556066 22.768526 0.058 0.0 9.0
-6.8233995 23.327156 0.058 0.0 9.0
-3.8556066 22.768526 0.059 0.0 9.0
-5.78341 25.093056 0.059 0.0 9.0
0.0 18.119467 0.060 23.0 7.0
0.0 21.139378 0.060 23.0 7.0
0.0 21.139378 0.061 0.0 8.0
1.9278033 23.463907 0.061 0.0 8.0
0.0 21.139378 0.062 22.0 8.0
0.0 24.159288 0.062 22.0 8.0
0.0 24.159288 0.063 0.0 9.0
-1.9278033 26.483818 0.063 0.0 9.0
0.0 24.159288 0.064 0.0 9.0
0.0 27.1792 0.064 0.0 9.0
0.0 24.159288 0.065 1.0 9.0
1.9278033 26.483818 0.065 1.0 9.0
1.9278033 26.483818 0.066 0.0 10.0
4.8955965 27.042448 0.066 0.0 10.0
1.9278033 26.483818 0.067 0.0 10.0
3.8556066 28.808348 0.067 0.0 10.0
3.8556066 28.808348 0.068 0.0 11.0
3.8556066 31.828259 0.068 0.0 11.0
3.8556066 28.808348 0.069 0.0 11.0
5.78341 31.132877 0.069 0.0 11.0
0.0 24.159288 0.070 1.0 9.0
0.0 27.1792 0.070 1.0 9.0
0.0 27.1792 0.071 0.0 10.0
1.9278033 29.503729 0.071 0.0 10.0
0.0 27.1792 0.072 0.0 10.0
0.0 30.19911 0.072 0.0 10.0
0.0 30.19911 0.073 0.0 11.0
-1.9278033 32.52364 0.073 0.0 11.0
0.0 30.19911 0.074 0.0 11.0
0.0 33.21902 0.074 0.0 11.0
0.0 24.159288 0.075 5.0 9.0
-1.9278033 26.483818 0.075 5.0 9.0
-1.9278033 26.483818 0.076 0.0 10.0
-1.9278033 29.503729 0.076 0.0 10.0
-1.9278033 26.483818 0.077 4.0 10.0
-3.8556066 28.808348 0.077 4.0 10.0
-3.8556066 28.808348 0.078 0.0 11.0
-6.8233995 29.366978 0.078 0.0 11.0
-3.8556066 28.808348 0.079 0.0 11.0
-5.78341 31.132877 0.079 0.0 11.0
-3.8556066 28.808348 0.080 1.0 11.0
-6.8233995 29.366978 0.080 1.0 11.0
-6.8233995 29.366978 0.081 0.0 12.0
-8.751203 31.691507 0.081 0.0 12.0
-6.8233995 29.366978 0.082 0.0 12.0
-9.791193 29.925608 0.082 0.0 12.0
-9.791193 29.925608 0.083 0.0 13.0
-12.432216 28.461071 0.083 0.0 13.0
-9.791193 29.925608 0.084 0.0 13.0
-12.758986 30.484238 0.084 0.0 13.0
-3.8556066 28.808348 0.085 3.0 11.0
-5.78341 31.132877 0.085 3.0 11.0
-5.78341 31.132877 0.086 0.0 12.0
-5.78341 34.15279 0.086 0.0 12.0
-5.78341 31.132877 0.087 2.0 12.0
-7.711213 33.457405 0.087 2.0 12.0
-7.711213 33.457405 0.088 0.0 13.0
-10.679007 34.016037 0.088 0.0 13.0
-7.711213 33.457405 0.089 0.0 13.0
-9.639016 35.781937 0.089 0.0 13.0
-7.711213 33.457405 0.090 1.0 13.0
-7.711213 36.477318 0.090 1.0 13.0
-7.711213 36.477318 0.091 0.0 14.0
-5.78341 38.80185 0.091 0.0 14.0
-7.711213 36.477318 0.092 0.0 14.0
-7.711213 39.49723 0.092 0.0 14.0
-7.711213 39.49723 0.093 0.0 15.0
-9.639016 41.821762 0.093 0.0 15.0
-7.711213 39.49723 0.094 0.0 15.0
-7.711213 42.517143 0.094 0.0 15.0
-7.711213 33.457405 0.095 1.0 13.0
-9.639016 35.781937 0.095 1.0 13.0
-9.639016 35.781937 0.096 0.0 14.0
-9.639016 38.80185 0.096 0.0 14.0
-9.639016 35.781937 0.097 0.0 14.0
-11.566819 38.10647 0.097 0.0 14.0
-11.566819 38.10647 0.098 0.0 15.0
-14.534613 38.6651 0.098 0.0 15.0
-11.566819 38.10647 0.099 0.0 15.0
-13.494622 40.431 0.099 0.0 15.0
0.0 24.159288 0.0100 5.0 9.0
0.0 27.1792 0.0100 5.0 9.0
0.0 27.1792 0.0101 0.0 10.0
1.9278033 29.503729 0.0101 0.0 10.0
0.0 27.1792 0.0102 4.0 10.0
0.0 30.19911 0.0102 4.0 10.0
0.0 30.19911 0.0103 0.0 11.0
-1.9278033 32.52364 0.0103 0.0 11.0
0.0 30.19911 0.0104 0.0 11.0
0.0 33.21902 0.0104 0.0 11.0
0.0 30.19911 0.0105 1.0 11.0
-1.9278033 32.52364 0.0105 1.0 11.0
-1.9278033 32.52364 0.0106 0.0 12.0
-1.9278033 35.543552 0.0106 0.0 12.0
-1.9278033 32.52364 0.0107 0.0 12.0
-3.8556066 34.848167 0.0107 0.0 12.0
-3.8556066 34.848167 0.0108 0.0 13.0
-6.8233995 35.4068 0.0108 0.0 13.0
-3.8556066 34.848167 0.0109 0.0 13.0
-5.78341 37.1727 0.0109 0.0 13.0
0.0 30.19911 0.0110 3.0 11.0
0.0 33.21902 0.0110 3.0 11.0
0.0 33.21902 0.0111 0.0 12.0
1.9278033 35.54355 0.0111 0.0 12.0
0.0 33.21902 0.0112 2.0 12.0
0.0 36.238934 0.0112 2.0 12.0
0.0 36.238934 0.0113 0.0 13.0
-1.9278033 38.56346 0.0113 0.0 13.0
0.0 36.238934 0.0114 0.0 13.0
0.0 39.258846 0.0114 0.0 13.0
0.0 36.238934 0.0115 1.0 13.0
1.9278033 38.56346 0.0115 1.0 13.0
1.9278033 38.56346 0.0116 0.0 14.0
4.8955965 39.122093 0.0116 0.0 14.0
1.9278033 38.56346 0.0117 0.0 14.0
3.8556066 40.887993 0.0117 0.0 14.0
3.8556066 40.887993 0.0118 0.0 15.0
3.8556066 43.907906 0.0118 0.0 15.0
3.8556066 40.887993 0.0119 0.0 15.0
5.78341 43.212524 0.0119 0.0 15.0
0.0 36.238934 0.0120 1.0 13.0
0.0 39.258846 0.0120 1.0 13.0
0.0 39.258846 0.0121 0.0 14.0
1.9278033 41.583374 0.0121 0.0 14.0
0.0 39.258846 0.0122 0.0 14.0
0.0 42.27876 0.0122 0.0 14.0
0.0 42.27876 0.0123 0.0 15.0
-1.9278033 44.603287 0.0123 0.0 15.0
0.0 42.27876 0.0124 0.0 15.0
0.0 45.29867 0.0124 0.0 15.0
0.0 24.159288 0.0125 13.0 9.0
1.9278033 26.483818 0.0125 13.0 9.0
1.9278033 26.483818 0.0126 0.0 10.0
4.8955965 27.042448 0.0126 0.0 10.0
1.9278033 26.483818 0.0127 12.0 10.0
3.8556066 28.808348 0.0127 12.0 10.0
3.8556066 28.808348 0.0128 0.0 11.0
3.8556066 31.828259 0.0128 0.0 11.0
3.8556066 28.808348 0.0129 0.0 11.0
5.78341 31.132877 0.0129 0.0 11.0
3.8556066 28.808348 0.0130 1.0 11.0
3.8556066 31.828259 0.0130 1.0 11.0
3.8556066 31.828259 0.0131 0.0 12.0
5.78341 34.152786 0.0131 0.0 12.0
3.8556066 31.828259 0.0132 0.0 12.0
3.8556066 34.84817 0.0132 0.0 12.0
3.8556066 34.84817 0.0133 0.0 13.0
1.9278033 37.1727 0.0133 0.0 13.0
3.8556066 34.84817 0.0134 0.0 13.0
3.8556066 37.868084 0.0134 0.0 13.0
3.8556066 28.808348 0.0135 11.0 11.0
5.78341 31.132877 0.0135 11.0 11.0
5.78341 31.132877 0.0136 0.0 12.0
8.751204 31.691507 0.0136 0.0 12.0
5.78341 31.132877 0.0137 10.0 12.0
7.711213 33.457405 0.0137 10.0 12.0
7.711213 33.457405 0.0138 0.0 13.0
7.711213 36.477318 0.0138 0.0 13.0
7.711213 33.457405 0.0139 0.0 13.0
9.639016 35.781937 0.0139 0.0 13.0
7.711213 33.457405 0.0140 1.0 13.0
10.679007 34.016037 0.0140 1.0 13.0
10.679007 34.016037 0.0141 0.0 14.0
13.320029 32.551502 0.0141 0.0 14.0
10.679007 34.016037 0.0142 0.0 14.0
13.6468 34.57467 0.0142 0.0 14.0
13.6468 34.57467 0.0143 0.0 15.0
15.574603 36.8992 0.0143 0.0 15.0
13.6468 34.57467 0.0144 0.0 15.0
16.614594 35.1333 0.0144 0.0 15.0
7.711213 33.457405 0.0145 1.0 13.0
9.639016 35.781937 0.0145 1.0 13.0
9.639016 35.781937 0.0146 0.0 14.0
12.60681 36.34057 0.0146 0.0 14.0
9.639016 35.781937 0.0147 0.0 14.0
11.566819 38.10647 0.0147 0.0 14.0
11.566819 38.10647 0.0148 0.0 15.0
11.566819 41.12638 0.0148 0.0 15.0
11.566819 38.10647 0.0149 0.0 15.0
13.494622 40.431 0.0149 0.0 15.0
7.711213 33.457405 0.0150 5.0 13.0
10.679007 34.016037 0.0150 5.0 13.0
10.679007 34.016037 0.0151 0.0 14.0
13.320029 32.551502 0.0151 0.0 14.0
10.679007 34.016037 0.0152 4.0 14.0
13.6468 34.57467 0.0152 4.0 14.0
13.6468 34.57467 0.0153 0.0 15.0
15.574603 36.8992 0.0153 0.0 15.0
13.6468 34.57467 0.0154 0.0 15.0
16.614594 35.1333 0.0154 0.0 15.0
13.6468 34.57467 0.0155 1.0 15.0
15.574603 36.8992 0.0155 1.0 15.0
15.574603 36.8992 0.0156 0.0 16.0
18.542397 37.457832 0.0156 0.0 16.0
15.574603 36.8992 0.0157 0.0 16.0
17.502407 39.223732 0.0157 0.0 16.0
17.502407 39.223732 0.0158 0.0 17.0
17.502407 42.243645 0.0158 0.0 17.0
17.502407 39.223732 0.0159 0.0 17.0
19.43021 41.548264 0.0159 0.0 17.0
13.6468 34.57467 0.0160 3.0 15.0
16.614594 35.1333 0.0160 3.0 15.0
16.614594 35.1333 0.0161 0.0 16.0
19.255615 33.668766 0.0161 0.0 16.0
16.614594 35.1333 0.0162 2.0 16.0
19.582386 35.691933 0.0162 2.0 16.0
19.582386 35.691933 0.0163 0.0 17.0
21.51019 38.016464 0.0163 0.0 17.0
19.582386 35.691933 0.0164 0.0 17.0
22.550179 36.250565 0.0164 0.0 17.0
19.582386 35.691933 0.0165 1.0 17.0
22.223408 34.227398 0.0165 1.0 17.0
22.223408 34.227398 0.0166 0.0 18.0
23.321386 31.41416 0.0166 0.0 18.0
22.223408 34.227398 0.0167 0.0 18.0
24.86443 32.762863 0.0167 0.0 18.0
24.86443 32.762863 0.0168 0.0 19.0
27.832222 33.321495 0.0168 0.0 19.0
24.86443 32.762863 0.0169 0.0 19.0
27.505451 31.298326 0.0169 0.0 19.0
19.582386 35.691933 0.0170 1.0 17.0
22.550179 36.250565 0.0170 1.0 17.0
22.550179 36.250565 0.0171 0.0 18.0
25.1912 34.78603 0.0171 0.0 18.0
22.550179 36.250565 0.0172 0.0 18.0
25.517971 36.809196 0.0172 0.0 18.0
25.517971 36.809196 0.0173 0.0 19.0
27.445774 39.133728 0.0173 0.0 19.0
25.517971 36.809196 0.0174 0.0 19.0
28.485764 37.36783 0.0174 0.0 19.0
7.711213 33.457405 0.0175 9.0 13.0
9.639016 35.781937 0.0175 9.0 13.0
9.639016 35.781937 0.0176 0.0 14.0
12.60681 36.34057 0.0176 0.0 14.0
9.639016 35.781937 0.0177 8.0 14.0
11.566819 38.10647 0.0177 8.0 14.0
11.566819 38.10647 0.0178 0.0 15.0
11.566819 41.12638 0.0178 0.0 15.0
11.566819 38.10647 0.0179 0.0 15.0
13.494622 40.431 0.0179 0.0 15.0
11.566819 38.10647 0.0180 1.0 15.0
11.566819 41.12638 0.0180 1.0 15.0
11.566819 41.12638 0.0181 0.0 16.0
13.494622 43.450912 0.0181 0.0 16.0
11.566819 41.12638 0.0182 0.0 16.0
11.566819 44.146294 0.0182 0.0 16.0
11.566819 44.146294 0.0183 0.0 17.0
9.639016 46.470825 0.0183 0.0 17.0
11.566819 44.146294 0.0184 0.0 17.0
11.566819 47.166206 0.0184 0.0 17.0
11.566819 38.10647 0.0185 7.0 15.0
13.494622 40.431 0.0185 7.0 15.0
13.494622 40.431 0.0186 0.0 16.0
16.462416 40.98963 0.0186 0.0 16.0
13.494622 40.431 0.0187 6.0 16.0
15.422425 42.75553 0.0187 6.0 16.0
15.422425 42.75553 0.0188 0.0 17.0
15.422425 45.775444 0.0188 0.0 17.0
15.422425 42.75553 0.0189 0.0 17.0
17.35023 45.080063 0.0189 0.0 17.0
15.422425 42.75553 0.0190 1.0 17.0
18.390219 43.314163 0.0190 1.0 17.0
18.390219 43.314163 0.0191 0.0 18.0
21.03124 41.84963 0.0191 0.0 18.0
18.390219 43.314163 0.0192 0.0 18.0
21.358011 43.872795 0.0192 0.0 18.0
21.358011 43.872795 0.0193 0.0 19.0
23.285814 46.197327 0.0193 0.0 19.0
21.358011 43.872795 0.0194 0.0 19.0
24.325804 44.431427 0.0194 0.0 19.0
15.422425 42.75553 0.0195 1.0 17.0
17.35023 45.080063 0.0195 1.0 17.0
17.35023 45.080063 0.0196 0.0 18.0
20.318022 45.638695 0.0196 0.0 18.0
17.35023 45.080063 0.0197 0.0 18.0
19.278032 47.404594 0.0197 0.0 18.0
19.278032 47.404594 0.0198 0.0 19.0
19.278032 50.424507 0.0198 0.0 19.0
19.278032 47.404594 0.0199 0.0 19.0
21.205835 49.729126 0.0199 0.0 19.0
15.422425 42.75553 0.0200 5.0 17.0
15.422425 45.775444 0.0200 5.0 17.0
15.422425 45.775444 0.0201 0.0 18.0
17.35023 48.099976 0.0201 0.0 18.0
15.422425 45.775444 0.0202 4.0 18.0
15.422425 48.795357 0.0202 4.0 18.0
15.422425 48.795357 0.0203 0.0 19.0
13.494622 51.11989 0.0203 0.0 19.0
15.422425 48.795357 0.0204 0.0 19.0
15.422425 51.81527 0.0204 0.0 19.0
15.422425 48.795357 0.0205 1.0 19.0
13.494622 51.11989 0.0205 1.0 19.0
13.494622 51.11989 0.0206 0.0 20.0
13.494622 54.1398 0.0206 0.0 20.0
13.494622 51.11989 0.0207 0.0 20.0
11.566819 53.44442 0.0207 0.0 20.0
11.566819 53.44442 0.0208 0.0 21.0
8.599026 54.00305 0.0208 0.0 21.0
11.566819 53.44442 0.0209 0.0 21.0
9.639016 55.76895 0.0209 0.0 21.0
15.422425 48.795357 0.0210 3.0 19.0
15.422425 51.81527 0.0210 3.0 19.0
15.422425 51.81527 0.0211 0.0 20.0
17.35023 54.1398 0.0211 0.0 20.0
15.422425 51.81527 0.0212 2.0 20.0
15.422425 54.835182 0.0212 2.0 20.0
15.422425 54.835182 0.0213 0.0 21.0
13.494622 57.159714 0.0213 0.0 21.0
15.422425 54.835182 0.0214 0.0 21.0
15.422425 57.855095 0.0214 0.0 21.0
15.422425 54.835182 0.0215 1.0 21.0
17.35023 57.159714 0.0215 1.0 21.0
17.35023 57.159714 0.0216 0.0 22.0
20.318022 57.718346 0.0216 0.0 22.0
17.35023 57.159714 0.0217 0.0 22.0
19.278032 59.484245 0.0217 0.0 22.0
19.278032 59.484245 0.0218 0.0 23.0
19.278032 62.504158 0.0218 0.0 23.0
19.278032 59.484245 0.0219 0.0 23.0
21.205835 61.808777 0.0219 0.0 23.0
15.422425 54.835182 0.0220 1.0 21.0
15.422425 57.855095 0.0220 1.0 21.0
15.422425 57.855095 0.0221 0.0 22.0
17.35023 60.179626 0.0221 0.0 22.0
15.422425 57.855095 0.0222 0.0 22.0
15.422425 60.875008 0.0222 0.0 22.0
15.422425 60.875008 0.0223 0.0 23.0
13.494622 63.19954 0.0223 0.0 23.0
15.422425 60.875008 0.0224 0.0 23.0
15.422425 63.89492 0.0224 0.0 23.0
15.422425 42.75553 0.0225 5.0 17.0
17.35023 45.080063 0.0225 5.0 17.0
17.35023 45.080063 0.0226 0.0 18.0
20.318022 45.638695 0.0226 0.0 18.0
17.35023 45.080063 0.0227 4.0 18.0
19.278032 47.404594 0.0227 4.0 18.0
19.278032 47.404594 0.0228 0.0 19.0
19.278032 50.424507 0.0228 0.0 19.0
19.278032 47.404594 0.0229 0.0 19.0
21.205835 49.729126 0.0229 0.0 19.0
19.278032 47.404594 0.0230 1.0 19.0
19.278032 50.424507 0.0230 1.0 19.0
19.278032 50.424507 0.0231 0.0 20.0
21.205835 52.74904 0.0231 0.0 20.0
19.278032 50.424507 0.0232 0.0 20.0
19.278032 53.44442 0.0232 0.0 20.0
19.278032 53.44442 0.0233 0.0 21.0
17.35023 55.76895 0.0233 0.0 21.0
19.278032 53.44442 0.0234 0.0 21.0
19.278032 56.464333 0.0234 0.0 21.0
19.278032 47.404594 0.0235 3.0 19.0
21.205835 49.729126 0.0235 3.0 19.0
21.205835 49.729126 0.0236 0.0 20.0
24.173628 50.287758 0.0236 0.0 20.0
21.205835 49.729126 0.0237 2.0 20.0
23.133638 52.053658 0.0237 2.0 20.0
23.133638 52.053658 0.0238 0.0 21.0
23.133638 55.07357 0.0238 0.0 21.0
23.133638 52.053658 0.0239 0.0 21.0
25.061441 54.37819 0.0239 0.0 21.0
23.133638 52.053658 0.0240 1.0 21.0
26.10143 52.61229 0.0240 1.0 21.0
26.10143 52.61229 0.0241 0.0 22.0
28.742453 51.147755 0.0241 0.0 22.0
26.10143 52.61229 0.0242 0.0 22.0
29.069223 53.17092 0.0242 0.0 22.0
29.069223 53.17092 0.0243 0.0 23.0
30.997026 55.495453 0.0243 0.0 23.0
29.069223 53.17092 0.0244 0.0 23.0
32.037018 53.729553 0.0244 0.0 23.0
23.133638 52.053658 0.0245 1.0 21.0
25.061441 54.37819 0.0245 1.0 21.0
25.061441 54.37819 0.0246 0.0 22.0
28.029234 54.93682 0.0246 0.0 22.0
25.061441 54.37819 0.0247 0.0 22.0
26.989244 56.70272 0.0247 0.0 22.0
26.989244 56.70272 0.0248 0.0 23.0
26.989244 59.722633 0.0248 0.0 23.0
26.989244 56.70272 0.0249 0.0 23.0
28.917048 59.027252 0.0249 0.0 23.0
0.0 24.159288 0.0250 21.0 9.0
0.0 27.1792 0.0250 21.0 9.0
0.0 27.1792 0.0251 0.0 10.0
1.9278033 29.503729 0.0251 0.0 10.0
0.0 27.1792 0.0252 20.0 10.0
0.0 30.19911 0.0252 20.0 10.0
0.0 30.19911 0.0253 0.0 11.0
-1.9278033 32.52364 0.0253 0.0 11.0
0.0 30.19911 0.0254 0.0 11.0
0.0 33.21902 0.0254 0.0 11.0
0.0 30.19911 0.0255 1.0 11.0
-1.9278033 32.52364 0.0255 1.0 11.0
-1.9278033 32.52364 0.0256 0.0 12.0
-1.9278033 35.543552 0.0256 0.0 12.0
-1.9278033 32.52364 0.0257 0.0 12.0
-3.8556066 34.848167 0.0257 0.0 12.0
-3.8556066 34.848167 0.0258 0.0 13.0
-6.8233995 35.4068 0.0258 0.0 13.0
-3.8556066 34.848167 0.0259 0.0 13.0
-5.78341 37.1727 0.0259 0.0 13.0
0.0 30.19911 0.0260 19.0 11.0
0.0 33.21902 0.0260 19.0 11.0
0.0 33.21902 0.0261 0.0 12.0
1.9278033 35.54355 0.0261 0.0 12.0
0.0 33.21902 0.0262 18.0 12.0
0.0 36.238934 0.0262 18.0 12.0
0.0 36.238934 0.0263 0.0 13.0
-1.9278033 38.56346 0.0263 0.0 13.0
0.0 36.238934 0.0264 0.0 13.0
0.0 39.258846 0.0264 0.0 13.0
0.0 36.238934 0.0265 1.0 13.0
1.9278033 38.56346 0.0265 1.0 13.0
1.9278033 38.56346 0.0266 0.0 14.0
4.8955965 39.122093 0.0266 0.0 14.0
1.9278033 38.56346 0.0267 0.0 14.0
3.8556066 40.887993 0.0267 0.0 14.0
3.8556066 40.887993 0.0268 0.0 15.0
3.8556066 43.907906 0.0268 0.0 15.0
3.8556066 40.887993 0.0269 0.0 15.0
5.78341 43.212524 0.0269 0.0 15.0
0.0 36.238934 0.0270 1.0 13.0
0.0 39.258846 0.0270 1.0 13.0
0.0 39.258846 0.0271 0.0 14.0
1.9278033 41.583374 0.0271 0.0 14.0
0.0 39.258846 0.0272 0.0 14.0
0.0 42.27876 0.0272 0.0 14.0
0.0 42.27876 0.0273 0.0 15.0
-1.9278033 44.603287 0.0273 0.0 15.0
0.0 42.27876 0.0274 0.0 15.0
0.0 45.29867 0.0274 0.0 15.0
0.0 36.238934 0.0275 5.0 13.0
1.9278033 38.56346 0.0275 5.0 13.0
1.9278033 38.56346 0.0276 0.0 14.0
4.8955965 39.122093 0.0276 0.0 14.0
1.9278033 38.56346 0.0277 4.0 14.0
3.8556066 40.887993 0.0277 4.0 14.0
3.8556066 40.887993 0.0278 0.0 15.0
3.8556066 43.907906 0.0278 0.0 15.0
3.8556066 40.887993 0.0279 0.0 15.0
5.78341 43.212524 0.0279 0.0 15.0
3.8556066 40.887993 0.0280 1.0 15.0
3.8556066 43.907906 0.0280 1.0 15.0
3.8556066 43.907906 0.0281 0.0 16.0
5.78341 46.232437 0.0281 0.0 16.0
3.8556066 43.907906 0.0282 0.0 16.0
3.8556066 46.92782 0.0282 0.0 16.0
3.8556066 46.92782 0.0283 0.0 17.0
1.9278033 49.25235 0.0283 0.0 17.0
3.8556066 46.92782 0.0284 0.0 17.0
3.8556066 49.94773 0.0284 0.0 17.0
3.8556066 40.887993 0.0285 3.0 15.0
5.78341 43.212524 0.0285 3.0 15.0
5.78341 43.212524 0.0286 0.0 16.0
8.751204 43.771156 0.0286 0.0 16.0
5.78341 43.212524 0.0287 2.0 16.0
7.711213 45.537056 0.0287 2.0 16.0
7.711213 45.537056 0.0288 0.0 17.0
7.711213 48.55697 0.0288 0.0 17.0
7.711213 45.537056 0.0289 0.0 17.0
9.639016 47.861588 0.0289 0.0 17.0
7.711213 45.537056 0.0290 1.0 17.0
10.679007 46.095688 0.0290 1.0 17.0
10.679007 46.095688 0.0291 0.0 18.0
13.320029 44.631153 0.0291 0.0 18.0
10.679007 46.095688 0.0292 0.0 18.0
13.6468 46.65432 0.0292 0.0 18.0
13.6468 46.65432 0.0293 0.0 19.0
15.574603 48.97885 0.0293 0.0 19.0
13.6468 46.65432 0.0294 0.0 19.0
16.614594 47.21295 0.0294 0.0 19.0
7.711213 45.537056 0.0295 1.0 17.0
9.639016 47.861588 0.0295 1.0 17.0
9.639016 47.861588 0.0296 0.0 18.0
12.60681 48.42022 0.0296 0.0 18.0
9.639016 47.861588 0.0297 0.0 18.0
11.566819 50.18612 0.0297 0.0 18.0
11.566819 50.18612 0.0298 0.0 19.0
11.566819 53.20603 0.0298 0.0 19.0
11.566819 50.18612 0.0299 0.0 19.0
13.494622 52.51065 0.0299 0.0 19.0
0.0 36.238934 0.0300 17.0 13.0
0.0 39.258846 0.0300 17.0 13.0
0.0 39.258846 0.0301 0.0 14.0
1.9278033 41.583374 0.0301 0.0 14.0
0.0 39.258846 0.0302 16.0 14.0
0.0 42.27876 0.0302 16.0 14.0
0.0 42.27876 0.0303 0.0 15.0
-1.9278033 44.603287 0.0303 0.0 15.0
0.0 42.27876 0.0304 0.0 15.0
0.0 45.29867 0.0304 0.0 15.0
0.0 42.27876 0.0305 1.0 15.0
-1.9278033 44.603287 0.0305 1.0 15.0
-1.9278033 44.603287 0.0306 0.0 16.0
-1.9278033 47.6232 0.0306 0.0 16.0
-1.9278033 44.603287 0.0307 0.0 16.0
-3.8556066 46.92782 0.0307 0.0 16.0
-3.8556066 46.92782 0.0308 0.0 17.0
-6.8233995 47.48645 0.0308 0.0 17.0
-3.8556066 46.92782 0.0309 0.0 17.0
-5.78341 49.25235 0.0309 0.0 17.0
0.0 42.27876 0.0310 15.0 15.0
0.0 45.29867 0.0310 15.0 15.0
0.0 45.29867 0.0311 0.0 16.0
1.9278033 47.6232 0.0311 0.0 16.0
0.0 45.29867 0.0312 14.0 16.0
0.0 48.318584 0.0312 14.0 16.0
0.0 48.318584 0.0313 0.0 17.0
-1.9278033 50.643112 0.0313 0.0 17.0
0.0 48.318584 0.0314 0.0 17.0
0.0 51.338497 0.0314 0.0 17.0
0.0 48.318584 0.0315 1.0 17.0
1.9278033 50.643112 0.0315 1.0 17.0
1.9278033 50.643112 0.0316 0.0 18.0
4.8955965 51.201744 0.0316 0.0 18.0
1.9278033 50.643112 0.0317 0.0 18.0
3.8556066 52.967644 0.0317 0.0 18.0
3.8556066 52.967644 0.0318 0.0 19.0
3.8556066 55.987556 0.0318 0.0 19.0
3.8556066 52.967644 0.0319 0.0 19.0
5.78341 55.292175 0.0319 0.0 19.0
0.0 48.318584 0.0320 1.0 17.0
0.0 51.338497 0.0320 1.0 17.0
0.0 51.338497 0.0321 0.0 18.0
1.9278033 53.663025 0.0321 0.0 18.0
0.0 51.338497 0.0322 0.0 18.0
0.0 54.35841 0.0322 0.0 18.0
0.0 54.35841 0.0323 0.0 19.0
-1.9278033 56.682938 0.0323 0.0 19.0
0.0 54.35841 0.0324 0.0 19.0
0.0 57.378323 0.0324 0.0 19.0
0.0 48.318584 0.0325 5.0 17.0
-1.9278033 50.643112 0.0325 5.0 17.0
-1.9278033 50.643112 0.0326 0.0 18.0
-1.9278033 53.663025 0.0326 0.0 18.0
-1.9278033 50.643112 0.0327 4.0 18.0
-3.8556066 52.967644 0.0327 4.0 18.0
-3.8556066 52.967644 0.0328 0.0 19.0
-6.8233995 53.526276 0.0328 0.0 19.0
-3.8556066 52.967644 0.0329 0.0 19.0
-5.78341 55.292175 0.0329 0.0 19.0
-3.8556066 52.967644 0.0330 1.0 19.0
-6.8233995 53.526276 0.0330 1.0 19.0
-6.8233995 53.526276 0.0331 0.0 20.0
-8.751203 55.850807 0.0331 0.0 20.0
-6.8233995 53.526276 0.0332 0.0 20.0
-9.791193 54.084908 0.0332 0.0 20.0
-9.791193 54.084908 0.0333 0.0 21.0
-12.432216 52.620373 0.0333 0.0 21.0
-9.791193 54.084908 0.0334 0.0 21.0
-12.758986 54.64354 0.0334 0.0 21.0
-3.8556066 52.967644 0.0335 3.0 19.0
-5.78341 55.292175 0.0335 3.0 19.0
-5.78341 55.292175 0.0336 0.0 20.0
-5.78341 58.312088 0.0336 0.0 20.0
-5.78341 55.292175 0.0337 2.0 20.0
-7.711213 57.616707 0.0337 2.0 20.0
-7.711213 57.616707 0.0338 0.0 21.0
-10.679007 58.17534 0.0338 0.0 21.0
-7.711213 57.616707 0.0339 0.0 21.0
-9.639016 59.94124 0.0339 0.0 21.0
-7.711213 57.616707 0.0340 1.0 21.0
-7.711213 60.63662 0.0340 1.0 21.0
-7.711213 60.63662 0.0341 0.0 22.0
-5.78341 62.96115 0.0341 0.0 22.0
-7.711213 60.63662 0.0342 0.0 22.0
-7.711213 63.656532 0.0342 0.0 22.0
-7.711213 63.656532 0.0343 0.0 23.0
-9.639016 65.981064 0.0343 0.0 23.0
-7.711213 63.656532 0.0344 0.0 23.0
-7.711213 66.676445 0.0344 0.0 23.0
-7.711213 57.616707 0.0345 1.0 21.0
-9.639016 59.94124 0.0345 1.0 21.0
-9.639016 59.94124 0.0346 0.0 22.0
-9.639016 62.96115 0.0346 0.0 22.0
-9.639016 59.94124 0.0347 0.0 22.0
-11.566819 62.26577 0.0347 0.0 22.0
-11.566819 62.26577 0.0348 0.0 23.0
-14.534613 62.8244 0.0348 0.0 23.0
-11.566819 62.26577 0.0349 0.0 23.0
-13.494622 64.5903 0.0349 0.0 23.0
0.0 48.318584 0.0350 5.0 17.0
0.0 51.338497 0.0350 5.0 17.0
0.0 51.338497 0.0351 0.0 18.0
1.9278033 53.663025 0.0351 0.0 18.0
0.0 51.338497 0.0352 4.0 18.0
0.0 54.35841 0.0352 4.0 18.0
0.0 54.35841 0.0353 0.0 19.0
-1.9278033 56.682938 0.0353 0.0 19.0
0.0 54.35841 0.0354 0.0 19.0
0.0 57.378323 0.0354 0.0 19.0
0.0 54.35841 0.0355 1.0 19.0
-1.9278033 56.682938 0.0355 1.0 19.0
-1.9278033 56.682938 0.0356 0.0 20.0
-1.9278033 59.70285 0.0356 0.0 20.0
-1.9278033 56.682938 0.0357 0.0 20.0
-3.8556066 59.00747 0.0357 0.0 20.0
-3.8556066 59.00747 0.0358 0.0 21.0
-6.8233995 59.5661 0.0358 0.0 21.0
-3.8556066 59.00747 0.0359 0.0 21.0
-5.78341 61.332 0.0359 0.0 21.0
0.0 54.35841 0.0360 3.0 19.0
0.0 57.378323 0.0360 3.0 19.0
0.0 57.378323 0.0361 0.0 20.0
1.9278033 59.70285 0.0361 0.0 20.0
0.0 57.378323 0.0362 2.0 20.0
0.0 60.398235 0.0362 2.0 20.0
0.0 60.398235 0.0363 0.0 21.0
-1.9278033 62.722763 0.0363 0.0 21.0
0.0 60.398235 0.0364 0.0 21.0
0.0 63.418148 0.0364 0.0 21.0
0.0 60.398235 0.0365 1.0 21.0
1.9278033 62.722763 0.0365 1.0 21.0
1.9278033 62.722763 0.0366 0.0 22.0
4.8955965 63.281395 0.0366 0.0 22.0
1.9278033 62.722763 0.0367 0.0 22.0
3.8556066 65.047295 0.0367 0.0 22.0
3.8556066 65.047295 0.0368 0.0 23.0
3.8556066 68.06721 0.0368 0.0 23.0
3.8556066 65.047295 0.0369 0.0 23.0
5.78341 67.371826 0.0369 0.0 23.0
0.0 60.398235 0.0370 1.0 21.0
0.0 63.418148 0.0370 1.0 21.0
0.0 63.418148 0.0371 0.0 22.0
1.9278033 65.742676 0.0371 0.0 22.0
0.0 63.418148 0.0372 0.0 22.0
0.0 66.43806 0.0372 0.0 22.0
0.0 66.43806 0.0373 0.0 23.0
-1.9278033 68.76259 0.0373 0.0 23.0
0.0 66.43806 0.0374 0.0 23.0
0.0 69.45797 0.0374 0.0 23.0
0.0 48.318584 0.0375 13.0 17.0
1.9278033 50.643112 0.0375 13.0 17.0
1.9278033 50.643112 0.0376 0.0 18.0
4.8955965 51.201744 0.0376 0.0 18.0
1.9278033 50.643112 0.0377 12.0 18.0
3.8556066 52.967644 0.0377 12.0 18.0
3.8556066 52.967644 0.0378 0.0 19.0
3.8556066 55.987556 0.0378 0.0 19.0
3.8556066 52.967644 0.0379 0.0 19.0
5.78341 55.292175 0.0379 0.0 19.0
3.8556066 52.967644 0.0380 1.0 19.0
3.8556066 55.987556 0.0380 1.0 19.0
3.8556066 55.987556 0.0381 0.0 20.0
5.78341 58.312088 0.0381 0.0 20.0
3.8556066 55.987556 0.0382 0.0 20.0
3.8556066 59.00747 0.0382 0.0 20.0
3.8556066 59.00747 0.0383 0.0 21.0
1.9278033 61.332 0.0383 0.0 21.0
3.8556066 59.00747 0.0384 0.0 21.0
3.8556066 62.02738 0.0384 0.0 21.0
3.8556066 52.967644 0.0385 11.0 19.0
5.78341 55.292175 0.0385 11.0 19.0
5.78341 55.292175 0.0386 0.0 20.0
8.751204 55.850807 0.0386 0.0 20.0
5.78341 55.292175 0.0387 10.0 20.0
7.711213 57.616707 0.0387 10.0 20.0
7.711213 57.616707 0.0388 0.0 21.0
7.711213 60.63662 0.0388 0.0 21.0
7.711213 57.616707 0.0389 0.0 21.0
9.639016 59.94124 0.0389 0.0 21.0
7.711213 57.616707 0.0390 1.0 21.0
10.679007 58.17534 0.0390 1.0 21.0
10.679007 58.17534 0.0391 0.0 22.0
13.320029 56.710804 0.0391 0.0 22.0
10.679007 58.17534 0.0392 0.0 22.0
13.6468 58.73397 0.0392 0.0 22.0
13.6468 58.73397 0.0393 0.0 23.0
15.574603 61.058502 0.0393 0.0 23.0
13.6468 58.73397 0.0394 0.0 23.0
16.614594 59.292603 0.0394 0.0 23.0
7.711213 57.616707 0.0395 1.0 21.0
9.639016 59.94124 0.0395 1.0 21.0
9.639016 59.94124 0.0396 0.0 22.0
12.60681 60.49987 0.0396 0.0 22.0
9.639016 59.94124 0.0397 0.0 22.0
11.566819 62.26577 0.0397 0.0 22.0
11.566819 62.26577 0.0398 0.0 23.0
11.566819 65.28568 0.0398 0.0 23.0
11.566819 62.26577 0.0399 0.0 23.0
13.494622 64.5903 0.0399 0.0 23.0
7.711213 57.616707 0.0400 5.0 21.0
10.679007 58.17534 0.0400 5.0 21.0
10.679007 58.17534 0.0401 0.0 22.0
13.320029 56.710804 0.0401 0.0 22.0
10.679007 58.17534 0.0402 4.0 22.0
13.6468 58.73397 0.0402 4.0 22.0
13.6468 58.73397 0.0403 0.0 23.0
15.574603 61.058502 0.0403 0.0 23.0
13.6468 58.73397 0.0404 0.0 23.0
16.614594 59.292603 0.0404 0.0 23.0
13.6468 58.73397 0.0405 1.0 23.0
15.574603 61.058502 0.0405 1.0 23.0
15.574603 61.058502 0.0406 0.0 24.0
18.542397 61.617134 0.0406 0.0 24.0
15.574603 61.058502 0.0407 0.0 24.0
17.502407 63.383034 0.0407 0.0 24.0
17.502407 63.383034 0.0408 0.0 25.0
17.502407 66.40295 0.0408 0.0 25.0
17.502407 63.383034 0.0409 0.0 25.0
19.43021 65.707565 0.0409 0.0 25.0
13.6468 58.73397 0.0410 3.0 23.0
16.614594 59.292603 0.0410 3.0 23.0
16.614594 59.292603 0.0411 0.0 24.0
19.255615 57.828068 0.0411 0.0 24.0
16.614594 59.292603 0.0412 2.0 24.0
19.582386 59.851234 0.0412 2.0 24.0
19.582386 59.851234 0.0413 0.0 25.0
21.51019 62.175766 0.0413 0.0 25.0
19.582386 59.851234 0.0414 0.0 25.0
22.550179 60.409866 0.0414 0.0 25.0
19.582386 59.851234 0.0415 1.0 25.0
22.223408 58.3867 0.0415 1.0 25.0
22.223408 58.3867 0.0416 0.0 26.0
23.321386 55.573463 0.0416 0.0 26.0
22.223408 58.3867 0.0417 0.0 26.0
24.86443 56.922165 0.0417 0.0 26.0
24.86443 56.922165 0.0418 0.0 27.0
27.832222 57.480797 0.0418 0.0 27.0
24.86443 56.922165 0.0419 0.0 27.0
27.505451 55.45763 0.0419 0.0 27.0
19.582386 59.851234 0.0420 1.0 25.0
22.550179 60.409866 0.0420 1.0 25.0
22.550179 60.409866 0.0421 0.0 26.0
25.1912 58.94533 0.0421 0.0 26.0
22.550179 60.409866 0.0422 0.0 26.0
25.517971 60.9685 0.0422 0.0 26.0
25.517971 60.9685 0.0423 0.0 27.0
27.445774 63.29303 0.0423 0.0 27.0
25.517971 60.9685 0.0424 0.0 27.0
28.485764 61.52713 0.0424 0.0 27.0
7.711213 57.616707 0.0425 9.0 21.0
9.639016 59.94124 0.0425 9.0 21.0
9.639016 59.94124 0.0426 0.0 22.0
12.60681 60.49987 0.0426 0.0 22.0
9.639016 59.94124 0.0427 8.0 22.0
11.566819 62.26577 0.0427 8.0 22.0
11.566819 62.26577 0.0428 0.0 23.0
11.566819 65.28568 0.0428 0.0 23.0
11.566819 62.26577 0.0429 0.0 23.0
13.494622 64.5903 0.0429 0.0 23.0
11.566819 62.26577 0.0430 1.0 23.0
11.566819 65.28568 0.0430 1.0 23.0
11.566819 65.28568 0.0431 0.0 24.0
13.494622 67.610214 0.0431 0.0 24.0
11.566819 65.28568 0.0432 0.0 24.0
11.566819 68.305595 0.0432 0.0 24.0
11.566819 68.305595 0.0433 0.0 25.0
9.639016 70.63013 0.0433 0.0 25.0
11.566819 68.305595 0.0434 0.0 25.0
11.566819 71.32551 0.0434 0.0 25.0
11.566819 62.26577 0.0435 7.0 23.0
13.494622 64.5903 0.0435 7.0 23.0
13.494622 64.5903 0.0436 0.0 24.0
16.462416 65.14893 0.0436 0.0 24.0
13.494622 64.5903 0.0437 6.0 24.0
15.422425 66.91483 0.0437 6.0 24.0
15.422425 66.91483 0.0438 0.0 25.0
15.422425 69.934746 0.0438 0.0 25.0
15.422425 66.91483 0.0439 0.0 25.0
17.35023 69.239365 0.0439 0.0 25.0
15.422425 66.91483 0.0440 1.0 25.0
18.390219 67.473465 0.0440 1.0 25.0
18.390219 67.473465 0.0441 0.0 26.0
21.03124 66.00893 0.0441 0.0 26.0
18.390219 67.473465 0.0442 0.0 26.0
21.358011 68.0321 0.0442 0.0 26.0
21.358011 68.0321 0.0443 0.0 27.0
23.285814 70.35663 0.0443 0.0 27.0
21.358011 68.0321 0.0444 0.0 27.0
24.325804 68.59073 0.0444 0.0 27.0
15.422425 66.91483 0.0445 1.0 25.0
17.35023 69.239365 0.0445 1.0 25.0
17.35023 69.239365 0.0446 0.0 26.0
20.318022 69.798 0.0446 0.0 26.0
17.35023 69.239365 0.0447 0.0 26.0
19.278032 71.563896 0.0447 0.0 26.0
19.278032 71.563896 0.0448 0.0 27.0
19.278032 74.58381 0.0448 0.0 27.0
19.278032 71.563896 0.0449 0.0 27.0
21.205835 73.88843 0.0449 0.0 27.0
15.422425 66.91483 0.0450 5.0 25.0
15.422425 69.934746 0.0450 5.0 25.0
15.422425 69.934746 0.0451 0.0 26.0
17.35023 72.25928 0.0451 0.0 26.0
15.422425 69.934746 0.0452 4.0 26.0
15.422425 72.95466 0.0452 4.0 26.0
15.422425 72.95466 0.0453 0.0 27.0
13.494622 75.27919 0.0453 0.0 27.0
15.422425 72.95466 0.0454 0.0 27.0
15.422425 75.97457 0.0454 0.0 27.0
15.422425 72.95466 0.0455 1.0 27.0
13.494622 75.27919 0.0455 1.0 27.0
13.494622 75.27919 0.0456 0.0 28.0
13.494622 78.2991 0.0456 0.0 28.0
13.494622 75.27919 0.0457 0.0 28.0
11.566819 77.60372 0.0457 0.0 28.0
11.566819 77.60372 0.0458 0.0 29.0
8.599026 78.16235 0.0458 0.0 29.0
11.566819 77.60372 0.0459 0.0 29.0
9.639016 79.92825 0.0459 0.0 29.0
15.422425 72.95466 0.0460 3.0 27.0
15.422425 75.97457 0.0460 3.0 27.0
15.422425 75.97457 0.0461 0.0 28.0
17.35023 78.2991 0.0461 0.0 28.0
15.422425 75.97457 0.0462 2.0 28.0
15.422425 78.994484 0.0462 2.0 28.0
15.422425 78.994484 0.0463 0.0 29.0
13.494622 81.319016 0.0463 0.0 29.0
15.422425 78.994484 0.0464 0.0 29.0
15.422425 82.0144 0.0464 0.0 29.0
15.422425 78.994484 0.0465 1.0 29.0
17.35023 81.319016 0.0465 1.0 29.0
17.35023 81.319016 0.0466 0.0 30.0
20.318022 81.87765 0.0466 0.0 30.0
17.35023 81.319016 0.0467 0.0 30.0
19.278032 83.64355 0.0467 0.0 30.0
19.278032 83.64355 0.0468 0.0 31.0
19.278032 86.66346 0.0468 0.0 31.0
19.278032 83.64355 0.0469 0.0 31.0
21.205835 85.96808 0.0469 0.0 31.0
15.422425 78.994484 0.0470 1.0 29.0
15.422425 82.0144 0.0470 1.0 29.0
15.422425 82.0144 0.0471 0.0 30.0
17.35023 84.33893 0.0471 0.0 30.0
15.422425 82.0144 0.0472 0.0 30.0
15.422425 85.03431 0.0472 0.0 30.0
15.422425 85.03431 0.0473 0.0 31.0
13.494622 87.35884 0.0473 0.0 31.0
15.422425 85.03431 0.0474 0.0 31.0
15.422425 88.05422 0.0474 0.0 31.0
15.422425 66.91483 0.0475 5.0 25.0
17.35023 69.239365 0.0475 5.0 25.0
17.35023 69.239365 0.0476 0.0 26.0
20.318022 69.798 0.0476 0.0 26.0
17.35023 69.239365 0.0477 4.0 26.0
19.278032 71.563896 0.0477 4.0 26.0
19.278032 71.563896 0.0478 0.0 27.0
19.278032 74.58381 0.0478 0.0 27.0
19.278032 71.563896 0.0479 0.0 27.0
21.205835 73.88843 0.0479 0.0 27.0
19.278032 71.563896 0.0480 1.0 27.0
19.278032 74.58381 0.0480 1.0 27.0
19.278032 74.58381 0.0481 0.0 28.0
21.205835 76.90834 0.0481 0.0 28.0
19.278032 74.58381 0.0482 0.0 28.0
19.278032 77.60372 0.0482 0.0 28.0
19.278032 77.60372 0.0483 0.0 29.0
17.35023 79.92825 0.0483 0.0 29.0
19.278032 77.60372 0.0484 0.0 29.0
19.278032 80.623634 0.0484 0.0 29.0
19.278032 71.563896 0.0485 3.0 27.0
21.205835 73.88843 0.0485 3.0 27.0
21.205835 73.88843 0.0486 0.0 28.0
24.173628 74.44706 0.0486 0.0 28.0
21.205835 73.88843 0.0487 2.0 28.0
23.133638 76.21296 0.0487 2.0 28.0
23.133638 76.21296 0.0488 0.0 29.0
23.133638 79.23287 0.0488 0.0 29.0
23.133638 76.21296 0.0489 0.0 29.0
25.061441 78.53749 0.0489 0.0 29.0
23.133638 76.21296 0.0490 1.0 29.0
26.10143 76.77159 0.0490 1.0 29.0
26.10143 76.77159 0.0491 0.0 30.0
28.742453 75.30705 0.0491 0.0 30.0
26.10143 76.77159 0.0492 0.0 30.0
29.069223 77.33022 0.0492 0.0 30.0
29.069223 77.33022 0.0493 0.0 31.0
30.997026 79.654755 0.0493 0.0 31.0
29.069223 77.33022 0.0494 0.0 31.0
32.037018 77.888855 0.0494 0.0 31.0
23.133638 76.21296 0.0495 1.0 29.0
25.061441 78.53749 0.0495 1.0 29.0
25.061441 78.53749 0.0496 0.0 30.0
28.029234 79.09612 0.0496 0.0 30.0
25.061441 78.53749 0.0497 0.0 30.0
26.989244 80.86202 0.0497 0.0 30.0
26.989244 80.86202 0.0498 0.0 31.0
26.989244 83.881935 0.0498 0.0 31.0
26.989244 80.86202 0.0499 0.0 31.0
28.917048 83.186554 0.0499 0.0 31.0
0.0 48.318584 0.0500 13.0 17.0
0.0 51.338497 0.0500 13.0 17.0
0.0 51.338497 0.0501 0.0 18.0
1.9278033 53.663025 0.0501 0.0 18.0
0.0 51.338497 0.0502 12.0 18.0
0.0 54.35841 0.0502 12.0 18.0
0.0 54.35841 0.0503 0.0 19.0
-1.9278033 56.682938 0.0503 0.0 19.0
0.0 54.35841 0.0504 0.0 19.0
0.0 57.378323 0.0504 0.0 19.0
0.0 54.35841 0.0505 1.0 19.0
-1.9278033 56.682938 0.0505 1.0 19.0
-1.9278033 56.682938 0.0506 0.0 20.0
-1.9278033 59.70285 0.0506 0.0 20.0
-1.9278033 56.682938 0.0507 0.0 20.0
-3.8556066 59.00747 0.0507 0.0 20.0
-3.8556066 59.00747 0.0508 0.0 21.0
-6.8233995 59.5661 0.0508 0.0 21.0
-3.8556066 59.00747 0.0509 0.0 21.0
-5.78341 61.332 0.0509 0.0 21.0
0.0 54.35841 0.0510 11.0 19.0
0.0 57.378323 0.0510 11.0 19.0
0.0 57.378323 0.0511 0.0 20.0
1.9278033 59.70285 0.0511 0.0 20.0
0.0 57.378323 0.0512 10.0 20.0
0.0 60.398235 0.0512 10.0 20.0
0.0 60.398235 0.0513 0.0 21.0
-1.9278033 62.722763 0.0513 0.0 21.0
0.0 60.398235 0.0514 0.0 21.0
0.0 63.418148 0.0514 0.0 21.0
0.0 60.398235 0.0515 1.0 21.0
1.9278033 62.722763 0.0515 1.0 21.0
1.9278033 62.722763 0.0516 0.0 22.0
4.8955965 63.281395 0.0516 0.0 22.0
1.9278033 62.722763 0.0517 0.0 22.0
3.8556066 65.047295 0.0517 0.0 22.0
3.8556066 65.047295 0.0518 0.0 23.0
3.8556066 68.06721 0.0518 0.0 23.0
3.8556066 65.047295 0.0519 0.0 23.0
5.78341 67.371826 0.0519 0.0 23.0
0.0 60.398235 0.0520 1.0 21.0
0.0 63.418148 0.0520 1.0 21.0
0.0 63.418148 0.0521 0.0 22.0
1.9278033 65.742676 0.0521 0.0 22.0
0.0 63.418148 0.0522 0.0 22.0
0.0 66.43806 0.0522 0.0 22.0
0.0 66.43806 0.0523 0.0 23.0
-1.9278033 68.76259 0.0523 0.0 23.0
0.0 66.43806 0.0524 0.0 23.0
0.0 69.45797 0.0524 0.0 23.0
0.0 60.398235 0.0525 5.0 21.0
1.9278033 62.722763 0.0525 5.0 21.0
1.9278033 62.722763 0.0526 0.0 22.0
4.8955965 63.281395 0.0526 0.0 22.0
1.9278033 62.722763 0.0527 4.0 22.0
3.8556066 65.047295 0.0527 4.0 22.0
3.8556066 65.047295 0.0528 0.0 23.0
3.8556066 68.06721 0.0528 0.0 23.0
3.8556066 65.047295 0.0529 0.0 23.0
5.78341 67.371826 0.0529 0.0 23.0
3.8556066 65.047295 0.0530 1.0 23.0
3.8556066 68.06721 0.0530 1.0 23.0
3.8556066 68.06721 0.0531 0.0 24.0
5.78341 70.39174 0.0531 0.0 24.0
3.8556066 68.06721 0.0532 0.0 24.0
3.8556066 71.08712 0.0532 0.0 24.0
3.8556066 71.08712 0.0533 0.0 25.0
1.9278033 73.41165 0.0533 0.0 25.0
3.8556066 71.08712 0.0534 0.0 25.0
3.8556066 74.10703 0.0534 0.0 25.0
3.8556066 65.047295 0.0535 3.0 23.0
5.78341 67.371826 0.0535 3.0 23.0
5.78341 67.371826 0.0536 0.0 24.0
8.751204 67.93046 0.0536 0.0 24.0
5.78341 67.371826 0.0537 2.0 24.0
7.711213 69.69636 0.0537 2.0 24.0
7.711213 69.69636 0.0538 0.0 25.0
7.711213 72.71627 0.0538 0.0 25.0
7.711213 69.69636 0.0539 0.0 25.0
9.639016 72.02089 0.0539 0.0 25.0
7.711213 69.69636 0.0540 1.0 25.0
10.679007 70.25499 0.0540 1.0 25.0
10.679007 70.25499 0.0541 0.0 26.0
13.320029 68.79045 0.0541 0.0 26.0
10.679007 70.25499 0.0542 0.0 26.0
13.6468 70.81362 0.0542 0.0 26.0
13.6468 70.81362 0.0543 0.0 27.0
15.574603 73.13815 0.0543 0.0 27.0
13.6468 70.81362 0.0544 0.0 27.0
16.614594 71.37225 0.0544 0.0 27.0
7.711213 69.69636 0.0545 1.0 25.0
9.639016 72.02089 0.0545 1.0 25.0
9.639016 72.02089 0.0546 0.0 26.0
12.60681 72.57952 0.0546 0.0 26.0
9.639016 72.02089 0.0547 0.0 26.0
11.566819 74.34542 0.0547 0.0 26.0
11.566819 74.34542 0.0548 0.0 27.0
11.566819 77.36533 0.0548 0.0 27.0
11.566819 74.34542 0.0549 0.0 27.0
13.494622 76.66995 0.0549 0.0 27.0
0.0 60.398235 0.0550 9.0 21.0
0.0 63.418148 0.0550 9.0 21.0
0.0 63.418148 0.0551 0.0 22.0
1.9278033 65.742676 0.0551 0.0 22.0
0.0 63.418148 0.0552 8.0 22.0
0.0 66.43806 0.0552 8.0 22.0
0.0 66.43806 0.0553 0.0 23.0
-1.9278033 68.76259 0.0553 0.0 23.0
0.0 66.43806 0.0554 0.0 23.0
0.0 69.45797 0.0554 0.0 23.0
0.0 66.43806 0.0555 1.0 23.0
-1.9278033 68.76259 0.0555 1.0 23.0
-1.9278033 68.76259 0.0556 0.0 24.0
-1.9278033 71.7825 0.0556 0.0 24.0
-1.9278033 68.76259 0.0557 0.0 24.0
-3.8556066 71.08712 0.0557 0.0 24.0
-3.8556066 71.08712 0.0558 0.0 25.0
-6.8233995 71.64575 0.0558 0.0 25.0
-3.8556066 71.08712 0.0559 0.0 25.0
-5.78341 73.41165 0.0559 0.0 25.0
0.0 66.43806 0.0560 7.0 23.0
0.0 69.45797 0.0560 7.0 23.0
0.0 69.45797 0.0561 0.0 24.0
1.9278033 71.7825 0.0561 0.0 24.0
0.0 69.45797 0.0562 6.0 24.0
0.0 72.47788 0.0562 6.0 24.0
0.0 72.47788 0.0563 0.0 25.0
-1.9278033 74.802414 0.0563 0.0 25.0
0.0 72.47788 0.0564 0.0 25.0
0.0 75.497795 0.0564 0.0 25.0
0.0 72.47788 0.0565 1.0 25.0
1.9278033 74.802414 0.0565 1.0 25.0
1.9278033 74.802414 0.0566 0.0 26.0
4.8955965 75.361046 0.0566 0.0 26.0
1.9278033 74.802414 0.0567 0.0 26.0
3.8556066 77.126945 0.0567 0.0 26.0
3.8556066 77.126945 0.0568 0.0 27.0
3.8556066 80.14686 0.0568 0.0 27.0
3.8556066 77.126945 0.0569 0.0 27.0
5.78341 79.45148 0.0569 0.0 27.0
0.0 72.47788 0.0570 1.0 25.0
0.0 75.497795 0.0570 1.0 25.0
0.0 75.497795 0.0571 0.0 26.0
1.9278033 77.82233 0.0571 0.0 26.0
0.0 75.497795 0.0572 0.0 26.0
0.0 78.51771 0.0572 0.0 26.0
0.0 78.51771 0.0573 0.0 27.0
-1.9278033 80.84224 0.0573 0.0 27.0
0.0 78.51771 0.0574 0.0 27.0
0.0 81.53762 0.0574 0.0 27.0
0.0 72.47788 0.0575 5.0 25.0
-1.9278033 74.802414 0.0575 5.0 25.0
-1.9278033 74.802414 0.0576 0.0 26.0
-1.9278033 77.82233 0.0576 0.0 26.0
-1.9278033 74.802414 0.0577 4.0 26.0
-3.8556066 77.126945 0.0577 4.0 26.0
-3.8556066 77.126945 0.0578 0.0 27.0
-6.8233995 77.68558 0.0578 0.0 27.0
-3.8556066 77.126945 0.0579 0.0 27.0
-5.78341 79.45148 0.0579 0.0 27.0
-3.8556066 77.126945 0.0580 1.0 27.0
-6.8233995 77.68558 0.0580 1.0 27.0
-6.8233995 77.68558 0.0581 0.0 28.0
-8.751203 80.01011 0.0581 0.0 28.0
-6.8233995 77.68558 0.0582 0.0 28.0
-9.791193 78.24421 0.0582 0.0 28.0
-9.791193 78.24421 0.0583 0.0 29.0
-12.432216 76.77967 0.0583 0.0 29.0
-9.791193 78.24421 0.0584 0.0 29.0
-12.758986 78.80284 0.0584 0.0 29.0
-3.8556066 77.126945 0.0585 3.0 27.0
-5.78341 79.45148 0.0585 3.0 27.0
-5.78341 79.45148 0.0586 0.0 28.0
-5.78341 82.47139 0.0586 0.0 28.0
-5.78341 79.45148 0.0587 2.0 28.0
-7.711213 81.77601 0.0587 2.0 28.0
-7.711213 81.77601 0.0588 0.0 29.0
-10.679007 82.33464 0.0588 0.0 29.0
-7.711213 81.77601 0.0589 0.0 29.0
-9.639016 84.10054 0.0589 0.0 29.0
-7.711213 81.77601 0.0590 1.0 29.0
-7.711213 84.79592 0.0590 1.0 29.0
-7.711213 84.79592 0.0591 0.0 30.0
-5.78341 87.12045 0.0591 0.0 30.0
-7.711213 84.79592 0.0592 0.0 30.0
-7.711213 87.815834 0.0592 0.0 30.0
-7.711213 87.815834 0.0593 0.0 31.0
-9.639016 90.140366 0.0593 0.0 31.0
-7.711213 87.815834 0.0594 0.0 31.0
-7.711213 90.83575 0.0594 0.0 31.0
-7.711213 81.77601 0.0595 1.0 29.0
-9.639016 84.10054 0.0595 1.0 29.0
-9.639016 84.10054 0.0596 0.0 30.0
-9.639016 87.12045 0.0596 0.0 30.0
-9.639016 84.10054 0.0597 0.0 30.0
-11.566819 86.42507 0.0597 0.0 30.0
-11.566819 86.42507 0.0598 0.0 31.0
-14.534613 86.9837 0.0598 0.0 31.0
-11.566819 86.42507 0.0599 0.0 31.0
-13.494622 88.7496 0.0599 0.0 31.0
0.0 72.47788 0.0600 5.0 25.0
0.0 75.497795 0.0600 5.0 25.0
0.0 75.497795 0.0601 0.0 26.0
1.9278033 77.82233 0.0601 0.0 26.0
0.0 75.497795 0.0602 4.0 26.0
0.0 78.51771 0.0602 4.0 26.0
0.0 78.51771 0.0603 0.0 27.0
-1.9278033 80.84224 0.0603 0.0 27.0
0.0 78.51771 0.0604 0.0 27.0
0.0 81.53762 0.0604 0.0 27.0
0.0 78.51771 0.0605 1.0 27.0
-1.9278033 80.84224 0.0605 1.0 27.0
-1.9278033 80.84224 0.0606 0.0 28.0
-1.9278033 83.86215 0.0606 0.0 28.0
-1.9278033 80.84224 0.0607 0.0 28.0
-3.8556066 83.16677 0.0607 0.0 28.0
-3.8556066 83.16677 0.0608 0.0 29.0
-6.8233995 83.7254 0.0608 0.0 29.0
-3.8556066 83.16677 0.0609 0.0 29.0
-5.78341 85.4913 0.0609 0.0 29.0
0.0 78.51771 0.0610 3.0 27.0
0.0 81.53762 0.0610 3.0 27.0
0.0 81.53762 0.0611 0.0 28.0
1.9278033 83.86215 0.0611 0.0 28.0
0.0 81.53762 0.0612 2.0 28.0
0.0 84.55753 0.0612 2.0 28.0
0.0 84.55753 0.0613 0.0 29.0
-1.9278033 86.882065 0.0613 0.0 29.0
0.0 84.55753 0.0614 0.0 29.0
0.0 87.577446 0.0614 0.0 29.0
0.0 84.55753 0.0615 1.0 29.0
1.9278033 86.882065 0.0615 1.0 29.0
1.9278033 86.882065 0.0616 0.0 30.0
4.8955965 87.4407 0.0616 0.0 30.0
1.9278033 86.882065 0.0617 0.0 30.0
3.8556066 89.2066 0.0617 0.0 30.0
3.8556066 89.2066 0.0618 0.0 31.0
3.8556066 92.22651 0.0618 0.0 31.0
3.8556066 89.2066 0.0619 0.0 31.0
5.78341 91.53113 0.0619 0.0 31.0
0.0 84.55753 0.0620 1.0 29.0
0.0 87.577446 0.0620 1.0 29.0
0.0 87.577446 0.0621 0.0 30.0
1.9278033 89.90198 0.0621 0.0 30.0
0.0 87.577446 0.0622 0.0 30.0
0.0 90.59736 0.0622 0.0 30.0
0.0 90.59736 0.0623 0.0 31.0
-1.9278033 92.92189 0.0623 0.0 31.0
0.0 90.59736 0.0624 0.0 31.0
0.0 93.61727 0.0624 0.0 31.0
