0.0 0.0 0.00 29.0 1.0
0.0 3.09475 0.00 29.0 1.0
0.0 3.09475 0.01 0.0 2.0
-1.8361623 5.5859313 0.01 0.0 2.0
0.0 3.09475 0.02 28.0 2.0
0.0 6.1895 0.02 28.0 2.0
0.0 6.1895 0.03 0.0 3.0
1.8361623 8.680681 0.03 0.0 3.0
0.0 6.1895 0.04 0.0 3.0
0.0 9.28425 0.04 0.0 3.0
0.0 6.1895 0.05 1.0 3.0
-1.8361623 8.680681 0.05 1.0 3.0
-1.8361623 8.680681 0.06 0.0 4.0
-4.7922745 9.596585 0.06 0.0 4.0
-1.8361623 8.680681 0.07 0.0 4.0
-3.6723247 11.171863 0.07 0.0 4.0
-3.6723247 11.171863 0.08 0.0 5.0
-3.6723247 14.266613 0.08 0.0 5.0
-3.6723247 11.171863 0.09 0.0 5.0
-5.5084867 13.663044 0.09 0.0 5.0
0.0 6.1895 0.010 27.0 3.0
0.0 9.28425 0.010 27.0 3.0
0.0 9.28425 0.011 0.0 4.0
-1.8361623 11.775432 0.011 0.0 4.0
0.0 9.28425 0.012 26.0 4.0
0.0 12.379 0.012 26.0 4.0
0.0 12.379 0.013 0.0 5.0
1.8361623 14.870181 0.013 0.0 5.0
0.0 12.379 0.014 0.0 5.0
0.0 15.473749 0.014 0.0 5.0
0.0 12.379 0.015 1.0 5.0
1.8361623 14.870181 0.015 1.0 5.0
1.8361623 14.870181 0.016 0.0 6.0
1.8361623 17.964931 0.016 0.0 6.0
1.8361623 14.870181 0.017 0.0 6.0
3.6723247 17.361362 0.017 0.0 6.0
3.6723247 17.361362 0.018 0.0 7.0
6.6284366 18.277266 0.018 0.0 7.0
3.6723247 17.361362 0.019 0.0 7.0
5.5084867 19.852543 0.019 0.0 7.0
0.0 12.379 0.020 1.0 5.0
0.0 15.473749 0.020 1.0 5.0
0.0 15.473749 0.021 0.0 6.0
-1.8361623 17.964931 0.021 0.0 6.0
0.0 15.473749 0.022 0.0 6.0
0.0 18.568499 0.022 0.0 6.0
0.0 18.568499 0.023 0.0 7.0
1.8361623 21.05968 0.023 0.0 7.0
0.0 18.568499 0.024 0.0 7.0
0.0 21.663248 0.024 0.0 7.0
0.0 12.379 0.025 5.0 5.0
-1.8361623 14.870181 0.025 5.0 5.0
-1.8361623 14.870181 0.026 0.0 6.0
-4.7922745 15.786085 0.026 0.0 6.0
-1.8361623 14.870181 0.027 4.0 6.0
-3.6723247 17.361362 0.027 4.0 6.0
-3.6723247 17.361362 0.028 0.0 7.0
-3.6723247 20.456112 0.028 0.0 7.0
-3.6723247 17.361362 0.029 0.0 7.0
-5.5084867 19.852543 0.029 0.0 7.0
-3.6723247 17.361362 0.030 1.0 7.0
-6.6284366 18.277266 0.030 1.0 7.0
-6.6284366 18.277266 0.031 0.0 8.0
-9.551438 17.260635 0.031 0.0 8.0
-6.6284366 18.277266 0.032 0.0 8.0
-9.584549 19.193169 0.032 0.0 8.0
-9.584549 19.193169 0.033 0.0 9.0
-11.4207115 21.68435 0.033 0.0 9.0
-9.584549 19.193169 0.034 0.0 9.0
-12.540661 20.109072 0.034 0.0 9.0
-3.6723247 17.361362 0.035 3.0 7.0
-5.5084867 19.852543 0.035 3.0 7.0
-5.5084867 19.852543 0.036 0.0 8.0
-8.464599 20.768446 0.036 0.0 8.0
-5.5084867 19.852543 0.037 2.0 8.0
-7.3446493 22.343723 0.037 2.0 8.0
-7.3446493 22.343723 0.038 0.0 9.0
-7.3446493 25.438473 0.038 0.0 9.0
-7.3446493 22.343723 0.039 0.0 9.0
-9.180812 24.834904 0.039 0.0 9.0
-7.3446493 22.343723 0.040 1.0 9.0
-7.3446493 25.438473 0.040 1.0 9.0
-7.3446493 25.438473 0.041 0.0 10.0
-9.180812 27.929653 0.041 0.0 10.0
-7.3446493 25.438473 0.042 0.0 10.0
-7.3446493 28.533222 0.042 0.0 10.0
-7.3446493 28.533222 0.043 0.0 11.0
-5.5084867 31.024403 0.043 0.0 11.0
-7.3446493 28.533222 0.044 0.0 11.0
-7.3446493 31.627972 0.044 0.0 11.0
-7.3446493 22.343723 0.045 1.0 9.0
-9.180812 24.834904 0.045 1.0 9.0
-9.180812 24.834904 0.046 0.0 10.0
-12.136924 25.750807 0.046 0.0 10.0
-9.180812 24.834904 0.047 0.0 10.0
-11.016974 27.326084 0.047 0.0 10.0
-11.016974 27.326084 0.048 0.0 11.0
-11.016974 30.420834 0.048 0.0 11.0
-11.016974 27.326084 0.049 0.0 11.0
-12.853137 29.817265 0.049 0.0 11.0
0.0 12.379 0.050 25.0 5.0
0.0 15.473749 0.050 25.0 5.0
0.0 15.473749 0.051 0.0 6.0
-1.8361623 17.964931 0.051 0.0 6.0
0.0 15.473749 0.052 24.0 6.0
0.0 18.568499 0.052 24.0 6.0
0.0 18.568499 0.053 0.0 7.0
1.8361623 21.05968 0.053 0.0 7.0
0.0 18.568499 0.054 0.0 7.0
0.0 21.663248 0.054 0.0 7.0
0.0 18.568499 0.055 1.0 7.0
-1.8361623 21.05968 0.055 1.0 7.0
-1.8361623 21.05968 0.056 0.0 8.0
-4.7922745 21.975584 0.056 0.0 8.0
-1.8361623 21.05968 0.057 0.0 8.0
-3.6723247 23.550861 0.057 0.0 8.0
-3.6723247 23.550861 0.058 0.0 9.0
-3.6723247 26.64561 0.058 0.0 9.0
-3.6723247 23.550861 0.059 0.0 9.0
-5.5084867 26.042042 0.059 0.0 9.0
0.0 18.568499 0.060 23.0 7.0
0.0 21.663248 0.060 23.0 7.0
0.0 21.663248 0.061 0.0 8.0
-1.8361623 24.15443 0.061 0.0 8.0
0.0 21.663248 0.062 22.0 8.0
0.0 24.757998 0.062 22.0 8.0
0.0 24.757998 0.063 0.0 9.0
1.8361623 27.24918 0.063 0.0 9.0
0.0 24.757998 0.064 0.0 9.0
0.0 27.852747 0.064 0.0 9.0
0.0 24.757998 0.065 1.0 9.0
1.8361623 27.24918 0.065 1.0 9.0
1.8361623 27.24918 0.066 0.0 10.0
1.8361623 30.34393 0.066 0.0 10.0
1.8361623 27.24918 0.067 0.0 10.0
3.6723247 29.74036 0.067 0.0 10.0
3.6723247 29.74036 0.068 0.0 11.0
6.6284366 30.656263 0.068 0.0 11.0
3.6723247 29.74036 0.069 0.0 11.0
5.5084867 32.23154 0.069 0.0 11.0
0.0 24.757998 0.070 1.0 9.0
0.0 27.852747 0.070 1.0 9.0
0.0 27.852747 0.071 0.0 10.0
-1.8361623 30.34393 0.071 0.0 10.0
0.0 27.852747 0.072 0.0 10.0
0.0 30.947496 0.072 0.0 10.0
0.0 30.947496 0.073 0.0 11.0
1.8361623 33.43868 0.073 0.0 11.0
0.0 30.947496 0.074 0.0 11.0
0.0 34.042248 0.074 0.0 11.0
0.0 24.757998 0.075 5.0 9.0
1.8361623 27.24918 0.075 5.0 9.0
1.8361623 27.24918 0.076 0.0 10.0
1.8361623 30.34393 0.076 0.0 10.0
1.8361623 27.24918 0.077 4.0 10.0
3.6723247 29.74036 0.077 4.0 10.0
3.6723247 29.74036 0.078 0.0 11.0
6.6284366 30.656263 0.078 0.0 11.0
3.6723247 29.74036 0.079 0.0 11.0
5.5084867 32.23154 0.079 0.0 11.0
3.6723247 29.74036 0.080 1.0 11.0
3.6723247 32.83511 0.080 1.0 11.0
3.6723247 32.83511 0.081 0.0 12.0
1.8361623 35.32629 0.081 0.0 12.0
3.6723247 32.83511 0.082 0.0 12.0
3.6723247 35.92986 0.082 0.0 12.0
3.6723247 35.92986 0.083 0.0 13.0
5.5084867 38.42104 0.083 0.0 13.0
3.6723247 35.92986 0.084 0.0 13.0
3.6723247 39.02461 0.084 0.0 13.0
3.6723247 29.74036 0.085 3.0 11.0
5.5084867 32.23154 0.085 3.0 11.0
5.5084867 32.23154 0.086 0.0 12.0
5.5084867 35.32629 0.086 0.0 12.0
5.5084867 32.23154 0.087 2.0 12.0
7.3446493 34.72272 0.087 2.0 12.0
7.3446493 34.72272 0.088 0.0 13.0
10.300761 35.638626 0.088 0.0 13.0
7.3446493 34.72272 0.089 0.0 13.0
9.180812 37.2139 0.089 0.0 13.0
7.3446493 34.72272 0.090 1.0 13.0
10.300761 35.638626 0.090 1.0 13.0
10.300761 35.638626 0.091 0.0 14.0
12.136924 38.129807 0.091 0.0 14.0
10.300761 35.638626 0.092 0.0 14.0
13.256873 36.55453 0.092 0.0 14.0
13.256873 36.55453 0.093 0.0 15.0
16.179874 35.5379 0.093 0.0 15.0
13.256873 36.55453 0.094 0.0 15.0
16.212986 37.470436 0.094 0.0 15.0
7.3446493 34.72272 0.095 1.0 13.0
9.180812 37.2139 0.095 1.0 13.0
9.180812 37.2139 0.096 0.0 14.0
9.180812 40.30865 0.096 0.0 14.0
9.180812 37.2139 0.097 0.0 14.0
11.016974 39.705082 0.097 0.0 14.0
11.016974 39.705082 0.098 0.0 15.0
13.973086 40.620987 0.098 0.0 15.0
11.016974 39.705082 0.099 0.0 15.0
12.853137 42.196262 0.099 0.0 15.0
0.0 24.757998 0.0100 5.0 9.0
0.0 27.852747 0.0100 5.0 9.0
0.0 27.852747 0.0101 0.0 10.0
-1.8361623 30.34393 0.0101 0.0 10.0
0.0 27.852747 0.0102 4.0 10.0
0.0 30.947496 0.0102 4.0 10.0
0.0 30.947496 0.0103 0.0 11.0
1.8361623 33.43868 0.0103 0.0 11.0
0.0 30.947496 0.0104 0.0 11.0
0.0 34.042248 0.0104 0.0 11.0
0.0 30.947496 0.0105 1.0 11.0
-1.8361623 33.43868 0.0105 1.0 11.0
-1.8361623 33.43868 0.0106 0.0 12.0
-4.7922745 34.354584 0.0106 0.0 12.0
-1.8361623 33.43868 0.0107 0.0 12.0
-3.6723247 35.92986 0.0107 0.0 12.0
-3.6723247 35.92986 0.0108 0.0 13.0
-3.6723247 39.02461 0.0108 0.0 13.0
-3.6723247 35.92986 0.0109 0.0 13.0
-5.5084867 38.42104 0.0109 0.0 13.0
0.0 30.947496 0.0110 3.0 11.0
0.0 34.042248 0.0110 3.0 11.0
0.0 34.042248 0.0111 0.0 12.0
-1.8361623 36.53343 0.0111 0.0 12.0
0.0 34.042248 0.0112 2.0 12.0
0.0 37.136997 0.0112 2.0 12.0
0.0 37.136997 0.0113 0.0 13.0
1.8361623 39.628178 0.0113 0.0 13.0
0.0 37.136997 0.0114 0.0 13.0
0.0 40.231747 0.0114 0.0 13.0
0.0 37.136997 0.0115 1.0 13.0
1.8361623 39.628178 0.0115 1.0 13.0
1.8361623 39.628178 0.0116 0.0 14.0
1.8361623 42.722927 0.0116 0.0 14.0
1.8361623 39.628178 0.0117 0.0 14.0
3.6723247 42.119358 0.0117 0.0 14.0
3.6723247 42.119358 0.0118 0.0 15.0
6.6284366 43.035263 0.0118 0.0 15.0
3.6723247 42.119358 0.0119 0.0 15.0
5.5084867 44.61054 0.0119 0.0 15.0
0.0 37.136997 0.0120 1.0 13.0
0.0 40.231747 0.0120 1.0 13.0
0.0 40.231747 0.0121 0.0 14.0
-1.8361623 42.722927 0.0121 0.0 14.0
0.0 40.231747 0.0122 0.0 14.0
0.0 43.326496 0.0122 0.0 14.0
0.0 43.326496 0.0123 0.0 15.0
1.8361623 45.817677 0.0123 0.0 15.0
0.0 43.326496 0.0124 0.0 15.0
0.0 46.421246 0.0124 0.0 15.0
0.0 24.757998 0.0125 13.0 9.0
1.8361623 27.24918 0.0125 13.0 9.0
1.8361623 27.24918 0.0126 0.0 10.0
1.8361623 30.34393 0.0126 0.0 10.0
1.8361623 27.24918 0.0127 12.0 10.0
3.6723247 29.74036 0.0127 12.0 10.0
3.6723247 29.74036 0.0128 0.0 11.0
6.6284366 30.656263 0.0128 0.0 11.0
3.6723247 29.74036 0.0129 0.0 11.0
5.5084867 32.23154 0.0129 0.0 11.0
3.6723247 29.74036 0.0130 1.0 11.0
3.6723247 32.83511 0.0130 1.0 11.0
3.6723247 32.83511 0.0131 0.0 12.0
1.8361623 35.32629 0.0131 0.0 12.0
3.6723247 32.83511 0.0132 0.0 12.0
3.6723247 35.92986 0.0132 0.0 12.0
3.6723247 35.92986 0.0133 0.0 13.0
5.5084867 38.42104 0.0133 0.0 13.0
3.6723247 35.92986 0.0134 0.0 13.0
3.6723247 39.02461 0.0134 0.0 13.0
3.6723247 29.74036 0.0135 11.0 11.0
5.5084867 32.23154 0.0135 11.0 11.0
5.5084867 32.23154 0.0136 0.0 12.0
5.5084867 35.32629 0.0136 0.0 12.0
5.5084867 32.23154 0.0137 10.0 12.0
7.3446493 34.72272 0.0137 10.0 12.0
7.3446493 34.72272 0.0138 0.0 13.0
10.300761 35.638626 0.0138 0.0 13.0
7.3446493 34.72272 0.0139 0.0 13.0
9.180812 37.2139 0.0139 0.0 13.0
7.3446493 34.72272 0.0140 1.0 13.0
10.300761 35.638626 0.0140 1.0 13.0
10.300761 35.638626 0.0141 0.0 14.0
12.136924 38.129807 0.0141 0.0 14.0
10.300761 35.638626 0.0142 0.0 14.0
13.256873 36.55453 0.0142 0.0 14.0
13.256873 36.55453 0.0143 0.0 15.0
16.179874 35.5379 0.0143 0.0 15.0
13.256873 36.55453 0.0144 0.0 15.0
16.212986 37.470436 0.0144 0.0 15.0
7.3446493 34.72272 0.0145 1.0 13.0
9.180812 37.2139 0.0145 1.0 13.0
9.180812 37.2139 0.0146 0.0 14.0
9.180812 40.30865 0.0146 0.0 14.0
9.180812 37.2139 0.0147 0.0 14.0
11.016974 39.705082 0.0147 0.0 14.0
11.016974 39.705082 0.0148 0.0 15.0
13.973086 40.620987 0.0148 0.0 15.0
11.016974 39.705082 0.0149 0.0 15.0
12.853137 42.196262 0.0149 0.0 15.0
7.3446493 34.72272 0.0150 5.0 13.0
7.3446493 37.81747 0.0150 5.0 13.0
7.3446493 37.81747 0.0151 0.0 14.0
5.5084867 40.30865 0.0151 0.0 14.0
7.3446493 37.81747 0.0152 4.0 14.0
7.3446493 40.91222 0.0152 4.0 14.0
7.3446493 40.91222 0.0153 0.0 15.0
9.180812 43.4034 0.0153 0.0 15.0
7.3446493 40.91222 0.0154 0.0 15.0
7.3446493 44.00697 0.0154 0.0 15.0
7.3446493 40.91222 0.0155 1.0 15.0
5.5084867 43.4034 0.0155 1.0 15.0
5.5084867 43.4034 0.0156 0.0 16.0
2.5523748 44.319305 0.0156 0.0 16.0
5.5084867 43.4034 0.0157 0.0 16.0
3.6723244 45.89458 0.0157 0.0 16.0
3.6723244 45.89458 0.0158 0.0 17.0
3.6723244 48.98933 0.0158 0.0 17.0
3.6723244 45.89458 0.0159 0.0 17.0
1.8361621 48.38576 0.0159 0.0 17.0
7.3446493 40.91222 0.0160 3.0 15.0
7.3446493 44.00697 0.0160 3.0 15.0
7.3446493 44.00697 0.0161 0.0 16.0
5.5084867 46.49815 0.0161 0.0 16.0
7.3446493 44.00697 0.0162 2.0 16.0
7.3446493 47.10172 0.0162 2.0 16.0
7.3446493 47.10172 0.0163 0.0 17.0
9.180812 49.5929 0.0163 0.0 17.0
7.3446493 47.10172 0.0164 0.0 17.0
7.3446493 50.19647 0.0164 0.0 17.0
7.3446493 47.10172 0.0165 1.0 17.0
9.180812 49.5929 0.0165 1.0 17.0
9.180812 49.5929 0.0166 0.0 18.0
9.180812 52.68765 0.0166 0.0 18.0
9.180812 49.5929 0.0167 0.0 18.0
11.016974 52.08408 0.0167 0.0 18.0
11.016974 52.08408 0.0168 0.0 19.0
13.973086 52.999985 0.0168 0.0 19.0
11.016974 52.08408 0.0169 0.0 19.0
12.853137 54.57526 0.0169 0.0 19.0
7.3446493 47.10172 0.0170 1.0 17.0
7.3446493 50.19647 0.0170 1.0 17.0
7.3446493 50.19647 0.0171 0.0 18.0
5.5084867 52.68765 0.0171 0.0 18.0
7.3446493 50.19647 0.0172 0.0 18.0
7.3446493 53.291218 0.0172 0.0 18.0
7.3446493 53.291218 0.0173 0.0 19.0
9.180812 55.7824 0.0173 0.0 19.0
7.3446493 53.291218 0.0174 0.0 19.0
7.3446493 56.385967 0.0174 0.0 19.0
7.3446493 34.72272 0.0175 9.0 13.0
9.180812 37.2139 0.0175 9.0 13.0
9.180812 37.2139 0.0176 0.0 14.0
9.180812 40.30865 0.0176 0.0 14.0
9.180812 37.2139 0.0177 8.0 14.0
11.016974 39.705082 0.0177 8.0 14.0
11.016974 39.705082 0.0178 0.0 15.0
13.973086 40.620987 0.0178 0.0 15.0
11.016974 39.705082 0.0179 0.0 15.0
12.853137 42.196262 0.0179 0.0 15.0
11.016974 39.705082 0.0180 1.0 15.0
11.016974 42.79983 0.0180 1.0 15.0
11.016974 42.79983 0.0181 0.0 16.0
9.180812 45.29101 0.0181 0.0 16.0
11.016974 42.79983 0.0182 0.0 16.0
11.016974 45.89458 0.0182 0.0 16.0
11.016974 45.89458 0.0183 0.0 17.0
12.853137 48.38576 0.0183 0.0 17.0
11.016974 45.89458 0.0184 0.0 17.0
11.016974 48.98933 0.0184 0.0 17.0
11.016974 39.705082 0.0185 7.0 15.0
12.853137 42.196262 0.0185 7.0 15.0
12.853137 42.196262 0.0186 0.0 16.0
12.853137 45.29101 0.0186 0.0 16.0
12.853137 42.196262 0.0187 6.0 16.0
14.6893 44.687443 0.0187 6.0 16.0
14.6893 44.687443 0.0188 0.0 17.0
17.645412 45.603348 0.0188 0.0 17.0
14.6893 44.687443 0.0189 0.0 17.0
16.525461 47.178623 0.0189 0.0 17.0
14.6893 44.687443 0.0190 1.0 17.0
17.645412 45.603348 0.0190 1.0 17.0
17.645412 45.603348 0.0191 0.0 18.0
19.481575 48.09453 0.0191 0.0 18.0
17.645412 45.603348 0.0192 0.0 18.0
20.601524 46.519253 0.0192 0.0 18.0
20.601524 46.519253 0.0193 0.0 19.0
23.524527 45.50262 0.0193 0.0 19.0
20.601524 46.519253 0.0194 0.0 19.0
23.557636 47.435158 0.0194 0.0 19.0
14.6893 44.687443 0.0195 1.0 17.0
16.525461 47.178623 0.0195 1.0 17.0
16.525461 47.178623 0.0196 0.0 18.0
16.525461 50.273373 0.0196 0.0 18.0
16.525461 47.178623 0.0197 0.0 18.0
18.361624 49.669804 0.0197 0.0 18.0
18.361624 49.669804 0.0198 0.0 19.0
21.317736 50.58571 0.0198 0.0 19.0
18.361624 49.669804 0.0199 0.0 19.0
20.197786 52.160984 0.0199 0.0 19.0
14.6893 44.687443 0.0200 5.0 17.0
17.645412 45.603348 0.0200 5.0 17.0
17.645412 45.603348 0.0201 0.0 18.0
19.481575 48.09453 0.0201 0.0 18.0
17.645412 45.603348 0.0202 4.0 18.0
20.601524 46.519253 0.0202 4.0 18.0
20.601524 46.519253 0.0203 0.0 19.0
23.524527 45.50262 0.0203 0.0 19.0
20.601524 46.519253 0.0204 0.0 19.0
23.557636 47.435158 0.0204 0.0 19.0
20.601524 46.519253 0.0205 1.0 19.0
22.437687 49.010433 0.0205 1.0 19.0
22.437687 49.010433 0.0206 0.0 20.0
22.437687 52.105183 0.0206 0.0 20.0
22.437687 49.010433 0.0207 0.0 20.0
24.27385 51.501614 0.0207 0.0 20.0
24.27385 51.501614 0.0208 0.0 21.0
27.229961 52.41752 0.0208 0.0 21.0
24.27385 51.501614 0.0209 0.0 21.0
26.110012 53.992794 0.0209 0.0 21.0
20.601524 46.519253 0.0210 3.0 19.0
23.557636 47.435158 0.0210 3.0 19.0
23.557636 47.435158 0.0211 0.0 20.0
25.393799 49.92634 0.0211 0.0 20.0
23.557636 47.435158 0.0212 2.0 20.0
26.513748 48.351063 0.0212 2.0 20.0
26.513748 48.351063 0.0213 0.0 21.0
29.43675 47.33443 0.0213 0.0 21.0
26.513748 48.351063 0.0214 0.0 21.0
29.46986 49.266968 0.0214 0.0 21.0
26.513748 48.351063 0.0215 1.0 21.0
29.43675 47.33443 0.0215 1.0 21.0
29.43675 47.33443 0.0216 0.0 22.0
32.39286 48.250336 0.0216 0.0 22.0
29.43675 47.33443 0.0217 0.0 22.0
32.359753 46.3178 0.0217 0.0 22.0
32.359753 46.3178 0.0218 0.0 23.0
34.1095 43.76518 0.0218 0.0 23.0
32.359753 46.3178 0.0219 0.0 23.0
35.282753 45.301167 0.0219 0.0 23.0
26.513748 48.351063 0.0220 1.0 21.0
29.46986 49.266968 0.0220 1.0 21.0
29.46986 49.266968 0.0221 0.0 22.0
31.306023 51.75815 0.0221 0.0 22.0
29.46986 49.266968 0.0222 0.0 22.0
32.425972 50.182873 0.0222 0.0 22.0
32.425972 50.182873 0.0223 0.0 23.0
35.348972 49.16624 0.0223 0.0 23.0
32.425972 50.182873 0.0224 0.0 23.0
35.382084 51.098778 0.0224 0.0 23.0
14.6893 44.687443 0.0225 5.0 17.0
16.525461 47.178623 0.0225 5.0 17.0
16.525461 47.178623 0.0226 0.0 18.0
16.525461 50.273373 0.0226 0.0 18.0
16.525461 47.178623 0.0227 4.0 18.0
18.361624 49.669804 0.0227 4.0 18.0
18.361624 49.669804 0.0228 0.0 19.0
21.317736 50.58571 0.0228 0.0 19.0
18.361624 49.669804 0.0229 0.0 19.0
20.197786 52.160984 0.0229 0.0 19.0
18.361624 49.669804 0.0230 1.0 19.0
18.361624 52.764553 0.0230 1.0 19.0
18.361624 52.764553 0.0231 0.0 20.0
16.525461 55.255733 0.0231 0.0 20.0
18.361624 52.764553 0.0232 0.0 20.0
18.361624 55.859303 0.0232 0.0 20.0
18.361624 55.859303 0.0233 0.0 21.0
20.197786 58.350483 0.0233 0.0 21.0
18.361624 55.859303 0.0234 0.0 21.0
18.361624 58.954052 0.0234 0.0 21.0
18.361624 49.669804 0.0235 3.0 19.0
20.197786 52.160984 0.0235 3.0 19.0
20.197786 52.160984 0.0236 0.0 20.0
20.197786 55.255733 0.0236 0.0 20.0
20.197786 52.160984 0.0237 2.0 20.0
22.033949 54.652164 0.0237 2.0 20.0
22.033949 54.652164 0.0238 0.0 21.0
24.99006 55.56807 0.0238 0.0 21.0
22.033949 54.652164 0.0239 0.0 21.0
23.870111 57.143345 0.0239 0.0 21.0
22.033949 54.652164 0.0240 1.0 21.0
24.99006 55.56807 0.0240 1.0 21.0
24.99006 55.56807 0.0241 0.0 22.0
26.826223 58.05925 0.0241 0.0 22.0
24.99006 55.56807 0.0242 0.0 22.0
27.946173 56.483974 0.0242 0.0 22.0
27.946173 56.483974 0.0243 0.0 23.0
30.869175 55.467342 0.0243 0.0 23.0
27.946173 56.483974 0.0244 0.0 23.0
30.902285 57.39988 0.0244 0.0 23.0
22.033949 54.652164 0.0245 1.0 21.0
23.870111 57.143345 0.0245 1.0 21.0
23.870111 57.143345 0.0246 0.0 22.0
23.870111 60.238094 0.0246 0.0 22.0
23.870111 57.143345 0.0247 0.0 22.0
25.706274 59.634525 0.0247 0.0 22.0
25.706274 59.634525 0.0248 0.0 23.0
28.662386 60.55043 0.0248 0.0 23.0
25.706274 59.634525 0.0249 0.0 23.0
27.542437 62.125706 0.0249 0.0 23.0
0.0 24.757998 0.0250 21.0 9.0
0.0 27.852747 0.0250 21.0 9.0
0.0 27.852747 0.0251 0.0 10.0
-1.8361623 30.34393 0.0251 0.0 10.0
0.0 27.852747 0.0252 20.0 10.0
0.0 30.947496 0.0252 20.0 10.0
0.0 30.947496 0.0253 0.0 11.0
1.8361623 33.43868 0.0253 0.0 11.0
0.0 30.947496 0.0254 0.0 11.0
0.0 34.042248 0.0254 0.0 11.0
0.0 30.947496 0.0255 1.0 11.0
-1.8361623 33.43868 0.0255 1.0 11.0
-1.8361623 33.43868 0.0256 0.0 12.0
-4.7922745 34.354584 0.0256 0.0 12.0
-1.8361623 33.43868 0.0257 0.0 12.0
-3.6723247 35.92986 0.0257 0.0 12.0
-3.6723247 35.92986 0.0258 0.0 13.0
-3.6723247 39.02461 0.0258 0.0 13.0
-3.6723247 35.92986 0.0259 0.0 13.0
-5.5084867 38.42104 0.0259 0.0 13.0
0.0 30.947496 0.0260 19.0 11.0
0.0 34.042248 0.0260 19.0 11.0
0.0 34.042248 0.0261 0.0 12.0
-1.8361623 36.53343 0.0261 0.0 12.0
0.0 34.042248 0.0262 18.0 12.0
0.0 37.136997 0.0262 18.0 12.0
0.0 37.136997 0.0263 0.0 13.0
1.8361623 39.628178 0.0263 0.0 13.0
0.0 37.136997 0.0264 0.0 13.0
0.0 40.231747 0.0264 0.0 13.0
0.0 37.136997 0.0265 1.0 13.0
1.8361623 39.628178 0.0265 1.0 13.0
1.8361623 39.628178 0.0266 0.0 14.0
1.8361623 42.722927 0.0266 0.0 14.0
1.8361623 39.628178 0.0267 0.0 14.0
3.6723247 42.119358 0.0267 0.0 14.0
3.6723247 42.119358 0.0268 0.0 15.0
6.6284366 43.035263 0.0268 0.0 15.0
3.6723247 42.119358 0.0269 0.0 15.0
5.5084867 44.61054 0.0269 0.0 15.0
0.0 37.136997 0.0270 1.0 13.0
0.0 40.231747 0.0270 1.0 13.0
0.0 40.231747 0.0271 0.0 14.0
-1.8361623 42.722927 0.0271 0.0 14.0
0.0 40.231747 0.0272 0.0 14.0
0.0 43.326496 0.0272 0.0 14.0
0.0 43.326496 0.0273 0.0 15.0
1.8361623 45.817677 0.0273 0.0 15.0
0.0 43.326496 0.0274 0.0 15.0
0.0 46.421246 0.0274 0.0 15.0
0.0 37.136997 0.0275 5.0 13.0
-1.8361623 39.628178 0.0275 5.0 13.0
-1.8361623 39.628178 0.0276 0.0 14.0
-4.7922745 40.544083 0.0276 0.0 14.0
-1.8361623 39.628178 0.0277 4.0 14.0
-3.6723247 42.119358 0.0277 4.0 14.0
-3.6723247 42.119358 0.0278 0.0 15.0
-3.6723247 45.214108 0.0278 0.0 15.0
-3.6723247 42.119358 0.0279 0.0 15.0
-5.5084867 44.61054 0.0279 0.0 15.0
-3.6723247 42.119358 0.0280 1.0 15.0
-6.6284366 43.035263 0.0280 1.0 15.0
-6.6284366 43.035263 0.0281 0.0 16.0
-9.551438 42.01863 0.0281 0.0 16.0
-6.6284366 43.035263 0.0282 0.0 16.0
-9.584549 43.951168 0.0282 0.0 16.0
-9.584549 43.951168 0.0283 0.0 17.0
-11.4207115 46.44235 0.0283 0.0 17.0
-9.584549 43.951168 0.0284 0.0 17.0
-12.540661 44.867073 0.0284 0.0 17.0
-3.6723247 42.119358 0.0285 3.0 15.0
-5.5084867 44.61054 0.0285 3.0 15.0
-5.5084867 44.61054 0.0286 0.0 16.0
-8.464599 45.526443 0.0286 0.0 16.0
-5.5084867 44.61054 0.0287 2.0 16.0
-7.3446493 47.10172 0.0287 2.0 16.0
-7.3446493 47.10172 0.0288 0.0 17.0
-7.3446493 50.19647 0.0288 0.0 17.0
-7.3446493 47.10172 0.0289 0.0 17.0
-9.180812 49.5929 0.0289 0.0 17.0
-7.3446493 47.10172 0.0290 1.0 17.0
-7.3446493 50.19647 0.0290 1.0 17.0
-7.3446493 50.19647 0.0291 0.0 18.0
-9.180812 52.68765 0.0291 0.0 18.0
-7.3446493 50.19647 0.0292 0.0 18.0
-7.3446493 53.291218 0.0292 0.0 18.0
-7.3446493 53.291218 0.0293 0.0 19.0
-5.5084867 55.7824 0.0293 0.0 19.0
-7.3446493 53.291218 0.0294 0.0 19.0
-7.3446493 56.385967 0.0294 0.0 19.0
-7.3446493 47.10172 0.0295 1.0 17.0
-9.180812 49.5929 0.0295 1.0 17.0
-9.180812 49.5929 0.0296 0.0 18.0
-12.136924 50.508804 0.0296 0.0 18.0
-9.180812 49.5929 0.0297 0.0 18.0
-11.016974 52.08408 0.0297 0.0 18.0
-11.016974 52.08408 0.0298 0.0 19.0
-11.016974 55.17883 0.0298 0.0 19.0
-11.016974 52.08408 0.0299 0.0 19.0
-12.853137 54.57526 0.0299 0.0 19.0
0.0 37.136997 0.0300 17.0 13.0
0.0 40.231747 0.0300 17.0 13.0
0.0 40.231747 0.0301 0.0 14.0
-1.8361623 42.722927 0.0301 0.0 14.0
0.0 40.231747 0.0302 16.0 14.0
0.0 43.326496 0.0302 16.0 14.0
0.0 43.326496 0.0303 0.0 15.0
1.8361623 45.817677 0.0303 0.0 15.0
0.0 43.326496 0.0304 0.0 15.0
0.0 46.421246 0.0304 0.0 15.0
0.0 43.326496 0.0305 1.0 15.0
-1.8361623 45.817677 0.0305 1.0 15.0
-1.8361623 45.817677 0.0306 0.0 16.0
-4.7922745 46.73358 0.0306 0.0 16.0
-1.8361623 45.817677 0.0307 0.0 16.0
-3.6723247 48.308857 0.0307 0.0 16.0
-3.6723247 48.308857 0.0308 0.0 17.0
-3.6723247 51.403606 0.0308 0.0 17.0
-3.6723247 48.308857 0.0309 0.0 17.0
-5.5084867 50.800037 0.0309 0.0 17.0
0.0 43.326496 0.0310 15.0 15.0
0.0 46.421246 0.0310 15.0 15.0
0.0 46.421246 0.0311 0.0 16.0
-1.8361623 48.912426 0.0311 0.0 16.0
0.0 46.421246 0.0312 14.0 16.0
0.0 49.515995 0.0312 14.0 16.0
0.0 49.515995 0.0313 0.0 17.0
1.8361623 52.007175 0.0313 0.0 17.0
0.0 49.515995 0.0314 0.0 17.0
0.0 52.610744 0.0314 0.0 17.0
0.0 49.515995 0.0315 1.0 17.0
1.8361623 52.007175 0.0315 1.0 17.0
1.8361623 52.007175 0.0316 0.0 18.0
1.8361623 55.101925 0.0316 0.0 18.0
1.8361623 52.007175 0.0317 0.0 18.0
3.6723247 54.498356 0.0317 0.0 18.0
3.6723247 54.498356 0.0318 0.0 19.0
6.6284366 55.41426 0.0318 0.0 19.0
3.6723247 54.498356 0.0319 0.0 19.0
5.5084867 56.989536 0.0319 0.0 19.0
0.0 49.515995 0.0320 1.0 17.0
0.0 52.610744 0.0320 1.0 17.0
0.0 52.610744 0.0321 0.0 18.0
-1.8361623 55.101925 0.0321 0.0 18.0
0.0 52.610744 0.0322 0.0 18.0
0.0 55.705494 0.0322 0.0 18.0
0.0 55.705494 0.0323 0.0 19.0
1.8361623 58.196674 0.0323 0.0 19.0
0.0 55.705494 0.0324 0.0 19.0
0.0 58.800243 0.0324 0.0 19.0
0.0 49.515995 0.0325 5.0 17.0
1.8361623 52.007175 0.0325 5.0 17.0
1.8361623 52.007175 0.0326 0.0 18.0
1.8361623 55.101925 0.0326 0.0 18.0
1.8361623 52.007175 0.0327 4.0 18.0
3.6723247 54.498356 0.0327 4.0 18.0
3.6723247 54.498356 0.0328 0.0 19.0
6.6284366 55.41426 0.0328 0.0 19.0
3.6723247 54.498356 0.0329 0.0 19.0
5.5084867 56.989536 0.0329 0.0 19.0
3.6723247 54.498356 0.0330 1.0 19.0
3.6723247 57.593105 0.0330 1.0 19.0
3.6723247 57.593105 0.0331 0.0 20.0
1.8361623 60.084286 0.0331 0.0 20.0
3.6723247 57.593105 0.0332 0.0 20.0
3.6723247 60.687855 0.0332 0.0 20.0
3.6723247 60.687855 0.0333 0.0 21.0
5.5084867 63.179035 0.0333 0.0 21.0
3.6723247 60.687855 0.0334 0.0 21.0
3.6723247 63.782604 0.0334 0.0 21.0
3.6723247 54.498356 0.0335 3.0 19.0
5.5084867 56.989536 0.0335 3.0 19.0
5.5084867 56.989536 0.0336 0.0 20.0
5.5084867 60.084286 0.0336 0.0 20.0
5.5084867 56.989536 0.0337 2.0 20.0
7.3446493 59.480717 0.0337 2.0 20.0
7.3446493 59.480717 0.0338 0.0 21.0
10.300761 60.39662 0.0338 0.0 21.0
7.3446493 59.480717 0.0339 0.0 21.0
9.180812 61.971897 0.0339 0.0 21.0
7.3446493 59.480717 0.0340 1.0 21.0
10.300761 60.39662 0.0340 1.0 21.0
10.300761 60.39662 0.0341 0.0 22.0
12.136924 62.887802 0.0341 0.0 22.0
10.300761 60.39662 0.0342 0.0 22.0
13.256873 61.312527 0.0342 0.0 22.0
13.256873 61.312527 0.0343 0.0 23.0
16.179874 60.295895 0.0343 0.0 23.0
13.256873 61.312527 0.0344 0.0 23.0
16.212986 62.22843 0.0344 0.0 23.0
7.3446493 59.480717 0.0345 1.0 21.0
9.180812 61.971897 0.0345 1.0 21.0
9.180812 61.971897 0.0346 0.0 22.0
9.180812 65.06665 0.0346 0.0 22.0
9.180812 61.971897 0.0347 0.0 22.0
11.016974 64.46308 0.0347 0.0 22.0
11.016974 64.46308 0.0348 0.0 23.0
13.973086 65.37898 0.0348 0.0 23.0
11.016974 64.46308 0.0349 0.0 23.0
12.853137 66.95426 0.0349 0.0 23.0
0.0 49.515995 0.0350 5.0 17.0
0.0 52.610744 0.0350 5.0 17.0
0.0 52.610744 0.0351 0.0 18.0
-1.8361623 55.101925 0.0351 0.0 18.0
0.0 52.610744 0.0352 4.0 18.0
0.0 55.705494 0.0352 4.0 18.0
0.0 55.705494 0.0353 0.0 19.0
1.8361623 58.196674 0.0353 0.0 19.0
0.0 55.705494 0.0354 0.0 19.0
0.0 58.800243 0.0354 0.0 19.0
0.0 55.705494 0.0355 1.0 19.0
-1.8361623 58.196674 0.0355 1.0 19.0
-1.8361623 58.196674 0.0356 0.0 20.0
-4.7922745 59.11258 0.0356 0.0 20.0
-1.8361623 58.196674 0.0357 0.0 20.0
-3.6723247 60.687855 0.0357 0.0 20.0
-3.6723247 60.687855 0.0358 0.0 21.0
-3.6723247 63.782604 0.0358 0.0 21.0
-3.6723247 60.687855 0.0359 0.0 21.0
-5.5084867 63.179035 0.0359 0.0 21.0
0.0 55.705494 0.0360 3.0 19.0
0.0 58.800243 0.0360 3.0 19.0
0.0 58.800243 0.0361 0.0 20.0
-1.8361623 61.291424 0.0361 0.0 20.0
0.0 58.800243 0.0362 2.0 20.0
0.0 61.894993 0.0362 2.0 20.0
0.0 61.894993 0.0363 0.0 21.0
1.8361623 64.38618 0.0363 0.0 21.0
0.0 61.894993 0.0364 0.0 21.0
0.0 64.989746 0.0364 0.0 21.0
0.0 61.894993 0.0365 1.0 21.0
1.8361623 64.38618 0.0365 1.0 21.0
1.8361623 64.38618 0.0366 0.0 22.0
1.8361623 67.48093 0.0366 0.0 22.0
1.8361623 64.38618 0.0367 0.0 22.0
3.6723247 66.87736 0.0367 0.0 22.0
3.6723247 66.87736 0.0368 0.0 23.0
6.6284366 67.79326 0.0368 0.0 23.0
3.6723247 66.87736 0.0369 0.0 23.0
5.5084867 69.36854 0.0369 0.0 23.0
0.0 61.894993 0.0370 1.0 21.0
0.0 64.989746 0.0370 1.0 21.0
0.0 64.989746 0.0371 0.0 22.0
-1.8361623 67.48093 0.0371 0.0 22.0
0.0 64.989746 0.0372 0.0 22.0
0.0 68.084496 0.0372 0.0 22.0
0.0 68.084496 0.0373 0.0 23.0
1.8361623 70.575676 0.0373 0.0 23.0
0.0 68.084496 0.0374 0.0 23.0
0.0 71.179245 0.0374 0.0 23.0
0.0 49.515995 0.0375 13.0 17.0
1.8361623 52.007175 0.0375 13.0 17.0
1.8361623 52.007175 0.0376 0.0 18.0
1.8361623 55.101925 0.0376 0.0 18.0
1.8361623 52.007175 0.0377 12.0 18.0
3.6723247 54.498356 0.0377 12.0 18.0
3.6723247 54.498356 0.0378 0.0 19.0
6.6284366 55.41426 0.0378 0.0 19.0
3.6723247 54.498356 0.0379 0.0 19.0
5.5084867 56.989536 0.0379 0.0 19.0
3.6723247 54.498356 0.0380 1.0 19.0
3.6723247 57.593105 0.0380 1.0 19.0
3.6723247 57.593105 0.0381 0.0 20.0
1.8361623 60.084286 0.0381 0.0 20.0
3.6723247 57.593105 0.0382 0.0 20.0
3.6723247 60.687855 0.0382 0.0 20.0
3.6723247 60.687855 0.0383 0.0 21.0
5.5084867 63.179035 0.0383 0.0 21.0
3.6723247 60.687855 0.0384 0.0 21.0
3.6723247 63.782604 0.0384 0.0 21.0
3.6723247 54.498356 0.0385 11.0 19.0
5.5084867 56.989536 0.0385 11.0 19.0
5.5084867 56.989536 0.0386 0.0 20.0
5.5084867 60.084286 0.0386 0.0 20.0
5.5084867 56.989536 0.0387 10.0 20.0
7.3446493 59.480717 0.0387 10.0 20.0
7.3446493 59.480717 0.0388 0.0 21.0
10.300761 60.39662 0.0388 0.0 21.0
7.3446493 59.480717 0.0389 0.0 21.0
9.180812 61.971897 0.0389 0.0 21.0
7.3446493 59.480717 0.0390 1.0 21.0
10.300761 60.39662 0.0390 1.0 21.0
10.300761 60.39662 0.0391 0.0 22.0
12.136924 62.887802 0.0391 0.0 22.0
10.300761 60.39662 0.0392 0.0 22.0
13.256873 61.312527 0.0392 0.0 22.0
13.256873 61.312527 0.0393 0.0 23.0
16.179874 60.295895 0.0393 0.0 23.0
13.256873 61.312527 0.0394 0.0 23.0
16.212986 62.22843 0.0394 0.0 23.0
7.3446493 59.480717 0.0395 1.0 21.0
9.180812 61.971897 0.0395 1.0 21.0
9.180812 61.971897 0.0396 0.0 22.0
9.180812 65.06665 0.0396 0.0 22.0
9.180812 61.971897 0.0397 0.0 22.0
11.016974 64.46308 0.0397 0.0 22.0
11.016974 64.46308 0.0398 0.0 23.0
13.973086 65.37898 0.0398 0.0 23.0
11.016974 64.46308 0.0399 0.0 23.0
12.853137 66.95426 0.0399 0.0 23.0
7.3446493 59.480717 0.0400 5.0 21.0
7.3446493 62.575466 0.0400 5.0 21.0
7.3446493 62.575466 0.0401 0.0 22.0
5.5084867 65.06665 0.0401 0.0 22.0
7.3446493 62.575466 0.0402 4.0 22.0
7.3446493 65.67022 0.0402 4.0 22.0
7.3446493 65.67022 0.0403 0.0 23.0
9.180812 68.1614 0.0403 0.0 23.0
7.3446493 65.67022 0.0404 0.0 23.0
7.3446493 68.76497 0.0404 0.0 23.0
7.3446493 65.67022 0.0405 1.0 23.0
5.5084867 68.1614 0.0405 1.0 23.0
5.5084867 68.1614 0.0406 0.0 24.0
2.5523748 69.0773 0.0406 0.0 24.0
5.5084867 68.1614 0.0407 0.0 24.0
3.6723244 70.65258 0.0407 0.0 24.0
3.6723244 70.65258 0.0408 0.0 25.0
3.6723244 73.74733 0.0408 0.0 25.0
3.6723244 70.65258 0.0409 0.0 25.0
1.8361621 73.14376 0.0409 0.0 25.0
7.3446493 65.67022 0.0410 3.0 23.0
7.3446493 68.76497 0.0410 3.0 23.0
7.3446493 68.76497 0.0411 0.0 24.0
5.5084867 71.25615 0.0411 0.0 24.0
7.3446493 68.76497 0.0412 2.0 24.0
7.3446493 71.85972 0.0412 2.0 24.0
7.3446493 71.85972 0.0413 0.0 25.0
9.180812 74.3509 0.0413 0.0 25.0
7.3446493 71.85972 0.0414 0.0 25.0
7.3446493 74.95447 0.0414 0.0 25.0
7.3446493 71.85972 0.0415 1.0 25.0
9.180812 74.3509 0.0415 1.0 25.0
9.180812 74.3509 0.0416 0.0 26.0
9.180812 77.44565 0.0416 0.0 26.0
9.180812 74.3509 0.0417 0.0 26.0
11.016974 76.84208 0.0417 0.0 26.0
11.016974 76.84208 0.0418 0.0 27.0
13.973086 77.75798 0.0418 0.0 27.0
11.016974 76.84208 0.0419 0.0 27.0
12.853137 79.33326 0.0419 0.0 27.0
7.3446493 71.85972 0.0420 1.0 25.0
7.3446493 74.95447 0.0420 1.0 25.0
7.3446493 74.95447 0.0421 0.0 26.0
5.5084867 77.44565 0.0421 0.0 26.0
7.3446493 74.95447 0.0422 0.0 26.0
7.3446493 78.04922 0.0422 0.0 26.0
7.3446493 78.04922 0.0423 0.0 27.0
9.180812 80.5404 0.0423 0.0 27.0
7.3446493 78.04922 0.0424 0.0 27.0
7.3446493 81.14397 0.0424 0.0 27.0
7.3446493 59.480717 0.0425 9.0 21.0
9.180812 61.971897 0.0425 9.0 21.0
9.180812 61.971897 0.0426 0.0 22.0
9.180812 65.06665 0.0426 0.0 22.0
9.180812 61.971897 0.0427 8.0 22.0
11.016974 64.46308 0.0427 8.0 22.0
11.016974 64.46308 0.0428 0.0 23.0
13.973086 65.37898 0.0428 0.0 23.0
11.016974 64.46308 0.0429 0.0 23.0
12.853137 66.95426 0.0429 0.0 23.0
11.016974 64.46308 0.0430 1.0 23.0
11.016974 67.55783 0.0430 1.0 23.0
11.016974 67.55783 0.0431 0.0 24.0
9.180812 70.04901 0.0431 0.0 24.0
11.016974 67.55783 0.0432 0.0 24.0
11.016974 70.65258 0.0432 0.0 24.0
11.016974 70.65258 0.0433 0.0 25.0
12.853137 73.14376 0.0433 0.0 25.0
11.016974 70.65258 0.0434 0.0 25.0
11.016974 73.74733 0.0434 0.0 25.0
11.016974 64.46308 0.0435 7.0 23.0
12.853137 66.95426 0.0435 7.0 23.0
12.853137 66.95426 0.0436 0.0 24.0
12.853137 70.04901 0.0436 0.0 24.0
12.853137 66.95426 0.0437 6.0 24.0
14.6893 69.44544 0.0437 6.0 24.0
14.6893 69.44544 0.0438 0.0 25.0
17.645412 70.36134 0.0438 0.0 25.0
14.6893 69.44544 0.0439 0.0 25.0
16.525461 71.93662 0.0439 0.0 25.0
14.6893 69.44544 0.0440 1.0 25.0
17.645412 70.36134 0.0440 1.0 25.0
17.645412 70.36134 0.0441 0.0 26.0
19.481575 72.85252 0.0441 0.0 26.0
17.645412 70.36134 0.0442 0.0 26.0
20.601524 71.277245 0.0442 0.0 26.0
20.601524 71.277245 0.0443 0.0 27.0
23.524527 70.26061 0.0443 0.0 27.0
20.601524 71.277245 0.0444 0.0 27.0
23.557636 72.193146 0.0444 0.0 27.0
14.6893 69.44544 0.0445 1.0 25.0
16.525461 71.93662 0.0445 1.0 25.0
16.525461 71.93662 0.0446 0.0 26.0
16.525461 75.03137 0.0446 0.0 26.0
16.525461 71.93662 0.0447 0.0 26.0
18.361624 74.4278 0.0447 0.0 26.0
18.361624 74.4278 0.0448 0.0 27.0
21.317736 75.343704 0.0448 0.0 27.0
18.361624 74.4278 0.0449 0.0 27.0
20.197786 76.91898 0.0449 0.0 27.0
14.6893 69.44544 0.0450 5.0 25.0
17.645412 70.36134 0.0450 5.0 25.0
17.645412 70.36134 0.0451 0.0 26.0
19.481575 72.85252 0.0451 0.0 26.0
17.645412 70.36134 0.0452 4.0 26.0
20.601524 71.277245 0.0452 4.0 26.0
20.601524 71.277245 0.0453 0.0 27.0
23.524527 70.26061 0.0453 0.0 27.0
20.601524 71.277245 0.0454 0.0 27.0
23.557636 72.193146 0.0454 0.0 27.0
20.601524 71.277245 0.0455 1.0 27.0
22.437687 73.768425 0.0455 1.0 27.0
22.437687 73.768425 0.0456 0.0 28.0
22.437687 76.863174 0.0456 0.0 28.0
22.437687 73.768425 0.0457 0.0 28.0
24.27385 76.259605 0.0457 0.0 28.0
24.27385 76.259605 0.0458 0.0 29.0
27.229961 77.17551 0.0458 0.0 29.0
24.27385 76.259605 0.0459 0.0 29.0
26.110012 78.750786 0.0459 0.0 29.0
20.601524 71.277245 0.0460 3.0 27.0
23.557636 72.193146 0.0460 3.0 27.0
23.557636 72.193146 0.0461 0.0 28.0
25.393799 74.684326 0.0461 0.0 28.0
23.557636 72.193146 0.0462 2.0 28.0
26.513748 73.10905 0.0462 2.0 28.0
26.513748 73.10905 0.0463 0.0 29.0
29.43675 72.092415 0.0463 0.0 29.0
26.513748 73.10905 0.0464 0.0 29.0
29.46986 74.02495 0.0464 0.0 29.0
26.513748 73.10905 0.0465 1.0 29.0
29.43675 72.092415 0.0465 1.0 29.0
29.43675 72.092415 0.0466 0.0 30.0
32.39286 73.008316 0.0466 0.0 30.0
29.43675 72.092415 0.0467 0.0 30.0
32.359753 71.07578 0.0467 0.0 30.0
32.359753 71.07578 0.0468 0.0 31.0
34.1095 68.52316 0.0468 0.0 31.0
32.359753 71.07578 0.0469 0.0 31.0
35.282753 70.05915 0.0469 0.0 31.0
26.513748 73.10905 0.0470 1.0 29.0
29.46986 74.02495 0.0470 1.0 29.0
29.46986 74.02495 0.0471 0.0 30.0
31.306023 76.51613 0.0471 0.0 30.0
29.46986 74.02495 0.0472 0.0 30.0
32.425972 74.94085 0.0472 0.0 30.0
32.425972 74.94085 0.0473 0.0 31.0
35.348972 73.92422 0.0473 0.0 31.0
32.425972 74.94085 0.0474 0.0 31.0
35.382084 75.85675 0.0474 0.0 31.0
14.6893 69.44544 0.0475 5.0 25.0
16.525461 71.93662 0.0475 5.0 25.0
16.525461 71.93662 0.0476 0.0 26.0
16.525461 75.03137 0.0476 0.0 26.0
16.525461 71.93662 0.0477 4.0 26.0
18.361624 74.4278 0.0477 4.0 26.0
18.361624 74.4278 0.0478 0.0 27.0
21.317736 75.343704 0.0478 0.0 27.0
18.361624 74.4278 0.0479 0.0 27.0
20.197786 76.91898 0.0479 0.0 27.0
18.361624 74.4278 0.0480 1.0 27.0
18.361624 77.52255 0.0480 1.0 27.0
18.361624 77.52255 0.0481 0.0 28.0
16.525461 80.01373 0.0481 0.0 28.0
18.361624 77.52255 0.0482 0.0 28.0
18.361624 80.6173 0.0482 0.0 28.0
18.361624 80.6173 0.0483 0.0 29.0
20.197786 83.10848 0.0483 0.0 29.0
18.361624 80.6173 0.0484 0.0 29.0
18.361624 83.71205 0.0484 0.0 29.0
18.361624 74.4278 0.0485 3.0 27.0
20.197786 76.91898 0.0485 3.0 27.0
20.197786 76.91898 0.0486 0.0 28.0
20.197786 80.01373 0.0486 0.0 28.0
20.197786 76.91898 0.0487 2.0 28.0
22.033949 79.410164 0.0487 2.0 28.0
22.033949 79.410164 0.0488 0.0 29.0
24.99006 80.326065 0.0488 0.0 29.0
22.033949 79.410164 0.0489 0.0 29.0
23.870111 81.901344 0.0489 0.0 29.0
22.033949 79.410164 0.0490 1.0 29.0
24.99006 80.326065 0.0490 1.0 29.0
24.99006 80.326065 0.0491 0.0 30.0
26.826223 82.817245 0.0491 0.0 30.0
24.99006 80.326065 0.0492 0.0 30.0
27.946173 81.24197 0.0492 0.0 30.0
27.946173 81.24197 0.0493 0.0 31.0
30.869175 80.225334 0.0493 0.0 31.0
27.946173 81.24197 0.0494 0.0 31.0
30.902285 82.15787 0.0494 0.0 31.0
22.033949 79.410164 0.0495 1.0 29.0
23.870111 81.901344 0.0495 1.0 29.0
23.870111 81.901344 0.0496 0.0 30.0
23.870111 84.99609 0.0496 0.0 30.0
23.870111 81.901344 0.0497 0.0 30.0
25.706274 84.392525 0.0497 0.0 30.0
25.706274 84.392525 0.0498 0.0 31.0
28.662386 85.308426 0.0498 0.0 31.0
25.706274 84.392525 0.0499 0.0 31.0
27.542437 86.883705 0.0499 0.0 31.0
0.0 49.515995 0.0500 13.0 17.0
0.0 52.610744 0.0500 13.0 17.0
0.0 52.610744 0.0501 0.0 18.0
-1.8361623 55.101925 0.0501 0.0 18.0
0.0 52.610744 0.0502 12.0 18.0
0.0 55.705494 0.0502 12.0 18.0
0.0 55.705494 0.0503 0.0 19.0
1.8361623 58.196674 0.0503 0.0 19.0
0.0 55.705494 0.0504 0.0 19.0
0.0 58.800243 0.0504 0.0 19.0
0.0 55.705494 0.0505 1.0 19.0
-1.8361623 58.196674 0.0505 1.0 19.0
-1.8361623 58.196674 0.0506 0.0 20.0
-4.7922745 59.11258 0.0506 0.0 20.0
-1.8361623 58.196674 0.0507 0.0 20.0
-3.6723247 60.687855 0.0507 0.0 20.0
-3.6723247 60.687855 0.0508 0.0 21.0
-3.6723247 63.782604 0.0508 0.0 21.0
-3.6723247 60.687855 0.0509 0.0 21.0
-5.5084867 63.179035 0.0509 0.0 21.0
0.0 55.705494 0.0510 11.0 19.0
0.0 58.800243 0.0510 11.0 19.0
0.0 58.800243 0.0511 0.0 20.0
-1.8361623 61.291424 0.0511 0.0 20.0
0.0 58.800243 0.0512 10.0 20.0
0.0 61.894993 0.0512 10.0 20.0
0.0 61.894993 0.0513 0.0 21.0
1.8361623 64.38618 0.0513 0.0 21.0
0.0 61.894993 0.0514 0.0 21.0
0.0 64.989746 0.0514 0.0 21.0
0.0 61.894993 0.0515 1.0 21.0
1.8361623 64.38618 0.0515 1.0 21.0
1.8361623 64.38618 0.0516 0.0 22.0
1.8361623 67.48093 0.0516 0.0 22.0
1.8361623 64.38618 0.0517 0.0 22.0
3.6723247 66.87736 0.0517 0.0 22.0
3.6723247 66.87736 0.0518 0.0 23.0
6.6284366 67.79326 0.0518 0.0 23.0
3.6723247 66.87736 0.0519 0.0 23.0
5.5084867 69.36854 0.0519 0.0 23.0
0.0 61.894993 0.0520 1.0 21.0
0.0 64.989746 0.0520 1.0 21.0
0.0 64.989746 0.0521 0.0 22.0
-1.8361623 67.48093 0.0521 0.0 22.0
0.0 64.989746 0.0522 0.0 22.0
0.0 68.084496 0.0522 0.0 22.0
0.0 68.084496 0.0523 0.0 23.0
1.8361623 70.575676 0.0523 0.0 23.0
0.0 68.084496 0.0524 0.0 23.0
0.0 71.179245 0.0524 0.0 23.0
0.0 61.894993 0.0525 5.0 21.0
-1.8361623 64.38618 0.0525 5.0 21.0
-1.8361623 64.38618 0.0526 0.0 22.0
-4.7922745 65.30208 0.0526 0.0 22.0
-1.8361623 64.38618 0.0527 4.0 22.0
-3.6723247 66.87736 0.0527 4.0 22.0
-3.6723247 66.87736 0.0528 0.0 23.0
-3.6723247 69.97211 0.0528 0.0 23.0
-3.6723247 66.87736 0.0529 0.0 23.0
-5.5084867 69.36854 0.0529 0.0 23.0
-3.6723247 66.87736 0.0530 1.0 23.0
-6.6284366 67.79326 0.0530 1.0 23.0
-6.6284366 67.79326 0.0531 0.0 24.0
-9.551438 66.77663 0.0531 0.0 24.0
-6.6284366 67.79326 0.0532 0.0 24.0
-9.584549 68.70916 0.0532 0.0 24.0
-9.584549 68.70916 0.0533 0.0 25.0
-11.4207115 71.20034 0.0533 0.0 25.0
-9.584549 68.70916 0.0534 0.0 25.0
-12.540661 69.62506 0.0534 0.0 25.0
-3.6723247 66.87736 0.0535 3.0 23.0
-5.5084867 69.36854 0.0535 3.0 23.0
-5.5084867 69.36854 0.0536 0.0 24.0
-8.464599 70.28444 0.0536 0.0 24.0
-5.5084867 69.36854 0.0537 2.0 24.0
-7.3446493 71.85972 0.0537 2.0 24.0
-7.3446493 71.85972 0.0538 0.0 25.0
-7.3446493 74.95447 0.0538 0.0 25.0
-7.3446493 71.85972 0.0539 0.0 25.0
-9.180812 74.3509 0.0539 0.0 25.0
-7.3446493 71.85972 0.0540 1.0 25.0
-7.3446493 74.95447 0.0540 1.0 25.0
-7.3446493 74.95447 0.0541 0.0 26.0
-9.180812 77.44565 0.0541 0.0 26.0
-7.3446493 74.95447 0.0542 0.0 26.0
-7.3446493 78.04922 0.0542 0.0 26.0
-7.3446493 78.04922 0.0543 0.0 27.0
-5.5084867 80.5404 0.0543 0.0 27.0
-7.3446493 78.04922 0.0544 0.0 27.0
-7.3446493 81.14397 0.0544 0.0 27.0
-7.3446493 71.85972 0.0545 1.0 25.0
-9.180812 74.3509 0.0545 1.0 25.0
-9.180812 74.3509 0.0546 0.0 26.0
-12.136924 75.2668 0.0546 0.0 26.0
-9.180812 74.3509 0.0547 0.0 26.0
-11.016974 76.84208 0.0547 0.0 26.0
-11.016974 76.84208 0.0548 0.0 27.0
-11.016974 79.93683 0.0548 0.0 27.0
-11.016974 76.84208 0.0549 0.0 27.0
-12.853137 79.33326 0.0549 0.0 27.0
0.0 61.894993 0.0550 9.0 21.0
0.0 64.989746 0.0550 9.0 21.0
0.0 64.989746 0.0551 0.0 22.0
-1.8361623 67.48093 0.0551 0.0 22.0
0.0 64.989746 0.0552 8.0 22.0
0.0 68.084496 0.0552 8.0 22.0
0.0 68.084496 0.0553 0.0 23.0
1.8361623 70.575676 0.0553 0.0 23.0
0.0 68.084496 0.0554 0.0 23.0
0.0 71.179245 0.0554 0.0 23.0
0.0 68.084496 0.0555 1.0 23.0
-1.8361623 70.575676 0.0555 1.0 23.0
-1.8361623 70.575676 0.0556 0.0 24.0
-4.7922745 71.49158 0.0556 0.0 24.0
-1.8361623 70.575676 0.0557 0.0 24.0
-3.6723247 73.06686 0.0557 0.0 24.0
-3.6723247 73.06686 0.0558 0.0 25.0
-3.6723247 76.161606 0.0558 0.0 25.0
-3.6723247 73.06686 0.0559 0.0 25.0
-5.5084867 75.55804 0.0559 0.0 25.0
0.0 68.084496 0.0560 7.0 23.0
0.0 71.179245 0.0560 7.0 23.0
0.0 71.179245 0.0561 0.0 24.0
-1.8361623 73.670425 0.0561 0.0 24.0
0.0 71.179245 0.0562 6.0 24.0
0.0 74.273994 0.0562 6.0 24.0
0.0 74.273994 0.0563 0.0 25.0
1.8361623 76.765175 0.0563 0.0 25.0
0.0 74.273994 0.0564 0.0 25.0
0.0 77.368744 0.0564 0.0 25.0
0.0 74.273994 0.0565 1.0 25.0
1.8361623 76.765175 0.0565 1.0 25.0
1.8361623 76.765175 0.0566 0.0 26.0
1.8361623 79.859924 0.0566 0.0 26.0
1.8361623 76.765175 0.0567 0.0 26.0
3.6723247 79.256355 0.0567 0.0 26.0
3.6723247 79.256355 0.0568 0.0 27.0
6.6284366 80.17226 0.0568 0.0 27.0
3.6723247 79.256355 0.0569 0.0 27.0
5.5084867 81.747536 0.0569 0.0 27.0
0.0 74.273994 0.0570 1.0 25.0
0.0 77.368744 0.0570 1.0 25.0
0.0 77.368744 0.0571 0.0 26.0
-1.8361623 79.859924 0.0571 0.0 26.0
0.0 77.368744 0.0572 0.0 26.0
0.0 80.46349 0.0572 0.0 26.0
0.0 80.46349 0.0573 0.0 27.0
1.8361623 82.95467 0.0573 0.0 27.0
0.0 80.46349 0.0574 0.0 27.0
0.0 83.55824 0.0574 0.0 27.0
0.0 74.273994 0.0575 5.0 25.0
1.8361623 76.765175 0.0575 5.0 25.0
1.8361623 76.765175 0.0576 0.0 26.0
1.8361623 79.859924 0.0576 0.0 26.0
1.8361623 76.765175 0.0577 4.0 26.0
3.6723247 79.256355 0.0577 4.0 26.0
3.6723247 79.256355 0.0578 0.0 27.0
6.6284366 80.17226 0.0578 0.0 27.0
3.6723247 79.256355 0.0579 0.0 27.0
5.5084867 81.747536 0.0579 0.0 27.0
3.6723247 79.256355 0.0580 1.0 27.0
3.6723247 82.351105 0.0580 1.0 27.0
3.6723247 82.351105 0.0581 0.0 28.0
1.8361623 84.842285 0.0581 0.0 28.0
3.6723247 82.351105 0.0582 0.0 28.0
3.6723247 85.445854 0.0582 0.0 28.0
3.6723247 85.445854 0.0583 0.0 29.0
5.5084867 87.937035 0.0583 0.0 29.0
3.6723247 85.445854 0.0584 0.0 29.0
3.6723247 88.5406 0.0584 0.0 29.0
3.6723247 79.256355 0.0585 3.0 27.0
5.5084867 81.747536 0.0585 3.0 27.0
5.5084867 81.747536 0.0586 0.0 28.0
5.5084867 84.842285 0.0586 0.0 28.0
5.5084867 81.747536 0.0587 2.0 28.0
7.3446493 84.238716 0.0587 2.0 28.0
7.3446493 84.238716 0.0588 0.0 29.0
10.300761 85.15462 0.0588 0.0 29.0
7.3446493 84.238716 0.0589 0.0 29.0
9.180812 86.7299 0.0589 0.0 29.0
7.3446493 84.238716 0.0590 1.0 29.0
10.300761 85.15462 0.0590 1.0 29.0
10.300761 85.15462 0.0591 0.0 30.0
12.136924 87.6458 0.0591 0.0 30.0
10.300761 85.15462 0.0592 0.0 30.0
13.256873 86.07052 0.0592 0.0 30.0
13.256873 86.07052 0.0593 0.0 31.0
16.179874 85.05389 0.0593 0.0 31.0
13.256873 86.07052 0.0594 0.0 31.0
16.212986 86.98642 0.0594 0.0 31.0
7.3446493 84.238716 0.0595 1.0 29.0
9.180812 86.7299 0.0595 1.0 29.0
9.180812 86.7299 0.0596 0.0 30.0
9.180812 89.824646 0.0596 0.0 30.0
9.180812 86.7299 0.0597 0.0 30.0
11.016974 89.22108 0.0597 0.0 30.0
11.016974 89.22108 0.0598 0.0 31.0
13.973086 90.13698 0.0598 0.0 31.0
11.016974 89.22108 0.0599 0.0 31.0
12.853137 91.71226 0.0599 0.0 31.0
0.0 74.273994 0.0600 5.0 25.0
0.0 77.368744 0.0600 5.0 25.0
0.0 77.368744 0.0601 0.0 26.0
-1.8361623 79.859924 0.0601 0.0 26.0
0.0 77.368744 0.0602 4.0 26.0
0.0 80.46349 0.0602 4.0 26.0
0.0 80.46349 0.0603 0.0 27.0
1.8361623 82.95467 0.0603 0.0 27.0
0.0 80.46349 0.0604 0.0 27.0
0.0 83.55824 0.0604 0.0 27.0
0.0 80.46349 0.0605 1.0 27.0
-1.8361623 82.95467 0.0605 1.0 27.0
-1.8361623 82.95467 0.0606 0.0 28.0
-4.7922745 83.870575 0.0606 0.0 28.0
-1.8361623 82.95467 0.0607 0.0 28.0
-3.6723247 85.445854 0.0607 0.0 28.0
-3.6723247 85.445854 0.0608 0.0 29.0
-3.6723247 88.5406 0.0608 0.0 29.0
-3.6723247 85.445854 0.0609 0.0 29.0
-5.5084867 87.937035 0.0609 0.0 29.0
0.0 80.46349 0.0610 3.0 27.0
0.0 83.55824 0.0610 3.0 27.0
0.0 83.55824 0.0611 0.0 28.0
-1.8361623 86.04942 0.0611 0.0 28.0
0.0 83.55824 0.0612 2.0 28.0
0.0 86.65299 0.0612 2.0 28.0
0.0 86.65299 0.0613 0.0 29.0
1.8361623 89.14417 0.0613 0.0 29.0
0.0 86.65299 0.0614 0.0 29.0
0.0 89.74774 0.0614 0.0 29.0
0.0 86.65299 0.0615 1.0 29.0
1.8361623 89.14417 0.0615 1.0 29.0
1.8361623 89.14417 0.0616 0.0 30.0
1.8361623 92.23892 0.0616 0.0 30.0
1.8361623 89.14417 0.0617 0.0 30.0
3.6723247 91.63535 0.0617 0.0 30.0
3.6723247 91.63535 0.0618 0.0 31.0
6.6284366 92.551254 0.0618 0.0 31.0
3.6723247 91.63535 0.0619 0.0 31.0
5.5084867 94.12653 0.0619 0.0 31.0
0.0 86.65299 0.0620 1.0 29.0
0.0 89.74774 0.0620 1.0 29.0
0.0 89.74774 0.0621 0.0 30.0
-1.8361623 92.23892 0.0621 0.0 30.0
0.0 89.74774 0.0622 0.0 30.0
0.0 92.84249 0.0622 0.0 30.0
0.0 92.84249 0.0623 0.0 31.0
1.8361623 95.33367 0.0623 0.0 31.0
0.0 92.84249 0.0624 0.0 31.0
0.0 95.93724 0.0624 0.0 31.0
