0.0 0.0 0.00 29.0 1.0
0.0 4.0896187 0.00 29.0 1.0
0.0 4.0896187 0.01 0.0 2.0
1.8756582 7.7237473 0.01 0.0 2.0
0.0 4.0896187 0.02 28.0 2.0
0.0 8.179237 0.02 28.0 2.0
0.0 8.179237 0.03 0.0 3.0
1.8756582 11.813366 0.03 0.0 3.0
0.0 8.179237 0.04 0.0 3.0
0.0 12.268856 0.04 0.0 3.0
0.0 8.179237 0.05 1.0 3.0
1.8756582 11.813366 0.05 1.0 3.0
1.8756582 11.813366 0.06 0.0 4.0
5.209163 14.182486 0.06 0.0 4.0
1.8756582 11.813366 0.07 0.0 4.0
3.7513163 15.4474945 0.07 0.0 4.0
3.7513163 15.4474945 0.08 0.0 5.0
7.0848217 17.816614 0.08 0.0 5.0
3.7513163 15.4474945 0.09 0.0 5.0
5.6269746 19.081623 0.09 0.0 5.0
0.0 8.179237 0.010 27.0 3.0
0.0 12.268856 0.010 27.0 3.0
0.0 12.268856 0.011 0.0 4.0
1.8756582 15.902985 0.011 0.0 4.0
0.0 12.268856 0.012 26.0 4.0
0.0 16.358475 0.012 26.0 4.0
0.0 16.358475 0.013 0.0 5.0
1.8756582 19.992603 0.013 0.0 5.0
0.0 16.358475 0.014 0.0 5.0
0.0 20.448093 0.014 0.0 5.0
0.0 16.358475 0.015 1.0 5.0
1.8756582 19.992603 0.015 1.0 5.0
1.8756582 19.992603 0.016 0.0 6.0
5.209163 22.361723 0.016 0.0 6.0
1.8756582 19.992603 0.017 0.0 6.0
3.7513163 23.626732 0.017 0.0 6.0
3.7513163 23.626732 0.018 0.0 7.0
7.0848217 25.995852 0.018 0.0 7.0
3.7513163 23.626732 0.019 0.0 7.0
5.6269746 27.26086 0.019 0.0 7.0
0.0 16.358475 0.020 1.0 5.0
0.0 20.448093 0.020 1.0 5.0
0.0 20.448093 0.021 0.0 6.0
1.8756582 24.082222 0.021 0.0 6.0
0.0 20.448093 0.022 0.0 6.0
0.0 24.537712 0.022 0.0 6.0
0.0 24.537712 0.023 0.0 7.0
1.8756582 28.17184 0.023 0.0 7.0
0.0 24.537712 0.024 0.0 7.0
0.0 28.62733 0.024 0.0 7.0
0.0 16.358475 0.025 5.0 5.0
1.8756582 19.992603 0.025 5.0 5.0
1.8756582 19.992603 0.026 0.0 6.0
5.209163 22.361723 0.026 0.0 6.0
1.8756582 19.992603 0.027 4.0 6.0
3.7513163 23.626732 0.027 4.0 6.0
3.7513163 23.626732 0.028 0.0 7.0
7.0848217 25.995852 0.028 0.0 7.0
3.7513163 23.626732 0.029 0.0 7.0
5.6269746 27.26086 0.029 0.0 7.0
3.7513163 23.626732 0.030 1.0 7.0
7.0848217 25.995852 0.030 1.0 7.0
7.0848217 25.995852 0.031 0.0 8.0
11.13362 26.57223 0.031 0.0 8.0
7.0848217 25.995852 0.032 0.0 8.0
10.418327 28.364971 0.032 0.0 8.0
10.418327 28.364971 0.033 0.0 9.0
14.467126 28.941349 0.033 0.0 9.0
10.418327 28.364971 0.034 0.0 9.0
13.751833 30.73409 0.034 0.0 9.0
3.7513163 23.626732 0.035 3.0 7.0
5.6269746 27.26086 0.035 3.0 7.0
5.6269746 27.26086 0.036 0.0 8.0
8.96048 29.62998 0.036 0.0 8.0
5.6269746 27.26086 0.037 2.0 8.0
7.5026326 30.894989 0.037 2.0 8.0
7.5026326 30.894989 0.038 0.0 9.0
10.836138 33.264107 0.038 0.0 9.0
7.5026326 30.894989 0.039 0.0 9.0
9.378291 34.529118 0.039 0.0 9.0
7.5026326 30.894989 0.040 1.0 9.0
10.836138 33.264107 0.040 1.0 9.0
10.836138 33.264107 0.041 0.0 10.0
14.884936 33.840485 0.041 0.0 10.0
10.836138 33.264107 0.042 0.0 10.0
14.169643 35.633224 0.042 0.0 10.0
14.169643 35.633224 0.043 0.0 11.0
18.218441 36.209602 0.043 0.0 11.0
14.169643 35.633224 0.044 0.0 11.0
17.503149 38.002342 0.044 0.0 11.0
7.5026326 30.894989 0.045 1.0 9.0
9.378291 34.529118 0.045 1.0 9.0
9.378291 34.529118 0.046 0.0 10.0
12.711796 36.898235 0.046 0.0 10.0
9.378291 34.529118 0.047 0.0 10.0
11.253949 38.163246 0.047 0.0 10.0
11.253949 38.163246 0.048 0.0 11.0
14.587454 40.532364 0.048 0.0 11.0
11.253949 38.163246 0.049 0.0 11.0
13.129607 41.797375 0.049 0.0 11.0
0.0 16.358475 0.050 25.0 5.0
0.0 20.448093 0.050 25.0 5.0
0.0 20.448093 0.051 0.0 6.0
1.8756582 24.082222 0.051 0.0 6.0
0.0 20.448093 0.052 24.0 6.0
0.0 24.537712 0.052 24.0 6.0
0.0 24.537712 0.053 0.0 7.0
1.8756582 28.17184 0.053 0.0 7.0
0.0 24.537712 0.054 0.0 7.0
0.0 28.62733 0.054 0.0 7.0
0.0 24.537712 0.055 1.0 7.0
1.8756582 28.17184 0.055 1.0 7.0
1.8756582 28.17184 0.056 0.0 8.0
5.209163 30.54096 0.056 0.0 8.0
1.8756582 28.17184 0.057 0.0 8.0
3.7513163 31.80597 0.057 0.0 8.0
3.7513163 31.80597 0.058 0.0 9.0
7.0848217 34.175087 0.058 0.0 9.0
3.7513163 31.80597 0.059 0.0 9.0
5.6269746 35.440098 0.059 0.0 9.0
0.0 24.537712 0.060 23.0 7.0
0.0 28.62733 0.060 23.0 7.0
0.0 28.62733 0.061 0.0 8.0
1.8756582 32.26146 0.061 0.0 8.0
0.0 28.62733 0.062 22.0 8.0
0.0 32.71695 0.062 22.0 8.0
0.0 32.71695 0.063 0.0 9.0
1.8756582 36.351078 0.063 0.0 9.0
0.0 32.71695 0.064 0.0 9.0
0.0 36.80657 0.064 0.0 9.0
0.0 32.71695 0.065 1.0 9.0
1.8756582 36.351078 0.065 1.0 9.0
1.8756582 36.351078 0.066 0.0 10.0
5.209163 38.720196 0.066 0.0 10.0
1.8756582 36.351078 0.067 0.0 10.0
3.7513163 39.985207 0.067 0.0 10.0
3.7513163 39.985207 0.068 0.0 11.0
7.0848217 42.354324 0.068 0.0 11.0
3.7513163 39.985207 0.069 0.0 11.0
5.6269746 43.619335 0.069 0.0 11.0
0.0 32.71695 0.070 1.0 9.0
0.0 36.80657 0.070 1.0 9.0
0.0 36.80657 0.071 0.0 10.0
1.8756582 40.440697 0.071 0.0 10.0
0.0 36.80657 0.072 0.0 10.0
0.0 40.896187 0.072 0.0 10.0
0.0 40.896187 0.073 0.0 11.0
1.8756582 44.530315 0.073 0.0 11.0
0.0 40.896187 0.074 0.0 11.0
0.0 44.985806 0.074 0.0 11.0
0.0 32.71695 0.075 5.0 9.0
1.8756582 36.351078 0.075 5.0 9.0
1.8756582 36.351078 0.076 0.0 10.0
5.209163 38.720196 0.076 0.0 10.0
1.8756582 36.351078 0.077 4.0 10.0
3.7513163 39.985207 0.077 4.0 10.0
3.7513163 39.985207 0.078 0.0 11.0
7.0848217 42.354324 0.078 0.0 11.0
3.7513163 39.985207 0.079 0.0 11.0
5.6269746 43.619335 0.079 0.0 11.0
3.7513163 39.985207 0.080 1.0 11.0
7.0848217 42.354324 0.080 1.0 11.0
7.0848217 42.354324 0.081 0.0 12.0
11.13362 42.930702 0.081 0.0 12.0
7.0848217 42.354324 0.082 0.0 12.0
10.418327 44.723442 0.082 0.0 12.0
10.418327 44.723442 0.083 0.0 13.0
14.467126 45.29982 0.083 0.0 13.0
10.418327 44.723442 0.084 0.0 13.0
13.751833 47.09256 0.084 0.0 13.0
3.7513163 39.985207 0.085 3.0 11.0
5.6269746 43.619335 0.085 3.0 11.0
5.6269746 43.619335 0.086 0.0 12.0
8.96048 45.988453 0.086 0.0 12.0
5.6269746 43.619335 0.087 2.0 12.0
7.5026326 47.253464 0.087 2.0 12.0
7.5026326 47.253464 0.088 0.0 13.0
10.836138 49.62258 0.088 0.0 13.0
7.5026326 47.253464 0.089 0.0 13.0
9.378291 50.887592 0.089 0.0 13.0
7.5026326 47.253464 0.090 1.0 13.0
10.836138 49.62258 0.090 1.0 13.0
10.836138 49.62258 0.091 0.0 14.0
14.884936 50.19896 0.091 0.0 14.0
10.836138 49.62258 0.092 0.0 14.0
14.169643 51.9917 0.092 0.0 14.0
14.169643 51.9917 0.093 0.0 15.0
18.218441 52.568077 0.093 0.0 15.0
14.169643 51.9917 0.094 0.0 15.0
17.503149 54.360817 0.094 0.0 15.0
7.5026326 47.253464 0.095 1.0 13.0
9.378291 50.887592 0.095 1.0 13.0
9.378291 50.887592 0.096 0.0 14.0
12.711796 53.25671 0.096 0.0 14.0
9.378291 50.887592 0.097 0.0 14.0
11.253949 54.52172 0.097 0.0 14.0
11.253949 54.52172 0.098 0.0 15.0
14.587454 56.89084 0.098 0.0 15.0
11.253949 54.52172 0.099 0.0 15.0
13.129607 58.15585 0.099 0.0 15.0
0.0 32.71695 0.0100 5.0 9.0
0.0 36.80657 0.0100 5.0 9.0
0.0 36.80657 0.0101 0.0 10.0
1.8756582 40.440697 0.0101 0.0 10.0
0.0 36.80657 0.0102 4.0 10.0
0.0 40.896187 0.0102 4.0 10.0
0.0 40.896187 0.0103 0.0 11.0
1.8756582 44.530315 0.0103 0.0 11.0
0.0 40.896187 0.0104 0.0 11.0
0.0 44.985806 0.0104 0.0 11.0
0.0 40.896187 0.0105 1.0 11.0
1.8756582 44.530315 0.0105 1.0 11.0
1.8756582 44.530315 0.0106 0.0 12.0
5.209163 46.899433 0.0106 0.0 12.0
1.8756582 44.530315 0.0107 0.0 12.0
3.7513163 48.164444 0.0107 0.0 12.0
3.7513163 48.164444 0.0108 0.0 13.0
7.0848217 50.53356 0.0108 0.0 13.0
3.7513163 48.164444 0.0109 0.0 13.0
5.6269746 51.798573 0.0109 0.0 13.0
0.0 40.896187 0.0110 3.0 11.0
0.0 44.985806 0.0110 3.0 11.0
0.0 44.985806 0.0111 0.0 12.0
1.8756582 48.619934 0.0111 0.0 12.0
0.0 44.985806 0.0112 2.0 12.0
0.0 49.075424 0.0112 2.0 12.0
0.0 49.075424 0.0113 0.0 13.0
1.8756582 52.709553 0.0113 0.0 13.0
0.0 49.075424 0.0114 0.0 13.0
0.0 53.165043 0.0114 0.0 13.0
0.0 49.075424 0.0115 1.0 13.0
1.8756582 52.709553 0.0115 1.0 13.0
1.8756582 52.709553 0.0116 0.0 14.0
5.209163 55.07867 0.0116 0.0 14.0
1.8756582 52.709553 0.0117 0.0 14.0
3.7513163 56.34368 0.0117 0.0 14.0
3.7513163 56.34368 0.0118 0.0 15.0
7.0848217 58.7128 0.0118 0.0 15.0
3.7513163 56.34368 0.0119 0.0 15.0
5.6269746 59.97781 0.0119 0.0 15.0
0.0 49.075424 0.0120 1.0 13.0
0.0 53.165043 0.0120 1.0 13.0
0.0 53.165043 0.0121 0.0 14.0
1.8756582 56.79917 0.0121 0.0 14.0
0.0 53.165043 0.0122 0.0 14.0
0.0 57.25466 0.0122 0.0 14.0
0.0 57.25466 0.0123 0.0 15.0
1.8756582 60.88879 0.0123 0.0 15.0
0.0 57.25466 0.0124 0.0 15.0
0.0 61.34428 0.0124 0.0 15.0
0.0 32.71695 0.0125 13.0 9.0
1.8756582 36.351078 0.0125 13.0 9.0
1.8756582 36.351078 0.0126 0.0 10.0
5.209163 38.720196 0.0126 0.0 10.0
1.8756582 36.351078 0.0127 12.0 10.0
3.7513163 39.985207 0.0127 12.0 10.0
3.7513163 39.985207 0.0128 0.0 11.0
7.0848217 42.354324 0.0128 0.0 11.0
3.7513163 39.985207 0.0129 0.0 11.0
5.6269746 43.619335 0.0129 0.0 11.0
3.7513163 39.985207 0.0130 1.0 11.0
7.0848217 42.354324 0.0130 1.0 11.0
7.0848217 42.354324 0.0131 0.0 12.0
11.13362 42.930702 0.0131 0.0 12.0
7.0848217 42.354324 0.0132 0.0 12.0
10.418327 44.723442 0.0132 0.0 12.0
10.418327 44.723442 0.0133 0.0 13.0
14.467126 45.29982 0.0133 0.0 13.0
10.418327 44.723442 0.0134 0.0 13.0
13.751833 47.09256 0.0134 0.0 13.0
3.7513163 39.985207 0.0135 11.0 11.0
5.6269746 43.619335 0.0135 11.0 11.0
5.6269746 43.619335 0.0136 0.0 12.0
8.96048 45.988453 0.0136 0.0 12.0
5.6269746 43.619335 0.0137 10.0 12.0
7.5026326 47.253464 0.0137 10.0 12.0
7.5026326 47.253464 0.0138 0.0 13.0
10.836138 49.62258 0.0138 0.0 13.0
7.5026326 47.253464 0.0139 0.0 13.0
9.378291 50.887592 0.0139 0.0 13.0
7.5026326 47.253464 0.0140 1.0 13.0
10.836138 49.62258 0.0140 1.0 13.0
10.836138 49.62258 0.0141 0.0 14.0
14.884936 50.19896 0.0141 0.0 14.0
10.836138 49.62258 0.0142 0.0 14.0
14.169643 51.9917 0.0142 0.0 14.0
14.169643 51.9917 0.0143 0.0 15.0
18.218441 52.568077 0.0143 0.0 15.0
14.169643 51.9917 0.0144 0.0 15.0
17.503149 54.360817 0.0144 0.0 15.0
7.5026326 47.253464 0.0145 1.0 13.0
9.378291 50.887592 0.0145 1.0 13.0
9.378291 50.887592 0.0146 0.0 14.0
12.711796 53.25671 0.0146 0.0 14.0
9.378291 50.887592 0.0147 0.0 14.0
11.253949 54.52172 0.0147 0.0 14.0
11.253949 54.52172 0.0148 0.0 15.0
14.587454 56.89084 0.0148 0.0 15.0
11.253949 54.52172 0.0149 0.0 15.0
13.129607 58.15585 0.0149 0.0 15.0
7.5026326 47.253464 0.0150 5.0 13.0
10.836138 49.62258 0.0150 5.0 13.0
10.836138 49.62258 0.0151 0.0 14.0
14.884936 50.19896 0.0151 0.0 14.0
10.836138 49.62258 0.0152 4.0 14.0
14.169643 51.9917 0.0152 4.0 14.0
14.169643 51.9917 0.0153 0.0 15.0
18.218441 52.568077 0.0153 0.0 15.0
14.169643 51.9917 0.0154 0.0 15.0
17.503149 54.360817 0.0154 0.0 15.0
14.169643 51.9917 0.0155 1.0 15.0
18.218441 52.568077 0.0155 1.0 15.0
18.218441 52.568077 0.0156 0.0 16.0
22.080645 51.223324 0.0156 0.0 16.0
18.218441 52.568077 0.0157 0.0 16.0
22.267239 53.144455 0.0157 0.0 16.0
22.267239 53.144455 0.0158 0.0 17.0
26.129442 51.7997 0.0158 0.0 17.0
22.267239 53.144455 0.0159 0.0 17.0
26.316036 53.720833 0.0159 0.0 17.0
14.169643 51.9917 0.0160 3.0 15.0
17.503149 54.360817 0.0160 3.0 15.0
17.503149 54.360817 0.0161 0.0 16.0
21.551949 54.937195 0.0161 0.0 16.0
17.503149 54.360817 0.0162 2.0 16.0
20.836655 56.729935 0.0162 2.0 16.0
20.836655 56.729935 0.0163 0.0 17.0
24.885452 57.306313 0.0163 0.0 17.0
20.836655 56.729935 0.0164 0.0 17.0
24.17016 59.099052 0.0164 0.0 17.0
20.836655 56.729935 0.0165 1.0 17.0
24.885452 57.306313 0.0165 1.0 17.0
24.885452 57.306313 0.0166 0.0 18.0
28.747656 55.96156 0.0166 0.0 18.0
24.885452 57.306313 0.0167 0.0 18.0
28.93425 57.88269 0.0167 0.0 18.0
28.93425 57.88269 0.0168 0.0 19.0
32.796455 56.537937 0.0168 0.0 19.0
28.93425 57.88269 0.0169 0.0 19.0
32.983047 58.45907 0.0169 0.0 19.0
20.836655 56.729935 0.0170 1.0 17.0
24.17016 59.099052 0.0170 1.0 17.0
24.17016 59.099052 0.0171 0.0 18.0
28.21896 59.67543 0.0171 0.0 18.0
24.17016 59.099052 0.0172 0.0 18.0
27.503666 61.46817 0.0172 0.0 18.0
27.503666 61.46817 0.0173 0.0 19.0
31.552464 62.044548 0.0173 0.0 19.0
27.503666 61.46817 0.0174 0.0 19.0
30.837172 63.837288 0.0174 0.0 19.0
7.5026326 47.253464 0.0175 9.0 13.0
9.378291 50.887592 0.0175 9.0 13.0
9.378291 50.887592 0.0176 0.0 14.0
12.711796 53.25671 0.0176 0.0 14.0
9.378291 50.887592 0.0177 8.0 14.0
11.253949 54.52172 0.0177 8.0 14.0
11.253949 54.52172 0.0178 0.0 15.0
14.587454 56.89084 0.0178 0.0 15.0
11.253949 54.52172 0.0179 0.0 15.0
13.129607 58.15585 0.0179 0.0 15.0
11.253949 54.52172 0.0180 1.0 15.0
14.587454 56.89084 0.0180 1.0 15.0
14.587454 56.89084 0.0181 0.0 16.0
18.636253 57.467216 0.0181 0.0 16.0
14.587454 56.89084 0.0182 0.0 16.0
17.92096 59.259956 0.0182 0.0 16.0
17.92096 59.259956 0.0183 0.0 17.0
21.969757 59.836334 0.0183 0.0 17.0
17.92096 59.259956 0.0184 0.0 17.0
21.254465 61.629074 0.0184 0.0 17.0
11.253949 54.52172 0.0185 7.0 15.0
13.129607 58.15585 0.0185 7.0 15.0
13.129607 58.15585 0.0186 0.0 16.0
16.463112 60.524967 0.0186 0.0 16.0
13.129607 58.15585 0.0187 6.0 16.0
15.005265 61.789978 0.0187 6.0 16.0
15.005265 61.789978 0.0188 0.0 17.0
18.33877 64.159096 0.0188 0.0 17.0
15.005265 61.789978 0.0189 0.0 17.0
16.880924 65.4241 0.0189 0.0 17.0
15.005265 61.789978 0.0190 1.0 17.0
18.33877 64.159096 0.0190 1.0 17.0
18.33877 64.159096 0.0191 0.0 18.0
22.38757 64.73547 0.0191 0.0 18.0
18.33877 64.159096 0.0192 0.0 18.0
21.672276 66.52821 0.0192 0.0 18.0
21.672276 66.52821 0.0193 0.0 19.0
25.721073 67.10459 0.0193 0.0 19.0
21.672276 66.52821 0.0194 0.0 19.0
25.005781 68.89733 0.0194 0.0 19.0
15.005265 61.789978 0.0195 1.0 17.0
16.880924 65.4241 0.0195 1.0 17.0
16.880924 65.4241 0.0196 0.0 18.0
20.21443 67.79322 0.0196 0.0 18.0
16.880924 65.4241 0.0197 0.0 18.0
18.756582 69.05823 0.0197 0.0 18.0
18.756582 69.05823 0.0198 0.0 19.0
22.090088 71.427345 0.0198 0.0 19.0
18.756582 69.05823 0.0199 0.0 19.0
20.63224 72.69235 0.0199 0.0 19.0
15.005265 61.789978 0.0200 5.0 17.0
18.33877 64.159096 0.0200 5.0 17.0
18.33877 64.159096 0.0201 0.0 18.0
22.38757 64.73547 0.0201 0.0 18.0
18.33877 64.159096 0.0202 4.0 18.0
21.672276 66.52821 0.0202 4.0 18.0
21.672276 66.52821 0.0203 0.0 19.0
25.721073 67.10459 0.0203 0.0 19.0
21.672276 66.52821 0.0204 0.0 19.0
25.005781 68.89733 0.0204 0.0 19.0
21.672276 66.52821 0.0205 1.0 19.0
25.721073 67.10459 0.0205 1.0 19.0
25.721073 67.10459 0.0206 0.0 20.0
29.583277 65.759834 0.0206 0.0 20.0
25.721073 67.10459 0.0207 0.0 20.0
29.76987 67.68097 0.0207 0.0 20.0
29.76987 67.68097 0.0208 0.0 21.0
33.632076 66.33621 0.0208 0.0 21.0
29.76987 67.68097 0.0209 0.0 21.0
33.81867 68.25735 0.0209 0.0 21.0
21.672276 66.52821 0.0210 3.0 19.0
25.005781 68.89733 0.0210 3.0 19.0
25.005781 68.89733 0.0211 0.0 20.0
29.05458 69.47371 0.0211 0.0 20.0
25.005781 68.89733 0.0212 2.0 20.0
28.339287 71.26645 0.0212 2.0 20.0
28.339287 71.26645 0.0213 0.0 21.0
32.388084 71.84283 0.0213 0.0 21.0
28.339287 71.26645 0.0214 0.0 21.0
31.672792 73.63557 0.0214 0.0 21.0
28.339287 71.26645 0.0215 1.0 21.0
32.388084 71.84283 0.0215 1.0 21.0
32.388084 71.84283 0.0216 0.0 22.0
36.25029 70.49807 0.0216 0.0 22.0
32.388084 71.84283 0.0217 0.0 22.0
36.436882 72.419205 0.0217 0.0 22.0
36.436882 72.419205 0.0218 0.0 23.0
40.299088 71.07445 0.0218 0.0 23.0
36.436882 72.419205 0.0219 0.0 23.0
40.48568 72.99558 0.0219 0.0 23.0
28.339287 71.26645 0.0220 1.0 21.0
31.672792 73.63557 0.0220 1.0 21.0
31.672792 73.63557 0.0221 0.0 22.0
35.721592 74.211945 0.0221 0.0 22.0
31.672792 73.63557 0.0222 0.0 22.0
35.006298 76.004684 0.0222 0.0 22.0
35.006298 76.004684 0.0223 0.0 23.0
39.055096 76.58106 0.0223 0.0 23.0
35.006298 76.004684 0.0224 0.0 23.0
38.3398 78.3738 0.0224 0.0 23.0
15.005265 61.789978 0.0225 5.0 17.0
16.880924 65.4241 0.0225 5.0 17.0
16.880924 65.4241 0.0226 0.0 18.0
20.21443 67.79322 0.0226 0.0 18.0
16.880924 65.4241 0.0227 4.0 18.0
18.756582 69.05823 0.0227 4.0 18.0
18.756582 69.05823 0.0228 0.0 19.0
22.090088 71.427345 0.0228 0.0 19.0
18.756582 69.05823 0.0229 0.0 19.0
20.63224 72.69235 0.0229 0.0 19.0
18.756582 69.05823 0.0230 1.0 19.0
22.090088 71.427345 0.0230 1.0 19.0
22.090088 71.427345 0.0231 0.0 20.0
26.138885 72.00372 0.0231 0.0 20.0
22.090088 71.427345 0.0232 0.0 20.0
25.423594 73.79646 0.0232 0.0 20.0
25.423594 73.79646 0.0233 0.0 21.0
29.472393 74.37284 0.0233 0.0 21.0
25.423594 73.79646 0.0234 0.0 21.0
28.7571 76.16558 0.0234 0.0 21.0
18.756582 69.05823 0.0235 3.0 19.0
20.63224 72.69235 0.0235 3.0 19.0
20.63224 72.69235 0.0236 0.0 20.0
23.965746 75.06147 0.0236 0.0 20.0
20.63224 72.69235 0.0237 2.0 20.0
22.507898 76.32648 0.0237 2.0 20.0
22.507898 76.32648 0.0238 0.0 21.0
25.841404 78.695595 0.0238 0.0 21.0
22.507898 76.32648 0.0239 0.0 21.0
24.383556 79.9606 0.0239 0.0 21.0
22.507898 76.32648 0.0240 1.0 21.0
25.841404 78.695595 0.0240 1.0 21.0
25.841404 78.695595 0.0241 0.0 22.0
29.890202 79.27197 0.0241 0.0 22.0
25.841404 78.695595 0.0242 0.0 22.0
29.17491 81.06471 0.0242 0.0 22.0
29.17491 81.06471 0.0243 0.0 23.0
33.22371 81.64109 0.0243 0.0 23.0
29.17491 81.06471 0.0244 0.0 23.0
32.508415 83.43383 0.0244 0.0 23.0
22.507898 76.32648 0.0245 1.0 21.0
24.383556 79.9606 0.0245 1.0 21.0
24.383556 79.9606 0.0246 0.0 22.0
27.717062 82.32972 0.0246 0.0 22.0
24.383556 79.9606 0.0247 0.0 22.0
26.259214 83.59473 0.0247 0.0 22.0
26.259214 83.59473 0.0248 0.0 23.0
29.59272 85.963844 0.0248 0.0 23.0
26.259214 83.59473 0.0249 0.0 23.0
28.134872 87.22885 0.0249 0.0 23.0
0.0 32.71695 0.0250 21.0 9.0
0.0 36.80657 0.0250 21.0 9.0
0.0 36.80657 0.0251 0.0 10.0
1.8756582 40.440697 0.0251 0.0 10.0
0.0 36.80657 0.0252 20.0 10.0
0.0 40.896187 0.0252 20.0 10.0
0.0 40.896187 0.0253 0.0 11.0
1.8756582 44.530315 0.0253 0.0 11.0
0.0 40.896187 0.0254 0.0 11.0
0.0 44.985806 0.0254 0.0 11.0
0.0 40.896187 0.0255 1.0 11.0
1.8756582 44.530315 0.0255 1.0 11.0
1.8756582 44.530315 0.0256 0.0 12.0
5.209163 46.899433 0.0256 0.0 12.0
1.8756582 44.530315 0.0257 0.0 12.0
3.7513163 48.164444 0.0257 0.0 12.0
3.7513163 48.164444 0.0258 0.0 13.0
7.0848217 50.53356 0.0258 0.0 13.0
3.7513163 48.164444 0.0259 0.0 13.0
5.6269746 51.798573 0.0259 0.0 13.0
0.0 40.896187 0.0260 19.0 11.0
0.0 44.985806 0.0260 19.0 11.0
0.0 44.985806 0.0261 0.0 12.0
1.8756582 48.619934 0.0261 0.0 12.0
0.0 44.985806 0.0262 18.0 12.0
0.0 49.075424 0.0262 18.0 12.0
0.0 49.075424 0.0263 0.0 13.0
1.8756582 52.709553 0.0263 0.0 13.0
0.0 49.075424 0.0264 0.0 13.0
0.0 53.165043 0.0264 0.0 13.0
0.0 49.075424 0.0265 1.0 13.0
1.8756582 52.709553 0.0265 1.0 13.0
1.8756582 52.709553 0.0266 0.0 14.0
5.209163 55.07867 0.0266 0.0 14.0
1.8756582 52.709553 0.0267 0.0 14.0
3.7513163 56.34368 0.0267 0.0 14.0
3.7513163 56.34368 0.0268 0.0 15.0
7.0848217 58.7128 0.0268 0.0 15.0
3.7513163 56.34368 0.0269 0.0 15.0
5.6269746 59.97781 0.0269 0.0 15.0
0.0 49.075424 0.0270 1.0 13.0
0.0 53.165043 0.0270 1.0 13.0
0.0 53.165043 0.0271 0.0 14.0
1.8756582 56.79917 0.0271 0.0 14.0
0.0 53.165043 0.0272 0.0 14.0
0.0 57.25466 0.0272 0.0 14.0
0.0 57.25466 0.0273 0.0 15.0
1.8756582 60.88879 0.0273 0.0 15.0
0.0 57.25466 0.0274 0.0 15.0
0.0 61.34428 0.0274 0.0 15.0
0.0 49.075424 0.0275 5.0 13.0
1.8756582 52.709553 0.0275 5.0 13.0
1.8756582 52.709553 0.0276 0.0 14.0
5.209163 55.07867 0.0276 0.0 14.0
1.8756582 52.709553 0.0277 4.0 14.0
3.7513163 56.34368 0.0277 4.0 14.0
3.7513163 56.34368 0.0278 0.0 15.0
7.0848217 58.7128 0.0278 0.0 15.0
3.7513163 56.34368 0.0279 0.0 15.0
5.6269746 59.97781 0.0279 0.0 15.0
3.7513163 56.34368 0.0280 1.0 15.0
7.0848217 58.7128 0.0280 1.0 15.0
7.0848217 58.7128 0.0281 0.0 16.0
11.13362 59.289177 0.0281 0.0 16.0
7.0848217 58.7128 0.0282 0.0 16.0
10.418327 61.081917 0.0282 0.0 16.0
10.418327 61.081917 0.0283 0.0 17.0
14.467126 61.658295 0.0283 0.0 17.0
10.418327 61.081917 0.0284 0.0 17.0
13.751833 63.451035 0.0284 0.0 17.0
3.7513163 56.34368 0.0285 3.0 15.0
5.6269746 59.97781 0.0285 3.0 15.0
5.6269746 59.97781 0.0286 0.0 16.0
8.96048 62.346928 0.0286 0.0 16.0
5.6269746 59.97781 0.0287 2.0 16.0
7.5026326 63.61194 0.0287 2.0 16.0
7.5026326 63.61194 0.0288 0.0 17.0
10.836138 65.98106 0.0288 0.0 17.0
7.5026326 63.61194 0.0289 0.0 17.0
9.378291 67.24606 0.0289 0.0 17.0
7.5026326 63.61194 0.0290 1.0 17.0
10.836138 65.98106 0.0290 1.0 17.0
10.836138 65.98106 0.0291 0.0 18.0
14.884936 66.557434 0.0291 0.0 18.0
10.836138 65.98106 0.0292 0.0 18.0
14.169643 68.350174 0.0292 0.0 18.0
14.169643 68.350174 0.0293 0.0 19.0
18.218441 68.92655 0.0293 0.0 19.0
14.169643 68.350174 0.0294 0.0 19.0
17.503149 70.71929 0.0294 0.0 19.0
7.5026326 63.61194 0.0295 1.0 17.0
9.378291 67.24606 0.0295 1.0 17.0
9.378291 67.24606 0.0296 0.0 18.0
12.711796 69.61518 0.0296 0.0 18.0
9.378291 67.24606 0.0297 0.0 18.0
11.253949 70.88019 0.0297 0.0 18.0
11.253949 70.88019 0.0298 0.0 19.0
14.587454 73.249306 0.0298 0.0 19.0
11.253949 70.88019 0.0299 0.0 19.0
13.129607 74.51431 0.0299 0.0 19.0
0.0 49.075424 0.0300 17.0 13.0
0.0 53.165043 0.0300 17.0 13.0
0.0 53.165043 0.0301 0.0 14.0
1.8756582 56.79917 0.0301 0.0 14.0
0.0 53.165043 0.0302 16.0 14.0
0.0 57.25466 0.0302 16.0 14.0
0.0 57.25466 0.0303 0.0 15.0
1.8756582 60.88879 0.0303 0.0 15.0
0.0 57.25466 0.0304 0.0 15.0
0.0 61.34428 0.0304 0.0 15.0
0.0 57.25466 0.0305 1.0 15.0
1.8756582 60.88879 0.0305 1.0 15.0
1.8756582 60.88879 0.0306 0.0 16.0
5.209163 63.257908 0.0306 0.0 16.0
1.8756582 60.88879 0.0307 0.0 16.0
3.7513163 64.52292 0.0307 0.0 16.0
3.7513163 64.52292 0.0308 0.0 17.0
7.0848217 66.89204 0.0308 0.0 17.0
3.7513163 64.52292 0.0309 0.0 17.0
5.6269746 68.15704 0.0309 0.0 17.0
0.0 57.25466 0.0310 15.0 15.0
0.0 61.34428 0.0310 15.0 15.0
0.0 61.34428 0.0311 0.0 16.0
1.8756582 64.97841 0.0311 0.0 16.0
0.0 61.34428 0.0312 14.0 16.0
0.0 65.4339 0.0312 14.0 16.0
0.0 65.4339 0.0313 0.0 17.0
1.8756582 69.06802 0.0313 0.0 17.0
0.0 65.4339 0.0314 0.0 17.0
0.0 69.52351 0.0314 0.0 17.0
0.0 65.4339 0.0315 1.0 17.0
1.8756582 69.06802 0.0315 1.0 17.0
1.8756582 69.06802 0.0316 0.0 18.0
5.209163 71.43714 0.0316 0.0 18.0
1.8756582 69.06802 0.0317 0.0 18.0
3.7513163 72.70215 0.0317 0.0 18.0
3.7513163 72.70215 0.0318 0.0 19.0
7.0848217 75.071266 0.0318 0.0 19.0
3.7513163 72.70215 0.0319 0.0 19.0
5.6269746 76.33627 0.0319 0.0 19.0
0.0 65.4339 0.0320 1.0 17.0
0.0 69.52351 0.0320 1.0 17.0
0.0 69.52351 0.0321 0.0 18.0
1.8756582 73.15764 0.0321 0.0 18.0
0.0 69.52351 0.0322 0.0 18.0
0.0 73.61313 0.0322 0.0 18.0
0.0 73.61313 0.0323 0.0 19.0
1.8756582 77.24725 0.0323 0.0 19.0
0.0 73.61313 0.0324 0.0 19.0
0.0 77.70274 0.0324 0.0 19.0
0.0 65.4339 0.0325 5.0 17.0
1.8756582 69.06802 0.0325 5.0 17.0
1.8756582 69.06802 0.0326 0.0 18.0
5.209163 71.43714 0.0326 0.0 18.0
1.8756582 69.06802 0.0327 4.0 18.0
3.7513163 72.70215 0.0327 4.0 18.0
3.7513163 72.70215 0.0328 0.0 19.0
7.0848217 75.071266 0.0328 0.0 19.0
3.7513163 72.70215 0.0329 0.0 19.0
5.6269746 76.33627 0.0329 0.0 19.0
3.7513163 72.70215 0.0330 1.0 19.0
7.0848217 75.071266 0.0330 1.0 19.0
7.0848217 75.071266 0.0331 0.0 20.0
11.13362 75.647644 0.0331 0.0 20.0
7.0848217 75.071266 0.0332 0.0 20.0
10.418327 77.440384 0.0332 0.0 20.0
10.418327 77.440384 0.0333 0.0 21.0
14.467126 78.01676 0.0333 0.0 21.0
10.418327 77.440384 0.0334 0.0 21.0
13.751833 79.8095 0.0334 0.0 21.0
3.7513163 72.70215 0.0335 3.0 19.0
5.6269746 76.33627 0.0335 3.0 19.0
5.6269746 76.33627 0.0336 0.0 20.0
8.96048 78.70539 0.0336 0.0 20.0
5.6269746 76.33627 0.0337 2.0 20.0
7.5026326 79.9704 0.0337 2.0 20.0
7.5026326 79.9704 0.0338 0.0 21.0
10.836138 82.339516 0.0338 0.0 21.0
7.5026326 79.9704 0.0339 0.0 21.0
9.378291 83.60452 0.0339 0.0 21.0
7.5026326 79.9704 0.0340 1.0 21.0
10.836138 82.339516 0.0340 1.0 21.0
10.836138 82.339516 0.0341 0.0 22.0
14.884936 82.91589 0.0341 0.0 22.0
10.836138 82.339516 0.0342 0.0 22.0
14.169643 84.70863 0.0342 0.0 22.0
14.169643 84.70863 0.0343 0.0 23.0
18.218441 85.28501 0.0343 0.0 23.0
14.169643 84.70863 0.0344 0.0 23.0
17.503149 87.07775 0.0344 0.0 23.0
7.5026326 79.9704 0.0345 1.0 21.0
9.378291 83.60452 0.0345 1.0 21.0
9.378291 83.60452 0.0346 0.0 22.0
12.711796 85.97364 0.0346 0.0 22.0
9.378291 83.60452 0.0347 0.0 22.0
11.253949 87.23865 0.0347 0.0 22.0
11.253949 87.23865 0.0348 0.0 23.0
14.587454 89.607765 0.0348 0.0 23.0
11.253949 87.23865 0.0349 0.0 23.0
13.129607 90.87277 0.0349 0.0 23.0
0.0 65.4339 0.0350 5.0 17.0
0.0 69.52351 0.0350 5.0 17.0
0.0 69.52351 0.0351 0.0 18.0
1.8756582 73.15764 0.0351 0.0 18.0
0.0 69.52351 0.0352 4.0 18.0
0.0 73.61313 0.0352 4.0 18.0
0.0 73.61313 0.0353 0.0 19.0
1.8756582 77.24725 0.0353 0.0 19.0
0.0 73.61313 0.0354 0.0 19.0
0.0 77.70274 0.0354 0.0 19.0
0.0 73.61313 0.0355 1.0 19.0
1.8756582 77.24725 0.0355 1.0 19.0
1.8756582 77.24725 0.0356 0.0 20.0
5.209163 79.61637 0.0356 0.0 20.0
1.8756582 77.24725 0.0357 0.0 20.0
3.7513163 80.88138 0.0357 0.0 20.0
3.7513163 80.88138 0.0358 0.0 21.0
7.0848217 83.250496 0.0358 0.0 21.0
3.7513163 80.88138 0.0359 0.0 21.0
5.6269746 84.5155 0.0359 0.0 21.0
0.0 73.61313 0.0360 3.0 19.0
0.0 77.70274 0.0360 3.0 19.0
0.0 77.70274 0.0361 0.0 20.0
1.8756582 81.33687 0.0361 0.0 20.0
0.0 77.70274 0.0362 2.0 20.0
0.0 81.79236 0.0362 2.0 20.0
0.0 81.79236 0.0363 0.0 21.0
1.8756582 85.42648 0.0363 0.0 21.0
0.0 81.79236 0.0364 0.0 21.0
0.0 85.88197 0.0364 0.0 21.0
0.0 81.79236 0.0365 1.0 21.0
1.8756582 85.42648 0.0365 1.0 21.0
1.8756582 85.42648 0.0366 0.0 22.0
5.209163 87.7956 0.0366 0.0 22.0
1.8756582 85.42648 0.0367 0.0 22.0
3.7513163 89.06061 0.0367 0.0 22.0
3.7513163 89.06061 0.0368 0.0 23.0
7.0848217 91.429726 0.0368 0.0 23.0
3.7513163 89.06061 0.0369 0.0 23.0
5.6269746 92.69473 0.0369 0.0 23.0
0.0 81.79236 0.0370 1.0 21.0
0.0 85.88197 0.0370 1.0 21.0
0.0 85.88197 0.0371 0.0 22.0
1.8756582 89.5161 0.0371 0.0 22.0
0.0 85.88197 0.0372 0.0 22.0
0.0 89.97159 0.0372 0.0 22.0
0.0 89.97159 0.0373 0.0 23.0
1.8756582 93.60571 0.0373 0.0 23.0
0.0 89.97159 0.0374 0.0 23.0
0.0 94.0612 0.0374 0.0 23.0
0.0 65.4339 0.0375 13.0 17.0
-1.8756582 69.06802 0.0375 13.0 17.0
-1.8756582 69.06802 0.0376 0.0 18.0
-1.8756582 73.15764 0.0376 0.0 18.0
-1.8756582 69.06802 0.0377 12.0 18.0
-3.7513163 72.70215 0.0377 12.0 18.0
-3.7513163 72.70215 0.0378 0.0 19.0
-3.7513163 76.79176 0.0378 0.0 19.0
-3.7513163 72.70215 0.0379 0.0 19.0
-5.6269746 76.33627 0.0379 0.0 19.0
-3.7513163 72.70215 0.0380 1.0 19.0
-3.7513163 76.79176 0.0380 1.0 19.0
-3.7513163 76.79176 0.0381 0.0 20.0
-1.8756582 80.42589 0.0381 0.0 20.0
-3.7513163 76.79176 0.0382 0.0 20.0
-3.7513163 80.88138 0.0382 0.0 20.0
-3.7513163 80.88138 0.0383 0.0 21.0
-1.8756582 84.5155 0.0383 0.0 21.0
-3.7513163 80.88138 0.0384 0.0 21.0
-3.7513163 84.97099 0.0384 0.0 21.0
-3.7513163 72.70215 0.0385 11.0 19.0
-5.6269746 76.33627 0.0385 11.0 19.0
-5.6269746 76.33627 0.0386 0.0 20.0
-5.6269746 80.42589 0.0386 0.0 20.0
-5.6269746 76.33627 0.0387 10.0 20.0
-7.5026326 79.9704 0.0387 10.0 20.0
-7.5026326 79.9704 0.0388 0.0 21.0
-7.5026326 84.06001 0.0388 0.0 21.0
-7.5026326 79.9704 0.0389 0.0 21.0
-9.378291 83.60452 0.0389 0.0 21.0
-7.5026326 79.9704 0.0390 1.0 21.0
-7.5026326 84.06001 0.0390 1.0 21.0
-7.5026326 84.06001 0.0391 0.0 22.0
-5.6269746 87.69414 0.0391 0.0 22.0
-7.5026326 84.06001 0.0392 0.0 22.0
-7.5026326 88.14963 0.0392 0.0 22.0
-7.5026326 88.14963 0.0393 0.0 23.0
-5.6269746 91.78375 0.0393 0.0 23.0
-7.5026326 88.14963 0.0394 0.0 23.0
-7.5026326 92.23924 0.0394 0.0 23.0
-7.5026326 79.9704 0.0395 1.0 21.0
-9.378291 83.60452 0.0395 1.0 21.0
-9.378291 83.60452 0.0396 0.0 22.0
-9.378291 87.69414 0.0396 0.0 22.0
-9.378291 83.60452 0.0397 0.0 22.0
-11.253949 87.23865 0.0397 0.0 22.0
-11.253949 87.23865 0.0398 0.0 23.0
-11.253949 91.32826 0.0398 0.0 23.0
-11.253949 87.23865 0.0399 0.0 23.0
-13.129607 90.87277 0.0399 0.0 23.0
-7.5026326 79.9704 0.0400 5.0 21.0
-7.5026326 84.06001 0.0400 5.0 21.0
-7.5026326 84.06001 0.0401 0.0 22.0
-5.6269746 87.69414 0.0401 0.0 22.0
-7.5026326 84.06001 0.0402 4.0 22.0
-7.5026326 88.14963 0.0402 4.0 22.0
-7.5026326 88.14963 0.0403 0.0 23.0
-5.6269746 91.78375 0.0403 0.0 23.0
-7.5026326 88.14963 0.0404 0.0 23.0
-7.5026326 92.23924 0.0404 0.0 23.0
-7.5026326 88.14963 0.0405 1.0 23.0
-5.6269746 91.78375 0.0405 1.0 23.0
-5.6269746 91.78375 0.0406 0.0 24.0
-2.2934694 94.15287 0.0406 0.0 24.0
-5.6269746 91.78375 0.0407 0.0 24.0
-3.7513165 95.41788 0.0407 0.0 24.0
-3.7513165 95.41788 0.0408 0.0 25.0
-0.4178114 97.786995 0.0408 0.0 25.0
-3.7513165 95.41788 0.0409 0.0 25.0
-1.8756584 99.052 0.0409 0.0 25.0
-7.5026326 88.14963 0.0410 3.0 23.0
-7.5026326 92.23924 0.0410 3.0 23.0
-7.5026326 92.23924 0.0411 0.0 24.0
-5.6269746 95.87337 0.0411 0.0 24.0
-7.5026326 92.23924 0.0412 2.0 24.0
-7.5026326 96.32886 0.0412 2.0 24.0
-7.5026326 96.32886 0.0413 0.0 25.0
-5.6269746 99.96298 0.0413 0.0 25.0
-7.5026326 96.32886 0.0414 0.0 25.0
-7.5026326 100.41847 0.0414 0.0 25.0
-7.5026326 96.32886 0.0415 1.0 25.0
-5.6269746 99.96298 0.0415 1.0 25.0
-5.6269746 99.96298 0.0416 0.0 26.0
-2.2934694 102.3321 0.0416 0.0 26.0
-5.6269746 99.96298 0.0417 0.0 26.0
-3.7513165 103.59711 0.0417 0.0 26.0
-3.7513165 103.59711 0.0418 0.0 27.0
-0.4178114 105.966225 0.0418 0.0 27.0
-3.7513165 103.59711 0.0419 0.0 27.0
-1.8756584 107.23123 0.0419 0.0 27.0
-7.5026326 96.32886 0.0420 1.0 25.0
-7.5026326 100.41847 0.0420 1.0 25.0
-7.5026326 100.41847 0.0421 0.0 26.0
-5.6269746 104.0526 0.0421 0.0 26.0
-7.5026326 100.41847 0.0422 0.0 26.0
-7.5026326 104.50809 0.0422 0.0 26.0
-7.5026326 104.50809 0.0423 0.0 27.0
-5.6269746 108.14221 0.0423 0.0 27.0
-7.5026326 104.50809 0.0424 0.0 27.0
-7.5026326 108.5977 0.0424 0.0 27.0
-7.5026326 79.9704 0.0425 9.0 21.0
-9.378291 83.60452 0.0425 9.0 21.0
-9.378291 83.60452 0.0426 0.0 22.0
-9.378291 87.69414 0.0426 0.0 22.0
-9.378291 83.60452 0.0427 8.0 22.0
-11.253949 87.23865 0.0427 8.0 22.0
-11.253949 87.23865 0.0428 0.0 23.0
-11.253949 91.32826 0.0428 0.0 23.0
-11.253949 87.23865 0.0429 0.0 23.0
-13.129607 90.87277 0.0429 0.0 23.0
-11.253949 87.23865 0.0430 1.0 23.0
-11.253949 91.32826 0.0430 1.0 23.0
-11.253949 91.32826 0.0431 0.0 24.0
-9.378291 94.96239 0.0431 0.0 24.0
-11.253949 91.32826 0.0432 0.0 24.0
-11.253949 95.41788 0.0432 0.0 24.0
-11.253949 95.41788 0.0433 0.0 25.0
-9.378291 99.052 0.0433 0.0 25.0
-11.253949 95.41788 0.0434 0.0 25.0
-11.253949 99.50749 0.0434 0.0 25.0
-11.253949 87.23865 0.0435 7.0 23.0
-13.129607 90.87277 0.0435 7.0 23.0
-13.129607 90.87277 0.0436 0.0 24.0
-13.129607 94.96239 0.0436 0.0 24.0
-13.129607 90.87277 0.0437 6.0 24.0
-15.005265 94.5069 0.0437 6.0 24.0
-15.005265 94.5069 0.0438 0.0 25.0
-15.005265 98.59651 0.0438 0.0 25.0
-15.005265 94.5069 0.0439 0.0 25.0
-16.880924 98.14102 0.0439 0.0 25.0
-15.005265 94.5069 0.0440 1.0 25.0
-15.005265 98.59651 0.0440 1.0 25.0
-15.005265 98.59651 0.0441 0.0 26.0
-13.129607 102.23064 0.0441 0.0 26.0
-15.005265 98.59651 0.0442 0.0 26.0
-15.005265 102.68613 0.0442 0.0 26.0
-15.005265 102.68613 0.0443 0.0 27.0
-13.129607 106.32025 0.0443 0.0 27.0
-15.005265 102.68613 0.0444 0.0 27.0
-15.005265 106.77574 0.0444 0.0 27.0
-15.005265 94.5069 0.0445 1.0 25.0
-16.880924 98.14102 0.0445 1.0 25.0
-16.880924 98.14102 0.0446 0.0 26.0
-16.880924 102.23064 0.0446 0.0 26.0
-16.880924 98.14102 0.0447 0.0 26.0
-18.756582 101.77515 0.0447 0.0 26.0
-18.756582 101.77515 0.0448 0.0 27.0
-18.756582 105.86476 0.0448 0.0 27.0
-18.756582 101.77515 0.0449 0.0 27.0
-20.63224 105.40927 0.0449 0.0 27.0
-15.005265 94.5069 0.0450 5.0 25.0
-15.005265 98.59651 0.0450 5.0 25.0
-15.005265 98.59651 0.0451 0.0 26.0
-13.129607 102.23064 0.0451 0.0 26.0
-15.005265 98.59651 0.0452 4.0 26.0
-15.005265 102.68613 0.0452 4.0 26.0
-15.005265 102.68613 0.0453 0.0 27.0
-13.129607 106.32025 0.0453 0.0 27.0
-15.005265 102.68613 0.0454 0.0 27.0
-15.005265 106.77574 0.0454 0.0 27.0
-15.005265 102.68613 0.0455 1.0 27.0
-13.129607 106.32025 0.0455 1.0 27.0
-13.129607 106.32025 0.0456 0.0 28.0
-9.796103 108.68937 0.0456 0.0 28.0
-13.129607 106.32025 0.0457 0.0 28.0
-11.253949 109.95438 0.0457 0.0 28.0
-11.253949 109.95438 0.0458 0.0 29.0
-7.920444 112.323494 0.0458 0.0 29.0
-11.253949 109.95438 0.0459 0.0 29.0
-9.378291 113.5885 0.0459 0.0 29.0
-15.005265 102.68613 0.0460 3.0 27.0
-15.005265 106.77574 0.0460 3.0 27.0
-15.005265 106.77574 0.0461 0.0 28.0
-13.129607 110.40987 0.0461 0.0 28.0
-15.005265 106.77574 0.0462 2.0 28.0
-15.005265 110.86536 0.0462 2.0 28.0
-15.005265 110.86536 0.0463 0.0 29.0
-13.129607 114.49948 0.0463 0.0 29.0
-15.005265 110.86536 0.0464 0.0 29.0
-15.005265 114.95497 0.0464 0.0 29.0
-15.005265 110.86536 0.0465 1.0 29.0
-13.129607 114.49948 0.0465 1.0 29.0
-13.129607 114.49948 0.0466 0.0 30.0
-9.796103 116.8686 0.0466 0.0 30.0
-13.129607 114.49948 0.0467 0.0 30.0
-11.253949 118.133606 0.0467 0.0 30.0
-11.253949 118.133606 0.0468 0.0 31.0
-7.920444 120.50272 0.0468 0.0 31.0
-11.253949 118.133606 0.0469 0.0 31.0
-9.378291 121.76773 0.0469 0.0 31.0
-15.005265 110.86536 0.0470 1.0 29.0
-15.005265 114.95497 0.0470 1.0 29.0
-15.005265 114.95497 0.0471 0.0 30.0
-13.129607 118.589096 0.0471 0.0 30.0
-15.005265 114.95497 0.0472 0.0 30.0
-15.005265 119.044586 0.0472 0.0 30.0
-15.005265 119.044586 0.0473 0.0 31.0
-13.129607 122.67871 0.0473 0.0 31.0
-15.005265 119.044586 0.0474 0.0 31.0
-15.005265 123.1342 0.0474 0.0 31.0
-15.005265 94.5069 0.0475 5.0 25.0
-16.880924 98.14102 0.0475 5.0 25.0
-16.880924 98.14102 0.0476 0.0 26.0
-16.880924 102.23064 0.0476 0.0 26.0
-16.880924 98.14102 0.0477 4.0 26.0
-18.756582 101.77515 0.0477 4.0 26.0
-18.756582 101.77515 0.0478 0.0 27.0
-18.756582 105.86476 0.0478 0.0 27.0
-18.756582 101.77515 0.0479 0.0 27.0
-20.63224 105.40927 0.0479 0.0 27.0
-18.756582 101.77515 0.0480 1.0 27.0
-18.756582 105.86476 0.0480 1.0 27.0
-18.756582 105.86476 0.0481 0.0 28.0
-16.880924 109.498886 0.0481 0.0 28.0
-18.756582 105.86476 0.0482 0.0 28.0
-18.756582 109.95438 0.0482 0.0 28.0
-18.756582 109.95438 0.0483 0.0 29.0
-16.880924 113.5885 0.0483 0.0 29.0
-18.756582 109.95438 0.0484 0.0 29.0
-18.756582 114.04399 0.0484 0.0 29.0
-18.756582 101.77515 0.0485 3.0 27.0
-20.63224 105.40927 0.0485 3.0 27.0
-20.63224 105.40927 0.0486 0.0 28.0
-20.63224 109.498886 0.0486 0.0 28.0
-20.63224 105.40927 0.0487 2.0 28.0
-22.507898 109.043396 0.0487 2.0 28.0
-22.507898 109.043396 0.0488 0.0 29.0
-22.507898 113.13301 0.0488 0.0 29.0
-22.507898 109.043396 0.0489 0.0 29.0
-24.383556 112.67752 0.0489 0.0 29.0
-22.507898 109.043396 0.0490 1.0 29.0
-22.507898 113.13301 0.0490 1.0 29.0
-22.507898 113.13301 0.0491 0.0 30.0
-20.63224 116.767136 0.0491 0.0 30.0
-22.507898 113.13301 0.0492 0.0 30.0
-22.507898 117.222626 0.0492 0.0 30.0
-22.507898 117.222626 0.0493 0.0 31.0
-20.63224 120.85675 0.0493 0.0 31.0
-22.507898 117.222626 0.0494 0.0 31.0
-22.507898 121.31224 0.0494 0.0 31.0
-22.507898 109.043396 0.0495 1.0 29.0
-24.383556 112.67752 0.0495 1.0 29.0
-24.383556 112.67752 0.0496 0.0 30.0
-24.383556 116.767136 0.0496 0.0 30.0
-24.383556 112.67752 0.0497 0.0 30.0
-26.259214 116.311646 0.0497 0.0 30.0
-26.259214 116.311646 0.0498 0.0 31.0
-26.259214 120.40126 0.0498 0.0 31.0
-26.259214 116.311646 0.0499 0.0 31.0
-28.134872 119.94577 0.0499 0.0 31.0
0.0 65.4339 0.0500 13.0 17.0
0.0 69.52351 0.0500 13.0 17.0
0.0 69.52351 0.0501 0.0 18.0
1.8756582 73.15764 0.0501 0.0 18.0
0.0 69.52351 0.0502 12.0 18.0
0.0 73.61313 0.0502 12.0 18.0
0.0 73.61313 0.0503 0.0 19.0
1.8756582 77.24725 0.0503 0.0 19.0
0.0 73.61313 0.0504 0.0 19.0
0.0 77.70274 0.0504 0.0 19.0
0.0 73.61313 0.0505 1.0 19.0
1.8756582 77.24725 0.0505 1.0 19.0
1.8756582 77.24725 0.0506 0.0 20.0
5.209163 79.61637 0.0506 0.0 20.0
1.8756582 77.24725 0.0507 0.0 20.0
3.7513163 80.88138 0.0507 0.0 20.0
3.7513163 80.88138 0.0508 0.0 21.0
7.0848217 83.250496 0.0508 0.0 21.0
3.7513163 80.88138 0.0509 0.0 21.0
5.6269746 84.5155 0.0509 0.0 21.0
0.0 73.61313 0.0510 11.0 19.0
0.0 77.70274 0.0510 11.0 19.0
0.0 77.70274 0.0511 0.0 20.0
1.8756582 81.33687 0.0511 0.0 20.0
0.0 77.70274 0.0512 10.0 20.0
0.0 81.79236 0.0512 10.0 20.0
0.0 81.79236 0.0513 0.0 21.0
1.8756582 85.42648 0.0513 0.0 21.0
0.0 81.79236 0.0514 0.0 21.0
0.0 85.88197 0.0514 0.0 21.0
0.0 81.79236 0.0515 1.0 21.0
1.8756582 85.42648 0.0515 1.0 21.0
1.8756582 85.42648 0.0516 0.0 22.0
5.209163 87.7956 0.0516 0.0 22.0
1.8756582 85.42648 0.0517 0.0 22.0
3.7513163 89.06061 0.0517 0.0 22.0
3.7513163 89.06061 0.0518 0.0 23.0
7.0848217 91.429726 0.0518 0.0 23.0
3.7513163 89.06061 0.0519 0.0 23.0
5.6269746 92.69473 0.0519 0.0 23.0
0.0 81.79236 0.0520 1.0 21.0
0.0 85.88197 0.0520 1.0 21.0
0.0 85.88197 0.0521 0.0 22.0
1.8756582 89.5161 0.0521 0.0 22.0
0.0 85.88197 0.0522 0.0 22.0
0.0 89.97159 0.0522 0.0 22.0
0.0 89.97159 0.0523 0.0 23.0
1.8756582 93.60571 0.0523 0.0 23.0
0.0 89.97159 0.0524 0.0 23.0
0.0 94.0612 0.0524 0.0 23.0
0.0 81.79236 0.0525 5.0 21.0
1.8756582 85.42648 0.0525 5.0 21.0
1.8756582 85.42648 0.0526 0.0 22.0
5.209163 87.7956 0.0526 0.0 22.0
1.8756582 85.42648 0.0527 4.0 22.0
3.7513163 89.06061 0.0527 4.0 22.0
3.7513163 89.06061 0.0528 0.0 23.0
7.0848217 91.429726 0.0528 0.0 23.0
3.7513163 89.06061 0.0529 0.0 23.0
5.6269746 92.69473 0.0529 0.0 23.0
3.7513163 89.06061 0.0530 1.0 23.0
7.0848217 91.429726 0.0530 1.0 23.0
7.0848217 91.429726 0.0531 0.0 24.0
11.13362 92.0061 0.0531 0.0 24.0
7.0848217 91.429726 0.0532 0.0 24.0
10.418327 93.79884 0.0532 0.0 24.0
10.418327 93.79884 0.0533 0.0 25.0
14.467126 94.37522 0.0533 0.0 25.0
10.418327 93.79884 0.0534 0.0 25.0
13.751833 96.16796 0.0534 0.0 25.0
3.7513163 89.06061 0.0535 3.0 23.0
5.6269746 92.69473 0.0535 3.0 23.0
5.6269746 92.69473 0.0536 0.0 24.0
8.96048 95.06385 0.0536 0.0 24.0
5.6269746 92.69473 0.0537 2.0 24.0
7.5026326 96.32886 0.0537 2.0 24.0
7.5026326 96.32886 0.0538 0.0 25.0
10.836138 98.697975 0.0538 0.0 25.0
7.5026326 96.32886 0.0539 0.0 25.0
9.378291 99.96298 0.0539 0.0 25.0
7.5026326 96.32886 0.0540 1.0 25.0
10.836138 98.697975 0.0540 1.0 25.0
10.836138 98.697975 0.0541 0.0 26.0
14.884936 99.27435 0.0541 0.0 26.0
10.836138 98.697975 0.0542 0.0 26.0
14.169643 101.06709 0.0542 0.0 26.0
14.169643 101.06709 0.0543 0.0 27.0
18.218441 101.64347 0.0543 0.0 27.0
14.169643 101.06709 0.0544 0.0 27.0
17.503149 103.43621 0.0544 0.0 27.0
7.5026326 96.32886 0.0545 1.0 25.0
9.378291 99.96298 0.0545 1.0 25.0
9.378291 99.96298 0.0546 0.0 26.0
12.711796 102.3321 0.0546 0.0 26.0
9.378291 99.96298 0.0547 0.0 26.0
11.253949 103.59711 0.0547 0.0 26.0
11.253949 103.59711 0.0548 0.0 27.0
14.587454 105.966225 0.0548 0.0 27.0
11.253949 103.59711 0.0549 0.0 27.0
13.129607 107.23123 0.0549 0.0 27.0
0.0 81.79236 0.0550 9.0 21.0
0.0 85.88197 0.0550 9.0 21.0
0.0 85.88197 0.0551 0.0 22.0
1.8756582 89.5161 0.0551 0.0 22.0
0.0 85.88197 0.0552 8.0 22.0
0.0 89.97159 0.0552 8.0 22.0
0.0 89.97159 0.0553 0.0 23.0
1.8756582 93.60571 0.0553 0.0 23.0
0.0 89.97159 0.0554 0.0 23.0
0.0 94.0612 0.0554 0.0 23.0
0.0 89.97159 0.0555 1.0 23.0
1.8756582 93.60571 0.0555 1.0 23.0
1.8756582 93.60571 0.0556 0.0 24.0
5.209163 95.97483 0.0556 0.0 24.0
1.8756582 93.60571 0.0557 0.0 24.0
3.7513163 97.23984 0.0557 0.0 24.0
3.7513163 97.23984 0.0558 0.0 25.0
7.0848217 99.608955 0.0558 0.0 25.0
3.7513163 97.23984 0.0559 0.0 25.0
5.6269746 100.87396 0.0559 0.0 25.0
0.0 89.97159 0.0560 7.0 23.0
0.0 94.0612 0.0560 7.0 23.0
0.0 94.0612 0.0561 0.0 24.0
1.8756582 97.69533 0.0561 0.0 24.0
0.0 94.0612 0.0562 6.0 24.0
0.0 98.15082 0.0562 6.0 24.0
0.0 98.15082 0.0563 0.0 25.0
1.8756582 101.78494 0.0563 0.0 25.0
0.0 98.15082 0.0564 0.0 25.0
0.0 102.24043 0.0564 0.0 25.0
0.0 98.15082 0.0565 1.0 25.0
1.8756582 101.78494 0.0565 1.0 25.0
1.8756582 101.78494 0.0566 0.0 26.0
5.209163 104.15406 0.0566 0.0 26.0
1.8756582 101.78494 0.0567 0.0 26.0
3.7513163 105.41907 0.0567 0.0 26.0
3.7513163 105.41907 0.0568 0.0 27.0
7.0848217 107.788185 0.0568 0.0 27.0
3.7513163 105.41907 0.0569 0.0 27.0
5.6269746 109.05319 0.0569 0.0 27.0
0.0 98.15082 0.0570 1.0 25.0
0.0 102.24043 0.0570 1.0 25.0
0.0 102.24043 0.0571 0.0 26.0
1.8756582 105.87456 0.0571 0.0 26.0
0.0 102.24043 0.0572 0.0 26.0
0.0 106.33005 0.0572 0.0 26.0
0.0 106.33005 0.0573 0.0 27.0
1.8756582 109.96417 0.0573 0.0 27.0
0.0 106.33005 0.0574 0.0 27.0
0.0 110.41966 0.0574 0.0 27.0
0.0 98.15082 0.0575 5.0 25.0
1.8756582 101.78494 0.0575 5.0 25.0
1.8756582 101.78494 0.0576 0.0 26.0
5.209163 104.15406 0.0576 0.0 26.0
1.8756582 101.78494 0.0577 4.0 26.0
3.7513163 105.41907 0.0577 4.0 26.0
3.7513163 105.41907 0.0578 0.0 27.0
7.0848217 107.788185 0.0578 0.0 27.0
3.7513163 105.41907 0.0579 0.0 27.0
5.6269746 109.05319 0.0579 0.0 27.0
3.7513163 105.41907 0.0580 1.0 27.0
7.0848217 107.788185 0.0580 1.0 27.0
7.0848217 107.788185 0.0581 0.0 28.0
11.13362 108.36456 0.0581 0.0 28.0
7.0848217 107.788185 0.0582 0.0 28.0
10.418327 110.1573 0.0582 0.0 28.0
10.418327 110.1573 0.0583 0.0 29.0
14.467126 110.73368 0.0583 0.0 29.0
10.418327 110.1573 0.0584 0.0 29.0
13.751833 112.52642 0.0584 0.0 29.0
3.7513163 105.41907 0.0585 3.0 27.0
5.6269746 109.05319 0.0585 3.0 27.0
5.6269746 109.05319 0.0586 0.0 28.0
8.96048 111.42231 0.0586 0.0 28.0
5.6269746 109.05319 0.0587 2.0 28.0
7.5026326 112.68732 0.0587 2.0 28.0
7.5026326 112.68732 0.0588 0.0 29.0
10.836138 115.056435 0.0588 0.0 29.0
7.5026326 112.68732 0.0589 0.0 29.0
9.378291 116.32144 0.0589 0.0 29.0
7.5026326 112.68732 0.0590 1.0 29.0
10.836138 115.056435 0.0590 1.0 29.0
10.836138 115.056435 0.0591 0.0 30.0
14.884936 115.63281 0.0591 0.0 30.0
10.836138 115.056435 0.0592 0.0 30.0
14.169643 117.42555 0.0592 0.0 30.0
14.169643 117.42555 0.0593 0.0 31.0
18.218441 118.00193 0.0593 0.0 31.0
14.169643 117.42555 0.0594 0.0 31.0
17.503149 119.79467 0.0594 0.0 31.0
7.5026326 112.68732 0.0595 1.0 29.0
9.378291 116.32144 0.0595 1.0 29.0
9.378291 116.32144 0.0596 0.0 30.0
12.711796 118.69056 0.0596 0.0 30.0
9.378291 116.32144 0.0597 0.0 30.0
11.253949 119.95557 0.0597 0.0 30.0
11.253949 119.95557 0.0598 0.0 31.0
14.587454 122.324684 0.0598 0.0 31.0
11.253949 119.95557 0.0599 0.0 31.0
13.129607 123.58969 0.0599 0.0 31.0
0.0 98.15082 0.0600 5.0 25.0
0.0 102.24043 0.0600 5.0 25.0
0.0 102.24043 0.0601 0.0 26.0
1.8756582 105.87456 0.0601 0.0 26.0
0.0 102.24043 0.0602 4.0 26.0
0.0 106.33005 0.0602 4.0 26.0
0.0 106.33005 0.0603 0.0 27.0
1.8756582 109.96417 0.0603 0.0 27.0
0.0 106.33005 0.0604 0.0 27.0
0.0 110.41966 0.0604 0.0 27.0
0.0 106.33005 0.0605 1.0 27.0
1.8756582 109.96417 0.0605 1.0 27.0
1.8756582 109.96417 0.0606 0.0 28.0
5.209163 112.33329 0.0606 0.0 28.0
1.8756582 109.96417 0.0607 0.0 28.0
3.7513163 113.5983 0.0607 0.0 28.0
3.7513163 113.5983 0.0608 0.0 29.0
7.0848217 115.967415 0.0608 0.0 29.0
3.7513163 113.5983 0.0609 0.0 29.0
5.6269746 117.23242 0.0609 0.0 29.0
0.0 106.33005 0.0610 3.0 27.0
0.0 110.41966 0.0610 3.0 27.0
0.0 110.41966 0.0611 0.0 28.0
1.8756582 114.05379 0.0611 0.0 28.0
0.0 110.41966 0.0612 2.0 28.0
0.0 114.50928 0.0612 2.0 28.0
0.0 114.50928 0.0613 0.0 29.0
1.8756582 118.1434 0.0613 0.0 29.0
0.0 114.50928 0.0614 0.0 29.0
0.0 118.59889 0.0614 0.0 29.0
0.0 114.50928 0.0615 1.0 29.0
1.8756582 118.1434 0.0615 1.0 29.0
1.8756582 118.1434 0.0616 0.0 30.0
5.209163 120.51252 0.0616 0.0 30.0
1.8756582 118.1434 0.0617 0.0 30.0
3.7513163 121.77753 0.0617 0.0 30.0
3.7513163 121.77753 0.0618 0.0 31.0
7.0848217 124.146645 0.0618 0.0 31.0
3.7513163 121.77753 0.0619 0.0 31.0
5.6269746 125.41165 0.0619 0.0 31.0
0.0 114.50928 0.0620 1.0 29.0
0.0 118.59889 0.0620 1.0 29.0
0.0 118.59889 0.0621 0.0 30.0
1.8756582 122.23302 0.0621 0.0 30.0
0.0 118.59889 0.0622 0.0 30.0
0.0 122.68851 0.0622 0.0 30.0
0.0 122.68851 0.0623 0.0 31.0
1.8756582 126.32263 0.0623 0.0 31.0
0.0 122.68851 0.0624 0.0 31.0
0.0 126.77812 0.0624 0.0 31.0
