0.0 0.0 0.00 79.0 1.0
0.0 3.5818396 0.00 79.0 1.0
0.0 3.5818396 0.01 0.0 2.0
1.4298964 6.8658876 0.01 0.0 2.0
0.0 3.5818396 0.02 78.0 2.0
0.0 7.163679 0.02 78.0 2.0
0.0 7.163679 0.03 0.0 3.0
-1.4298964 10.447727 0.03 0.0 3.0
0.0 7.163679 0.04 77.0 3.0
0.0 10.745519 0.04 77.0 3.0
0.0 10.745519 0.05 1.0 4.0
1.4298964 14.029567 0.05 1.0 4.0
1.4298964 14.029567 0.06 0.0 5.0
4.051928 16.469757 0.06 0.0 5.0
1.4298964 14.029567 0.07 0.0 5.0
2.8597927 17.313614 0.07 0.0 5.0
2.8597927 17.313614 0.08 0.0 6.0
2.8597927 20.895454 0.08 0.0 6.0
2.8597927 17.313614 0.09 0.0 6.0
4.289689 20.597662 0.09 0.0 6.0
0.0 10.745519 0.010 76.0 4.0
0.0 14.327358 0.010 76.0 4.0
0.0 14.327358 0.011 0.0 5.0
1.4298964 17.611406 0.011 0.0 5.0
0.0 14.327358 0.012 75.0 5.0
0.0 17.909199 0.012 75.0 5.0
0.0 17.909199 0.013 0.0 6.0
-1.4298964 21.193247 0.013 0.0 6.0
0.0 17.909199 0.014 74.0 6.0
0.0 21.49104 0.014 74.0 6.0
0.0 21.49104 0.015 1.0 7.0
1.4298964 24.775087 0.015 1.0 7.0
1.4298964 24.775087 0.016 0.0 8.0
4.051928 27.215277 0.016 0.0 8.0
1.4298964 24.775087 0.017 0.0 8.0
2.8597927 28.059135 0.017 0.0 8.0
2.8597927 28.059135 0.018 0.0 9.0
2.8597927 31.640976 0.018 0.0 9.0
2.8597927 28.059135 0.019 0.0 9.0
4.289689 31.343184 0.019 0.0 9.0
0.0 21.49104 0.020 73.0 7.0
0.0 25.07288 0.020 73.0 7.0
0.0 25.07288 0.021 0.0 8.0
1.4298964 28.356928 0.021 0.0 8.0
0.0 25.07288 0.022 72.0 8.0
0.0 28.65472 0.022 72.0 8.0
0.0 28.65472 0.023 0.0 9.0
-1.4298964 31.938768 0.023 0.0 9.0
0.0 28.65472 0.024 71.0 9.0
0.0 32.23656 0.024 71.0 9.0
0.0 32.23656 0.025 7.0 10.0
-1.4298964 35.520607 0.025 7.0 10.0
-1.4298964 35.520607 0.026 0.0 11.0
-1.4298964 39.102448 0.026 0.0 11.0
-1.4298964 35.520607 0.027 6.0 11.0
-2.8597927 38.804653 0.027 6.0 11.0
-2.8597927 38.804653 0.028 0.0 12.0
-5.4818244 41.244843 0.028 0.0 12.0
-2.8597927 38.804653 0.029 5.0 12.0
-4.289689 42.0887 0.029 5.0 12.0
-4.289689 42.0887 0.030 1.0 13.0
-4.289689 45.67054 0.030 1.0 13.0
-4.289689 45.67054 0.031 0.0 14.0
-2.8597927 48.954586 0.031 0.0 14.0
-4.289689 45.67054 0.032 0.0 14.0
-4.289689 49.25238 0.032 0.0 14.0
-4.289689 49.25238 0.033 0.0 15.0
-5.7195854 52.536427 0.033 0.0 15.0
-4.289689 49.25238 0.034 0.0 15.0
-4.289689 52.83422 0.034 0.0 15.0
-4.289689 42.0887 0.035 4.0 13.0
-5.7195854 45.372746 0.035 4.0 13.0
-5.7195854 45.372746 0.036 0.0 14.0
-5.7195854 48.954586 0.036 0.0 14.0
-5.7195854 45.372746 0.037 3.0 14.0
-7.149482 48.65679 0.037 3.0 14.0
-7.149482 48.65679 0.038 0.0 15.0
-9.771513 51.09698 0.038 0.0 15.0
-7.149482 48.65679 0.039 2.0 15.0
-8.579378 51.940838 0.039 2.0 15.0
-8.579378 51.940838 0.040 1.0 16.0
-8.579378 55.52268 0.040 1.0 16.0
-8.579378 55.52268 0.041 0.0 17.0
-7.149482 58.806725 0.041 0.0 17.0
-8.579378 55.52268 0.042 0.0 17.0
-8.579378 59.10452 0.042 0.0 17.0
-8.579378 59.10452 0.043 0.0 18.0
-10.0092745 62.388565 0.043 0.0 18.0
-8.579378 59.10452 0.044 0.0 18.0
-8.579378 62.68636 0.044 0.0 18.0
-8.579378 51.940838 0.045 1.0 16.0
-10.0092745 55.224884 0.045 1.0 16.0
-10.0092745 55.224884 0.046 0.0 17.0
-10.0092745 58.806725 0.046 0.0 17.0
-10.0092745 55.224884 0.047 0.0 17.0
-11.439171 58.50893 0.047 0.0 17.0
-11.439171 58.50893 0.048 0.0 18.0
-14.061203 60.94912 0.048 0.0 18.0
-11.439171 58.50893 0.049 0.0 18.0
-12.869067 61.792976 0.049 0.0 18.0
0.0 32.23656 0.050 70.0 10.0
0.0 35.8184 0.050 70.0 10.0
0.0 35.8184 0.051 0.0 11.0
1.4298964 39.102448 0.051 0.0 11.0
0.0 35.8184 0.052 69.0 11.0
0.0 39.40024 0.052 69.0 11.0
0.0 39.40024 0.053 0.0 12.0
-1.4298964 42.684288 0.053 0.0 12.0
0.0 39.40024 0.054 68.0 12.0
0.0 42.982082 0.054 68.0 12.0
0.0 42.982082 0.055 1.0 13.0
1.4298964 46.26613 0.055 1.0 13.0
1.4298964 46.26613 0.056 0.0 14.0
4.051928 48.706318 0.056 0.0 14.0
1.4298964 46.26613 0.057 0.0 14.0
2.8597927 49.550175 0.057 0.0 14.0
2.8597927 49.550175 0.058 0.0 15.0
2.8597927 53.132015 0.058 0.0 15.0
2.8597927 49.550175 0.059 0.0 15.0
4.289689 52.83422 0.059 0.0 15.0
0.0 42.982082 0.060 67.0 13.0
0.0 46.563923 0.060 67.0 13.0
0.0 46.563923 0.061 0.0 14.0
1.4298964 49.84797 0.061 0.0 14.0
0.0 46.563923 0.062 66.0 14.0
0.0 50.145763 0.062 66.0 14.0
0.0 50.145763 0.063 0.0 15.0
-1.4298964 53.42981 0.063 0.0 15.0
0.0 50.145763 0.064 65.0 15.0
0.0 53.727604 0.064 65.0 15.0
0.0 53.727604 0.065 1.0 16.0
1.4298964 57.01165 0.065 1.0 16.0
1.4298964 57.01165 0.066 0.0 17.0
4.051928 59.45184 0.066 0.0 17.0
1.4298964 57.01165 0.067 0.0 17.0
2.8597927 60.295696 0.067 0.0 17.0
2.8597927 60.295696 0.068 0.0 18.0
2.8597927 63.877537 0.068 0.0 18.0
2.8597927 60.295696 0.069 0.0 18.0
4.289689 63.579742 0.069 0.0 18.0
0.0 53.727604 0.070 64.0 16.0
0.0 57.309444 0.070 64.0 16.0
0.0 57.309444 0.071 0.0 17.0
1.4298964 60.59349 0.071 0.0 17.0
0.0 57.309444 0.072 63.0 17.0
0.0 60.891285 0.072 63.0 17.0
0.0 60.891285 0.073 0.0 18.0
-1.4298964 64.17533 0.073 0.0 18.0
0.0 60.891285 0.074 62.0 18.0
0.0 64.47312 0.074 62.0 18.0
0.0 64.47312 0.075 7.0 19.0
1.4298964 67.75717 0.075 7.0 19.0
1.4298964 67.75717 0.076 0.0 20.0
4.051928 70.19736 0.076 0.0 20.0
1.4298964 67.75717 0.077 6.0 20.0
2.8597927 71.04122 0.077 6.0 20.0
2.8597927 71.04122 0.078 0.0 21.0
2.8597927 74.62306 0.078 0.0 21.0
2.8597927 71.04122 0.079 5.0 21.0
4.289689 74.32527 0.079 5.0 21.0
4.289689 74.32527 0.080 1.0 22.0
6.9117208 76.76546 0.080 1.0 22.0
6.9117208 76.76546 0.081 0.0 23.0
10.2899 77.95604 0.081 0.0 23.0
6.9117208 76.76546 0.082 0.0 23.0
9.533752 79.20564 0.082 0.0 23.0
9.533752 79.20564 0.083 0.0 24.0
10.963649 82.48969 0.083 0.0 24.0
9.533752 79.20564 0.084 0.0 24.0
12.155785 81.64583 0.084 0.0 24.0
4.289689 74.32527 0.085 4.0 22.0
5.7195854 77.60932 0.085 4.0 22.0
5.7195854 77.60932 0.086 0.0 23.0
8.341618 80.049515 0.086 0.0 23.0
5.7195854 77.60932 0.087 3.0 23.0
7.149482 80.89337 0.087 3.0 23.0
7.149482 80.89337 0.088 0.0 24.0
7.149482 84.47521 0.088 0.0 24.0
7.149482 80.89337 0.089 2.0 24.0
8.579378 84.17742 0.089 2.0 24.0
8.579378 84.17742 0.090 1.0 25.0
11.20141 86.617615 0.090 1.0 25.0
11.20141 86.617615 0.091 0.0 26.0
14.57959 87.8082 0.091 0.0 26.0
11.20141 86.617615 0.092 0.0 26.0
13.823442 89.0578 0.092 0.0 26.0
13.823442 89.0578 0.093 0.0 27.0
15.253339 92.34185 0.093 0.0 27.0
13.823442 89.0578 0.094 0.0 27.0
16.445475 91.497986 0.094 0.0 27.0
8.579378 84.17742 0.095 1.0 25.0
10.0092745 87.46147 0.095 1.0 25.0
10.0092745 87.46147 0.096 0.0 26.0
12.631306 89.90166 0.096 0.0 26.0
10.0092745 87.46147 0.097 0.0 26.0
11.439171 90.74552 0.097 0.0 26.0
11.439171 90.74552 0.098 0.0 27.0
11.439171 94.32736 0.098 0.0 27.0
11.439171 90.74552 0.099 0.0 27.0
12.869067 94.02957 0.099 0.0 27.0
0.0 64.47312 0.0100 61.0 19.0
0.0 68.05496 0.0100 61.0 19.0
0.0 68.05496 0.0101 0.0 20.0
1.4298964 71.33901 0.0101 0.0 20.0
0.0 68.05496 0.0102 60.0 20.0
0.0 71.6368 0.0102 60.0 20.0
0.0 71.6368 0.0103 0.0 21.0
-1.4298964 74.92085 0.0103 0.0 21.0
0.0 71.6368 0.0104 59.0 21.0
0.0 75.21864 0.0104 59.0 21.0
0.0 75.21864 0.0105 1.0 22.0
1.4298964 78.50269 0.0105 1.0 22.0
1.4298964 78.50269 0.0106 0.0 23.0
4.051928 80.94289 0.0106 0.0 23.0
1.4298964 78.50269 0.0107 0.0 23.0
2.8597927 81.78674 0.0107 0.0 23.0
2.8597927 81.78674 0.0108 0.0 24.0
2.8597927 85.36858 0.0108 0.0 24.0
2.8597927 81.78674 0.0109 0.0 24.0
4.289689 85.07079 0.0109 0.0 24.0
0.0 75.21864 0.0110 58.0 22.0
0.0 78.80048 0.0110 58.0 22.0
0.0 78.80048 0.0111 0.0 23.0
1.4298964 82.08453 0.0111 0.0 23.0
0.0 78.80048 0.0112 57.0 23.0
0.0 82.382324 0.0112 57.0 23.0
0.0 82.382324 0.0113 0.0 24.0
-1.4298964 85.666374 0.0113 0.0 24.0
0.0 82.382324 0.0114 56.0 24.0
0.0 85.964165 0.0114 56.0 24.0
0.0 85.964165 0.0115 1.0 25.0
1.4298964 89.248215 0.0115 1.0 25.0
1.4298964 89.248215 0.0116 0.0 26.0
4.051928 91.6884 0.0116 0.0 26.0
1.4298964 89.248215 0.0117 0.0 26.0
2.8597927 92.532265 0.0117 0.0 26.0
2.8597927 92.532265 0.0118 0.0 27.0
2.8597927 96.114105 0.0118 0.0 27.0
2.8597927 92.532265 0.0119 0.0 27.0
4.289689 95.816315 0.0119 0.0 27.0
0.0 85.964165 0.0120 55.0 25.0
0.0 89.546005 0.0120 55.0 25.0
0.0 89.546005 0.0121 0.0 26.0
1.4298964 92.830055 0.0121 0.0 26.0
0.0 89.546005 0.0122 54.0 26.0
0.0 93.127846 0.0122 54.0 26.0
0.0 93.127846 0.0123 0.0 27.0
-1.4298964 96.411896 0.0123 0.0 27.0
0.0 93.127846 0.0124 53.0 27.0
0.0 96.70969 0.0124 53.0 27.0
0.0 96.70969 0.0125 25.0 28.0
-1.4298964 99.99374 0.0125 25.0 28.0
-1.4298964 99.99374 0.0126 0.0 29.0
-1.4298964 103.57558 0.0126 0.0 29.0
-1.4298964 99.99374 0.0127 24.0 29.0
-2.8597927 103.27779 0.0127 24.0 29.0
-2.8597927 103.27779 0.0128 0.0 30.0
-5.4818244 105.71797 0.0128 0.0 30.0
-2.8597927 103.27779 0.0129 23.0 30.0
-4.289689 106.56184 0.0129 23.0 30.0
-4.289689 106.56184 0.0130 1.0 31.0
-4.289689 110.14368 0.0130 1.0 31.0
-4.289689 110.14368 0.0131 0.0 32.0
-2.8597927 113.42773 0.0131 0.0 32.0
-4.289689 110.14368 0.0132 0.0 32.0
-4.289689 113.72552 0.0132 0.0 32.0
-4.289689 113.72552 0.0133 0.0 33.0
-5.7195854 117.00957 0.0133 0.0 33.0
-4.289689 113.72552 0.0134 0.0 33.0
-4.289689 117.30736 0.0134 0.0 33.0
-4.289689 106.56184 0.0135 22.0 31.0
-5.7195854 109.84589 0.0135 22.0 31.0
-5.7195854 109.84589 0.0136 0.0 32.0
-5.7195854 113.42773 0.0136 0.0 32.0
-5.7195854 109.84589 0.0137 21.0 32.0
-7.149482 113.12994 0.0137 21.0 32.0
-7.149482 113.12994 0.0138 0.0 33.0
-9.771513 115.57013 0.0138 0.0 33.0
-7.149482 113.12994 0.0139 20.0 33.0
-8.579378 116.41399 0.0139 20.0 33.0
-8.579378 116.41399 0.0140 1.0 34.0
-8.579378 119.99583 0.0140 1.0 34.0
-8.579378 119.99583 0.0141 0.0 35.0
-7.149482 123.27988 0.0141 0.0 35.0
-8.579378 119.99583 0.0142 0.0 35.0
-8.579378 123.57767 0.0142 0.0 35.0
-8.579378 123.57767 0.0143 0.0 36.0
-10.0092745 126.86172 0.0143 0.0 36.0
-8.579378 123.57767 0.0144 0.0 36.0
-8.579378 127.15951 0.0144 0.0 36.0
-8.579378 116.41399 0.0145 19.0 34.0
-10.0092745 119.69804 0.0145 19.0 34.0
-10.0092745 119.69804 0.0146 0.0 35.0
-10.0092745 123.27988 0.0146 0.0 35.0
-10.0092745 119.69804 0.0147 18.0 35.0
-11.439171 122.982086 0.0147 18.0 35.0
-11.439171 122.982086 0.0148 0.0 36.0
-14.061203 125.42227 0.0148 0.0 36.0
-11.439171 122.982086 0.0149 17.0 36.0
-12.869067 126.266136 0.0149 17.0 36.0
-12.869067 126.266136 0.0150 7.0 37.0
-15.491098 128.70633 0.0150 7.0 37.0
-15.491098 128.70633 0.0151 0.0 38.0
-16.920994 131.99037 0.0151 0.0 38.0
-15.491098 128.70633 0.0152 6.0 38.0
-18.11313 131.14651 0.0152 6.0 38.0
-18.11313 131.14651 0.0153 0.0 39.0
-21.49131 132.3371 0.0153 0.0 39.0
-18.11313 131.14651 0.0154 5.0 39.0
-20.735163 133.5867 0.0154 5.0 39.0
-20.735163 133.5867 0.0155 1.0 40.0
-22.165058 136.87074 0.0155 1.0 40.0
-22.165058 136.87074 0.0156 0.0 41.0
-22.165058 140.45258 0.0156 0.0 41.0
-22.165058 136.87074 0.0157 0.0 41.0
-23.594955 140.15479 0.0157 0.0 41.0
-23.594955 140.15479 0.0158 0.0 42.0
-26.216988 142.59497 0.0158 0.0 42.0
-23.594955 140.15479 0.0159 0.0 42.0
-25.024853 143.43883 0.0159 0.0 42.0
-20.735163 133.5867 0.0160 4.0 40.0
-23.357195 136.02689 0.0160 4.0 40.0
-23.357195 136.02689 0.0161 0.0 41.0
-24.78709 139.31093 0.0161 0.0 41.0
-23.357195 136.02689 0.0162 3.0 41.0
-25.979227 138.46707 0.0162 3.0 41.0
-25.979227 138.46707 0.0163 0.0 42.0
-29.357407 139.65765 0.0163 0.0 42.0
-25.979227 138.46707 0.0164 2.0 42.0
-28.60126 140.90726 0.0164 2.0 42.0
-28.60126 140.90726 0.0165 1.0 43.0
-30.031155 144.1913 0.0165 1.0 43.0
-30.031155 144.1913 0.0166 0.0 44.0
-30.031155 147.77313 0.0166 0.0 44.0
-30.031155 144.1913 0.0167 0.0 44.0
-31.461052 147.47534 0.0167 0.0 44.0
-31.461052 147.47534 0.0168 0.0 45.0
-34.083084 149.91553 0.0168 0.0 45.0
-31.461052 147.47534 0.0169 0.0 45.0
-32.89095 150.75938 0.0169 0.0 45.0
-28.60126 140.90726 0.0170 1.0 43.0
-31.223291 143.34744 0.0170 1.0 43.0
-31.223291 143.34744 0.0171 0.0 44.0
-32.653187 146.63148 0.0171 0.0 44.0
-31.223291 143.34744 0.0172 0.0 44.0
-33.84532 145.78763 0.0172 0.0 44.0
-33.84532 145.78763 0.0173 0.0 45.0
-37.2235 146.97821 0.0173 0.0 45.0
-33.84532 145.78763 0.0174 0.0 45.0
-36.467354 148.22781 0.0174 0.0 45.0
-12.869067 126.266136 0.0175 16.0 37.0
-14.298964 129.55019 0.0175 16.0 37.0
-14.298964 129.55019 0.0176 0.0 38.0
-14.298964 133.13202 0.0176 0.0 38.0
-14.298964 129.55019 0.0177 15.0 38.0
-15.72886 132.83423 0.0177 15.0 38.0
-15.72886 132.83423 0.0178 0.0 39.0
-18.350891 135.27441 0.0178 0.0 39.0
-15.72886 132.83423 0.0179 14.0 39.0
-17.158756 136.11827 0.0179 14.0 39.0
-17.158756 136.11827 0.0180 1.0 40.0
-17.158756 139.7001 0.0180 1.0 40.0
-17.158756 139.7001 0.0181 0.0 41.0
-15.72886 142.98415 0.0181 0.0 41.0
-17.158756 139.7001 0.0182 0.0 41.0
-17.158756 143.28194 0.0182 0.0 41.0
-17.158756 143.28194 0.0183 0.0 42.0
-18.588654 146.56598 0.0183 0.0 42.0
-17.158756 143.28194 0.0184 0.0 42.0
-17.158756 146.86377 0.0184 0.0 42.0
-17.158756 136.11827 0.0185 13.0 40.0
-18.588654 139.40231 0.0185 13.0 40.0
-18.588654 139.40231 0.0186 0.0 41.0
-18.588654 142.98415 0.0186 0.0 41.0
-18.588654 139.40231 0.0187 12.0 41.0
-20.01855 142.68636 0.0187 12.0 41.0
-20.01855 142.68636 0.0188 0.0 42.0
-22.640583 145.12654 0.0188 0.0 42.0
-20.01855 142.68636 0.0189 11.0 42.0
-21.448448 145.9704 0.0189 11.0 42.0
-21.448448 145.9704 0.0190 1.0 43.0
-21.448448 149.55223 0.0190 1.0 43.0
-21.448448 149.55223 0.0191 0.0 44.0
-20.01855 152.83627 0.0191 0.0 44.0
-21.448448 149.55223 0.0192 0.0 44.0
-21.448448 153.13406 0.0192 0.0 44.0
-21.448448 153.13406 0.0193 0.0 45.0
-22.878345 156.4181 0.0193 0.0 45.0
-21.448448 153.13406 0.0194 0.0 45.0
-21.448448 156.7159 0.0194 0.0 45.0
-21.448448 145.9704 0.0195 10.0 43.0
-22.878345 149.25444 0.0195 10.0 43.0
-22.878345 149.25444 0.0196 0.0 44.0
-22.878345 152.83627 0.0196 0.0 44.0
-22.878345 149.25444 0.0197 9.0 44.0
-24.308243 152.53848 0.0197 9.0 44.0
-24.308243 152.53848 0.0198 0.0 45.0
-26.930275 154.97867 0.0198 0.0 45.0
-24.308243 152.53848 0.0199 8.0 45.0
-25.73814 155.82253 0.0199 8.0 45.0
-25.73814 155.82253 0.0200 7.0 46.0
-25.73814 159.40436 0.0200 7.0 46.0
-25.73814 159.40436 0.0201 0.0 47.0
-24.308243 162.6884 0.0201 0.0 47.0
-25.73814 159.40436 0.0202 6.0 47.0
-25.73814 162.98619 0.0202 6.0 47.0
-25.73814 162.98619 0.0203 0.0 48.0
-27.168037 166.27023 0.0203 0.0 48.0
-25.73814 162.98619 0.0204 5.0 48.0
-25.73814 166.56802 0.0204 5.0 48.0
-25.73814 166.56802 0.0205 1.0 49.0
-24.308243 169.85207 0.0205 1.0 49.0
-24.308243 169.85207 0.0206 0.0 50.0
-21.68621 172.29225 0.0206 0.0 50.0
-24.308243 169.85207 0.0207 0.0 50.0
-22.878345 173.13611 0.0207 0.0 50.0
-22.878345 173.13611 0.0208 0.0 51.0
-22.878345 176.71794 0.0208 0.0 51.0
-22.878345 173.13611 0.0209 0.0 51.0
-21.448448 176.42015 0.0209 0.0 51.0
-25.73814 166.56802 0.0210 4.0 49.0
-25.73814 170.14986 0.0210 4.0 49.0
-25.73814 170.14986 0.0211 0.0 50.0
-24.308243 173.4339 0.0211 0.0 50.0
-25.73814 170.14986 0.0212 3.0 50.0
-25.73814 173.73169 0.0212 3.0 50.0
-25.73814 173.73169 0.0213 0.0 51.0
-27.168037 177.01573 0.0213 0.0 51.0
-25.73814 173.73169 0.0214 2.0 51.0
-25.73814 177.31352 0.0214 2.0 51.0
-25.73814 177.31352 0.0215 1.0 52.0
-24.308243 180.59756 0.0215 1.0 52.0
-24.308243 180.59756 0.0216 0.0 53.0
-21.68621 183.03775 0.0216 0.0 53.0
-24.308243 180.59756 0.0217 0.0 53.0
-22.878345 183.8816 0.0217 0.0 53.0
-22.878345 183.8816 0.0218 0.0 54.0
-22.878345 187.46344 0.0218 0.0 54.0
-22.878345 183.8816 0.0219 0.0 54.0
-21.448448 187.16565 0.0219 0.0 54.0
-25.73814 177.31352 0.0220 1.0 52.0
-25.73814 180.89536 0.0220 1.0 52.0
-25.73814 180.89536 0.0221 0.0 53.0
-24.308243 184.1794 0.0221 0.0 53.0
-25.73814 180.89536 0.0222 0.0 53.0
-25.73814 184.47719 0.0222 0.0 53.0
-25.73814 184.47719 0.0223 0.0 54.0
-27.168037 187.76123 0.0223 0.0 54.0
-25.73814 184.47719 0.0224 0.0 54.0
-25.73814 188.05902 0.0224 0.0 54.0
-25.73814 155.82253 0.0225 7.0 46.0
-27.168037 159.10657 0.0225 7.0 46.0
-27.168037 159.10657 0.0226 0.0 47.0
-27.168037 162.6884 0.0226 0.0 47.0
-27.168037 159.10657 0.0227 6.0 47.0
-28.597935 162.39061 0.0227 6.0 47.0
-28.597935 162.39061 0.0228 0.0 48.0
-31.219967 164.8308 0.0228 0.0 48.0
-28.597935 162.39061 0.0229 5.0 48.0
-30.027832 165.67465 0.0229 5.0 48.0
-30.027832 165.67465 0.0230 1.0 49.0
-30.027832 169.25648 0.0230 1.0 49.0
-30.027832 169.25648 0.0231 0.0 50.0
-28.597935 172.54053 0.0231 0.0 50.0
-30.027832 169.25648 0.0232 0.0 50.0
-30.027832 172.83832 0.0232 0.0 50.0
-30.027832 172.83832 0.0233 0.0 51.0
-31.45773 176.12236 0.0233 0.0 51.0
-30.027832 172.83832 0.0234 0.0 51.0
-30.027832 176.42015 0.0234 0.0 51.0
-30.027832 165.67465 0.0235 4.0 49.0
-31.45773 168.9587 0.0235 4.0 49.0
-31.45773 168.9587 0.0236 0.0 50.0
-31.45773 172.54053 0.0236 0.0 50.0
-31.45773 168.9587 0.0237 3.0 50.0
-32.887627 172.24274 0.0237 3.0 50.0
-32.887627 172.24274 0.0238 0.0 51.0
-35.50966 174.68292 0.0238 0.0 51.0
-32.887627 172.24274 0.0239 2.0 51.0
-34.317524 175.52678 0.0239 2.0 51.0
-34.317524 175.52678 0.0240 1.0 52.0
-34.317524 179.10861 0.0240 1.0 52.0
-34.317524 179.10861 0.0241 0.0 53.0
-32.887627 182.39265 0.0241 0.0 53.0
-34.317524 179.10861 0.0242 0.0 53.0
-34.317524 182.69044 0.0242 0.0 53.0
-34.317524 182.69044 0.0243 0.0 54.0
-35.74742 185.97449 0.0243 0.0 54.0
-34.317524 182.69044 0.0244 0.0 54.0
-34.317524 186.27228 0.0244 0.0 54.0
-34.317524 175.52678 0.0245 1.0 52.0
-35.74742 178.81082 0.0245 1.0 52.0
-35.74742 178.81082 0.0246 0.0 53.0
-35.74742 182.39265 0.0246 0.0 53.0
-35.74742 178.81082 0.0247 0.0 53.0
-37.17732 182.09486 0.0247 0.0 53.0
-37.17732 182.09486 0.0248 0.0 54.0
-39.79935 184.53505 0.0248 0.0 54.0
-37.17732 182.09486 0.0249 0.0 54.0
-38.607216 185.3789 0.0249 0.0 54.0
0.0 96.70969 0.0250 52.0 28.0
0.0 100.29153 0.0250 52.0 28.0
0.0 100.29153 0.0251 0.0 29.0
1.4298964 103.57558 0.0251 0.0 29.0
0.0 100.29153 0.0252 51.0 29.0
0.0 103.87337 0.0252 51.0 29.0
0.0 103.87337 0.0253 0.0 30.0
-1.4298964 107.15742 0.0253 0.0 30.0
0.0 103.87337 0.0254 50.0 30.0
0.0 107.45521 0.0254 50.0 30.0
0.0 107.45521 0.0255 1.0 31.0
1.4298964 110.73926 0.0255 1.0 31.0
1.4298964 110.73926 0.0256 0.0 32.0
4.051928 113.17944 0.0256 0.0 32.0
1.4298964 110.73926 0.0257 0.0 32.0
2.8597927 114.02331 0.0257 0.0 32.0
2.8597927 114.02331 0.0258 0.0 33.0
2.8597927 117.60515 0.0258 0.0 33.0
2.8597927 114.02331 0.0259 0.0 33.0
4.289689 117.30736 0.0259 0.0 33.0
0.0 107.45521 0.0260 49.0 31.0
0.0 111.03705 0.0260 49.0 31.0
0.0 111.03705 0.0261 0.0 32.0
1.4298964 114.3211 0.0261 0.0 32.0
0.0 111.03705 0.0262 48.0 32.0
0.0 114.61889 0.0262 48.0 32.0
0.0 114.61889 0.0263 0.0 33.0
-1.4298964 117.90294 0.0263 0.0 33.0
0.0 114.61889 0.0264 47.0 33.0
0.0 118.20073 0.0264 47.0 33.0
0.0 118.20073 0.0265 1.0 34.0
1.4298964 121.48478 0.0265 1.0 34.0
1.4298964 121.48478 0.0266 0.0 35.0
4.051928 123.92497 0.0266 0.0 35.0
1.4298964 121.48478 0.0267 0.0 35.0
2.8597927 124.76883 0.0267 0.0 35.0
2.8597927 124.76883 0.0268 0.0 36.0
2.8597927 128.35066 0.0268 0.0 36.0
2.8597927 124.76883 0.0269 0.0 36.0
4.289689 128.05287 0.0269 0.0 36.0
0.0 118.20073 0.0270 46.0 34.0
0.0 121.78257 0.0270 46.0 34.0
0.0 121.78257 0.0271 0.0 35.0
1.4298964 125.06662 0.0271 0.0 35.0
0.0 121.78257 0.0272 45.0 35.0
0.0 125.36441 0.0272 45.0 35.0
0.0 125.36441 0.0273 0.0 36.0
-1.4298964 128.64845 0.0273 0.0 36.0
0.0 125.36441 0.0274 44.0 36.0
0.0 128.94624 0.0274 44.0 36.0
0.0 128.94624 0.0275 7.0 37.0
-1.4298964 132.23029 0.0275 7.0 37.0
-1.4298964 132.23029 0.0276 0.0 38.0
-1.4298964 135.81212 0.0276 0.0 38.0
-1.4298964 132.23029 0.0277 6.0 38.0
-2.8597927 135.51433 0.0277 6.0 38.0
-2.8597927 135.51433 0.0278 0.0 39.0
-5.4818244 137.95451 0.0278 0.0 39.0
-2.8597927 135.51433 0.0279 5.0 39.0
-4.289689 138.79837 0.0279 5.0 39.0
-4.289689 138.79837 0.0280 1.0 40.0
-4.289689 142.3802 0.0280 1.0 40.0
-4.289689 142.3802 0.0281 0.0 41.0
-2.8597927 145.66425 0.0281 0.0 41.0
-4.289689 142.3802 0.0282 0.0 41.0
-4.289689 145.96204 0.0282 0.0 41.0
-4.289689 145.96204 0.0283 0.0 42.0
-5.7195854 149.24608 0.0283 0.0 42.0
-4.289689 145.96204 0.0284 0.0 42.0
-4.289689 149.54387 0.0284 0.0 42.0
-4.289689 138.79837 0.0285 4.0 40.0
-5.7195854 142.08241 0.0285 4.0 40.0
-5.7195854 142.08241 0.0286 0.0 41.0
-5.7195854 145.66425 0.0286 0.0 41.0
-5.7195854 142.08241 0.0287 3.0 41.0
-7.149482 145.36646 0.0287 3.0 41.0
-7.149482 145.36646 0.0288 0.0 42.0
-9.771513 147.80664 0.0288 0.0 42.0
-7.149482 145.36646 0.0289 2.0 42.0
-8.579378 148.6505 0.0289 2.0 42.0
-8.579378 148.6505 0.0290 1.0 43.0
-8.579378 152.23233 0.0290 1.0 43.0
-8.579378 152.23233 0.0291 0.0 44.0
-7.149482 155.51637 0.0291 0.0 44.0
-8.579378 152.23233 0.0292 0.0 44.0
-8.579378 155.81416 0.0292 0.0 44.0
-8.579378 155.81416 0.0293 0.0 45.0
-10.0092745 159.0982 0.0293 0.0 45.0
-8.579378 155.81416 0.0294 0.0 45.0
-8.579378 159.396 0.0294 0.0 45.0
-8.579378 148.6505 0.0295 1.0 43.0
-10.0092745 151.93454 0.0295 1.0 43.0
-10.0092745 151.93454 0.0296 0.0 44.0
-10.0092745 155.51637 0.0296 0.0 44.0
-10.0092745 151.93454 0.0297 0.0 44.0
-11.439171 155.21858 0.0297 0.0 44.0
-11.439171 155.21858 0.0298 0.0 45.0
-14.061203 157.65877 0.0298 0.0 45.0
-11.439171 155.21858 0.0299 0.0 45.0
-12.869067 158.50262 0.0299 0.0 45.0
0.0 128.94624 0.0300 43.0 37.0
0.0 132.52808 0.0300 43.0 37.0
0.0 132.52808 0.0301 0.0 38.0
1.4298964 135.81212 0.0301 0.0 38.0
0.0 132.52808 0.0302 42.0 38.0
0.0 136.10991 0.0302 42.0 38.0
0.0 136.10991 0.0303 0.0 39.0
-1.4298964 139.39395 0.0303 0.0 39.0
0.0 136.10991 0.0304 41.0 39.0
0.0 139.69174 0.0304 41.0 39.0
0.0 139.69174 0.0305 1.0 40.0
1.4298964 142.97578 0.0305 1.0 40.0
1.4298964 142.97578 0.0306 0.0 41.0
4.051928 145.41597 0.0306 0.0 41.0
1.4298964 142.97578 0.0307 0.0 41.0
2.8597927 146.25983 0.0307 0.0 41.0
2.8597927 146.25983 0.0308 0.0 42.0
2.8597927 149.84166 0.0308 0.0 42.0
2.8597927 146.25983 0.0309 0.0 42.0
4.289689 149.54387 0.0309 0.0 42.0
0.0 139.69174 0.0310 40.0 40.0
0.0 143.27357 0.0310 40.0 40.0
0.0 143.27357 0.0311 0.0 41.0
1.4298964 146.55762 0.0311 0.0 41.0
0.0 143.27357 0.0312 39.0 41.0
0.0 146.85541 0.0312 39.0 41.0
0.0 146.85541 0.0313 0.0 42.0
-1.4298964 150.13945 0.0313 0.0 42.0
0.0 146.85541 0.0314 38.0 42.0
0.0 150.43724 0.0314 38.0 42.0
0.0 150.43724 0.0315 1.0 43.0
1.4298964 153.72128 0.0315 1.0 43.0
1.4298964 153.72128 0.0316 0.0 44.0
4.051928 156.16147 0.0316 0.0 44.0
1.4298964 153.72128 0.0317 0.0 44.0
2.8597927 157.00533 0.0317 0.0 44.0
2.8597927 157.00533 0.0318 0.0 45.0
2.8597927 160.58716 0.0318 0.0 45.0
2.8597927 157.00533 0.0319 0.0 45.0
4.289689 160.28937 0.0319 0.0 45.0
0.0 150.43724 0.0320 37.0 43.0
0.0 154.01907 0.0320 37.0 43.0
0.0 154.01907 0.0321 0.0 44.0
1.4298964 157.30312 0.0321 0.0 44.0
0.0 154.01907 0.0322 36.0 44.0
0.0 157.6009 0.0322 36.0 44.0
0.0 157.6009 0.0323 0.0 45.0
-1.4298964 160.88495 0.0323 0.0 45.0
0.0 157.6009 0.0324 35.0 45.0
0.0 161.18274 0.0324 35.0 45.0
0.0 161.18274 0.0325 7.0 46.0
1.4298964 164.46678 0.0325 7.0 46.0
1.4298964 164.46678 0.0326 0.0 47.0
4.051928 166.90697 0.0326 0.0 47.0
1.4298964 164.46678 0.0327 6.0 47.0
2.8597927 167.75082 0.0327 6.0 47.0
2.8597927 167.75082 0.0328 0.0 48.0
2.8597927 171.33266 0.0328 0.0 48.0
2.8597927 167.75082 0.0329 5.0 48.0
4.289689 171.03487 0.0329 5.0 48.0
4.289689 171.03487 0.0330 1.0 49.0
6.9117208 173.47505 0.0330 1.0 49.0
6.9117208 173.47505 0.0331 0.0 50.0
10.2899 174.66563 0.0331 0.0 50.0
6.9117208 173.47505 0.0332 0.0 50.0
9.533752 175.91524 0.0332 0.0 50.0
9.533752 175.91524 0.0333 0.0 51.0
10.963649 179.19928 0.0333 0.0 51.0
9.533752 175.91524 0.0334 0.0 51.0
12.155785 178.35542 0.0334 0.0 51.0
4.289689 171.03487 0.0335 4.0 49.0
5.7195854 174.31891 0.0335 4.0 49.0
5.7195854 174.31891 0.0336 0.0 50.0
8.341618 176.7591 0.0336 0.0 50.0
5.7195854 174.31891 0.0337 3.0 50.0
7.149482 177.60295 0.0337 3.0 50.0
7.149482 177.60295 0.0338 0.0 51.0
7.149482 181.18478 0.0338 0.0 51.0
7.149482 177.60295 0.0339 2.0 51.0
8.579378 180.887 0.0339 2.0 51.0
8.579378 180.887 0.0340 1.0 52.0
11.20141 183.32718 0.0340 1.0 52.0
11.20141 183.32718 0.0341 0.0 53.0
14.57959 184.51776 0.0341 0.0 53.0
11.20141 183.32718 0.0342 0.0 53.0
13.823442 185.76736 0.0342 0.0 53.0
13.823442 185.76736 0.0343 0.0 54.0
15.253339 189.0514 0.0343 0.0 54.0
13.823442 185.76736 0.0344 0.0 54.0
16.445475 188.20755 0.0344 0.0 54.0
8.579378 180.887 0.0345 1.0 52.0
10.0092745 184.17104 0.0345 1.0 52.0
10.0092745 184.17104 0.0346 0.0 53.0
12.631306 186.61122 0.0346 0.0 53.0
10.0092745 184.17104 0.0347 0.0 53.0
11.439171 187.45508 0.0347 0.0 53.0
11.439171 187.45508 0.0348 0.0 54.0
11.439171 191.03691 0.0348 0.0 54.0
11.439171 187.45508 0.0349 0.0 54.0
12.869067 190.73912 0.0349 0.0 54.0
0.0 161.18274 0.0350 34.0 46.0
0.0 164.76457 0.0350 34.0 46.0
0.0 164.76457 0.0351 0.0 47.0
1.4298964 168.04861 0.0351 0.0 47.0
0.0 164.76457 0.0352 33.0 47.0
0.0 168.3464 0.0352 33.0 47.0
0.0 168.3464 0.0353 0.0 48.0
-1.4298964 171.63045 0.0353 0.0 48.0
0.0 168.3464 0.0354 32.0 48.0
0.0 171.92824 0.0354 32.0 48.0
0.0 171.92824 0.0355 1.0 49.0
1.4298964 175.21228 0.0355 1.0 49.0
1.4298964 175.21228 0.0356 0.0 50.0
4.051928 177.65247 0.0356 0.0 50.0
1.4298964 175.21228 0.0357 0.0 50.0
2.8597927 178.49632 0.0357 0.0 50.0
2.8597927 178.49632 0.0358 0.0 51.0
2.8597927 182.07816 0.0358 0.0 51.0
2.8597927 178.49632 0.0359 0.0 51.0
4.289689 181.78036 0.0359 0.0 51.0
0.0 171.92824 0.0360 31.0 49.0
0.0 175.51007 0.0360 31.0 49.0
0.0 175.51007 0.0361 0.0 50.0
1.4298964 178.79411 0.0361 0.0 50.0
0.0 175.51007 0.0362 30.0 50.0
0.0 179.0919 0.0362 30.0 50.0
0.0 179.0919 0.0363 0.0 51.0
-1.4298964 182.37595 0.0363 0.0 51.0
0.0 179.0919 0.0364 29.0 51.0
0.0 182.67374 0.0364 29.0 51.0
0.0 182.67374 0.0365 1.0 52.0
1.4298964 185.95778 0.0365 1.0 52.0
1.4298964 185.95778 0.0366 0.0 53.0
4.051928 188.39796 0.0366 0.0 53.0
1.4298964 185.95778 0.0367 0.0 53.0
2.8597927 189.24182 0.0367 0.0 53.0
2.8597927 189.24182 0.0368 0.0 54.0
2.8597927 192.82365 0.0368 0.0 54.0
2.8597927 189.24182 0.0369 0.0 54.0
4.289689 192.52586 0.0369 0.0 54.0
0.0 182.67374 0.0370 28.0 52.0
0.0 186.25557 0.0370 28.0 52.0
0.0 186.25557 0.0371 0.0 53.0
1.4298964 189.53961 0.0371 0.0 53.0
0.0 186.25557 0.0372 27.0 53.0
0.0 189.8374 0.0372 27.0 53.0
0.0 189.8374 0.0373 0.0 54.0
-1.4298964 193.12144 0.0373 0.0 54.0
0.0 189.8374 0.0374 26.0 54.0
0.0 193.41924 0.0374 26.0 54.0
0.0 193.41924 0.0375 25.0 55.0
1.4298964 196.70328 0.0375 25.0 55.0
1.4298964 196.70328 0.0376 0.0 56.0
4.051928 199.14346 0.0376 0.0 56.0
1.4298964 196.70328 0.0377 24.0 56.0
2.8597927 199.98732 0.0377 24.0 56.0
2.8597927 199.98732 0.0378 0.0 57.0
2.8597927 203.56915 0.0378 0.0 57.0
2.8597927 199.98732 0.0379 23.0 57.0
4.289689 203.27136 0.0379 23.0 57.0
4.289689 203.27136 0.0380 1.0 58.0
6.9117208 205.71155 0.0380 1.0 58.0
6.9117208 205.71155 0.0381 0.0 59.0
10.2899 206.90213 0.0381 0.0 59.0
6.9117208 205.71155 0.0382 0.0 59.0
9.533752 208.15173 0.0382 0.0 59.0
9.533752 208.15173 0.0383 0.0 60.0
10.963649 211.43578 0.0383 0.0 60.0
9.533752 208.15173 0.0384 0.0 60.0
12.155785 210.59192 0.0384 0.0 60.0
4.289689 203.27136 0.0385 22.0 58.0
5.7195854 206.5554 0.0385 22.0 58.0
5.7195854 206.5554 0.0386 0.0 59.0
8.341618 208.99559 0.0386 0.0 59.0
5.7195854 206.5554 0.0387 21.0 59.0
7.149482 209.83945 0.0387 21.0 59.0
7.149482 209.83945 0.0388 0.0 60.0
7.149482 213.42128 0.0388 0.0 60.0
7.149482 209.83945 0.0389 20.0 60.0
8.579378 213.12349 0.0389 20.0 60.0
8.579378 213.12349 0.0390 1.0 61.0
11.20141 215.56367 0.0390 1.0 61.0
11.20141 215.56367 0.0391 0.0 62.0
14.57959 216.75426 0.0391 0.0 62.0
11.20141 215.56367 0.0392 0.0 62.0
13.823442 218.00386 0.0392 0.0 62.0
13.823442 218.00386 0.0393 0.0 63.0
15.253339 221.2879 0.0393 0.0 63.0
13.823442 218.00386 0.0394 0.0 63.0
16.445475 220.44405 0.0394 0.0 63.0
8.579378 213.12349 0.0395 19.0 61.0
10.0092745 216.40753 0.0395 19.0 61.0
10.0092745 216.40753 0.0396 0.0 62.0
12.631306 218.84772 0.0396 0.0 62.0
10.0092745 216.40753 0.0397 18.0 62.0
11.439171 219.69157 0.0397 18.0 62.0
11.439171 219.69157 0.0398 0.0 63.0
11.439171 223.2734 0.0398 0.0 63.0
11.439171 219.69157 0.0399 17.0 63.0
12.869067 222.97562 0.0399 17.0 63.0
12.869067 222.97562 0.0400 7.0 64.0
12.869067 226.55745 0.0400 7.0 64.0
12.869067 226.55745 0.0401 0.0 65.0
14.298964 229.84149 0.0401 0.0 65.0
12.869067 226.55745 0.0402 6.0 65.0
12.869067 230.13928 0.0402 6.0 65.0
12.869067 230.13928 0.0403 0.0 66.0
11.439171 233.42332 0.0403 0.0 66.0
12.869067 230.13928 0.0404 5.0 66.0
12.869067 233.72112 0.0404 5.0 66.0
12.869067 233.72112 0.0405 1.0 67.0
14.298964 237.00516 0.0405 1.0 67.0
14.298964 237.00516 0.0406 0.0 68.0
16.920996 239.44534 0.0406 0.0 68.0
14.298964 237.00516 0.0407 0.0 68.0
15.72886 240.2892 0.0407 0.0 68.0
15.72886 240.2892 0.0408 0.0 69.0
15.72886 243.87103 0.0408 0.0 69.0
15.72886 240.2892 0.0409 0.0 69.0
17.158756 243.57324 0.0409 0.0 69.0
12.869067 233.72112 0.0410 4.0 67.0
12.869067 237.30295 0.0410 4.0 67.0
12.869067 237.30295 0.0411 0.0 68.0
14.298964 240.58699 0.0411 0.0 68.0
12.869067 237.30295 0.0412 3.0 68.0
12.869067 240.88478 0.0412 3.0 68.0
12.869067 240.88478 0.0413 0.0 69.0
11.439171 244.16882 0.0413 0.0 69.0
12.869067 240.88478 0.0414 2.0 69.0
12.869067 244.46661 0.0414 2.0 69.0
12.869067 244.46661 0.0415 1.0 70.0
14.298964 247.75066 0.0415 1.0 70.0
14.298964 247.75066 0.0416 0.0 71.0
16.920996 250.19084 0.0416 0.0 71.0
14.298964 247.75066 0.0417 0.0 71.0
15.72886 251.0347 0.0417 0.0 71.0
15.72886 251.0347 0.0418 0.0 72.0
15.72886 254.61653 0.0418 0.0 72.0
15.72886 251.0347 0.0419 0.0 72.0
17.158756 254.31874 0.0419 0.0 72.0
12.869067 244.46661 0.0420 1.0 70.0
12.869067 248.04845 0.0420 1.0 70.0
12.869067 248.04845 0.0421 0.0 71.0
14.298964 251.33249 0.0421 0.0 71.0
12.869067 248.04845 0.0422 0.0 71.0
12.869067 251.63028 0.0422 0.0 71.0
12.869067 251.63028 0.0423 0.0 72.0
11.439171 254.91432 0.0423 0.0 72.0
12.869067 251.63028 0.0424 0.0 72.0
12.869067 255.21211 0.0424 0.0 72.0
12.869067 222.97562 0.0425 16.0 64.0
14.298964 226.25966 0.0425 16.0 64.0
14.298964 226.25966 0.0426 0.0 65.0
16.920996 228.69984 0.0426 0.0 65.0
14.298964 226.25966 0.0427 15.0 65.0
15.72886 229.5437 0.0427 15.0 65.0
15.72886 229.5437 0.0428 0.0 66.0
15.72886 233.12553 0.0428 0.0 66.0
15.72886 229.5437 0.0429 14.0 66.0
17.158756 232.82774 0.0429 14.0 66.0
17.158756 232.82774 0.0430 1.0 67.0
19.780788 235.26793 0.0430 1.0 67.0
19.780788 235.26793 0.0431 0.0 68.0
23.158968 236.45851 0.0431 0.0 68.0
19.780788 235.26793 0.0432 0.0 68.0
22.40282 237.70811 0.0432 0.0 68.0
22.40282 237.70811 0.0433 0.0 69.0
23.832718 240.99216 0.0433 0.0 69.0
22.40282 237.70811 0.0434 0.0 69.0
25.024853 240.1483 0.0434 0.0 69.0
17.158756 232.82774 0.0435 13.0 67.0
18.588654 236.11179 0.0435 13.0 67.0
18.588654 236.11179 0.0436 0.0 68.0
21.210686 238.55197 0.0436 0.0 68.0
18.588654 236.11179 0.0437 12.0 68.0
20.01855 239.39583 0.0437 12.0 68.0
20.01855 239.39583 0.0438 0.0 69.0
20.01855 242.97766 0.0438 0.0 69.0
20.01855 239.39583 0.0439 11.0 69.0
21.448448 242.67987 0.0439 11.0 69.0
21.448448 242.67987 0.0440 1.0 70.0
24.07048 245.12006 0.0440 1.0 70.0
24.07048 245.12006 0.0441 0.0 71.0
27.44866 246.31064 0.0441 0.0 71.0
24.07048 245.12006 0.0442 0.0 71.0
26.692513 247.56024 0.0442 0.0 71.0
26.692513 247.56024 0.0443 0.0 72.0
28.12241 250.84428 0.0443 0.0 72.0
26.692513 247.56024 0.0444 0.0 72.0
29.314545 250.00043 0.0444 0.0 72.0
21.448448 242.67987 0.0445 10.0 70.0
22.878345 245.96391 0.0445 10.0 70.0
22.878345 245.96391 0.0446 0.0 71.0
25.500378 248.4041 0.0446 0.0 71.0
22.878345 245.96391 0.0447 9.0 71.0
24.308243 249.24796 0.0447 9.0 71.0
24.308243 249.24796 0.0448 0.0 72.0
24.308243 252.82979 0.0448 0.0 72.0
24.308243 249.24796 0.0449 8.0 72.0
25.73814 252.532 0.0449 8.0 72.0
25.73814 252.532 0.0450 7.0 73.0
28.360172 254.97218 0.0450 7.0 73.0
28.360172 254.97218 0.0451 0.0 74.0
31.738352 256.16275 0.0451 0.0 74.0
28.360172 254.97218 0.0452 6.0 74.0
30.982204 257.41238 0.0452 6.0 74.0
30.982204 257.41238 0.0453 0.0 75.0
32.4121 260.69644 0.0453 0.0 75.0
30.982204 257.41238 0.0454 5.0 75.0
33.604237 259.85257 0.0454 5.0 75.0
33.604237 259.85257 0.0455 1.0 76.0
36.982414 261.04315 0.0455 1.0 76.0
36.982414 261.04315 0.0456 0.0 77.0
40.555023 260.78616 0.0456 0.0 77.0
36.982414 261.04315 0.0457 0.0 77.0
40.36059 262.23373 0.0457 0.0 77.0
40.36059 262.23373 0.0458 0.0 78.0
42.982624 264.67392 0.0458 0.0 78.0
40.36059 262.23373 0.0459 0.0 78.0
43.73877 263.42432 0.0459 0.0 78.0
33.604237 259.85257 0.0460 4.0 76.0
36.22627 262.29276 0.0460 4.0 76.0
36.22627 262.29276 0.0461 0.0 77.0
39.604446 263.48334 0.0461 0.0 77.0
36.22627 262.29276 0.0462 3.0 77.0
38.8483 264.73294 0.0462 3.0 77.0
38.8483 264.73294 0.0463 0.0 78.0
40.2782 268.017 0.0463 0.0 78.0
38.8483 264.73294 0.0464 2.0 78.0
41.470333 267.17313 0.0464 2.0 78.0
41.470333 267.17313 0.0465 1.0 79.0
44.84851 268.3637 0.0465 1.0 79.0
44.84851 268.3637 0.0466 0.0 80.0
48.42112 268.10672 0.0466 0.0 80.0
44.84851 268.3637 0.0467 0.0 80.0
48.22669 269.5543 0.0467 0.0 80.0
48.22669 269.5543 0.0468 0.0 81.0
50.84872 271.99448 0.0468 0.0 81.0
48.22669 269.5543 0.0469 0.0 81.0
51.604866 270.74487 0.0469 0.0 81.0
41.470333 267.17313 0.0470 1.0 79.0
44.092365 269.6133 0.0470 1.0 79.0
44.092365 269.6133 0.0471 0.0 80.0
47.470543 270.8039 0.0471 0.0 80.0
44.092365 269.6133 0.0472 0.0 80.0
46.714397 272.0535 0.0472 0.0 80.0
46.714397 272.0535 0.0473 0.0 81.0
48.144295 275.33755 0.0473 0.0 81.0
46.714397 272.0535 0.0474 0.0 81.0
49.33643 274.49368 0.0474 0.0 81.0
25.73814 252.532 0.0475 7.0 73.0
27.168037 255.81604 0.0475 7.0 73.0
27.168037 255.81604 0.0476 0.0 74.0
29.79007 258.25623 0.0476 0.0 74.0
27.168037 255.81604 0.0477 6.0 74.0
28.597935 259.1001 0.0477 6.0 74.0
28.597935 259.1001 0.0478 0.0 75.0
28.597935 262.68195 0.0478 0.0 75.0
28.597935 259.1001 0.0479 5.0 75.0
30.027832 262.38416 0.0479 5.0 75.0
30.027832 262.38416 0.0480 1.0 76.0
32.649864 264.82434 0.0480 1.0 76.0
32.649864 264.82434 0.0481 0.0 77.0
36.02804 266.01492 0.0481 0.0 77.0
32.649864 264.82434 0.0482 0.0 77.0
35.271896 267.26453 0.0482 0.0 77.0
35.271896 267.26453 0.0483 0.0 78.0
36.701794 270.54858 0.0483 0.0 78.0
35.271896 267.26453 0.0484 0.0 78.0
37.89393 269.7047 0.0484 0.0 78.0
30.027832 262.38416 0.0485 4.0 76.0
31.45773 265.6682 0.0485 4.0 76.0
31.45773 265.6682 0.0486 0.0 77.0
34.07976 268.1084 0.0486 0.0 77.0
31.45773 265.6682 0.0487 3.0 77.0
32.887627 268.95227 0.0487 3.0 77.0
32.887627 268.95227 0.0488 0.0 78.0
32.887627 272.53412 0.0488 0.0 78.0
32.887627 268.95227 0.0489 2.0 78.0
34.317524 272.23633 0.0489 2.0 78.0
34.317524 272.23633 0.0490 1.0 79.0
36.939556 274.6765 0.0490 1.0 79.0
36.939556 274.6765 0.0491 0.0 80.0
40.317734 275.8671 0.0491 0.0 80.0
36.939556 274.6765 0.0492 0.0 80.0
39.56159 277.1167 0.0492 0.0 80.0
39.56159 277.1167 0.0493 0.0 81.0
40.991486 280.40076 0.0493 0.0 81.0
39.56159 277.1167 0.0494 0.0 81.0
42.18362 279.5569 0.0494 0.0 81.0
34.317524 272.23633 0.0495 1.0 79.0
35.74742 275.5204 0.0495 1.0 79.0
35.74742 275.5204 0.0496 0.0 80.0
38.369453 277.96057 0.0496 0.0 80.0
35.74742 275.5204 0.0497 0.0 80.0
37.17732 278.80444 0.0497 0.0 80.0
37.17732 278.80444 0.0498 0.0 81.0
37.17732 282.3863 0.0498 0.0 81.0
37.17732 278.80444 0.0499 0.0 81.0
38.607216 282.0885 0.0499 0.0 81.0
0.0 193.41924 0.0500 25.0 55.0
0.0 197.00107 0.0500 25.0 55.0
0.0 197.00107 0.0501 0.0 56.0
1.4298964 200.28511 0.0501 0.0 56.0
0.0 197.00107 0.0502 24.0 56.0
0.0 200.5829 0.0502 24.0 56.0
0.0 200.5829 0.0503 0.0 57.0
-1.4298964 203.86694 0.0503 0.0 57.0
0.0 200.5829 0.0504 23.0 57.0
0.0 204.16473 0.0504 23.0 57.0
0.0 204.16473 0.0505 1.0 58.0
1.4298964 207.44878 0.0505 1.0 58.0
1.4298964 207.44878 0.0506 0.0 59.0
4.051928 209.88896 0.0506 0.0 59.0
1.4298964 207.44878 0.0507 0.0 59.0
2.8597927 210.73282 0.0507 0.0 59.0
2.8597927 210.73282 0.0508 0.0 60.0
2.8597927 214.31465 0.0508 0.0 60.0
2.8597927 210.73282 0.0509 0.0 60.0
4.289689 214.01686 0.0509 0.0 60.0
0.0 204.16473 0.0510 22.0 58.0
0.0 207.74657 0.0510 22.0 58.0
0.0 207.74657 0.0511 0.0 59.0
1.4298964 211.03061 0.0511 0.0 59.0
0.0 207.74657 0.0512 21.0 59.0
0.0 211.3284 0.0512 21.0 59.0
0.0 211.3284 0.0513 0.0 60.0
-1.4298964 214.61244 0.0513 0.0 60.0
0.0 211.3284 0.0514 20.0 60.0
0.0 214.91023 0.0514 20.0 60.0
0.0 214.91023 0.0515 1.0 61.0
1.4298964 218.19427 0.0515 1.0 61.0
1.4298964 218.19427 0.0516 0.0 62.0
4.051928 220.63446 0.0516 0.0 62.0
1.4298964 218.19427 0.0517 0.0 62.0
2.8597927 221.47832 0.0517 0.0 62.0
2.8597927 221.47832 0.0518 0.0 63.0
2.8597927 225.06015 0.0518 0.0 63.0
2.8597927 221.47832 0.0519 0.0 63.0
4.289689 224.76236 0.0519 0.0 63.0
0.0 214.91023 0.0520 19.0 61.0
0.0 218.49207 0.0520 19.0 61.0
0.0 218.49207 0.0521 0.0 62.0
1.4298964 221.77611 0.0521 0.0 62.0
0.0 218.49207 0.0522 18.0 62.0
0.0 222.0739 0.0522 18.0 62.0
0.0 222.0739 0.0523 0.0 63.0
-1.4298964 225.35794 0.0523 0.0 63.0
0.0 222.0739 0.0524 17.0 63.0
0.0 225.65573 0.0524 17.0 63.0
0.0 225.65573 0.0525 7.0 64.0
-1.4298964 228.93977 0.0525 7.0 64.0
-1.4298964 228.93977 0.0526 0.0 65.0
-1.4298964 232.5216 0.0526 0.0 65.0
-1.4298964 228.93977 0.0527 6.0 65.0
-2.8597927 232.22382 0.0527 6.0 65.0
-2.8597927 232.22382 0.0528 0.0 66.0
-5.4818244 234.664 0.0528 0.0 66.0
-2.8597927 232.22382 0.0529 5.0 66.0
-4.289689 235.50786 0.0529 5.0 66.0
-4.289689 235.50786 0.0530 1.0 67.0
-4.289689 239.08969 0.0530 1.0 67.0
-4.289689 239.08969 0.0531 0.0 68.0
-2.8597927 242.37373 0.0531 0.0 68.0
-4.289689 239.08969 0.0532 0.0 68.0
-4.289689 242.67152 0.0532 0.0 68.0
-4.289689 242.67152 0.0533 0.0 69.0
-5.7195854 245.95557 0.0533 0.0 69.0
-4.289689 242.67152 0.0534 0.0 69.0
-4.289689 246.25336 0.0534 0.0 69.0
-4.289689 235.50786 0.0535 4.0 67.0
-5.7195854 238.7919 0.0535 4.0 67.0
-5.7195854 238.7919 0.0536 0.0 68.0
-5.7195854 242.37373 0.0536 0.0 68.0
-5.7195854 238.7919 0.0537 3.0 68.0
-7.149482 242.07594 0.0537 3.0 68.0
-7.149482 242.07594 0.0538 0.0 69.0
-9.771513 244.51613 0.0538 0.0 69.0
-7.149482 242.07594 0.0539 2.0 69.0
-8.579378 245.35999 0.0539 2.0 69.0
-8.579378 245.35999 0.0540 1.0 70.0
-8.579378 248.94182 0.0540 1.0 70.0
-8.579378 248.94182 0.0541 0.0 71.0
-7.149482 252.22586 0.0541 0.0 71.0
-8.579378 248.94182 0.0542 0.0 71.0
-8.579378 252.52365 0.0542 0.0 71.0
-8.579378 252.52365 0.0543 0.0 72.0
-10.0092745 255.8077 0.0543 0.0 72.0
-8.579378 252.52365 0.0544 0.0 72.0
-8.579378 256.1055 0.0544 0.0 72.0
-8.579378 245.35999 0.0545 1.0 70.0
-10.0092745 248.64403 0.0545 1.0 70.0
-10.0092745 248.64403 0.0546 0.0 71.0
-10.0092745 252.22586 0.0546 0.0 71.0
-10.0092745 248.64403 0.0547 0.0 71.0
-11.439171 251.92807 0.0547 0.0 71.0
-11.439171 251.92807 0.0548 0.0 72.0
-14.061203 254.36826 0.0548 0.0 72.0
-11.439171 251.92807 0.0549 0.0 72.0
-12.869067 255.21211 0.0549 0.0 72.0
0.0 225.65573 0.0550 16.0 64.0
0.0 229.23756 0.0550 16.0 64.0
0.0 229.23756 0.0551 0.0 65.0
1.4298964 232.5216 0.0551 0.0 65.0
0.0 229.23756 0.0552 15.0 65.0
0.0 232.8194 0.0552 15.0 65.0
0.0 232.8194 0.0553 0.0 66.0
-1.4298964 236.10344 0.0553 0.0 66.0
0.0 232.8194 0.0554 14.0 66.0
0.0 236.40123 0.0554 14.0 66.0
0.0 236.40123 0.0555 1.0 67.0
1.4298964 239.68527 0.0555 1.0 67.0
1.4298964 239.68527 0.0556 0.0 68.0
4.051928 242.12546 0.0556 0.0 68.0
1.4298964 239.68527 0.0557 0.0 68.0
2.8597927 242.96931 0.0557 0.0 68.0
2.8597927 242.96931 0.0558 0.0 69.0
2.8597927 246.55115 0.0558 0.0 69.0
2.8597927 242.96931 0.0559 0.0 69.0
4.289689 246.25336 0.0559 0.0 69.0
0.0 236.40123 0.0560 13.0 67.0
0.0 239.98306 0.0560 13.0 67.0
0.0 239.98306 0.0561 0.0 68.0
1.4298964 243.2671 0.0561 0.0 68.0
0.0 239.98306 0.0562 12.0 68.0
0.0 243.5649 0.0562 12.0 68.0
0.0 243.5649 0.0563 0.0 69.0
-1.4298964 246.84894 0.0563 0.0 69.0
0.0 243.5649 0.0564 11.0 69.0
0.0 247.14673 0.0564 11.0 69.0
0.0 247.14673 0.0565 1.0 70.0
1.4298964 250.43077 0.0565 1.0 70.0
1.4298964 250.43077 0.0566 0.0 71.0
4.051928 252.87096 0.0566 0.0 71.0
1.4298964 250.43077 0.0567 0.0 71.0
2.8597927 253.71481 0.0567 0.0 71.0
2.8597927 253.71481 0.0568 0.0 72.0
2.8597927 257.29666 0.0568 0.0 72.0
2.8597927 253.71481 0.0569 0.0 72.0
4.289689 256.99887 0.0569 0.0 72.0
0.0 247.14673 0.0570 10.0 70.0
0.0 250.72856 0.0570 10.0 70.0
0.0 250.72856 0.0571 0.0 71.0
1.4298964 254.0126 0.0571 0.0 71.0
0.0 250.72856 0.0572 9.0 71.0
0.0 254.3104 0.0572 9.0 71.0
0.0 254.3104 0.0573 0.0 72.0
-1.4298964 257.59445 0.0573 0.0 72.0
0.0 254.3104 0.0574 8.0 72.0
0.0 257.89224 0.0574 8.0 72.0
0.0 257.89224 0.0575 7.0 73.0
1.4298964 261.1763 0.0575 7.0 73.0
1.4298964 261.1763 0.0576 0.0 74.0
4.051928 263.6165 0.0576 0.0 74.0
1.4298964 261.1763 0.0577 6.0 74.0
2.8597927 264.46036 0.0577 6.0 74.0
2.8597927 264.46036 0.0578 0.0 75.0
2.8597927 268.0422 0.0578 0.0 75.0
2.8597927 264.46036 0.0579 5.0 75.0
4.289689 267.74442 0.0579 5.0 75.0
4.289689 267.74442 0.0580 1.0 76.0
6.9117208 270.1846 0.0580 1.0 76.0
6.9117208 270.1846 0.0581 0.0 77.0
10.2899 271.37518 0.0581 0.0 77.0
6.9117208 270.1846 0.0582 0.0 77.0
9.533752 272.6248 0.0582 0.0 77.0
9.533752 272.6248 0.0583 0.0 78.0
10.963649 275.90884 0.0583 0.0 78.0
9.533752 272.6248 0.0584 0.0 78.0
12.155785 275.06497 0.0584 0.0 78.0
4.289689 267.74442 0.0585 4.0 76.0
5.7195854 271.02847 0.0585 4.0 76.0
5.7195854 271.02847 0.0586 0.0 77.0
8.341618 273.46866 0.0586 0.0 77.0
5.7195854 271.02847 0.0587 3.0 77.0
7.149482 274.31253 0.0587 3.0 77.0
7.149482 274.31253 0.0588 0.0 78.0
7.149482 277.89438 0.0588 0.0 78.0
7.149482 274.31253 0.0589 2.0 78.0
8.579378 277.5966 0.0589 2.0 78.0
8.579378 277.5966 0.0590 1.0 79.0
11.20141 280.03677 0.0590 1.0 79.0
11.20141 280.03677 0.0591 0.0 80.0
14.57959 281.22736 0.0591 0.0 80.0
11.20141 280.03677 0.0592 0.0 80.0
13.823442 282.47696 0.0592 0.0 80.0
13.823442 282.47696 0.0593 0.0 81.0
15.253339 285.76102 0.0593 0.0 81.0
13.823442 282.47696 0.0594 0.0 81.0
16.445475 284.91714 0.0594 0.0 81.0
8.579378 277.5966 0.0595 1.0 79.0
10.0092745 280.88065 0.0595 1.0 79.0
10.0092745 280.88065 0.0596 0.0 80.0
12.631306 283.32083 0.0596 0.0 80.0
10.0092745 280.88065 0.0597 0.0 80.0
11.439171 284.1647 0.0597 0.0 80.0
11.439171 284.1647 0.0598 0.0 81.0
11.439171 287.74655 0.0598 0.0 81.0
11.439171 284.1647 0.0599 0.0 81.0
12.869067 287.44876 0.0599 0.0 81.0
0.0 257.89224 0.0600 7.0 73.0
0.0 261.4741 0.0600 7.0 73.0
0.0 261.4741 0.0601 0.0 74.0
1.4298964 264.75815 0.0601 0.0 74.0
0.0 261.4741 0.0602 6.0 74.0
0.0 265.05594 0.0602 6.0 74.0
0.0 265.05594 0.0603 0.0 75.0
-1.4298964 268.34 0.0603 0.0 75.0
0.0 265.05594 0.0604 5.0 75.0
0.0 268.6378 0.0604 5.0 75.0
0.0 268.6378 0.0605 1.0 76.0
1.4298964 271.92184 0.0605 1.0 76.0
1.4298964 271.92184 0.0606 0.0 77.0
4.051928 274.36203 0.0606 0.0 77.0
1.4298964 271.92184 0.0607 0.0 77.0
2.8597927 275.2059 0.0607 0.0 77.0
2.8597927 275.2059 0.0608 0.0 78.0
2.8597927 278.78775 0.0608 0.0 78.0
2.8597927 275.2059 0.0609 0.0 78.0
4.289689 278.48996 0.0609 0.0 78.0
0.0 268.6378 0.0610 4.0 76.0
0.0 272.21964 0.0610 4.0 76.0
0.0 272.21964 0.0611 0.0 77.0
1.4298964 275.5037 0.0611 0.0 77.0
0.0 272.21964 0.0612 3.0 77.0
0.0 275.80148 0.0612 3.0 77.0
0.0 275.80148 0.0613 0.0 78.0
-1.4298964 279.08554 0.0613 0.0 78.0
0.0 275.80148 0.0614 2.0 78.0
0.0 279.38333 0.0614 2.0 78.0
0.0 279.38333 0.0615 1.0 79.0
1.4298964 282.6674 0.0615 1.0 79.0
1.4298964 282.6674 0.0616 0.0 80.0
4.051928 285.10757 0.0616 0.0 80.0
1.4298964 282.6674 0.0617 0.0 80.0
2.8597927 285.95145 0.0617 0.0 80.0
2.8597927 285.95145 0.0618 0.0 81.0
2.8597927 289.5333 0.0618 0.0 81.0
2.8597927 285.95145 0.0619 0.0 81.0
4.289689 289.2355 0.0619 0.0 81.0
0.0 279.38333 0.0620 1.0 79.0
0.0 282.96518 0.0620 1.0 79.0
0.0 282.96518 0.0621 0.0 80.0
1.4298964 286.24924 0.0621 0.0 80.0
0.0 282.96518 0.0622 0.0 80.0
0.0 286.54703 0.0622 0.0 80.0
0.0 286.54703 0.0623 0.0 81.0
-1.4298964 289.8311 0.0623 0.0 81.0
0.0 286.54703 0.0624 0.0 81.0
0.0 290.12888 0.0624 0.0 81.0
