0.0 0.0 0.00 28.0 1.0
0.0 0.81848586 0.00 28.0 1.0
0.0 0.81848586 0.01 27.0 2.0
0.0 1.6369717 0.01 27.0 2.0
0.0 1.6369717 0.02 26.0 3.0
0.0 2.4554577 0.02 26.0 3.0
0.0 2.4554577 0.03 25.0 4.0
0.0 3.2739434 0.03 25.0 4.0
0.0 3.2739434 0.04 24.0 5.0
0.0 4.092429 0.04 24.0 5.0
0.0 4.092429 0.05 23.0 6.0
0.0 4.910915 0.05 23.0 6.0
0.0 4.910915 0.06 22.0 7.0
0.0 5.7294006 0.06 22.0 7.0
0.0 5.7294006 0.07 21.0 8.0
0.0 6.5478864 0.07 21.0 8.0
0.0 6.5478864 0.08 12.0 9.0
-0.16148852 7.350283 0.08 12.0 9.0
-0.16148852 7.350283 0.09 11.0 10.0
-0.32297704 8.152679 0.09 11.0 10.0
-0.32297704 8.152679 0.010 10.0 11.0
-0.48446554 8.955076 0.010 10.0 11.0
-0.48446554 8.955076 0.011 9.0 12.0
-0.6459541 9.757473 0.011 9.0 12.0
-0.6459541 9.757473 0.012 4.0 13.0
-0.9625823 10.512235 0.012 4.0 13.0
-0.9625823 10.512235 0.013 3.0 14.0
-1.2792106 11.266996 0.013 3.0 14.0
-1.2792106 11.266996 0.014 0.0 15.0
-1.7385305 11.94445 0.014 0.0 15.0
-1.7385305 11.94445 0.015 0.0 16.0
-2.1978505 12.621904 0.015 0.0 16.0
-1.2792106 11.266996 0.016 0.0 15.0
-1.4406991 12.069393 0.016 0.0 15.0
-1.4406991 12.069393 0.017 0.0 16.0
-1.6021876 12.87179 0.017 0.0 16.0
-1.2792106 11.266996 0.018 2.0 15.0
-1.5958388 12.021758 0.018 2.0 15.0
-1.5958388 12.021758 0.019 1.0 16.0
-1.912467 12.77652 0.019 1.0 16.0
-1.912467 12.77652 0.020 0.0 17.0
-2.2290952 13.531281 0.020 0.0 17.0
-2.2290952 13.531281 0.021 0.0 18.0
-2.5457234 14.286043 0.021 0.0 18.0
-0.6459541 9.757473 0.022 4.0 13.0
-0.6459541 10.575959 0.022 4.0 13.0
-0.6459541 10.575959 0.023 3.0 14.0
-0.6459541 11.394445 0.023 3.0 14.0
-0.6459541 11.394445 0.024 0.0 15.0
-0.8074426 12.196842 0.024 0.0 15.0
-0.8074426 12.196842 0.025 0.0 16.0
-0.96893114 12.999239 0.025 0.0 16.0
-0.6459541 11.394445 0.026 0.0 15.0
-0.48446554 12.196842 0.026 0.0 15.0
-0.48446554 12.196842 0.027 0.0 16.0
-0.322977 12.999239 0.027 0.0 16.0
-0.6459541 11.394445 0.028 2.0 15.0
-0.6459541 12.212932 0.028 2.0 15.0
-0.6459541 12.212932 0.029 1.0 16.0
-0.6459541 13.031418 0.029 1.0 16.0
-0.6459541 13.031418 0.030 0.0 17.0
-0.6459541 13.849904 0.030 0.0 17.0
-0.6459541 13.849904 0.031 0.0 18.0
-0.6459541 14.66839 0.031 0.0 18.0
-0.6459541 9.757473 0.032 8.0 13.0
-0.8074426 10.55987 0.032 8.0 13.0
-0.8074426 10.55987 0.033 7.0 14.0
-0.96893114 11.362267 0.033 7.0 14.0
-0.96893114 11.362267 0.034 6.0 15.0
-1.1304196 12.164663 0.034 6.0 15.0
-1.1304196 12.164663 0.035 5.0 16.0
-1.2919081 12.96706 0.035 5.0 16.0
-1.2919081 12.96706 0.036 4.0 17.0
-1.4533967 13.769457 0.036 4.0 17.0
-1.4533967 13.769457 0.037 3.0 18.0
-1.6148852 14.571854 0.037 3.0 18.0
-1.6148852 14.571854 0.038 0.0 19.0
-1.9315134 15.326615 0.038 0.0 19.0
-1.9315134 15.326615 0.039 0.0 20.0
-2.2481418 16.081377 0.039 0.0 20.0
-1.6148852 14.571854 0.040 0.0 19.0
-1.6148852 15.39034 0.040 0.0 19.0
-1.6148852 15.39034 0.041 0.0 20.0
-1.6148852 16.208826 0.041 0.0 20.0
-1.6148852 14.571854 0.042 2.0 19.0
-1.7763737 15.37425 0.042 2.0 19.0
-1.7763737 15.37425 0.043 1.0 20.0
-1.9378623 16.176647 0.043 1.0 20.0
-1.9378623 16.176647 0.044 0.0 21.0
-2.0993507 16.979044 0.044 0.0 21.0
-2.0993507 16.979044 0.045 0.0 22.0
-2.2608392 17.78144 0.045 0.0 22.0
0.0 6.5478864 0.046 12.0 9.0
0.16148852 7.350283 0.046 12.0 9.0
0.16148852 7.350283 0.047 11.0 10.0
0.32297704 8.152679 0.047 11.0 10.0
0.32297704 8.152679 0.048 10.0 11.0
0.48446554 8.955076 0.048 10.0 11.0
0.48446554 8.955076 0.049 9.0 12.0
0.6459541 9.757473 0.049 9.0 12.0
0.6459541 9.757473 0.050 4.0 13.0
0.6459541 10.575959 0.050 4.0 13.0
0.6459541 10.575959 0.051 3.0 14.0
0.6459541 11.394445 0.051 3.0 14.0
0.6459541 11.394445 0.052 0.0 15.0
0.48446554 12.196842 0.052 0.0 15.0
0.48446554 12.196842 0.053 0.0 16.0
0.322977 12.999239 0.053 0.0 16.0
0.6459541 11.394445 0.054 0.0 15.0
0.8074426 12.196842 0.054 0.0 15.0
0.8074426 12.196842 0.055 0.0 16.0
0.96893114 12.999239 0.055 0.0 16.0
0.6459541 11.394445 0.056 2.0 15.0
0.6459541 12.212932 0.056 2.0 15.0
0.6459541 12.212932 0.057 1.0 16.0
0.6459541 13.031418 0.057 1.0 16.0
0.6459541 13.031418 0.058 0.0 17.0
0.6459541 13.849904 0.058 0.0 17.0
0.6459541 13.849904 0.059 0.0 18.0
0.6459541 14.66839 0.059 0.0 18.0
0.6459541 9.757473 0.060 4.0 13.0
0.9625823 10.512235 0.060 4.0 13.0
0.9625823 10.512235 0.061 3.0 14.0
1.2792106 11.266996 0.061 3.0 14.0
1.2792106 11.266996 0.062 0.0 15.0
1.4406991 12.069393 0.062 0.0 15.0
1.4406991 12.069393 0.063 0.0 16.0
1.6021876 12.87179 0.063 0.0 16.0
1.2792106 11.266996 0.064 0.0 15.0
1.7385305 11.94445 0.064 0.0 15.0
1.7385305 11.94445 0.065 0.0 16.0
2.1978505 12.621904 0.065 0.0 16.0
1.2792106 11.266996 0.066 2.0 15.0
1.5958388 12.021758 0.066 2.0 15.0
1.5958388 12.021758 0.067 1.0 16.0
1.912467 12.77652 0.067 1.0 16.0
1.912467 12.77652 0.068 0.0 17.0
2.2290952 13.531281 0.068 0.0 17.0
2.2290952 13.531281 0.069 0.0 18.0
2.5457234 14.286043 0.069 0.0 18.0
0.6459541 9.757473 0.070 8.0 13.0
0.8074426 10.55987 0.070 8.0 13.0
0.8074426 10.55987 0.071 7.0 14.0
0.96893114 11.362267 0.071 7.0 14.0
0.96893114 11.362267 0.072 6.0 15.0
1.1304196 12.164663 0.072 6.0 15.0
1.1304196 12.164663 0.073 5.0 16.0
1.2919081 12.96706 0.073 5.0 16.0
1.2919081 12.96706 0.074 4.0 17.0
1.4533967 13.769457 0.074 4.0 17.0
1.4533967 13.769457 0.075 3.0 18.0
1.6148852 14.571854 0.075 3.0 18.0
1.6148852 14.571854 0.076 0.0 19.0
1.6148852 15.39034 0.076 0.0 19.0
1.6148852 15.39034 0.077 0.0 20.0
1.6148852 16.208826 0.077 0.0 20.0
1.6148852 14.571854 0.078 0.0 19.0
1.9315134 15.326615 0.078 0.0 19.0
1.9315134 15.326615 0.079 0.0 20.0
2.2481418 16.081377 0.079 0.0 20.0
1.6148852 14.571854 0.080 2.0 19.0
1.7763737 15.37425 0.080 2.0 19.0
1.7763737 15.37425 0.081 1.0 20.0
1.9378623 16.176647 0.081 1.0 20.0
1.9378623 16.176647 0.082 0.0 21.0
2.0993507 16.979044 0.082 0.0 21.0
2.0993507 16.979044 0.083 0.0 22.0
2.2608392 17.78144 0.083 0.0 22.0
0.0 6.5478864 0.084 20.0 9.0
0.0 7.366372 0.084 20.0 9.0
0.0 7.366372 0.085 19.0 10.0
0.0 8.184858 0.085 19.0 10.0
0.0 8.184858 0.086 18.0 11.0
0.0 9.003345 0.086 18.0 11.0
0.0 9.003345 0.087 17.0 12.0
0.0 9.821831 0.087 17.0 12.0
0.0 9.821831 0.088 16.0 13.0
0.0 10.640317 0.088 16.0 13.0
0.0 10.640317 0.089 15.0 14.0
0.0 11.458803 0.089 15.0 14.0
0.0 11.458803 0.090 14.0 15.0
0.0 12.277289 0.090 14.0 15.0
0.0 12.277289 0.091 13.0 16.0
0.0 13.095776 0.091 13.0 16.0
0.0 13.095776 0.092 12.0 17.0
0.0 13.914262 0.092 12.0 17.0
0.0 13.914262 0.093 11.0 18.0
0.0 14.732748 0.093 11.0 18.0
0.0 14.732748 0.094 10.0 19.0
0.0 15.551234 0.094 10.0 19.0
0.0 15.551234 0.095 9.0 20.0
0.0 16.36972 0.095 9.0 20.0
0.0 16.36972 0.096 4.0 21.0
-0.16148852 17.172117 0.096 4.0 21.0
-0.16148852 17.172117 0.097 3.0 22.0
-0.32297704 17.974514 0.097 3.0 22.0
-0.32297704 17.974514 0.098 0.0 23.0
-0.6396053 18.729277 0.098 0.0 23.0
-0.6396053 18.729277 0.099 0.0 24.0
-0.9562335 19.48404 0.099 0.0 24.0
-0.32297704 17.974514 0.0100 0.0 23.0
-0.32297704 18.793 0.0100 0.0 23.0
-0.32297704 18.793 0.0101 0.0 24.0
-0.32297704 19.611485 0.0101 0.0 24.0
-0.32297704 17.974514 0.0102 2.0 23.0
-0.48446554 18.77691 0.0102 2.0 23.0
-0.48446554 18.77691 0.0103 1.0 24.0
-0.6459541 19.579308 0.0103 1.0 24.0
-0.6459541 19.579308 0.0104 0.0 25.0
-0.8074426 20.381704 0.0104 0.0 25.0
-0.8074426 20.381704 0.0105 0.0 26.0
-0.96893114 21.184101 0.0105 0.0 26.0
0.0 16.36972 0.0106 4.0 21.0
0.16148852 17.172117 0.0106 4.0 21.0
0.16148852 17.172117 0.0107 3.0 22.0
0.32297704 17.974514 0.0107 3.0 22.0
0.32297704 17.974514 0.0108 0.0 23.0
0.32297704 18.793 0.0108 0.0 23.0
0.32297704 18.793 0.0109 0.0 24.0
0.32297704 19.611485 0.0109 0.0 24.0
0.32297704 17.974514 0.0110 0.0 23.0
0.6396053 18.729277 0.0110 0.0 23.0
0.6396053 18.729277 0.0111 0.0 24.0
0.9562335 19.48404 0.0111 0.0 24.0
0.32297704 17.974514 0.0112 2.0 23.0
0.48446554 18.77691 0.0112 2.0 23.0
0.48446554 18.77691 0.0113 1.0 24.0
0.6459541 19.579308 0.0113 1.0 24.0
0.6459541 19.579308 0.0114 0.0 25.0
0.8074426 20.381704 0.0114 0.0 25.0
0.8074426 20.381704 0.0115 0.0 26.0
0.96893114 21.184101 0.0115 0.0 26.0
0.0 16.36972 0.0116 8.0 21.0
0.0 17.188206 0.0116 8.0 21.0
0.0 17.188206 0.0117 7.0 22.0
0.0 18.006691 0.0117 7.0 22.0
0.0 18.006691 0.0118 6.0 23.0
0.0 18.825176 0.0118 6.0 23.0
0.0 18.825176 0.0119 5.0 24.0
0.0 19.643661 0.0119 5.0 24.0
0.0 19.643661 0.0120 4.0 25.0
0.0 20.462147 0.0120 4.0 25.0
0.0 20.462147 0.0121 3.0 26.0
0.0 21.280632 0.0121 3.0 26.0
0.0 21.280632 0.0122 0.0 27.0
-0.16148852 22.083029 0.0122 0.0 27.0
-0.16148852 22.083029 0.0123 0.0 28.0
-0.32297704 22.885426 0.0123 0.0 28.0
0.0 21.280632 0.0124 0.0 27.0
0.16148852 22.083029 0.0124 0.0 27.0
0.16148852 22.083029 0.0125 0.0 28.0
0.32297704 22.885426 0.0125 0.0 28.0
0.0 21.280632 0.0126 2.0 27.0
0.0 22.099117 0.0126 2.0 27.0
0.0 22.099117 0.0127 1.0 28.0
0.0 22.917603 0.0127 1.0 28.0
0.0 22.917603 0.0128 0.0 29.0
0.0 23.736088 0.0128 0.0 29.0
0.0 23.736088 0.0129 0.0 30.0
0.0 24.554573 0.0129 0.0 30.0
