0.0 0.0 0.00 28.0 1.0
0.0 2.7110548 0.00 28.0 1.0
0.0 2.7110548 0.01 27.0 2.0
0.0 5.4221096 0.01 27.0 2.0
0.0 5.4221096 0.02 26.0 3.0
0.0 8.133164 0.02 26.0 3.0
0.0 8.133164 0.03 25.0 4.0
0.0 10.844219 0.03 25.0 4.0
0.0 10.844219 0.04 24.0 5.0
0.0 13.555274 0.04 24.0 5.0
0.0 13.555274 0.05 23.0 6.0
0.0 16.266329 0.05 23.0 6.0
0.0 16.266329 0.06 22.0 7.0
0.0 18.977383 0.06 22.0 7.0
0.0 18.977383 0.07 21.0 8.0
0.0 21.688438 0.07 21.0 8.0
0.0 21.688438 0.08 12.0 9.0
-1.2751725 24.080875 0.08 12.0 9.0
-1.2751725 24.080875 0.09 11.0 10.0
-2.550345 26.473312 0.09 11.0 10.0
-2.550345 26.473312 0.010 10.0 11.0
-3.8255174 28.86575 0.010 10.0 11.0
-3.8255174 28.86575 0.011 9.0 12.0
-5.10069 31.258186 0.011 9.0 12.0
-5.10069 31.258186 0.012 4.0 13.0
-7.351304 32.76966 0.012 4.0 13.0
-7.351304 32.76966 0.013 3.0 14.0
-9.601918 34.281136 0.013 3.0 14.0
-9.601918 34.281136 0.014 0.0 15.0
-12.298965 34.556374 0.014 0.0 15.0
-12.298965 34.556374 0.015 0.0 16.0
-14.996013 34.83161 0.015 0.0 16.0
-9.601918 34.281136 0.016 0.0 15.0
-10.87709 36.673573 0.016 0.0 15.0
-10.87709 36.673573 0.017 0.0 16.0
-12.152263 39.06601 0.017 0.0 16.0
-9.601918 34.281136 0.018 2.0 15.0
-11.852532 35.79261 0.018 2.0 15.0
-11.852532 35.79261 0.019 1.0 16.0
-14.103147 37.304085 0.019 1.0 16.0
-14.103147 37.304085 0.020 0.0 17.0
-16.353762 38.81556 0.020 0.0 17.0
-16.353762 38.81556 0.021 0.0 18.0
-18.604376 40.327034 0.021 0.0 18.0
-5.10069 31.258186 0.022 4.0 13.0
-5.10069 33.969242 0.022 4.0 13.0
-5.10069 33.969242 0.023 3.0 14.0
-5.10069 36.680298 0.023 3.0 14.0
-5.10069 36.680298 0.024 0.0 15.0
-6.375862 39.072735 0.024 0.0 15.0
-6.375862 39.072735 0.025 0.0 16.0
-7.6510344 41.46517 0.025 0.0 16.0
-5.10069 36.680298 0.026 0.0 15.0
-3.8255174 39.072735 0.026 0.0 15.0
-3.8255174 39.072735 0.027 0.0 16.0
-2.550345 41.46517 0.027 0.0 16.0
-5.10069 36.680298 0.028 2.0 15.0
-5.10069 39.391354 0.028 2.0 15.0
-5.10069 39.391354 0.029 1.0 16.0
-5.10069 42.10241 0.029 1.0 16.0
-5.10069 42.10241 0.030 0.0 17.0
-5.10069 44.813465 0.030 0.0 17.0
-5.10069 44.813465 0.031 0.0 18.0
-5.10069 47.52452 0.031 0.0 18.0
-5.10069 31.258186 0.032 8.0 13.0
-6.375862 33.650623 0.032 8.0 13.0
-6.375862 33.650623 0.033 7.0 14.0
-7.6510344 36.04306 0.033 7.0 14.0
-7.6510344 36.04306 0.034 6.0 15.0
-8.926207 38.435497 0.034 6.0 15.0
-8.926207 38.435497 0.035 5.0 16.0
-10.201379 40.827934 0.035 5.0 16.0
-10.201379 40.827934 0.036 4.0 17.0
-11.476551 43.22037 0.036 4.0 17.0
-11.476551 43.22037 0.037 3.0 18.0
-12.751723 45.61281 0.037 3.0 18.0
-12.751723 45.61281 0.038 0.0 19.0
-15.002337 47.124283 0.038 0.0 19.0
-15.002337 47.124283 0.039 0.0 20.0
-17.252953 48.635757 0.039 0.0 20.0
-12.751723 45.61281 0.040 0.0 19.0
-12.751723 48.323864 0.040 0.0 19.0
-12.751723 48.323864 0.041 0.0 20.0
-12.751723 51.03492 0.041 0.0 20.0
-12.751723 45.61281 0.042 2.0 19.0
-14.0268955 48.005245 0.042 2.0 19.0
-14.0268955 48.005245 0.043 1.0 20.0
-15.302068 50.397682 0.043 1.0 20.0
-15.302068 50.397682 0.044 0.0 21.0
-16.57724 52.79012 0.044 0.0 21.0
-16.57724 52.79012 0.045 0.0 22.0
-17.852413 55.182556 0.045 0.0 22.0
0.0 21.688438 0.046 12.0 9.0
1.2751725 24.080875 0.046 12.0 9.0
1.2751725 24.080875 0.047 11.0 10.0
2.550345 26.473312 0.047 11.0 10.0
2.550345 26.473312 0.048 10.0 11.0
3.8255174 28.86575 0.048 10.0 11.0
3.8255174 28.86575 0.049 9.0 12.0
5.10069 31.258186 0.049 9.0 12.0
5.10069 31.258186 0.050 4.0 13.0
5.10069 33.969242 0.050 4.0 13.0
5.10069 33.969242 0.051 3.0 14.0
5.10069 36.680298 0.051 3.0 14.0
5.10069 36.680298 0.052 0.0 15.0
3.8255174 39.072735 0.052 0.0 15.0
3.8255174 39.072735 0.053 0.0 16.0
2.550345 41.46517 0.053 0.0 16.0
5.10069 36.680298 0.054 0.0 15.0
6.375862 39.072735 0.054 0.0 15.0
6.375862 39.072735 0.055 0.0 16.0
7.6510344 41.46517 0.055 0.0 16.0
5.10069 36.680298 0.056 2.0 15.0
5.10069 39.391354 0.056 2.0 15.0
5.10069 39.391354 0.057 1.0 16.0
5.10069 42.10241 0.057 1.0 16.0
5.10069 42.10241 0.058 0.0 17.0
5.10069 44.813465 0.058 0.0 17.0
5.10069 44.813465 0.059 0.0 18.0
5.10069 47.52452 0.059 0.0 18.0
5.10069 31.258186 0.060 4.0 13.0
7.351304 32.76966 0.060 4.0 13.0
7.351304 32.76966 0.061 3.0 14.0
9.601918 34.281136 0.061 3.0 14.0
9.601918 34.281136 0.062 0.0 15.0
10.87709 36.673573 0.062 0.0 15.0
10.87709 36.673573 0.063 0.0 16.0
12.152263 39.06601 0.063 0.0 16.0
9.601918 34.281136 0.064 0.0 15.0
12.298965 34.556374 0.064 0.0 15.0
12.298965 34.556374 0.065 0.0 16.0
14.996013 34.83161 0.065 0.0 16.0
9.601918 34.281136 0.066 2.0 15.0
11.852532 35.79261 0.066 2.0 15.0
11.852532 35.79261 0.067 1.0 16.0
14.103147 37.304085 0.067 1.0 16.0
14.103147 37.304085 0.068 0.0 17.0
16.353762 38.81556 0.068 0.0 17.0
16.353762 38.81556 0.069 0.0 18.0
18.604376 40.327034 0.069 0.0 18.0
5.10069 31.258186 0.070 8.0 13.0
6.375862 33.650623 0.070 8.0 13.0
6.375862 33.650623 0.071 7.0 14.0
7.6510344 36.04306 0.071 7.0 14.0
7.6510344 36.04306 0.072 6.0 15.0
8.926207 38.435497 0.072 6.0 15.0
8.926207 38.435497 0.073 5.0 16.0
10.201379 40.827934 0.073 5.0 16.0
10.201379 40.827934 0.074 4.0 17.0
11.476551 43.22037 0.074 4.0 17.0
11.476551 43.22037 0.075 3.0 18.0
12.751723 45.61281 0.075 3.0 18.0
12.751723 45.61281 0.076 0.0 19.0
12.751723 48.323864 0.076 0.0 19.0
12.751723 48.323864 0.077 0.0 20.0
12.751723 51.03492 0.077 0.0 20.0
12.751723 45.61281 0.078 0.0 19.0
15.002337 47.124283 0.078 0.0 19.0
15.002337 47.124283 0.079 0.0 20.0
17.252953 48.635757 0.079 0.0 20.0
12.751723 45.61281 0.080 2.0 19.0
14.0268955 48.005245 0.080 2.0 19.0
14.0268955 48.005245 0.081 1.0 20.0
15.302068 50.397682 0.081 1.0 20.0
15.302068 50.397682 0.082 0.0 21.0
16.57724 52.79012 0.082 0.0 21.0
16.57724 52.79012 0.083 0.0 22.0
17.852413 55.182556 0.083 0.0 22.0
0.0 21.688438 0.084 20.0 9.0
0.0 24.399494 0.084 20.0 9.0
0.0 24.399494 0.085 19.0 10.0
0.0 27.11055 0.085 19.0 10.0
0.0 27.11055 0.086 18.0 11.0
0.0 29.821606 0.086 18.0 11.0
0.0 29.821606 0.087 17.0 12.0
0.0 32.53266 0.087 17.0 12.0
0.0 32.53266 0.088 16.0 13.0
0.0 35.243717 0.088 16.0 13.0
0.0 35.243717 0.089 15.0 14.0
0.0 37.954773 0.089 15.0 14.0
0.0 37.954773 0.090 14.0 15.0
0.0 40.66583 0.090 14.0 15.0
0.0 40.66583 0.091 13.0 16.0
0.0 43.376884 0.091 13.0 16.0
0.0 43.376884 0.092 12.0 17.0
0.0 46.08794 0.092 12.0 17.0
0.0 46.08794 0.093 11.0 18.0
0.0 48.798996 0.093 11.0 18.0
0.0 48.798996 0.094 10.0 19.0
0.0 51.51005 0.094 10.0 19.0
0.0 51.51005 0.095 9.0 20.0
0.0 54.221107 0.095 9.0 20.0
0.0 54.221107 0.096 4.0 21.0
-1.2751725 56.613544 0.096 4.0 21.0
-1.2751725 56.613544 0.097 3.0 22.0
-2.550345 59.00598 0.097 3.0 22.0
-2.550345 59.00598 0.098 0.0 23.0
-4.8009596 60.517456 0.098 0.0 23.0
-4.8009596 60.517456 0.099 0.0 24.0
-7.0515738 62.02893 0.099 0.0 24.0
-2.550345 59.00598 0.0100 0.0 23.0
-2.550345 61.717037 0.0100 0.0 23.0
-2.550345 61.717037 0.0101 0.0 24.0
-2.550345 64.42809 0.0101 0.0 24.0
-2.550345 59.00598 0.0102 2.0 23.0
-3.8255174 61.39842 0.0102 2.0 23.0
-3.8255174 61.39842 0.0103 1.0 24.0
-5.10069 63.790855 0.0103 1.0 24.0
-5.10069 63.790855 0.0104 0.0 25.0
-6.375862 66.18329 0.0104 0.0 25.0
-6.375862 66.18329 0.0105 0.0 26.0
-7.6510344 68.57572 0.0105 0.0 26.0
0.0 54.221107 0.0106 4.0 21.0
1.2751725 56.613544 0.0106 4.0 21.0
1.2751725 56.613544 0.0107 3.0 22.0
2.550345 59.00598 0.0107 3.0 22.0
2.550345 59.00598 0.0108 0.0 23.0
2.550345 61.717037 0.0108 0.0 23.0
2.550345 61.717037 0.0109 0.0 24.0
2.550345 64.42809 0.0109 0.0 24.0
2.550345 59.00598 0.0110 0.0 23.0
4.8009596 60.517456 0.0110 0.0 23.0
4.8009596 60.517456 0.0111 0.0 24.0
7.0515738 62.02893 0.0111 0.0 24.0
2.550345 59.00598 0.0112 2.0 23.0
3.8255174 61.39842 0.0112 2.0 23.0
3.8255174 61.39842 0.0113 1.0 24.0
5.10069 63.790855 0.0113 1.0 24.0
5.10069 63.790855 0.0114 0.0 25.0
6.375862 66.18329 0.0114 0.0 25.0
6.375862 66.18329 0.0115 0.0 26.0
7.6510344 68.57572 0.0115 0.0 26.0
0.0 54.221107 0.0116 8.0 21.0
0.0 56.932163 0.0116 8.0 21.0
0.0 56.932163 0.0117 7.0 22.0
0.0 59.64322 0.0117 7.0 22.0
0.0 59.64322 0.0118 6.0 23.0
0.0 62.354275 0.0118 6.0 23.0
0.0 62.354275 0.0119 5.0 24.0
0.0 65.06533 0.0119 5.0 24.0
0.0 65.06533 0.0120 4.0 25.0
0.0 67.77638 0.0120 4.0 25.0
0.0 67.77638 0.0121 3.0 26.0
0.0 70.487434 0.0121 3.0 26.0
0.0 70.487434 0.0122 0.0 27.0
-1.2751725 72.87987 0.0122 0.0 27.0
-1.2751725 72.87987 0.0123 0.0 28.0
-2.550345 75.2723 0.0123 0.0 28.0
0.0 70.487434 0.0124 0.0 27.0
1.2751725 72.87987 0.0124 0.0 27.0
1.2751725 72.87987 0.0125 0.0 28.0
2.550345 75.2723 0.0125 0.0 28.0
0.0 70.487434 0.0126 2.0 27.0
0.0 73.19849 0.0126 2.0 27.0
0.0 73.19849 0.0127 1.0 28.0
0.0 75.90954 0.0127 1.0 28.0
0.0 75.90954 0.0128 0.0 29.0
0.0 78.62059 0.0128 0.0 29.0
0.0 78.62059 0.0129 0.0 30.0
0.0 81.33164 0.0129 0.0 30.0
