0.0 0.0 0.00 79.0 1.0
0.0 3.873673 0.00 79.0 1.0
0.0 3.873673 0.01 0.0 2.0
1.9559615 7.2172575 0.01 0.0 2.0
0.0 3.873673 0.02 78.0 2.0
0.0 7.747346 0.02 78.0 2.0
0.0 7.747346 0.03 0.0 3.0
-1.9559615 11.090931 0.03 0.0 3.0
0.0 7.747346 0.04 77.0 3.0
0.0 11.621019 0.04 77.0 3.0
0.0 11.621019 0.05 1.0 4.0
1.9559615 14.964603 0.05 1.0 4.0
1.9559615 14.964603 0.06 0.0 5.0
5.3325615 16.863 0.06 0.0 5.0
1.9559615 14.964603 0.07 0.0 5.0
3.911923 18.308187 0.07 0.0 5.0
3.911923 18.308187 0.08 0.0 6.0
3.911923 22.18186 0.08 0.0 6.0
3.911923 18.308187 0.09 0.0 6.0
5.8678846 21.651772 0.09 0.0 6.0
0.0 11.621019 0.010 76.0 4.0
0.0 15.494692 0.010 76.0 4.0
0.0 15.494692 0.011 0.0 5.0
1.9559615 18.838276 0.011 0.0 5.0
0.0 15.494692 0.012 75.0 5.0
0.0 19.368364 0.012 75.0 5.0
0.0 19.368364 0.013 0.0 6.0
-1.9559615 22.711948 0.013 0.0 6.0
0.0 19.368364 0.014 74.0 6.0
0.0 23.242037 0.014 74.0 6.0
0.0 23.242037 0.015 1.0 7.0
1.9559615 26.58562 0.015 1.0 7.0
1.9559615 26.58562 0.016 0.0 8.0
5.3325615 28.484018 0.016 0.0 8.0
1.9559615 26.58562 0.017 0.0 8.0
3.911923 29.929205 0.017 0.0 8.0
3.911923 29.929205 0.018 0.0 9.0
3.911923 33.80288 0.018 0.0 9.0
3.911923 29.929205 0.019 0.0 9.0
5.8678846 33.27279 0.019 0.0 9.0
0.0 23.242037 0.020 73.0 7.0
0.0 27.11571 0.020 73.0 7.0
0.0 27.11571 0.021 0.0 8.0
1.9559615 30.459293 0.021 0.0 8.0
0.0 27.11571 0.022 72.0 8.0
0.0 30.989382 0.022 72.0 8.0
0.0 30.989382 0.023 0.0 9.0
-1.9559615 34.332966 0.023 0.0 9.0
0.0 30.989382 0.024 71.0 9.0
0.0 34.863056 0.024 71.0 9.0
0.0 34.863056 0.025 7.0 10.0
1.9559615 38.206642 0.025 7.0 10.0
1.9559615 38.206642 0.026 0.0 11.0
5.3325615 40.10504 0.026 0.0 11.0
1.9559615 38.206642 0.027 6.0 11.0
3.911923 41.55023 0.027 6.0 11.0
3.911923 41.55023 0.028 0.0 12.0
3.911923 45.4239 0.028 0.0 12.0
3.911923 41.55023 0.029 5.0 12.0
5.8678846 44.893814 0.029 5.0 12.0
5.8678846 44.893814 0.030 1.0 13.0
9.244485 46.792213 0.030 1.0 13.0
9.244485 46.792213 0.031 0.0 14.0
13.11759 46.725857 0.031 0.0 14.0
9.244485 46.792213 0.032 0.0 14.0
12.621085 48.690613 0.032 0.0 14.0
12.621085 48.690613 0.033 0.0 15.0
14.577046 52.0342 0.033 0.0 15.0
12.621085 48.690613 0.034 0.0 15.0
15.997685 50.589012 0.034 0.0 15.0
5.8678846 44.893814 0.035 4.0 13.0
7.823846 48.2374 0.035 4.0 13.0
7.823846 48.2374 0.036 0.0 14.0
11.200446 50.1358 0.036 0.0 14.0
7.823846 48.2374 0.037 3.0 14.0
9.779807 51.580986 0.037 3.0 14.0
9.779807 51.580986 0.038 0.0 15.0
9.779807 55.45466 0.038 0.0 15.0
9.779807 51.580986 0.039 2.0 15.0
11.735768 54.924572 0.039 2.0 15.0
11.735768 54.924572 0.040 1.0 16.0
15.112369 56.82297 0.040 1.0 16.0
15.112369 56.82297 0.041 0.0 17.0
18.985474 56.756615 0.041 0.0 17.0
15.112369 56.82297 0.042 0.0 17.0
18.488968 58.72137 0.042 0.0 17.0
18.488968 58.72137 0.043 0.0 18.0
20.44493 62.064957 0.043 0.0 18.0
18.488968 58.72137 0.044 0.0 18.0
21.865568 60.61977 0.044 0.0 18.0
11.735768 54.924572 0.045 1.0 16.0
13.69173 58.268158 0.045 1.0 16.0
13.69173 58.268158 0.046 0.0 17.0
17.068329 60.166557 0.046 0.0 17.0
13.69173 58.268158 0.047 0.0 17.0
15.647691 61.611744 0.047 0.0 17.0
15.647691 61.611744 0.048 0.0 18.0
15.647691 65.48542 0.048 0.0 18.0
15.647691 61.611744 0.049 0.0 18.0
17.603653 64.95533 0.049 0.0 18.0
0.0 34.863056 0.050 70.0 10.0
0.0 38.73673 0.050 70.0 10.0
0.0 38.73673 0.051 0.0 11.0
1.9559615 42.080315 0.051 0.0 11.0
0.0 38.73673 0.052 69.0 11.0
0.0 42.6104 0.052 69.0 11.0
0.0 42.6104 0.053 0.0 12.0
-1.9559615 45.953987 0.053 0.0 12.0
0.0 42.6104 0.054 68.0 12.0
0.0 46.484074 0.054 68.0 12.0
0.0 46.484074 0.055 1.0 13.0
1.9559615 49.82766 0.055 1.0 13.0
1.9559615 49.82766 0.056 0.0 14.0
5.3325615 51.72606 0.056 0.0 14.0
1.9559615 49.82766 0.057 0.0 14.0
3.911923 53.171246 0.057 0.0 14.0
3.911923 53.171246 0.058 0.0 15.0
3.911923 57.044918 0.058 0.0 15.0
3.911923 53.171246 0.059 0.0 15.0
5.8678846 56.51483 0.059 0.0 15.0
0.0 46.484074 0.060 67.0 13.0
0.0 50.357746 0.060 67.0 13.0
0.0 50.357746 0.061 0.0 14.0
1.9559615 53.701332 0.061 0.0 14.0
0.0 50.357746 0.062 66.0 14.0
0.0 54.23142 0.062 66.0 14.0
0.0 54.23142 0.063 0.0 15.0
-1.9559615 57.575005 0.063 0.0 15.0
0.0 54.23142 0.064 65.0 15.0
0.0 58.10509 0.064 65.0 15.0
0.0 58.10509 0.065 1.0 16.0
1.9559615 61.448677 0.065 1.0 16.0
1.9559615 61.448677 0.066 0.0 17.0
5.3325615 63.347076 0.066 0.0 17.0
1.9559615 61.448677 0.067 0.0 17.0
3.911923 64.79226 0.067 0.0 17.0
3.911923 64.79226 0.068 0.0 18.0
3.911923 68.66593 0.068 0.0 18.0
3.911923 64.79226 0.069 0.0 18.0
5.8678846 68.13584 0.069 0.0 18.0
0.0 58.10509 0.070 64.0 16.0
0.0 61.978764 0.070 64.0 16.0
0.0 61.978764 0.071 0.0 17.0
1.9559615 65.32235 0.071 0.0 17.0
0.0 61.978764 0.072 63.0 17.0
0.0 65.85244 0.072 63.0 17.0
0.0 65.85244 0.073 0.0 18.0
-1.9559615 69.19602 0.073 0.0 18.0
0.0 65.85244 0.074 62.0 18.0
0.0 69.72611 0.074 62.0 18.0
0.0 69.72611 0.075 7.0 19.0
1.9559615 73.069695 0.075 7.0 19.0
1.9559615 73.069695 0.076 0.0 20.0
5.3325615 74.968094 0.076 0.0 20.0
1.9559615 73.069695 0.077 6.0 20.0
3.911923 76.41328 0.077 6.0 20.0
3.911923 76.41328 0.078 0.0 21.0
3.911923 80.28695 0.078 0.0 21.0
3.911923 76.41328 0.079 5.0 21.0
5.8678846 79.75686 0.079 5.0 21.0
5.8678846 79.75686 0.080 1.0 22.0
9.244485 81.65526 0.080 1.0 22.0
9.244485 81.65526 0.081 0.0 23.0
13.11759 81.5889 0.081 0.0 23.0
9.244485 81.65526 0.082 0.0 23.0
12.621085 83.55366 0.082 0.0 23.0
12.621085 83.55366 0.083 0.0 24.0
14.577046 86.89724 0.083 0.0 24.0
12.621085 83.55366 0.084 0.0 24.0
15.997685 85.45206 0.084 0.0 24.0
5.8678846 79.75686 0.085 4.0 22.0
7.823846 83.10044 0.085 4.0 22.0
7.823846 83.10044 0.086 0.0 23.0
11.200446 84.99884 0.086 0.0 23.0
7.823846 83.10044 0.087 3.0 23.0
9.779807 86.44402 0.087 3.0 23.0
9.779807 86.44402 0.088 0.0 24.0
9.779807 90.317696 0.088 0.0 24.0
9.779807 86.44402 0.089 2.0 24.0
11.735768 89.787605 0.089 2.0 24.0
11.735768 89.787605 0.090 1.0 25.0
15.112369 91.686005 0.090 1.0 25.0
15.112369 91.686005 0.091 0.0 26.0
18.985474 91.619644 0.091 0.0 26.0
15.112369 91.686005 0.092 0.0 26.0
18.488968 93.584404 0.092 0.0 26.0
18.488968 93.584404 0.093 0.0 27.0
20.44493 96.927986 0.093 0.0 27.0
18.488968 93.584404 0.094 0.0 27.0
21.865568 95.4828 0.094 0.0 27.0
11.735768 89.787605 0.095 1.0 25.0
13.69173 93.13119 0.095 1.0 25.0
13.69173 93.13119 0.096 0.0 26.0
17.068329 95.02959 0.096 0.0 26.0
13.69173 93.13119 0.097 0.0 26.0
15.647691 96.47477 0.097 0.0 26.0
15.647691 96.47477 0.098 0.0 27.0
15.647691 100.34844 0.098 0.0 27.0
15.647691 96.47477 0.099 0.0 27.0
17.603653 99.81835 0.099 0.0 27.0
0.0 69.72611 0.0100 61.0 19.0
0.0 73.599785 0.0100 61.0 19.0
0.0 73.599785 0.0101 0.0 20.0
1.9559615 76.94337 0.0101 0.0 20.0
0.0 73.599785 0.0102 60.0 20.0
0.0 77.47346 0.0102 60.0 20.0
0.0 77.47346 0.0103 0.0 21.0
-1.9559615 80.81704 0.0103 0.0 21.0
0.0 77.47346 0.0104 59.0 21.0
0.0 81.34713 0.0104 59.0 21.0
0.0 81.34713 0.0105 1.0 22.0
1.9559615 84.69071 0.0105 1.0 22.0
1.9559615 84.69071 0.0106 0.0 23.0
5.3325615 86.58911 0.0106 0.0 23.0
1.9559615 84.69071 0.0107 0.0 23.0
3.911923 88.034294 0.0107 0.0 23.0
3.911923 88.034294 0.0108 0.0 24.0
3.911923 91.90797 0.0108 0.0 24.0
3.911923 88.034294 0.0109 0.0 24.0
5.8678846 91.37788 0.0109 0.0 24.0
0.0 81.34713 0.0110 58.0 22.0
0.0 85.2208 0.0110 58.0 22.0
0.0 85.2208 0.0111 0.0 23.0
1.9559615 88.564384 0.0111 0.0 23.0
0.0 85.2208 0.0112 57.0 23.0
0.0 89.094475 0.0112 57.0 23.0
0.0 89.094475 0.0113 0.0 24.0
-1.9559615 92.43806 0.0113 0.0 24.0
0.0 89.094475 0.0114 56.0 24.0
0.0 92.96815 0.0114 56.0 24.0
0.0 92.96815 0.0115 1.0 25.0
1.9559615 96.31173 0.0115 1.0 25.0
1.9559615 96.31173 0.0116 0.0 26.0
5.3325615 98.21013 0.0116 0.0 26.0
1.9559615 96.31173 0.0117 0.0 26.0
3.911923 99.65531 0.0117 0.0 26.0
3.911923 99.65531 0.0118 0.0 27.0
3.911923 103.528984 0.0118 0.0 27.0
3.911923 99.65531 0.0119 0.0 27.0
5.8678846 102.99889 0.0119 0.0 27.0
0.0 92.96815 0.0120 55.0 25.0
0.0 96.84182 0.0120 55.0 25.0
0.0 96.84182 0.0121 0.0 26.0
1.9559615 100.1854 0.0121 0.0 26.0
0.0 96.84182 0.0122 54.0 26.0
0.0 100.71549 0.0122 54.0 26.0
0.0 100.71549 0.0123 0.0 27.0
-1.9559615 104.059074 0.0123 0.0 27.0
0.0 100.71549 0.0124 53.0 27.0
0.0 104.589165 0.0124 53.0 27.0
0.0 104.589165 0.0125 25.0 28.0
-1.9559615 107.93275 0.0125 25.0 28.0
-1.9559615 107.93275 0.0126 0.0 29.0
-1.9559615 111.80642 0.0126 0.0 29.0
-1.9559615 107.93275 0.0127 24.0 29.0
-3.911923 111.27633 0.0127 24.0 29.0
-3.911923 111.27633 0.0128 0.0 30.0
-7.2885227 113.17473 0.0128 0.0 30.0
-3.911923 111.27633 0.0129 23.0 30.0
-5.8678846 114.61991 0.0129 23.0 30.0
-5.8678846 114.61991 0.0130 1.0 31.0
-5.8678846 118.49358 0.0130 1.0 31.0
-5.8678846 118.49358 0.0131 0.0 32.0
-3.9119232 121.837166 0.0131 0.0 32.0
-5.8678846 118.49358 0.0132 0.0 32.0
-5.8678846 122.367256 0.0132 0.0 32.0
-5.8678846 122.367256 0.0133 0.0 33.0
-7.823846 125.71084 0.0133 0.0 33.0
-5.8678846 122.367256 0.0134 0.0 33.0
-5.8678846 126.24093 0.0134 0.0 33.0
-5.8678846 114.61991 0.0135 22.0 31.0
-7.823846 117.96349 0.0135 22.0 31.0
-7.823846 117.96349 0.0136 0.0 32.0
-7.823846 121.837166 0.0136 0.0 32.0
-7.823846 117.96349 0.0137 21.0 32.0
-9.779807 121.307076 0.0137 21.0 32.0
-9.779807 121.307076 0.0138 0.0 33.0
-13.156407 123.205475 0.0138 0.0 33.0
-9.779807 121.307076 0.0139 20.0 33.0
-11.735768 124.65066 0.0139 20.0 33.0
-11.735768 124.65066 0.0140 1.0 34.0
-11.735768 128.52434 0.0140 1.0 34.0
-11.735768 128.52434 0.0141 0.0 35.0
-9.779807 131.86792 0.0141 0.0 35.0
-11.735768 128.52434 0.0142 0.0 35.0
-11.735768 132.39801 0.0142 0.0 35.0
-11.735768 132.39801 0.0143 0.0 36.0
-13.69173 135.7416 0.0143 0.0 36.0
-11.735768 132.39801 0.0144 0.0 36.0
-11.735768 136.27168 0.0144 0.0 36.0
-11.735768 124.65066 0.0145 19.0 34.0
-13.69173 127.99424 0.0145 19.0 34.0
-13.69173 127.99424 0.0146 0.0 35.0
-13.69173 131.86792 0.0146 0.0 35.0
-13.69173 127.99424 0.0147 18.0 35.0
-15.647691 131.33783 0.0147 18.0 35.0
-15.647691 131.33783 0.0148 0.0 36.0
-19.02429 133.23622 0.0148 0.0 36.0
-15.647691 131.33783 0.0149 17.0 36.0
-17.603653 134.68141 0.0149 17.0 36.0
-17.603653 134.68141 0.0150 7.0 37.0
-17.603653 138.55508 0.0150 7.0 37.0
-17.603653 138.55508 0.0151 0.0 38.0
-15.647692 141.89867 0.0151 0.0 38.0
-17.603653 138.55508 0.0152 6.0 38.0
-17.603653 142.42876 0.0152 6.0 38.0
-17.603653 142.42876 0.0153 0.0 39.0
-19.559614 145.77234 0.0153 0.0 39.0
-17.603653 142.42876 0.0154 5.0 39.0
-17.603653 146.30243 0.0154 5.0 39.0
-17.603653 146.30243 0.0155 1.0 40.0
-15.647692 149.64601 0.0155 1.0 40.0
-15.647692 149.64601 0.0156 0.0 41.0
-12.271091 151.5444 0.0156 0.0 41.0
-15.647692 149.64601 0.0157 0.0 41.0
-13.6917305 152.9896 0.0157 0.0 41.0
-13.6917305 152.9896 0.0158 0.0 42.0
-13.6917305 156.86327 0.0158 0.0 42.0
-13.6917305 152.9896 0.0159 0.0 42.0
-11.735769 156.33318 0.0159 0.0 42.0
-17.603653 146.30243 0.0160 4.0 40.0
-17.603653 150.1761 0.0160 4.0 40.0
-17.603653 150.1761 0.0161 0.0 41.0
-15.647692 153.51968 0.0161 0.0 41.0
-17.603653 150.1761 0.0162 3.0 41.0
-17.603653 154.04977 0.0162 3.0 41.0
-17.603653 154.04977 0.0163 0.0 42.0
-19.559614 157.39336 0.0163 0.0 42.0
-17.603653 154.04977 0.0164 2.0 42.0
-17.603653 157.92345 0.0164 2.0 42.0
-17.603653 157.92345 0.0165 1.0 43.0
-15.647692 161.26703 0.0165 1.0 43.0
-15.647692 161.26703 0.0166 0.0 44.0
-12.271091 163.16542 0.0166 0.0 44.0
-15.647692 161.26703 0.0167 0.0 44.0
-13.6917305 164.61061 0.0167 0.0 44.0
-13.6917305 164.61061 0.0168 0.0 45.0
-13.6917305 168.48428 0.0168 0.0 45.0
-13.6917305 164.61061 0.0169 0.0 45.0
-11.735769 167.9542 0.0169 0.0 45.0
-17.603653 157.92345 0.0170 1.0 43.0
-17.603653 161.79712 0.0170 1.0 43.0
-17.603653 161.79712 0.0171 0.0 44.0
-15.647692 165.1407 0.0171 0.0 44.0
-17.603653 161.79712 0.0172 0.0 44.0
-17.603653 165.67079 0.0172 0.0 44.0
-17.603653 165.67079 0.0173 0.0 45.0
-19.559614 169.01437 0.0173 0.0 45.0
-17.603653 165.67079 0.0174 0.0 45.0
-17.603653 169.54446 0.0174 0.0 45.0
-17.603653 134.68141 0.0175 16.0 37.0
-19.559614 138.025 0.0175 16.0 37.0
-19.559614 138.025 0.0176 0.0 38.0
-19.559614 141.89867 0.0176 0.0 38.0
-19.559614 138.025 0.0177 15.0 38.0
-21.515575 141.36858 0.0177 15.0 38.0
-21.515575 141.36858 0.0178 0.0 39.0
-24.892176 143.26697 0.0178 0.0 39.0
-21.515575 141.36858 0.0179 14.0 39.0
-23.471537 144.71216 0.0179 14.0 39.0
-23.471537 144.71216 0.0180 1.0 40.0
-23.471537 148.58583 0.0180 1.0 40.0
-23.471537 148.58583 0.0181 0.0 41.0
-21.515575 151.92941 0.0181 0.0 41.0
-23.471537 148.58583 0.0182 0.0 41.0
-23.471537 152.4595 0.0182 0.0 41.0
-23.471537 152.4595 0.0183 0.0 42.0
-25.427498 155.80309 0.0183 0.0 42.0
-23.471537 152.4595 0.0184 0.0 42.0
-23.471537 156.33318 0.0184 0.0 42.0
-23.471537 144.71216 0.0185 13.0 40.0
-25.427498 148.05574 0.0185 13.0 40.0
-25.427498 148.05574 0.0186 0.0 41.0
-25.427498 151.92941 0.0186 0.0 41.0
-25.427498 148.05574 0.0187 12.0 41.0
-27.38346 151.39932 0.0187 12.0 41.0
-27.38346 151.39932 0.0188 0.0 42.0
-30.76006 153.29771 0.0188 0.0 42.0
-27.38346 151.39932 0.0189 11.0 42.0
-29.33942 154.7429 0.0189 11.0 42.0
-29.33942 154.7429 0.0190 1.0 43.0
-29.33942 158.61658 0.0190 1.0 43.0
-29.33942 158.61658 0.0191 0.0 44.0
-27.38346 161.96016 0.0191 0.0 44.0
-29.33942 158.61658 0.0192 0.0 44.0
-29.33942 162.49025 0.0192 0.0 44.0
-29.33942 162.49025 0.0193 0.0 45.0
-31.295382 165.83383 0.0193 0.0 45.0
-29.33942 162.49025 0.0194 0.0 45.0
-29.33942 166.36392 0.0194 0.0 45.0
-29.33942 154.7429 0.0195 10.0 43.0
-31.295382 158.08649 0.0195 10.0 43.0
-31.295382 158.08649 0.0196 0.0 44.0
-31.295382 161.96016 0.0196 0.0 44.0
-31.295382 158.08649 0.0197 9.0 44.0
-33.251343 161.43007 0.0197 9.0 44.0
-33.251343 161.43007 0.0198 0.0 45.0
-36.62794 163.32846 0.0198 0.0 45.0
-33.251343 161.43007 0.0199 8.0 45.0
-35.207306 164.77365 0.0199 8.0 45.0
-35.207306 164.77365 0.0200 7.0 46.0
-35.207306 168.64732 0.0200 7.0 46.0
-35.207306 168.64732 0.0201 0.0 47.0
-33.251343 171.9909 0.0201 0.0 47.0
-35.207306 168.64732 0.0202 6.0 47.0
-35.207306 172.521 0.0202 6.0 47.0
-35.207306 172.521 0.0203 0.0 48.0
-37.16327 175.86458 0.0203 0.0 48.0
-35.207306 172.521 0.0204 5.0 48.0
-35.207306 176.39467 0.0204 5.0 48.0
-35.207306 176.39467 0.0205 1.0 49.0
-33.251343 179.73825 0.0205 1.0 49.0
-33.251343 179.73825 0.0206 0.0 50.0
-29.874743 181.63664 0.0206 0.0 50.0
-33.251343 179.73825 0.0207 0.0 50.0
-31.295382 183.08183 0.0207 0.0 50.0
-31.295382 183.08183 0.0208 0.0 51.0
-31.295382 186.9555 0.0208 0.0 51.0
-31.295382 183.08183 0.0209 0.0 51.0
-29.33942 186.42542 0.0209 0.0 51.0
-35.207306 176.39467 0.0210 4.0 49.0
-35.207306 180.26834 0.0210 4.0 49.0
-35.207306 180.26834 0.0211 0.0 50.0
-33.251343 183.61192 0.0211 0.0 50.0
-35.207306 180.26834 0.0212 3.0 50.0
-35.207306 184.14201 0.0212 3.0 50.0
-35.207306 184.14201 0.0213 0.0 51.0
-37.16327 187.4856 0.0213 0.0 51.0
-35.207306 184.14201 0.0214 2.0 51.0
-35.207306 188.01569 0.0214 2.0 51.0
-35.207306 188.01569 0.0215 1.0 52.0
-33.251343 191.35927 0.0215 1.0 52.0
-33.251343 191.35927 0.0216 0.0 53.0
-29.874743 193.25766 0.0216 0.0 53.0
-33.251343 191.35927 0.0217 0.0 53.0
-31.295382 194.70285 0.0217 0.0 53.0
-31.295382 194.70285 0.0218 0.0 54.0
-31.295382 198.57652 0.0218 0.0 54.0
-31.295382 194.70285 0.0219 0.0 54.0
-29.33942 198.04643 0.0219 0.0 54.0
-35.207306 188.01569 0.0220 1.0 52.0
-35.207306 191.88936 0.0220 1.0 52.0
-35.207306 191.88936 0.0221 0.0 53.0
-33.251343 195.23294 0.0221 0.0 53.0
-35.207306 191.88936 0.0222 0.0 53.0
-35.207306 195.76303 0.0222 0.0 53.0
-35.207306 195.76303 0.0223 0.0 54.0
-37.16327 199.10661 0.0223 0.0 54.0
-35.207306 195.76303 0.0224 0.0 54.0
-35.207306 199.6367 0.0224 0.0 54.0
-35.207306 164.77365 0.0225 7.0 46.0
-37.16327 168.11723 0.0225 7.0 46.0
-37.16327 168.11723 0.0226 0.0 47.0
-37.16327 171.9909 0.0226 0.0 47.0
-37.16327 168.11723 0.0227 6.0 47.0
-39.119232 171.46082 0.0227 6.0 47.0
-39.119232 171.46082 0.0228 0.0 48.0
-42.49583 173.3592 0.0228 0.0 48.0
-39.119232 171.46082 0.0229 5.0 48.0
-41.075195 174.8044 0.0229 5.0 48.0
-41.075195 174.8044 0.0230 1.0 49.0
-41.075195 178.67807 0.0230 1.0 49.0
-41.075195 178.67807 0.0231 0.0 50.0
-39.119232 182.02165 0.0231 0.0 50.0
-41.075195 178.67807 0.0232 0.0 50.0
-41.075195 182.55174 0.0232 0.0 50.0
-41.075195 182.55174 0.0233 0.0 51.0
-43.03116 185.89532 0.0233 0.0 51.0
-41.075195 182.55174 0.0234 0.0 51.0
-41.075195 186.42542 0.0234 0.0 51.0
-41.075195 174.8044 0.0235 4.0 49.0
-43.03116 178.14798 0.0235 4.0 49.0
-43.03116 178.14798 0.0236 0.0 50.0
-43.03116 182.02165 0.0236 0.0 50.0
-43.03116 178.14798 0.0237 3.0 50.0
-44.98712 181.49156 0.0237 3.0 50.0
-44.98712 181.49156 0.0238 0.0 51.0
-48.36372 183.38995 0.0238 0.0 51.0
-44.98712 181.49156 0.0239 2.0 51.0
-46.943085 184.83514 0.0239 2.0 51.0
-46.943085 184.83514 0.0240 1.0 52.0
-46.943085 188.70882 0.0240 1.0 52.0
-46.943085 188.70882 0.0241 0.0 53.0
-44.98712 192.0524 0.0241 0.0 53.0
-46.943085 188.70882 0.0242 0.0 53.0
-46.943085 192.58249 0.0242 0.0 53.0
-46.943085 192.58249 0.0243 0.0 54.0
-48.899048 195.92607 0.0243 0.0 54.0
-46.943085 192.58249 0.0244 0.0 54.0
-46.943085 196.45616 0.0244 0.0 54.0
-46.943085 184.83514 0.0245 1.0 52.0
-48.899048 188.17873 0.0245 1.0 52.0
-48.899048 188.17873 0.0246 0.0 53.0
-48.899048 192.0524 0.0246 0.0 53.0
-48.899048 188.17873 0.0247 0.0 53.0
-50.85501 191.52231 0.0247 0.0 53.0
-50.85501 191.52231 0.0248 0.0 54.0
-54.23161 193.4207 0.0248 0.0 54.0
-50.85501 191.52231 0.0249 0.0 54.0
-52.810974 194.86589 0.0249 0.0 54.0
0.0 104.589165 0.0250 52.0 28.0
0.0 108.46284 0.0250 52.0 28.0
0.0 108.46284 0.0251 0.0 29.0
1.9559615 111.80642 0.0251 0.0 29.0
0.0 108.46284 0.0252 51.0 29.0
0.0 112.33651 0.0252 51.0 29.0
0.0 112.33651 0.0253 0.0 30.0
-1.9559615 115.68009 0.0253 0.0 30.0
0.0 112.33651 0.0254 50.0 30.0
0.0 116.21018 0.0254 50.0 30.0
0.0 116.21018 0.0255 1.0 31.0
1.9559615 119.553764 0.0255 1.0 31.0
1.9559615 119.553764 0.0256 0.0 32.0
5.3325615 121.45216 0.0256 0.0 32.0
1.9559615 119.553764 0.0257 0.0 32.0
3.911923 122.89735 0.0257 0.0 32.0
3.911923 122.89735 0.0258 0.0 33.0
3.911923 126.77102 0.0258 0.0 33.0
3.911923 122.89735 0.0259 0.0 33.0
5.8678846 126.24093 0.0259 0.0 33.0
0.0 116.21018 0.0260 49.0 31.0
0.0 120.083855 0.0260 49.0 31.0
0.0 120.083855 0.0261 0.0 32.0
1.9559615 123.42744 0.0261 0.0 32.0
0.0 120.083855 0.0262 48.0 32.0
0.0 123.95753 0.0262 48.0 32.0
0.0 123.95753 0.0263 0.0 33.0
-1.9559615 127.30111 0.0263 0.0 33.0
0.0 123.95753 0.0264 47.0 33.0
0.0 127.8312 0.0264 47.0 33.0
0.0 127.8312 0.0265 1.0 34.0
1.9559615 131.17479 0.0265 1.0 34.0
1.9559615 131.17479 0.0266 0.0 35.0
5.3325615 133.07318 0.0266 0.0 35.0
1.9559615 131.17479 0.0267 0.0 35.0
3.911923 134.51837 0.0267 0.0 35.0
3.911923 134.51837 0.0268 0.0 36.0
3.911923 138.39204 0.0268 0.0 36.0
3.911923 134.51837 0.0269 0.0 36.0
5.8678846 137.86195 0.0269 0.0 36.0
0.0 127.8312 0.0270 46.0 34.0
0.0 131.70488 0.0270 46.0 34.0
0.0 131.70488 0.0271 0.0 35.0
1.9559615 135.04846 0.0271 0.0 35.0
0.0 131.70488 0.0272 45.0 35.0
0.0 135.57855 0.0272 45.0 35.0
0.0 135.57855 0.0273 0.0 36.0
-1.9559615 138.92213 0.0273 0.0 36.0
0.0 135.57855 0.0274 44.0 36.0
0.0 139.45222 0.0274 44.0 36.0
0.0 139.45222 0.0275 7.0 37.0
1.9559615 142.7958 0.0275 7.0 37.0
1.9559615 142.7958 0.0276 0.0 38.0
5.3325615 144.6942 0.0276 0.0 38.0
1.9559615 142.7958 0.0277 6.0 38.0
3.911923 146.13939 0.0277 6.0 38.0
3.911923 146.13939 0.0278 0.0 39.0
3.911923 150.01306 0.0278 0.0 39.0
3.911923 146.13939 0.0279 5.0 39.0
5.8678846 149.48297 0.0279 5.0 39.0
5.8678846 149.48297 0.0280 1.0 40.0
9.244485 151.38136 0.0280 1.0 40.0
9.244485 151.38136 0.0281 0.0 41.0
13.11759 151.315 0.0281 0.0 41.0
9.244485 151.38136 0.0282 0.0 41.0
12.621085 153.27975 0.0282 0.0 41.0
12.621085 153.27975 0.0283 0.0 42.0
14.577046 156.62334 0.0283 0.0 42.0
12.621085 153.27975 0.0284 0.0 42.0
15.997685 155.17815 0.0284 0.0 42.0
5.8678846 149.48297 0.0285 4.0 40.0
7.823846 152.82655 0.0285 4.0 40.0
7.823846 152.82655 0.0286 0.0 41.0
11.200446 154.72495 0.0286 0.0 41.0
7.823846 152.82655 0.0287 3.0 41.0
9.779807 156.17014 0.0287 3.0 41.0
9.779807 156.17014 0.0288 0.0 42.0
9.779807 160.04381 0.0288 0.0 42.0
9.779807 156.17014 0.0289 2.0 42.0
11.735768 159.51372 0.0289 2.0 42.0
11.735768 159.51372 0.0290 1.0 43.0
15.112369 161.41211 0.0290 1.0 43.0
15.112369 161.41211 0.0291 0.0 44.0
18.985474 161.34575 0.0291 0.0 44.0
15.112369 161.41211 0.0292 0.0 44.0
18.488968 163.3105 0.0292 0.0 44.0
18.488968 163.3105 0.0293 0.0 45.0
20.44493 166.65408 0.0293 0.0 45.0
18.488968 163.3105 0.0294 0.0 45.0
21.865568 165.2089 0.0294 0.0 45.0
11.735768 159.51372 0.0295 1.0 43.0
13.69173 162.8573 0.0295 1.0 43.0
13.69173 162.8573 0.0296 0.0 44.0
17.068329 164.75569 0.0296 0.0 44.0
13.69173 162.8573 0.0297 0.0 44.0
15.647691 166.20088 0.0297 0.0 44.0
15.647691 166.20088 0.0298 0.0 45.0
15.647691 170.07455 0.0298 0.0 45.0
15.647691 166.20088 0.0299 0.0 45.0
17.603653 169.54446 0.0299 0.0 45.0
0.0 139.45222 0.0300 43.0 37.0
0.0 143.3259 0.0300 43.0 37.0
0.0 143.3259 0.0301 0.0 38.0
1.9559615 146.66948 0.0301 0.0 38.0
0.0 143.3259 0.0302 42.0 38.0
0.0 147.19957 0.0302 42.0 38.0
0.0 147.19957 0.0303 0.0 39.0
-1.9559615 150.54315 0.0303 0.0 39.0
0.0 147.19957 0.0304 41.0 39.0
0.0 151.07324 0.0304 41.0 39.0
0.0 151.07324 0.0305 1.0 40.0
1.9559615 154.41682 0.0305 1.0 40.0
1.9559615 154.41682 0.0306 0.0 41.0
5.3325615 156.31522 0.0306 0.0 41.0
1.9559615 154.41682 0.0307 0.0 41.0
3.911923 157.7604 0.0307 0.0 41.0
3.911923 157.7604 0.0308 0.0 42.0
3.911923 161.63408 0.0308 0.0 42.0
3.911923 157.7604 0.0309 0.0 42.0
5.8678846 161.10399 0.0309 0.0 42.0
0.0 151.07324 0.0310 40.0 40.0
0.0 154.94691 0.0310 40.0 40.0
0.0 154.94691 0.0311 0.0 41.0
1.9559615 158.2905 0.0311 0.0 41.0
0.0 154.94691 0.0312 39.0 41.0
0.0 158.82059 0.0312 39.0 41.0
0.0 158.82059 0.0313 0.0 42.0
-1.9559615 162.16417 0.0313 0.0 42.0
0.0 158.82059 0.0314 38.0 42.0
0.0 162.69426 0.0314 38.0 42.0
0.0 162.69426 0.0315 1.0 43.0
1.9559615 166.03784 0.0315 1.0 43.0
1.9559615 166.03784 0.0316 0.0 44.0
5.3325615 167.93623 0.0316 0.0 44.0
1.9559615 166.03784 0.0317 0.0 44.0
3.911923 169.38142 0.0317 0.0 44.0
3.911923 169.38142 0.0318 0.0 45.0
3.911923 173.2551 0.0318 0.0 45.0
3.911923 169.38142 0.0319 0.0 45.0
5.8678846 172.725 0.0319 0.0 45.0
0.0 162.69426 0.0320 37.0 43.0
0.0 166.56793 0.0320 37.0 43.0
0.0 166.56793 0.0321 0.0 44.0
1.9559615 169.91151 0.0321 0.0 44.0
0.0 166.56793 0.0322 36.0 44.0
0.0 170.4416 0.0322 36.0 44.0
0.0 170.4416 0.0323 0.0 45.0
-1.9559615 173.78519 0.0323 0.0 45.0
0.0 170.4416 0.0324 35.0 45.0
0.0 174.31528 0.0324 35.0 45.0
0.0 174.31528 0.0325 7.0 46.0
1.9559615 177.65886 0.0325 7.0 46.0
1.9559615 177.65886 0.0326 0.0 47.0
5.3325615 179.55725 0.0326 0.0 47.0
1.9559615 177.65886 0.0327 6.0 47.0
3.911923 181.00244 0.0327 6.0 47.0
3.911923 181.00244 0.0328 0.0 48.0
3.911923 184.87611 0.0328 0.0 48.0
3.911923 181.00244 0.0329 5.0 48.0
5.8678846 184.34602 0.0329 5.0 48.0
5.8678846 184.34602 0.0330 1.0 49.0
9.244485 186.24442 0.0330 1.0 49.0
9.244485 186.24442 0.0331 0.0 50.0
13.11759 186.17805 0.0331 0.0 50.0
9.244485 186.24442 0.0332 0.0 50.0
12.621085 188.1428 0.0332 0.0 50.0
12.621085 188.1428 0.0333 0.0 51.0
14.577046 191.48639 0.0333 0.0 51.0
12.621085 188.1428 0.0334 0.0 51.0
15.997685 190.0412 0.0334 0.0 51.0
5.8678846 184.34602 0.0335 4.0 49.0
7.823846 187.6896 0.0335 4.0 49.0
7.823846 187.6896 0.0336 0.0 50.0
11.200446 189.588 0.0336 0.0 50.0
7.823846 187.6896 0.0337 3.0 50.0
9.779807 191.03319 0.0337 3.0 50.0
9.779807 191.03319 0.0338 0.0 51.0
9.779807 194.90686 0.0338 0.0 51.0
9.779807 191.03319 0.0339 2.0 51.0
11.735768 194.37677 0.0339 2.0 51.0
11.735768 194.37677 0.0340 1.0 52.0
15.112369 196.27516 0.0340 1.0 52.0
15.112369 196.27516 0.0341 0.0 53.0
18.985474 196.2088 0.0341 0.0 53.0
15.112369 196.27516 0.0342 0.0 53.0
18.488968 198.17355 0.0342 0.0 53.0
18.488968 198.17355 0.0343 0.0 54.0
20.44493 201.51714 0.0343 0.0 54.0
18.488968 198.17355 0.0344 0.0 54.0
21.865568 200.07195 0.0344 0.0 54.0
11.735768 194.37677 0.0345 1.0 52.0
13.69173 197.72035 0.0345 1.0 52.0
13.69173 197.72035 0.0346 0.0 53.0
17.068329 199.61874 0.0346 0.0 53.0
13.69173 197.72035 0.0347 0.0 53.0
15.647691 201.06393 0.0347 0.0 53.0
15.647691 201.06393 0.0348 0.0 54.0
15.647691 204.9376 0.0348 0.0 54.0
15.647691 201.06393 0.0349 0.0 54.0
17.603653 204.40752 0.0349 0.0 54.0
0.0 174.31528 0.0350 34.0 46.0
0.0 178.18895 0.0350 34.0 46.0
0.0 178.18895 0.0351 0.0 47.0
1.9559615 181.53253 0.0351 0.0 47.0
0.0 178.18895 0.0352 33.0 47.0
0.0 182.06262 0.0352 33.0 47.0
0.0 182.06262 0.0353 0.0 48.0
-1.9559615 185.4062 0.0353 0.0 48.0
0.0 182.06262 0.0354 32.0 48.0
0.0 185.9363 0.0354 32.0 48.0
0.0 185.9363 0.0355 1.0 49.0
1.9559615 189.27988 0.0355 1.0 49.0
1.9559615 189.27988 0.0356 0.0 50.0
5.3325615 191.17827 0.0356 0.0 50.0
1.9559615 189.27988 0.0357 0.0 50.0
3.911923 192.62346 0.0357 0.0 50.0
3.911923 192.62346 0.0358 0.0 51.0
3.911923 196.49713 0.0358 0.0 51.0
3.911923 192.62346 0.0359 0.0 51.0
5.8678846 195.96704 0.0359 0.0 51.0
0.0 185.9363 0.0360 31.0 49.0
0.0 189.80997 0.0360 31.0 49.0
0.0 189.80997 0.0361 0.0 50.0
1.9559615 193.15355 0.0361 0.0 50.0
0.0 189.80997 0.0362 30.0 50.0
0.0 193.68364 0.0362 30.0 50.0
0.0 193.68364 0.0363 0.0 51.0
-1.9559615 197.02722 0.0363 0.0 51.0
0.0 193.68364 0.0364 29.0 51.0
0.0 197.55731 0.0364 29.0 51.0
0.0 197.55731 0.0365 1.0 52.0
1.9559615 200.9009 0.0365 1.0 52.0
1.9559615 200.9009 0.0366 0.0 53.0
5.3325615 202.79929 0.0366 0.0 53.0
1.9559615 200.9009 0.0367 0.0 53.0
3.911923 204.24448 0.0367 0.0 53.0
3.911923 204.24448 0.0368 0.0 54.0
3.911923 208.11815 0.0368 0.0 54.0
3.911923 204.24448 0.0369 0.0 54.0
5.8678846 207.58806 0.0369 0.0 54.0
0.0 197.55731 0.0370 28.0 52.0
0.0 201.43098 0.0370 28.0 52.0
0.0 201.43098 0.0371 0.0 53.0
1.9559615 204.77457 0.0371 0.0 53.0
0.0 201.43098 0.0372 27.0 53.0
0.0 205.30466 0.0372 27.0 53.0
0.0 205.30466 0.0373 0.0 54.0
-1.9559615 208.64824 0.0373 0.0 54.0
0.0 205.30466 0.0374 26.0 54.0
0.0 209.17833 0.0374 26.0 54.0
0.0 209.17833 0.0375 25.0 55.0
1.9559615 212.52191 0.0375 25.0 55.0
1.9559615 212.52191 0.0376 0.0 56.0
5.3325615 214.4203 0.0376 0.0 56.0
1.9559615 212.52191 0.0377 24.0 56.0
3.911923 215.8655 0.0377 24.0 56.0
3.911923 215.8655 0.0378 0.0 57.0
3.911923 219.73917 0.0378 0.0 57.0
3.911923 215.8655 0.0379 23.0 57.0
5.8678846 219.20908 0.0379 23.0 57.0
5.8678846 219.20908 0.0380 1.0 58.0
9.244485 221.10747 0.0380 1.0 58.0
9.244485 221.10747 0.0381 0.0 59.0
13.11759 221.0411 0.0381 0.0 59.0
9.244485 221.10747 0.0382 0.0 59.0
12.621085 223.00586 0.0382 0.0 59.0
12.621085 223.00586 0.0383 0.0 60.0
14.577046 226.34944 0.0383 0.0 60.0
12.621085 223.00586 0.0384 0.0 60.0
15.997685 224.90425 0.0384 0.0 60.0
5.8678846 219.20908 0.0385 22.0 58.0
7.823846 222.55266 0.0385 22.0 58.0
7.823846 222.55266 0.0386 0.0 59.0
11.200446 224.45105 0.0386 0.0 59.0
7.823846 222.55266 0.0387 21.0 59.0
9.779807 225.89624 0.0387 21.0 59.0
9.779807 225.89624 0.0388 0.0 60.0
9.779807 229.76991 0.0388 0.0 60.0
9.779807 225.89624 0.0389 20.0 60.0
11.735768 229.23982 0.0389 20.0 60.0
11.735768 229.23982 0.0390 1.0 61.0
15.112369 231.13821 0.0390 1.0 61.0
15.112369 231.13821 0.0391 0.0 62.0
18.985474 231.07185 0.0391 0.0 62.0
15.112369 231.13821 0.0392 0.0 62.0
18.488968 233.0366 0.0392 0.0 62.0
18.488968 233.0366 0.0393 0.0 63.0
20.44493 236.38019 0.0393 0.0 63.0
18.488968 233.0366 0.0394 0.0 63.0
21.865568 234.935 0.0394 0.0 63.0
11.735768 229.23982 0.0395 19.0 61.0
13.69173 232.5834 0.0395 19.0 61.0
13.69173 232.5834 0.0396 0.0 62.0
17.068329 234.4818 0.0396 0.0 62.0
13.69173 232.5834 0.0397 18.0 62.0
15.647691 235.92699 0.0397 18.0 62.0
15.647691 235.92699 0.0398 0.0 63.0
15.647691 239.80066 0.0398 0.0 63.0
15.647691 235.92699 0.0399 17.0 63.0
17.603653 239.27057 0.0399 17.0 63.0
17.603653 239.27057 0.0400 7.0 64.0
20.980253 241.16896 0.0400 7.0 64.0
20.980253 241.16896 0.0401 0.0 65.0
24.853357 241.1026 0.0401 0.0 65.0
20.980253 241.16896 0.0402 6.0 65.0
24.356853 243.06735 0.0402 6.0 65.0
24.356853 243.06735 0.0403 0.0 66.0
26.312815 246.41093 0.0403 0.0 66.0
24.356853 243.06735 0.0404 5.0 66.0
27.733454 244.96574 0.0404 5.0 66.0
27.733454 244.96574 0.0405 1.0 67.0
31.606558 244.89938 0.0405 1.0 67.0
31.606558 244.89938 0.0406 0.0 68.0
34.916145 242.88643 0.0406 0.0 68.0
31.606558 244.89938 0.0407 0.0 68.0
35.479664 244.83302 0.0407 0.0 68.0
35.479664 244.83302 0.0408 0.0 69.0
38.856262 246.73141 0.0408 0.0 69.0
35.479664 244.83302 0.0409 0.0 69.0
39.352768 244.76666 0.0409 0.0 69.0
27.733454 244.96574 0.0410 4.0 67.0
31.110054 246.86414 0.0410 4.0 67.0
31.110054 246.86414 0.0411 0.0 68.0
34.98316 246.79778 0.0411 0.0 68.0
31.110054 246.86414 0.0412 3.0 68.0
34.486652 248.76253 0.0412 3.0 68.0
34.486652 248.76253 0.0413 0.0 69.0
36.442616 252.10611 0.0413 0.0 69.0
34.486652 248.76253 0.0414 2.0 69.0
37.86325 250.66092 0.0414 2.0 69.0
37.86325 250.66092 0.0415 1.0 70.0
41.736355 250.59456 0.0415 1.0 70.0
41.736355 250.59456 0.0416 0.0 71.0
45.045944 248.5816 0.0416 0.0 71.0
41.736355 250.59456 0.0417 0.0 71.0
45.60946 250.5282 0.0417 0.0 71.0
45.60946 250.5282 0.0418 0.0 72.0
48.986057 252.42659 0.0418 0.0 72.0
45.60946 250.5282 0.0419 0.0 72.0
49.482563 250.46184 0.0419 0.0 72.0
37.86325 250.66092 0.0420 1.0 70.0
41.23985 252.55931 0.0420 1.0 70.0
41.23985 252.55931 0.0421 0.0 71.0
45.112953 252.49295 0.0421 0.0 71.0
41.23985 252.55931 0.0422 0.0 71.0
44.616447 254.4577 0.0422 0.0 71.0
44.616447 254.4577 0.0423 0.0 72.0
46.57241 257.8013 0.0423 0.0 72.0
44.616447 254.4577 0.0424 0.0 72.0
47.993046 256.3561 0.0424 0.0 72.0
17.603653 239.27057 0.0425 16.0 64.0
19.559614 242.61415 0.0425 16.0 64.0
19.559614 242.61415 0.0426 0.0 65.0
22.936214 244.51254 0.0426 0.0 65.0
19.559614 242.61415 0.0427 15.0 65.0
21.515575 245.95773 0.0427 15.0 65.0
21.515575 245.95773 0.0428 0.0 66.0
21.515575 249.8314 0.0428 0.0 66.0
21.515575 245.95773 0.0429 14.0 66.0
23.471537 249.30132 0.0429 14.0 66.0
23.471537 249.30132 0.0430 1.0 67.0
26.848137 251.1997 0.0430 1.0 67.0
26.848137 251.1997 0.0431 0.0 68.0
30.721241 251.13335 0.0431 0.0 68.0
26.848137 251.1997 0.0432 0.0 68.0
30.224737 253.0981 0.0432 0.0 68.0
30.224737 253.0981 0.0433 0.0 69.0
32.1807 256.44168 0.0433 0.0 69.0
30.224737 253.0981 0.0434 0.0 69.0
33.601337 254.99649 0.0434 0.0 69.0
23.471537 249.30132 0.0435 13.0 67.0
25.427498 252.6449 0.0435 13.0 67.0
25.427498 252.6449 0.0436 0.0 68.0
28.804098 254.54329 0.0436 0.0 68.0
25.427498 252.6449 0.0437 12.0 68.0
27.38346 255.98848 0.0437 12.0 68.0
27.38346 255.98848 0.0438 0.0 69.0
27.38346 259.86215 0.0438 0.0 69.0
27.38346 255.98848 0.0439 11.0 69.0
29.33942 259.33206 0.0439 11.0 69.0
29.33942 259.33206 0.0440 1.0 70.0
32.71602 261.23047 0.0440 1.0 70.0
32.71602 261.23047 0.0441 0.0 71.0
36.589123 261.16412 0.0441 0.0 71.0
32.71602 261.23047 0.0442 0.0 71.0
36.092617 263.12888 0.0442 0.0 71.0
36.092617 263.12888 0.0443 0.0 72.0
38.04858 266.47247 0.0443 0.0 72.0
36.092617 263.12888 0.0444 0.0 72.0
39.469215 265.02728 0.0444 0.0 72.0
29.33942 259.33206 0.0445 10.0 70.0
31.295382 262.67566 0.0445 10.0 70.0
31.295382 262.67566 0.0446 0.0 71.0
34.67198 264.57407 0.0446 0.0 71.0
31.295382 262.67566 0.0447 9.0 71.0
33.251343 266.01926 0.0447 9.0 71.0
33.251343 266.01926 0.0448 0.0 72.0
33.251343 269.89294 0.0448 0.0 72.0
33.251343 266.01926 0.0449 8.0 72.0
35.207306 269.36285 0.0449 8.0 72.0
35.207306 269.36285 0.0450 7.0 73.0
38.583904 271.26126 0.0450 7.0 73.0
38.583904 271.26126 0.0451 0.0 74.0
42.45701 271.19492 0.0451 0.0 74.0
38.583904 271.26126 0.0452 6.0 74.0
41.960503 273.15967 0.0452 6.0 74.0
41.960503 273.15967 0.0453 0.0 75.0
43.916466 276.50327 0.0453 0.0 75.0
41.960503 273.15967 0.0454 5.0 75.0
45.3371 275.05807 0.0454 5.0 75.0
45.3371 275.05807 0.0455 1.0 76.0
49.210205 274.99173 0.0455 1.0 76.0
49.210205 274.99173 0.0456 0.0 77.0
52.51979 272.9788 0.0456 0.0 77.0
49.210205 274.99173 0.0457 0.0 77.0
53.08331 274.92538 0.0457 0.0 77.0
53.08331 274.92538 0.0458 0.0 78.0
56.459908 276.8238 0.0458 0.0 78.0
53.08331 274.92538 0.0459 0.0 78.0
56.956413 274.85904 0.0459 0.0 78.0
45.3371 275.05807 0.0460 4.0 76.0
48.7137 276.95648 0.0460 4.0 76.0
48.7137 276.95648 0.0461 0.0 77.0
52.586803 276.89014 0.0461 0.0 77.0
48.7137 276.95648 0.0462 3.0 77.0
52.090298 278.8549 0.0462 3.0 77.0
52.090298 278.8549 0.0463 0.0 78.0
54.04626 282.1985 0.0463 0.0 78.0
52.090298 278.8549 0.0464 2.0 78.0
55.466896 280.7533 0.0464 2.0 78.0
55.466896 280.7533 0.0465 1.0 79.0
59.34 280.68695 0.0465 1.0 79.0
59.34 280.68695 0.0466 0.0 80.0
62.64959 278.674 0.0466 0.0 80.0
59.34 280.68695 0.0467 0.0 80.0
63.213104 280.6206 0.0467 0.0 80.0
63.213104 280.6206 0.0468 0.0 81.0
66.58971 282.519 0.0468 0.0 81.0
63.213104 280.6206 0.0469 0.0 81.0
67.08621 280.55426 0.0469 0.0 81.0
55.466896 280.7533 0.0470 1.0 79.0
58.843494 282.6517 0.0470 1.0 79.0
58.843494 282.6517 0.0471 0.0 80.0
62.7166 282.58536 0.0471 0.0 80.0
58.843494 282.6517 0.0472 0.0 80.0
62.220093 284.5501 0.0472 0.0 80.0
62.220093 284.5501 0.0473 0.0 81.0
64.176056 287.8937 0.0473 0.0 81.0
62.220093 284.5501 0.0474 0.0 81.0
65.596695 286.44852 0.0474 0.0 81.0
35.207306 269.36285 0.0475 7.0 73.0
37.16327 272.70645 0.0475 7.0 73.0
37.16327 272.70645 0.0476 0.0 74.0
40.539867 274.60486 0.0476 0.0 74.0
37.16327 272.70645 0.0477 6.0 74.0
39.119232 276.05005 0.0477 6.0 74.0
39.119232 276.05005 0.0478 0.0 75.0
39.119232 279.92374 0.0478 0.0 75.0
39.119232 276.05005 0.0479 5.0 75.0
41.075195 279.39365 0.0479 5.0 75.0
41.075195 279.39365 0.0480 1.0 76.0
44.451794 281.29205 0.0480 1.0 76.0
44.451794 281.29205 0.0481 0.0 77.0
48.324898 281.2257 0.0481 0.0 77.0
44.451794 281.29205 0.0482 0.0 77.0
47.828392 283.19046 0.0482 0.0 77.0
47.828392 283.19046 0.0483 0.0 78.0
49.784355 286.53406 0.0483 0.0 78.0
47.828392 283.19046 0.0484 0.0 78.0
51.20499 285.08887 0.0484 0.0 78.0
41.075195 279.39365 0.0485 4.0 76.0
43.03116 282.73724 0.0485 4.0 76.0
43.03116 282.73724 0.0486 0.0 77.0
46.407757 284.63565 0.0486 0.0 77.0
43.03116 282.73724 0.0487 3.0 77.0
44.98712 286.08084 0.0487 3.0 77.0
44.98712 286.08084 0.0488 0.0 78.0
44.98712 289.95453 0.0488 0.0 78.0
44.98712 286.08084 0.0489 2.0 78.0
46.943085 289.42444 0.0489 2.0 78.0
46.943085 289.42444 0.0490 1.0 79.0
50.319683 291.32285 0.0490 1.0 79.0
50.319683 291.32285 0.0491 0.0 80.0
54.192787 291.2565 0.0491 0.0 80.0
50.319683 291.32285 0.0492 0.0 80.0
53.69628 293.22125 0.0492 0.0 80.0
53.69628 293.22125 0.0493 0.0 81.0
55.652245 296.56485 0.0493 0.0 81.0
53.69628 293.22125 0.0494 0.0 81.0
57.07288 295.11966 0.0494 0.0 81.0
46.943085 289.42444 0.0495 1.0 79.0
48.899048 292.76804 0.0495 1.0 79.0
48.899048 292.76804 0.0496 0.0 80.0
52.275646 294.66644 0.0496 0.0 80.0
48.899048 292.76804 0.0497 0.0 80.0
50.85501 296.11163 0.0497 0.0 80.0
50.85501 296.11163 0.0498 0.0 81.0
50.85501 299.98532 0.0498 0.0 81.0
50.85501 296.11163 0.0499 0.0 81.0
52.810974 299.45523 0.0499 0.0 81.0
0.0 209.17833 0.0500 25.0 55.0
0.0 213.052 0.0500 25.0 55.0
0.0 213.052 0.0501 0.0 56.0
1.9559615 216.39558 0.0501 0.0 56.0
0.0 213.052 0.0502 24.0 56.0
0.0 216.92567 0.0502 24.0 56.0
0.0 216.92567 0.0503 0.0 57.0
-1.9559615 220.26926 0.0503 0.0 57.0
0.0 216.92567 0.0504 23.0 57.0
0.0 220.79935 0.0504 23.0 57.0
0.0 220.79935 0.0505 1.0 58.0
1.9559615 224.14293 0.0505 1.0 58.0
1.9559615 224.14293 0.0506 0.0 59.0
5.3325615 226.04132 0.0506 0.0 59.0
1.9559615 224.14293 0.0507 0.0 59.0
3.911923 227.48651 0.0507 0.0 59.0
3.911923 227.48651 0.0508 0.0 60.0
3.911923 231.36018 0.0508 0.0 60.0
3.911923 227.48651 0.0509 0.0 60.0
5.8678846 230.8301 0.0509 0.0 60.0
0.0 220.79935 0.0510 22.0 58.0
0.0 224.67302 0.0510 22.0 58.0
0.0 224.67302 0.0511 0.0 59.0
1.9559615 228.0166 0.0511 0.0 59.0
0.0 224.67302 0.0512 21.0 59.0
0.0 228.54669 0.0512 21.0 59.0
0.0 228.54669 0.0513 0.0 60.0
-1.9559615 231.89027 0.0513 0.0 60.0
0.0 228.54669 0.0514 20.0 60.0
0.0 232.42036 0.0514 20.0 60.0
0.0 232.42036 0.0515 1.0 61.0
1.9559615 235.76395 0.0515 1.0 61.0
1.9559615 235.76395 0.0516 0.0 62.0
5.3325615 237.66234 0.0516 0.0 62.0
1.9559615 235.76395 0.0517 0.0 62.0
3.911923 239.10753 0.0517 0.0 62.0
3.911923 239.10753 0.0518 0.0 63.0
3.911923 242.9812 0.0518 0.0 63.0
3.911923 239.10753 0.0519 0.0 63.0
5.8678846 242.45111 0.0519 0.0 63.0
0.0 232.42036 0.0520 19.0 61.0
0.0 236.29404 0.0520 19.0 61.0
0.0 236.29404 0.0521 0.0 62.0
1.9559615 239.63762 0.0521 0.0 62.0
0.0 236.29404 0.0522 18.0 62.0
0.0 240.16771 0.0522 18.0 62.0
0.0 240.16771 0.0523 0.0 63.0
-1.9559615 243.51129 0.0523 0.0 63.0
0.0 240.16771 0.0524 17.0 63.0
0.0 244.04138 0.0524 17.0 63.0
0.0 244.04138 0.0525 7.0 64.0
1.9559615 247.38496 0.0525 7.0 64.0
1.9559615 247.38496 0.0526 0.0 65.0
5.3325615 249.28336 0.0526 0.0 65.0
1.9559615 247.38496 0.0527 6.0 65.0
3.911923 250.72855 0.0527 6.0 65.0
3.911923 250.72855 0.0528 0.0 66.0
3.911923 254.60222 0.0528 0.0 66.0
3.911923 250.72855 0.0529 5.0 66.0
5.8678846 254.07213 0.0529 5.0 66.0
5.8678846 254.07213 0.0530 1.0 67.0
9.244485 255.97052 0.0530 1.0 67.0
9.244485 255.97052 0.0531 0.0 68.0
13.11759 255.90416 0.0531 0.0 68.0
9.244485 255.97052 0.0532 0.0 68.0
12.621085 257.86893 0.0532 0.0 68.0
12.621085 257.86893 0.0533 0.0 69.0
14.577046 261.21252 0.0533 0.0 69.0
12.621085 257.86893 0.0534 0.0 69.0
15.997685 259.76733 0.0534 0.0 69.0
5.8678846 254.07213 0.0535 4.0 67.0
7.823846 257.4157 0.0535 4.0 67.0
7.823846 257.4157 0.0536 0.0 68.0
11.200446 259.31412 0.0536 0.0 68.0
7.823846 257.4157 0.0537 3.0 68.0
9.779807 260.7593 0.0537 3.0 68.0
9.779807 260.7593 0.0538 0.0 69.0
9.779807 264.633 0.0538 0.0 69.0
9.779807 260.7593 0.0539 2.0 69.0
11.735768 264.1029 0.0539 2.0 69.0
11.735768 264.1029 0.0540 1.0 70.0
15.112369 266.0013 0.0540 1.0 70.0
15.112369 266.0013 0.0541 0.0 71.0
18.985474 265.93497 0.0541 0.0 71.0
15.112369 266.0013 0.0542 0.0 71.0
18.488968 267.89972 0.0542 0.0 71.0
18.488968 267.89972 0.0543 0.0 72.0
20.44493 271.24332 0.0543 0.0 72.0
18.488968 267.89972 0.0544 0.0 72.0
21.865568 269.79813 0.0544 0.0 72.0
11.735768 264.1029 0.0545 1.0 70.0
13.69173 267.4465 0.0545 1.0 70.0
13.69173 267.4465 0.0546 0.0 71.0
17.068329 269.3449 0.0546 0.0 71.0
13.69173 267.4465 0.0547 0.0 71.0
15.647691 270.7901 0.0547 0.0 71.0
15.647691 270.7901 0.0548 0.0 72.0
15.647691 274.6638 0.0548 0.0 72.0
15.647691 270.7901 0.0549 0.0 72.0
17.603653 274.1337 0.0549 0.0 72.0
0.0 244.04138 0.0550 16.0 64.0
0.0 247.91505 0.0550 16.0 64.0
0.0 247.91505 0.0551 0.0 65.0
1.9559615 251.25864 0.0551 0.0 65.0
0.0 247.91505 0.0552 15.0 65.0
0.0 251.78873 0.0552 15.0 65.0
0.0 251.78873 0.0553 0.0 66.0
-1.9559615 255.13231 0.0553 0.0 66.0
0.0 251.78873 0.0554 14.0 66.0
0.0 255.6624 0.0554 14.0 66.0
0.0 255.6624 0.0555 1.0 67.0
1.9559615 259.00598 0.0555 1.0 67.0
1.9559615 259.00598 0.0556 0.0 68.0
5.3325615 260.9044 0.0556 0.0 68.0
1.9559615 259.00598 0.0557 0.0 68.0
3.911923 262.34958 0.0557 0.0 68.0
3.911923 262.34958 0.0558 0.0 69.0
3.911923 266.22327 0.0558 0.0 69.0
3.911923 262.34958 0.0559 0.0 69.0
5.8678846 265.69318 0.0559 0.0 69.0
0.0 255.6624 0.0560 13.0 67.0
0.0 259.53607 0.0560 13.0 67.0
0.0 259.53607 0.0561 0.0 68.0
1.9559615 262.87967 0.0561 0.0 68.0
0.0 259.53607 0.0562 12.0 68.0
0.0 263.40976 0.0562 12.0 68.0
0.0 263.40976 0.0563 0.0 69.0
-1.9559615 266.75336 0.0563 0.0 69.0
0.0 263.40976 0.0564 11.0 69.0
0.0 267.28345 0.0564 11.0 69.0
0.0 267.28345 0.0565 1.0 70.0
1.9559615 270.62704 0.0565 1.0 70.0
1.9559615 270.62704 0.0566 0.0 71.0
5.3325615 272.52545 0.0566 0.0 71.0
1.9559615 270.62704 0.0567 0.0 71.0
3.911923 273.97064 0.0567 0.0 71.0
3.911923 273.97064 0.0568 0.0 72.0
3.911923 277.84433 0.0568 0.0 72.0
3.911923 273.97064 0.0569 0.0 72.0
5.8678846 277.31424 0.0569 0.0 72.0
0.0 267.28345 0.0570 10.0 70.0
0.0 271.15714 0.0570 10.0 70.0
0.0 271.15714 0.0571 0.0 71.0
1.9559615 274.50073 0.0571 0.0 71.0
0.0 271.15714 0.0572 9.0 71.0
0.0 275.03082 0.0572 9.0 71.0
0.0 275.03082 0.0573 0.0 72.0
-1.9559615 278.37442 0.0573 0.0 72.0
0.0 275.03082 0.0574 8.0 72.0
0.0 278.9045 0.0574 8.0 72.0
0.0 278.9045 0.0575 7.0 73.0
1.9559615 282.2481 0.0575 7.0 73.0
1.9559615 282.2481 0.0576 0.0 74.0
5.3325615 284.1465 0.0576 0.0 74.0
1.9559615 282.2481 0.0577 6.0 74.0
3.911923 285.5917 0.0577 6.0 74.0
3.911923 285.5917 0.0578 0.0 75.0
3.911923 289.4654 0.0578 0.0 75.0
3.911923 285.5917 0.0579 5.0 75.0
5.8678846 288.9353 0.0579 5.0 75.0
5.8678846 288.9353 0.0580 1.0 76.0
9.244485 290.8337 0.0580 1.0 76.0
9.244485 290.8337 0.0581 0.0 77.0
13.11759 290.76736 0.0581 0.0 77.0
9.244485 290.8337 0.0582 0.0 77.0
12.621085 292.73212 0.0582 0.0 77.0
12.621085 292.73212 0.0583 0.0 78.0
14.577046 296.0757 0.0583 0.0 78.0
12.621085 292.73212 0.0584 0.0 78.0
15.997685 294.63052 0.0584 0.0 78.0
5.8678846 288.9353 0.0585 4.0 76.0
7.823846 292.2789 0.0585 4.0 76.0
7.823846 292.2789 0.0586 0.0 77.0
11.200446 294.1773 0.0586 0.0 77.0
7.823846 292.2789 0.0587 3.0 77.0
9.779807 295.6225 0.0587 3.0 77.0
9.779807 295.6225 0.0588 0.0 78.0
9.779807 299.4962 0.0588 0.0 78.0
9.779807 295.6225 0.0589 2.0 78.0
11.735768 298.9661 0.0589 2.0 78.0
11.735768 298.9661 0.0590 1.0 79.0
15.112369 300.8645 0.0590 1.0 79.0
15.112369 300.8645 0.0591 0.0 80.0
18.985474 300.79816 0.0591 0.0 80.0
15.112369 300.8645 0.0592 0.0 80.0
18.488968 302.7629 0.0592 0.0 80.0
18.488968 302.7629 0.0593 0.0 81.0
20.44493 306.1065 0.0593 0.0 81.0
18.488968 302.7629 0.0594 0.0 81.0
21.865568 304.66132 0.0594 0.0 81.0
11.735768 298.9661 0.0595 1.0 79.0
13.69173 302.3097 0.0595 1.0 79.0
13.69173 302.3097 0.0596 0.0 80.0
17.068329 304.2081 0.0596 0.0 80.0
13.69173 302.3097 0.0597 0.0 80.0
15.647691 305.6533 0.0597 0.0 80.0
15.647691 305.6533 0.0598 0.0 81.0
15.647691 309.52698 0.0598 0.0 81.0
15.647691 305.6533 0.0599 0.0 81.0
17.603653 308.9969 0.0599 0.0 81.0
0.0 278.9045 0.0600 7.0 73.0
0.0 282.7782 0.0600 7.0 73.0
0.0 282.7782 0.0601 0.0 74.0
1.9559615 286.1218 0.0601 0.0 74.0
0.0 282.7782 0.0602 6.0 74.0
0.0 286.6519 0.0602 6.0 74.0
0.0 286.6519 0.0603 0.0 75.0
-1.9559615 289.99548 0.0603 0.0 75.0
0.0 286.6519 0.0604 5.0 75.0
0.0 290.52557 0.0604 5.0 75.0
0.0 290.52557 0.0605 1.0 76.0
1.9559615 293.86917 0.0605 1.0 76.0
1.9559615 293.86917 0.0606 0.0 77.0
5.3325615 295.76758 0.0606 0.0 77.0
1.9559615 293.86917 0.0607 0.0 77.0
3.911923 297.21277 0.0607 0.0 77.0
3.911923 297.21277 0.0608 0.0 78.0
3.911923 301.08646 0.0608 0.0 78.0
3.911923 297.21277 0.0609 0.0 78.0
5.8678846 300.55637 0.0609 0.0 78.0
0.0 290.52557 0.0610 4.0 76.0
0.0 294.39926 0.0610 4.0 76.0
0.0 294.39926 0.0611 0.0 77.0
1.9559615 297.74286 0.0611 0.0 77.0
0.0 294.39926 0.0612 3.0 77.0
0.0 298.27295 0.0612 3.0 77.0
0.0 298.27295 0.0613 0.0 78.0
-1.9559615 301.61655 0.0613 0.0 78.0
0.0 298.27295 0.0614 2.0 78.0
0.0 302.14664 0.0614 2.0 78.0
0.0 302.14664 0.0615 1.0 79.0
1.9559615 305.49023 0.0615 1.0 79.0
1.9559615 305.49023 0.0616 0.0 80.0
5.3325615 307.38864 0.0616 0.0 80.0
1.9559615 305.49023 0.0617 0.0 80.0
3.911923 308.83383 0.0617 0.0 80.0
3.911923 308.83383 0.0618 0.0 81.0
3.911923 312.70752 0.0618 0.0 81.0
3.911923 308.83383 0.0619 0.0 81.0
5.8678846 312.17743 0.0619 0.0 81.0
0.0 302.14664 0.0620 1.0 79.0
0.0 306.02032 0.0620 1.0 79.0
0.0 306.02032 0.0621 0.0 80.0
1.9559615 309.36392 0.0621 0.0 80.0
0.0 306.02032 0.0622 0.0 80.0
0.0 309.894 0.0622 0.0 80.0
0.0 309.894 0.0623 0.0 81.0
-1.9559615 313.2376 0.0623 0.0 81.0
0.0 309.894 0.0624 0.0 81.0
0.0 313.7677 0.0624 0.0 81.0
