0.0 0.0 0.00 28.0 1.0
0.0 2.0019608 0.00 28.0 1.0
0.0 2.0019608 0.01 27.0 2.0
0.0 4.0039215 0.01 27.0 2.0
0.0 4.0039215 0.02 26.0 3.0
0.0 6.0058823 0.02 26.0 3.0
0.0 6.0058823 0.03 25.0 4.0
0.0 8.007843 0.03 25.0 4.0
0.0 8.007843 0.04 24.0 5.0
0.0 10.009804 0.04 24.0 5.0
0.0 10.009804 0.05 23.0 6.0
0.0 12.011765 0.05 23.0 6.0
0.0 12.011765 0.06 22.0 7.0
0.0 14.013725 0.06 22.0 7.0
0.0 14.013725 0.07 21.0 8.0
0.0 16.015686 0.07 21.0 8.0
0.0 16.015686 0.08 12.0 9.0
-0.39871567 17.977541 0.08 12.0 9.0
-0.39871567 17.977541 0.09 11.0 10.0
-0.79743135 19.939396 0.09 11.0 10.0
-0.79743135 19.939396 0.010 10.0 11.0
-1.196147 21.90125 0.010 10.0 11.0
-1.196147 21.90125 0.011 9.0 12.0
-1.5948627 23.863106 0.011 9.0 12.0
-1.5948627 23.863106 0.012 4.0 13.0
-2.3763187 25.706247 0.012 4.0 13.0
-2.3763187 25.706247 0.013 3.0 14.0
-3.1577747 27.549389 0.013 3.0 14.0
-3.1577747 27.549389 0.014 0.0 15.0
-4.2906604 29.19997 0.014 0.0 15.0
-4.2906604 29.19997 0.015 0.0 16.0
-5.423546 30.850552 0.015 0.0 16.0
-3.1577747 27.549389 0.016 0.0 15.0
-3.5564904 29.511244 0.016 0.0 15.0
-3.5564904 29.511244 0.017 0.0 16.0
-3.9552062 31.473099 0.017 0.0 16.0
-3.1577747 27.549389 0.018 2.0 15.0
-3.9392307 29.39253 0.018 2.0 15.0
-3.9392307 29.39253 0.019 1.0 16.0
-4.720687 31.235672 0.019 1.0 16.0
-4.720687 31.235672 0.020 0.0 17.0
-5.502143 33.078815 0.020 0.0 17.0
-5.502143 33.078815 0.021 0.0 18.0
-6.283599 34.92196 0.021 0.0 18.0
-1.5948627 23.863106 0.022 4.0 13.0
-1.5948627 25.865067 0.022 4.0 13.0
-1.5948627 25.865067 0.023 3.0 14.0
-1.5948627 27.867027 0.023 3.0 14.0
-1.5948627 27.867027 0.024 0.0 15.0
-1.9935784 29.828882 0.024 0.0 15.0
-1.9935784 29.828882 0.025 0.0 16.0
-2.3922942 31.790737 0.025 0.0 16.0
-1.5948627 27.867027 0.026 0.0 15.0
-1.196147 29.828882 0.026 0.0 15.0
-1.196147 29.828882 0.027 0.0 16.0
-0.7974313 31.790737 0.027 0.0 16.0
-1.5948627 27.867027 0.028 2.0 15.0
-1.5948627 29.868988 0.028 2.0 15.0
-1.5948627 29.868988 0.029 1.0 16.0
-1.5948627 31.870949 0.029 1.0 16.0
-1.5948627 31.870949 0.030 0.0 17.0
-1.5948627 33.87291 0.030 0.0 17.0
-1.5948627 33.87291 0.031 0.0 18.0
-1.5948627 35.87487 0.031 0.0 18.0
-1.5948627 23.863106 0.032 8.0 13.0
-1.9935784 25.82496 0.032 8.0 13.0
-1.9935784 25.82496 0.033 7.0 14.0
-2.3922942 27.786816 0.033 7.0 14.0
-2.3922942 27.786816 0.034 6.0 15.0
-2.79101 29.74867 0.034 6.0 15.0
-2.79101 29.74867 0.035 5.0 16.0
-3.1897256 31.710526 0.035 5.0 16.0
-3.1897256 31.710526 0.036 4.0 17.0
-3.5884414 33.67238 0.036 4.0 17.0
-3.5884414 33.67238 0.037 3.0 18.0
-3.987157 35.63423 0.037 3.0 18.0
-3.987157 35.63423 0.038 0.0 19.0
-4.7686133 37.477375 0.038 0.0 19.0
-4.7686133 37.477375 0.039 0.0 20.0
-5.5500693 39.32052 0.039 0.0 20.0
-3.987157 35.63423 0.040 0.0 19.0
-3.987157 37.636192 0.040 0.0 19.0
-3.987157 37.636192 0.041 0.0 20.0
-3.987157 39.638153 0.041 0.0 20.0
-3.987157 35.63423 0.042 2.0 19.0
-4.385873 37.596085 0.042 2.0 19.0
-4.385873 37.596085 0.043 1.0 20.0
-4.7845883 39.557938 0.043 1.0 20.0
-4.7845883 39.557938 0.044 0.0 21.0
-5.183304 41.51979 0.044 0.0 21.0
-5.183304 41.51979 0.045 0.0 22.0
-5.5820193 43.481644 0.045 0.0 22.0
0.0 16.015686 0.046 12.0 9.0
0.39871567 17.977541 0.046 12.0 9.0
0.39871567 17.977541 0.047 11.0 10.0
0.79743135 19.939396 0.047 11.0 10.0
0.79743135 19.939396 0.048 10.0 11.0
1.196147 21.90125 0.048 10.0 11.0
1.196147 21.90125 0.049 9.0 12.0
1.5948627 23.863106 0.049 9.0 12.0
1.5948627 23.863106 0.050 4.0 13.0
1.5948627 25.865067 0.050 4.0 13.0
1.5948627 25.865067 0.051 3.0 14.0
1.5948627 27.867027 0.051 3.0 14.0
1.5948627 27.867027 0.052 0.0 15.0
1.196147 29.828882 0.052 0.0 15.0
1.196147 29.828882 0.053 0.0 16.0
0.7974313 31.790737 0.053 0.0 16.0
1.5948627 27.867027 0.054 0.0 15.0
1.9935784 29.828882 0.054 0.0 15.0
1.9935784 29.828882 0.055 0.0 16.0
2.3922942 31.790737 0.055 0.0 16.0
1.5948627 27.867027 0.056 2.0 15.0
1.5948627 29.868988 0.056 2.0 15.0
1.5948627 29.868988 0.057 1.0 16.0
1.5948627 31.870949 0.057 1.0 16.0
1.5948627 31.870949 0.058 0.0 17.0
1.5948627 33.87291 0.058 0.0 17.0
1.5948627 33.87291 0.059 0.0 18.0
1.5948627 35.87487 0.059 0.0 18.0
1.5948627 23.863106 0.060 4.0 13.0
2.3763187 25.706247 0.060 4.0 13.0
2.3763187 25.706247 0.061 3.0 14.0
3.1577747 27.549389 0.061 3.0 14.0
3.1577747 27.549389 0.062 0.0 15.0
3.5564904 29.511244 0.062 0.0 15.0
3.5564904 29.511244 0.063 0.0 16.0
3.9552062 31.473099 0.063 0.0 16.0
3.1577747 27.549389 0.064 0.0 15.0
4.2906604 29.19997 0.064 0.0 15.0
4.2906604 29.19997 0.065 0.0 16.0
5.423546 30.850552 0.065 0.0 16.0
3.1577747 27.549389 0.066 2.0 15.0
3.9392307 29.39253 0.066 2.0 15.0
3.9392307 29.39253 0.067 1.0 16.0
4.720687 31.235672 0.067 1.0 16.0
4.720687 31.235672 0.068 0.0 17.0
5.502143 33.078815 0.068 0.0 17.0
5.502143 33.078815 0.069 0.0 18.0
6.283599 34.92196 0.069 0.0 18.0
1.5948627 23.863106 0.070 8.0 13.0
1.9935784 25.82496 0.070 8.0 13.0
1.9935784 25.82496 0.071 7.0 14.0
2.3922942 27.786816 0.071 7.0 14.0
2.3922942 27.786816 0.072 6.0 15.0
2.79101 29.74867 0.072 6.0 15.0
2.79101 29.74867 0.073 5.0 16.0
3.1897256 31.710526 0.073 5.0 16.0
3.1897256 31.710526 0.074 4.0 17.0
3.5884414 33.67238 0.074 4.0 17.0
3.5884414 33.67238 0.075 3.0 18.0
3.987157 35.63423 0.075 3.0 18.0
3.987157 35.63423 0.076 0.0 19.0
3.987157 37.636192 0.076 0.0 19.0
3.987157 37.636192 0.077 0.0 20.0
3.987157 39.638153 0.077 0.0 20.0
3.987157 35.63423 0.078 0.0 19.0
4.7686133 37.477375 0.078 0.0 19.0
4.7686133 37.477375 0.079 0.0 20.0
5.5500693 39.32052 0.079 0.0 20.0
3.987157 35.63423 0.080 2.0 19.0
4.385873 37.596085 0.080 2.0 19.0
4.385873 37.596085 0.081 1.0 20.0
4.7845883 39.557938 0.081 1.0 20.0
4.7845883 39.557938 0.082 0.0 21.0
5.183304 41.51979 0.082 0.0 21.0
5.183304 41.51979 0.083 0.0 22.0
5.5820193 43.481644 0.083 0.0 22.0
0.0 16.015686 0.084 20.0 9.0
0.0 18.017647 0.084 20.0 9.0
0.0 18.017647 0.085 19.0 10.0
0.0 20.019608 0.085 19.0 10.0
0.0 20.019608 0.086 18.0 11.0
0.0 22.021568 0.086 18.0 11.0
0.0 22.021568 0.087 17.0 12.0
0.0 24.02353 0.087 17.0 12.0
0.0 24.02353 0.088 16.0 13.0
0.0 26.02549 0.088 16.0 13.0
0.0 26.02549 0.089 15.0 14.0
0.0 28.02745 0.089 15.0 14.0
0.0 28.02745 0.090 14.0 15.0
0.0 30.029411 0.090 14.0 15.0
0.0 30.029411 0.091 13.0 16.0
0.0 32.031372 0.091 13.0 16.0
0.0 32.031372 0.092 12.0 17.0
0.0 34.033333 0.092 12.0 17.0
0.0 34.033333 0.093 11.0 18.0
0.0 36.035294 0.093 11.0 18.0
0.0 36.035294 0.094 10.0 19.0
0.0 38.037254 0.094 10.0 19.0
0.0 38.037254 0.095 9.0 20.0
0.0 40.039215 0.095 9.0 20.0
0.0 40.039215 0.096 4.0 21.0
-0.39871567 42.00107 0.096 4.0 21.0
-0.39871567 42.00107 0.097 3.0 22.0
-0.79743135 43.96292 0.097 3.0 22.0
-0.79743135 43.96292 0.098 0.0 23.0
-1.5788875 45.806065 0.098 0.0 23.0
-1.5788875 45.806065 0.099 0.0 24.0
-2.3603435 47.649208 0.099 0.0 24.0
-0.79743135 43.96292 0.0100 0.0 23.0
-0.79743135 45.96488 0.0100 0.0 23.0
-0.79743135 45.96488 0.0101 0.0 24.0
-0.79743135 47.966843 0.0101 0.0 24.0
-0.79743135 43.96292 0.0102 2.0 23.0
-1.196147 45.924774 0.0102 2.0 23.0
-1.196147 45.924774 0.0103 1.0 24.0
-1.5948627 47.886627 0.0103 1.0 24.0
-1.5948627 47.886627 0.0104 0.0 25.0
-1.9935784 49.84848 0.0104 0.0 25.0
-1.9935784 49.84848 0.0105 0.0 26.0
-2.3922942 51.810333 0.0105 0.0 26.0
0.0 40.039215 0.0106 4.0 21.0
0.39871567 42.00107 0.0106 4.0 21.0
0.39871567 42.00107 0.0107 3.0 22.0
0.79743135 43.96292 0.0107 3.0 22.0
0.79743135 43.96292 0.0108 0.0 23.0
0.79743135 45.96488 0.0108 0.0 23.0
0.79743135 45.96488 0.0109 0.0 24.0
0.79743135 47.966843 0.0109 0.0 24.0
0.79743135 43.96292 0.0110 0.0 23.0
1.5788875 45.806065 0.0110 0.0 23.0
1.5788875 45.806065 0.0111 0.0 24.0
2.3603435 47.649208 0.0111 0.0 24.0
0.79743135 43.96292 0.0112 2.0 23.0
1.196147 45.924774 0.0112 2.0 23.0
1.196147 45.924774 0.0113 1.0 24.0
1.5948627 47.886627 0.0113 1.0 24.0
1.5948627 47.886627 0.0114 0.0 25.0
1.9935784 49.84848 0.0114 0.0 25.0
1.9935784 49.84848 0.0115 0.0 26.0
2.3922942 51.810333 0.0115 0.0 26.0
0.0 40.039215 0.0116 8.0 21.0
0.0 42.041176 0.0116 8.0 21.0
0.0 42.041176 0.0117 7.0 22.0
0.0 44.043137 0.0117 7.0 22.0
0.0 44.043137 0.0118 6.0 23.0
0.0 46.045097 0.0118 6.0 23.0
0.0 46.045097 0.0119 5.0 24.0
0.0 48.04706 0.0119 5.0 24.0
0.0 48.04706 0.0120 4.0 25.0
0.0 50.04902 0.0120 4.0 25.0
0.0 50.04902 0.0121 3.0 26.0
0.0 52.05098 0.0121 3.0 26.0
0.0 52.05098 0.0122 0.0 27.0
-0.39871567 54.012833 0.0122 0.0 27.0
-0.39871567 54.012833 0.0123 0.0 28.0
-0.79743135 55.974686 0.0123 0.0 28.0
0.0 52.05098 0.0124 0.0 27.0
0.39871567 54.012833 0.0124 0.0 27.0
0.39871567 54.012833 0.0125 0.0 28.0
0.79743135 55.974686 0.0125 0.0 28.0
0.0 52.05098 0.0126 2.0 27.0
0.0 54.05294 0.0126 2.0 27.0
0.0 54.05294 0.0127 1.0 28.0
0.0 56.0549 0.0127 1.0 28.0
0.0 56.0549 0.0128 0.0 29.0
0.0 58.05686 0.0128 0.0 29.0
0.0 58.05686 0.0129 0.0 30.0
0.0 60.058823 0.0129 0.0 30.0
