0.0 0.0 0.00 28.0 1.0
0.0 2.2173629 0.00 28.0 1.0
0.0 2.2173629 0.01 27.0 2.0
0.0 4.4347258 0.01 27.0 2.0
0.0 4.4347258 0.02 26.0 3.0
0.0 6.6520886 0.02 26.0 3.0
0.0 6.6520886 0.03 25.0 4.0
0.0 8.8694515 0.03 25.0 4.0
0.0 8.8694515 0.04 24.0 5.0
0.0 11.086815 0.04 24.0 5.0
0.0 11.086815 0.05 23.0 6.0
0.0 13.304178 0.05 23.0 6.0
0.0 13.304178 0.06 22.0 7.0
0.0 15.521542 0.06 22.0 7.0
0.0 15.521542 0.07 21.0 8.0
0.0 17.738905 0.07 21.0 8.0
0.0 17.738905 0.08 12.0 9.0
-0.8025118 19.80595 0.08 12.0 9.0
-0.8025118 19.80595 0.09 11.0 10.0
-1.6050236 21.872995 0.09 11.0 10.0
-1.6050236 21.872995 0.010 10.0 11.0
-2.4075356 23.94004 0.010 10.0 11.0
-2.4075356 23.94004 0.011 9.0 12.0
-3.2100472 26.007086 0.011 9.0 12.0
-3.2100472 26.007086 0.012 4.0 13.0
-4.7062635 27.643557 0.012 4.0 13.0
-4.7062635 27.643557 0.013 3.0 14.0
-6.2024803 29.280027 0.013 3.0 14.0
-6.2024803 29.280027 0.014 0.0 15.0
-8.18954 30.264046 0.014 0.0 15.0
-8.18954 30.264046 0.015 0.0 16.0
-10.1765995 31.248064 0.015 0.0 16.0
-6.2024803 29.280027 0.016 0.0 15.0
-7.004992 31.347073 0.016 0.0 15.0
-7.004992 31.347073 0.017 0.0 16.0
-7.8075037 33.414116 0.017 0.0 16.0
-6.2024803 29.280027 0.018 2.0 15.0
-7.698697 30.916498 0.018 2.0 15.0
-7.698697 30.916498 0.019 1.0 16.0
-9.194914 32.552967 0.019 1.0 16.0
-9.194914 32.552967 0.020 0.0 17.0
-10.691131 34.189438 0.020 0.0 17.0
-10.691131 34.189438 0.021 0.0 18.0
-12.187347 35.82591 0.021 0.0 18.0
-3.2100472 26.007086 0.022 4.0 13.0
-3.2100472 28.22445 0.022 4.0 13.0
-3.2100472 28.22445 0.023 3.0 14.0
-3.2100472 30.441813 0.023 3.0 14.0
-3.2100472 30.441813 0.024 0.0 15.0
-4.012559 32.508858 0.024 0.0 15.0
-4.012559 32.508858 0.025 0.0 16.0
-4.8150706 34.5759 0.025 0.0 16.0
-3.2100472 30.441813 0.026 0.0 15.0
-2.4075356 32.508858 0.026 0.0 15.0
-2.4075356 32.508858 0.027 0.0 16.0
-1.6050237 34.5759 0.027 0.0 16.0
-3.2100472 30.441813 0.028 2.0 15.0
-3.2100472 32.659176 0.028 2.0 15.0
-3.2100472 32.659176 0.029 1.0 16.0
-3.2100472 34.876537 0.029 1.0 16.0
-3.2100472 34.876537 0.030 0.0 17.0
-3.2100472 37.0939 0.030 0.0 17.0
-3.2100472 37.0939 0.031 0.0 18.0
-3.2100472 39.31126 0.031 0.0 18.0
-3.2100472 26.007086 0.032 8.0 13.0
-4.012559 28.074131 0.032 8.0 13.0
-4.012559 28.074131 0.033 7.0 14.0
-4.8150706 30.141176 0.033 7.0 14.0
-4.8150706 30.141176 0.034 6.0 15.0
-5.6175823 32.20822 0.034 6.0 15.0
-5.6175823 32.20822 0.035 5.0 16.0
-6.420094 34.275265 0.035 5.0 16.0
-6.420094 34.275265 0.036 4.0 17.0
-7.2226057 36.342308 0.036 4.0 17.0
-7.2226057 36.342308 0.037 3.0 18.0
-8.025118 38.40935 0.037 3.0 18.0
-8.025118 38.40935 0.038 0.0 19.0
-9.521335 40.045822 0.038 0.0 19.0
-9.521335 40.045822 0.039 0.0 20.0
-11.017551 41.682293 0.039 0.0 20.0
-8.025118 38.40935 0.040 0.0 19.0
-8.025118 40.626713 0.040 0.0 19.0
-8.025118 40.626713 0.041 0.0 20.0
-8.025118 42.844074 0.041 0.0 20.0
-8.025118 38.40935 0.042 2.0 19.0
-8.82763 40.476395 0.042 2.0 19.0
-8.82763 40.476395 0.043 1.0 20.0
-9.630142 42.543438 0.043 1.0 20.0
-9.630142 42.543438 0.044 0.0 21.0
-10.432654 44.61048 0.044 0.0 21.0
-10.432654 44.61048 0.045 0.0 22.0
-11.235167 46.677525 0.045 0.0 22.0
0.0 17.738905 0.046 12.0 9.0
0.8025118 19.80595 0.046 12.0 9.0
0.8025118 19.80595 0.047 11.0 10.0
1.6050236 21.872995 0.047 11.0 10.0
1.6050236 21.872995 0.048 10.0 11.0
2.4075356 23.94004 0.048 10.0 11.0
2.4075356 23.94004 0.049 9.0 12.0
3.2100472 26.007086 0.049 9.0 12.0
3.2100472 26.007086 0.050 4.0 13.0
3.2100472 28.22445 0.050 4.0 13.0
3.2100472 28.22445 0.051 3.0 14.0
3.2100472 30.441813 0.051 3.0 14.0
3.2100472 30.441813 0.052 0.0 15.0
2.4075356 32.508858 0.052 0.0 15.0
2.4075356 32.508858 0.053 0.0 16.0
1.6050237 34.5759 0.053 0.0 16.0
3.2100472 30.441813 0.054 0.0 15.0
4.012559 32.508858 0.054 0.0 15.0
4.012559 32.508858 0.055 0.0 16.0
4.8150706 34.5759 0.055 0.0 16.0
3.2100472 30.441813 0.056 2.0 15.0
3.2100472 32.659176 0.056 2.0 15.0
3.2100472 32.659176 0.057 1.0 16.0
3.2100472 34.876537 0.057 1.0 16.0
3.2100472 34.876537 0.058 0.0 17.0
3.2100472 37.0939 0.058 0.0 17.0
3.2100472 37.0939 0.059 0.0 18.0
3.2100472 39.31126 0.059 0.0 18.0
3.2100472 26.007086 0.060 4.0 13.0
4.7062635 27.643557 0.060 4.0 13.0
4.7062635 27.643557 0.061 3.0 14.0
6.2024803 29.280027 0.061 3.0 14.0
6.2024803 29.280027 0.062 0.0 15.0
7.004992 31.347073 0.062 0.0 15.0
7.004992 31.347073 0.063 0.0 16.0
7.8075037 33.414116 0.063 0.0 16.0
6.2024803 29.280027 0.064 0.0 15.0
8.18954 30.264046 0.064 0.0 15.0
8.18954 30.264046 0.065 0.0 16.0
10.1765995 31.248064 0.065 0.0 16.0
6.2024803 29.280027 0.066 2.0 15.0
7.698697 30.916498 0.066 2.0 15.0
7.698697 30.916498 0.067 1.0 16.0
9.194914 32.552967 0.067 1.0 16.0
9.194914 32.552967 0.068 0.0 17.0
10.691131 34.189438 0.068 0.0 17.0
10.691131 34.189438 0.069 0.0 18.0
12.187347 35.82591 0.069 0.0 18.0
3.2100472 26.007086 0.070 8.0 13.0
4.012559 28.074131 0.070 8.0 13.0
4.012559 28.074131 0.071 7.0 14.0
4.8150706 30.141176 0.071 7.0 14.0
4.8150706 30.141176 0.072 6.0 15.0
5.6175823 32.20822 0.072 6.0 15.0
5.6175823 32.20822 0.073 5.0 16.0
6.420094 34.275265 0.073 5.0 16.0
6.420094 34.275265 0.074 4.0 17.0
7.2226057 36.342308 0.074 4.0 17.0
7.2226057 36.342308 0.075 3.0 18.0
8.025118 38.40935 0.075 3.0 18.0
8.025118 38.40935 0.076 0.0 19.0
8.025118 40.626713 0.076 0.0 19.0
8.025118 40.626713 0.077 0.0 20.0
8.025118 42.844074 0.077 0.0 20.0
8.025118 38.40935 0.078 0.0 19.0
9.521335 40.045822 0.078 0.0 19.0
9.521335 40.045822 0.079 0.0 20.0
11.017551 41.682293 0.079 0.0 20.0
8.025118 38.40935 0.080 2.0 19.0
8.82763 40.476395 0.080 2.0 19.0
8.82763 40.476395 0.081 1.0 20.0
9.630142 42.543438 0.081 1.0 20.0
9.630142 42.543438 0.082 0.0 21.0
10.432654 44.61048 0.082 0.0 21.0
10.432654 44.61048 0.083 0.0 22.0
11.235167 46.677525 0.083 0.0 22.0
0.0 17.738905 0.084 20.0 9.0
0.0 19.956268 0.084 20.0 9.0
0.0 19.956268 0.085 19.0 10.0
0.0 22.173632 0.085 19.0 10.0
0.0 22.173632 0.086 18.0 11.0
0.0 24.390995 0.086 18.0 11.0
0.0 24.390995 0.087 17.0 12.0
0.0 26.608358 0.087 17.0 12.0
0.0 26.608358 0.088 16.0 13.0
0.0 28.825722 0.088 16.0 13.0
0.0 28.825722 0.089 15.0 14.0
0.0 31.043085 0.089 15.0 14.0
0.0 31.043085 0.090 14.0 15.0
0.0 33.26045 0.090 14.0 15.0
0.0 33.26045 0.091 13.0 16.0
0.0 35.47781 0.091 13.0 16.0
0.0 35.47781 0.092 12.0 17.0
0.0 37.69517 0.092 12.0 17.0
0.0 37.69517 0.093 11.0 18.0
0.0 39.912533 0.093 11.0 18.0
0.0 39.912533 0.094 10.0 19.0
0.0 42.129894 0.094 10.0 19.0
0.0 42.129894 0.095 9.0 20.0
0.0 44.347256 0.095 9.0 20.0
0.0 44.347256 0.096 4.0 21.0
-0.8025118 46.4143 0.096 4.0 21.0
-0.8025118 46.4143 0.097 3.0 22.0
-1.6050236 48.481342 0.097 3.0 22.0
-1.6050236 48.481342 0.098 0.0 23.0
-3.1012402 50.117813 0.098 0.0 23.0
-3.1012402 50.117813 0.099 0.0 24.0
-4.597457 51.754284 0.099 0.0 24.0
-1.6050236 48.481342 0.0100 0.0 23.0
-1.6050236 50.698704 0.0100 0.0 23.0
-1.6050236 50.698704 0.0101 0.0 24.0
-1.6050236 52.916065 0.0101 0.0 24.0
-1.6050236 48.481342 0.0102 2.0 23.0
-2.4075356 50.548386 0.0102 2.0 23.0
-2.4075356 50.548386 0.0103 1.0 24.0
-3.2100472 52.61543 0.0103 1.0 24.0
-3.2100472 52.61543 0.0104 0.0 25.0
-4.012559 54.682472 0.0104 0.0 25.0
-4.012559 54.682472 0.0105 0.0 26.0
-4.8150706 56.749516 0.0105 0.0 26.0
0.0 44.347256 0.0106 4.0 21.0
0.8025118 46.4143 0.0106 4.0 21.0
0.8025118 46.4143 0.0107 3.0 22.0
1.6050236 48.481342 0.0107 3.0 22.0
1.6050236 48.481342 0.0108 0.0 23.0
1.6050236 50.698704 0.0108 0.0 23.0
1.6050236 50.698704 0.0109 0.0 24.0
1.6050236 52.916065 0.0109 0.0 24.0
1.6050236 48.481342 0.0110 0.0 23.0
3.1012402 50.117813 0.0110 0.0 23.0
3.1012402 50.117813 0.0111 0.0 24.0
4.597457 51.754284 0.0111 0.0 24.0
1.6050236 48.481342 0.0112 2.0 23.0
2.4075356 50.548386 0.0112 2.0 23.0
2.4075356 50.548386 0.0113 1.0 24.0
3.2100472 52.61543 0.0113 1.0 24.0
3.2100472 52.61543 0.0114 0.0 25.0
4.012559 54.682472 0.0114 0.0 25.0
4.012559 54.682472 0.0115 0.0 26.0
4.8150706 56.749516 0.0115 0.0 26.0
0.0 44.347256 0.0116 8.0 21.0
0.0 46.564617 0.0116 8.0 21.0
0.0 46.564617 0.0117 7.0 22.0
0.0 48.78198 0.0117 7.0 22.0
0.0 48.78198 0.0118 6.0 23.0
0.0 50.99934 0.0118 6.0 23.0
0.0 50.99934 0.0119 5.0 24.0
0.0 53.2167 0.0119 5.0 24.0
0.0 53.2167 0.0120 4.0 25.0
0.0 55.434063 0.0120 4.0 25.0
0.0 55.434063 0.0121 3.0 26.0
0.0 57.651424 0.0121 3.0 26.0
0.0 57.651424 0.0122 0.0 27.0
-0.8025118 59.718468 0.0122 0.0 27.0
-0.8025118 59.718468 0.0123 0.0 28.0
-1.6050236 61.78551 0.0123 0.0 28.0
0.0 57.651424 0.0124 0.0 27.0
0.8025118 59.718468 0.0124 0.0 27.0
0.8025118 59.718468 0.0125 0.0 28.0
1.6050236 61.78551 0.0125 0.0 28.0
0.0 57.651424 0.0126 2.0 27.0
0.0 59.868786 0.0126 2.0 27.0
0.0 59.868786 0.0127 1.0 28.0
0.0 62.086147 0.0127 1.0 28.0
0.0 62.086147 0.0128 0.0 29.0
0.0 64.30351 0.0128 0.0 29.0
0.0 64.30351 0.0129 0.0 30.0
0.0 66.520874 0.0129 0.0 30.0
