0.0 0.0 0.00 11.0 1.0
0.0 1.6671581 0.00 11.0 1.0
0.0 1.6671581 0.01 10.0 2.0
0.0 3.3343163 0.01 10.0 2.0
0.0 3.3343163 0.02 1.0 3.0
0.0 5.0014744 0.02 1.0 3.0
0.0 5.0014744 0.03 0.0 4.0
-1.0947257 6.258849 0.03 0.0 4.0
-1.0947257 6.258849 0.04 0.0 5.0
-2.7460155 6.488322 0.04 0.0 5.0
0.0 3.3343163 0.05 1.0 3.0
-1.3960885 2.423079 0.05 1.0 3.0
-1.3960885 2.423079 0.06 0.0 4.0
-3.0473785 2.6525517 0.06 0.0 4.0
-3.0473785 2.6525517 0.07 0.0 5.0
-4.142104 3.9099264 0.07 0.0 5.0
0.0 3.3343163 0.08 9.0 3.0
-1.6512899 3.563789 0.08 9.0 3.0
-1.6512899 3.563789 0.09 8.0 4.0
-3.3025799 3.7932615 0.09 8.0 4.0
-3.3025799 3.7932615 0.010 1.0 5.0
-4.95387 4.022734 0.010 1.0 5.0
-4.95387 4.022734 0.011 0.0 6.0
-6.3499584 3.111497 0.011 0.0 6.0
-6.3499584 3.111497 0.012 0.0 7.0
-6.8045354 1.5075095 0.012 0.0 7.0
-3.3025799 3.7932615 0.013 1.0 5.0
-2.5921779 2.2850356 0.013 1.0 5.0
-2.5921779 2.2850356 0.014 0.0 6.0
-3.0467548 0.68104815 0.014 0.0 6.0
-3.0467548 0.68104815 0.015 0.0 7.0
-4.4428434 -0.23018903 0.015 0.0 7.0
-3.3025799 3.7932615 0.016 7.0 5.0
-3.7571568 2.189274 0.016 7.0 5.0
-3.7571568 2.189274 0.017 6.0 6.0
-4.211734 0.5852866 0.017 6.0 6.0
-4.211734 0.5852866 0.018 1.0 7.0
-4.666311 -1.0187008 0.018 1.0 7.0
-4.666311 -1.0187008 0.019 0.0 8.0
-3.9559088 -2.5269265 0.019 0.0 8.0
-3.9559088 -2.5269265 0.020 0.0 9.0
-2.4297576 -3.1979547 0.020 0.0 9.0
-4.211734 0.5852866 0.021 1.0 7.0
-2.6200817 1.0813307 0.021 1.0 7.0
-2.6200817 1.0813307 0.022 0.0 8.0
-1.0939301 0.41030335 0.022 0.0 8.0
-1.0939301 0.41030335 0.023 0.0 9.0
-0.38352728 -1.0979221 0.023 0.0 9.0
-4.211734 0.5852866 0.024 5.0 7.0
-2.6200817 1.0813307 0.024 5.0 7.0
-2.6200817 1.0813307 0.025 4.0 8.0
-1.0284295 1.5773747 0.025 4.0 8.0
-1.0284295 1.5773747 0.026 1.0 9.0
0.56322265 2.0734189 0.026 1.0 9.0
0.56322265 2.0734189 0.027 0.0 10.0
1.4379278 3.4926817 0.027 0.0 10.0
1.4379278 3.4926817 0.028 0.0 11.0
1.1656858 5.1374617 0.028 0.0 11.0
-1.0284295 1.5773747 0.029 1.0 9.0
-2.313786 2.6391068 0.029 1.0 9.0
-2.313786 2.6391068 0.030 0.0 10.0
-2.586028 4.2838864 0.030 0.0 10.0
-2.586028 4.2838864 0.031 0.0 11.0
-1.7113229 5.7031493 0.031 0.0 11.0
-1.0284295 1.5773747 0.032 3.0 9.0
-2.313786 2.6391068 0.032 3.0 9.0
-2.313786 2.6391068 0.033 2.0 10.0
-3.5991426 3.7008386 0.033 2.0 10.0
-3.5991426 3.7008386 0.034 1.0 11.0
-4.884499 4.7625704 0.034 1.0 11.0
-4.884499 4.7625704 0.035 0.0 12.0
-6.551096 4.7193127 0.035 0.0 12.0
-6.551096 4.7193127 0.036 0.0 13.0
-7.779643 3.592331 0.036 0.0 13.0
-3.5991426 3.7008386 0.037 1.0 11.0
-3.785693 2.0441506 0.037 1.0 11.0
-3.785693 2.0441506 0.038 0.0 12.0
-5.0142403 0.91716874 0.038 0.0 12.0
-5.0142403 0.91716874 0.039 0.0 13.0
-6.680837 0.87391114 0.039 0.0 13.0
-3.3025799 3.7932615 0.040 7.0 5.0
-1.7109277 4.2893057 0.040 7.0 5.0
-1.7109277 4.2893057 0.041 6.0 6.0
-0.11927557 4.78535 0.041 6.0 6.0
-0.11927557 4.78535 0.042 1.0 7.0
1.4723766 5.281394 0.042 1.0 7.0
1.4723766 5.281394 0.043 0.0 8.0
2.3470817 6.700657 0.043 0.0 8.0
2.3470817 6.700657 0.044 0.0 9.0
2.0748396 8.345436 0.044 0.0 9.0
-0.11927557 4.78535 0.045 1.0 7.0
-1.4046322 5.8470817 0.045 1.0 7.0
-1.4046322 5.8470817 0.046 0.0 8.0
-1.6768743 7.4918613 0.046 0.0 8.0
-1.6768743 7.4918613 0.047 0.0 9.0
-0.8021691 8.911124 0.047 0.0 9.0
-0.11927557 4.78535 0.048 5.0 7.0
0.7554296 6.2046127 0.048 5.0 7.0
0.7554296 6.2046127 0.049 4.0 8.0
1.6301348 7.6238756 0.049 4.0 8.0
1.6301348 7.6238756 0.050 1.0 9.0
2.50484 9.0431385 0.050 1.0 9.0
2.50484 9.0431385 0.051 0.0 10.0
2.2325978 10.687918 0.051 0.0 10.0
2.2325978 10.687918 0.052 0.0 11.0
0.9472412 11.74965 0.052 0.0 11.0
1.6301348 7.6238756 0.053 1.0 9.0
-0.03646195 7.580618 0.053 1.0 9.0
-0.03646195 7.580618 0.054 0.0 10.0
-1.3218186 8.64235 0.054 0.0 10.0
-1.3218186 8.64235 0.055 0.0 11.0
-1.5940607 10.28713 0.055 0.0 11.0
1.6301348 7.6238756 0.056 3.0 9.0
1.3578928 9.268656 0.056 3.0 9.0
1.3578928 9.268656 0.057 2.0 10.0
1.0856507 10.913435 0.057 2.0 10.0
1.0856507 10.913435 0.058 1.0 11.0
0.8134086 12.558214 0.058 1.0 11.0
0.8134086 12.558214 0.059 0.0 12.0
-0.47194803 13.6199465 0.059 0.0 12.0
-0.47194803 13.6199465 0.060 0.0 13.0
-2.1385448 13.576689 0.060 0.0 13.0
1.0856507 10.913435 0.061 1.0 11.0
-0.14289653 9.786453 0.061 1.0 11.0
-0.14289653 9.786453 0.062 0.0 12.0
-1.8094933 9.743196 0.062 0.0 12.0
-1.8094933 9.743196 0.063 0.0 13.0
-3.09485 10.804928 0.063 0.0 13.0
