0.0 0.0 0.00 79.0 1.0
0.0 4.2260513 0.00 79.0 1.0
0.0 4.2260513 0.01 0.0 2.0
-1.948978 7.9758506 0.01 0.0 2.0
0.0 4.2260513 0.02 78.0 2.0
0.0 8.452103 0.02 78.0 2.0
0.0 8.452103 0.03 0.0 3.0
1.948978 12.201902 0.03 0.0 3.0
0.0 8.452103 0.04 77.0 3.0
0.0 12.678154 0.04 77.0 3.0
0.0 12.678154 0.05 1.0 4.0
-1.948978 16.427954 0.05 1.0 4.0
-1.948978 16.427954 0.06 0.0 5.0
-5.407656 18.856339 0.06 0.0 5.0
-1.948978 16.427954 0.07 0.0 5.0
-3.897956 20.177753 0.07 0.0 5.0
-3.897956 20.177753 0.08 0.0 6.0
-3.897956 24.403805 0.08 0.0 6.0
-3.897956 20.177753 0.09 0.0 6.0
-5.846934 23.927553 0.09 0.0 6.0
0.0 12.678154 0.010 76.0 4.0
0.0 16.904205 0.010 76.0 4.0
0.0 16.904205 0.011 0.0 5.0
-1.948978 20.654005 0.011 0.0 5.0
0.0 16.904205 0.012 75.0 5.0
0.0 21.130257 0.012 75.0 5.0
0.0 21.130257 0.013 0.0 6.0
1.948978 24.880056 0.013 0.0 6.0
0.0 21.130257 0.014 74.0 6.0
0.0 25.356308 0.014 74.0 6.0
0.0 25.356308 0.015 1.0 7.0
1.948978 29.106108 0.015 1.0 7.0
1.948978 29.106108 0.016 0.0 8.0
1.948978 33.33216 0.016 0.0 8.0
1.948978 29.106108 0.017 0.0 8.0
3.897956 32.855907 0.017 0.0 8.0
3.897956 32.855907 0.018 0.0 9.0
7.356634 35.284294 0.018 0.0 9.0
3.897956 32.855907 0.019 0.0 9.0
5.846934 36.605705 0.019 0.0 9.0
0.0 25.356308 0.020 73.0 7.0
0.0 29.58236 0.020 73.0 7.0
0.0 29.58236 0.021 0.0 8.0
-1.948978 33.332157 0.021 0.0 8.0
0.0 29.58236 0.022 72.0 8.0
0.0 33.80841 0.022 72.0 8.0
0.0 33.80841 0.023 0.0 9.0
1.948978 37.55821 0.023 0.0 9.0
0.0 33.80841 0.024 71.0 9.0
0.0 38.034462 0.024 71.0 9.0
0.0 38.034462 0.025 7.0 10.0
-1.948978 41.78426 0.025 7.0 10.0
-1.948978 41.78426 0.026 0.0 11.0
-5.407656 44.212646 0.026 0.0 11.0
-1.948978 41.78426 0.027 6.0 11.0
-3.897956 45.534058 0.027 6.0 11.0
-3.897956 45.534058 0.028 0.0 12.0
-3.897956 49.76011 0.028 0.0 12.0
-3.897956 45.534058 0.029 5.0 12.0
-5.846934 49.283855 0.029 5.0 12.0
-5.846934 49.283855 0.030 1.0 13.0
-9.305613 51.712242 0.030 1.0 13.0
-9.305613 51.712242 0.031 0.0 14.0
-13.494444 52.27188 0.031 0.0 14.0
-9.305613 51.712242 0.032 0.0 14.0
-12.764291 54.14063 0.032 0.0 14.0
-12.764291 54.14063 0.033 0.0 15.0
-14.713268 57.890427 0.033 0.0 15.0
-12.764291 54.14063 0.034 0.0 15.0
-16.22297 56.569016 0.034 0.0 15.0
-5.846934 49.283855 0.035 4.0 13.0
-7.795912 53.033653 0.035 4.0 13.0
-7.795912 53.033653 0.036 0.0 14.0
-11.25459 55.46204 0.036 0.0 14.0
-7.795912 53.033653 0.037 3.0 14.0
-9.74489 56.78345 0.037 3.0 14.0
-9.74489 56.78345 0.038 0.0 15.0
-9.74489 61.009502 0.038 0.0 15.0
-9.74489 56.78345 0.039 2.0 15.0
-11.693869 60.53325 0.039 2.0 15.0
-11.693869 60.53325 0.040 1.0 16.0
-11.693869 64.7593 0.040 1.0 16.0
-11.693869 64.7593 0.041 0.0 17.0
-13.642847 68.5091 0.041 0.0 17.0
-11.693869 64.7593 0.042 0.0 17.0
-11.693869 68.98535 0.042 0.0 17.0
-11.693869 68.98535 0.043 0.0 18.0
-9.74489 72.73515 0.043 0.0 18.0
-11.693869 68.98535 0.044 0.0 18.0
-11.693869 73.2114 0.044 0.0 18.0
-11.693869 60.53325 0.045 1.0 16.0
-13.642847 64.28305 0.045 1.0 16.0
-13.642847 64.28305 0.046 0.0 17.0
-17.101524 66.71143 0.046 0.0 17.0
-13.642847 64.28305 0.047 0.0 17.0
-15.5918255 68.03285 0.047 0.0 17.0
-15.5918255 68.03285 0.048 0.0 18.0
-15.5918255 72.2589 0.048 0.0 18.0
-15.5918255 68.03285 0.049 0.0 18.0
-17.540804 71.78265 0.049 0.0 18.0
0.0 38.034462 0.050 70.0 10.0
0.0 42.260513 0.050 70.0 10.0
0.0 42.260513 0.051 0.0 11.0
-1.948978 46.01031 0.051 0.0 11.0
0.0 42.260513 0.052 69.0 11.0
0.0 46.486565 0.052 69.0 11.0
0.0 46.486565 0.053 0.0 12.0
1.948978 50.236362 0.053 0.0 12.0
0.0 46.486565 0.054 68.0 12.0
0.0 50.712616 0.054 68.0 12.0
0.0 50.712616 0.055 1.0 13.0
-1.948978 54.462414 0.055 1.0 13.0
-1.948978 54.462414 0.056 0.0 14.0
-5.407656 56.8908 0.056 0.0 14.0
-1.948978 54.462414 0.057 0.0 14.0
-3.897956 58.21221 0.057 0.0 14.0
-3.897956 58.21221 0.058 0.0 15.0
-3.897956 62.438263 0.058 0.0 15.0
-3.897956 58.21221 0.059 0.0 15.0
-5.846934 61.96201 0.059 0.0 15.0
0.0 50.712616 0.060 67.0 13.0
0.0 54.938667 0.060 67.0 13.0
0.0 54.938667 0.061 0.0 14.0
-1.948978 58.688465 0.061 0.0 14.0
0.0 54.938667 0.062 66.0 14.0
0.0 59.16472 0.062 66.0 14.0
0.0 59.16472 0.063 0.0 15.0
1.948978 62.914516 0.063 0.0 15.0
0.0 59.16472 0.064 65.0 15.0
0.0 63.39077 0.064 65.0 15.0
0.0 63.39077 0.065 1.0 16.0
1.948978 67.14057 0.065 1.0 16.0
1.948978 67.14057 0.066 0.0 17.0
1.948978 71.36662 0.066 0.0 17.0
1.948978 67.14057 0.067 0.0 17.0
3.897956 70.89037 0.067 0.0 17.0
3.897956 70.89037 0.068 0.0 18.0
7.356634 73.318756 0.068 0.0 18.0
3.897956 70.89037 0.069 0.0 18.0
5.846934 74.640175 0.069 0.0 18.0
0.0 63.39077 0.070 64.0 16.0
0.0 67.61682 0.070 64.0 16.0
0.0 67.61682 0.071 0.0 17.0
-1.948978 71.36662 0.071 0.0 17.0
0.0 67.61682 0.072 63.0 17.0
0.0 71.84287 0.072 63.0 17.0
0.0 71.84287 0.073 0.0 18.0
1.948978 75.592674 0.073 0.0 18.0
0.0 71.84287 0.074 62.0 18.0
0.0 76.068924 0.074 62.0 18.0
0.0 76.068924 0.075 7.0 19.0
1.948978 79.818726 0.075 7.0 19.0
1.948978 79.818726 0.076 0.0 20.0
1.948978 84.04478 0.076 0.0 20.0
1.948978 79.818726 0.077 6.0 20.0
3.897956 83.56853 0.077 6.0 20.0
3.897956 83.56853 0.078 0.0 21.0
7.356634 85.99691 0.078 0.0 21.0
3.897956 83.56853 0.079 5.0 21.0
5.846934 87.31833 0.079 5.0 21.0
5.846934 87.31833 0.080 1.0 22.0
5.846934 91.54438 0.080 1.0 22.0
5.846934 91.54438 0.081 0.0 23.0
3.897956 95.29418 0.081 0.0 23.0
5.846934 91.54438 0.082 0.0 23.0
5.846934 95.77043 0.082 0.0 23.0
5.846934 95.77043 0.083 0.0 24.0
7.795912 99.52023 0.083 0.0 24.0
5.846934 95.77043 0.084 0.0 24.0
5.846934 99.99648 0.084 0.0 24.0
5.846934 87.31833 0.085 4.0 22.0
7.795912 91.06813 0.085 4.0 22.0
7.795912 91.06813 0.086 0.0 23.0
7.795912 95.29418 0.086 0.0 23.0
7.795912 91.06813 0.087 3.0 23.0
9.74489 94.81793 0.087 3.0 23.0
9.74489 94.81793 0.088 0.0 24.0
13.203568 97.246315 0.088 0.0 24.0
9.74489 94.81793 0.089 2.0 24.0
11.693869 98.56773 0.089 2.0 24.0
11.693869 98.56773 0.090 1.0 25.0
15.152547 100.99612 0.090 1.0 25.0
15.152547 100.99612 0.091 0.0 26.0
17.101524 104.74592 0.091 0.0 26.0
15.152547 100.99612 0.092 0.0 26.0
18.611225 103.4245 0.092 0.0 26.0
18.611225 103.4245 0.093 0.0 27.0
22.800056 103.98414 0.093 0.0 27.0
18.611225 103.4245 0.094 0.0 27.0
22.069904 105.85288 0.094 0.0 27.0
11.693869 98.56773 0.095 1.0 25.0
13.642847 102.317535 0.095 1.0 25.0
13.642847 102.317535 0.096 0.0 26.0
13.642847 106.54359 0.096 0.0 26.0
13.642847 102.317535 0.097 0.0 26.0
15.5918255 106.06734 0.097 0.0 26.0
15.5918255 106.06734 0.098 0.0 27.0
19.050503 108.49572 0.098 0.0 27.0
15.5918255 106.06734 0.099 0.0 27.0
17.540804 109.81714 0.099 0.0 27.0
0.0 76.068924 0.0100 61.0 19.0
0.0 80.294975 0.0100 61.0 19.0
0.0 80.294975 0.0101 0.0 20.0
-1.948978 84.04478 0.0101 0.0 20.0
0.0 80.294975 0.0102 60.0 20.0
0.0 84.52103 0.0102 60.0 20.0
0.0 84.52103 0.0103 0.0 21.0
1.948978 88.27083 0.0103 0.0 21.0
0.0 84.52103 0.0104 59.0 21.0
0.0 88.74708 0.0104 59.0 21.0
0.0 88.74708 0.0105 1.0 22.0
-1.948978 92.49688 0.0105 1.0 22.0
-1.948978 92.49688 0.0106 0.0 23.0
-5.407656 94.92526 0.0106 0.0 23.0
-1.948978 92.49688 0.0107 0.0 23.0
-3.897956 96.24668 0.0107 0.0 23.0
-3.897956 96.24668 0.0108 0.0 24.0
-3.897956 100.47273 0.0108 0.0 24.0
-3.897956 96.24668 0.0109 0.0 24.0
-5.846934 99.99648 0.0109 0.0 24.0
0.0 88.74708 0.0110 58.0 22.0
0.0 92.97313 0.0110 58.0 22.0
0.0 92.97313 0.0111 0.0 23.0
-1.948978 96.72293 0.0111 0.0 23.0
0.0 92.97313 0.0112 57.0 23.0
0.0 97.19918 0.0112 57.0 23.0
0.0 97.19918 0.0113 0.0 24.0
1.948978 100.94898 0.0113 0.0 24.0
0.0 97.19918 0.0114 56.0 24.0
0.0 101.42523 0.0114 56.0 24.0
0.0 101.42523 0.0115 1.0 25.0
1.948978 105.17503 0.0115 1.0 25.0
1.948978 105.17503 0.0116 0.0 26.0
1.948978 109.401085 0.0116 0.0 26.0
1.948978 105.17503 0.0117 0.0 26.0
3.897956 108.924835 0.0117 0.0 26.0
3.897956 108.924835 0.0118 0.0 27.0
7.356634 111.35322 0.0118 0.0 27.0
3.897956 108.924835 0.0119 0.0 27.0
5.846934 112.67464 0.0119 0.0 27.0
0.0 101.42523 0.0120 55.0 25.0
0.0 105.65128 0.0120 55.0 25.0
0.0 105.65128 0.0121 0.0 26.0
-1.948978 109.401085 0.0121 0.0 26.0
0.0 105.65128 0.0122 54.0 26.0
0.0 109.877335 0.0122 54.0 26.0
0.0 109.877335 0.0123 0.0 27.0
1.948978 113.62714 0.0123 0.0 27.0
0.0 109.877335 0.0124 53.0 27.0
0.0 114.103386 0.0124 53.0 27.0
0.0 114.103386 0.0125 25.0 28.0
-1.948978 117.85319 0.0125 25.0 28.0
-1.948978 117.85319 0.0126 0.0 29.0
-5.407656 120.28157 0.0126 0.0 29.0
-1.948978 117.85319 0.0127 24.0 29.0
-3.897956 121.60299 0.0127 24.0 29.0
-3.897956 121.60299 0.0128 0.0 30.0
-3.897956 125.82904 0.0128 0.0 30.0
-3.897956 121.60299 0.0129 23.0 30.0
-5.846934 125.35279 0.0129 23.0 30.0
-5.846934 125.35279 0.0130 1.0 31.0
-9.305613 127.78117 0.0130 1.0 31.0
-9.305613 127.78117 0.0131 0.0 32.0
-13.494444 128.34082 0.0131 0.0 32.0
-9.305613 127.78117 0.0132 0.0 32.0
-12.764291 130.20956 0.0132 0.0 32.0
-12.764291 130.20956 0.0133 0.0 33.0
-14.713268 133.95937 0.0133 0.0 33.0
-12.764291 130.20956 0.0134 0.0 33.0
-16.22297 132.63795 0.0134 0.0 33.0
-5.846934 125.35279 0.0135 22.0 31.0
-7.795912 129.10258 0.0135 22.0 31.0
-7.795912 129.10258 0.0136 0.0 32.0
-11.25459 131.53098 0.0136 0.0 32.0
-7.795912 129.10258 0.0137 21.0 32.0
-9.74489 132.85239 0.0137 21.0 32.0
-9.74489 132.85239 0.0138 0.0 33.0
-9.74489 137.07843 0.0138 0.0 33.0
-9.74489 132.85239 0.0139 20.0 33.0
-11.693869 136.60219 0.0139 20.0 33.0
-11.693869 136.60219 0.0140 1.0 34.0
-11.693869 140.82825 0.0140 1.0 34.0
-11.693869 140.82825 0.0141 0.0 35.0
-13.642847 144.57805 0.0141 0.0 35.0
-11.693869 140.82825 0.0142 0.0 35.0
-11.693869 145.05429 0.0142 0.0 35.0
-11.693869 145.05429 0.0143 0.0 36.0
-9.74489 148.8041 0.0143 0.0 36.0
-11.693869 145.05429 0.0144 0.0 36.0
-11.693869 149.28033 0.0144 0.0 36.0
-11.693869 136.60219 0.0145 19.0 34.0
-13.642847 140.35199 0.0145 19.0 34.0
-13.642847 140.35199 0.0146 0.0 35.0
-17.101524 142.78038 0.0146 0.0 35.0
-13.642847 140.35199 0.0147 18.0 35.0
-15.5918255 144.10179 0.0147 18.0 35.0
-15.5918255 144.10179 0.0148 0.0 36.0
-15.5918255 148.32785 0.0148 0.0 36.0
-15.5918255 144.10179 0.0149 17.0 36.0
-17.540804 147.8516 0.0149 17.0 36.0
-17.540804 147.8516 0.0150 7.0 37.0
-20.999481 150.27998 0.0150 7.0 37.0
-20.999481 150.27998 0.0151 0.0 38.0
-25.188313 150.83963 0.0151 0.0 38.0
-20.999481 150.27998 0.0152 6.0 38.0
-24.45816 152.70837 0.0152 6.0 38.0
-24.45816 152.70837 0.0153 0.0 39.0
-26.407139 156.45818 0.0153 0.0 39.0
-24.45816 152.70837 0.0154 5.0 39.0
-27.91684 155.13676 0.0154 5.0 39.0
-27.91684 155.13676 0.0155 1.0 40.0
-32.10567 155.69641 0.0155 1.0 40.0
-32.10567 155.69641 0.0156 0.0 41.0
-36.08054 154.26117 0.0156 0.0 41.0
-32.10567 155.69641 0.0157 0.0 41.0
-36.294502 156.25606 0.0157 0.0 41.0
-36.294502 156.25606 0.0158 0.0 42.0
-39.75318 158.68445 0.0158 0.0 42.0
-36.294502 156.25606 0.0159 0.0 42.0
-40.483334 156.8157 0.0159 0.0 42.0
-27.91684 155.13676 0.0160 4.0 40.0
-31.375519 157.56516 0.0160 4.0 40.0
-31.375519 157.56516 0.0161 0.0 41.0
-35.56435 158.1248 0.0161 0.0 41.0
-31.375519 157.56516 0.0162 3.0 41.0
-34.834198 159.99355 0.0162 3.0 41.0
-34.834198 159.99355 0.0163 0.0 42.0
-36.783176 163.74335 0.0163 0.0 42.0
-34.834198 159.99355 0.0164 2.0 42.0
-38.292877 162.42194 0.0164 2.0 42.0
-38.292877 162.42194 0.0165 1.0 43.0
-40.241856 166.17174 0.0165 1.0 43.0
-40.241856 166.17174 0.0166 0.0 44.0
-43.700535 168.60013 0.0166 0.0 44.0
-40.241856 166.17174 0.0167 0.0 44.0
-42.190834 169.92154 0.0167 0.0 44.0
-42.190834 169.92154 0.0168 0.0 45.0
-42.190834 174.14758 0.0168 0.0 45.0
-42.190834 169.92154 0.0169 0.0 45.0
-44.139812 173.67134 0.0169 0.0 45.0
-38.292877 162.42194 0.0170 1.0 43.0
-41.751556 164.85033 0.0170 1.0 43.0
-41.751556 164.85033 0.0171 0.0 44.0
-45.940388 165.40997 0.0171 0.0 44.0
-41.751556 164.85033 0.0172 0.0 44.0
-45.210236 167.27872 0.0172 0.0 44.0
-45.210236 167.27872 0.0173 0.0 45.0
-47.159214 171.02852 0.0173 0.0 45.0
-45.210236 167.27872 0.0174 0.0 45.0
-48.668915 169.7071 0.0174 0.0 45.0
-17.540804 147.8516 0.0175 16.0 37.0
-19.489782 151.6014 0.0175 16.0 37.0
-19.489782 151.6014 0.0176 0.0 38.0
-22.94846 154.02979 0.0176 0.0 38.0
-19.489782 151.6014 0.0177 15.0 38.0
-21.43876 155.3512 0.0177 15.0 38.0
-21.43876 155.3512 0.0178 0.0 39.0
-21.43876 159.57724 0.0178 0.0 39.0
-21.43876 155.3512 0.0179 14.0 39.0
-23.38774 159.101 0.0179 14.0 39.0
-23.38774 159.101 0.0180 1.0 40.0
-26.846416 161.52939 0.0180 1.0 40.0
-26.846416 161.52939 0.0181 0.0 41.0
-31.035248 162.08904 0.0181 0.0 41.0
-26.846416 161.52939 0.0182 0.0 41.0
-30.305096 163.95778 0.0182 0.0 41.0
-30.305096 163.95778 0.0183 0.0 42.0
-32.254074 167.70758 0.0183 0.0 42.0
-30.305096 163.95778 0.0184 0.0 42.0
-33.763775 166.38617 0.0184 0.0 42.0
-23.38774 159.101 0.0185 13.0 40.0
-25.336718 162.8508 0.0185 13.0 40.0
-25.336718 162.8508 0.0186 0.0 41.0
-28.795395 165.27919 0.0186 0.0 41.0
-25.336718 162.8508 0.0187 12.0 41.0
-27.285696 166.6006 0.0187 12.0 41.0
-27.285696 166.6006 0.0188 0.0 42.0
-27.285696 170.82666 0.0188 0.0 42.0
-27.285696 166.6006 0.0189 11.0 42.0
-29.234674 170.3504 0.0189 11.0 42.0
-29.234674 170.3504 0.0190 1.0 43.0
-29.234674 174.57645 0.0190 1.0 43.0
-29.234674 174.57645 0.0191 0.0 44.0
-31.183653 178.32625 0.0191 0.0 44.0
-29.234674 174.57645 0.0192 0.0 44.0
-29.234674 178.80249 0.0192 0.0 44.0
-29.234674 178.80249 0.0193 0.0 45.0
-27.285696 182.55229 0.0193 0.0 45.0
-29.234674 178.80249 0.0194 0.0 45.0
-29.234674 183.02853 0.0194 0.0 45.0
-29.234674 170.3504 0.0195 10.0 43.0
-31.183653 174.1002 0.0195 10.0 43.0
-31.183653 174.1002 0.0196 0.0 44.0
-34.64233 176.5286 0.0196 0.0 44.0
-31.183653 174.1002 0.0197 9.0 44.0
-33.13263 177.85 0.0197 9.0 44.0
-33.13263 177.85 0.0198 0.0 45.0
-33.13263 182.07605 0.0198 0.0 45.0
-33.13263 177.85 0.0199 8.0 45.0
-35.081608 181.59981 0.0199 8.0 45.0
-35.081608 181.59981 0.0200 7.0 46.0
-35.081608 185.82587 0.0200 7.0 46.0
-35.081608 185.82587 0.0201 0.0 47.0
-37.030586 189.57567 0.0201 0.0 47.0
-35.081608 185.82587 0.0202 6.0 47.0
-35.081608 190.05191 0.0202 6.0 47.0
-35.081608 190.05191 0.0203 0.0 48.0
-33.13263 193.80171 0.0203 0.0 48.0
-35.081608 190.05191 0.0204 5.0 48.0
-35.081608 194.27795 0.0204 5.0 48.0
-35.081608 194.27795 0.0205 1.0 49.0
-37.030586 198.02776 0.0205 1.0 49.0
-37.030586 198.02776 0.0206 0.0 50.0
-40.489265 200.45615 0.0206 0.0 50.0
-37.030586 198.02776 0.0207 0.0 50.0
-38.979565 201.77756 0.0207 0.0 50.0
-38.979565 201.77756 0.0208 0.0 51.0
-38.979565 206.0036 0.0208 0.0 51.0
-38.979565 201.77756 0.0209 0.0 51.0
-40.928543 205.52736 0.0209 0.0 51.0
-35.081608 194.27795 0.0210 4.0 49.0
-35.081608 198.504 0.0210 4.0 49.0
-35.081608 198.504 0.0211 0.0 50.0
-37.030586 202.2538 0.0211 0.0 50.0
-35.081608 198.504 0.0212 3.0 50.0
-35.081608 202.73004 0.0212 3.0 50.0
-35.081608 202.73004 0.0213 0.0 51.0
-33.13263 206.47984 0.0213 0.0 51.0
-35.081608 202.73004 0.0214 2.0 51.0
-35.081608 206.95609 0.0214 2.0 51.0
-35.081608 206.95609 0.0215 1.0 52.0
-33.13263 210.70589 0.0215 1.0 52.0
-33.13263 210.70589 0.0216 0.0 53.0
-33.13263 214.93195 0.0216 0.0 53.0
-33.13263 210.70589 0.0217 0.0 53.0
-31.183651 214.45569 0.0217 0.0 53.0
-31.183651 214.45569 0.0218 0.0 54.0
-27.724972 216.88408 0.0218 0.0 54.0
-31.183651 214.45569 0.0219 0.0 54.0
-29.234673 218.20549 0.0219 0.0 54.0
-35.081608 206.95609 0.0220 1.0 52.0
-35.081608 211.18213 0.0220 1.0 52.0
-35.081608 211.18213 0.0221 0.0 53.0
-37.030586 214.93193 0.0221 0.0 53.0
-35.081608 211.18213 0.0222 0.0 53.0
-35.081608 215.40817 0.0222 0.0 53.0
-35.081608 215.40817 0.0223 0.0 54.0
-33.13263 219.15797 0.0223 0.0 54.0
-35.081608 215.40817 0.0224 0.0 54.0
-35.081608 219.63422 0.0224 0.0 54.0
-35.081608 181.59981 0.0225 7.0 46.0
-37.030586 185.34961 0.0225 7.0 46.0
-37.030586 185.34961 0.0226 0.0 47.0
-40.489265 187.778 0.0226 0.0 47.0
-37.030586 185.34961 0.0227 6.0 47.0
-38.979565 189.09941 0.0227 6.0 47.0
-38.979565 189.09941 0.0228 0.0 48.0
-38.979565 193.32547 0.0228 0.0 48.0
-38.979565 189.09941 0.0229 5.0 48.0
-40.928543 192.84921 0.0229 5.0 48.0
-40.928543 192.84921 0.0230 1.0 49.0
-44.387222 195.2776 0.0230 1.0 49.0
-44.387222 195.2776 0.0231 0.0 50.0
-48.576054 195.83725 0.0231 0.0 50.0
-44.387222 195.2776 0.0232 0.0 50.0
-47.8459 197.706 0.0232 0.0 50.0
-47.8459 197.706 0.0233 0.0 51.0
-49.79488 201.4558 0.0233 0.0 51.0
-47.8459 197.706 0.0234 0.0 51.0
-51.30458 200.13438 0.0234 0.0 51.0
-40.928543 192.84921 0.0235 4.0 49.0
-42.87752 196.59901 0.0235 4.0 49.0
-42.87752 196.59901 0.0236 0.0 50.0
-46.3362 199.0274 0.0236 0.0 50.0
-42.87752 196.59901 0.0237 3.0 50.0
-44.8265 200.34882 0.0237 3.0 50.0
-44.8265 200.34882 0.0238 0.0 51.0
-44.8265 204.57486 0.0238 0.0 51.0
-44.8265 200.34882 0.0239 2.0 51.0
-46.77548 204.09862 0.0239 2.0 51.0
-46.77548 204.09862 0.0240 1.0 52.0
-46.77548 208.32468 0.0240 1.0 52.0
-46.77548 208.32468 0.0241 0.0 53.0
-48.724457 212.07448 0.0241 0.0 53.0
-46.77548 208.32468 0.0242 0.0 53.0
-46.77548 212.55072 0.0242 0.0 53.0
-46.77548 212.55072 0.0243 0.0 54.0
-44.8265 216.30052 0.0243 0.0 54.0
-46.77548 212.55072 0.0244 0.0 54.0
-46.77548 216.77676 0.0244 0.0 54.0
-46.77548 204.09862 0.0245 1.0 52.0
-48.724457 207.84842 0.0245 1.0 52.0
-48.724457 207.84842 0.0246 0.0 53.0
-52.183136 210.27681 0.0246 0.0 53.0
-48.724457 207.84842 0.0247 0.0 53.0
-50.673435 211.59822 0.0247 0.0 53.0
-50.673435 211.59822 0.0248 0.0 54.0
-50.673435 215.82428 0.0248 0.0 54.0
-50.673435 211.59822 0.0249 0.0 54.0
-52.622414 215.34802 0.0249 0.0 54.0
0.0 114.103386 0.0250 52.0 28.0
0.0 118.32944 0.0250 52.0 28.0
0.0 118.32944 0.0251 0.0 29.0
-1.948978 122.07924 0.0251 0.0 29.0
0.0 118.32944 0.0252 51.0 29.0
0.0 122.55549 0.0252 51.0 29.0
0.0 122.55549 0.0253 0.0 30.0
1.948978 126.30529 0.0253 0.0 30.0
0.0 122.55549 0.0254 50.0 30.0
0.0 126.78154 0.0254 50.0 30.0
0.0 126.78154 0.0255 1.0 31.0
-1.948978 130.53134 0.0255 1.0 31.0
-1.948978 130.53134 0.0256 0.0 32.0
-5.407656 132.95973 0.0256 0.0 32.0
-1.948978 130.53134 0.0257 0.0 32.0
-3.897956 134.28114 0.0257 0.0 32.0
-3.897956 134.28114 0.0258 0.0 33.0
-3.897956 138.5072 0.0258 0.0 33.0
-3.897956 134.28114 0.0259 0.0 33.0
-5.846934 138.03094 0.0259 0.0 33.0
0.0 126.78154 0.0260 49.0 31.0
0.0 131.0076 0.0260 49.0 31.0
0.0 131.0076 0.0261 0.0 32.0
-1.948978 134.7574 0.0261 0.0 32.0
0.0 131.0076 0.0262 48.0 32.0
0.0 135.23364 0.0262 48.0 32.0
0.0 135.23364 0.0263 0.0 33.0
1.948978 138.98344 0.0263 0.0 33.0
0.0 135.23364 0.0264 47.0 33.0
0.0 139.45969 0.0264 47.0 33.0
0.0 139.45969 0.0265 1.0 34.0
1.948978 143.20949 0.0265 1.0 34.0
1.948978 143.20949 0.0266 0.0 35.0
1.948978 147.43555 0.0266 0.0 35.0
1.948978 143.20949 0.0267 0.0 35.0
3.897956 146.95929 0.0267 0.0 35.0
3.897956 146.95929 0.0268 0.0 36.0
7.356634 149.38768 0.0268 0.0 36.0
3.897956 146.95929 0.0269 0.0 36.0
5.846934 150.70909 0.0269 0.0 36.0
0.0 139.45969 0.0270 46.0 34.0
0.0 143.68573 0.0270 46.0 34.0
0.0 143.68573 0.0271 0.0 35.0
-1.948978 147.43553 0.0271 0.0 35.0
0.0 143.68573 0.0272 45.0 35.0
0.0 147.91177 0.0272 45.0 35.0
0.0 147.91177 0.0273 0.0 36.0
1.948978 151.66158 0.0273 0.0 36.0
0.0 147.91177 0.0274 44.0 36.0
0.0 152.13782 0.0274 44.0 36.0
0.0 152.13782 0.0275 7.0 37.0
-1.948978 155.88762 0.0275 7.0 37.0
-1.948978 155.88762 0.0276 0.0 38.0
-5.407656 158.31601 0.0276 0.0 38.0
-1.948978 155.88762 0.0277 6.0 38.0
-3.897956 159.63742 0.0277 6.0 38.0
-3.897956 159.63742 0.0278 0.0 39.0
-3.897956 163.86346 0.0278 0.0 39.0
-3.897956 159.63742 0.0279 5.0 39.0
-5.846934 163.38722 0.0279 5.0 39.0
-5.846934 163.38722 0.0280 1.0 40.0
-9.305613 165.81561 0.0280 1.0 40.0
-9.305613 165.81561 0.0281 0.0 41.0
-13.494444 166.37526 0.0281 0.0 41.0
-9.305613 165.81561 0.0282 0.0 41.0
-12.764291 168.244 0.0282 0.0 41.0
-12.764291 168.244 0.0283 0.0 42.0
-14.713268 171.9938 0.0283 0.0 42.0
-12.764291 168.244 0.0284 0.0 42.0
-16.22297 170.6724 0.0284 0.0 42.0
-5.846934 163.38722 0.0285 4.0 40.0
-7.795912 167.13702 0.0285 4.0 40.0
-7.795912 167.13702 0.0286 0.0 41.0
-11.25459 169.56541 0.0286 0.0 41.0
-7.795912 167.13702 0.0287 3.0 41.0
-9.74489 170.88683 0.0287 3.0 41.0
-9.74489 170.88683 0.0288 0.0 42.0
-9.74489 175.11288 0.0288 0.0 42.0
-9.74489 170.88683 0.0289 2.0 42.0
-11.693869 174.63663 0.0289 2.0 42.0
-11.693869 174.63663 0.0290 1.0 43.0
-11.693869 178.86267 0.0290 1.0 43.0
-11.693869 178.86267 0.0291 0.0 44.0
-13.642847 182.61247 0.0291 0.0 44.0
-11.693869 178.86267 0.0292 0.0 44.0
-11.693869 183.08871 0.0292 0.0 44.0
-11.693869 183.08871 0.0293 0.0 45.0
-9.74489 186.83852 0.0293 0.0 45.0
-11.693869 183.08871 0.0294 0.0 45.0
-11.693869 187.31476 0.0294 0.0 45.0
-11.693869 174.63663 0.0295 1.0 43.0
-13.642847 178.38643 0.0295 1.0 43.0
-13.642847 178.38643 0.0296 0.0 44.0
-17.101524 180.81482 0.0296 0.0 44.0
-13.642847 178.38643 0.0297 0.0 44.0
-15.5918255 182.13623 0.0297 0.0 44.0
-15.5918255 182.13623 0.0298 0.0 45.0
-15.5918255 186.36227 0.0298 0.0 45.0
-15.5918255 182.13623 0.0299 0.0 45.0
-17.540804 185.88603 0.0299 0.0 45.0
0.0 152.13782 0.0300 43.0 37.0
0.0 156.36386 0.0300 43.0 37.0
0.0 156.36386 0.0301 0.0 38.0
-1.948978 160.11366 0.0301 0.0 38.0
0.0 156.36386 0.0302 42.0 38.0
0.0 160.5899 0.0302 42.0 38.0
0.0 160.5899 0.0303 0.0 39.0
1.948978 164.3397 0.0303 0.0 39.0
0.0 160.5899 0.0304 41.0 39.0
0.0 164.81595 0.0304 41.0 39.0
0.0 164.81595 0.0305 1.0 40.0
-1.948978 168.56575 0.0305 1.0 40.0
-1.948978 168.56575 0.0306 0.0 41.0
-5.407656 170.99414 0.0306 0.0 41.0
-1.948978 168.56575 0.0307 0.0 41.0
-3.897956 172.31555 0.0307 0.0 41.0
-3.897956 172.31555 0.0308 0.0 42.0
-3.897956 176.5416 0.0308 0.0 42.0
-3.897956 172.31555 0.0309 0.0 42.0
-5.846934 176.06535 0.0309 0.0 42.0
0.0 164.81595 0.0310 40.0 40.0
0.0 169.04199 0.0310 40.0 40.0
0.0 169.04199 0.0311 0.0 41.0
-1.948978 172.7918 0.0311 0.0 41.0
0.0 169.04199 0.0312 39.0 41.0
0.0 173.26804 0.0312 39.0 41.0
0.0 173.26804 0.0313 0.0 42.0
1.948978 177.01784 0.0313 0.0 42.0
0.0 173.26804 0.0314 38.0 42.0
0.0 177.49408 0.0314 38.0 42.0
0.0 177.49408 0.0315 1.0 43.0
1.948978 181.24388 0.0315 1.0 43.0
1.948978 181.24388 0.0316 0.0 44.0
1.948978 185.46994 0.0316 0.0 44.0
1.948978 181.24388 0.0317 0.0 44.0
3.897956 184.99368 0.0317 0.0 44.0
3.897956 184.99368 0.0318 0.0 45.0
7.356634 187.42207 0.0318 0.0 45.0
3.897956 184.99368 0.0319 0.0 45.0
5.846934 188.74348 0.0319 0.0 45.0
0.0 177.49408 0.0320 37.0 43.0
0.0 181.72012 0.0320 37.0 43.0
0.0 181.72012 0.0321 0.0 44.0
-1.948978 185.46992 0.0321 0.0 44.0
0.0 181.72012 0.0322 36.0 44.0
0.0 185.94617 0.0322 36.0 44.0
0.0 185.94617 0.0323 0.0 45.0
1.948978 189.69597 0.0323 0.0 45.0
0.0 185.94617 0.0324 35.0 45.0
0.0 190.17221 0.0324 35.0 45.0
0.0 190.17221 0.0325 7.0 46.0
1.948978 193.92201 0.0325 7.0 46.0
1.948978 193.92201 0.0326 0.0 47.0
1.948978 198.14807 0.0326 0.0 47.0
1.948978 193.92201 0.0327 6.0 47.0
3.897956 197.67181 0.0327 6.0 47.0
3.897956 197.67181 0.0328 0.0 48.0
7.356634 200.1002 0.0328 0.0 48.0
3.897956 197.67181 0.0329 5.0 48.0
5.846934 201.42162 0.0329 5.0 48.0
5.846934 201.42162 0.0330 1.0 49.0
5.846934 205.64767 0.0330 1.0 49.0
5.846934 205.64767 0.0331 0.0 50.0
3.897956 209.39748 0.0331 0.0 50.0
5.846934 205.64767 0.0332 0.0 50.0
5.846934 209.87372 0.0332 0.0 50.0
5.846934 209.87372 0.0333 0.0 51.0
7.795912 213.62352 0.0333 0.0 51.0
5.846934 209.87372 0.0334 0.0 51.0
5.846934 214.09976 0.0334 0.0 51.0
5.846934 201.42162 0.0335 4.0 49.0
7.795912 205.17142 0.0335 4.0 49.0
7.795912 205.17142 0.0336 0.0 50.0
7.795912 209.39746 0.0336 0.0 50.0
7.795912 205.17142 0.0337 3.0 50.0
9.74489 208.92122 0.0337 3.0 50.0
9.74489 208.92122 0.0338 0.0 51.0
13.203568 211.34961 0.0338 0.0 51.0
9.74489 208.92122 0.0339 2.0 51.0
11.693869 212.67102 0.0339 2.0 51.0
11.693869 212.67102 0.0340 1.0 52.0
15.152547 215.09941 0.0340 1.0 52.0
15.152547 215.09941 0.0341 0.0 53.0
17.101524 218.84921 0.0341 0.0 53.0
15.152547 215.09941 0.0342 0.0 53.0
18.611225 217.5278 0.0342 0.0 53.0
18.611225 217.5278 0.0343 0.0 54.0
22.800056 218.08745 0.0343 0.0 54.0
18.611225 217.5278 0.0344 0.0 54.0
22.069904 219.95619 0.0344 0.0 54.0
11.693869 212.67102 0.0345 1.0 52.0
13.642847 216.42082 0.0345 1.0 52.0
13.642847 216.42082 0.0346 0.0 53.0
13.642847 220.64688 0.0346 0.0 53.0
13.642847 216.42082 0.0347 0.0 53.0
15.5918255 220.17062 0.0347 0.0 53.0
15.5918255 220.17062 0.0348 0.0 54.0
19.050503 222.59901 0.0348 0.0 54.0
15.5918255 220.17062 0.0349 0.0 54.0
17.540804 223.92043 0.0349 0.0 54.0
0.0 190.17221 0.0350 34.0 46.0
0.0 194.39825 0.0350 34.0 46.0
0.0 194.39825 0.0351 0.0 47.0
-1.948978 198.14806 0.0351 0.0 47.0
0.0 194.39825 0.0352 33.0 47.0
0.0 198.6243 0.0352 33.0 47.0
0.0 198.6243 0.0353 0.0 48.0
1.948978 202.3741 0.0353 0.0 48.0
0.0 198.6243 0.0354 32.0 48.0
0.0 202.85034 0.0354 32.0 48.0
0.0 202.85034 0.0355 1.0 49.0
-1.948978 206.60014 0.0355 1.0 49.0
-1.948978 206.60014 0.0356 0.0 50.0
-5.407656 209.02853 0.0356 0.0 50.0
-1.948978 206.60014 0.0357 0.0 50.0
-3.897956 210.34995 0.0357 0.0 50.0
-3.897956 210.34995 0.0358 0.0 51.0
-3.897956 214.57599 0.0358 0.0 51.0
-3.897956 210.34995 0.0359 0.0 51.0
-5.846934 214.09975 0.0359 0.0 51.0
0.0 202.85034 0.0360 31.0 49.0
0.0 207.07639 0.0360 31.0 49.0
0.0 207.07639 0.0361 0.0 50.0
-1.948978 210.82619 0.0361 0.0 50.0
0.0 207.07639 0.0362 30.0 50.0
0.0 211.30243 0.0362 30.0 50.0
0.0 211.30243 0.0363 0.0 51.0
1.948978 215.05223 0.0363 0.0 51.0
0.0 211.30243 0.0364 29.0 51.0
0.0 215.52847 0.0364 29.0 51.0
0.0 215.52847 0.0365 1.0 52.0
1.948978 219.27827 0.0365 1.0 52.0
1.948978 219.27827 0.0366 0.0 53.0
1.948978 223.50433 0.0366 0.0 53.0
1.948978 219.27827 0.0367 0.0 53.0
3.897956 223.02808 0.0367 0.0 53.0
3.897956 223.02808 0.0368 0.0 54.0
7.356634 225.45647 0.0368 0.0 54.0
3.897956 223.02808 0.0369 0.0 54.0
5.846934 226.77788 0.0369 0.0 54.0
0.0 215.52847 0.0370 28.0 52.0
0.0 219.75452 0.0370 28.0 52.0
0.0 219.75452 0.0371 0.0 53.0
-1.948978 223.50432 0.0371 0.0 53.0
0.0 219.75452 0.0372 27.0 53.0
0.0 223.98056 0.0372 27.0 53.0
0.0 223.98056 0.0373 0.0 54.0
1.948978 227.73036 0.0373 0.0 54.0
0.0 223.98056 0.0374 26.0 54.0
0.0 228.2066 0.0374 26.0 54.0
0.0 228.2066 0.0375 25.0 55.0
1.948978 231.9564 0.0375 25.0 55.0
1.948978 231.9564 0.0376 0.0 56.0
1.948978 236.18246 0.0376 0.0 56.0
1.948978 231.9564 0.0377 24.0 56.0
3.897956 235.7062 0.0377 24.0 56.0
3.897956 235.7062 0.0378 0.0 57.0
7.356634 238.1346 0.0378 0.0 57.0
3.897956 235.7062 0.0379 23.0 57.0
5.846934 239.45601 0.0379 23.0 57.0
5.846934 239.45601 0.0380 1.0 58.0
5.846934 243.68207 0.0380 1.0 58.0
5.846934 243.68207 0.0381 0.0 59.0
3.897956 247.43187 0.0381 0.0 59.0
5.846934 243.68207 0.0382 0.0 59.0
5.846934 247.90811 0.0382 0.0 59.0
5.846934 247.90811 0.0383 0.0 60.0
7.795912 251.65791 0.0383 0.0 60.0
5.846934 247.90811 0.0384 0.0 60.0
5.846934 252.13416 0.0384 0.0 60.0
5.846934 239.45601 0.0385 22.0 58.0
7.795912 243.20581 0.0385 22.0 58.0
7.795912 243.20581 0.0386 0.0 59.0
7.795912 247.43185 0.0386 0.0 59.0
7.795912 243.20581 0.0387 21.0 59.0
9.74489 246.95561 0.0387 21.0 59.0
9.74489 246.95561 0.0388 0.0 60.0
13.203568 249.384 0.0388 0.0 60.0
9.74489 246.95561 0.0389 20.0 60.0
11.693869 250.70541 0.0389 20.0 60.0
11.693869 250.70541 0.0390 1.0 61.0
15.152547 253.1338 0.0390 1.0 61.0
15.152547 253.1338 0.0391 0.0 62.0
17.101524 256.8836 0.0391 0.0 62.0
15.152547 253.1338 0.0392 0.0 62.0
18.611225 255.5622 0.0392 0.0 62.0
18.611225 255.5622 0.0393 0.0 63.0
22.800056 256.12183 0.0393 0.0 63.0
18.611225 255.5622 0.0394 0.0 63.0
22.069904 257.99057 0.0394 0.0 63.0
11.693869 250.70541 0.0395 19.0 61.0
13.642847 254.45522 0.0395 19.0 61.0
13.642847 254.45522 0.0396 0.0 62.0
13.642847 258.68127 0.0396 0.0 62.0
13.642847 254.45522 0.0397 18.0 62.0
15.5918255 258.20502 0.0397 18.0 62.0
15.5918255 258.20502 0.0398 0.0 63.0
19.050503 260.6334 0.0398 0.0 63.0
15.5918255 258.20502 0.0399 17.0 63.0
17.540804 261.9548 0.0399 17.0 63.0
17.540804 261.9548 0.0400 7.0 64.0
17.540804 266.18085 0.0400 7.0 64.0
17.540804 266.18085 0.0401 0.0 65.0
15.5918255 269.93063 0.0401 0.0 65.0
17.540804 266.18085 0.0402 6.0 65.0
17.540804 270.4069 0.0402 6.0 65.0
17.540804 270.4069 0.0403 0.0 66.0
19.489782 274.15668 0.0403 0.0 66.0
17.540804 270.4069 0.0404 5.0 66.0
17.540804 274.63293 0.0404 5.0 66.0
17.540804 274.63293 0.0405 1.0 67.0
15.5918255 278.38272 0.0405 1.0 67.0
15.5918255 278.38272 0.0406 0.0 68.0
12.133147 280.8111 0.0406 0.0 68.0
15.5918255 278.38272 0.0407 0.0 68.0
13.642847 282.1325 0.0407 0.0 68.0
13.642847 282.1325 0.0408 0.0 69.0
13.642847 286.35855 0.0408 0.0 69.0
13.642847 282.1325 0.0409 0.0 69.0
11.693869 285.8823 0.0409 0.0 69.0
17.540804 274.63293 0.0410 4.0 67.0
17.540804 278.85898 0.0410 4.0 67.0
17.540804 278.85898 0.0411 0.0 68.0
15.5918255 282.60876 0.0411 0.0 68.0
17.540804 278.85898 0.0412 3.0 68.0
17.540804 283.08502 0.0412 3.0 68.0
17.540804 283.08502 0.0413 0.0 69.0
19.489782 286.8348 0.0413 0.0 69.0
17.540804 283.08502 0.0414 2.0 69.0
17.540804 287.31107 0.0414 2.0 69.0
17.540804 287.31107 0.0415 1.0 70.0
19.489782 291.06085 0.0415 1.0 70.0
19.489782 291.06085 0.0416 0.0 71.0
19.489782 295.2869 0.0416 0.0 71.0
19.489782 291.06085 0.0417 0.0 71.0
21.43876 294.81064 0.0417 0.0 71.0
21.43876 294.81064 0.0418 0.0 72.0
24.897438 297.239 0.0418 0.0 72.0
21.43876 294.81064 0.0419 0.0 72.0
23.38774 298.56042 0.0419 0.0 72.0
17.540804 287.31107 0.0420 1.0 70.0
17.540804 291.5371 0.0420 1.0 70.0
17.540804 291.5371 0.0421 0.0 71.0
15.5918255 295.2869 0.0421 0.0 71.0
17.540804 291.5371 0.0422 0.0 71.0
17.540804 295.76315 0.0422 0.0 71.0
17.540804 295.76315 0.0423 0.0 72.0
19.489782 299.51294 0.0423 0.0 72.0
17.540804 295.76315 0.0424 0.0 72.0
17.540804 299.9892 0.0424 0.0 72.0
17.540804 261.9548 0.0425 16.0 64.0
19.489782 265.7046 0.0425 16.0 64.0
19.489782 265.7046 0.0426 0.0 65.0
19.489782 269.93063 0.0426 0.0 65.0
19.489782 265.7046 0.0427 15.0 65.0
21.43876 269.45438 0.0427 15.0 65.0
21.43876 269.45438 0.0428 0.0 66.0
24.897438 271.88275 0.0428 0.0 66.0
21.43876 269.45438 0.0429 14.0 66.0
23.38774 273.20416 0.0429 14.0 66.0
23.38774 273.20416 0.0430 1.0 67.0
23.38774 277.4302 0.0430 1.0 67.0
23.38774 277.4302 0.0431 0.0 68.0
21.43876 281.18 0.0431 0.0 68.0
23.38774 277.4302 0.0432 0.0 68.0
23.38774 281.65625 0.0432 0.0 68.0
23.38774 281.65625 0.0433 0.0 69.0
25.336718 285.40604 0.0433 0.0 69.0
23.38774 281.65625 0.0434 0.0 69.0
23.38774 285.8823 0.0434 0.0 69.0
23.38774 273.20416 0.0435 13.0 67.0
25.336718 276.95395 0.0435 13.0 67.0
25.336718 276.95395 0.0436 0.0 68.0
25.336718 281.18 0.0436 0.0 68.0
25.336718 276.95395 0.0437 12.0 68.0
27.285696 280.70374 0.0437 12.0 68.0
27.285696 280.70374 0.0438 0.0 69.0
30.744373 283.1321 0.0438 0.0 69.0
27.285696 280.70374 0.0439 11.0 69.0
29.234674 284.45352 0.0439 11.0 69.0
29.234674 284.45352 0.0440 1.0 70.0
32.69335 286.8819 0.0440 1.0 70.0
32.69335 286.8819 0.0441 0.0 71.0
34.64233 290.63168 0.0441 0.0 71.0
32.69335 286.8819 0.0442 0.0 71.0
36.15203 289.31027 0.0442 0.0 71.0
36.15203 289.31027 0.0443 0.0 72.0
40.340862 289.8699 0.0443 0.0 72.0
36.15203 289.31027 0.0444 0.0 72.0
39.61071 291.73865 0.0444 0.0 72.0
29.234674 284.45352 0.0445 10.0 70.0
31.183653 288.2033 0.0445 10.0 70.0
31.183653 288.2033 0.0446 0.0 71.0
31.183653 292.42935 0.0446 0.0 71.0
31.183653 288.2033 0.0447 9.0 71.0
33.13263 291.9531 0.0447 9.0 71.0
33.13263 291.9531 0.0448 0.0 72.0
36.59131 294.38147 0.0448 0.0 72.0
33.13263 291.9531 0.0449 8.0 72.0
35.081608 295.70288 0.0449 8.0 72.0
35.081608 295.70288 0.0450 7.0 73.0
38.540287 298.13126 0.0450 7.0 73.0
38.540287 298.13126 0.0451 0.0 74.0
40.489265 301.88104 0.0451 0.0 74.0
38.540287 298.13126 0.0452 6.0 74.0
41.998966 300.55963 0.0452 6.0 74.0
41.998966 300.55963 0.0453 0.0 75.0
46.187798 301.11926 0.0453 0.0 75.0
41.998966 300.55963 0.0454 5.0 75.0
45.457645 302.988 0.0454 5.0 75.0
45.457645 302.988 0.0455 1.0 76.0
47.406624 306.7378 0.0455 1.0 76.0
47.406624 306.7378 0.0456 0.0 77.0
47.406624 310.96384 0.0456 0.0 77.0
47.406624 306.7378 0.0457 0.0 77.0
49.355602 310.48758 0.0457 0.0 77.0
49.355602 310.48758 0.0458 0.0 78.0
52.81428 312.91595 0.0458 0.0 78.0
49.355602 310.48758 0.0459 0.0 78.0
51.30458 314.23737 0.0459 0.0 78.0
45.457645 302.988 0.0460 4.0 76.0
48.916325 305.41638 0.0460 4.0 76.0
48.916325 305.41638 0.0461 0.0 77.0
50.865303 309.16617 0.0461 0.0 77.0
48.916325 305.41638 0.0462 3.0 77.0
52.375004 307.84476 0.0462 3.0 77.0
52.375004 307.84476 0.0463 0.0 78.0
56.563835 308.4044 0.0463 0.0 78.0
52.375004 307.84476 0.0464 2.0 78.0
55.833683 310.27313 0.0464 2.0 78.0
55.833683 310.27313 0.0465 1.0 79.0
60.022514 310.83276 0.0465 1.0 79.0
60.022514 310.83276 0.0466 0.0 80.0
63.481194 313.26114 0.0466 0.0 80.0
60.022514 310.83276 0.0467 0.0 80.0
64.21135 311.3924 0.0467 0.0 80.0
64.21135 311.3924 0.0468 0.0 81.0
68.18622 309.95715 0.0468 0.0 81.0
64.21135 311.3924 0.0469 0.0 81.0
68.400185 311.95203 0.0469 0.0 81.0
55.833683 310.27313 0.0470 1.0 79.0
59.292362 312.7015 0.0470 1.0 79.0
59.292362 312.7015 0.0471 0.0 80.0
61.24134 316.4513 0.0471 0.0 80.0
59.292362 312.7015 0.0472 0.0 80.0
62.75104 315.12988 0.0472 0.0 80.0
62.75104 315.12988 0.0473 0.0 81.0
66.93987 315.6895 0.0473 0.0 81.0
62.75104 315.12988 0.0474 0.0 81.0
66.20972 317.55826 0.0474 0.0 81.0
35.081608 295.70288 0.0475 7.0 73.0
37.030586 299.45267 0.0475 7.0 73.0
37.030586 299.45267 0.0476 0.0 74.0
37.030586 303.6787 0.0476 0.0 74.0
37.030586 299.45267 0.0477 6.0 74.0
38.979565 303.20245 0.0477 6.0 74.0
38.979565 303.20245 0.0478 0.0 75.0
42.438244 305.63083 0.0478 0.0 75.0
38.979565 303.20245 0.0479 5.0 75.0
40.928543 306.95224 0.0479 5.0 75.0
40.928543 306.95224 0.0480 1.0 76.0
40.928543 311.17828 0.0480 1.0 76.0
40.928543 311.17828 0.0481 0.0 77.0
38.979565 314.92807 0.0481 0.0 77.0
40.928543 311.17828 0.0482 0.0 77.0
40.928543 315.40433 0.0482 0.0 77.0
40.928543 315.40433 0.0483 0.0 78.0
42.87752 319.1541 0.0483 0.0 78.0
40.928543 315.40433 0.0484 0.0 78.0
40.928543 319.63037 0.0484 0.0 78.0
40.928543 306.95224 0.0485 4.0 76.0
42.87752 310.70203 0.0485 4.0 76.0
42.87752 310.70203 0.0486 0.0 77.0
42.87752 314.92807 0.0486 0.0 77.0
42.87752 310.70203 0.0487 3.0 77.0
44.8265 314.4518 0.0487 3.0 77.0
44.8265 314.4518 0.0488 0.0 78.0
48.28518 316.8802 0.0488 0.0 78.0
44.8265 314.4518 0.0489 2.0 78.0
46.77548 318.2016 0.0489 2.0 78.0
46.77548 318.2016 0.0490 1.0 79.0
50.234158 320.62997 0.0490 1.0 79.0
50.234158 320.62997 0.0491 0.0 80.0
52.183136 324.37976 0.0491 0.0 80.0
50.234158 320.62997 0.0492 0.0 80.0
53.692837 323.05835 0.0492 0.0 80.0
53.692837 323.05835 0.0493 0.0 81.0
57.881668 323.61798 0.0493 0.0 81.0
53.692837 323.05835 0.0494 0.0 81.0
57.151516 325.48672 0.0494 0.0 81.0
46.77548 318.2016 0.0495 1.0 79.0
48.724457 321.9514 0.0495 1.0 79.0
48.724457 321.9514 0.0496 0.0 80.0
48.724457 326.17743 0.0496 0.0 80.0
48.724457 321.9514 0.0497 0.0 80.0
50.673435 325.70117 0.0497 0.0 80.0
50.673435 325.70117 0.0498 0.0 81.0
54.132114 328.12955 0.0498 0.0 81.0
50.673435 325.70117 0.0499 0.0 81.0
52.622414 329.45096 0.0499 0.0 81.0
0.0 228.2066 0.0500 25.0 55.0
0.0 232.43265 0.0500 25.0 55.0
0.0 232.43265 0.0501 0.0 56.0
-1.948978 236.18245 0.0501 0.0 56.0
0.0 232.43265 0.0502 24.0 56.0
0.0 236.65869 0.0502 24.0 56.0
0.0 236.65869 0.0503 0.0 57.0
1.948978 240.4085 0.0503 0.0 57.0
0.0 236.65869 0.0504 23.0 57.0
0.0 240.88474 0.0504 23.0 57.0
0.0 240.88474 0.0505 1.0 58.0
-1.948978 244.63454 0.0505 1.0 58.0
-1.948978 244.63454 0.0506 0.0 59.0
-5.407656 247.06293 0.0506 0.0 59.0
-1.948978 244.63454 0.0507 0.0 59.0
-3.897956 248.38434 0.0507 0.0 59.0
-3.897956 248.38434 0.0508 0.0 60.0
-3.897956 252.61038 0.0508 0.0 60.0
-3.897956 248.38434 0.0509 0.0 60.0
-5.846934 252.13414 0.0509 0.0 60.0
0.0 240.88474 0.0510 22.0 58.0
0.0 245.11078 0.0510 22.0 58.0
0.0 245.11078 0.0511 0.0 59.0
-1.948978 248.86058 0.0511 0.0 59.0
0.0 245.11078 0.0512 21.0 59.0
0.0 249.33682 0.0512 21.0 59.0
0.0 249.33682 0.0513 0.0 60.0
1.948978 253.08662 0.0513 0.0 60.0
0.0 249.33682 0.0514 20.0 60.0
0.0 253.56287 0.0514 20.0 60.0
0.0 253.56287 0.0515 1.0 61.0
1.948978 257.31265 0.0515 1.0 61.0
1.948978 257.31265 0.0516 0.0 62.0
1.948978 261.5387 0.0516 0.0 62.0
1.948978 257.31265 0.0517 0.0 62.0
3.897956 261.06244 0.0517 0.0 62.0
3.897956 261.06244 0.0518 0.0 63.0
7.356634 263.4908 0.0518 0.0 63.0
3.897956 261.06244 0.0519 0.0 63.0
5.846934 264.81223 0.0519 0.0 63.0
0.0 253.56287 0.0520 19.0 61.0
0.0 257.7889 0.0520 19.0 61.0
0.0 257.7889 0.0521 0.0 62.0
-1.948978 261.5387 0.0521 0.0 62.0
0.0 257.7889 0.0522 18.0 62.0
0.0 262.01495 0.0522 18.0 62.0
0.0 262.01495 0.0523 0.0 63.0
1.948978 265.76474 0.0523 0.0 63.0
0.0 262.01495 0.0524 17.0 63.0
0.0 266.241 0.0524 17.0 63.0
0.0 266.241 0.0525 7.0 64.0
-1.948978 269.99078 0.0525 7.0 64.0
-1.948978 269.99078 0.0526 0.0 65.0
-5.407656 272.41916 0.0526 0.0 65.0
-1.948978 269.99078 0.0527 6.0 65.0
-3.897956 273.74057 0.0527 6.0 65.0
-3.897956 273.74057 0.0528 0.0 66.0
-3.897956 277.9666 0.0528 0.0 66.0
-3.897956 273.74057 0.0529 5.0 66.0
-5.846934 277.49036 0.0529 5.0 66.0
-5.846934 277.49036 0.0530 1.0 67.0
-9.305613 279.91873 0.0530 1.0 67.0
-9.305613 279.91873 0.0531 0.0 68.0
-13.494444 280.47836 0.0531 0.0 68.0
-9.305613 279.91873 0.0532 0.0 68.0
-12.764291 282.3471 0.0532 0.0 68.0
-12.764291 282.3471 0.0533 0.0 69.0
-14.713268 286.0969 0.0533 0.0 69.0
-12.764291 282.3471 0.0534 0.0 69.0
-16.22297 284.77548 0.0534 0.0 69.0
-5.846934 277.49036 0.0535 4.0 67.0
-7.795912 281.24014 0.0535 4.0 67.0
-7.795912 281.24014 0.0536 0.0 68.0
-11.25459 283.66852 0.0536 0.0 68.0
-7.795912 281.24014 0.0537 3.0 68.0
-9.74489 284.98993 0.0537 3.0 68.0
-9.74489 284.98993 0.0538 0.0 69.0
-9.74489 289.21597 0.0538 0.0 69.0
-9.74489 284.98993 0.0539 2.0 69.0
-11.693869 288.73972 0.0539 2.0 69.0
-11.693869 288.73972 0.0540 1.0 70.0
-11.693869 292.96576 0.0540 1.0 70.0
-11.693869 292.96576 0.0541 0.0 71.0
-13.642847 296.71555 0.0541 0.0 71.0
-11.693869 292.96576 0.0542 0.0 71.0
-11.693869 297.1918 0.0542 0.0 71.0
-11.693869 297.1918 0.0543 0.0 72.0
-9.74489 300.9416 0.0543 0.0 72.0
-11.693869 297.1918 0.0544 0.0 72.0
-11.693869 301.41785 0.0544 0.0 72.0
-11.693869 288.73972 0.0545 1.0 70.0
-13.642847 292.4895 0.0545 1.0 70.0
-13.642847 292.4895 0.0546 0.0 71.0
-17.101524 294.91788 0.0546 0.0 71.0
-13.642847 292.4895 0.0547 0.0 71.0
-15.5918255 296.2393 0.0547 0.0 71.0
-15.5918255 296.2393 0.0548 0.0 72.0
-15.5918255 300.46533 0.0548 0.0 72.0
-15.5918255 296.2393 0.0549 0.0 72.0
-17.540804 299.98907 0.0549 0.0 72.0
0.0 266.241 0.0550 16.0 64.0
0.0 270.46704 0.0550 16.0 64.0
0.0 270.46704 0.0551 0.0 65.0
-1.948978 274.21683 0.0551 0.0 65.0
0.0 270.46704 0.0552 15.0 65.0
0.0 274.69308 0.0552 15.0 65.0
0.0 274.69308 0.0553 0.0 66.0
1.948978 278.44287 0.0553 0.0 66.0
0.0 274.69308 0.0554 14.0 66.0
0.0 278.91913 0.0554 14.0 66.0
0.0 278.91913 0.0555 1.0 67.0
-1.948978 282.6689 0.0555 1.0 67.0
-1.948978 282.6689 0.0556 0.0 68.0
-5.407656 285.0973 0.0556 0.0 68.0
-1.948978 282.6689 0.0557 0.0 68.0
-3.897956 286.4187 0.0557 0.0 68.0
-3.897956 286.4187 0.0558 0.0 69.0
-3.897956 290.64474 0.0558 0.0 69.0
-3.897956 286.4187 0.0559 0.0 69.0
-5.846934 290.1685 0.0559 0.0 69.0
0.0 278.91913 0.0560 13.0 67.0
0.0 283.14517 0.0560 13.0 67.0
0.0 283.14517 0.0561 0.0 68.0
-1.948978 286.89496 0.0561 0.0 68.0
0.0 283.14517 0.0562 12.0 68.0
0.0 287.37122 0.0562 12.0 68.0
0.0 287.37122 0.0563 0.0 69.0
1.948978 291.121 0.0563 0.0 69.0
0.0 287.37122 0.0564 11.0 69.0
0.0 291.59726 0.0564 11.0 69.0
0.0 291.59726 0.0565 1.0 70.0
1.948978 295.34705 0.0565 1.0 70.0
1.948978 295.34705 0.0566 0.0 71.0
1.948978 299.5731 0.0566 0.0 71.0
1.948978 295.34705 0.0567 0.0 71.0
3.897956 299.09683 0.0567 0.0 71.0
3.897956 299.09683 0.0568 0.0 72.0
7.356634 301.5252 0.0568 0.0 72.0
3.897956 299.09683 0.0569 0.0 72.0
5.846934 302.84662 0.0569 0.0 72.0
0.0 291.59726 0.0570 10.0 70.0
0.0 295.8233 0.0570 10.0 70.0
0.0 295.8233 0.0571 0.0 71.0
-1.948978 299.5731 0.0571 0.0 71.0
0.0 295.8233 0.0572 9.0 71.0
0.0 300.04935 0.0572 9.0 71.0
0.0 300.04935 0.0573 0.0 72.0
1.948978 303.79913 0.0573 0.0 72.0
0.0 300.04935 0.0574 8.0 72.0
0.0 304.2754 0.0574 8.0 72.0
0.0 304.2754 0.0575 7.0 73.0
1.948978 308.02518 0.0575 7.0 73.0
1.948978 308.02518 0.0576 0.0 74.0
1.948978 312.25122 0.0576 0.0 74.0
1.948978 308.02518 0.0577 6.0 74.0
3.897956 311.77496 0.0577 6.0 74.0
3.897956 311.77496 0.0578 0.0 75.0
7.356634 314.20334 0.0578 0.0 75.0
3.897956 311.77496 0.0579 5.0 75.0
5.846934 315.52475 0.0579 5.0 75.0
5.846934 315.52475 0.0580 1.0 76.0
5.846934 319.7508 0.0580 1.0 76.0
5.846934 319.7508 0.0581 0.0 77.0
3.897956 323.50058 0.0581 0.0 77.0
5.846934 319.7508 0.0582 0.0 77.0
5.846934 323.97684 0.0582 0.0 77.0
5.846934 323.97684 0.0583 0.0 78.0
7.795912 327.72662 0.0583 0.0 78.0
5.846934 323.97684 0.0584 0.0 78.0
5.846934 328.20288 0.0584 0.0 78.0
5.846934 315.52475 0.0585 4.0 76.0
7.795912 319.27454 0.0585 4.0 76.0
7.795912 319.27454 0.0586 0.0 77.0
7.795912 323.50058 0.0586 0.0 77.0
7.795912 319.27454 0.0587 3.0 77.0
9.74489 323.02432 0.0587 3.0 77.0
9.74489 323.02432 0.0588 0.0 78.0
13.203568 325.4527 0.0588 0.0 78.0
9.74489 323.02432 0.0589 2.0 78.0
11.693869 326.7741 0.0589 2.0 78.0
11.693869 326.7741 0.0590 1.0 79.0
15.152547 329.20248 0.0590 1.0 79.0
15.152547 329.20248 0.0591 0.0 80.0
17.101524 332.95227 0.0591 0.0 80.0
15.152547 329.20248 0.0592 0.0 80.0
18.611225 331.63086 0.0592 0.0 80.0
18.611225 331.63086 0.0593 0.0 81.0
22.800056 332.1905 0.0593 0.0 81.0
18.611225 331.63086 0.0594 0.0 81.0
22.069904 334.05923 0.0594 0.0 81.0
11.693869 326.7741 0.0595 1.0 79.0
13.642847 330.5239 0.0595 1.0 79.0
13.642847 330.5239 0.0596 0.0 80.0
13.642847 334.74994 0.0596 0.0 80.0
13.642847 330.5239 0.0597 0.0 80.0
15.5918255 334.27368 0.0597 0.0 80.0
15.5918255 334.27368 0.0598 0.0 81.0
19.050503 336.70206 0.0598 0.0 81.0
15.5918255 334.27368 0.0599 0.0 81.0
17.540804 338.02347 0.0599 0.0 81.0
0.0 304.2754 0.0600 7.0 73.0
0.0 308.50143 0.0600 7.0 73.0
0.0 308.50143 0.0601 0.0 74.0
-1.948978 312.25122 0.0601 0.0 74.0
0.0 308.50143 0.0602 6.0 74.0
0.0 312.72748 0.0602 6.0 74.0
0.0 312.72748 0.0603 0.0 75.0
1.948978 316.47726 0.0603 0.0 75.0
0.0 312.72748 0.0604 5.0 75.0
0.0 316.95352 0.0604 5.0 75.0
0.0 316.95352 0.0605 1.0 76.0
-1.948978 320.7033 0.0605 1.0 76.0
-1.948978 320.7033 0.0606 0.0 77.0
-5.407656 323.13168 0.0606 0.0 77.0
-1.948978 320.7033 0.0607 0.0 77.0
-3.897956 324.4531 0.0607 0.0 77.0
-3.897956 324.4531 0.0608 0.0 78.0
-3.897956 328.67914 0.0608 0.0 78.0
-3.897956 324.4531 0.0609 0.0 78.0
-5.846934 328.20288 0.0609 0.0 78.0
0.0 316.95352 0.0610 4.0 76.0
0.0 321.17957 0.0610 4.0 76.0
0.0 321.17957 0.0611 0.0 77.0
-1.948978 324.92935 0.0611 0.0 77.0
0.0 321.17957 0.0612 3.0 77.0
0.0 325.4056 0.0612 3.0 77.0
0.0 325.4056 0.0613 0.0 78.0
1.948978 329.1554 0.0613 0.0 78.0
0.0 325.4056 0.0614 2.0 78.0
0.0 329.63165 0.0614 2.0 78.0
0.0 329.63165 0.0615 1.0 79.0
1.948978 333.38144 0.0615 1.0 79.0
1.948978 333.38144 0.0616 0.0 80.0
1.948978 337.60748 0.0616 0.0 80.0
1.948978 333.38144 0.0617 0.0 80.0
3.897956 337.13123 0.0617 0.0 80.0
3.897956 337.13123 0.0618 0.0 81.0
7.356634 339.5596 0.0618 0.0 81.0
3.897956 337.13123 0.0619 0.0 81.0
5.846934 340.881 0.0619 0.0 81.0
0.0 329.63165 0.0620 1.0 79.0
0.0 333.8577 0.0620 1.0 79.0
0.0 333.8577 0.0621 0.0 80.0
-1.948978 337.60748 0.0621 0.0 80.0
0.0 333.8577 0.0622 0.0 80.0
0.0 338.08374 0.0622 0.0 80.0
0.0 338.08374 0.0623 0.0 81.0
1.948978 341.83353 0.0623 0.0 81.0
0.0 338.08374 0.0624 0.0 81.0
0.0 342.30978 0.0624 0.0 81.0
