0.0 0.0 0.00 29.0 1.0
0.0 3.463493 0.00 29.0 1.0
0.0 3.463493 0.01 0.0 2.0
-1.4066159 6.6284914 0.01 0.0 2.0
0.0 3.463493 0.02 28.0 2.0
0.0 6.926986 0.02 28.0 2.0
0.0 6.926986 0.03 0.0 3.0
1.4066159 10.091985 0.03 0.0 3.0
0.0 6.926986 0.04 0.0 3.0
0.0 10.390479 0.04 0.0 3.0
0.0 6.926986 0.05 1.0 3.0
-1.4066159 10.091985 0.05 1.0 3.0
-1.4066159 10.091985 0.06 0.0 4.0
-3.9773946 12.4129505 0.06 0.0 4.0
-1.4066159 10.091985 0.07 0.0 4.0
-2.8132317 13.256983 0.07 0.0 4.0
-2.8132317 13.256983 0.08 0.0 5.0
-2.8132317 16.720476 0.08 0.0 5.0
-2.8132317 13.256983 0.09 0.0 5.0
-4.2198477 16.421982 0.09 0.0 5.0
0.0 6.926986 0.010 27.0 3.0
0.0 10.390479 0.010 27.0 3.0
0.0 10.390479 0.011 0.0 4.0
-1.4066159 13.555477 0.011 0.0 4.0
0.0 10.390479 0.012 26.0 4.0
0.0 13.853972 0.012 26.0 4.0
0.0 13.853972 0.013 0.0 5.0
1.4066159 17.01897 0.013 0.0 5.0
0.0 13.853972 0.014 0.0 5.0
0.0 17.317465 0.014 0.0 5.0
0.0 13.853972 0.015 1.0 5.0
1.4066159 17.01897 0.015 1.0 5.0
1.4066159 17.01897 0.016 0.0 6.0
1.4066159 20.482464 0.016 0.0 6.0
1.4066159 17.01897 0.017 0.0 6.0
2.8132317 20.18397 0.017 0.0 6.0
2.8132317 20.18397 0.018 0.0 7.0
5.3840103 22.504936 0.018 0.0 7.0
2.8132317 20.18397 0.019 0.0 7.0
4.2198477 23.348969 0.019 0.0 7.0
0.0 13.853972 0.020 1.0 5.0
0.0 17.317465 0.020 1.0 5.0
0.0 17.317465 0.021 0.0 6.0
-1.4066159 20.482464 0.021 0.0 6.0
0.0 17.317465 0.022 0.0 6.0
0.0 20.780958 0.022 0.0 6.0
0.0 20.780958 0.023 0.0 7.0
1.4066159 23.945957 0.023 0.0 7.0
0.0 20.780958 0.024 0.0 7.0
0.0 24.244452 0.024 0.0 7.0
0.0 13.853972 0.025 5.0 5.0
-1.4066159 17.01897 0.025 5.0 5.0
-1.4066159 17.01897 0.026 0.0 6.0
-3.9773946 19.339935 0.026 0.0 6.0
-1.4066159 17.01897 0.027 4.0 6.0
-2.8132317 20.18397 0.027 4.0 6.0
-2.8132317 20.18397 0.028 0.0 7.0
-2.8132317 23.647463 0.028 0.0 7.0
-2.8132317 20.18397 0.029 0.0 7.0
-4.2198477 23.348969 0.029 0.0 7.0
-2.8132317 20.18397 0.030 1.0 7.0
-5.3840103 22.504936 0.030 1.0 7.0
-5.3840103 22.504936 0.031 0.0 8.0
-8.675837 23.581814 0.031 0.0 8.0
-5.3840103 22.504936 0.032 0.0 8.0
-7.954789 24.825901 0.032 0.0 8.0
-7.954789 24.825901 0.033 0.0 9.0
-9.361405 27.9909 0.033 0.0 9.0
-7.954789 24.825901 0.034 0.0 9.0
-10.525568 27.146866 0.034 0.0 9.0
-2.8132317 20.18397 0.035 3.0 7.0
-4.2198477 23.348969 0.035 3.0 7.0
-4.2198477 23.348969 0.036 0.0 8.0
-6.7906265 25.669933 0.036 0.0 8.0
-4.2198477 23.348969 0.037 2.0 8.0
-5.6264634 26.513968 0.037 2.0 8.0
-5.6264634 26.513968 0.038 0.0 9.0
-5.6264634 29.97746 0.038 0.0 9.0
-5.6264634 26.513968 0.039 0.0 9.0
-7.033079 29.678967 0.039 0.0 9.0
-5.6264634 26.513968 0.040 1.0 9.0
-5.6264634 29.97746 0.040 1.0 9.0
-5.6264634 29.97746 0.041 0.0 10.0
-7.033079 33.14246 0.041 0.0 10.0
-5.6264634 29.97746 0.042 0.0 10.0
-5.6264634 33.440952 0.042 0.0 10.0
-5.6264634 33.440952 0.043 0.0 11.0
-4.2198477 36.60595 0.043 0.0 11.0
-5.6264634 33.440952 0.044 0.0 11.0
-5.6264634 36.904446 0.044 0.0 11.0
-5.6264634 26.513968 0.045 1.0 9.0
-7.033079 29.678967 0.045 1.0 9.0
-7.033079 29.678967 0.046 0.0 10.0
-9.603858 31.999931 0.046 0.0 10.0
-7.033079 29.678967 0.047 0.0 10.0
-8.439695 32.843964 0.047 0.0 10.0
-8.439695 32.843964 0.048 0.0 11.0
-8.439695 36.307457 0.048 0.0 11.0
-8.439695 32.843964 0.049 0.0 11.0
-9.846312 36.00896 0.049 0.0 11.0
0.0 13.853972 0.050 25.0 5.0
0.0 17.317465 0.050 25.0 5.0
0.0 17.317465 0.051 0.0 6.0
-1.4066159 20.482464 0.051 0.0 6.0
0.0 17.317465 0.052 24.0 6.0
0.0 20.780958 0.052 24.0 6.0
0.0 20.780958 0.053 0.0 7.0
1.4066159 23.945957 0.053 0.0 7.0
0.0 20.780958 0.054 0.0 7.0
0.0 24.244452 0.054 0.0 7.0
0.0 20.780958 0.055 1.0 7.0
-1.4066159 23.945957 0.055 1.0 7.0
-1.4066159 23.945957 0.056 0.0 8.0
-3.9773946 26.266922 0.056 0.0 8.0
-1.4066159 23.945957 0.057 0.0 8.0
-2.8132317 27.110956 0.057 0.0 8.0
-2.8132317 27.110956 0.058 0.0 9.0
-2.8132317 30.57445 0.058 0.0 9.0
-2.8132317 27.110956 0.059 0.0 9.0
-4.2198477 30.275955 0.059 0.0 9.0
0.0 20.780958 0.060 23.0 7.0
0.0 24.244452 0.060 23.0 7.0
0.0 24.244452 0.061 0.0 8.0
-1.4066159 27.40945 0.061 0.0 8.0
0.0 24.244452 0.062 22.0 8.0
0.0 27.707945 0.062 22.0 8.0
0.0 27.707945 0.063 0.0 9.0
1.4066159 30.872944 0.063 0.0 9.0
0.0 27.707945 0.064 0.0 9.0
0.0 31.171438 0.064 0.0 9.0
0.0 27.707945 0.065 1.0 9.0
1.4066159 30.872944 0.065 1.0 9.0
1.4066159 30.872944 0.066 0.0 10.0
1.4066159 34.336437 0.066 0.0 10.0
1.4066159 30.872944 0.067 0.0 10.0
2.8132317 34.03794 0.067 0.0 10.0
2.8132317 34.03794 0.068 0.0 11.0
5.3840103 36.358906 0.068 0.0 11.0
2.8132317 34.03794 0.069 0.0 11.0
4.2198477 37.202938 0.069 0.0 11.0
0.0 27.707945 0.070 1.0 9.0
0.0 31.171438 0.070 1.0 9.0
0.0 31.171438 0.071 0.0 10.0
-1.4066159 34.336437 0.071 0.0 10.0
0.0 31.171438 0.072 0.0 10.0
0.0 34.63493 0.072 0.0 10.0
0.0 34.63493 0.073 0.0 11.0
1.4066159 37.799927 0.073 0.0 11.0
0.0 34.63493 0.074 0.0 11.0
0.0 38.098423 0.074 0.0 11.0
0.0 27.707945 0.075 5.0 9.0
1.4066159 30.872944 0.075 5.0 9.0
1.4066159 30.872944 0.076 0.0 10.0
1.4066159 34.336437 0.076 0.0 10.0
1.4066159 30.872944 0.077 4.0 10.0
2.8132317 34.03794 0.077 4.0 10.0
2.8132317 34.03794 0.078 0.0 11.0
5.3840103 36.358906 0.078 0.0 11.0
2.8132317 34.03794 0.079 0.0 11.0
4.2198477 37.202938 0.079 0.0 11.0
2.8132317 34.03794 0.080 1.0 11.0
2.8132317 37.501434 0.080 1.0 11.0
2.8132317 37.501434 0.081 0.0 12.0
1.4066159 40.66643 0.081 0.0 12.0
2.8132317 37.501434 0.082 0.0 12.0
2.8132317 40.964928 0.082 0.0 12.0
2.8132317 40.964928 0.083 0.0 13.0
4.2198477 44.129925 0.083 0.0 13.0
2.8132317 40.964928 0.084 0.0 13.0
2.8132317 44.42842 0.084 0.0 13.0
2.8132317 34.03794 0.085 3.0 11.0
4.2198477 37.202938 0.085 3.0 11.0
4.2198477 37.202938 0.086 0.0 12.0
4.2198477 40.66643 0.086 0.0 12.0
4.2198477 37.202938 0.087 2.0 12.0
5.6264634 40.367935 0.087 2.0 12.0
5.6264634 40.367935 0.088 0.0 13.0
8.197242 42.6889 0.088 0.0 13.0
5.6264634 40.367935 0.089 0.0 13.0
7.033079 43.532932 0.089 0.0 13.0
5.6264634 40.367935 0.090 1.0 13.0
8.197242 42.6889 0.090 1.0 13.0
8.197242 42.6889 0.091 0.0 14.0
9.603858 45.853897 0.091 0.0 14.0
8.197242 42.6889 0.092 0.0 14.0
10.768021 45.009865 0.092 0.0 14.0
10.768021 45.009865 0.093 0.0 15.0
14.059847 46.086742 0.093 0.0 15.0
10.768021 45.009865 0.094 0.0 15.0
13.338799 47.33083 0.094 0.0 15.0
5.6264634 40.367935 0.095 1.0 13.0
7.033079 43.532932 0.095 1.0 13.0
7.033079 43.532932 0.096 0.0 14.0
7.033079 46.996426 0.096 0.0 14.0
7.033079 43.532932 0.097 0.0 14.0
8.439695 46.69793 0.097 0.0 14.0
8.439695 46.69793 0.098 0.0 15.0
11.010474 49.018894 0.098 0.0 15.0
8.439695 46.69793 0.099 0.0 15.0
9.846312 49.862926 0.099 0.0 15.0
0.0 27.707945 0.0100 5.0 9.0
0.0 31.171438 0.0100 5.0 9.0
0.0 31.171438 0.0101 0.0 10.0
-1.4066159 34.336437 0.0101 0.0 10.0
0.0 31.171438 0.0102 4.0 10.0
0.0 34.63493 0.0102 4.0 10.0
0.0 34.63493 0.0103 0.0 11.0
1.4066159 37.799927 0.0103 0.0 11.0
0.0 34.63493 0.0104 0.0 11.0
0.0 38.098423 0.0104 0.0 11.0
0.0 34.63493 0.0105 1.0 11.0
-1.4066159 37.799927 0.0105 1.0 11.0
-1.4066159 37.799927 0.0106 0.0 12.0
-3.9773946 40.12089 0.0106 0.0 12.0
-1.4066159 37.799927 0.0107 0.0 12.0
-2.8132317 40.964924 0.0107 0.0 12.0
-2.8132317 40.964924 0.0108 0.0 13.0
-2.8132317 44.428417 0.0108 0.0 13.0
-2.8132317 40.964924 0.0109 0.0 13.0
-4.2198477 44.12992 0.0109 0.0 13.0
0.0 34.63493 0.0110 3.0 11.0
0.0 38.098423 0.0110 3.0 11.0
0.0 38.098423 0.0111 0.0 12.0
-1.4066159 41.26342 0.0111 0.0 12.0
0.0 38.098423 0.0112 2.0 12.0
0.0 41.561916 0.0112 2.0 12.0
0.0 41.561916 0.0113 0.0 13.0
1.4066159 44.726913 0.0113 0.0 13.0
0.0 41.561916 0.0114 0.0 13.0
0.0 45.02541 0.0114 0.0 13.0
0.0 41.561916 0.0115 1.0 13.0
1.4066159 44.726913 0.0115 1.0 13.0
1.4066159 44.726913 0.0116 0.0 14.0
1.4066159 48.190407 0.0116 0.0 14.0
1.4066159 44.726913 0.0117 0.0 14.0
2.8132317 47.89191 0.0117 0.0 14.0
2.8132317 47.89191 0.0118 0.0 15.0
5.3840103 50.212875 0.0118 0.0 15.0
2.8132317 47.89191 0.0119 0.0 15.0
4.2198477 51.056908 0.0119 0.0 15.0
0.0 41.561916 0.0120 1.0 13.0
0.0 45.02541 0.0120 1.0 13.0
0.0 45.02541 0.0121 0.0 14.0
-1.4066159 48.190407 0.0121 0.0 14.0
0.0 45.02541 0.0122 0.0 14.0
0.0 48.488903 0.0122 0.0 14.0
0.0 48.488903 0.0123 0.0 15.0
1.4066159 51.6539 0.0123 0.0 15.0
0.0 48.488903 0.0124 0.0 15.0
0.0 51.952396 0.0124 0.0 15.0
0.0 27.707945 0.0125 13.0 9.0
-1.4066159 30.872944 0.0125 13.0 9.0
-1.4066159 30.872944 0.0126 0.0 10.0
-3.9773946 33.19391 0.0126 0.0 10.0
-1.4066159 30.872944 0.0127 12.0 10.0
-2.8132317 34.03794 0.0127 12.0 10.0
-2.8132317 34.03794 0.0128 0.0 11.0
-2.8132317 37.501434 0.0128 0.0 11.0
-2.8132317 34.03794 0.0129 0.0 11.0
-4.2198477 37.202938 0.0129 0.0 11.0
-2.8132317 34.03794 0.0130 1.0 11.0
-5.3840103 36.358906 0.0130 1.0 11.0
-5.3840103 36.358906 0.0131 0.0 12.0
-8.675837 37.435783 0.0131 0.0 12.0
-5.3840103 36.358906 0.0132 0.0 12.0
-7.954789 38.67987 0.0132 0.0 12.0
-7.954789 38.67987 0.0133 0.0 13.0
-9.361405 41.844868 0.0133 0.0 13.0
-7.954789 38.67987 0.0134 0.0 13.0
-10.525568 41.000835 0.0134 0.0 13.0
-2.8132317 34.03794 0.0135 11.0 11.0
-4.2198477 37.202938 0.0135 11.0 11.0
-4.2198477 37.202938 0.0136 0.0 12.0
-6.7906265 39.523903 0.0136 0.0 12.0
-4.2198477 37.202938 0.0137 10.0 12.0
-5.6264634 40.367935 0.0137 10.0 12.0
-5.6264634 40.367935 0.0138 0.0 13.0
-5.6264634 43.83143 0.0138 0.0 13.0
-5.6264634 40.367935 0.0139 0.0 13.0
-7.033079 43.532932 0.0139 0.0 13.0
-5.6264634 40.367935 0.0140 1.0 13.0
-5.6264634 43.83143 0.0140 1.0 13.0
-5.6264634 43.83143 0.0141 0.0 14.0
-7.033079 46.996426 0.0141 0.0 14.0
-5.6264634 43.83143 0.0142 0.0 14.0
-5.6264634 47.29492 0.0142 0.0 14.0
-5.6264634 47.29492 0.0143 0.0 15.0
-4.2198477 50.45992 0.0143 0.0 15.0
-5.6264634 47.29492 0.0144 0.0 15.0
-5.6264634 50.758415 0.0144 0.0 15.0
-5.6264634 40.367935 0.0145 1.0 13.0
-7.033079 43.532932 0.0145 1.0 13.0
-7.033079 43.532932 0.0146 0.0 14.0
-9.603858 45.853897 0.0146 0.0 14.0
-7.033079 43.532932 0.0147 0.0 14.0
-8.439695 46.69793 0.0147 0.0 14.0
-8.439695 46.69793 0.0148 0.0 15.0
-8.439695 50.161423 0.0148 0.0 15.0
-8.439695 46.69793 0.0149 0.0 15.0
-9.846312 49.862926 0.0149 0.0 15.0
-5.6264634 40.367935 0.0150 5.0 13.0
-8.197242 42.6889 0.0150 5.0 13.0
-8.197242 42.6889 0.0151 0.0 14.0
-11.489068 43.765778 0.0151 0.0 14.0
-8.197242 42.6889 0.0152 4.0 14.0
-10.768021 45.009865 0.0152 4.0 14.0
-10.768021 45.009865 0.0153 0.0 15.0
-12.174637 48.174862 0.0153 0.0 15.0
-10.768021 45.009865 0.0154 0.0 15.0
-13.338799 47.33083 0.0154 0.0 15.0
-10.768021 45.009865 0.0155 1.0 15.0
-14.059847 46.086742 0.0155 1.0 15.0
-14.059847 46.086742 0.0156 0.0 16.0
-17.505322 45.733913 0.0156 0.0 16.0
-14.059847 46.086742 0.0157 0.0 16.0
-17.351673 47.16362 0.0157 0.0 16.0
-17.351673 47.16362 0.0158 0.0 17.0
-19.922451 49.484585 0.0158 0.0 17.0
-17.351673 47.16362 0.0159 0.0 17.0
-20.6435 48.240498 0.0159 0.0 17.0
-10.768021 45.009865 0.0160 3.0 15.0
-13.338799 47.33083 0.0160 3.0 15.0
-13.338799 47.33083 0.0161 0.0 16.0
-16.630627 48.407707 0.0161 0.0 16.0
-13.338799 47.33083 0.0162 2.0 16.0
-15.909578 49.651794 0.0162 2.0 16.0
-15.909578 49.651794 0.0163 0.0 17.0
-17.316195 52.81679 0.0163 0.0 17.0
-15.909578 49.651794 0.0164 0.0 17.0
-18.480356 51.97276 0.0164 0.0 17.0
-15.909578 49.651794 0.0165 1.0 17.0
-17.316195 52.81679 0.0165 1.0 17.0
-17.316195 52.81679 0.0166 0.0 18.0
-19.886972 55.137756 0.0166 0.0 18.0
-17.316195 52.81679 0.0167 0.0 18.0
-18.72281 55.98179 0.0167 0.0 18.0
-18.72281 55.98179 0.0168 0.0 19.0
-18.72281 59.445282 0.0168 0.0 19.0
-18.72281 55.98179 0.0169 0.0 19.0
-20.129427 59.146786 0.0169 0.0 19.0
-15.909578 49.651794 0.0170 1.0 17.0
-18.480356 51.97276 0.0170 1.0 17.0
-18.480356 51.97276 0.0171 0.0 18.0
-21.772182 53.049637 0.0171 0.0 18.0
-18.480356 51.97276 0.0172 0.0 18.0
-21.051134 54.293724 0.0172 0.0 18.0
-21.051134 54.293724 0.0173 0.0 19.0
-22.45775 57.45872 0.0173 0.0 19.0
-21.051134 54.293724 0.0174 0.0 19.0
-23.621912 56.61469 0.0174 0.0 19.0
-5.6264634 40.367935 0.0175 9.0 13.0
-7.033079 43.532932 0.0175 9.0 13.0
-7.033079 43.532932 0.0176 0.0 14.0
-9.603858 45.853897 0.0176 0.0 14.0
-7.033079 43.532932 0.0177 8.0 14.0
-8.439695 46.69793 0.0177 8.0 14.0
-8.439695 46.69793 0.0178 0.0 15.0
-8.439695 50.161423 0.0178 0.0 15.0
-8.439695 46.69793 0.0179 0.0 15.0
-9.846312 49.862926 0.0179 0.0 15.0
-8.439695 46.69793 0.0180 1.0 15.0
-11.010474 49.018894 0.0180 1.0 15.0
-11.010474 49.018894 0.0181 0.0 16.0
-14.3023 50.09577 0.0181 0.0 16.0
-11.010474 49.018894 0.0182 0.0 16.0
-13.581253 51.33986 0.0182 0.0 16.0
-13.581253 51.33986 0.0183 0.0 17.0
-14.987869 54.504856 0.0183 0.0 17.0
-13.581253 51.33986 0.0184 0.0 17.0
-16.15203 53.660824 0.0184 0.0 17.0
-8.439695 46.69793 0.0185 7.0 15.0
-9.846312 49.862926 0.0185 7.0 15.0
-9.846312 49.862926 0.0186 0.0 16.0
-12.41709 52.18389 0.0186 0.0 16.0
-9.846312 49.862926 0.0187 6.0 16.0
-11.252928 53.027924 0.0187 6.0 16.0
-11.252928 53.027924 0.0188 0.0 17.0
-11.252928 56.491417 0.0188 0.0 17.0
-11.252928 53.027924 0.0189 0.0 17.0
-12.659544 56.19292 0.0189 0.0 17.0
-11.252928 53.027924 0.0190 1.0 17.0
-11.252928 56.491417 0.0190 1.0 17.0
-11.252928 56.491417 0.0191 0.0 18.0
-12.659544 59.656414 0.0191 0.0 18.0
-11.252928 56.491417 0.0192 0.0 18.0
-11.252928 59.95491 0.0192 0.0 18.0
-11.252928 59.95491 0.0193 0.0 19.0
-9.846312 63.119907 0.0193 0.0 19.0
-11.252928 59.95491 0.0194 0.0 19.0
-11.252928 63.418404 0.0194 0.0 19.0
-11.252928 53.027924 0.0195 1.0 17.0
-12.659544 56.19292 0.0195 1.0 17.0
-12.659544 56.19292 0.0196 0.0 18.0
-15.230323 58.513885 0.0196 0.0 18.0
-12.659544 56.19292 0.0197 0.0 18.0
-14.06616 59.357918 0.0197 0.0 18.0
-14.06616 59.357918 0.0198 0.0 19.0
-14.06616 62.82141 0.0198 0.0 19.0
-14.06616 59.357918 0.0199 0.0 19.0
-15.472776 62.522915 0.0199 0.0 19.0
-11.252928 53.027924 0.0200 5.0 17.0
-11.252928 56.491417 0.0200 5.0 17.0
-11.252928 56.491417 0.0201 0.0 18.0
-12.659544 59.656414 0.0201 0.0 18.0
-11.252928 56.491417 0.0202 4.0 18.0
-11.252928 59.95491 0.0202 4.0 18.0
-11.252928 59.95491 0.0203 0.0 19.0
-9.846312 63.119907 0.0203 0.0 19.0
-11.252928 59.95491 0.0204 0.0 19.0
-11.252928 63.418404 0.0204 0.0 19.0
-11.252928 59.95491 0.0205 1.0 19.0
-12.659544 63.119907 0.0205 1.0 19.0
-12.659544 63.119907 0.0206 0.0 20.0
-15.230323 65.44087 0.0206 0.0 20.0
-12.659544 63.119907 0.0207 0.0 20.0
-14.06616 66.284904 0.0207 0.0 20.0
-14.06616 66.284904 0.0208 0.0 21.0
-14.06616 69.7484 0.0208 0.0 21.0
-14.06616 66.284904 0.0209 0.0 21.0
-15.472776 69.449905 0.0209 0.0 21.0
-11.252928 59.95491 0.0210 3.0 19.0
-11.252928 63.418404 0.0210 3.0 19.0
-11.252928 63.418404 0.0211 0.0 20.0
-12.659544 66.583405 0.0211 0.0 20.0
-11.252928 63.418404 0.0212 2.0 20.0
-11.252928 66.8819 0.0212 2.0 20.0
-11.252928 66.8819 0.0213 0.0 21.0
-9.846312 70.0469 0.0213 0.0 21.0
-11.252928 66.8819 0.0214 0.0 21.0
-11.252928 70.34539 0.0214 0.0 21.0
-11.252928 66.8819 0.0215 1.0 21.0
-9.846312 70.0469 0.0215 1.0 21.0
-9.846312 70.0469 0.0216 0.0 22.0
-9.846312 73.51039 0.0216 0.0 22.0
-9.846312 70.0469 0.0217 0.0 22.0
-8.439695 73.2119 0.0217 0.0 22.0
-8.439695 73.2119 0.0218 0.0 23.0
-5.8689165 75.53287 0.0218 0.0 23.0
-8.439695 73.2119 0.0219 0.0 23.0
-7.0330796 76.3769 0.0219 0.0 23.0
-11.252928 66.8819 0.0220 1.0 21.0
-11.252928 70.34539 0.0220 1.0 21.0
-11.252928 70.34539 0.0221 0.0 22.0
-12.659544 73.51039 0.0221 0.0 22.0
-11.252928 70.34539 0.0222 0.0 22.0
-11.252928 73.80888 0.0222 0.0 22.0
-11.252928 73.80888 0.0223 0.0 23.0
-9.846312 76.973885 0.0223 0.0 23.0
-11.252928 73.80888 0.0224 0.0 23.0
-11.252928 77.27238 0.0224 0.0 23.0
-11.252928 53.027924 0.0225 5.0 17.0
-12.659544 56.19292 0.0225 5.0 17.0
-12.659544 56.19292 0.0226 0.0 18.0
-15.230323 58.513885 0.0226 0.0 18.0
-12.659544 56.19292 0.0227 4.0 18.0
-14.06616 59.357918 0.0227 4.0 18.0
-14.06616 59.357918 0.0228 0.0 19.0
-14.06616 62.82141 0.0228 0.0 19.0
-14.06616 59.357918 0.0229 0.0 19.0
-15.472776 62.522915 0.0229 0.0 19.0
-14.06616 59.357918 0.0230 1.0 19.0
-16.636938 61.678883 0.0230 1.0 19.0
-16.636938 61.678883 0.0231 0.0 20.0
-19.928764 62.75576 0.0231 0.0 20.0
-16.636938 61.678883 0.0232 0.0 20.0
-19.207716 63.999847 0.0232 0.0 20.0
-19.207716 63.999847 0.0233 0.0 21.0
-20.614332 67.16485 0.0233 0.0 21.0
-19.207716 63.999847 0.0234 0.0 21.0
-21.778494 66.320816 0.0234 0.0 21.0
-14.06616 59.357918 0.0235 3.0 19.0
-15.472776 62.522915 0.0235 3.0 19.0
-15.472776 62.522915 0.0236 0.0 20.0
-18.043554 64.84388 0.0236 0.0 20.0
-15.472776 62.522915 0.0237 2.0 20.0
-16.879393 65.68791 0.0237 2.0 20.0
-16.879393 65.68791 0.0238 0.0 21.0
-16.879393 69.151405 0.0238 0.0 21.0
-16.879393 65.68791 0.0239 0.0 21.0
-18.286009 68.85291 0.0239 0.0 21.0
-16.879393 65.68791 0.0240 1.0 21.0
-16.879393 69.151405 0.0240 1.0 21.0
-16.879393 69.151405 0.0241 0.0 22.0
-18.286009 72.31641 0.0241 0.0 22.0
-16.879393 69.151405 0.0242 0.0 22.0
-16.879393 72.6149 0.0242 0.0 22.0
-16.879393 72.6149 0.0243 0.0 23.0
-15.472776 75.7799 0.0243 0.0 23.0
-16.879393 72.6149 0.0244 0.0 23.0
-16.879393 76.07839 0.0244 0.0 23.0
-16.879393 65.68791 0.0245 1.0 21.0
-18.286009 68.85291 0.0245 1.0 21.0
-18.286009 68.85291 0.0246 0.0 22.0
-20.856787 71.17388 0.0246 0.0 22.0
-18.286009 68.85291 0.0247 0.0 22.0
-19.692625 72.017914 0.0247 0.0 22.0
-19.692625 72.017914 0.0248 0.0 23.0
-19.692625 75.48141 0.0248 0.0 23.0
-19.692625 72.017914 0.0249 0.0 23.0
-21.099241 75.182915 0.0249 0.0 23.0
0.0 27.707945 0.0250 21.0 9.0
0.0 31.171438 0.0250 21.0 9.0
0.0 31.171438 0.0251 0.0 10.0
-1.4066159 34.336437 0.0251 0.0 10.0
0.0 31.171438 0.0252 20.0 10.0
0.0 34.63493 0.0252 20.0 10.0
0.0 34.63493 0.0253 0.0 11.0
1.4066159 37.799927 0.0253 0.0 11.0
0.0 34.63493 0.0254 0.0 11.0
0.0 38.098423 0.0254 0.0 11.0
0.0 34.63493 0.0255 1.0 11.0
-1.4066159 37.799927 0.0255 1.0 11.0
-1.4066159 37.799927 0.0256 0.0 12.0
-3.9773946 40.12089 0.0256 0.0 12.0
-1.4066159 37.799927 0.0257 0.0 12.0
-2.8132317 40.964924 0.0257 0.0 12.0
-2.8132317 40.964924 0.0258 0.0 13.0
-2.8132317 44.428417 0.0258 0.0 13.0
-2.8132317 40.964924 0.0259 0.0 13.0
-4.2198477 44.12992 0.0259 0.0 13.0
0.0 34.63493 0.0260 19.0 11.0
0.0 38.098423 0.0260 19.0 11.0
0.0 38.098423 0.0261 0.0 12.0
-1.4066159 41.26342 0.0261 0.0 12.0
0.0 38.098423 0.0262 18.0 12.0
0.0 41.561916 0.0262 18.0 12.0
0.0 41.561916 0.0263 0.0 13.0
1.4066159 44.726913 0.0263 0.0 13.0
0.0 41.561916 0.0264 0.0 13.0
0.0 45.02541 0.0264 0.0 13.0
0.0 41.561916 0.0265 1.0 13.0
1.4066159 44.726913 0.0265 1.0 13.0
1.4066159 44.726913 0.0266 0.0 14.0
1.4066159 48.190407 0.0266 0.0 14.0
1.4066159 44.726913 0.0267 0.0 14.0
2.8132317 47.89191 0.0267 0.0 14.0
2.8132317 47.89191 0.0268 0.0 15.0
5.3840103 50.212875 0.0268 0.0 15.0
2.8132317 47.89191 0.0269 0.0 15.0
4.2198477 51.056908 0.0269 0.0 15.0
0.0 41.561916 0.0270 1.0 13.0
0.0 45.02541 0.0270 1.0 13.0
0.0 45.02541 0.0271 0.0 14.0
-1.4066159 48.190407 0.0271 0.0 14.0
0.0 45.02541 0.0272 0.0 14.0
0.0 48.488903 0.0272 0.0 14.0
0.0 48.488903 0.0273 0.0 15.0
1.4066159 51.6539 0.0273 0.0 15.0
0.0 48.488903 0.0274 0.0 15.0
0.0 51.952396 0.0274 0.0 15.0
0.0 41.561916 0.0275 5.0 13.0
-1.4066159 44.726913 0.0275 5.0 13.0
-1.4066159 44.726913 0.0276 0.0 14.0
-3.9773946 47.04788 0.0276 0.0 14.0
-1.4066159 44.726913 0.0277 4.0 14.0
-2.8132317 47.89191 0.0277 4.0 14.0
-2.8132317 47.89191 0.0278 0.0 15.0
-2.8132317 51.355404 0.0278 0.0 15.0
-2.8132317 47.89191 0.0279 0.0 15.0
-4.2198477 51.056908 0.0279 0.0 15.0
-2.8132317 47.89191 0.0280 1.0 15.0
-5.3840103 50.212875 0.0280 1.0 15.0
-5.3840103 50.212875 0.0281 0.0 16.0
-8.675837 51.289753 0.0281 0.0 16.0
-5.3840103 50.212875 0.0282 0.0 16.0
-7.954789 52.53384 0.0282 0.0 16.0
-7.954789 52.53384 0.0283 0.0 17.0
-9.361405 55.698837 0.0283 0.0 17.0
-7.954789 52.53384 0.0284 0.0 17.0
-10.525568 54.854805 0.0284 0.0 17.0
-2.8132317 47.89191 0.0285 3.0 15.0
-4.2198477 51.056908 0.0285 3.0 15.0
-4.2198477 51.056908 0.0286 0.0 16.0
-6.7906265 53.377872 0.0286 0.0 16.0
-4.2198477 51.056908 0.0287 2.0 16.0
-5.6264634 54.221905 0.0287 2.0 16.0
-5.6264634 54.221905 0.0288 0.0 17.0
-5.6264634 57.6854 0.0288 0.0 17.0
-5.6264634 54.221905 0.0289 0.0 17.0
-7.033079 57.3869 0.0289 0.0 17.0
-5.6264634 54.221905 0.0290 1.0 17.0
-5.6264634 57.6854 0.0290 1.0 17.0
-5.6264634 57.6854 0.0291 0.0 18.0
-7.033079 60.850395 0.0291 0.0 18.0
-5.6264634 57.6854 0.0292 0.0 18.0
-5.6264634 61.14889 0.0292 0.0 18.0
-5.6264634 61.14889 0.0293 0.0 19.0
-4.2198477 64.31389 0.0293 0.0 19.0
-5.6264634 61.14889 0.0294 0.0 19.0
-5.6264634 64.61238 0.0294 0.0 19.0
-5.6264634 54.221905 0.0295 1.0 17.0
-7.033079 57.3869 0.0295 1.0 17.0
-7.033079 57.3869 0.0296 0.0 18.0
-9.603858 59.707867 0.0296 0.0 18.0
-7.033079 57.3869 0.0297 0.0 18.0
-8.439695 60.5519 0.0297 0.0 18.0
-8.439695 60.5519 0.0298 0.0 19.0
-8.439695 64.01539 0.0298 0.0 19.0
-8.439695 60.5519 0.0299 0.0 19.0
-9.846312 63.716896 0.0299 0.0 19.0
0.0 41.561916 0.0300 17.0 13.0
0.0 45.02541 0.0300 17.0 13.0
0.0 45.02541 0.0301 0.0 14.0
-1.4066159 48.190407 0.0301 0.0 14.0
0.0 45.02541 0.0302 16.0 14.0
0.0 48.488903 0.0302 16.0 14.0
0.0 48.488903 0.0303 0.0 15.0
1.4066159 51.6539 0.0303 0.0 15.0
0.0 48.488903 0.0304 0.0 15.0
0.0 51.952396 0.0304 0.0 15.0
0.0 48.488903 0.0305 1.0 15.0
-1.4066159 51.6539 0.0305 1.0 15.0
-1.4066159 51.6539 0.0306 0.0 16.0
-3.9773946 53.974865 0.0306 0.0 16.0
-1.4066159 51.6539 0.0307 0.0 16.0
-2.8132317 54.818897 0.0307 0.0 16.0
-2.8132317 54.818897 0.0308 0.0 17.0
-2.8132317 58.28239 0.0308 0.0 17.0
-2.8132317 54.818897 0.0309 0.0 17.0
-4.2198477 57.983894 0.0309 0.0 17.0
0.0 48.488903 0.0310 15.0 15.0
0.0 51.952396 0.0310 15.0 15.0
0.0 51.952396 0.0311 0.0 16.0
-1.4066159 55.117393 0.0311 0.0 16.0
0.0 51.952396 0.0312 14.0 16.0
0.0 55.41589 0.0312 14.0 16.0
0.0 55.41589 0.0313 0.0 17.0
1.4066159 58.580887 0.0313 0.0 17.0
0.0 55.41589 0.0314 0.0 17.0
0.0 58.879383 0.0314 0.0 17.0
0.0 55.41589 0.0315 1.0 17.0
1.4066159 58.580887 0.0315 1.0 17.0
1.4066159 58.580887 0.0316 0.0 18.0
1.4066159 62.04438 0.0316 0.0 18.0
1.4066159 58.580887 0.0317 0.0 18.0
2.8132317 61.745884 0.0317 0.0 18.0
2.8132317 61.745884 0.0318 0.0 19.0
5.3840103 64.06685 0.0318 0.0 19.0
2.8132317 61.745884 0.0319 0.0 19.0
4.2198477 64.91088 0.0319 0.0 19.0
0.0 55.41589 0.0320 1.0 17.0
0.0 58.879383 0.0320 1.0 17.0
0.0 58.879383 0.0321 0.0 18.0
-1.4066159 62.04438 0.0321 0.0 18.0
0.0 58.879383 0.0322 0.0 18.0
0.0 62.342876 0.0322 0.0 18.0
0.0 62.342876 0.0323 0.0 19.0
1.4066159 65.50787 0.0323 0.0 19.0
0.0 62.342876 0.0324 0.0 19.0
0.0 65.806366 0.0324 0.0 19.0
0.0 55.41589 0.0325 5.0 17.0
1.4066159 58.580887 0.0325 5.0 17.0
1.4066159 58.580887 0.0326 0.0 18.0
1.4066159 62.04438 0.0326 0.0 18.0
1.4066159 58.580887 0.0327 4.0 18.0
2.8132317 61.745884 0.0327 4.0 18.0
2.8132317 61.745884 0.0328 0.0 19.0
5.3840103 64.06685 0.0328 0.0 19.0
2.8132317 61.745884 0.0329 0.0 19.0
4.2198477 64.91088 0.0329 0.0 19.0
2.8132317 61.745884 0.0330 1.0 19.0
2.8132317 65.20937 0.0330 1.0 19.0
2.8132317 65.20937 0.0331 0.0 20.0
1.4066159 68.374374 0.0331 0.0 20.0
2.8132317 65.20937 0.0332 0.0 20.0
2.8132317 68.67287 0.0332 0.0 20.0
2.8132317 68.67287 0.0333 0.0 21.0
4.2198477 71.83787 0.0333 0.0 21.0
2.8132317 68.67287 0.0334 0.0 21.0
2.8132317 72.13636 0.0334 0.0 21.0
2.8132317 61.745884 0.0335 3.0 19.0
4.2198477 64.91088 0.0335 3.0 19.0
4.2198477 64.91088 0.0336 0.0 20.0
4.2198477 68.374374 0.0336 0.0 20.0
4.2198477 64.91088 0.0337 2.0 20.0
5.6264634 68.07588 0.0337 2.0 20.0
5.6264634 68.07588 0.0338 0.0 21.0
8.197242 70.39685 0.0338 0.0 21.0
5.6264634 68.07588 0.0339 0.0 21.0
7.033079 71.24088 0.0339 0.0 21.0
5.6264634 68.07588 0.0340 1.0 21.0
8.197242 70.39685 0.0340 1.0 21.0
8.197242 70.39685 0.0341 0.0 22.0
9.603858 73.56185 0.0341 0.0 22.0
8.197242 70.39685 0.0342 0.0 22.0
10.768021 72.71782 0.0342 0.0 22.0
10.768021 72.71782 0.0343 0.0 23.0
14.059847 73.79469 0.0343 0.0 23.0
10.768021 72.71782 0.0344 0.0 23.0
13.338799 75.03879 0.0344 0.0 23.0
5.6264634 68.07588 0.0345 1.0 21.0
7.033079 71.24088 0.0345 1.0 21.0
7.033079 71.24088 0.0346 0.0 22.0
7.033079 74.70438 0.0346 0.0 22.0
7.033079 71.24088 0.0347 0.0 22.0
8.439695 74.40588 0.0347 0.0 22.0
8.439695 74.40588 0.0348 0.0 23.0
11.010474 76.72685 0.0348 0.0 23.0
8.439695 74.40588 0.0349 0.0 23.0
9.846312 77.570885 0.0349 0.0 23.0
0.0 55.41589 0.0350 5.0 17.0
0.0 58.879383 0.0350 5.0 17.0
0.0 58.879383 0.0351 0.0 18.0
-1.4066159 62.04438 0.0351 0.0 18.0
0.0 58.879383 0.0352 4.0 18.0
0.0 62.342876 0.0352 4.0 18.0
0.0 62.342876 0.0353 0.0 19.0
1.4066159 65.50787 0.0353 0.0 19.0
0.0 62.342876 0.0354 0.0 19.0
0.0 65.806366 0.0354 0.0 19.0
0.0 62.342876 0.0355 1.0 19.0
-1.4066159 65.50787 0.0355 1.0 19.0
-1.4066159 65.50787 0.0356 0.0 20.0
-3.9773946 67.82884 0.0356 0.0 20.0
-1.4066159 65.50787 0.0357 0.0 20.0
-2.8132317 68.672874 0.0357 0.0 20.0
-2.8132317 68.672874 0.0358 0.0 21.0
-2.8132317 72.13637 0.0358 0.0 21.0
-2.8132317 68.672874 0.0359 0.0 21.0
-4.2198477 71.837875 0.0359 0.0 21.0
0.0 62.342876 0.0360 3.0 19.0
0.0 65.806366 0.0360 3.0 19.0
0.0 65.806366 0.0361 0.0 20.0
-1.4066159 68.97137 0.0361 0.0 20.0
0.0 65.806366 0.0362 2.0 20.0
0.0 69.26986 0.0362 2.0 20.0
0.0 69.26986 0.0363 0.0 21.0
1.4066159 72.43486 0.0363 0.0 21.0
0.0 69.26986 0.0364 0.0 21.0
0.0 72.73335 0.0364 0.0 21.0
0.0 69.26986 0.0365 1.0 21.0
1.4066159 72.43486 0.0365 1.0 21.0
1.4066159 72.43486 0.0366 0.0 22.0
1.4066159 75.89835 0.0366 0.0 22.0
1.4066159 72.43486 0.0367 0.0 22.0
2.8132317 75.59986 0.0367 0.0 22.0
2.8132317 75.59986 0.0368 0.0 23.0
5.3840103 77.92083 0.0368 0.0 23.0
2.8132317 75.59986 0.0369 0.0 23.0
4.2198477 78.76486 0.0369 0.0 23.0
0.0 69.26986 0.0370 1.0 21.0
0.0 72.73335 0.0370 1.0 21.0
0.0 72.73335 0.0371 0.0 22.0
-1.4066159 75.89835 0.0371 0.0 22.0
0.0 72.73335 0.0372 0.0 22.0
0.0 76.196846 0.0372 0.0 22.0
0.0 76.196846 0.0373 0.0 23.0
1.4066159 79.36185 0.0373 0.0 23.0
0.0 76.196846 0.0374 0.0 23.0
0.0 79.66034 0.0374 0.0 23.0
0.0 55.41589 0.0375 13.0 17.0
1.4066159 58.580887 0.0375 13.0 17.0
1.4066159 58.580887 0.0376 0.0 18.0
1.4066159 62.04438 0.0376 0.0 18.0
1.4066159 58.580887 0.0377 12.0 18.0
2.8132317 61.745884 0.0377 12.0 18.0
2.8132317 61.745884 0.0378 0.0 19.0
5.3840103 64.06685 0.0378 0.0 19.0
2.8132317 61.745884 0.0379 0.0 19.0
4.2198477 64.91088 0.0379 0.0 19.0
2.8132317 61.745884 0.0380 1.0 19.0
2.8132317 65.20937 0.0380 1.0 19.0
2.8132317 65.20937 0.0381 0.0 20.0
1.4066159 68.374374 0.0381 0.0 20.0
2.8132317 65.20937 0.0382 0.0 20.0
2.8132317 68.67287 0.0382 0.0 20.0
2.8132317 68.67287 0.0383 0.0 21.0
4.2198477 71.83787 0.0383 0.0 21.0
2.8132317 68.67287 0.0384 0.0 21.0
2.8132317 72.13636 0.0384 0.0 21.0
2.8132317 61.745884 0.0385 11.0 19.0
4.2198477 64.91088 0.0385 11.0 19.0
4.2198477 64.91088 0.0386 0.0 20.0
4.2198477 68.374374 0.0386 0.0 20.0
4.2198477 64.91088 0.0387 10.0 20.0
5.6264634 68.07588 0.0387 10.0 20.0
5.6264634 68.07588 0.0388 0.0 21.0
8.197242 70.39685 0.0388 0.0 21.0
5.6264634 68.07588 0.0389 0.0 21.0
7.033079 71.24088 0.0389 0.0 21.0
5.6264634 68.07588 0.0390 1.0 21.0
8.197242 70.39685 0.0390 1.0 21.0
8.197242 70.39685 0.0391 0.0 22.0
9.603858 73.56185 0.0391 0.0 22.0
8.197242 70.39685 0.0392 0.0 22.0
10.768021 72.71782 0.0392 0.0 22.0
10.768021 72.71782 0.0393 0.0 23.0
14.059847 73.79469 0.0393 0.0 23.0
10.768021 72.71782 0.0394 0.0 23.0
13.338799 75.03879 0.0394 0.0 23.0
5.6264634 68.07588 0.0395 1.0 21.0
7.033079 71.24088 0.0395 1.0 21.0
7.033079 71.24088 0.0396 0.0 22.0
7.033079 74.70438 0.0396 0.0 22.0
7.033079 71.24088 0.0397 0.0 22.0
8.439695 74.40588 0.0397 0.0 22.0
8.439695 74.40588 0.0398 0.0 23.0
11.010474 76.72685 0.0398 0.0 23.0
8.439695 74.40588 0.0399 0.0 23.0
9.846312 77.570885 0.0399 0.0 23.0
5.6264634 68.07588 0.0400 5.0 21.0
5.6264634 71.539375 0.0400 5.0 21.0
5.6264634 71.539375 0.0401 0.0 22.0
4.2198477 74.70438 0.0401 0.0 22.0
5.6264634 71.539375 0.0402 4.0 22.0
5.6264634 75.00287 0.0402 4.0 22.0
5.6264634 75.00287 0.0403 0.0 23.0
7.033079 78.16787 0.0403 0.0 23.0
5.6264634 75.00287 0.0404 0.0 23.0
5.6264634 78.46636 0.0404 0.0 23.0
5.6264634 75.00287 0.0405 1.0 23.0
4.2198477 78.16787 0.0405 1.0 23.0
4.2198477 78.16787 0.0406 0.0 24.0
1.6490691 80.48884 0.0406 0.0 24.0
4.2198477 78.16787 0.0407 0.0 24.0
2.813232 81.33287 0.0407 0.0 24.0
2.813232 81.33287 0.0408 0.0 25.0
2.813232 84.796364 0.0408 0.0 25.0
2.813232 81.33287 0.0409 0.0 25.0
1.4066161 84.49787 0.0409 0.0 25.0
5.6264634 75.00287 0.0410 3.0 23.0
5.6264634 78.46636 0.0410 3.0 23.0
5.6264634 78.46636 0.0411 0.0 24.0
4.2198477 81.63136 0.0411 0.0 24.0
5.6264634 78.46636 0.0412 2.0 24.0
5.6264634 81.929855 0.0412 2.0 24.0
5.6264634 81.929855 0.0413 0.0 25.0
7.033079 85.09486 0.0413 0.0 25.0
5.6264634 81.929855 0.0414 0.0 25.0
5.6264634 85.39335 0.0414 0.0 25.0
5.6264634 81.929855 0.0415 1.0 25.0
7.033079 85.09486 0.0415 1.0 25.0
7.033079 85.09486 0.0416 0.0 26.0
7.033079 88.55835 0.0416 0.0 26.0
7.033079 85.09486 0.0417 0.0 26.0
8.439695 88.25986 0.0417 0.0 26.0
8.439695 88.25986 0.0418 0.0 27.0
11.010474 90.580826 0.0418 0.0 27.0
8.439695 88.25986 0.0419 0.0 27.0
9.846312 91.42486 0.0419 0.0 27.0
5.6264634 81.929855 0.0420 1.0 25.0
5.6264634 85.39335 0.0420 1.0 25.0
5.6264634 85.39335 0.0421 0.0 26.0
4.2198477 88.55835 0.0421 0.0 26.0
5.6264634 85.39335 0.0422 0.0 26.0
5.6264634 88.85684 0.0422 0.0 26.0
5.6264634 88.85684 0.0423 0.0 27.0
7.033079 92.02184 0.0423 0.0 27.0
5.6264634 88.85684 0.0424 0.0 27.0
5.6264634 92.320335 0.0424 0.0 27.0
5.6264634 68.07588 0.0425 9.0 21.0
7.033079 71.24088 0.0425 9.0 21.0
7.033079 71.24088 0.0426 0.0 22.0
7.033079 74.70438 0.0426 0.0 22.0
7.033079 71.24088 0.0427 8.0 22.0
8.439695 74.40588 0.0427 8.0 22.0
8.439695 74.40588 0.0428 0.0 23.0
11.010474 76.72685 0.0428 0.0 23.0
8.439695 74.40588 0.0429 0.0 23.0
9.846312 77.570885 0.0429 0.0 23.0
8.439695 74.40588 0.0430 1.0 23.0
8.439695 77.86938 0.0430 1.0 23.0
8.439695 77.86938 0.0431 0.0 24.0
7.0330796 81.03438 0.0431 0.0 24.0
8.439695 77.86938 0.0432 0.0 24.0
8.439695 81.33287 0.0432 0.0 24.0
8.439695 81.33287 0.0433 0.0 25.0
9.846312 84.49787 0.0433 0.0 25.0
8.439695 81.33287 0.0434 0.0 25.0
8.439695 84.796364 0.0434 0.0 25.0
8.439695 74.40588 0.0435 7.0 23.0
9.846312 77.570885 0.0435 7.0 23.0
9.846312 77.570885 0.0436 0.0 24.0
9.846312 81.03438 0.0436 0.0 24.0
9.846312 77.570885 0.0437 6.0 24.0
11.252928 80.735886 0.0437 6.0 24.0
11.252928 80.735886 0.0438 0.0 25.0
13.823707 83.056854 0.0438 0.0 25.0
11.252928 80.735886 0.0439 0.0 25.0
12.659544 83.90089 0.0439 0.0 25.0
11.252928 80.735886 0.0440 1.0 25.0
13.823707 83.056854 0.0440 1.0 25.0
13.823707 83.056854 0.0441 0.0 26.0
15.230323 86.221855 0.0441 0.0 26.0
13.823707 83.056854 0.0442 0.0 26.0
16.394485 85.37782 0.0442 0.0 26.0
16.394485 85.37782 0.0443 0.0 27.0
19.686312 86.4547 0.0443 0.0 27.0
16.394485 85.37782 0.0444 0.0 27.0
18.965263 87.69879 0.0444 0.0 27.0
11.252928 80.735886 0.0445 1.0 25.0
12.659544 83.90089 0.0445 1.0 25.0
12.659544 83.90089 0.0446 0.0 26.0
12.659544 87.36438 0.0446 0.0 26.0
12.659544 83.90089 0.0447 0.0 26.0
14.06616 87.06589 0.0447 0.0 26.0
14.06616 87.06589 0.0448 0.0 27.0
16.636938 89.386856 0.0448 0.0 27.0
14.06616 87.06589 0.0449 0.0 27.0
15.472776 90.23089 0.0449 0.0 27.0
11.252928 80.735886 0.0450 5.0 25.0
13.823707 83.056854 0.0450 5.0 25.0
13.823707 83.056854 0.0451 0.0 26.0
15.230323 86.221855 0.0451 0.0 26.0
13.823707 83.056854 0.0452 4.0 26.0
16.394485 85.37782 0.0452 4.0 26.0
16.394485 85.37782 0.0453 0.0 27.0
19.686312 86.4547 0.0453 0.0 27.0
16.394485 85.37782 0.0454 0.0 27.0
18.965263 87.69879 0.0454 0.0 27.0
16.394485 85.37782 0.0455 1.0 27.0
17.801102 88.54282 0.0455 1.0 27.0
17.801102 88.54282 0.0456 0.0 28.0
17.801102 92.00632 0.0456 0.0 28.0
17.801102 88.54282 0.0457 0.0 28.0
19.207718 91.707825 0.0457 0.0 28.0
19.207718 91.707825 0.0458 0.0 29.0
21.778496 94.02879 0.0458 0.0 29.0
19.207718 91.707825 0.0459 0.0 29.0
20.614334 94.872826 0.0459 0.0 29.0
16.394485 85.37782 0.0460 3.0 27.0
18.965263 87.69879 0.0460 3.0 27.0
18.965263 87.69879 0.0461 0.0 28.0
20.37188 90.86379 0.0461 0.0 28.0
18.965263 87.69879 0.0462 2.0 28.0
21.536041 90.01976 0.0462 2.0 28.0
21.536041 90.01976 0.0463 0.0 29.0
24.827868 91.096634 0.0463 0.0 29.0
21.536041 90.01976 0.0464 0.0 29.0
24.10682 92.34073 0.0464 0.0 29.0
21.536041 90.01976 0.0465 1.0 29.0
24.827868 91.096634 0.0465 1.0 29.0
24.827868 91.096634 0.0466 0.0 30.0
27.398645 93.4176 0.0466 0.0 30.0
24.827868 91.096634 0.0467 0.0 30.0
28.119694 92.17351 0.0467 0.0 30.0
28.119694 92.17351 0.0468 0.0 31.0
31.565168 91.82068 0.0468 0.0 31.0
28.119694 92.17351 0.0469 0.0 31.0
31.41152 93.25038 0.0469 0.0 31.0
21.536041 90.01976 0.0470 1.0 29.0
24.10682 92.34073 0.0470 1.0 29.0
24.10682 92.34073 0.0471 0.0 30.0
25.513435 95.50573 0.0471 0.0 30.0
24.10682 92.34073 0.0472 0.0 30.0
26.677597 94.6617 0.0472 0.0 30.0
26.677597 94.6617 0.0473 0.0 31.0
29.969423 95.73857 0.0473 0.0 31.0
26.677597 94.6617 0.0474 0.0 31.0
29.248375 96.982666 0.0474 0.0 31.0
11.252928 80.735886 0.0475 5.0 25.0
12.659544 83.90089 0.0475 5.0 25.0
12.659544 83.90089 0.0476 0.0 26.0
12.659544 87.36438 0.0476 0.0 26.0
12.659544 83.90089 0.0477 4.0 26.0
14.06616 87.06589 0.0477 4.0 26.0
14.06616 87.06589 0.0478 0.0 27.0
16.636938 89.386856 0.0478 0.0 27.0
14.06616 87.06589 0.0479 0.0 27.0
15.472776 90.23089 0.0479 0.0 27.0
14.06616 87.06589 0.0480 1.0 27.0
14.06616 90.52938 0.0480 1.0 27.0
14.06616 90.52938 0.0481 0.0 28.0
12.659544 93.69438 0.0481 0.0 28.0
14.06616 90.52938 0.0482 0.0 28.0
14.06616 93.992874 0.0482 0.0 28.0
14.06616 93.992874 0.0483 0.0 29.0
15.472776 97.157875 0.0483 0.0 29.0
14.06616 93.992874 0.0484 0.0 29.0
14.06616 97.45637 0.0484 0.0 29.0
14.06616 87.06589 0.0485 3.0 27.0
15.472776 90.23089 0.0485 3.0 27.0
15.472776 90.23089 0.0486 0.0 28.0
15.472776 93.69438 0.0486 0.0 28.0
15.472776 90.23089 0.0487 2.0 28.0
16.879393 93.39589 0.0487 2.0 28.0
16.879393 93.39589 0.0488 0.0 29.0
19.45017 95.71686 0.0488 0.0 29.0
16.879393 93.39589 0.0489 0.0 29.0
18.286009 96.56089 0.0489 0.0 29.0
16.879393 93.39589 0.0490 1.0 29.0
19.45017 95.71686 0.0490 1.0 29.0
19.45017 95.71686 0.0491 0.0 30.0
20.856787 98.88186 0.0491 0.0 30.0
19.45017 95.71686 0.0492 0.0 30.0
22.020948 98.03783 0.0492 0.0 30.0
22.020948 98.03783 0.0493 0.0 31.0
25.312775 99.1147 0.0493 0.0 31.0
22.020948 98.03783 0.0494 0.0 31.0
24.591726 100.358795 0.0494 0.0 31.0
16.879393 93.39589 0.0495 1.0 29.0
18.286009 96.56089 0.0495 1.0 29.0
18.286009 96.56089 0.0496 0.0 30.0
18.286009 100.02438 0.0496 0.0 30.0
18.286009 96.56089 0.0497 0.0 30.0
19.692625 99.72589 0.0497 0.0 30.0
19.692625 99.72589 0.0498 0.0 31.0
22.263403 102.04686 0.0498 0.0 31.0
19.692625 99.72589 0.0499 0.0 31.0
21.099241 102.89089 0.0499 0.0 31.0
0.0 55.41589 0.0500 13.0 17.0
0.0 58.879383 0.0500 13.0 17.0
0.0 58.879383 0.0501 0.0 18.0
-1.4066159 62.04438 0.0501 0.0 18.0
0.0 58.879383 0.0502 12.0 18.0
0.0 62.342876 0.0502 12.0 18.0
0.0 62.342876 0.0503 0.0 19.0
1.4066159 65.50787 0.0503 0.0 19.0
0.0 62.342876 0.0504 0.0 19.0
0.0 65.806366 0.0504 0.0 19.0
0.0 62.342876 0.0505 1.0 19.0
-1.4066159 65.50787 0.0505 1.0 19.0
-1.4066159 65.50787 0.0506 0.0 20.0
-3.9773946 67.82884 0.0506 0.0 20.0
-1.4066159 65.50787 0.0507 0.0 20.0
-2.8132317 68.672874 0.0507 0.0 20.0
-2.8132317 68.672874 0.0508 0.0 21.0
-2.8132317 72.13637 0.0508 0.0 21.0
-2.8132317 68.672874 0.0509 0.0 21.0
-4.2198477 71.837875 0.0509 0.0 21.0
0.0 62.342876 0.0510 11.0 19.0
0.0 65.806366 0.0510 11.0 19.0
0.0 65.806366 0.0511 0.0 20.0
-1.4066159 68.97137 0.0511 0.0 20.0
0.0 65.806366 0.0512 10.0 20.0
0.0 69.26986 0.0512 10.0 20.0
0.0 69.26986 0.0513 0.0 21.0
1.4066159 72.43486 0.0513 0.0 21.0
0.0 69.26986 0.0514 0.0 21.0
0.0 72.73335 0.0514 0.0 21.0
0.0 69.26986 0.0515 1.0 21.0
1.4066159 72.43486 0.0515 1.0 21.0
1.4066159 72.43486 0.0516 0.0 22.0
1.4066159 75.89835 0.0516 0.0 22.0
1.4066159 72.43486 0.0517 0.0 22.0
2.8132317 75.59986 0.0517 0.0 22.0
2.8132317 75.59986 0.0518 0.0 23.0
5.3840103 77.92083 0.0518 0.0 23.0
2.8132317 75.59986 0.0519 0.0 23.0
4.2198477 78.76486 0.0519 0.0 23.0
0.0 69.26986 0.0520 1.0 21.0
0.0 72.73335 0.0520 1.0 21.0
0.0 72.73335 0.0521 0.0 22.0
-1.4066159 75.89835 0.0521 0.0 22.0
0.0 72.73335 0.0522 0.0 22.0
0.0 76.196846 0.0522 0.0 22.0
0.0 76.196846 0.0523 0.0 23.0
1.4066159 79.36185 0.0523 0.0 23.0
0.0 76.196846 0.0524 0.0 23.0
0.0 79.66034 0.0524 0.0 23.0
0.0 69.26986 0.0525 5.0 21.0
-1.4066159 72.43486 0.0525 5.0 21.0
-1.4066159 72.43486 0.0526 0.0 22.0
-3.9773946 74.75583 0.0526 0.0 22.0
-1.4066159 72.43486 0.0527 4.0 22.0
-2.8132317 75.59986 0.0527 4.0 22.0
-2.8132317 75.59986 0.0528 0.0 23.0
-2.8132317 79.063354 0.0528 0.0 23.0
-2.8132317 75.59986 0.0529 0.0 23.0
-4.2198477 78.76486 0.0529 0.0 23.0
-2.8132317 75.59986 0.0530 1.0 23.0
-5.3840103 77.92083 0.0530 1.0 23.0
-5.3840103 77.92083 0.0531 0.0 24.0
-8.675837 78.9977 0.0531 0.0 24.0
-5.3840103 77.92083 0.0532 0.0 24.0
-7.954789 80.2418 0.0532 0.0 24.0
-7.954789 80.2418 0.0533 0.0 25.0
-9.361405 83.4068 0.0533 0.0 25.0
-7.954789 80.2418 0.0534 0.0 25.0
-10.525568 82.56277 0.0534 0.0 25.0
-2.8132317 75.59986 0.0535 3.0 23.0
-4.2198477 78.76486 0.0535 3.0 23.0
-4.2198477 78.76486 0.0536 0.0 24.0
-6.7906265 81.08583 0.0536 0.0 24.0
-4.2198477 78.76486 0.0537 2.0 24.0
-5.6264634 81.92986 0.0537 2.0 24.0
-5.6264634 81.92986 0.0538 0.0 25.0
-5.6264634 85.39336 0.0538 0.0 25.0
-5.6264634 81.92986 0.0539 0.0 25.0
-7.033079 85.094864 0.0539 0.0 25.0
-5.6264634 81.92986 0.0540 1.0 25.0
-5.6264634 85.39336 0.0540 1.0 25.0
-5.6264634 85.39336 0.0541 0.0 26.0
-7.033079 88.55836 0.0541 0.0 26.0
-5.6264634 85.39336 0.0542 0.0 26.0
-5.6264634 88.85685 0.0542 0.0 26.0
-5.6264634 88.85685 0.0543 0.0 27.0
-4.2198477 92.02185 0.0543 0.0 27.0
-5.6264634 88.85685 0.0544 0.0 27.0
-5.6264634 92.32034 0.0544 0.0 27.0
-5.6264634 81.92986 0.0545 1.0 25.0
-7.033079 85.094864 0.0545 1.0 25.0
-7.033079 85.094864 0.0546 0.0 26.0
-9.603858 87.41583 0.0546 0.0 26.0
-7.033079 85.094864 0.0547 0.0 26.0
-8.439695 88.259865 0.0547 0.0 26.0
-8.439695 88.259865 0.0548 0.0 27.0
-8.439695 91.72336 0.0548 0.0 27.0
-8.439695 88.259865 0.0549 0.0 27.0
-9.846312 91.424866 0.0549 0.0 27.0
0.0 69.26986 0.0550 9.0 21.0
0.0 72.73335 0.0550 9.0 21.0
0.0 72.73335 0.0551 0.0 22.0
-1.4066159 75.89835 0.0551 0.0 22.0
0.0 72.73335 0.0552 8.0 22.0
0.0 76.196846 0.0552 8.0 22.0
0.0 76.196846 0.0553 0.0 23.0
1.4066159 79.36185 0.0553 0.0 23.0
0.0 76.196846 0.0554 0.0 23.0
0.0 79.66034 0.0554 0.0 23.0
0.0 76.196846 0.0555 1.0 23.0
-1.4066159 79.36185 0.0555 1.0 23.0
-1.4066159 79.36185 0.0556 0.0 24.0
-3.9773946 81.682816 0.0556 0.0 24.0
-1.4066159 79.36185 0.0557 0.0 24.0
-2.8132317 82.52685 0.0557 0.0 24.0
-2.8132317 82.52685 0.0558 0.0 25.0
-2.8132317 85.99034 0.0558 0.0 25.0
-2.8132317 82.52685 0.0559 0.0 25.0
-4.2198477 85.69185 0.0559 0.0 25.0
0.0 76.196846 0.0560 7.0 23.0
0.0 79.66034 0.0560 7.0 23.0
0.0 79.66034 0.0561 0.0 24.0
-1.4066159 82.82534 0.0561 0.0 24.0
0.0 79.66034 0.0562 6.0 24.0
0.0 83.12383 0.0562 6.0 24.0
0.0 83.12383 0.0563 0.0 25.0
1.4066159 86.28883 0.0563 0.0 25.0
0.0 83.12383 0.0564 0.0 25.0
0.0 86.587326 0.0564 0.0 25.0
0.0 83.12383 0.0565 1.0 25.0
1.4066159 86.28883 0.0565 1.0 25.0
1.4066159 86.28883 0.0566 0.0 26.0
1.4066159 89.75233 0.0566 0.0 26.0
1.4066159 86.28883 0.0567 0.0 26.0
2.8132317 89.453835 0.0567 0.0 26.0
2.8132317 89.453835 0.0568 0.0 27.0
5.3840103 91.7748 0.0568 0.0 27.0
2.8132317 89.453835 0.0569 0.0 27.0
4.2198477 92.618835 0.0569 0.0 27.0
0.0 83.12383 0.0570 1.0 25.0
0.0 86.587326 0.0570 1.0 25.0
0.0 86.587326 0.0571 0.0 26.0
-1.4066159 89.75233 0.0571 0.0 26.0
0.0 86.587326 0.0572 0.0 26.0
0.0 90.05082 0.0572 0.0 26.0
0.0 90.05082 0.0573 0.0 27.0
1.4066159 93.21582 0.0573 0.0 27.0
0.0 90.05082 0.0574 0.0 27.0
0.0 93.51431 0.0574 0.0 27.0
0.0 83.12383 0.0575 5.0 25.0
1.4066159 86.28883 0.0575 5.0 25.0
1.4066159 86.28883 0.0576 0.0 26.0
1.4066159 89.75233 0.0576 0.0 26.0
1.4066159 86.28883 0.0577 4.0 26.0
2.8132317 89.453835 0.0577 4.0 26.0
2.8132317 89.453835 0.0578 0.0 27.0
5.3840103 91.7748 0.0578 0.0 27.0
2.8132317 89.453835 0.0579 0.0 27.0
4.2198477 92.618835 0.0579 0.0 27.0
2.8132317 89.453835 0.0580 1.0 27.0
2.8132317 92.91733 0.0580 1.0 27.0
2.8132317 92.91733 0.0581 0.0 28.0
1.4066159 96.08233 0.0581 0.0 28.0
2.8132317 92.91733 0.0582 0.0 28.0
2.8132317 96.38082 0.0582 0.0 28.0
2.8132317 96.38082 0.0583 0.0 29.0
4.2198477 99.54582 0.0583 0.0 29.0
2.8132317 96.38082 0.0584 0.0 29.0
2.8132317 99.844315 0.0584 0.0 29.0
2.8132317 89.453835 0.0585 3.0 27.0
4.2198477 92.618835 0.0585 3.0 27.0
4.2198477 92.618835 0.0586 0.0 28.0
4.2198477 96.08233 0.0586 0.0 28.0
4.2198477 92.618835 0.0587 2.0 28.0
5.6264634 95.78384 0.0587 2.0 28.0
5.6264634 95.78384 0.0588 0.0 29.0
8.197242 98.104805 0.0588 0.0 29.0
5.6264634 95.78384 0.0589 0.0 29.0
7.033079 98.94884 0.0589 0.0 29.0
5.6264634 95.78384 0.0590 1.0 29.0
8.197242 98.104805 0.0590 1.0 29.0
8.197242 98.104805 0.0591 0.0 30.0
9.603858 101.269806 0.0591 0.0 30.0
8.197242 98.104805 0.0592 0.0 30.0
10.768021 100.42577 0.0592 0.0 30.0
10.768021 100.42577 0.0593 0.0 31.0
14.059847 101.50265 0.0593 0.0 31.0
10.768021 100.42577 0.0594 0.0 31.0
13.338799 102.74674 0.0594 0.0 31.0
5.6264634 95.78384 0.0595 1.0 29.0
7.033079 98.94884 0.0595 1.0 29.0
7.033079 98.94884 0.0596 0.0 30.0
7.033079 102.41233 0.0596 0.0 30.0
7.033079 98.94884 0.0597 0.0 30.0
8.439695 102.11384 0.0597 0.0 30.0
8.439695 102.11384 0.0598 0.0 31.0
11.010474 104.43481 0.0598 0.0 31.0
8.439695 102.11384 0.0599 0.0 31.0
9.846312 105.27884 0.0599 0.0 31.0
0.0 83.12383 0.0600 5.0 25.0
0.0 86.587326 0.0600 5.0 25.0
0.0 86.587326 0.0601 0.0 26.0
-1.4066159 89.75233 0.0601 0.0 26.0
0.0 86.587326 0.0602 4.0 26.0
0.0 90.05082 0.0602 4.0 26.0
0.0 90.05082 0.0603 0.0 27.0
1.4066159 93.21582 0.0603 0.0 27.0
0.0 90.05082 0.0604 0.0 27.0
0.0 93.51431 0.0604 0.0 27.0
0.0 90.05082 0.0605 1.0 27.0
-1.4066159 93.21582 0.0605 1.0 27.0
-1.4066159 93.21582 0.0606 0.0 28.0
-3.9773946 95.53679 0.0606 0.0 28.0
-1.4066159 93.21582 0.0607 0.0 28.0
-2.8132317 96.38082 0.0607 0.0 28.0
-2.8132317 96.38082 0.0608 0.0 29.0
-2.8132317 99.844315 0.0608 0.0 29.0
-2.8132317 96.38082 0.0609 0.0 29.0
-4.2198477 99.54582 0.0609 0.0 29.0
0.0 90.05082 0.0610 3.0 27.0
0.0 93.51431 0.0610 3.0 27.0
0.0 93.51431 0.0611 0.0 28.0
-1.4066159 96.67931 0.0611 0.0 28.0
0.0 93.51431 0.0612 2.0 28.0
0.0 96.977806 0.0612 2.0 28.0
0.0 96.977806 0.0613 0.0 29.0
1.4066159 100.14281 0.0613 0.0 29.0
0.0 96.977806 0.0614 0.0 29.0
0.0 100.4413 0.0614 0.0 29.0
0.0 96.977806 0.0615 1.0 29.0
1.4066159 100.14281 0.0615 1.0 29.0
1.4066159 100.14281 0.0616 0.0 30.0
1.4066159 103.6063 0.0616 0.0 30.0
1.4066159 100.14281 0.0617 0.0 30.0
2.8132317 103.30781 0.0617 0.0 30.0
2.8132317 103.30781 0.0618 0.0 31.0
5.3840103 105.62878 0.0618 0.0 31.0
2.8132317 103.30781 0.0619 0.0 31.0
4.2198477 106.47281 0.0619 0.0 31.0
0.0 96.977806 0.0620 1.0 29.0
0.0 100.4413 0.0620 1.0 29.0
0.0 100.4413 0.0621 0.0 30.0
-1.4066159 103.6063 0.0621 0.0 30.0
0.0 100.4413 0.0622 0.0 30.0
0.0 103.90479 0.0622 0.0 30.0
0.0 103.90479 0.0623 0.0 31.0
1.4066159 107.06979 0.0623 0.0 31.0
0.0 103.90479 0.0624 0.0 31.0
0.0 107.368286 0.0624 0.0 31.0
