0.0 0.0 0.00 11.0 1.0
0.0 1.9843233 0.00 11.0 1.0
0.0 1.9843233 0.01 10.0 2.0
0.0 3.9686465 0.01 10.0 2.0
0.0 3.9686465 0.02 1.0 3.0
1.9475279 4.3490067 0.02 1.0 3.0
1.9475279 4.3490067 0.03 0.0 4.0
3.209031 5.880721 0.03 0.0 4.0
3.209031 5.880721 0.04 0.0 5.0
3.209031 7.8650446 0.04 0.0 5.0
0.0 3.9686465 0.05 1.0 3.0
-1.2615032 5.5003605 0.05 1.0 3.0
-1.2615032 5.5003605 0.06 0.0 4.0
-1.2615032 7.484684 0.06 0.0 4.0
-1.2615032 7.484684 0.07 0.0 5.0
0.0 9.016398 0.07 0.0 5.0
0.0 3.9686465 0.08 9.0 3.0
0.0 5.9529696 0.08 9.0 3.0
0.0 5.9529696 0.09 8.0 4.0
0.0 7.937293 0.09 8.0 4.0
0.0 7.937293 0.010 1.0 5.0
1.9475279 8.317654 0.010 1.0 5.0
1.9475279 8.317654 0.011 0.0 6.0
3.209031 9.849368 0.011 0.0 6.0
3.209031 9.849368 0.012 0.0 7.0
3.209031 11.833692 0.012 0.0 7.0
0.0 7.937293 0.013 1.0 5.0
-1.2615032 9.4690075 0.013 1.0 5.0
-1.2615032 9.4690075 0.014 0.0 6.0
-1.2615032 11.453331 0.014 0.0 6.0
-1.2615032 11.453331 0.015 0.0 7.0
0.0 12.985045 0.015 0.0 7.0
0.0 7.937293 0.016 7.0 5.0
1.9475279 8.317654 0.016 7.0 5.0
1.9475279 8.317654 0.017 6.0 6.0
3.8950558 8.698014 0.017 6.0 6.0
3.8950558 8.698014 0.018 1.0 7.0
4.64167 6.859508 0.018 1.0 7.0
4.64167 6.859508 0.019 0.0 8.0
6.3867903 5.915 0.019 0.0 8.0
6.3867903 5.915 0.020 0.0 9.0
8.334318 6.2953606 0.020 0.0 9.0
3.8950558 8.698014 0.021 1.0 7.0
5.156559 10.229729 0.021 1.0 7.0
5.156559 10.229729 0.022 0.0 8.0
7.104087 10.610089 0.022 0.0 8.0
7.104087 10.610089 0.023 0.0 9.0
8.849207 9.665582 0.023 0.0 9.0
3.8950558 8.698014 0.024 5.0 7.0
5.156559 10.229729 0.024 5.0 7.0
5.156559 10.229729 0.025 4.0 8.0
6.418062 11.761443 0.025 4.0 8.0
6.418062 11.761443 0.026 1.0 9.0
8.163182 10.816936 0.026 1.0 9.0
8.163182 10.816936 0.027 0.0 10.0
10.11071 11.197296 0.027 0.0 10.0
10.11071 11.197296 0.028 0.0 11.0
11.372213 12.729011 0.028 0.0 11.0
6.418062 11.761443 0.029 1.0 9.0
6.418062 13.745767 0.029 1.0 9.0
6.418062 13.745767 0.030 0.0 10.0
7.6795654 15.277481 0.030 0.0 10.0
7.6795654 15.277481 0.031 0.0 11.0
9.627093 15.657842 0.031 0.0 11.0
6.418062 11.761443 0.032 3.0 9.0
6.418062 13.745767 0.032 3.0 9.0
6.418062 13.745767 0.033 2.0 10.0
6.418062 15.73009 0.033 2.0 10.0
6.418062 15.73009 0.034 1.0 11.0
8.36559 16.11045 0.034 1.0 11.0
8.36559 16.11045 0.035 0.0 12.0
9.627093 17.642166 0.035 0.0 12.0
9.627093 17.642166 0.036 0.0 13.0
9.627093 19.62649 0.036 0.0 13.0
6.418062 15.73009 0.037 1.0 11.0
5.156559 17.261805 0.037 1.0 11.0
5.156559 17.261805 0.038 0.0 12.0
5.156559 19.246128 0.038 0.0 12.0
5.156559 19.246128 0.039 0.0 13.0
6.418062 20.777843 0.039 0.0 13.0
0.0 7.937293 0.040 7.0 5.0
-1.2615032 9.4690075 0.040 7.0 5.0
-1.2615032 9.4690075 0.041 6.0 6.0
-2.5230064 11.000722 0.041 6.0 6.0
-2.5230064 11.000722 0.042 1.0 7.0
-1.2615032 12.532436 0.042 1.0 7.0
-1.2615032 12.532436 0.043 0.0 8.0
-1.2615032 14.51676 0.043 0.0 8.0
-1.2615032 14.51676 0.044 0.0 9.0
-2.5230064 16.048473 0.044 0.0 9.0
-2.5230064 11.000722 0.045 1.0 7.0
-4.4705343 11.381083 0.045 1.0 7.0
-4.4705343 11.381083 0.046 0.0 8.0
-5.7320375 12.912797 0.046 0.0 8.0
-5.7320375 12.912797 0.047 0.0 9.0
-5.7320375 14.89712 0.047 0.0 9.0
-2.5230064 11.000722 0.048 5.0 7.0
-2.5230064 12.985045 0.048 5.0 7.0
-2.5230064 12.985045 0.049 4.0 8.0
-2.5230064 14.969369 0.049 4.0 8.0
-2.5230064 14.969369 0.050 1.0 9.0
-0.57547855 15.34973 0.050 1.0 9.0
-0.57547855 15.34973 0.051 0.0 10.0
0.68602467 16.881443 0.051 0.0 10.0
0.68602467 16.881443 0.052 0.0 11.0
0.68602467 18.865767 0.052 0.0 11.0
-2.5230064 14.969369 0.053 1.0 9.0
-3.7845097 16.501083 0.053 1.0 9.0
-3.7845097 16.501083 0.054 0.0 10.0
-3.7845097 18.485407 0.054 0.0 10.0
-3.7845097 18.485407 0.055 0.0 11.0
-2.5230064 20.01712 0.055 0.0 11.0
-2.5230064 14.969369 0.056 3.0 9.0
-1.2615032 16.501083 0.056 3.0 9.0
-1.2615032 16.501083 0.057 2.0 10.0
0.0 18.032797 0.057 2.0 10.0
0.0 18.032797 0.058 1.0 11.0
1.7451199 17.08829 0.058 1.0 11.0
1.7451199 17.08829 0.059 0.0 12.0
3.692648 17.468649 0.059 0.0 12.0
3.692648 17.468649 0.060 0.0 13.0
4.954151 19.000362 0.060 0.0 13.0
0.0 18.032797 0.061 1.0 11.0
0.0 20.01712 0.061 1.0 11.0
0.0 20.01712 0.062 0.0 12.0
1.2615032 21.548834 0.062 0.0 12.0
1.2615032 21.548834 0.063 0.0 13.0
3.209031 21.929193 0.063 0.0 13.0
