0.0 0.0 0.00 60.0 1.0
0.0 2.3086736 0.00 60.0 1.0
0.0 2.3086736 0.01 59.0 2.0
0.0 4.6173472 0.01 59.0 2.0
0.0 4.6173472 0.02 58.0 3.0
0.0 6.9260206 0.02 58.0 3.0
0.0 6.9260206 0.03 57.0 4.0
0.0 9.2346945 0.03 57.0 4.0
0.0 9.2346945 0.04 56.0 5.0
0.0 11.543368 0.04 56.0 5.0
0.0 11.543368 0.05 55.0 6.0
0.0 13.852042 0.05 55.0 6.0
0.0 13.852042 0.06 54.0 7.0
0.0 16.160715 0.06 54.0 7.0
0.0 16.160715 0.07 53.0 8.0
0.0 18.469389 0.07 53.0 8.0
0.0 18.469389 0.08 52.0 9.0
0.0 20.778063 0.08 52.0 9.0
0.0 20.778063 0.09 51.0 10.0
0.0 23.086737 0.09 51.0 10.0
0.0 23.086737 0.010 50.0 11.0
0.0 25.39541 0.010 50.0 11.0
0.0 25.39541 0.011 49.0 12.0
0.0 27.704084 0.011 49.0 12.0
0.0 27.704084 0.012 48.0 13.0
0.0 30.012758 0.012 48.0 13.0
0.0 30.012758 0.013 47.0 14.0
0.0 32.32143 0.013 47.0 14.0
0.0 32.32143 0.014 46.0 15.0
0.0 34.630104 0.014 46.0 15.0
0.0 34.630104 0.015 45.0 16.0
0.0 36.938778 0.015 45.0 16.0
0.0 36.938778 0.016 28.0 17.0
-1.1472656 38.942215 0.016 28.0 17.0
-1.1472656 38.942215 0.017 27.0 18.0
-2.294531 40.945652 0.017 27.0 18.0
-2.294531 40.945652 0.018 26.0 19.0
-3.4417968 42.94909 0.018 26.0 19.0
-3.4417968 42.94909 0.019 25.0 20.0
-4.589062 44.952526 0.019 25.0 20.0
-4.589062 44.952526 0.020 24.0 21.0
-5.7363276 46.955963 0.020 24.0 21.0
-5.7363276 46.955963 0.021 23.0 22.0
-6.883593 48.9594 0.021 23.0 22.0
-6.883593 48.9594 0.022 22.0 23.0
-8.030859 50.962837 0.022 22.0 23.0
-8.030859 50.962837 0.023 21.0 24.0
-9.178124 52.966274 0.023 21.0 24.0
-9.178124 52.966274 0.024 12.0 25.0
-9.178124 55.27495 0.024 12.0 25.0
-9.178124 55.27495 0.025 11.0 26.0
-9.178124 57.583622 0.025 11.0 26.0
-9.178124 57.583622 0.026 10.0 27.0
-9.178124 59.892296 0.026 10.0 27.0
-9.178124 59.892296 0.027 9.0 28.0
-9.178124 62.20097 0.027 9.0 28.0
-9.178124 62.20097 0.028 4.0 29.0
-8.030859 64.20441 0.028 4.0 29.0
-8.030859 64.20441 0.029 3.0 30.0
-6.8835936 66.20784 0.029 3.0 30.0
-6.8835936 66.20784 0.030 0.0 31.0
-6.8835936 68.51651 0.030 0.0 31.0
-6.8835936 68.51651 0.031 0.0 32.0
-6.8835936 70.82518 0.031 0.0 32.0
-6.8835936 66.20784 0.032 2.0 31.0
-5.736328 68.21127 0.032 2.0 31.0
-5.736328 68.21127 0.033 1.0 32.0
-4.5890627 70.21471 0.033 1.0 32.0
-4.5890627 70.21471 0.034 0.0 33.0
-2.5978994 71.38314 0.034 0.0 33.0
-2.5978994 71.38314 0.035 0.0 34.0
-0.6067363 72.551575 0.035 0.0 34.0
-4.5890627 70.21471 0.036 0.0 33.0
-4.5890627 72.52338 0.036 0.0 33.0
-4.5890627 72.52338 0.037 0.0 34.0
-4.5890627 74.83205 0.037 0.0 34.0
-9.178124 62.20097 0.038 8.0 29.0
-9.178124 64.50964 0.038 8.0 29.0
-9.178124 64.50964 0.039 7.0 30.0
-9.178124 66.81831 0.039 7.0 30.0
-9.178124 66.81831 0.040 6.0 31.0
-9.178124 69.12698 0.040 6.0 31.0
-9.178124 69.12698 0.041 5.0 32.0
-9.178124 71.43565 0.041 5.0 32.0
-9.178124 71.43565 0.042 4.0 33.0
-8.030859 73.43909 0.042 4.0 33.0
-8.030859 73.43909 0.043 3.0 34.0
-6.8835936 75.44252 0.043 3.0 34.0
-6.8835936 75.44252 0.044 0.0 35.0
-6.8835936 77.75119 0.044 0.0 35.0
-6.8835936 77.75119 0.045 0.0 36.0
-6.8835936 80.05986 0.045 0.0 36.0
-6.8835936 75.44252 0.046 2.0 35.0
-5.736328 77.44595 0.046 2.0 35.0
-5.736328 77.44595 0.047 1.0 36.0
-4.5890627 79.44939 0.047 1.0 36.0
-4.5890627 79.44939 0.048 0.0 37.0
-2.5978994 80.61782 0.048 0.0 37.0
-2.5978994 80.61782 0.049 0.0 38.0
-0.6067363 81.786255 0.049 0.0 38.0
-4.5890627 79.44939 0.050 0.0 37.0
-4.5890627 81.75806 0.050 0.0 37.0
-4.5890627 81.75806 0.051 0.0 38.0
-4.5890627 84.06673 0.051 0.0 38.0
-9.178124 71.43565 0.052 4.0 33.0
-10.32539 73.43909 0.052 4.0 33.0
-10.32539 73.43909 0.053 3.0 34.0
-11.472655 75.44252 0.053 3.0 34.0
-11.472655 75.44252 0.054 0.0 35.0
-13.463819 76.610954 0.054 0.0 35.0
-13.463819 76.610954 0.055 0.0 36.0
-15.454982 77.77939 0.055 0.0 36.0
-11.472655 75.44252 0.056 2.0 35.0
-12.619921 77.44595 0.056 2.0 35.0
-12.619921 77.44595 0.057 1.0 36.0
-13.767186 79.44939 0.057 1.0 36.0
-13.767186 79.44939 0.058 0.0 37.0
-13.767186 81.75806 0.058 0.0 37.0
-13.767186 81.75806 0.059 0.0 38.0
-13.767186 84.06673 0.059 0.0 38.0
-13.767186 79.44939 0.060 0.0 37.0
-15.758349 80.61782 0.060 0.0 37.0
-15.758349 80.61782 0.061 0.0 38.0
-17.749512 81.786255 0.061 0.0 38.0
-9.178124 52.966274 0.062 20.0 25.0
-10.32539 54.96971 0.062 20.0 25.0
-10.32539 54.96971 0.063 19.0 26.0
-11.472655 56.97315 0.063 19.0 26.0
-11.472655 56.97315 0.064 18.0 27.0
-12.619921 58.976585 0.064 18.0 27.0
-12.619921 58.976585 0.065 17.0 28.0
-13.767186 60.980022 0.065 17.0 28.0
-13.767186 60.980022 0.066 16.0 29.0
-14.914452 62.98346 0.066 16.0 29.0
-14.914452 62.98346 0.067 15.0 30.0
-16.061718 64.98689 0.067 15.0 30.0
-16.061718 64.98689 0.068 14.0 31.0
-17.208984 66.990326 0.068 14.0 31.0
-17.208984 66.990326 0.069 13.0 32.0
-18.35625 68.99376 0.069 13.0 32.0
-18.35625 68.99376 0.070 12.0 33.0
-18.35625 71.30243 0.070 12.0 33.0
-18.35625 71.30243 0.071 11.0 34.0
-18.35625 73.6111 0.071 11.0 34.0
-18.35625 73.6111 0.072 10.0 35.0
-18.35625 75.91977 0.072 10.0 35.0
-18.35625 75.91977 0.073 9.0 36.0
-18.35625 78.22844 0.073 9.0 36.0
-18.35625 78.22844 0.074 4.0 37.0
-17.208984 80.23187 0.074 4.0 37.0
-17.208984 80.23187 0.075 3.0 38.0
-16.061718 82.235306 0.075 3.0 38.0
-16.061718 82.235306 0.076 0.0 39.0
-16.061718 84.543976 0.076 0.0 39.0
-16.061718 84.543976 0.077 0.0 40.0
-16.061718 86.852646 0.077 0.0 40.0
-16.061718 82.235306 0.078 2.0 39.0
-14.914453 84.23874 0.078 2.0 39.0
-14.914453 84.23874 0.079 1.0 40.0
-13.767187 86.24217 0.079 1.0 40.0
-13.767187 86.24217 0.080 0.0 41.0
-11.776024 87.41061 0.080 0.0 41.0
-11.776024 87.41061 0.081 0.0 42.0
-9.784861 88.57904 0.081 0.0 42.0
-13.767187 86.24217 0.082 0.0 41.0
-13.767187 88.55084 0.082 0.0 41.0
-13.767187 88.55084 0.083 0.0 42.0
-13.767187 90.85951 0.083 0.0 42.0
-18.35625 78.22844 0.084 8.0 37.0
-18.35625 80.53711 0.084 8.0 37.0
-18.35625 80.53711 0.085 7.0 38.0
-18.35625 82.84578 0.085 7.0 38.0
-18.35625 82.84578 0.086 6.0 39.0
-18.35625 85.15445 0.086 6.0 39.0
-18.35625 85.15445 0.087 5.0 40.0
-18.35625 87.46312 0.087 5.0 40.0
-18.35625 87.46312 0.088 4.0 41.0
-17.208984 89.46655 0.088 4.0 41.0
-17.208984 89.46655 0.089 3.0 42.0
-16.061718 91.469986 0.089 3.0 42.0
-16.061718 91.469986 0.090 0.0 43.0
-16.061718 93.778656 0.090 0.0 43.0
-16.061718 93.778656 0.091 0.0 44.0
-16.061718 96.087326 0.091 0.0 44.0
-16.061718 91.469986 0.092 2.0 43.0
-14.914453 93.47342 0.092 2.0 43.0
-14.914453 93.47342 0.093 1.0 44.0
-13.767187 95.47685 0.093 1.0 44.0
-13.767187 95.47685 0.094 0.0 45.0
-11.776024 96.64529 0.094 0.0 45.0
-11.776024 96.64529 0.095 0.0 46.0
-9.784861 97.81372 0.095 0.0 46.0
-13.767187 95.47685 0.096 0.0 45.0
-13.767187 97.78552 0.096 0.0 45.0
-13.767187 97.78552 0.097 0.0 46.0
-13.767187 100.09419 0.097 0.0 46.0
-18.35625 87.46312 0.098 4.0 41.0
-19.503517 89.46655 0.098 4.0 41.0
-19.503517 89.46655 0.099 3.0 42.0
-20.650784 91.469986 0.099 3.0 42.0
-20.650784 91.469986 0.0100 0.0 43.0
-22.641947 92.63842 0.0100 0.0 43.0
-22.641947 92.63842 0.0101 0.0 44.0
-24.63311 93.806854 0.0101 0.0 44.0
-20.650784 91.469986 0.0102 2.0 43.0
-21.79805 93.47342 0.0102 2.0 43.0
-21.79805 93.47342 0.0103 1.0 44.0
-22.945316 95.47685 0.0103 1.0 44.0
-22.945316 95.47685 0.0104 0.0 45.0
-22.945316 97.78552 0.0104 0.0 45.0
-22.945316 97.78552 0.0105 0.0 46.0
-22.945316 100.09419 0.0105 0.0 46.0
-22.945316 95.47685 0.0106 0.0 45.0
-24.93648 96.64529 0.0106 0.0 45.0
-24.93648 96.64529 0.0107 0.0 46.0
-26.927643 97.81372 0.0107 0.0 46.0
-18.35625 68.99376 0.0108 12.0 33.0
-20.347414 70.16219 0.0108 12.0 33.0
-20.347414 70.16219 0.0109 11.0 34.0
-22.338577 71.33063 0.0109 11.0 34.0
-22.338577 71.33063 0.0110 10.0 35.0
-24.32974 72.49906 0.0110 10.0 35.0
-24.32974 72.49906 0.0111 9.0 36.0
-26.320904 73.667496 0.0111 9.0 36.0
-26.320904 73.667496 0.0112 4.0 37.0
-27.46817 75.67093 0.0112 4.0 37.0
-27.46817 75.67093 0.0113 3.0 38.0
-28.615437 77.67436 0.0113 3.0 38.0
-28.615437 77.67436 0.0114 0.0 39.0
-30.6066 78.8428 0.0114 0.0 39.0
-30.6066 78.8428 0.0115 0.0 40.0
-32.597763 80.01123 0.0115 0.0 40.0
-28.615437 77.67436 0.0116 2.0 39.0
-29.762703 79.677795 0.0116 2.0 39.0
-29.762703 79.677795 0.0117 1.0 40.0
-30.90997 81.68123 0.0117 1.0 40.0
-30.90997 81.68123 0.0118 0.0 41.0
-30.90997 83.9899 0.0118 0.0 41.0
-30.90997 83.9899 0.0119 0.0 42.0
-30.90997 86.29857 0.0119 0.0 42.0
-30.90997 81.68123 0.0120 0.0 41.0
-32.90113 82.84966 0.0120 0.0 41.0
-32.90113 82.84966 0.0121 0.0 42.0
-34.892292 84.0181 0.0121 0.0 42.0
-26.320904 73.667496 0.0122 8.0 37.0
-28.312067 74.83593 0.0122 8.0 37.0
-28.312067 74.83593 0.0123 7.0 38.0
-30.30323 76.004364 0.0123 7.0 38.0
-30.30323 76.004364 0.0124 6.0 39.0
-32.29439 77.1728 0.0124 6.0 39.0
-32.29439 77.1728 0.0125 5.0 40.0
-34.285553 78.34123 0.0125 5.0 40.0
-34.285553 78.34123 0.0126 4.0 41.0
-35.43282 80.344666 0.0126 4.0 41.0
-35.43282 80.344666 0.0127 3.0 42.0
-36.580086 82.3481 0.0127 3.0 42.0
-36.580086 82.3481 0.0128 0.0 43.0
-38.571247 83.51653 0.0128 0.0 43.0
-38.571247 83.51653 0.0129 0.0 44.0
-40.56241 84.68497 0.0129 0.0 44.0
-36.580086 82.3481 0.0130 2.0 43.0
-37.727352 84.35153 0.0130 2.0 43.0
-37.727352 84.35153 0.0131 1.0 44.0
-38.87462 86.354965 0.0131 1.0 44.0
-38.87462 86.354965 0.0132 0.0 45.0
-38.87462 88.663635 0.0132 0.0 45.0
-38.87462 88.663635 0.0133 0.0 46.0
-38.87462 90.972305 0.0133 0.0 46.0
-38.87462 86.354965 0.0134 0.0 45.0
-40.86578 87.5234 0.0134 0.0 45.0
-40.86578 87.5234 0.0135 0.0 46.0
-42.85694 88.69183 0.0135 0.0 46.0
-34.285553 78.34123 0.0136 4.0 41.0
-36.594097 78.3657 0.0136 4.0 41.0
-36.594097 78.3657 0.0137 3.0 42.0
-38.90264 78.39017 0.0137 3.0 42.0
-38.90264 78.39017 0.0138 0.0 43.0
-40.918125 77.2642 0.0138 0.0 43.0
-40.918125 77.2642 0.0139 0.0 44.0
-42.93361 76.13823 0.0139 0.0 44.0
-38.90264 78.39017 0.0140 2.0 43.0
-41.211185 78.414635 0.0140 2.0 43.0
-41.211185 78.414635 0.0141 1.0 44.0
-43.51973 78.4391 0.0141 1.0 44.0
-43.51973 78.4391 0.0142 0.0 45.0
-45.510895 79.60754 0.0142 0.0 45.0
-45.510895 79.60754 0.0143 0.0 46.0
-47.50206 80.77597 0.0143 0.0 46.0
-43.51973 78.4391 0.0144 0.0 45.0
-45.535213 77.31313 0.0144 0.0 45.0
-45.535213 77.31313 0.0145 0.0 46.0
-47.550697 76.187164 0.0145 0.0 46.0
0.0 36.938778 0.0146 44.0 17.0
0.0 39.24745 0.0146 44.0 17.0
0.0 39.24745 0.0147 43.0 18.0
0.0 41.556126 0.0147 43.0 18.0
0.0 41.556126 0.0148 42.0 19.0
0.0 43.8648 0.0148 42.0 19.0
0.0 43.8648 0.0149 41.0 20.0
0.0 46.173473 0.0149 41.0 20.0
0.0 46.173473 0.0150 40.0 21.0
0.0 48.482147 0.0150 40.0 21.0
0.0 48.482147 0.0151 39.0 22.0
0.0 50.79082 0.0151 39.0 22.0
0.0 50.79082 0.0152 38.0 23.0
0.0 53.099495 0.0152 38.0 23.0
0.0 53.099495 0.0153 37.0 24.0
0.0 55.40817 0.0153 37.0 24.0
0.0 55.40817 0.0154 36.0 25.0
0.0 57.716843 0.0154 36.0 25.0
0.0 57.716843 0.0155 35.0 26.0
0.0 60.025517 0.0155 35.0 26.0
0.0 60.025517 0.0156 34.0 27.0
0.0 62.33419 0.0156 34.0 27.0
0.0 62.33419 0.0157 33.0 28.0
0.0 64.64286 0.0157 33.0 28.0
0.0 64.64286 0.0158 32.0 29.0
0.0 66.95153 0.0158 32.0 29.0
0.0 66.95153 0.0159 31.0 30.0
0.0 69.2602 0.0159 31.0 30.0
0.0 69.2602 0.0160 30.0 31.0
0.0 71.56887 0.0160 30.0 31.0
0.0 71.56887 0.0161 29.0 32.0
0.0 73.87754 0.0161 29.0 32.0
0.0 73.87754 0.0162 28.0 33.0
1.1472656 75.880974 0.0162 28.0 33.0
1.1472656 75.880974 0.0163 27.0 34.0
2.294531 77.88441 0.0163 27.0 34.0
2.294531 77.88441 0.0164 26.0 35.0
3.4417968 79.88784 0.0164 26.0 35.0
3.4417968 79.88784 0.0165 25.0 36.0
4.589062 81.89127 0.0165 25.0 36.0
4.589062 81.89127 0.0166 24.0 37.0
5.7363276 83.89471 0.0166 24.0 37.0
5.7363276 83.89471 0.0167 23.0 38.0
6.883593 85.89814 0.0167 23.0 38.0
6.883593 85.89814 0.0168 22.0 39.0
8.030859 87.90157 0.0168 22.0 39.0
8.030859 87.90157 0.0169 21.0 40.0
9.178124 89.90501 0.0169 21.0 40.0
9.178124 89.90501 0.0170 12.0 41.0
11.169288 91.07344 0.0170 12.0 41.0
11.169288 91.07344 0.0171 11.0 42.0
13.160451 92.241875 0.0171 11.0 42.0
13.160451 92.241875 0.0172 10.0 43.0
15.151614 93.41031 0.0172 10.0 43.0
15.151614 93.41031 0.0173 9.0 44.0
17.142776 94.57874 0.0173 9.0 44.0
17.142776 94.57874 0.0174 4.0 45.0
19.45132 94.60321 0.0174 4.0 45.0
19.45132 94.60321 0.0175 3.0 46.0
21.759865 94.62768 0.0175 3.0 46.0
21.759865 94.62768 0.0176 0.0 47.0
23.751028 95.79611 0.0176 0.0 47.0
23.751028 95.79611 0.0177 0.0 48.0
25.742191 96.96455 0.0177 0.0 48.0
21.759865 94.62768 0.0178 2.0 47.0
24.068409 94.652145 0.0178 2.0 47.0
24.068409 94.652145 0.0179 1.0 48.0
26.376953 94.67661 0.0179 1.0 48.0
26.376953 94.67661 0.0180 0.0 49.0
28.392437 93.550644 0.0180 0.0 49.0
28.392437 93.550644 0.0181 0.0 50.0
30.40792 92.424675 0.0181 0.0 50.0
26.376953 94.67661 0.0182 0.0 49.0
28.368116 95.84505 0.0182 0.0 49.0
28.368116 95.84505 0.0183 0.0 50.0
30.35928 97.01348 0.0183 0.0 50.0
17.142776 94.57874 0.0184 8.0 45.0
19.13394 95.74718 0.0184 8.0 45.0
19.13394 95.74718 0.0185 7.0 46.0
21.125103 96.91561 0.0185 7.0 46.0
21.125103 96.91561 0.0186 6.0 47.0
23.116266 98.084045 0.0186 6.0 47.0
23.116266 98.084045 0.0187 5.0 48.0
25.10743 99.25248 0.0187 5.0 48.0
25.10743 99.25248 0.0188 4.0 49.0
27.415974 99.27695 0.0188 4.0 49.0
27.415974 99.27695 0.0189 3.0 50.0
29.724518 99.301414 0.0189 3.0 50.0
29.724518 99.301414 0.0190 0.0 51.0
31.715681 100.46985 0.0190 0.0 51.0
31.715681 100.46985 0.0191 0.0 52.0
33.706844 101.63828 0.0191 0.0 52.0
29.724518 99.301414 0.0192 2.0 51.0
32.033062 99.32588 0.0192 2.0 51.0
32.033062 99.32588 0.0193 1.0 52.0
34.341606 99.35035 0.0193 1.0 52.0
34.341606 99.35035 0.0194 0.0 53.0
36.35709 98.22438 0.0194 0.0 53.0
36.35709 98.22438 0.0195 0.0 54.0
38.372574 97.09841 0.0195 0.0 54.0
34.341606 99.35035 0.0196 0.0 53.0
36.33277 100.51878 0.0196 0.0 53.0
36.33277 100.51878 0.0197 0.0 54.0
38.323936 101.68722 0.0197 0.0 54.0
25.10743 99.25248 0.0198 4.0 49.0
26.254696 101.25591 0.0198 4.0 49.0
26.254696 101.25591 0.0199 3.0 50.0
27.401962 103.259346 0.0199 3.0 50.0
27.401962 103.259346 0.0200 0.0 51.0
27.401962 105.568016 0.0200 0.0 51.0
27.401962 105.568016 0.0201 0.0 52.0
27.401962 107.876686 0.0201 0.0 52.0
27.401962 103.259346 0.0202 2.0 51.0
28.549229 105.26278 0.0202 2.0 51.0
28.549229 105.26278 0.0203 1.0 52.0
29.696495 107.26621 0.0203 1.0 52.0
29.696495 107.26621 0.0204 0.0 53.0
31.687658 108.43465 0.0204 0.0 53.0
31.687658 108.43465 0.0205 0.0 54.0
33.67882 109.60308 0.0205 0.0 54.0
29.696495 107.26621 0.0206 0.0 53.0
29.696495 109.57488 0.0206 0.0 53.0
29.696495 109.57488 0.0207 0.0 54.0
29.696495 111.88355 0.0207 0.0 54.0
9.178124 89.90501 0.0208 20.0 41.0
10.32539 91.90844 0.0208 20.0 41.0
10.32539 91.90844 0.0209 19.0 42.0
11.472655 93.91187 0.0209 19.0 42.0
11.472655 93.91187 0.0210 18.0 43.0
12.619921 95.915306 0.0210 18.0 43.0
12.619921 95.915306 0.0211 17.0 44.0
13.767186 97.91874 0.0211 17.0 44.0
13.767186 97.91874 0.0212 16.0 45.0
14.914452 99.92217 0.0212 16.0 45.0
14.914452 99.92217 0.0213 15.0 46.0
16.061718 101.925606 0.0213 15.0 46.0
16.061718 101.925606 0.0214 14.0 47.0
17.208984 103.92904 0.0214 14.0 47.0
17.208984 103.92904 0.0215 13.0 48.0
18.35625 105.93247 0.0215 13.0 48.0
18.35625 105.93247 0.0216 12.0 49.0
20.347414 107.10091 0.0216 12.0 49.0
20.347414 107.10091 0.0217 11.0 50.0
22.338577 108.26934 0.0217 11.0 50.0
22.338577 108.26934 0.0218 10.0 51.0
24.32974 109.437775 0.0218 10.0 51.0
24.32974 109.437775 0.0219 9.0 52.0
26.320904 110.60621 0.0219 9.0 52.0
26.320904 110.60621 0.0220 4.0 53.0
28.629448 110.63068 0.0220 4.0 53.0
28.629448 110.63068 0.0221 3.0 54.0
30.937992 110.65514 0.0221 3.0 54.0
30.937992 110.65514 0.0222 0.0 55.0
32.929157 111.82358 0.0222 0.0 55.0
32.929157 111.82358 0.0223 0.0 56.0
34.920322 112.99201 0.0223 0.0 56.0
30.937992 110.65514 0.0224 2.0 55.0
33.246536 110.67961 0.0224 2.0 55.0
33.246536 110.67961 0.0225 1.0 56.0
35.55508 110.70408 0.0225 1.0 56.0
35.55508 110.70408 0.0226 0.0 57.0
37.570564 109.57811 0.0226 0.0 57.0
37.570564 109.57811 0.0227 0.0 58.0
39.58605 108.45214 0.0227 0.0 58.0
35.55508 110.70408 0.0228 0.0 57.0
37.546246 111.87251 0.0228 0.0 57.0
37.546246 111.87251 0.0229 0.0 58.0
39.53741 113.04095 0.0229 0.0 58.0
26.320904 110.60621 0.0230 8.0 53.0
28.312067 111.77464 0.0230 8.0 53.0
28.312067 111.77464 0.0231 7.0 54.0
30.30323 112.94308 0.0231 7.0 54.0
30.30323 112.94308 0.0232 6.0 55.0
32.29439 114.11151 0.0232 6.0 55.0
32.29439 114.11151 0.0233 5.0 56.0
34.285553 115.279945 0.0233 5.0 56.0
34.285553 115.279945 0.0234 4.0 57.0
36.594097 115.30441 0.0234 4.0 57.0
36.594097 115.30441 0.0235 3.0 58.0
38.90264 115.32888 0.0235 3.0 58.0
38.90264 115.32888 0.0236 0.0 59.0
40.893806 116.497314 0.0236 0.0 59.0
40.893806 116.497314 0.0237 0.0 60.0
42.88497 117.66575 0.0237 0.0 60.0
38.90264 115.32888 0.0238 2.0 59.0
41.211185 115.35335 0.0238 2.0 59.0
41.211185 115.35335 0.0239 1.0 60.0
43.51973 115.377815 0.0239 1.0 60.0
43.51973 115.377815 0.0240 0.0 61.0
45.535213 114.25185 0.0240 0.0 61.0
45.535213 114.25185 0.0241 0.0 62.0
47.550697 113.12588 0.0241 0.0 62.0
43.51973 115.377815 0.0242 0.0 61.0
45.510895 116.54625 0.0242 0.0 61.0
45.510895 116.54625 0.0243 0.0 62.0
47.50206 117.71468 0.0243 0.0 62.0
34.285553 115.279945 0.0244 4.0 57.0
35.43282 117.28338 0.0244 4.0 57.0
35.43282 117.28338 0.0245 3.0 58.0
36.580086 119.28681 0.0245 3.0 58.0
36.580086 119.28681 0.0246 0.0 59.0
36.580086 121.59548 0.0246 0.0 59.0
36.580086 121.59548 0.0247 0.0 60.0
36.580086 123.90415 0.0247 0.0 60.0
36.580086 119.28681 0.0248 2.0 59.0
37.727352 121.290245 0.0248 2.0 59.0
37.727352 121.290245 0.0249 1.0 60.0
38.87462 123.29368 0.0249 1.0 60.0
38.87462 123.29368 0.0250 0.0 61.0
40.86578 124.46211 0.0250 0.0 61.0
40.86578 124.46211 0.0251 0.0 62.0
42.85694 125.63055 0.0251 0.0 62.0
38.87462 123.29368 0.0252 0.0 61.0
38.87462 125.60235 0.0252 0.0 61.0
38.87462 125.60235 0.0253 0.0 62.0
38.87462 127.91102 0.0253 0.0 62.0
18.35625 105.93247 0.0254 12.0 49.0
18.35625 108.24114 0.0254 12.0 49.0
18.35625 108.24114 0.0255 11.0 50.0
18.35625 110.54981 0.0255 11.0 50.0
18.35625 110.54981 0.0256 10.0 51.0
18.35625 112.85848 0.0256 10.0 51.0
18.35625 112.85848 0.0257 9.0 52.0
18.35625 115.16715 0.0257 9.0 52.0
18.35625 115.16715 0.0258 4.0 53.0
19.503517 117.170586 0.0258 4.0 53.0
19.503517 117.170586 0.0259 3.0 54.0
20.650784 119.17402 0.0259 3.0 54.0
20.650784 119.17402 0.0260 0.0 55.0
20.650784 121.48269 0.0260 0.0 55.0
20.650784 121.48269 0.0261 0.0 56.0
20.650784 123.79136 0.0261 0.0 56.0
20.650784 119.17402 0.0262 2.0 55.0
21.79805 121.17745 0.0262 2.0 55.0
21.79805 121.17745 0.0263 1.0 56.0
22.945316 123.180885 0.0263 1.0 56.0
22.945316 123.180885 0.0264 0.0 57.0
24.93648 124.34932 0.0264 0.0 57.0
24.93648 124.34932 0.0265 0.0 58.0
26.927643 125.51775 0.0265 0.0 58.0
22.945316 123.180885 0.0266 0.0 57.0
22.945316 125.489555 0.0266 0.0 57.0
22.945316 125.489555 0.0267 0.0 58.0
22.945316 127.798225 0.0267 0.0 58.0
18.35625 115.16715 0.0268 8.0 53.0
18.35625 117.47582 0.0268 8.0 53.0
18.35625 117.47582 0.0269 7.0 54.0
18.35625 119.78449 0.0269 7.0 54.0
18.35625 119.78449 0.0270 6.0 55.0
18.35625 122.09316 0.0270 6.0 55.0
18.35625 122.09316 0.0271 5.0 56.0
18.35625 124.40183 0.0271 5.0 56.0
18.35625 124.40183 0.0272 4.0 57.0
19.503517 126.405266 0.0272 4.0 57.0
19.503517 126.405266 0.0273 3.0 58.0
20.650784 128.4087 0.0273 3.0 58.0
20.650784 128.4087 0.0274 0.0 59.0
20.650784 130.71738 0.0274 0.0 59.0
20.650784 130.71738 0.0275 0.0 60.0
20.650784 133.02605 0.0275 0.0 60.0
20.650784 128.4087 0.0276 2.0 59.0
21.79805 130.41214 0.0276 2.0 59.0
21.79805 130.41214 0.0277 1.0 60.0
22.945316 132.41557 0.0277 1.0 60.0
22.945316 132.41557 0.0278 0.0 61.0
24.93648 133.58401 0.0278 0.0 61.0
24.93648 133.58401 0.0279 0.0 62.0
26.927643 134.75246 0.0279 0.0 62.0
22.945316 132.41557 0.0280 0.0 61.0
22.945316 134.72424 0.0280 0.0 61.0
22.945316 134.72424 0.0281 0.0 62.0
22.945316 137.03291 0.0281 0.0 62.0
18.35625 124.40183 0.0282 4.0 57.0
17.208984 126.405266 0.0282 4.0 57.0
17.208984 126.405266 0.0283 3.0 58.0
16.061718 128.4087 0.0283 3.0 58.0
16.061718 128.4087 0.0284 0.0 59.0
14.070555 129.57715 0.0284 0.0 59.0
14.070555 129.57715 0.0285 0.0 60.0
12.0793915 130.74559 0.0285 0.0 60.0
16.061718 128.4087 0.0286 2.0 59.0
14.914453 130.41214 0.0286 2.0 59.0
14.914453 130.41214 0.0287 1.0 60.0
13.767187 132.41557 0.0287 1.0 60.0
13.767187 132.41557 0.0288 0.0 61.0
13.767187 134.72424 0.0288 0.0 61.0
13.767187 134.72424 0.0289 0.0 62.0
13.767187 137.03291 0.0289 0.0 62.0
13.767187 132.41557 0.0290 0.0 61.0
11.776024 133.58401 0.0290 0.0 61.0
11.776024 133.58401 0.0291 0.0 62.0
9.784861 134.75246 0.0291 0.0 62.0
0.0 73.87754 0.0292 28.0 33.0
-1.1472656 75.880974 0.0292 28.0 33.0
-1.1472656 75.880974 0.0293 27.0 34.0
-2.294531 77.88441 0.0293 27.0 34.0
-2.294531 77.88441 0.0294 26.0 35.0
-3.4417968 79.88784 0.0294 26.0 35.0
-3.4417968 79.88784 0.0295 25.0 36.0
-4.589062 81.89127 0.0295 25.0 36.0
-4.589062 81.89127 0.0296 24.0 37.0
-5.7363276 83.89471 0.0296 24.0 37.0
-5.7363276 83.89471 0.0297 23.0 38.0
-6.883593 85.89814 0.0297 23.0 38.0
-6.883593 85.89814 0.0298 22.0 39.0
-8.030859 87.90157 0.0298 22.0 39.0
-8.030859 87.90157 0.0299 21.0 40.0
-9.178124 89.90501 0.0299 21.0 40.0
-9.178124 89.90501 0.0300 12.0 41.0
-9.178124 92.21368 0.0300 12.0 41.0
-9.178124 92.21368 0.0301 11.0 42.0
-9.178124 94.52235 0.0301 11.0 42.0
-9.178124 94.52235 0.0302 10.0 43.0
-9.178124 96.83102 0.0302 10.0 43.0
-9.178124 96.83102 0.0303 9.0 44.0
-9.178124 99.13969 0.0303 9.0 44.0
-9.178124 99.13969 0.0304 4.0 45.0
-8.030859 101.14312 0.0304 4.0 45.0
-8.030859 101.14312 0.0305 3.0 46.0
-6.8835936 103.14655 0.0305 3.0 46.0
-6.8835936 103.14655 0.0306 0.0 47.0
-6.8835936 105.45522 0.0306 0.0 47.0
-6.8835936 105.45522 0.0307 0.0 48.0
-6.8835936 107.76389 0.0307 0.0 48.0
-6.8835936 103.14655 0.0308 2.0 47.0
-5.736328 105.14999 0.0308 2.0 47.0
-5.736328 105.14999 0.0309 1.0 48.0
-4.5890627 107.15342 0.0309 1.0 48.0
-4.5890627 107.15342 0.0310 0.0 49.0
-2.5978994 108.32185 0.0310 0.0 49.0
-2.5978994 108.32185 0.0311 0.0 50.0
-0.6067363 109.49029 0.0311 0.0 50.0
-4.5890627 107.15342 0.0312 0.0 49.0
-4.5890627 109.46209 0.0312 0.0 49.0
-4.5890627 109.46209 0.0313 0.0 50.0
-4.5890627 111.77076 0.0313 0.0 50.0
-9.178124 99.13969 0.0314 8.0 45.0
-9.178124 101.44836 0.0314 8.0 45.0
-9.178124 101.44836 0.0315 7.0 46.0
-9.178124 103.75703 0.0315 7.0 46.0
-9.178124 103.75703 0.0316 6.0 47.0
-9.178124 106.0657 0.0316 6.0 47.0
-9.178124 106.0657 0.0317 5.0 48.0
-9.178124 108.37437 0.0317 5.0 48.0
-9.178124 108.37437 0.0318 4.0 49.0
-8.030859 110.3778 0.0318 4.0 49.0
-8.030859 110.3778 0.0319 3.0 50.0
-6.8835936 112.38123 0.0319 3.0 50.0
-6.8835936 112.38123 0.0320 0.0 51.0
-6.8835936 114.6899 0.0320 0.0 51.0
-6.8835936 114.6899 0.0321 0.0 52.0
-6.8835936 116.99857 0.0321 0.0 52.0
-6.8835936 112.38123 0.0322 2.0 51.0
-5.736328 114.38467 0.0322 2.0 51.0
-5.736328 114.38467 0.0323 1.0 52.0
-4.5890627 116.3881 0.0323 1.0 52.0
-4.5890627 116.3881 0.0324 0.0 53.0
-2.5978994 117.55653 0.0324 0.0 53.0
-2.5978994 117.55653 0.0325 0.0 54.0
-0.6067363 118.72497 0.0325 0.0 54.0
-4.5890627 116.3881 0.0326 0.0 53.0
-4.5890627 118.69677 0.0326 0.0 53.0
-4.5890627 118.69677 0.0327 0.0 54.0
-4.5890627 121.00544 0.0327 0.0 54.0
-9.178124 108.37437 0.0328 4.0 49.0
-10.32539 110.3778 0.0328 4.0 49.0
-10.32539 110.3778 0.0329 3.0 50.0
-11.472655 112.38123 0.0329 3.0 50.0
-11.472655 112.38123 0.0330 0.0 51.0
-13.463819 113.54967 0.0330 0.0 51.0
-13.463819 113.54967 0.0331 0.0 52.0
-15.454982 114.7181 0.0331 0.0 52.0
-11.472655 112.38123 0.0332 2.0 51.0
-12.619921 114.38467 0.0332 2.0 51.0
-12.619921 114.38467 0.0333 1.0 52.0
-13.767186 116.3881 0.0333 1.0 52.0
-13.767186 116.3881 0.0334 0.0 53.0
-13.767186 118.69677 0.0334 0.0 53.0
-13.767186 118.69677 0.0335 0.0 54.0
-13.767186 121.00544 0.0335 0.0 54.0
-13.767186 116.3881 0.0336 0.0 53.0
-15.758349 117.55653 0.0336 0.0 53.0
-15.758349 117.55653 0.0337 0.0 54.0
-17.749512 118.72497 0.0337 0.0 54.0
-9.178124 89.90501 0.0338 20.0 41.0
-10.32539 91.90844 0.0338 20.0 41.0
-10.32539 91.90844 0.0339 19.0 42.0
-11.472655 93.91187 0.0339 19.0 42.0
-11.472655 93.91187 0.0340 18.0 43.0
-12.619921 95.915306 0.0340 18.0 43.0
-12.619921 95.915306 0.0341 17.0 44.0
-13.767186 97.91874 0.0341 17.0 44.0
-13.767186 97.91874 0.0342 16.0 45.0
-14.914452 99.92217 0.0342 16.0 45.0
-14.914452 99.92217 0.0343 15.0 46.0
-16.061718 101.925606 0.0343 15.0 46.0
-16.061718 101.925606 0.0344 14.0 47.0
-17.208984 103.92904 0.0344 14.0 47.0
-17.208984 103.92904 0.0345 13.0 48.0
-18.35625 105.93247 0.0345 13.0 48.0
-18.35625 105.93247 0.0346 12.0 49.0
-18.35625 108.24114 0.0346 12.0 49.0
-18.35625 108.24114 0.0347 11.0 50.0
-18.35625 110.54981 0.0347 11.0 50.0
-18.35625 110.54981 0.0348 10.0 51.0
-18.35625 112.85848 0.0348 10.0 51.0
-18.35625 112.85848 0.0349 9.0 52.0
-18.35625 115.16715 0.0349 9.0 52.0
-18.35625 115.16715 0.0350 4.0 53.0
-17.208984 117.170586 0.0350 4.0 53.0
-17.208984 117.170586 0.0351 3.0 54.0
-16.061718 119.17402 0.0351 3.0 54.0
-16.061718 119.17402 0.0352 0.0 55.0
-16.061718 121.48269 0.0352 0.0 55.0
-16.061718 121.48269 0.0353 0.0 56.0
-16.061718 123.79136 0.0353 0.0 56.0
-16.061718 119.17402 0.0354 2.0 55.0
-14.914453 121.17745 0.0354 2.0 55.0
-14.914453 121.17745 0.0355 1.0 56.0
-13.767187 123.180885 0.0355 1.0 56.0
-13.767187 123.180885 0.0356 0.0 57.0
-11.776024 124.34932 0.0356 0.0 57.0
-11.776024 124.34932 0.0357 0.0 58.0
-9.784861 125.51775 0.0357 0.0 58.0
-13.767187 123.180885 0.0358 0.0 57.0
-13.767187 125.489555 0.0358 0.0 57.0
-13.767187 125.489555 0.0359 0.0 58.0
-13.767187 127.798225 0.0359 0.0 58.0
-18.35625 115.16715 0.0360 8.0 53.0
-18.35625 117.47582 0.0360 8.0 53.0
-18.35625 117.47582 0.0361 7.0 54.0
-18.35625 119.78449 0.0361 7.0 54.0
-18.35625 119.78449 0.0362 6.0 55.0
-18.35625 122.09316 0.0362 6.0 55.0
-18.35625 122.09316 0.0363 5.0 56.0
-18.35625 124.40183 0.0363 5.0 56.0
-18.35625 124.40183 0.0364 4.0 57.0
-17.208984 126.405266 0.0364 4.0 57.0
-17.208984 126.405266 0.0365 3.0 58.0
-16.061718 128.4087 0.0365 3.0 58.0
-16.061718 128.4087 0.0366 0.0 59.0
-16.061718 130.71738 0.0366 0.0 59.0
-16.061718 130.71738 0.0367 0.0 60.0
-16.061718 133.02605 0.0367 0.0 60.0
-16.061718 128.4087 0.0368 2.0 59.0
-14.914453 130.41214 0.0368 2.0 59.0
-14.914453 130.41214 0.0369 1.0 60.0
-13.767187 132.41557 0.0369 1.0 60.0
-13.767187 132.41557 0.0370 0.0 61.0
-11.776024 133.58401 0.0370 0.0 61.0
-11.776024 133.58401 0.0371 0.0 62.0
-9.784861 134.75246 0.0371 0.0 62.0
-13.767187 132.41557 0.0372 0.0 61.0
-13.767187 134.72424 0.0372 0.0 61.0
-13.767187 134.72424 0.0373 0.0 62.0
-13.767187 137.03291 0.0373 0.0 62.0
-18.35625 124.40183 0.0374 4.0 57.0
-19.503517 126.405266 0.0374 4.0 57.0
-19.503517 126.405266 0.0375 3.0 58.0
-20.650784 128.4087 0.0375 3.0 58.0
-20.650784 128.4087 0.0376 0.0 59.0
-22.641947 129.57715 0.0376 0.0 59.0
-22.641947 129.57715 0.0377 0.0 60.0
-24.63311 130.74559 0.0377 0.0 60.0
-20.650784 128.4087 0.0378 2.0 59.0
-21.79805 130.41214 0.0378 2.0 59.0
-21.79805 130.41214 0.0379 1.0 60.0
-22.945316 132.41557 0.0379 1.0 60.0
-22.945316 132.41557 0.0380 0.0 61.0
-22.945316 134.72424 0.0380 0.0 61.0
-22.945316 134.72424 0.0381 0.0 62.0
-22.945316 137.03291 0.0381 0.0 62.0
-22.945316 132.41557 0.0382 0.0 61.0
-24.93648 133.58401 0.0382 0.0 61.0
-24.93648 133.58401 0.0383 0.0 62.0
-26.927643 134.75246 0.0383 0.0 62.0
-18.35625 105.93247 0.0384 12.0 49.0
-20.347414 107.10091 0.0384 12.0 49.0
-20.347414 107.10091 0.0385 11.0 50.0
-22.338577 108.26934 0.0385 11.0 50.0
-22.338577 108.26934 0.0386 10.0 51.0
-24.32974 109.437775 0.0386 10.0 51.0
-24.32974 109.437775 0.0387 9.0 52.0
-26.320904 110.60621 0.0387 9.0 52.0
-26.320904 110.60621 0.0388 4.0 53.0
-27.46817 112.60964 0.0388 4.0 53.0
-27.46817 112.60964 0.0389 3.0 54.0
-28.615437 114.613075 0.0389 3.0 54.0
-28.615437 114.613075 0.0390 0.0 55.0
-30.6066 115.78151 0.0390 0.0 55.0
-30.6066 115.78151 0.0391 0.0 56.0
-32.597763 116.94994 0.0391 0.0 56.0
-28.615437 114.613075 0.0392 2.0 55.0
-29.762703 116.61651 0.0392 2.0 55.0
-29.762703 116.61651 0.0393 1.0 56.0
-30.90997 118.61994 0.0393 1.0 56.0
-30.90997 118.61994 0.0394 0.0 57.0
-30.90997 120.92861 0.0394 0.0 57.0
-30.90997 120.92861 0.0395 0.0 58.0
-30.90997 123.23728 0.0395 0.0 58.0
-30.90997 118.61994 0.0396 0.0 57.0
-32.90113 119.788376 0.0396 0.0 57.0
-32.90113 119.788376 0.0397 0.0 58.0
-34.892292 120.95681 0.0397 0.0 58.0
-26.320904 110.60621 0.0398 8.0 53.0
-28.312067 111.77464 0.0398 8.0 53.0
-28.312067 111.77464 0.0399 7.0 54.0
-30.30323 112.94308 0.0399 7.0 54.0
-30.30323 112.94308 0.0400 6.0 55.0
-32.29439 114.11151 0.0400 6.0 55.0
-32.29439 114.11151 0.0401 5.0 56.0
-34.285553 115.279945 0.0401 5.0 56.0
-34.285553 115.279945 0.0402 4.0 57.0
-35.43282 117.28338 0.0402 4.0 57.0
-35.43282 117.28338 0.0403 3.0 58.0
-36.580086 119.28681 0.0403 3.0 58.0
-36.580086 119.28681 0.0404 0.0 59.0
-38.571247 120.455246 0.0404 0.0 59.0
-38.571247 120.455246 0.0405 0.0 60.0
-40.56241 121.62368 0.0405 0.0 60.0
-36.580086 119.28681 0.0406 2.0 59.0
-37.727352 121.290245 0.0406 2.0 59.0
-37.727352 121.290245 0.0407 1.0 60.0
-38.87462 123.29368 0.0407 1.0 60.0
-38.87462 123.29368 0.0408 0.0 61.0
-38.87462 125.60235 0.0408 0.0 61.0
-38.87462 125.60235 0.0409 0.0 62.0
-38.87462 127.91102 0.0409 0.0 62.0
-38.87462 123.29368 0.0410 0.0 61.0
-40.86578 124.46211 0.0410 0.0 61.0
-40.86578 124.46211 0.0411 0.0 62.0
-42.85694 125.63055 0.0411 0.0 62.0
-34.285553 115.279945 0.0412 4.0 57.0
-36.594097 115.30441 0.0412 4.0 57.0
-36.594097 115.30441 0.0413 3.0 58.0
-38.90264 115.32888 0.0413 3.0 58.0
-38.90264 115.32888 0.0414 0.0 59.0
-40.918125 114.20291 0.0414 0.0 59.0
-40.918125 114.20291 0.0415 0.0 60.0
-42.93361 113.07694 0.0415 0.0 60.0
-38.90264 115.32888 0.0416 2.0 59.0
-41.211185 115.35335 0.0416 2.0 59.0
-41.211185 115.35335 0.0417 1.0 60.0
-43.51973 115.377815 0.0417 1.0 60.0
-43.51973 115.377815 0.0418 0.0 61.0
-45.510895 116.54625 0.0418 0.0 61.0
-45.510895 116.54625 0.0419 0.0 62.0
-47.50206 117.71468 0.0419 0.0 62.0
-43.51973 115.377815 0.0420 0.0 61.0
-45.535213 114.25185 0.0420 0.0 61.0
-45.535213 114.25185 0.0421 0.0 62.0
-47.550697 113.12588 0.0421 0.0 62.0
