0.0 0.0 0.00 29.0 1.0
0.0 4.0445952 0.00 29.0 1.0
0.0 4.0445952 0.01 0.0 2.0
-1.7044132 7.7125273 0.01 0.0 2.0
0.0 4.0445952 0.02 28.0 2.0
0.0 8.0891905 0.02 28.0 2.0
0.0 8.0891905 0.03 0.0 3.0
1.7044132 11.757123 0.03 0.0 3.0
0.0 8.0891905 0.04 0.0 3.0
0.0 12.133785 0.04 0.0 3.0
0.0 8.0891905 0.05 1.0 3.0
-1.7044132 11.757123 0.05 1.0 3.0
-1.7044132 11.757123 0.06 0.0 4.0
-4.795784 14.365221 0.06 0.0 4.0
-1.7044132 11.757123 0.07 0.0 4.0
-3.4088264 15.4250555 0.07 0.0 4.0
-3.4088264 15.4250555 0.08 0.0 5.0
-3.4088264 19.46965 0.08 0.0 5.0
-3.4088264 15.4250555 0.09 0.0 5.0
-5.1132393 19.092987 0.09 0.0 5.0
0.0 8.0891905 0.010 27.0 3.0
0.0 12.133785 0.010 27.0 3.0
0.0 12.133785 0.011 0.0 4.0
-1.7044132 15.801718 0.011 0.0 4.0
0.0 12.133785 0.012 26.0 4.0
0.0 16.178381 0.012 26.0 4.0
0.0 16.178381 0.013 0.0 5.0
1.7044132 19.846313 0.013 0.0 5.0
0.0 16.178381 0.014 0.0 5.0
0.0 20.222977 0.014 0.0 5.0
0.0 16.178381 0.015 1.0 5.0
1.7044132 19.846313 0.015 1.0 5.0
1.7044132 19.846313 0.016 0.0 6.0
1.7044132 23.89091 0.016 0.0 6.0
1.7044132 19.846313 0.017 0.0 6.0
3.4088264 23.514246 0.017 0.0 6.0
3.4088264 23.514246 0.018 0.0 7.0
6.5001974 26.122345 0.018 0.0 7.0
3.4088264 23.514246 0.019 0.0 7.0
5.1132393 27.182178 0.019 0.0 7.0
0.0 16.178381 0.020 1.0 5.0
0.0 20.222977 0.020 1.0 5.0
0.0 20.222977 0.021 0.0 6.0
-1.7044132 23.89091 0.021 0.0 6.0
0.0 20.222977 0.022 0.0 6.0
0.0 24.267572 0.022 0.0 6.0
0.0 24.267572 0.023 0.0 7.0
1.7044132 27.935505 0.023 0.0 7.0
0.0 24.267572 0.024 0.0 7.0
0.0 28.312168 0.024 0.0 7.0
0.0 16.178381 0.025 5.0 5.0
1.7044132 19.846313 0.025 5.0 5.0
1.7044132 19.846313 0.026 0.0 6.0
1.7044132 23.89091 0.026 0.0 6.0
1.7044132 19.846313 0.027 4.0 6.0
3.4088264 23.514246 0.027 4.0 6.0
3.4088264 23.514246 0.028 0.0 7.0
6.5001974 26.122345 0.028 0.0 7.0
3.4088264 23.514246 0.029 0.0 7.0
5.1132393 27.182178 0.029 0.0 7.0
3.4088264 23.514246 0.030 1.0 7.0
3.4088264 27.558842 0.030 1.0 7.0
3.4088264 27.558842 0.031 0.0 8.0
1.7044132 31.226774 0.031 0.0 8.0
3.4088264 27.558842 0.032 0.0 8.0
3.4088264 31.603437 0.032 0.0 8.0
3.4088264 31.603437 0.033 0.0 9.0
5.1132393 35.27137 0.033 0.0 9.0
3.4088264 31.603437 0.034 0.0 9.0
3.4088264 35.648033 0.034 0.0 9.0
3.4088264 23.514246 0.035 3.0 7.0
5.1132393 27.182178 0.035 3.0 7.0
5.1132393 27.182178 0.036 0.0 8.0
5.1132393 31.226774 0.036 0.0 8.0
5.1132393 27.182178 0.037 2.0 8.0
6.8176527 30.850111 0.037 2.0 8.0
6.8176527 30.850111 0.038 0.0 9.0
9.909023 33.45821 0.038 0.0 9.0
6.8176527 30.850111 0.039 0.0 9.0
8.522066 34.518044 0.039 0.0 9.0
6.8176527 30.850111 0.040 1.0 9.0
9.909023 33.45821 0.040 1.0 9.0
9.909023 33.45821 0.041 0.0 10.0
11.613437 37.12614 0.041 0.0 10.0
9.909023 33.45821 0.042 0.0 10.0
13.000394 36.066307 0.042 0.0 10.0
13.000394 36.066307 0.043 0.0 11.0
16.902939 37.1288 0.043 0.0 11.0
13.000394 36.066307 0.044 0.0 11.0
16.091764 38.674404 0.044 0.0 11.0
6.8176527 30.850111 0.045 1.0 9.0
8.522066 34.518044 0.045 1.0 9.0
8.522066 34.518044 0.046 0.0 10.0
8.522066 38.562637 0.046 0.0 10.0
8.522066 34.518044 0.047 0.0 10.0
10.22648 38.185974 0.047 0.0 10.0
10.22648 38.185974 0.048 0.0 11.0
13.31785 40.79407 0.048 0.0 11.0
10.22648 38.185974 0.049 0.0 11.0
11.930893 41.853905 0.049 0.0 11.0
0.0 16.178381 0.050 25.0 5.0
0.0 20.222977 0.050 25.0 5.0
0.0 20.222977 0.051 0.0 6.0
-1.7044132 23.89091 0.051 0.0 6.0
0.0 20.222977 0.052 24.0 6.0
0.0 24.267572 0.052 24.0 6.0
0.0 24.267572 0.053 0.0 7.0
1.7044132 27.935505 0.053 0.0 7.0
0.0 24.267572 0.054 0.0 7.0
0.0 28.312168 0.054 0.0 7.0
0.0 24.267572 0.055 1.0 7.0
-1.7044132 27.935505 0.055 1.0 7.0
-1.7044132 27.935505 0.056 0.0 8.0
-4.795784 30.543604 0.056 0.0 8.0
-1.7044132 27.935505 0.057 0.0 8.0
-3.4088264 31.603437 0.057 0.0 8.0
-3.4088264 31.603437 0.058 0.0 9.0
-3.4088264 35.648033 0.058 0.0 9.0
-3.4088264 31.603437 0.059 0.0 9.0
-5.1132393 35.27137 0.059 0.0 9.0
0.0 24.267572 0.060 23.0 7.0
0.0 28.312168 0.060 23.0 7.0
0.0 28.312168 0.061 0.0 8.0
-1.7044132 31.9801 0.061 0.0 8.0
0.0 28.312168 0.062 22.0 8.0
0.0 32.356762 0.062 22.0 8.0
0.0 32.356762 0.063 0.0 9.0
1.7044132 36.024693 0.063 0.0 9.0
0.0 32.356762 0.064 0.0 9.0
0.0 36.401356 0.064 0.0 9.0
0.0 32.356762 0.065 1.0 9.0
1.7044132 36.024693 0.065 1.0 9.0
1.7044132 36.024693 0.066 0.0 10.0
1.7044132 40.069286 0.066 0.0 10.0
1.7044132 36.024693 0.067 0.0 10.0
3.4088264 39.692623 0.067 0.0 10.0
3.4088264 39.692623 0.068 0.0 11.0
6.5001974 42.30072 0.068 0.0 11.0
3.4088264 39.692623 0.069 0.0 11.0
5.1132393 43.360554 0.069 0.0 11.0
0.0 32.356762 0.070 1.0 9.0
0.0 36.401356 0.070 1.0 9.0
0.0 36.401356 0.071 0.0 10.0
-1.7044132 40.069286 0.071 0.0 10.0
0.0 36.401356 0.072 0.0 10.0
0.0 40.44595 0.072 0.0 10.0
0.0 40.44595 0.073 0.0 11.0
1.7044132 44.11388 0.073 0.0 11.0
0.0 40.44595 0.074 0.0 11.0
0.0 44.490543 0.074 0.0 11.0
0.0 32.356762 0.075 5.0 9.0
-1.7044132 36.024693 0.075 5.0 9.0
-1.7044132 36.024693 0.076 0.0 10.0
-4.795784 38.63279 0.076 0.0 10.0
-1.7044132 36.024693 0.077 4.0 10.0
-3.4088264 39.692623 0.077 4.0 10.0
-3.4088264 39.692623 0.078 0.0 11.0
-3.4088264 43.737217 0.078 0.0 11.0
-3.4088264 39.692623 0.079 0.0 11.0
-5.1132393 43.360554 0.079 0.0 11.0
-3.4088264 39.692623 0.080 1.0 11.0
-6.5001974 42.30072 0.080 1.0 11.0
-6.5001974 42.30072 0.081 0.0 12.0
-10.402742 43.363213 0.081 0.0 12.0
-6.5001974 42.30072 0.082 0.0 12.0
-9.591568 44.908817 0.082 0.0 12.0
-9.591568 44.908817 0.083 0.0 13.0
-11.295981 48.576748 0.083 0.0 13.0
-9.591568 44.908817 0.084 0.0 13.0
-12.682939 47.516914 0.084 0.0 13.0
-3.4088264 39.692623 0.085 3.0 11.0
-5.1132393 43.360554 0.085 3.0 11.0
-5.1132393 43.360554 0.086 0.0 12.0
-8.20461 45.96865 0.086 0.0 12.0
-5.1132393 43.360554 0.087 2.0 12.0
-6.8176527 47.028484 0.087 2.0 12.0
-6.8176527 47.028484 0.088 0.0 13.0
-6.8176527 51.07308 0.088 0.0 13.0
-6.8176527 47.028484 0.089 0.0 13.0
-8.522066 50.696415 0.089 0.0 13.0
-6.8176527 47.028484 0.090 1.0 13.0
-6.8176527 51.07308 0.090 1.0 13.0
-6.8176527 51.07308 0.091 0.0 14.0
-8.522066 54.74101 0.091 0.0 14.0
-6.8176527 51.07308 0.092 0.0 14.0
-6.8176527 55.117672 0.092 0.0 14.0
-6.8176527 55.117672 0.093 0.0 15.0
-5.1132393 58.785603 0.093 0.0 15.0
-6.8176527 55.117672 0.094 0.0 15.0
-6.8176527 59.162266 0.094 0.0 15.0
-6.8176527 47.028484 0.095 1.0 13.0
-8.522066 50.696415 0.095 1.0 13.0
-8.522066 50.696415 0.096 0.0 14.0
-11.613437 53.304512 0.096 0.0 14.0
-8.522066 50.696415 0.097 0.0 14.0
-10.22648 54.364346 0.097 0.0 14.0
-10.22648 54.364346 0.098 0.0 15.0
-10.22648 58.40894 0.098 0.0 15.0
-10.22648 54.364346 0.099 0.0 15.0
-11.930893 58.032276 0.099 0.0 15.0
0.0 32.356762 0.0100 5.0 9.0
0.0 36.401356 0.0100 5.0 9.0
0.0 36.401356 0.0101 0.0 10.0
-1.7044132 40.069286 0.0101 0.0 10.0
0.0 36.401356 0.0102 4.0 10.0
0.0 40.44595 0.0102 4.0 10.0
0.0 40.44595 0.0103 0.0 11.0
1.7044132 44.11388 0.0103 0.0 11.0
0.0 40.44595 0.0104 0.0 11.0
0.0 44.490543 0.0104 0.0 11.0
0.0 40.44595 0.0105 1.0 11.0
-1.7044132 44.11388 0.0105 1.0 11.0
-1.7044132 44.11388 0.0106 0.0 12.0
-4.795784 46.721977 0.0106 0.0 12.0
-1.7044132 44.11388 0.0107 0.0 12.0
-3.4088264 47.78181 0.0107 0.0 12.0
-3.4088264 47.78181 0.0108 0.0 13.0
-3.4088264 51.826405 0.0108 0.0 13.0
-3.4088264 47.78181 0.0109 0.0 13.0
-5.1132393 51.44974 0.0109 0.0 13.0
0.0 40.44595 0.0110 3.0 11.0
0.0 44.490543 0.0110 3.0 11.0
0.0 44.490543 0.0111 0.0 12.0
-1.7044132 48.158474 0.0111 0.0 12.0
0.0 44.490543 0.0112 2.0 12.0
0.0 48.535137 0.0112 2.0 12.0
0.0 48.535137 0.0113 0.0 13.0
1.7044132 52.203068 0.0113 0.0 13.0
0.0 48.535137 0.0114 0.0 13.0
0.0 52.57973 0.0114 0.0 13.0
0.0 48.535137 0.0115 1.0 13.0
1.7044132 52.203068 0.0115 1.0 13.0
1.7044132 52.203068 0.0116 0.0 14.0
1.7044132 56.24766 0.0116 0.0 14.0
1.7044132 52.203068 0.0117 0.0 14.0
3.4088264 55.871 0.0117 0.0 14.0
3.4088264 55.871 0.0118 0.0 15.0
6.5001974 58.479095 0.0118 0.0 15.0
3.4088264 55.871 0.0119 0.0 15.0
5.1132393 59.53893 0.0119 0.0 15.0
0.0 48.535137 0.0120 1.0 13.0
0.0 52.57973 0.0120 1.0 13.0
0.0 52.57973 0.0121 0.0 14.0
-1.7044132 56.24766 0.0121 0.0 14.0
0.0 52.57973 0.0122 0.0 14.0
0.0 56.624325 0.0122 0.0 14.0
0.0 56.624325 0.0123 0.0 15.0
1.7044132 60.292255 0.0123 0.0 15.0
0.0 56.624325 0.0124 0.0 15.0
0.0 60.66892 0.0124 0.0 15.0
0.0 32.356762 0.0125 13.0 9.0
1.7044132 36.024693 0.0125 13.0 9.0
1.7044132 36.024693 0.0126 0.0 10.0
1.7044132 40.069286 0.0126 0.0 10.0
1.7044132 36.024693 0.0127 12.0 10.0
3.4088264 39.692623 0.0127 12.0 10.0
3.4088264 39.692623 0.0128 0.0 11.0
6.5001974 42.30072 0.0128 0.0 11.0
3.4088264 39.692623 0.0129 0.0 11.0
5.1132393 43.360554 0.0129 0.0 11.0
3.4088264 39.692623 0.0130 1.0 11.0
3.4088264 43.737217 0.0130 1.0 11.0
3.4088264 43.737217 0.0131 0.0 12.0
1.7044132 47.405148 0.0131 0.0 12.0
3.4088264 43.737217 0.0132 0.0 12.0
3.4088264 47.78181 0.0132 0.0 12.0
3.4088264 47.78181 0.0133 0.0 13.0
5.1132393 51.44974 0.0133 0.0 13.0
3.4088264 47.78181 0.0134 0.0 13.0
3.4088264 51.826405 0.0134 0.0 13.0
3.4088264 39.692623 0.0135 11.0 11.0
5.1132393 43.360554 0.0135 11.0 11.0
5.1132393 43.360554 0.0136 0.0 12.0
5.1132393 47.405148 0.0136 0.0 12.0
5.1132393 43.360554 0.0137 10.0 12.0
6.8176527 47.028484 0.0137 10.0 12.0
6.8176527 47.028484 0.0138 0.0 13.0
9.909023 49.63658 0.0138 0.0 13.0
6.8176527 47.028484 0.0139 0.0 13.0
8.522066 50.696415 0.0139 0.0 13.0
6.8176527 47.028484 0.0140 1.0 13.0
9.909023 49.63658 0.0140 1.0 13.0
9.909023 49.63658 0.0141 0.0 14.0
11.613437 53.304512 0.0141 0.0 14.0
9.909023 49.63658 0.0142 0.0 14.0
13.000394 52.24468 0.0142 0.0 14.0
13.000394 52.24468 0.0143 0.0 15.0
16.902939 53.30717 0.0143 0.0 15.0
13.000394 52.24468 0.0144 0.0 15.0
16.091764 54.852776 0.0144 0.0 15.0
6.8176527 47.028484 0.0145 1.0 13.0
8.522066 50.696415 0.0145 1.0 13.0
8.522066 50.696415 0.0146 0.0 14.0
8.522066 54.74101 0.0146 0.0 14.0
8.522066 50.696415 0.0147 0.0 14.0
10.22648 54.364346 0.0147 0.0 14.0
10.22648 54.364346 0.0148 0.0 15.0
13.31785 56.972443 0.0148 0.0 15.0
10.22648 54.364346 0.0149 0.0 15.0
11.930893 58.032276 0.0149 0.0 15.0
6.8176527 47.028484 0.0150 5.0 13.0
9.909023 49.63658 0.0150 5.0 13.0
9.909023 49.63658 0.0151 0.0 14.0
11.613437 53.304512 0.0151 0.0 14.0
9.909023 49.63658 0.0152 4.0 14.0
13.000394 52.24468 0.0152 4.0 14.0
13.000394 52.24468 0.0153 0.0 15.0
16.902939 53.30717 0.0153 0.0 15.0
13.000394 52.24468 0.0154 0.0 15.0
16.091764 54.852776 0.0154 0.0 15.0
13.000394 52.24468 0.0155 1.0 15.0
14.704807 55.91261 0.0155 1.0 15.0
14.704807 55.91261 0.0156 0.0 16.0
14.704807 59.957203 0.0156 0.0 16.0
14.704807 55.91261 0.0157 0.0 16.0
16.40922 59.58054 0.0157 0.0 16.0
16.40922 59.58054 0.0158 0.0 17.0
19.500591 62.188637 0.0158 0.0 17.0
16.40922 59.58054 0.0159 0.0 17.0
18.113632 63.24847 0.0159 0.0 17.0
13.000394 52.24468 0.0160 3.0 15.0
16.091764 54.852776 0.0160 3.0 15.0
16.091764 54.852776 0.0161 0.0 16.0
17.796177 58.520706 0.0161 0.0 16.0
16.091764 54.852776 0.0162 2.0 16.0
19.183136 57.460873 0.0162 2.0 16.0
19.183136 57.460873 0.0163 0.0 17.0
23.085682 58.523365 0.0163 0.0 17.0
19.183136 57.460873 0.0164 0.0 17.0
22.274508 60.06897 0.0164 0.0 17.0
19.183136 57.460873 0.0165 1.0 17.0
23.085682 58.523365 0.0165 1.0 17.0
23.085682 58.523365 0.0166 0.0 18.0
26.177052 61.131462 0.0166 0.0 18.0
23.085682 58.523365 0.0167 0.0 18.0
26.988228 59.585857 0.0167 0.0 18.0
26.988228 59.585857 0.0168 0.0 19.0
30.975079 58.90485 0.0168 0.0 19.0
26.988228 59.585857 0.0169 0.0 19.0
30.890774 60.64835 0.0169 0.0 19.0
19.183136 57.460873 0.0170 1.0 17.0
22.274508 60.06897 0.0170 1.0 17.0
22.274508 60.06897 0.0171 0.0 18.0
23.97892 63.7369 0.0171 0.0 18.0
22.274508 60.06897 0.0172 0.0 18.0
25.36588 62.677067 0.0172 0.0 18.0
25.36588 62.677067 0.0173 0.0 19.0
29.268425 63.73956 0.0173 0.0 19.0
25.36588 62.677067 0.0174 0.0 19.0
28.45725 65.285164 0.0174 0.0 19.0
6.8176527 47.028484 0.0175 9.0 13.0
8.522066 50.696415 0.0175 9.0 13.0
8.522066 50.696415 0.0176 0.0 14.0
8.522066 54.74101 0.0176 0.0 14.0
8.522066 50.696415 0.0177 8.0 14.0
10.22648 54.364346 0.0177 8.0 14.0
10.22648 54.364346 0.0178 0.0 15.0
13.31785 56.972443 0.0178 0.0 15.0
10.22648 54.364346 0.0179 0.0 15.0
11.930893 58.032276 0.0179 0.0 15.0
10.22648 54.364346 0.0180 1.0 15.0
10.22648 58.40894 0.0180 1.0 15.0
10.22648 58.40894 0.0181 0.0 16.0
8.522066 62.07687 0.0181 0.0 16.0
10.22648 58.40894 0.0182 0.0 16.0
10.22648 62.453533 0.0182 0.0 16.0
10.22648 62.453533 0.0183 0.0 17.0
11.930893 66.12147 0.0183 0.0 17.0
10.22648 62.453533 0.0184 0.0 17.0
10.22648 66.49813 0.0184 0.0 17.0
10.22648 54.364346 0.0185 7.0 15.0
11.930893 58.032276 0.0185 7.0 15.0
11.930893 58.032276 0.0186 0.0 16.0
11.930893 62.07687 0.0186 0.0 16.0
11.930893 58.032276 0.0187 6.0 16.0
13.635306 61.700207 0.0187 6.0 16.0
13.635306 61.700207 0.0188 0.0 17.0
16.726677 64.308304 0.0188 0.0 17.0
13.635306 61.700207 0.0189 0.0 17.0
15.33972 65.36814 0.0189 0.0 17.0
13.635306 61.700207 0.0190 1.0 17.0
16.726677 64.308304 0.0190 1.0 17.0
16.726677 64.308304 0.0191 0.0 18.0
18.43109 67.976234 0.0191 0.0 18.0
16.726677 64.308304 0.0192 0.0 18.0
19.818048 66.916405 0.0192 0.0 18.0
19.818048 66.916405 0.0193 0.0 19.0
23.720594 67.9789 0.0193 0.0 19.0
19.818048 66.916405 0.0194 0.0 19.0
22.90942 69.524506 0.0194 0.0 19.0
13.635306 61.700207 0.0195 1.0 17.0
15.33972 65.36814 0.0195 1.0 17.0
15.33972 65.36814 0.0196 0.0 18.0
15.33972 69.412735 0.0196 0.0 18.0
15.33972 65.36814 0.0197 0.0 18.0
17.044132 69.03607 0.0197 0.0 18.0
17.044132 69.03607 0.0198 0.0 19.0
20.135504 71.64417 0.0198 0.0 19.0
17.044132 69.03607 0.0199 0.0 19.0
18.748545 72.704 0.0199 0.0 19.0
13.635306 61.700207 0.0200 5.0 17.0
13.635306 65.744804 0.0200 5.0 17.0
13.635306 65.744804 0.0201 0.0 18.0
11.930893 69.412735 0.0201 0.0 18.0
13.635306 65.744804 0.0202 4.0 18.0
13.635306 69.7894 0.0202 4.0 18.0
13.635306 69.7894 0.0203 0.0 19.0
15.33972 73.45733 0.0203 0.0 19.0
13.635306 69.7894 0.0204 0.0 19.0
13.635306 73.83399 0.0204 0.0 19.0
13.635306 69.7894 0.0205 1.0 19.0
11.930893 73.45733 0.0205 1.0 19.0
11.930893 73.45733 0.0206 0.0 20.0
8.839522 76.06543 0.0206 0.0 20.0
11.930893 73.45733 0.0207 0.0 20.0
10.22648 77.12526 0.0207 0.0 20.0
10.22648 77.12526 0.0208 0.0 21.0
10.22648 81.16985 0.0208 0.0 21.0
10.22648 77.12526 0.0209 0.0 21.0
8.522066 80.79319 0.0209 0.0 21.0
13.635306 69.7894 0.0210 3.0 19.0
13.635306 73.83399 0.0210 3.0 19.0
13.635306 73.83399 0.0211 0.0 20.0
11.930893 77.50192 0.0211 0.0 20.0
13.635306 73.83399 0.0212 2.0 20.0
13.635306 77.878586 0.0212 2.0 20.0
13.635306 77.878586 0.0213 0.0 21.0
15.33972 81.54652 0.0213 0.0 21.0
13.635306 77.878586 0.0214 0.0 21.0
13.635306 81.92318 0.0214 0.0 21.0
13.635306 77.878586 0.0215 1.0 21.0
15.33972 81.54652 0.0215 1.0 21.0
15.33972 81.54652 0.0216 0.0 22.0
15.33972 85.59111 0.0216 0.0 22.0
15.33972 81.54652 0.0217 0.0 22.0
17.044132 85.21445 0.0217 0.0 22.0
17.044132 85.21445 0.0218 0.0 23.0
20.135504 87.82255 0.0218 0.0 23.0
17.044132 85.21445 0.0219 0.0 23.0
18.748545 88.88238 0.0219 0.0 23.0
13.635306 77.878586 0.0220 1.0 21.0
13.635306 81.92318 0.0220 1.0 21.0
13.635306 81.92318 0.0221 0.0 22.0
11.930893 85.59111 0.0221 0.0 22.0
13.635306 81.92318 0.0222 0.0 22.0
13.635306 85.96777 0.0222 0.0 22.0
13.635306 85.96777 0.0223 0.0 23.0
15.33972 89.635704 0.0223 0.0 23.0
13.635306 85.96777 0.0224 0.0 23.0
13.635306 90.01237 0.0224 0.0 23.0
13.635306 61.700207 0.0225 5.0 17.0
15.33972 65.36814 0.0225 5.0 17.0
15.33972 65.36814 0.0226 0.0 18.0
15.33972 69.412735 0.0226 0.0 18.0
15.33972 65.36814 0.0227 4.0 18.0
17.044132 69.03607 0.0227 4.0 18.0
17.044132 69.03607 0.0228 0.0 19.0
20.135504 71.64417 0.0228 0.0 19.0
17.044132 69.03607 0.0229 0.0 19.0
18.748545 72.704 0.0229 0.0 19.0
17.044132 69.03607 0.0230 1.0 19.0
17.044132 73.080666 0.0230 1.0 19.0
17.044132 73.080666 0.0231 0.0 20.0
15.339719 76.7486 0.0231 0.0 20.0
17.044132 73.080666 0.0232 0.0 20.0
17.044132 77.12526 0.0232 0.0 20.0
17.044132 77.12526 0.0233 0.0 21.0
18.748545 80.79319 0.0233 0.0 21.0
17.044132 77.12526 0.0234 0.0 21.0
17.044132 81.16985 0.0234 0.0 21.0
17.044132 69.03607 0.0235 3.0 19.0
18.748545 72.704 0.0235 3.0 19.0
18.748545 72.704 0.0236 0.0 20.0
18.748545 76.7486 0.0236 0.0 20.0
18.748545 72.704 0.0237 2.0 20.0
20.452957 76.37193 0.0237 2.0 20.0
20.452957 76.37193 0.0238 0.0 21.0
23.544329 78.980034 0.0238 0.0 21.0
20.452957 76.37193 0.0239 0.0 21.0
22.15737 80.03986 0.0239 0.0 21.0
20.452957 76.37193 0.0240 1.0 21.0
23.544329 78.980034 0.0240 1.0 21.0
23.544329 78.980034 0.0241 0.0 22.0
25.248741 82.647964 0.0241 0.0 22.0
23.544329 78.980034 0.0242 0.0 22.0
26.6357 81.588135 0.0242 0.0 22.0
26.6357 81.588135 0.0243 0.0 23.0
30.538246 82.65063 0.0243 0.0 23.0
26.6357 81.588135 0.0244 0.0 23.0
29.727072 84.196236 0.0244 0.0 23.0
20.452957 76.37193 0.0245 1.0 21.0
22.15737 80.03986 0.0245 1.0 21.0
22.15737 80.03986 0.0246 0.0 22.0
22.15737 84.08446 0.0246 0.0 22.0
22.15737 80.03986 0.0247 0.0 22.0
23.861782 83.707794 0.0247 0.0 22.0
23.861782 83.707794 0.0248 0.0 23.0
26.953154 86.315895 0.0248 0.0 23.0
23.861782 83.707794 0.0249 0.0 23.0
25.566195 87.375725 0.0249 0.0 23.0
0.0 32.356762 0.0250 21.0 9.0
0.0 36.401356 0.0250 21.0 9.0
0.0 36.401356 0.0251 0.0 10.0
-1.7044132 40.069286 0.0251 0.0 10.0
0.0 36.401356 0.0252 20.0 10.0
0.0 40.44595 0.0252 20.0 10.0
0.0 40.44595 0.0253 0.0 11.0
1.7044132 44.11388 0.0253 0.0 11.0
0.0 40.44595 0.0254 0.0 11.0
0.0 44.490543 0.0254 0.0 11.0
0.0 40.44595 0.0255 1.0 11.0
-1.7044132 44.11388 0.0255 1.0 11.0
-1.7044132 44.11388 0.0256 0.0 12.0
-4.795784 46.721977 0.0256 0.0 12.0
-1.7044132 44.11388 0.0257 0.0 12.0
-3.4088264 47.78181 0.0257 0.0 12.0
-3.4088264 47.78181 0.0258 0.0 13.0
-3.4088264 51.826405 0.0258 0.0 13.0
-3.4088264 47.78181 0.0259 0.0 13.0
-5.1132393 51.44974 0.0259 0.0 13.0
0.0 40.44595 0.0260 19.0 11.0
0.0 44.490543 0.0260 19.0 11.0
0.0 44.490543 0.0261 0.0 12.0
-1.7044132 48.158474 0.0261 0.0 12.0
0.0 44.490543 0.0262 18.0 12.0
0.0 48.535137 0.0262 18.0 12.0
0.0 48.535137 0.0263 0.0 13.0
1.7044132 52.203068 0.0263 0.0 13.0
0.0 48.535137 0.0264 0.0 13.0
0.0 52.57973 0.0264 0.0 13.0
0.0 48.535137 0.0265 1.0 13.0
1.7044132 52.203068 0.0265 1.0 13.0
1.7044132 52.203068 0.0266 0.0 14.0
1.7044132 56.24766 0.0266 0.0 14.0
1.7044132 52.203068 0.0267 0.0 14.0
3.4088264 55.871 0.0267 0.0 14.0
3.4088264 55.871 0.0268 0.0 15.0
6.5001974 58.479095 0.0268 0.0 15.0
3.4088264 55.871 0.0269 0.0 15.0
5.1132393 59.53893 0.0269 0.0 15.0
0.0 48.535137 0.0270 1.0 13.0
0.0 52.57973 0.0270 1.0 13.0
0.0 52.57973 0.0271 0.0 14.0
-1.7044132 56.24766 0.0271 0.0 14.0
0.0 52.57973 0.0272 0.0 14.0
0.0 56.624325 0.0272 0.0 14.0
0.0 56.624325 0.0273 0.0 15.0
1.7044132 60.292255 0.0273 0.0 15.0
0.0 56.624325 0.0274 0.0 15.0
0.0 60.66892 0.0274 0.0 15.0
0.0 48.535137 0.0275 5.0 13.0
1.7044132 52.203068 0.0275 5.0 13.0
1.7044132 52.203068 0.0276 0.0 14.0
1.7044132 56.24766 0.0276 0.0 14.0
1.7044132 52.203068 0.0277 4.0 14.0
3.4088264 55.871 0.0277 4.0 14.0
3.4088264 55.871 0.0278 0.0 15.0
6.5001974 58.479095 0.0278 0.0 15.0
3.4088264 55.871 0.0279 0.0 15.0
5.1132393 59.53893 0.0279 0.0 15.0
3.4088264 55.871 0.0280 1.0 15.0
3.4088264 59.915592 0.0280 1.0 15.0
3.4088264 59.915592 0.0281 0.0 16.0
1.7044132 63.583523 0.0281 0.0 16.0
3.4088264 59.915592 0.0282 0.0 16.0
3.4088264 63.960186 0.0282 0.0 16.0
3.4088264 63.960186 0.0283 0.0 17.0
5.1132393 67.62812 0.0283 0.0 17.0
3.4088264 63.960186 0.0284 0.0 17.0
3.4088264 68.00478 0.0284 0.0 17.0
3.4088264 55.871 0.0285 3.0 15.0
5.1132393 59.53893 0.0285 3.0 15.0
5.1132393 59.53893 0.0286 0.0 16.0
5.1132393 63.583523 0.0286 0.0 16.0
5.1132393 59.53893 0.0287 2.0 16.0
6.8176527 63.20686 0.0287 2.0 16.0
6.8176527 63.20686 0.0288 0.0 17.0
9.909023 65.81496 0.0288 0.0 17.0
6.8176527 63.20686 0.0289 0.0 17.0
8.522066 66.874794 0.0289 0.0 17.0
6.8176527 63.20686 0.0290 1.0 17.0
9.909023 65.81496 0.0290 1.0 17.0
9.909023 65.81496 0.0291 0.0 18.0
11.613437 69.48289 0.0291 0.0 18.0
9.909023 65.81496 0.0292 0.0 18.0
13.000394 68.42306 0.0292 0.0 18.0
13.000394 68.42306 0.0293 0.0 19.0
16.902939 69.48555 0.0293 0.0 19.0
13.000394 68.42306 0.0294 0.0 19.0
16.091764 71.03116 0.0294 0.0 19.0
6.8176527 63.20686 0.0295 1.0 17.0
8.522066 66.874794 0.0295 1.0 17.0
8.522066 66.874794 0.0296 0.0 18.0
8.522066 70.91939 0.0296 0.0 18.0
8.522066 66.874794 0.0297 0.0 18.0
10.22648 70.542725 0.0297 0.0 18.0
10.22648 70.542725 0.0298 0.0 19.0
13.31785 73.150826 0.0298 0.0 19.0
10.22648 70.542725 0.0299 0.0 19.0
11.930893 74.210655 0.0299 0.0 19.0
0.0 48.535137 0.0300 17.0 13.0
0.0 52.57973 0.0300 17.0 13.0
0.0 52.57973 0.0301 0.0 14.0
-1.7044132 56.24766 0.0301 0.0 14.0
0.0 52.57973 0.0302 16.0 14.0
0.0 56.624325 0.0302 16.0 14.0
0.0 56.624325 0.0303 0.0 15.0
1.7044132 60.292255 0.0303 0.0 15.0
0.0 56.624325 0.0304 0.0 15.0
0.0 60.66892 0.0304 0.0 15.0
0.0 56.624325 0.0305 1.0 15.0
-1.7044132 60.292255 0.0305 1.0 15.0
-1.7044132 60.292255 0.0306 0.0 16.0
-4.795784 62.900352 0.0306 0.0 16.0
-1.7044132 60.292255 0.0307 0.0 16.0
-3.4088264 63.960186 0.0307 0.0 16.0
-3.4088264 63.960186 0.0308 0.0 17.0
-3.4088264 68.00478 0.0308 0.0 17.0
-3.4088264 63.960186 0.0309 0.0 17.0
-5.1132393 67.62812 0.0309 0.0 17.0
0.0 56.624325 0.0310 15.0 15.0
0.0 60.66892 0.0310 15.0 15.0
0.0 60.66892 0.0311 0.0 16.0
-1.7044132 64.33685 0.0311 0.0 16.0
0.0 60.66892 0.0312 14.0 16.0
0.0 64.71352 0.0312 14.0 16.0
0.0 64.71352 0.0313 0.0 17.0
1.7044132 68.38145 0.0313 0.0 17.0
0.0 64.71352 0.0314 0.0 17.0
0.0 68.75811 0.0314 0.0 17.0
0.0 64.71352 0.0315 1.0 17.0
1.7044132 68.38145 0.0315 1.0 17.0
1.7044132 68.38145 0.0316 0.0 18.0
1.7044132 72.42604 0.0316 0.0 18.0
1.7044132 68.38145 0.0317 0.0 18.0
3.4088264 72.04938 0.0317 0.0 18.0
3.4088264 72.04938 0.0318 0.0 19.0
6.5001974 74.65748 0.0318 0.0 19.0
3.4088264 72.04938 0.0319 0.0 19.0
5.1132393 75.71731 0.0319 0.0 19.0
0.0 64.71352 0.0320 1.0 17.0
0.0 68.75811 0.0320 1.0 17.0
0.0 68.75811 0.0321 0.0 18.0
-1.7044132 72.42604 0.0321 0.0 18.0
0.0 68.75811 0.0322 0.0 18.0
0.0 72.802704 0.0322 0.0 18.0
0.0 72.802704 0.0323 0.0 19.0
1.7044132 76.470634 0.0323 0.0 19.0
0.0 72.802704 0.0324 0.0 19.0
0.0 76.8473 0.0324 0.0 19.0
0.0 64.71352 0.0325 5.0 17.0
-1.7044132 68.38145 0.0325 5.0 17.0
-1.7044132 68.38145 0.0326 0.0 18.0
-4.795784 70.98955 0.0326 0.0 18.0
-1.7044132 68.38145 0.0327 4.0 18.0
-3.4088264 72.04938 0.0327 4.0 18.0
-3.4088264 72.04938 0.0328 0.0 19.0
-3.4088264 76.09397 0.0328 0.0 19.0
-3.4088264 72.04938 0.0329 0.0 19.0
-5.1132393 75.71731 0.0329 0.0 19.0
-3.4088264 72.04938 0.0330 1.0 19.0
-6.5001974 74.65748 0.0330 1.0 19.0
-6.5001974 74.65748 0.0331 0.0 20.0
-10.402742 75.71997 0.0331 0.0 20.0
-6.5001974 74.65748 0.0332 0.0 20.0
-9.591568 77.26558 0.0332 0.0 20.0
-9.591568 77.26558 0.0333 0.0 21.0
-11.295981 80.93351 0.0333 0.0 21.0
-9.591568 77.26558 0.0334 0.0 21.0
-12.682939 79.87368 0.0334 0.0 21.0
-3.4088264 72.04938 0.0335 3.0 19.0
-5.1132393 75.71731 0.0335 3.0 19.0
-5.1132393 75.71731 0.0336 0.0 20.0
-8.20461 78.32541 0.0336 0.0 20.0
-5.1132393 75.71731 0.0337 2.0 20.0
-6.8176527 79.38524 0.0337 2.0 20.0
-6.8176527 79.38524 0.0338 0.0 21.0
-6.8176527 83.42983 0.0338 0.0 21.0
-6.8176527 79.38524 0.0339 0.0 21.0
-8.522066 83.05317 0.0339 0.0 21.0
-6.8176527 79.38524 0.0340 1.0 21.0
-6.8176527 83.42983 0.0340 1.0 21.0
-6.8176527 83.42983 0.0341 0.0 22.0
-8.522066 87.09776 0.0341 0.0 22.0
-6.8176527 83.42983 0.0342 0.0 22.0
-6.8176527 87.47443 0.0342 0.0 22.0
-6.8176527 87.47443 0.0343 0.0 23.0
-5.1132393 91.14236 0.0343 0.0 23.0
-6.8176527 87.47443 0.0344 0.0 23.0
-6.8176527 91.51902 0.0344 0.0 23.0
-6.8176527 79.38524 0.0345 1.0 21.0
-8.522066 83.05317 0.0345 1.0 21.0
-8.522066 83.05317 0.0346 0.0 22.0
-11.613437 85.66127 0.0346 0.0 22.0
-8.522066 83.05317 0.0347 0.0 22.0
-10.22648 86.7211 0.0347 0.0 22.0
-10.22648 86.7211 0.0348 0.0 23.0
-10.22648 90.76569 0.0348 0.0 23.0
-10.22648 86.7211 0.0349 0.0 23.0
-11.930893 90.38903 0.0349 0.0 23.0
0.0 64.71352 0.0350 5.0 17.0
0.0 68.75811 0.0350 5.0 17.0
0.0 68.75811 0.0351 0.0 18.0
-1.7044132 72.42604 0.0351 0.0 18.0
0.0 68.75811 0.0352 4.0 18.0
0.0 72.802704 0.0352 4.0 18.0
0.0 72.802704 0.0353 0.0 19.0
1.7044132 76.470634 0.0353 0.0 19.0
0.0 72.802704 0.0354 0.0 19.0
0.0 76.8473 0.0354 0.0 19.0
0.0 72.802704 0.0355 1.0 19.0
-1.7044132 76.470634 0.0355 1.0 19.0
-1.7044132 76.470634 0.0356 0.0 20.0
-4.795784 79.078735 0.0356 0.0 20.0
-1.7044132 76.470634 0.0357 0.0 20.0
-3.4088264 80.138565 0.0357 0.0 20.0
-3.4088264 80.138565 0.0358 0.0 21.0
-3.4088264 84.18316 0.0358 0.0 21.0
-3.4088264 80.138565 0.0359 0.0 21.0
-5.1132393 83.806496 0.0359 0.0 21.0
0.0 72.802704 0.0360 3.0 19.0
0.0 76.8473 0.0360 3.0 19.0
0.0 76.8473 0.0361 0.0 20.0
-1.7044132 80.51523 0.0361 0.0 20.0
0.0 76.8473 0.0362 2.0 20.0
0.0 80.89189 0.0362 2.0 20.0
0.0 80.89189 0.0363 0.0 21.0
1.7044132 84.55982 0.0363 0.0 21.0
0.0 80.89189 0.0364 0.0 21.0
0.0 84.936485 0.0364 0.0 21.0
0.0 80.89189 0.0365 1.0 21.0
1.7044132 84.55982 0.0365 1.0 21.0
1.7044132 84.55982 0.0366 0.0 22.0
1.7044132 88.604416 0.0366 0.0 22.0
1.7044132 84.55982 0.0367 0.0 22.0
3.4088264 88.22775 0.0367 0.0 22.0
3.4088264 88.22775 0.0368 0.0 23.0
6.5001974 90.83585 0.0368 0.0 23.0
3.4088264 88.22775 0.0369 0.0 23.0
5.1132393 91.89568 0.0369 0.0 23.0
0.0 80.89189 0.0370 1.0 21.0
0.0 84.936485 0.0370 1.0 21.0
0.0 84.936485 0.0371 0.0 22.0
-1.7044132 88.604416 0.0371 0.0 22.0
0.0 84.936485 0.0372 0.0 22.0
0.0 88.98108 0.0372 0.0 22.0
0.0 88.98108 0.0373 0.0 23.0
1.7044132 92.64901 0.0373 0.0 23.0
0.0 88.98108 0.0374 0.0 23.0
0.0 93.02567 0.0374 0.0 23.0
0.0 64.71352 0.0375 13.0 17.0
-1.7044132 68.38145 0.0375 13.0 17.0
-1.7044132 68.38145 0.0376 0.0 18.0
-4.795784 70.98955 0.0376 0.0 18.0
-1.7044132 68.38145 0.0377 12.0 18.0
-3.4088264 72.04938 0.0377 12.0 18.0
-3.4088264 72.04938 0.0378 0.0 19.0
-3.4088264 76.09397 0.0378 0.0 19.0
-3.4088264 72.04938 0.0379 0.0 19.0
-5.1132393 75.71731 0.0379 0.0 19.0
-3.4088264 72.04938 0.0380 1.0 19.0
-6.5001974 74.65748 0.0380 1.0 19.0
-6.5001974 74.65748 0.0381 0.0 20.0
-10.402742 75.71997 0.0381 0.0 20.0
-6.5001974 74.65748 0.0382 0.0 20.0
-9.591568 77.26558 0.0382 0.0 20.0
-9.591568 77.26558 0.0383 0.0 21.0
-11.295981 80.93351 0.0383 0.0 21.0
-9.591568 77.26558 0.0384 0.0 21.0
-12.682939 79.87368 0.0384 0.0 21.0
-3.4088264 72.04938 0.0385 11.0 19.0
-5.1132393 75.71731 0.0385 11.0 19.0
-5.1132393 75.71731 0.0386 0.0 20.0
-8.20461 78.32541 0.0386 0.0 20.0
-5.1132393 75.71731 0.0387 10.0 20.0
-6.8176527 79.38524 0.0387 10.0 20.0
-6.8176527 79.38524 0.0388 0.0 21.0
-6.8176527 83.42983 0.0388 0.0 21.0
-6.8176527 79.38524 0.0389 0.0 21.0
-8.522066 83.05317 0.0389 0.0 21.0
-6.8176527 79.38524 0.0390 1.0 21.0
-6.8176527 83.42983 0.0390 1.0 21.0
-6.8176527 83.42983 0.0391 0.0 22.0
-8.522066 87.09776 0.0391 0.0 22.0
-6.8176527 83.42983 0.0392 0.0 22.0
-6.8176527 87.47443 0.0392 0.0 22.0
-6.8176527 87.47443 0.0393 0.0 23.0
-5.1132393 91.14236 0.0393 0.0 23.0
-6.8176527 87.47443 0.0394 0.0 23.0
-6.8176527 91.51902 0.0394 0.0 23.0
-6.8176527 79.38524 0.0395 1.0 21.0
-8.522066 83.05317 0.0395 1.0 21.0
-8.522066 83.05317 0.0396 0.0 22.0
-11.613437 85.66127 0.0396 0.0 22.0
-8.522066 83.05317 0.0397 0.0 22.0
-10.22648 86.7211 0.0397 0.0 22.0
-10.22648 86.7211 0.0398 0.0 23.0
-10.22648 90.76569 0.0398 0.0 23.0
-10.22648 86.7211 0.0399 0.0 23.0
-11.930893 90.38903 0.0399 0.0 23.0
-6.8176527 79.38524 0.0400 5.0 21.0
-6.8176527 83.42983 0.0400 5.0 21.0
-6.8176527 83.42983 0.0401 0.0 22.0
-8.522066 87.09776 0.0401 0.0 22.0
-6.8176527 83.42983 0.0402 4.0 22.0
-6.8176527 87.47443 0.0402 4.0 22.0
-6.8176527 87.47443 0.0403 0.0 23.0
-5.1132393 91.14236 0.0403 0.0 23.0
-6.8176527 87.47443 0.0404 0.0 23.0
-6.8176527 91.51902 0.0404 0.0 23.0
-6.8176527 87.47443 0.0405 1.0 23.0
-8.522066 91.14236 0.0405 1.0 23.0
-8.522066 91.14236 0.0406 0.0 24.0
-11.613437 93.75046 0.0406 0.0 24.0
-8.522066 91.14236 0.0407 0.0 24.0
-10.22648 94.81029 0.0407 0.0 24.0
-10.22648 94.81029 0.0408 0.0 25.0
-10.22648 98.85488 0.0408 0.0 25.0
-10.22648 94.81029 0.0409 0.0 25.0
-11.930893 98.47822 0.0409 0.0 25.0
-6.8176527 87.47443 0.0410 3.0 23.0
-6.8176527 91.51902 0.0410 3.0 23.0
-6.8176527 91.51902 0.0411 0.0 24.0
-8.522066 95.18695 0.0411 0.0 24.0
-6.8176527 91.51902 0.0412 2.0 24.0
-6.8176527 95.563614 0.0412 2.0 24.0
-6.8176527 95.563614 0.0413 0.0 25.0
-5.1132393 99.231544 0.0413 0.0 25.0
-6.8176527 95.563614 0.0414 0.0 25.0
-6.8176527 99.60821 0.0414 0.0 25.0
-6.8176527 95.563614 0.0415 1.0 25.0
-5.1132393 99.231544 0.0415 1.0 25.0
-5.1132393 99.231544 0.0416 0.0 26.0
-5.1132393 103.27614 0.0416 0.0 26.0
-5.1132393 99.231544 0.0417 0.0 26.0
-3.408826 102.899475 0.0417 0.0 26.0
-3.408826 102.899475 0.0418 0.0 27.0
-0.3174553 105.507576 0.0418 0.0 27.0
-3.408826 102.899475 0.0419 0.0 27.0
-1.7044129 106.567406 0.0419 0.0 27.0
-6.8176527 95.563614 0.0420 1.0 25.0
-6.8176527 99.60821 0.0420 1.0 25.0
-6.8176527 99.60821 0.0421 0.0 26.0
-8.522066 103.27614 0.0421 0.0 26.0
-6.8176527 99.60821 0.0422 0.0 26.0
-6.8176527 103.6528 0.0422 0.0 26.0
-6.8176527 103.6528 0.0423 0.0 27.0
-5.1132393 107.32073 0.0423 0.0 27.0
-6.8176527 103.6528 0.0424 0.0 27.0
-6.8176527 107.697395 0.0424 0.0 27.0
-6.8176527 79.38524 0.0425 9.0 21.0
-8.522066 83.05317 0.0425 9.0 21.0
-8.522066 83.05317 0.0426 0.0 22.0
-11.613437 85.66127 0.0426 0.0 22.0
-8.522066 83.05317 0.0427 8.0 22.0
-10.22648 86.7211 0.0427 8.0 22.0
-10.22648 86.7211 0.0428 0.0 23.0
-10.22648 90.76569 0.0428 0.0 23.0
-10.22648 86.7211 0.0429 0.0 23.0
-11.930893 90.38903 0.0429 0.0 23.0
-10.22648 86.7211 0.0430 1.0 23.0
-13.31785 89.3292 0.0430 1.0 23.0
-13.31785 89.3292 0.0431 0.0 24.0
-17.220396 90.39169 0.0431 0.0 24.0
-13.31785 89.3292 0.0432 0.0 24.0
-16.409222 91.9373 0.0432 0.0 24.0
-16.409222 91.9373 0.0433 0.0 25.0
-18.113634 95.60523 0.0433 0.0 25.0
-16.409222 91.9373 0.0434 0.0 25.0
-19.500593 94.5454 0.0434 0.0 25.0
-10.22648 86.7211 0.0435 7.0 23.0
-11.930893 90.38903 0.0435 7.0 23.0
-11.930893 90.38903 0.0436 0.0 24.0
-15.022264 92.99713 0.0436 0.0 24.0
-11.930893 90.38903 0.0437 6.0 24.0
-13.635306 94.05696 0.0437 6.0 24.0
-13.635306 94.05696 0.0438 0.0 25.0
-13.635306 98.101555 0.0438 0.0 25.0
-13.635306 94.05696 0.0439 0.0 25.0
-15.33972 97.72489 0.0439 0.0 25.0
-13.635306 94.05696 0.0440 1.0 25.0
-13.635306 98.101555 0.0440 1.0 25.0
-13.635306 98.101555 0.0441 0.0 26.0
-15.33972 101.769485 0.0441 0.0 26.0
-13.635306 98.101555 0.0442 0.0 26.0
-13.635306 102.14615 0.0442 0.0 26.0
-13.635306 102.14615 0.0443 0.0 27.0
-11.930893 105.81408 0.0443 0.0 27.0
-13.635306 102.14615 0.0444 0.0 27.0
-13.635306 106.19074 0.0444 0.0 27.0
-13.635306 94.05696 0.0445 1.0 25.0
-15.33972 97.72489 0.0445 1.0 25.0
-15.33972 97.72489 0.0446 0.0 26.0
-18.431091 100.33299 0.0446 0.0 26.0
-15.33972 97.72489 0.0447 0.0 26.0
-17.044132 101.39282 0.0447 0.0 26.0
-17.044132 101.39282 0.0448 0.0 27.0
-17.044132 105.437416 0.0448 0.0 27.0
-17.044132 101.39282 0.0449 0.0 27.0
-18.748545 105.06075 0.0449 0.0 27.0
-13.635306 94.05696 0.0450 5.0 25.0
-16.726677 96.66506 0.0450 5.0 25.0
-16.726677 96.66506 0.0451 0.0 26.0
-20.629223 97.727554 0.0451 0.0 26.0
-16.726677 96.66506 0.0452 4.0 26.0
-19.818048 99.27316 0.0452 4.0 26.0
-19.818048 99.27316 0.0453 0.0 27.0
-21.52246 102.94109 0.0453 0.0 27.0
-19.818048 99.27316 0.0454 0.0 27.0
-22.90942 101.88126 0.0454 0.0 27.0
-19.818048 99.27316 0.0455 1.0 27.0
-23.720594 100.335655 0.0455 1.0 27.0
-23.720594 100.335655 0.0456 0.0 28.0
-27.707445 99.65465 0.0456 0.0 28.0
-23.720594 100.335655 0.0457 0.0 28.0
-27.62314 101.39815 0.0457 0.0 28.0
-27.62314 101.39815 0.0458 0.0 29.0
-30.714512 104.00625 0.0458 0.0 29.0
-27.62314 101.39815 0.0459 0.0 29.0
-31.525686 102.46064 0.0459 0.0 29.0
-19.818048 99.27316 0.0460 3.0 27.0
-22.90942 101.88126 0.0460 3.0 27.0
-22.90942 101.88126 0.0461 0.0 28.0
-26.811966 102.943756 0.0461 0.0 28.0
-22.90942 101.88126 0.0462 2.0 28.0
-26.000792 104.489365 0.0462 2.0 28.0
-26.000792 104.489365 0.0463 0.0 29.0
-27.705204 108.157295 0.0463 0.0 29.0
-26.000792 104.489365 0.0464 0.0 29.0
-29.092163 107.097466 0.0464 0.0 29.0
-26.000792 104.489365 0.0465 1.0 29.0
-27.705204 108.157295 0.0465 1.0 29.0
-27.705204 108.157295 0.0466 0.0 30.0
-30.796576 110.765396 0.0466 0.0 30.0
-27.705204 108.157295 0.0467 0.0 30.0
-29.409616 111.825226 0.0467 0.0 30.0
-29.409616 111.825226 0.0468 0.0 31.0
-29.409616 115.86982 0.0468 0.0 31.0
-29.409616 111.825226 0.0469 0.0 31.0
-31.114029 115.49316 0.0469 0.0 31.0
-26.000792 104.489365 0.0470 1.0 29.0
-29.092163 107.097466 0.0470 1.0 29.0
-29.092163 107.097466 0.0471 0.0 30.0
-32.99471 108.15996 0.0471 0.0 30.0
-29.092163 107.097466 0.0472 0.0 30.0
-32.183533 109.70557 0.0472 0.0 30.0
-32.183533 109.70557 0.0473 0.0 31.0
-33.887947 113.3735 0.0473 0.0 31.0
-32.183533 109.70557 0.0474 0.0 31.0
-35.274902 112.31367 0.0474 0.0 31.0
-13.635306 94.05696 0.0475 5.0 25.0
-15.33972 97.72489 0.0475 5.0 25.0
-15.33972 97.72489 0.0476 0.0 26.0
-18.431091 100.33299 0.0476 0.0 26.0
-15.33972 97.72489 0.0477 4.0 26.0
-17.044132 101.39282 0.0477 4.0 26.0
-17.044132 101.39282 0.0478 0.0 27.0
-17.044132 105.437416 0.0478 0.0 27.0
-17.044132 101.39282 0.0479 0.0 27.0
-18.748545 105.06075 0.0479 0.0 27.0
-17.044132 101.39282 0.0480 1.0 27.0
-20.135504 104.00092 0.0480 1.0 27.0
-20.135504 104.00092 0.0481 0.0 28.0
-24.03805 105.063416 0.0481 0.0 28.0
-20.135504 104.00092 0.0482 0.0 28.0
-23.226875 106.609024 0.0482 0.0 28.0
-23.226875 106.609024 0.0483 0.0 29.0
-24.931288 110.276955 0.0483 0.0 29.0
-23.226875 106.609024 0.0484 0.0 29.0
-26.318247 109.217125 0.0484 0.0 29.0
-17.044132 101.39282 0.0485 3.0 27.0
-18.748545 105.06075 0.0485 3.0 27.0
-18.748545 105.06075 0.0486 0.0 28.0
-21.839916 107.66885 0.0486 0.0 28.0
-18.748545 105.06075 0.0487 2.0 28.0
-20.452957 108.72868 0.0487 2.0 28.0
-20.452957 108.72868 0.0488 0.0 29.0
-20.452957 112.77328 0.0488 0.0 29.0
-20.452957 108.72868 0.0489 0.0 29.0
-22.15737 112.396614 0.0489 0.0 29.0
-20.452957 108.72868 0.0490 1.0 29.0
-20.452957 112.77328 0.0490 1.0 29.0
-20.452957 112.77328 0.0491 0.0 30.0
-22.15737 116.44121 0.0491 0.0 30.0
-20.452957 112.77328 0.0492 0.0 30.0
-20.452957 116.81787 0.0492 0.0 30.0
-20.452957 116.81787 0.0493 0.0 31.0
-18.748545 120.4858 0.0493 0.0 31.0
-20.452957 116.81787 0.0494 0.0 31.0
-20.452957 120.862465 0.0494 0.0 31.0
-20.452957 108.72868 0.0495 1.0 29.0
-22.15737 112.396614 0.0495 1.0 29.0
-22.15737 112.396614 0.0496 0.0 30.0
-25.248741 115.004715 0.0496 0.0 30.0
-22.15737 112.396614 0.0497 0.0 30.0
-23.861782 116.064545 0.0497 0.0 30.0
-23.861782 116.064545 0.0498 0.0 31.0
-23.861782 120.10914 0.0498 0.0 31.0
-23.861782 116.064545 0.0499 0.0 31.0
-25.566195 119.732475 0.0499 0.0 31.0
0.0 64.71352 0.0500 13.0 17.0
0.0 68.75811 0.0500 13.0 17.0
0.0 68.75811 0.0501 0.0 18.0
-1.7044132 72.42604 0.0501 0.0 18.0
0.0 68.75811 0.0502 12.0 18.0
0.0 72.802704 0.0502 12.0 18.0
0.0 72.802704 0.0503 0.0 19.0
1.7044132 76.470634 0.0503 0.0 19.0
0.0 72.802704 0.0504 0.0 19.0
0.0 76.8473 0.0504 0.0 19.0
0.0 72.802704 0.0505 1.0 19.0
-1.7044132 76.470634 0.0505 1.0 19.0
-1.7044132 76.470634 0.0506 0.0 20.0
-4.795784 79.078735 0.0506 0.0 20.0
-1.7044132 76.470634 0.0507 0.0 20.0
-3.4088264 80.138565 0.0507 0.0 20.0
-3.4088264 80.138565 0.0508 0.0 21.0
-3.4088264 84.18316 0.0508 0.0 21.0
-3.4088264 80.138565 0.0509 0.0 21.0
-5.1132393 83.806496 0.0509 0.0 21.0
0.0 72.802704 0.0510 11.0 19.0
0.0 76.8473 0.0510 11.0 19.0
0.0 76.8473 0.0511 0.0 20.0
-1.7044132 80.51523 0.0511 0.0 20.0
0.0 76.8473 0.0512 10.0 20.0
0.0 80.89189 0.0512 10.0 20.0
0.0 80.89189 0.0513 0.0 21.0
1.7044132 84.55982 0.0513 0.0 21.0
0.0 80.89189 0.0514 0.0 21.0
0.0 84.936485 0.0514 0.0 21.0
0.0 80.89189 0.0515 1.0 21.0
1.7044132 84.55982 0.0515 1.0 21.0
1.7044132 84.55982 0.0516 0.0 22.0
1.7044132 88.604416 0.0516 0.0 22.0
1.7044132 84.55982 0.0517 0.0 22.0
3.4088264 88.22775 0.0517 0.0 22.0
3.4088264 88.22775 0.0518 0.0 23.0
6.5001974 90.83585 0.0518 0.0 23.0
3.4088264 88.22775 0.0519 0.0 23.0
5.1132393 91.89568 0.0519 0.0 23.0
0.0 80.89189 0.0520 1.0 21.0
0.0 84.936485 0.0520 1.0 21.0
0.0 84.936485 0.0521 0.0 22.0
-1.7044132 88.604416 0.0521 0.0 22.0
0.0 84.936485 0.0522 0.0 22.0
0.0 88.98108 0.0522 0.0 22.0
0.0 88.98108 0.0523 0.0 23.0
1.7044132 92.64901 0.0523 0.0 23.0
0.0 88.98108 0.0524 0.0 23.0
0.0 93.02567 0.0524 0.0 23.0
0.0 80.89189 0.0525 5.0 21.0
1.7044132 84.55982 0.0525 5.0 21.0
1.7044132 84.55982 0.0526 0.0 22.0
1.7044132 88.604416 0.0526 0.0 22.0
1.7044132 84.55982 0.0527 4.0 22.0
3.4088264 88.22775 0.0527 4.0 22.0
3.4088264 88.22775 0.0528 0.0 23.0
6.5001974 90.83585 0.0528 0.0 23.0
3.4088264 88.22775 0.0529 0.0 23.0
5.1132393 91.89568 0.0529 0.0 23.0
3.4088264 88.22775 0.0530 1.0 23.0
3.4088264 92.27235 0.0530 1.0 23.0
3.4088264 92.27235 0.0531 0.0 24.0
1.7044132 95.94028 0.0531 0.0 24.0
3.4088264 92.27235 0.0532 0.0 24.0
3.4088264 96.31694 0.0532 0.0 24.0
3.4088264 96.31694 0.0533 0.0 25.0
5.1132393 99.98487 0.0533 0.0 25.0
3.4088264 96.31694 0.0534 0.0 25.0
3.4088264 100.361534 0.0534 0.0 25.0
3.4088264 88.22775 0.0535 3.0 23.0
5.1132393 91.89568 0.0535 3.0 23.0
5.1132393 91.89568 0.0536 0.0 24.0
5.1132393 95.94028 0.0536 0.0 24.0
5.1132393 91.89568 0.0537 2.0 24.0
6.8176527 95.563614 0.0537 2.0 24.0
6.8176527 95.563614 0.0538 0.0 25.0
9.909023 98.171715 0.0538 0.0 25.0
6.8176527 95.563614 0.0539 0.0 25.0
8.522066 99.231544 0.0539 0.0 25.0
6.8176527 95.563614 0.0540 1.0 25.0
9.909023 98.171715 0.0540 1.0 25.0
9.909023 98.171715 0.0541 0.0 26.0
11.613437 101.839645 0.0541 0.0 26.0
9.909023 98.171715 0.0542 0.0 26.0
13.000394 100.779816 0.0542 0.0 26.0
13.000394 100.779816 0.0543 0.0 27.0
16.902939 101.84231 0.0543 0.0 27.0
13.000394 100.779816 0.0544 0.0 27.0
16.091764 103.38792 0.0544 0.0 27.0
6.8176527 95.563614 0.0545 1.0 25.0
8.522066 99.231544 0.0545 1.0 25.0
8.522066 99.231544 0.0546 0.0 26.0
8.522066 103.27614 0.0546 0.0 26.0
8.522066 99.231544 0.0547 0.0 26.0
10.22648 102.899475 0.0547 0.0 26.0
10.22648 102.899475 0.0548 0.0 27.0
13.31785 105.507576 0.0548 0.0 27.0
10.22648 102.899475 0.0549 0.0 27.0
11.930893 106.567406 0.0549 0.0 27.0
0.0 80.89189 0.0550 9.0 21.0
0.0 84.936485 0.0550 9.0 21.0
0.0 84.936485 0.0551 0.0 22.0
-1.7044132 88.604416 0.0551 0.0 22.0
0.0 84.936485 0.0552 8.0 22.0
0.0 88.98108 0.0552 8.0 22.0
0.0 88.98108 0.0553 0.0 23.0
1.7044132 92.64901 0.0553 0.0 23.0
0.0 88.98108 0.0554 0.0 23.0
0.0 93.02567 0.0554 0.0 23.0
0.0 88.98108 0.0555 1.0 23.0
-1.7044132 92.64901 0.0555 1.0 23.0
-1.7044132 92.64901 0.0556 0.0 24.0
-4.795784 95.25711 0.0556 0.0 24.0
-1.7044132 92.64901 0.0557 0.0 24.0
-3.4088264 96.31694 0.0557 0.0 24.0
-3.4088264 96.31694 0.0558 0.0 25.0
-3.4088264 100.361534 0.0558 0.0 25.0
-3.4088264 96.31694 0.0559 0.0 25.0
-5.1132393 99.98487 0.0559 0.0 25.0
0.0 88.98108 0.0560 7.0 23.0
0.0 93.02567 0.0560 7.0 23.0
0.0 93.02567 0.0561 0.0 24.0
-1.7044132 96.6936 0.0561 0.0 24.0
0.0 93.02567 0.0562 6.0 24.0
0.0 97.07027 0.0562 6.0 24.0
0.0 97.07027 0.0563 0.0 25.0
1.7044132 100.7382 0.0563 0.0 25.0
0.0 97.07027 0.0564 0.0 25.0
0.0 101.11486 0.0564 0.0 25.0
0.0 97.07027 0.0565 1.0 25.0
1.7044132 100.7382 0.0565 1.0 25.0
1.7044132 100.7382 0.0566 0.0 26.0
1.7044132 104.78279 0.0566 0.0 26.0
1.7044132 100.7382 0.0567 0.0 26.0
3.4088264 104.40613 0.0567 0.0 26.0
3.4088264 104.40613 0.0568 0.0 27.0
6.5001974 107.01423 0.0568 0.0 27.0
3.4088264 104.40613 0.0569 0.0 27.0
5.1132393 108.07406 0.0569 0.0 27.0
0.0 97.07027 0.0570 1.0 25.0
0.0 101.11486 0.0570 1.0 25.0
0.0 101.11486 0.0571 0.0 26.0
-1.7044132 104.78279 0.0571 0.0 26.0
0.0 101.11486 0.0572 0.0 26.0
0.0 105.159454 0.0572 0.0 26.0
0.0 105.159454 0.0573 0.0 27.0
1.7044132 108.827385 0.0573 0.0 27.0
0.0 105.159454 0.0574 0.0 27.0
0.0 109.20405 0.0574 0.0 27.0
0.0 97.07027 0.0575 5.0 25.0
-1.7044132 100.7382 0.0575 5.0 25.0
-1.7044132 100.7382 0.0576 0.0 26.0
-4.795784 103.3463 0.0576 0.0 26.0
-1.7044132 100.7382 0.0577 4.0 26.0
-3.4088264 104.40613 0.0577 4.0 26.0
-3.4088264 104.40613 0.0578 0.0 27.0
-3.4088264 108.45072 0.0578 0.0 27.0
-3.4088264 104.40613 0.0579 0.0 27.0
-5.1132393 108.07406 0.0579 0.0 27.0
-3.4088264 104.40613 0.0580 1.0 27.0
-6.5001974 107.01423 0.0580 1.0 27.0
-6.5001974 107.01423 0.0581 0.0 28.0
-10.402742 108.07672 0.0581 0.0 28.0
-6.5001974 107.01423 0.0582 0.0 28.0
-9.591568 109.62233 0.0582 0.0 28.0
-9.591568 109.62233 0.0583 0.0 29.0
-11.295981 113.29026 0.0583 0.0 29.0
-9.591568 109.62233 0.0584 0.0 29.0
-12.682939 112.23043 0.0584 0.0 29.0
-3.4088264 104.40613 0.0585 3.0 27.0
-5.1132393 108.07406 0.0585 3.0 27.0
-5.1132393 108.07406 0.0586 0.0 28.0
-8.20461 110.68216 0.0586 0.0 28.0
-5.1132393 108.07406 0.0587 2.0 28.0
-6.8176527 111.74199 0.0587 2.0 28.0
-6.8176527 111.74199 0.0588 0.0 29.0
-6.8176527 115.78658 0.0588 0.0 29.0
-6.8176527 111.74199 0.0589 0.0 29.0
-8.522066 115.40992 0.0589 0.0 29.0
-6.8176527 111.74199 0.0590 1.0 29.0
-6.8176527 115.78658 0.0590 1.0 29.0
-6.8176527 115.78658 0.0591 0.0 30.0
-8.522066 119.45451 0.0591 0.0 30.0
-6.8176527 115.78658 0.0592 0.0 30.0
-6.8176527 119.83118 0.0592 0.0 30.0
-6.8176527 119.83118 0.0593 0.0 31.0
-5.1132393 123.49911 0.0593 0.0 31.0
-6.8176527 119.83118 0.0594 0.0 31.0
-6.8176527 123.87577 0.0594 0.0 31.0
-6.8176527 111.74199 0.0595 1.0 29.0
-8.522066 115.40992 0.0595 1.0 29.0
-8.522066 115.40992 0.0596 0.0 30.0
-11.613437 118.01802 0.0596 0.0 30.0
-8.522066 115.40992 0.0597 0.0 30.0
-10.22648 119.07785 0.0597 0.0 30.0
-10.22648 119.07785 0.0598 0.0 31.0
-10.22648 123.122444 0.0598 0.0 31.0
-10.22648 119.07785 0.0599 0.0 31.0
-11.930893 122.74578 0.0599 0.0 31.0
0.0 97.07027 0.0600 5.0 25.0
0.0 101.11486 0.0600 5.0 25.0
0.0 101.11486 0.0601 0.0 26.0
-1.7044132 104.78279 0.0601 0.0 26.0
0.0 101.11486 0.0602 4.0 26.0
0.0 105.159454 0.0602 4.0 26.0
0.0 105.159454 0.0603 0.0 27.0
1.7044132 108.827385 0.0603 0.0 27.0
0.0 105.159454 0.0604 0.0 27.0
0.0 109.20405 0.0604 0.0 27.0
0.0 105.159454 0.0605 1.0 27.0
-1.7044132 108.827385 0.0605 1.0 27.0
-1.7044132 108.827385 0.0606 0.0 28.0
-4.795784 111.435486 0.0606 0.0 28.0
-1.7044132 108.827385 0.0607 0.0 28.0
-3.4088264 112.495316 0.0607 0.0 28.0
-3.4088264 112.495316 0.0608 0.0 29.0
-3.4088264 116.53991 0.0608 0.0 29.0
-3.4088264 112.495316 0.0609 0.0 29.0
-5.1132393 116.163246 0.0609 0.0 29.0
0.0 105.159454 0.0610 3.0 27.0
0.0 109.20405 0.0610 3.0 27.0
0.0 109.20405 0.0611 0.0 28.0
-1.7044132 112.87198 0.0611 0.0 28.0
0.0 109.20405 0.0612 2.0 28.0
0.0 113.24864 0.0612 2.0 28.0
0.0 113.24864 0.0613 0.0 29.0
1.7044132 116.91657 0.0613 0.0 29.0
0.0 113.24864 0.0614 0.0 29.0
0.0 117.293236 0.0614 0.0 29.0
0.0 113.24864 0.0615 1.0 29.0
1.7044132 116.91657 0.0615 1.0 29.0
1.7044132 116.91657 0.0616 0.0 30.0
1.7044132 120.96117 0.0616 0.0 30.0
1.7044132 116.91657 0.0617 0.0 30.0
3.4088264 120.5845 0.0617 0.0 30.0
3.4088264 120.5845 0.0618 0.0 31.0
6.5001974 123.192604 0.0618 0.0 31.0
3.4088264 120.5845 0.0619 0.0 31.0
5.1132393 124.25243 0.0619 0.0 31.0
0.0 113.24864 0.0620 1.0 29.0
0.0 117.293236 0.0620 1.0 29.0
0.0 117.293236 0.0621 0.0 30.0
-1.7044132 120.96117 0.0621 0.0 30.0
0.0 117.293236 0.0622 0.0 30.0
0.0 121.33783 0.0622 0.0 30.0
0.0 121.33783 0.0623 0.0 31.0
1.7044132 125.00576 0.0623 0.0 31.0
0.0 121.33783 0.0624 0.0 31.0
0.0 125.38242 0.0624 0.0 31.0
