0.0 0.0 0.00 79.0 1.0
0.0 4.0957036 0.00 79.0 1.0
0.0 4.0957036 0.01 0.0 2.0
-1.5454806 7.888628 0.01 0.0 2.0
0.0 4.0957036 0.02 78.0 2.0
0.0 8.191407 0.02 78.0 2.0
0.0 8.191407 0.03 0.0 3.0
1.5454806 11.984332 0.03 0.0 3.0
0.0 8.191407 0.04 77.0 3.0
0.0 12.287111 0.04 77.0 3.0
0.0 12.287111 0.05 1.0 4.0
-1.5454806 16.080036 0.05 1.0 4.0
-1.5454806 16.080036 0.06 0.0 5.0
-4.4079394 19.00939 0.06 0.0 5.0
-1.5454806 16.080036 0.07 0.0 5.0
-3.0909612 19.872961 0.07 0.0 5.0
-3.0909612 19.872961 0.08 0.0 6.0
-3.0909612 23.968664 0.08 0.0 6.0
-3.0909612 19.872961 0.09 0.0 6.0
-4.6364417 23.665886 0.09 0.0 6.0
0.0 12.287111 0.010 76.0 4.0
0.0 16.382814 0.010 76.0 4.0
0.0 16.382814 0.011 0.0 5.0
-1.5454806 20.17574 0.011 0.0 5.0
0.0 16.382814 0.012 75.0 5.0
0.0 20.478518 0.012 75.0 5.0
0.0 20.478518 0.013 0.0 6.0
1.5454806 24.271442 0.013 0.0 6.0
0.0 20.478518 0.014 74.0 6.0
0.0 24.57422 0.014 74.0 6.0
0.0 24.57422 0.015 1.0 7.0
1.5454806 28.367146 0.015 1.0 7.0
1.5454806 28.367146 0.016 0.0 8.0
1.5454806 32.46285 0.016 0.0 8.0
1.5454806 28.367146 0.017 0.0 8.0
3.0909612 32.16007 0.017 0.0 8.0
3.0909612 32.16007 0.018 0.0 9.0
5.95342 35.089424 0.018 0.0 9.0
3.0909612 32.16007 0.019 0.0 9.0
4.6364417 35.95299 0.019 0.0 9.0
0.0 24.57422 0.020 73.0 7.0
0.0 28.669924 0.020 73.0 7.0
0.0 28.669924 0.021 0.0 8.0
-1.5454806 32.46285 0.021 0.0 8.0
0.0 28.669924 0.022 72.0 8.0
0.0 32.76563 0.022 72.0 8.0
0.0 32.76563 0.023 0.0 9.0
1.5454806 36.55855 0.023 0.0 9.0
0.0 32.76563 0.024 71.0 9.0
0.0 36.861332 0.024 71.0 9.0
0.0 36.861332 0.025 7.0 10.0
1.5454806 40.654255 0.025 7.0 10.0
1.5454806 40.654255 0.026 0.0 11.0
1.5454806 44.749958 0.026 0.0 11.0
1.5454806 40.654255 0.027 6.0 11.0
3.0909612 44.447178 0.027 6.0 11.0
3.0909612 44.447178 0.028 0.0 12.0
5.95342 47.376534 0.028 0.0 12.0
3.0909612 44.447178 0.029 5.0 12.0
4.6364417 48.2401 0.029 5.0 12.0
4.6364417 48.2401 0.030 1.0 13.0
4.6364417 52.335804 0.030 1.0 13.0
4.6364417 52.335804 0.031 0.0 14.0
3.090961 56.128727 0.031 0.0 14.0
4.6364417 52.335804 0.032 0.0 14.0
4.6364417 56.431507 0.032 0.0 14.0
4.6364417 56.431507 0.033 0.0 15.0
6.1819224 60.22443 0.033 0.0 15.0
4.6364417 56.431507 0.034 0.0 15.0
4.6364417 60.52721 0.034 0.0 15.0
4.6364417 48.2401 0.035 4.0 13.0
6.1819224 52.033024 0.035 4.0 13.0
6.1819224 52.033024 0.036 0.0 14.0
6.1819224 56.128727 0.036 0.0 14.0
6.1819224 52.033024 0.037 3.0 14.0
7.727403 55.825947 0.037 3.0 14.0
7.727403 55.825947 0.038 0.0 15.0
10.589862 58.755302 0.038 0.0 15.0
7.727403 55.825947 0.039 2.0 15.0
9.272883 59.61887 0.039 2.0 15.0
9.272883 59.61887 0.040 1.0 16.0
12.135343 62.548225 0.040 1.0 16.0
12.135343 62.548225 0.041 0.0 17.0
13.680823 66.34115 0.041 0.0 17.0
12.135343 62.548225 0.042 0.0 17.0
14.997802 65.47758 0.042 0.0 17.0
14.997802 65.47758 0.043 0.0 18.0
18.754019 67.11025 0.043 0.0 18.0
14.997802 65.47758 0.044 0.0 18.0
17.86026 68.40693 0.044 0.0 18.0
9.272883 59.61887 0.045 1.0 16.0
10.818364 63.411793 0.045 1.0 16.0
10.818364 63.411793 0.046 0.0 17.0
10.818364 67.5075 0.046 0.0 17.0
10.818364 63.411793 0.047 0.0 17.0
12.363845 67.20472 0.047 0.0 17.0
12.363845 67.20472 0.048 0.0 18.0
15.226304 70.13407 0.048 0.0 18.0
12.363845 67.20472 0.049 0.0 18.0
13.909326 70.99764 0.049 0.0 18.0
0.0 36.861332 0.050 70.0 10.0
0.0 40.957035 0.050 70.0 10.0
0.0 40.957035 0.051 0.0 11.0
-1.5454806 44.749958 0.051 0.0 11.0
0.0 40.957035 0.052 69.0 11.0
0.0 45.05274 0.052 69.0 11.0
0.0 45.05274 0.053 0.0 12.0
1.5454806 48.84566 0.053 0.0 12.0
0.0 45.05274 0.054 68.0 12.0
0.0 49.14844 0.054 68.0 12.0
0.0 49.14844 0.055 1.0 13.0
-1.5454806 52.941364 0.055 1.0 13.0
-1.5454806 52.941364 0.056 0.0 14.0
-4.4079394 55.87072 0.056 0.0 14.0
-1.5454806 52.941364 0.057 0.0 14.0
-3.0909612 56.734287 0.057 0.0 14.0
-3.0909612 56.734287 0.058 0.0 15.0
-3.0909612 60.82999 0.058 0.0 15.0
-3.0909612 56.734287 0.059 0.0 15.0
-4.6364417 60.52721 0.059 0.0 15.0
0.0 49.14844 0.060 67.0 13.0
0.0 53.244144 0.060 67.0 13.0
0.0 53.244144 0.061 0.0 14.0
-1.5454806 57.037067 0.061 0.0 14.0
0.0 53.244144 0.062 66.0 14.0
0.0 57.339848 0.062 66.0 14.0
0.0 57.339848 0.063 0.0 15.0
1.5454806 61.13277 0.063 0.0 15.0
0.0 57.339848 0.064 65.0 15.0
0.0 61.43555 0.064 65.0 15.0
0.0 61.43555 0.065 1.0 16.0
1.5454806 65.22848 0.065 1.0 16.0
1.5454806 65.22848 0.066 0.0 17.0
1.5454806 69.32418 0.066 0.0 17.0
1.5454806 65.22848 0.067 0.0 17.0
3.0909612 69.0214 0.067 0.0 17.0
3.0909612 69.0214 0.068 0.0 18.0
5.95342 71.95075 0.068 0.0 18.0
3.0909612 69.0214 0.069 0.0 18.0
4.6364417 72.81432 0.069 0.0 18.0
0.0 61.43555 0.070 64.0 16.0
0.0 65.53126 0.070 64.0 16.0
0.0 65.53126 0.071 0.0 17.0
-1.5454806 69.32418 0.071 0.0 17.0
0.0 65.53126 0.072 63.0 17.0
0.0 69.62696 0.072 63.0 17.0
0.0 69.62696 0.073 0.0 18.0
1.5454806 73.41988 0.073 0.0 18.0
0.0 69.62696 0.074 62.0 18.0
0.0 73.722664 0.074 62.0 18.0
0.0 73.722664 0.075 7.0 19.0
-1.5454806 77.51559 0.075 7.0 19.0
-1.5454806 77.51559 0.076 0.0 20.0
-4.4079394 80.44494 0.076 0.0 20.0
-1.5454806 77.51559 0.077 6.0 20.0
-3.0909612 81.30851 0.077 6.0 20.0
-3.0909612 81.30851 0.078 0.0 21.0
-3.0909612 85.40421 0.078 0.0 21.0
-3.0909612 81.30851 0.079 5.0 21.0
-4.6364417 85.10143 0.079 5.0 21.0
-4.6364417 85.10143 0.080 1.0 22.0
-7.4989004 88.030785 0.080 1.0 22.0
-7.4989004 88.030785 0.081 0.0 23.0
-11.255117 89.66346 0.081 0.0 23.0
-7.4989004 88.030785 0.082 0.0 23.0
-10.36136 90.96014 0.082 0.0 23.0
-10.36136 90.96014 0.083 0.0 24.0
-11.90684 94.75306 0.083 0.0 24.0
-10.36136 90.96014 0.084 0.0 24.0
-13.223819 93.88949 0.084 0.0 24.0
-4.6364417 85.10143 0.085 4.0 22.0
-6.1819224 88.894356 0.085 4.0 22.0
-6.1819224 88.894356 0.086 0.0 23.0
-9.044381 91.82371 0.086 0.0 23.0
-6.1819224 88.894356 0.087 3.0 23.0
-7.727403 92.68728 0.087 3.0 23.0
-7.727403 92.68728 0.088 0.0 24.0
-7.727403 96.78298 0.088 0.0 24.0
-7.727403 92.68728 0.089 2.0 24.0
-9.272883 96.4802 0.089 2.0 24.0
-9.272883 96.4802 0.090 1.0 25.0
-9.272883 100.575905 0.090 1.0 25.0
-9.272883 100.575905 0.091 0.0 26.0
-10.818364 104.36883 0.091 0.0 26.0
-9.272883 100.575905 0.092 0.0 26.0
-9.272883 104.67161 0.092 0.0 26.0
-9.272883 104.67161 0.093 0.0 27.0
-7.7274027 108.46453 0.093 0.0 27.0
-9.272883 104.67161 0.094 0.0 27.0
-9.272883 108.76731 0.094 0.0 27.0
-9.272883 96.4802 0.095 1.0 25.0
-10.818364 100.273125 0.095 1.0 25.0
-10.818364 100.273125 0.096 0.0 26.0
-13.680823 103.20248 0.096 0.0 26.0
-10.818364 100.273125 0.097 0.0 26.0
-12.363845 104.06605 0.097 0.0 26.0
-12.363845 104.06605 0.098 0.0 27.0
-12.363845 108.16175 0.098 0.0 27.0
-12.363845 104.06605 0.099 0.0 27.0
-13.909326 107.85897 0.099 0.0 27.0
0.0 73.722664 0.0100 61.0 19.0
0.0 77.81837 0.0100 61.0 19.0
0.0 77.81837 0.0101 0.0 20.0
-1.5454806 81.61129 0.0101 0.0 20.0
0.0 77.81837 0.0102 60.0 20.0
0.0 81.91407 0.0102 60.0 20.0
0.0 81.91407 0.0103 0.0 21.0
1.5454806 85.70699 0.0103 0.0 21.0
0.0 81.91407 0.0104 59.0 21.0
0.0 86.00977 0.0104 59.0 21.0
0.0 86.00977 0.0105 1.0 22.0
-1.5454806 89.8027 0.0105 1.0 22.0
-1.5454806 89.8027 0.0106 0.0 23.0
-4.4079394 92.73205 0.0106 0.0 23.0
-1.5454806 89.8027 0.0107 0.0 23.0
-3.0909612 93.59562 0.0107 0.0 23.0
-3.0909612 93.59562 0.0108 0.0 24.0
-3.0909612 97.69132 0.0108 0.0 24.0
-3.0909612 93.59562 0.0109 0.0 24.0
-4.6364417 97.38854 0.0109 0.0 24.0
0.0 86.00977 0.0110 58.0 22.0
0.0 90.10548 0.0110 58.0 22.0
0.0 90.10548 0.0111 0.0 23.0
-1.5454806 93.8984 0.0111 0.0 23.0
0.0 90.10548 0.0112 57.0 23.0
0.0 94.20118 0.0112 57.0 23.0
0.0 94.20118 0.0113 0.0 24.0
1.5454806 97.9941 0.0113 0.0 24.0
0.0 94.20118 0.0114 56.0 24.0
0.0 98.29688 0.0114 56.0 24.0
0.0 98.29688 0.0115 1.0 25.0
1.5454806 102.089806 0.0115 1.0 25.0
1.5454806 102.089806 0.0116 0.0 26.0
1.5454806 106.18551 0.0116 0.0 26.0
1.5454806 102.089806 0.0117 0.0 26.0
3.0909612 105.88273 0.0117 0.0 26.0
3.0909612 105.88273 0.0118 0.0 27.0
5.95342 108.81208 0.0118 0.0 27.0
3.0909612 105.88273 0.0119 0.0 27.0
4.6364417 109.67565 0.0119 0.0 27.0
0.0 98.29688 0.0120 55.0 25.0
0.0 102.392586 0.0120 55.0 25.0
0.0 102.392586 0.0121 0.0 26.0
-1.5454806 106.18551 0.0121 0.0 26.0
0.0 102.392586 0.0122 54.0 26.0
0.0 106.48829 0.0122 54.0 26.0
0.0 106.48829 0.0123 0.0 27.0
1.5454806 110.28121 0.0123 0.0 27.0
0.0 106.48829 0.0124 53.0 27.0
0.0 110.58399 0.0124 53.0 27.0
0.0 110.58399 0.0125 25.0 28.0
1.5454806 114.376915 0.0125 25.0 28.0
1.5454806 114.376915 0.0126 0.0 29.0
1.5454806 118.47262 0.0126 0.0 29.0
1.5454806 114.376915 0.0127 24.0 29.0
3.0909612 118.16984 0.0127 24.0 29.0
3.0909612 118.16984 0.0128 0.0 30.0
5.95342 121.09919 0.0128 0.0 30.0
3.0909612 118.16984 0.0129 23.0 30.0
4.6364417 121.96276 0.0129 23.0 30.0
4.6364417 121.96276 0.0130 1.0 31.0
4.6364417 126.058464 0.0130 1.0 31.0
4.6364417 126.058464 0.0131 0.0 32.0
3.090961 129.8514 0.0131 0.0 32.0
4.6364417 126.058464 0.0132 0.0 32.0
4.6364417 130.15417 0.0132 0.0 32.0
4.6364417 130.15417 0.0133 0.0 33.0
6.1819224 133.9471 0.0133 0.0 33.0
4.6364417 130.15417 0.0134 0.0 33.0
4.6364417 134.24988 0.0134 0.0 33.0
4.6364417 121.96276 0.0135 22.0 31.0
6.1819224 125.755684 0.0135 22.0 31.0
6.1819224 125.755684 0.0136 0.0 32.0
6.1819224 129.8514 0.0136 0.0 32.0
6.1819224 125.755684 0.0137 21.0 32.0
7.727403 129.54861 0.0137 21.0 32.0
7.727403 129.54861 0.0138 0.0 33.0
10.589862 132.47797 0.0138 0.0 33.0
7.727403 129.54861 0.0139 20.0 33.0
9.272883 133.34154 0.0139 20.0 33.0
9.272883 133.34154 0.0140 1.0 34.0
12.135343 136.27089 0.0140 1.0 34.0
12.135343 136.27089 0.0141 0.0 35.0
13.680823 140.06381 0.0141 0.0 35.0
12.135343 136.27089 0.0142 0.0 35.0
14.997802 139.20024 0.0142 0.0 35.0
14.997802 139.20024 0.0143 0.0 36.0
18.754019 140.83292 0.0143 0.0 36.0
14.997802 139.20024 0.0144 0.0 36.0
17.86026 142.1296 0.0144 0.0 36.0
9.272883 133.34154 0.0145 19.0 34.0
10.818364 137.13446 0.0145 19.0 34.0
10.818364 137.13446 0.0146 0.0 35.0
10.818364 141.23016 0.0146 0.0 35.0
10.818364 137.13446 0.0147 18.0 35.0
12.363845 140.92738 0.0147 18.0 35.0
12.363845 140.92738 0.0148 0.0 36.0
15.226304 143.85674 0.0148 0.0 36.0
12.363845 140.92738 0.0149 17.0 36.0
13.909326 144.7203 0.0149 17.0 36.0
13.909326 144.7203 0.0150 7.0 37.0
16.771784 147.64966 0.0150 7.0 37.0
16.771784 147.64966 0.0151 0.0 38.0
18.317265 151.44258 0.0151 0.0 38.0
16.771784 147.64966 0.0152 6.0 38.0
19.634243 150.57901 0.0152 6.0 38.0
19.634243 150.57901 0.0153 0.0 39.0
23.390461 152.21169 0.0153 0.0 39.0
19.634243 150.57901 0.0154 5.0 39.0
22.496702 153.50836 0.0154 5.0 39.0
22.496702 153.50836 0.0155 1.0 40.0
24.042183 157.30128 0.0155 1.0 40.0
24.042183 157.30128 0.0156 0.0 41.0
24.042183 161.39699 0.0156 0.0 41.0
24.042183 157.30128 0.0157 0.0 41.0
25.587664 161.09421 0.0157 0.0 41.0
25.587664 161.09421 0.0158 0.0 42.0
28.450123 164.02356 0.0158 0.0 42.0
25.587664 161.09421 0.0159 0.0 42.0
27.133144 164.88713 0.0159 0.0 42.0
22.496702 153.50836 0.0160 4.0 40.0
25.359161 156.43771 0.0160 4.0 40.0
25.359161 156.43771 0.0161 0.0 41.0
26.904642 160.23064 0.0161 0.0 41.0
25.359161 156.43771 0.0162 3.0 41.0
28.22162 159.36707 0.0162 3.0 41.0
28.22162 159.36707 0.0163 0.0 42.0
31.977837 160.99974 0.0163 0.0 42.0
28.22162 159.36707 0.0164 2.0 42.0
31.08408 162.29642 0.0164 2.0 42.0
31.08408 162.29642 0.0165 1.0 43.0
34.840298 163.9291 0.0165 1.0 43.0
34.840298 163.9291 0.0166 0.0 44.0
37.70276 166.85844 0.0166 0.0 44.0
34.840298 163.9291 0.0167 0.0 44.0
38.596516 165.56177 0.0167 0.0 44.0
38.596516 165.56177 0.0168 0.0 45.0
42.691128 165.65637 0.0168 0.0 45.0
38.596516 165.56177 0.0169 0.0 45.0
42.352734 167.19444 0.0169 0.0 45.0
31.08408 162.29642 0.0170 1.0 43.0
33.946537 165.22577 0.0170 1.0 43.0
33.946537 165.22577 0.0171 0.0 44.0
35.492016 169.01869 0.0171 0.0 44.0
33.946537 165.22577 0.0172 0.0 44.0
36.808994 168.15512 0.0172 0.0 44.0
36.808994 168.15512 0.0173 0.0 45.0
40.565212 169.7878 0.0173 0.0 45.0
36.808994 168.15512 0.0174 0.0 45.0
39.67145 171.08447 0.0174 0.0 45.0
13.909326 144.7203 0.0175 16.0 37.0
15.454806 148.51323 0.0175 16.0 37.0
15.454806 148.51323 0.0176 0.0 38.0
15.454806 152.60893 0.0176 0.0 38.0
15.454806 148.51323 0.0177 15.0 38.0
17.000286 152.30615 0.0177 15.0 38.0
17.000286 152.30615 0.0178 0.0 39.0
19.862745 155.2355 0.0178 0.0 39.0
17.000286 152.30615 0.0179 14.0 39.0
18.545767 156.09908 0.0179 14.0 39.0
18.545767 156.09908 0.0180 1.0 40.0
18.545767 160.19478 0.0180 1.0 40.0
18.545767 160.19478 0.0181 0.0 41.0
17.000286 163.9877 0.0181 0.0 41.0
18.545767 160.19478 0.0182 0.0 41.0
18.545767 164.29048 0.0182 0.0 41.0
18.545767 164.29048 0.0183 0.0 42.0
20.091248 168.0834 0.0183 0.0 42.0
18.545767 164.29048 0.0184 0.0 42.0
18.545767 168.38618 0.0184 0.0 42.0
18.545767 156.09908 0.0185 13.0 40.0
20.091248 159.892 0.0185 13.0 40.0
20.091248 159.892 0.0186 0.0 41.0
20.091248 163.9877 0.0186 0.0 41.0
20.091248 159.892 0.0187 12.0 41.0
21.636728 163.68492 0.0187 12.0 41.0
21.636728 163.68492 0.0188 0.0 42.0
24.499187 166.61427 0.0188 0.0 42.0
21.636728 163.68492 0.0189 11.0 42.0
23.182209 167.47784 0.0189 11.0 42.0
23.182209 167.47784 0.0190 1.0 43.0
26.044668 170.4072 0.0190 1.0 43.0
26.044668 170.4072 0.0191 0.0 44.0
27.590149 174.20012 0.0191 0.0 44.0
26.044668 170.4072 0.0192 0.0 44.0
28.907127 173.33655 0.0192 0.0 44.0
28.907127 173.33655 0.0193 0.0 45.0
32.663345 174.96922 0.0193 0.0 45.0
28.907127 173.33655 0.0194 0.0 45.0
31.769587 176.2659 0.0194 0.0 45.0
23.182209 167.47784 0.0195 10.0 43.0
24.72769 171.27077 0.0195 10.0 43.0
24.72769 171.27077 0.0196 0.0 44.0
24.72769 175.36647 0.0196 0.0 44.0
24.72769 171.27077 0.0197 9.0 44.0
26.27317 175.06369 0.0197 9.0 44.0
26.27317 175.06369 0.0198 0.0 45.0
29.13563 177.99304 0.0198 0.0 45.0
26.27317 175.06369 0.0199 8.0 45.0
27.818651 178.85661 0.0199 8.0 45.0
27.818651 178.85661 0.0200 7.0 46.0
27.818651 182.95232 0.0200 7.0 46.0
27.818651 182.95232 0.0201 0.0 47.0
26.27317 186.74524 0.0201 0.0 47.0
27.818651 182.95232 0.0202 6.0 47.0
27.818651 187.04802 0.0202 6.0 47.0
27.818651 187.04802 0.0203 0.0 48.0
29.364132 190.84094 0.0203 0.0 48.0
27.818651 187.04802 0.0204 5.0 48.0
27.818651 191.14372 0.0204 5.0 48.0
27.818651 191.14372 0.0205 1.0 49.0
26.27317 194.93665 0.0205 1.0 49.0
26.27317 194.93665 0.0206 0.0 50.0
23.410711 197.866 0.0206 0.0 50.0
26.27317 194.93665 0.0207 0.0 50.0
24.72769 198.72957 0.0207 0.0 50.0
24.72769 198.72957 0.0208 0.0 51.0
24.72769 202.82527 0.0208 0.0 51.0
24.72769 198.72957 0.0209 0.0 51.0
23.182209 202.52249 0.0209 0.0 51.0
27.818651 191.14372 0.0210 4.0 49.0
27.818651 195.23943 0.0210 4.0 49.0
27.818651 195.23943 0.0211 0.0 50.0
26.27317 199.03235 0.0211 0.0 50.0
27.818651 195.23943 0.0212 3.0 50.0
27.818651 199.33513 0.0212 3.0 50.0
27.818651 199.33513 0.0213 0.0 51.0
29.364132 203.12805 0.0213 0.0 51.0
27.818651 199.33513 0.0214 2.0 51.0
27.818651 203.43083 0.0214 2.0 51.0
27.818651 203.43083 0.0215 1.0 52.0
29.364132 207.22375 0.0215 1.0 52.0
29.364132 207.22375 0.0216 0.0 53.0
29.364132 211.31946 0.0216 0.0 53.0
29.364132 207.22375 0.0217 0.0 53.0
30.909613 211.01668 0.0217 0.0 53.0
30.909613 211.01668 0.0218 0.0 54.0
33.77207 213.94603 0.0218 0.0 54.0
30.909613 211.01668 0.0219 0.0 54.0
32.455093 214.8096 0.0219 0.0 54.0
27.818651 203.43083 0.0220 1.0 52.0
27.818651 207.52654 0.0220 1.0 52.0
27.818651 207.52654 0.0221 0.0 53.0
26.27317 211.31946 0.0221 0.0 53.0
27.818651 207.52654 0.0222 0.0 53.0
27.818651 211.62224 0.0222 0.0 53.0
27.818651 211.62224 0.0223 0.0 54.0
29.364132 215.41516 0.0223 0.0 54.0
27.818651 211.62224 0.0224 0.0 54.0
27.818651 215.71794 0.0224 0.0 54.0
27.818651 178.85661 0.0225 7.0 46.0
29.364132 182.64954 0.0225 7.0 46.0
29.364132 182.64954 0.0226 0.0 47.0
29.364132 186.74524 0.0226 0.0 47.0
29.364132 182.64954 0.0227 6.0 47.0
30.909613 186.44246 0.0227 6.0 47.0
30.909613 186.44246 0.0228 0.0 48.0
33.77207 189.37181 0.0228 0.0 48.0
30.909613 186.44246 0.0229 5.0 48.0
32.455093 190.23538 0.0229 5.0 48.0
32.455093 190.23538 0.0230 1.0 49.0
32.455093 194.33109 0.0230 1.0 49.0
32.455093 194.33109 0.0231 0.0 50.0
30.909613 198.12401 0.0231 0.0 50.0
32.455093 194.33109 0.0232 0.0 50.0
32.455093 198.42679 0.0232 0.0 50.0
32.455093 198.42679 0.0233 0.0 51.0
34.000572 202.21971 0.0233 0.0 51.0
32.455093 198.42679 0.0234 0.0 51.0
32.455093 202.52249 0.0234 0.0 51.0
32.455093 190.23538 0.0235 4.0 49.0
34.000572 194.0283 0.0235 4.0 49.0
34.000572 194.0283 0.0236 0.0 50.0
34.000572 198.12401 0.0236 0.0 50.0
34.000572 194.0283 0.0237 3.0 50.0
35.54605 197.82123 0.0237 3.0 50.0
35.54605 197.82123 0.0238 0.0 51.0
38.40851 200.75058 0.0238 0.0 51.0
35.54605 197.82123 0.0239 2.0 51.0
37.09153 201.61415 0.0239 2.0 51.0
37.09153 201.61415 0.0240 1.0 52.0
39.953987 204.5435 0.0240 1.0 52.0
39.953987 204.5435 0.0241 0.0 53.0
41.499466 208.33643 0.0241 0.0 53.0
39.953987 204.5435 0.0242 0.0 53.0
42.816444 207.47285 0.0242 0.0 53.0
42.816444 207.47285 0.0243 0.0 54.0
46.572662 209.10553 0.0243 0.0 54.0
42.816444 207.47285 0.0244 0.0 54.0
45.6789 210.4022 0.0244 0.0 54.0
37.09153 201.61415 0.0245 1.0 52.0
38.63701 205.40707 0.0245 1.0 52.0
38.63701 205.40707 0.0246 0.0 53.0
38.63701 209.50278 0.0246 0.0 53.0
38.63701 205.40707 0.0247 0.0 53.0
40.182487 209.2 0.0247 0.0 53.0
40.182487 209.2 0.0248 0.0 54.0
43.044945 212.12935 0.0248 0.0 54.0
40.182487 209.2 0.0249 0.0 54.0
41.727966 212.99292 0.0249 0.0 54.0
0.0 110.58399 0.0250 52.0 28.0
0.0 114.679695 0.0250 52.0 28.0
0.0 114.679695 0.0251 0.0 29.0
-1.5454806 118.47262 0.0251 0.0 29.0
0.0 114.679695 0.0252 51.0 29.0
0.0 118.7754 0.0252 51.0 29.0
0.0 118.7754 0.0253 0.0 30.0
1.5454806 122.56832 0.0253 0.0 30.0
0.0 118.7754 0.0254 50.0 30.0
0.0 122.8711 0.0254 50.0 30.0
0.0 122.8711 0.0255 1.0 31.0
-1.5454806 126.664024 0.0255 1.0 31.0
-1.5454806 126.664024 0.0256 0.0 32.0
-4.4079394 129.59338 0.0256 0.0 32.0
-1.5454806 126.664024 0.0257 0.0 32.0
-3.0909612 130.45695 0.0257 0.0 32.0
-3.0909612 130.45695 0.0258 0.0 33.0
-3.0909612 134.55266 0.0258 0.0 33.0
-3.0909612 130.45695 0.0259 0.0 33.0
-4.6364417 134.24988 0.0259 0.0 33.0
0.0 122.8711 0.0260 49.0 31.0
0.0 126.966805 0.0260 49.0 31.0
0.0 126.966805 0.0261 0.0 32.0
-1.5454806 130.75974 0.0261 0.0 32.0
0.0 126.966805 0.0262 48.0 32.0
0.0 131.06252 0.0262 48.0 32.0
0.0 131.06252 0.0263 0.0 33.0
1.5454806 134.85544 0.0263 0.0 33.0
0.0 131.06252 0.0264 47.0 33.0
0.0 135.15822 0.0264 47.0 33.0
0.0 135.15822 0.0265 1.0 34.0
1.5454806 138.95114 0.0265 1.0 34.0
1.5454806 138.95114 0.0266 0.0 35.0
1.5454806 143.04684 0.0266 0.0 35.0
1.5454806 138.95114 0.0267 0.0 35.0
3.0909612 142.74406 0.0267 0.0 35.0
3.0909612 142.74406 0.0268 0.0 36.0
5.95342 145.67342 0.0268 0.0 36.0
3.0909612 142.74406 0.0269 0.0 36.0
4.6364417 146.53699 0.0269 0.0 36.0
0.0 135.15822 0.0270 46.0 34.0
0.0 139.25392 0.0270 46.0 34.0
0.0 139.25392 0.0271 0.0 35.0
-1.5454806 143.04684 0.0271 0.0 35.0
0.0 139.25392 0.0272 45.0 35.0
0.0 143.34962 0.0272 45.0 35.0
0.0 143.34962 0.0273 0.0 36.0
1.5454806 147.14255 0.0273 0.0 36.0
0.0 143.34962 0.0274 44.0 36.0
0.0 147.44533 0.0274 44.0 36.0
0.0 147.44533 0.0275 7.0 37.0
1.5454806 151.23825 0.0275 7.0 37.0
1.5454806 151.23825 0.0276 0.0 38.0
1.5454806 155.33395 0.0276 0.0 38.0
1.5454806 151.23825 0.0277 6.0 38.0
3.0909612 155.03117 0.0277 6.0 38.0
3.0909612 155.03117 0.0278 0.0 39.0
5.95342 157.96053 0.0278 0.0 39.0
3.0909612 155.03117 0.0279 5.0 39.0
4.6364417 158.8241 0.0279 5.0 39.0
4.6364417 158.8241 0.0280 1.0 40.0
4.6364417 162.9198 0.0280 1.0 40.0
4.6364417 162.9198 0.0281 0.0 41.0
3.090961 166.71272 0.0281 0.0 41.0
4.6364417 162.9198 0.0282 0.0 41.0
4.6364417 167.0155 0.0282 0.0 41.0
4.6364417 167.0155 0.0283 0.0 42.0
6.1819224 170.80843 0.0283 0.0 42.0
4.6364417 167.0155 0.0284 0.0 42.0
4.6364417 171.1112 0.0284 0.0 42.0
4.6364417 158.8241 0.0285 4.0 40.0
6.1819224 162.61702 0.0285 4.0 40.0
6.1819224 162.61702 0.0286 0.0 41.0
6.1819224 166.71272 0.0286 0.0 41.0
6.1819224 162.61702 0.0287 3.0 41.0
7.727403 166.40994 0.0287 3.0 41.0
7.727403 166.40994 0.0288 0.0 42.0
10.589862 169.3393 0.0288 0.0 42.0
7.727403 166.40994 0.0289 2.0 42.0
9.272883 170.20287 0.0289 2.0 42.0
9.272883 170.20287 0.0290 1.0 43.0
12.135343 173.13222 0.0290 1.0 43.0
12.135343 173.13222 0.0291 0.0 44.0
13.680823 176.92514 0.0291 0.0 44.0
12.135343 173.13222 0.0292 0.0 44.0
14.997802 176.06157 0.0292 0.0 44.0
14.997802 176.06157 0.0293 0.0 45.0
18.754019 177.69424 0.0293 0.0 45.0
14.997802 176.06157 0.0294 0.0 45.0
17.86026 178.99092 0.0294 0.0 45.0
9.272883 170.20287 0.0295 1.0 43.0
10.818364 173.99579 0.0295 1.0 43.0
10.818364 173.99579 0.0296 0.0 44.0
10.818364 178.09149 0.0296 0.0 44.0
10.818364 173.99579 0.0297 0.0 44.0
12.363845 177.78871 0.0297 0.0 44.0
12.363845 177.78871 0.0298 0.0 45.0
15.226304 180.71806 0.0298 0.0 45.0
12.363845 177.78871 0.0299 0.0 45.0
13.909326 181.58163 0.0299 0.0 45.0
0.0 147.44533 0.0300 43.0 37.0
0.0 151.54103 0.0300 43.0 37.0
0.0 151.54103 0.0301 0.0 38.0
-1.5454806 155.33395 0.0301 0.0 38.0
0.0 151.54103 0.0302 42.0 38.0
0.0 155.63673 0.0302 42.0 38.0
0.0 155.63673 0.0303 0.0 39.0
1.5454806 159.42966 0.0303 0.0 39.0
0.0 155.63673 0.0304 41.0 39.0
0.0 159.73244 0.0304 41.0 39.0
0.0 159.73244 0.0305 1.0 40.0
-1.5454806 163.52536 0.0305 1.0 40.0
-1.5454806 163.52536 0.0306 0.0 41.0
-4.4079394 166.45471 0.0306 0.0 41.0
-1.5454806 163.52536 0.0307 0.0 41.0
-3.0909612 167.31828 0.0307 0.0 41.0
-3.0909612 167.31828 0.0308 0.0 42.0
-3.0909612 171.41399 0.0308 0.0 42.0
-3.0909612 167.31828 0.0309 0.0 42.0
-4.6364417 171.1112 0.0309 0.0 42.0
0.0 159.73244 0.0310 40.0 40.0
0.0 163.82814 0.0310 40.0 40.0
0.0 163.82814 0.0311 0.0 41.0
-1.5454806 167.62106 0.0311 0.0 41.0
0.0 163.82814 0.0312 39.0 41.0
0.0 167.92384 0.0312 39.0 41.0
0.0 167.92384 0.0313 0.0 42.0
1.5454806 171.71677 0.0313 0.0 42.0
0.0 167.92384 0.0314 38.0 42.0
0.0 172.01955 0.0314 38.0 42.0
0.0 172.01955 0.0315 1.0 43.0
1.5454806 175.81247 0.0315 1.0 43.0
1.5454806 175.81247 0.0316 0.0 44.0
1.5454806 179.90817 0.0316 0.0 44.0
1.5454806 175.81247 0.0317 0.0 44.0
3.0909612 179.6054 0.0317 0.0 44.0
3.0909612 179.6054 0.0318 0.0 45.0
5.95342 182.53474 0.0318 0.0 45.0
3.0909612 179.6054 0.0319 0.0 45.0
4.6364417 183.39832 0.0319 0.0 45.0
0.0 172.01955 0.0320 37.0 43.0
0.0 176.11525 0.0320 37.0 43.0
0.0 176.11525 0.0321 0.0 44.0
-1.5454806 179.90817 0.0321 0.0 44.0
0.0 176.11525 0.0322 36.0 44.0
0.0 180.21095 0.0322 36.0 44.0
0.0 180.21095 0.0323 0.0 45.0
1.5454806 184.00388 0.0323 0.0 45.0
0.0 180.21095 0.0324 35.0 45.0
0.0 184.30666 0.0324 35.0 45.0
0.0 184.30666 0.0325 7.0 46.0
-1.5454806 188.09958 0.0325 7.0 46.0
-1.5454806 188.09958 0.0326 0.0 47.0
-4.4079394 191.02893 0.0326 0.0 47.0
-1.5454806 188.09958 0.0327 6.0 47.0
-3.0909612 191.8925 0.0327 6.0 47.0
-3.0909612 191.8925 0.0328 0.0 48.0
-3.0909612 195.9882 0.0328 0.0 48.0
-3.0909612 191.8925 0.0329 5.0 48.0
-4.6364417 195.68542 0.0329 5.0 48.0
-4.6364417 195.68542 0.0330 1.0 49.0
-7.4989004 198.61478 0.0330 1.0 49.0
-7.4989004 198.61478 0.0331 0.0 50.0
-11.255117 200.24745 0.0331 0.0 50.0
-7.4989004 198.61478 0.0332 0.0 50.0
-10.36136 201.54413 0.0332 0.0 50.0
-10.36136 201.54413 0.0333 0.0 51.0
-11.90684 205.33705 0.0333 0.0 51.0
-10.36136 201.54413 0.0334 0.0 51.0
-13.223819 204.47348 0.0334 0.0 51.0
-4.6364417 195.68542 0.0335 4.0 49.0
-6.1819224 199.47835 0.0335 4.0 49.0
-6.1819224 199.47835 0.0336 0.0 50.0
-9.044381 202.4077 0.0336 0.0 50.0
-6.1819224 199.47835 0.0337 3.0 50.0
-7.727403 203.27127 0.0337 3.0 50.0
-7.727403 203.27127 0.0338 0.0 51.0
-7.727403 207.36697 0.0338 0.0 51.0
-7.727403 203.27127 0.0339 2.0 51.0
-9.272883 207.0642 0.0339 2.0 51.0
-9.272883 207.0642 0.0340 1.0 52.0
-9.272883 211.1599 0.0340 1.0 52.0
-9.272883 211.1599 0.0341 0.0 53.0
-10.818364 214.95282 0.0341 0.0 53.0
-9.272883 211.1599 0.0342 0.0 53.0
-9.272883 215.2556 0.0342 0.0 53.0
-9.272883 215.2556 0.0343 0.0 54.0
-7.7274027 219.04852 0.0343 0.0 54.0
-9.272883 215.2556 0.0344 0.0 54.0
-9.272883 219.3513 0.0344 0.0 54.0
-9.272883 207.0642 0.0345 1.0 52.0
-10.818364 210.85712 0.0345 1.0 52.0
-10.818364 210.85712 0.0346 0.0 53.0
-13.680823 213.78647 0.0346 0.0 53.0
-10.818364 210.85712 0.0347 0.0 53.0
-12.363845 214.65004 0.0347 0.0 53.0
-12.363845 214.65004 0.0348 0.0 54.0
-12.363845 218.74574 0.0348 0.0 54.0
-12.363845 214.65004 0.0349 0.0 54.0
-13.909326 218.44296 0.0349 0.0 54.0
0.0 184.30666 0.0350 34.0 46.0
0.0 188.40236 0.0350 34.0 46.0
0.0 188.40236 0.0351 0.0 47.0
-1.5454806 192.19528 0.0351 0.0 47.0
0.0 188.40236 0.0352 33.0 47.0
0.0 192.49806 0.0352 33.0 47.0
0.0 192.49806 0.0353 0.0 48.0
1.5454806 196.29099 0.0353 0.0 48.0
0.0 192.49806 0.0354 32.0 48.0
0.0 196.59377 0.0354 32.0 48.0
0.0 196.59377 0.0355 1.0 49.0
-1.5454806 200.38669 0.0355 1.0 49.0
-1.5454806 200.38669 0.0356 0.0 50.0
-4.4079394 203.31604 0.0356 0.0 50.0
-1.5454806 200.38669 0.0357 0.0 50.0
-3.0909612 204.17961 0.0357 0.0 50.0
-3.0909612 204.17961 0.0358 0.0 51.0
-3.0909612 208.27531 0.0358 0.0 51.0
-3.0909612 204.17961 0.0359 0.0 51.0
-4.6364417 207.97253 0.0359 0.0 51.0
0.0 196.59377 0.0360 31.0 49.0
0.0 200.68947 0.0360 31.0 49.0
0.0 200.68947 0.0361 0.0 50.0
-1.5454806 204.48239 0.0361 0.0 50.0
0.0 200.68947 0.0362 30.0 50.0
0.0 204.78517 0.0362 30.0 50.0
0.0 204.78517 0.0363 0.0 51.0
1.5454806 208.5781 0.0363 0.0 51.0
0.0 204.78517 0.0364 29.0 51.0
0.0 208.88087 0.0364 29.0 51.0
0.0 208.88087 0.0365 1.0 52.0
1.5454806 212.6738 0.0365 1.0 52.0
1.5454806 212.6738 0.0366 0.0 53.0
1.5454806 216.7695 0.0366 0.0 53.0
1.5454806 212.6738 0.0367 0.0 53.0
3.0909612 216.46672 0.0367 0.0 53.0
3.0909612 216.46672 0.0368 0.0 54.0
5.95342 219.39607 0.0368 0.0 54.0
3.0909612 216.46672 0.0369 0.0 54.0
4.6364417 220.25964 0.0369 0.0 54.0
0.0 208.88087 0.0370 28.0 52.0
0.0 212.97658 0.0370 28.0 52.0
0.0 212.97658 0.0371 0.0 53.0
-1.5454806 216.7695 0.0371 0.0 53.0
0.0 212.97658 0.0372 27.0 53.0
0.0 217.07228 0.0372 27.0 53.0
0.0 217.07228 0.0373 0.0 54.0
1.5454806 220.8652 0.0373 0.0 54.0
0.0 217.07228 0.0374 26.0 54.0
0.0 221.16798 0.0374 26.0 54.0
0.0 221.16798 0.0375 25.0 55.0
1.5454806 224.9609 0.0375 25.0 55.0
1.5454806 224.9609 0.0376 0.0 56.0
1.5454806 229.05661 0.0376 0.0 56.0
1.5454806 224.9609 0.0377 24.0 56.0
3.0909612 228.75383 0.0377 24.0 56.0
3.0909612 228.75383 0.0378 0.0 57.0
5.95342 231.68318 0.0378 0.0 57.0
3.0909612 228.75383 0.0379 23.0 57.0
4.6364417 232.54675 0.0379 23.0 57.0
4.6364417 232.54675 0.0380 1.0 58.0
4.6364417 236.64246 0.0380 1.0 58.0
4.6364417 236.64246 0.0381 0.0 59.0
3.090961 240.43538 0.0381 0.0 59.0
4.6364417 236.64246 0.0382 0.0 59.0
4.6364417 240.73816 0.0382 0.0 59.0
4.6364417 240.73816 0.0383 0.0 60.0
6.1819224 244.53108 0.0383 0.0 60.0
4.6364417 240.73816 0.0384 0.0 60.0
4.6364417 244.83386 0.0384 0.0 60.0
4.6364417 232.54675 0.0385 22.0 58.0
6.1819224 236.33968 0.0385 22.0 58.0
6.1819224 236.33968 0.0386 0.0 59.0
6.1819224 240.43538 0.0386 0.0 59.0
6.1819224 236.33968 0.0387 21.0 59.0
7.727403 240.1326 0.0387 21.0 59.0
7.727403 240.1326 0.0388 0.0 60.0
10.589862 243.06195 0.0388 0.0 60.0
7.727403 240.1326 0.0389 20.0 60.0
9.272883 243.92552 0.0389 20.0 60.0
9.272883 243.92552 0.0390 1.0 61.0
12.135343 246.85487 0.0390 1.0 61.0
12.135343 246.85487 0.0391 0.0 62.0
13.680823 250.6478 0.0391 0.0 62.0
12.135343 246.85487 0.0392 0.0 62.0
14.997802 249.78423 0.0392 0.0 62.0
14.997802 249.78423 0.0393 0.0 63.0
18.754019 251.4169 0.0393 0.0 63.0
14.997802 249.78423 0.0394 0.0 63.0
17.86026 252.71358 0.0394 0.0 63.0
9.272883 243.92552 0.0395 19.0 61.0
10.818364 247.71844 0.0395 19.0 61.0
10.818364 247.71844 0.0396 0.0 62.0
10.818364 251.81415 0.0396 0.0 62.0
10.818364 247.71844 0.0397 18.0 62.0
12.363845 251.51137 0.0397 18.0 62.0
12.363845 251.51137 0.0398 0.0 63.0
15.226304 254.44072 0.0398 0.0 63.0
12.363845 251.51137 0.0399 17.0 63.0
13.909326 255.30429 0.0399 17.0 63.0
13.909326 255.30429 0.0400 7.0 64.0
16.771784 258.23364 0.0400 7.0 64.0
16.771784 258.23364 0.0401 0.0 65.0
18.317265 262.02658 0.0401 0.0 65.0
16.771784 258.23364 0.0402 6.0 65.0
19.634243 261.163 0.0402 6.0 65.0
19.634243 261.163 0.0403 0.0 66.0
23.390461 262.79565 0.0403 0.0 66.0
19.634243 261.163 0.0404 5.0 66.0
22.496702 264.09235 0.0404 5.0 66.0
22.496702 264.09235 0.0405 1.0 67.0
24.042183 267.88528 0.0405 1.0 67.0
24.042183 267.88528 0.0406 0.0 68.0
24.042183 271.981 0.0406 0.0 68.0
24.042183 267.88528 0.0407 0.0 68.0
25.587664 271.67822 0.0407 0.0 68.0
25.587664 271.67822 0.0408 0.0 69.0
28.450123 274.60757 0.0408 0.0 69.0
25.587664 271.67822 0.0409 0.0 69.0
27.133144 275.47116 0.0409 0.0 69.0
22.496702 264.09235 0.0410 4.0 67.0
25.359161 267.0217 0.0410 4.0 67.0
25.359161 267.0217 0.0411 0.0 68.0
26.904642 270.81464 0.0411 0.0 68.0
25.359161 267.0217 0.0412 3.0 68.0
28.22162 269.95105 0.0412 3.0 68.0
28.22162 269.95105 0.0413 0.0 69.0
31.977837 271.5837 0.0413 0.0 69.0
28.22162 269.95105 0.0414 2.0 69.0
31.08408 272.8804 0.0414 2.0 69.0
31.08408 272.8804 0.0415 1.0 70.0
34.840298 274.51306 0.0415 1.0 70.0
34.840298 274.51306 0.0416 0.0 71.0
37.70276 277.4424 0.0416 0.0 71.0
34.840298 274.51306 0.0417 0.0 71.0
38.596516 276.14572 0.0417 0.0 71.0
38.596516 276.14572 0.0418 0.0 72.0
42.691128 276.24033 0.0418 0.0 72.0
38.596516 276.14572 0.0419 0.0 72.0
42.352734 277.77838 0.0419 0.0 72.0
31.08408 272.8804 0.0420 1.0 70.0
33.946537 275.80975 0.0420 1.0 70.0
33.946537 275.80975 0.0421 0.0 71.0
35.492016 279.6027 0.0421 0.0 71.0
33.946537 275.80975 0.0422 0.0 71.0
36.808994 278.7391 0.0422 0.0 71.0
36.808994 278.7391 0.0423 0.0 72.0
40.565212 280.37177 0.0423 0.0 72.0
36.808994 278.7391 0.0424 0.0 72.0
39.67145 281.66846 0.0424 0.0 72.0
13.909326 255.30429 0.0425 16.0 64.0
15.454806 259.09723 0.0425 16.0 64.0
15.454806 259.09723 0.0426 0.0 65.0
15.454806 263.19293 0.0426 0.0 65.0
15.454806 259.09723 0.0427 15.0 65.0
17.000286 262.89017 0.0427 15.0 65.0
17.000286 262.89017 0.0428 0.0 66.0
19.862745 265.81952 0.0428 0.0 66.0
17.000286 262.89017 0.0429 14.0 66.0
18.545767 266.6831 0.0429 14.0 66.0
18.545767 266.6831 0.0430 1.0 67.0
18.545767 270.7788 0.0430 1.0 67.0
18.545767 270.7788 0.0431 0.0 68.0
17.000286 274.57175 0.0431 0.0 68.0
18.545767 270.7788 0.0432 0.0 68.0
18.545767 274.8745 0.0432 0.0 68.0
18.545767 274.8745 0.0433 0.0 69.0
20.091248 278.66745 0.0433 0.0 69.0
18.545767 274.8745 0.0434 0.0 69.0
18.545767 278.9702 0.0434 0.0 69.0
18.545767 266.6831 0.0435 13.0 67.0
20.091248 270.47604 0.0435 13.0 67.0
20.091248 270.47604 0.0436 0.0 68.0
20.091248 274.57175 0.0436 0.0 68.0
20.091248 270.47604 0.0437 12.0 68.0
21.636728 274.26898 0.0437 12.0 68.0
21.636728 274.26898 0.0438 0.0 69.0
24.499187 277.19833 0.0438 0.0 69.0
21.636728 274.26898 0.0439 11.0 69.0
23.182209 278.06192 0.0439 11.0 69.0
23.182209 278.06192 0.0440 1.0 70.0
26.044668 280.99127 0.0440 1.0 70.0
26.044668 280.99127 0.0441 0.0 71.0
27.590149 284.7842 0.0441 0.0 71.0
26.044668 280.99127 0.0442 0.0 71.0
28.907127 283.92062 0.0442 0.0 71.0
28.907127 283.92062 0.0443 0.0 72.0
32.663345 285.55328 0.0443 0.0 72.0
28.907127 283.92062 0.0444 0.0 72.0
31.769587 286.84998 0.0444 0.0 72.0
23.182209 278.06192 0.0445 10.0 70.0
24.72769 281.85486 0.0445 10.0 70.0
24.72769 281.85486 0.0446 0.0 71.0
24.72769 285.95056 0.0446 0.0 71.0
24.72769 281.85486 0.0447 9.0 71.0
26.27317 285.6478 0.0447 9.0 71.0
26.27317 285.6478 0.0448 0.0 72.0
29.13563 288.57715 0.0448 0.0 72.0
26.27317 285.6478 0.0449 8.0 72.0
27.818651 289.44073 0.0449 8.0 72.0
27.818651 289.44073 0.0450 7.0 73.0
27.818651 293.53644 0.0450 7.0 73.0
27.818651 293.53644 0.0451 0.0 74.0
26.27317 297.32938 0.0451 0.0 74.0
27.818651 293.53644 0.0452 6.0 74.0
27.818651 297.63214 0.0452 6.0 74.0
27.818651 297.63214 0.0453 0.0 75.0
29.364132 301.42508 0.0453 0.0 75.0
27.818651 297.63214 0.0454 5.0 75.0
27.818651 301.72784 0.0454 5.0 75.0
27.818651 301.72784 0.0455 1.0 76.0
26.27317 305.52078 0.0455 1.0 76.0
26.27317 305.52078 0.0456 0.0 77.0
23.410711 308.45013 0.0456 0.0 77.0
26.27317 305.52078 0.0457 0.0 77.0
24.72769 309.31372 0.0457 0.0 77.0
24.72769 309.31372 0.0458 0.0 78.0
24.72769 313.40942 0.0458 0.0 78.0
24.72769 309.31372 0.0459 0.0 78.0
23.182209 313.10666 0.0459 0.0 78.0
27.818651 301.72784 0.0460 4.0 76.0
27.818651 305.82355 0.0460 4.0 76.0
27.818651 305.82355 0.0461 0.0 77.0
26.27317 309.6165 0.0461 0.0 77.0
27.818651 305.82355 0.0462 3.0 77.0
27.818651 309.91925 0.0462 3.0 77.0
27.818651 309.91925 0.0463 0.0 78.0
29.364132 313.7122 0.0463 0.0 78.0
27.818651 309.91925 0.0464 2.0 78.0
27.818651 314.01495 0.0464 2.0 78.0
27.818651 314.01495 0.0465 1.0 79.0
29.364132 317.8079 0.0465 1.0 79.0
29.364132 317.8079 0.0466 0.0 80.0
29.364132 321.9036 0.0466 0.0 80.0
29.364132 317.8079 0.0467 0.0 80.0
30.909613 321.60083 0.0467 0.0 80.0
30.909613 321.60083 0.0468 0.0 81.0
33.77207 324.53018 0.0468 0.0 81.0
30.909613 321.60083 0.0469 0.0 81.0
32.455093 325.39377 0.0469 0.0 81.0
27.818651 314.01495 0.0470 1.0 79.0
27.818651 318.11066 0.0470 1.0 79.0
27.818651 318.11066 0.0471 0.0 80.0
26.27317 321.9036 0.0471 0.0 80.0
27.818651 318.11066 0.0472 0.0 80.0
27.818651 322.20636 0.0472 0.0 80.0
27.818651 322.20636 0.0473 0.0 81.0
29.364132 325.9993 0.0473 0.0 81.0
27.818651 322.20636 0.0474 0.0 81.0
27.818651 326.30206 0.0474 0.0 81.0
27.818651 289.44073 0.0475 7.0 73.0
29.364132 293.23367 0.0475 7.0 73.0
29.364132 293.23367 0.0476 0.0 74.0
29.364132 297.32938 0.0476 0.0 74.0
29.364132 293.23367 0.0477 6.0 74.0
30.909613 297.0266 0.0477 6.0 74.0
30.909613 297.0266 0.0478 0.0 75.0
33.77207 299.95596 0.0478 0.0 75.0
30.909613 297.0266 0.0479 5.0 75.0
32.455093 300.81955 0.0479 5.0 75.0
32.455093 300.81955 0.0480 1.0 76.0
32.455093 304.91525 0.0480 1.0 76.0
32.455093 304.91525 0.0481 0.0 77.0
30.909613 308.7082 0.0481 0.0 77.0
32.455093 304.91525 0.0482 0.0 77.0
32.455093 309.01096 0.0482 0.0 77.0
32.455093 309.01096 0.0483 0.0 78.0
34.000572 312.8039 0.0483 0.0 78.0
32.455093 309.01096 0.0484 0.0 78.0
32.455093 313.10666 0.0484 0.0 78.0
32.455093 300.81955 0.0485 4.0 76.0
34.000572 304.6125 0.0485 4.0 76.0
34.000572 304.6125 0.0486 0.0 77.0
34.000572 308.7082 0.0486 0.0 77.0
34.000572 304.6125 0.0487 3.0 77.0
35.54605 308.40543 0.0487 3.0 77.0
35.54605 308.40543 0.0488 0.0 78.0
38.40851 311.33478 0.0488 0.0 78.0
35.54605 308.40543 0.0489 2.0 78.0
37.09153 312.19836 0.0489 2.0 78.0
37.09153 312.19836 0.0490 1.0 79.0
39.953987 315.12772 0.0490 1.0 79.0
39.953987 315.12772 0.0491 0.0 80.0
41.499466 318.92065 0.0491 0.0 80.0
39.953987 315.12772 0.0492 0.0 80.0
42.816444 318.05707 0.0492 0.0 80.0
42.816444 318.05707 0.0493 0.0 81.0
46.572662 319.68973 0.0493 0.0 81.0
42.816444 318.05707 0.0494 0.0 81.0
45.6789 320.98642 0.0494 0.0 81.0
37.09153 312.19836 0.0495 1.0 79.0
38.63701 315.9913 0.0495 1.0 79.0
38.63701 315.9913 0.0496 0.0 80.0
38.63701 320.087 0.0496 0.0 80.0
38.63701 315.9913 0.0497 0.0 80.0
40.182487 319.78424 0.0497 0.0 80.0
40.182487 319.78424 0.0498 0.0 81.0
43.044945 322.7136 0.0498 0.0 81.0
40.182487 319.78424 0.0499 0.0 81.0
41.727966 323.57718 0.0499 0.0 81.0
0.0 221.16798 0.0500 25.0 55.0
0.0 225.26369 0.0500 25.0 55.0
0.0 225.26369 0.0501 0.0 56.0
-1.5454806 229.05661 0.0501 0.0 56.0
0.0 225.26369 0.0502 24.0 56.0
0.0 229.35939 0.0502 24.0 56.0
0.0 229.35939 0.0503 0.0 57.0
1.5454806 233.15231 0.0503 0.0 57.0
0.0 229.35939 0.0504 23.0 57.0
0.0 233.4551 0.0504 23.0 57.0
0.0 233.4551 0.0505 1.0 58.0
-1.5454806 237.24802 0.0505 1.0 58.0
-1.5454806 237.24802 0.0506 0.0 59.0
-4.4079394 240.17737 0.0506 0.0 59.0
-1.5454806 237.24802 0.0507 0.0 59.0
-3.0909612 241.04094 0.0507 0.0 59.0
-3.0909612 241.04094 0.0508 0.0 60.0
-3.0909612 245.13664 0.0508 0.0 60.0
-3.0909612 241.04094 0.0509 0.0 60.0
-4.6364417 244.83386 0.0509 0.0 60.0
0.0 233.4551 0.0510 22.0 58.0
0.0 237.5508 0.0510 22.0 58.0
0.0 237.5508 0.0511 0.0 59.0
-1.5454806 241.34372 0.0511 0.0 59.0
0.0 237.5508 0.0512 21.0 59.0
0.0 241.6465 0.0512 21.0 59.0
0.0 241.6465 0.0513 0.0 60.0
1.5454806 245.43942 0.0513 0.0 60.0
0.0 241.6465 0.0514 20.0 60.0
0.0 245.7422 0.0514 20.0 60.0
0.0 245.7422 0.0515 1.0 61.0
1.5454806 249.53513 0.0515 1.0 61.0
1.5454806 249.53513 0.0516 0.0 62.0
1.5454806 253.63083 0.0516 0.0 62.0
1.5454806 249.53513 0.0517 0.0 62.0
3.0909612 253.32805 0.0517 0.0 62.0
3.0909612 253.32805 0.0518 0.0 63.0
5.95342 256.25742 0.0518 0.0 63.0
3.0909612 253.32805 0.0519 0.0 63.0
4.6364417 257.12097 0.0519 0.0 63.0
0.0 245.7422 0.0520 19.0 61.0
0.0 249.8379 0.0520 19.0 61.0
0.0 249.8379 0.0521 0.0 62.0
-1.5454806 253.63083 0.0521 0.0 62.0
0.0 249.8379 0.0522 18.0 62.0
0.0 253.93361 0.0522 18.0 62.0
0.0 253.93361 0.0523 0.0 63.0
1.5454806 257.72653 0.0523 0.0 63.0
0.0 253.93361 0.0524 17.0 63.0
0.0 258.02933 0.0524 17.0 63.0
0.0 258.02933 0.0525 7.0 64.0
1.5454806 261.82227 0.0525 7.0 64.0
1.5454806 261.82227 0.0526 0.0 65.0
1.5454806 265.91797 0.0526 0.0 65.0
1.5454806 261.82227 0.0527 6.0 65.0
3.0909612 265.6152 0.0527 6.0 65.0
3.0909612 265.6152 0.0528 0.0 66.0
5.95342 268.54456 0.0528 0.0 66.0
3.0909612 265.6152 0.0529 5.0 66.0
4.6364417 269.40814 0.0529 5.0 66.0
4.6364417 269.40814 0.0530 1.0 67.0
4.6364417 273.50385 0.0530 1.0 67.0
4.6364417 273.50385 0.0531 0.0 68.0
3.090961 277.29678 0.0531 0.0 68.0
4.6364417 273.50385 0.0532 0.0 68.0
4.6364417 277.59955 0.0532 0.0 68.0
4.6364417 277.59955 0.0533 0.0 69.0
6.1819224 281.3925 0.0533 0.0 69.0
4.6364417 277.59955 0.0534 0.0 69.0
4.6364417 281.69525 0.0534 0.0 69.0
4.6364417 269.40814 0.0535 4.0 67.0
6.1819224 273.20108 0.0535 4.0 67.0
6.1819224 273.20108 0.0536 0.0 68.0
6.1819224 277.29678 0.0536 0.0 68.0
6.1819224 273.20108 0.0537 3.0 68.0
7.727403 276.99402 0.0537 3.0 68.0
7.727403 276.99402 0.0538 0.0 69.0
10.589862 279.92337 0.0538 0.0 69.0
7.727403 276.99402 0.0539 2.0 69.0
9.272883 280.78696 0.0539 2.0 69.0
9.272883 280.78696 0.0540 1.0 70.0
12.135343 283.7163 0.0540 1.0 70.0
12.135343 283.7163 0.0541 0.0 71.0
13.680823 287.50925 0.0541 0.0 71.0
12.135343 283.7163 0.0542 0.0 71.0
14.997802 286.64566 0.0542 0.0 71.0
14.997802 286.64566 0.0543 0.0 72.0
18.754019 288.27832 0.0543 0.0 72.0
14.997802 286.64566 0.0544 0.0 72.0
17.86026 289.575 0.0544 0.0 72.0
9.272883 280.78696 0.0545 1.0 70.0
10.818364 284.5799 0.0545 1.0 70.0
10.818364 284.5799 0.0546 0.0 71.0
10.818364 288.6756 0.0546 0.0 71.0
10.818364 284.5799 0.0547 0.0 71.0
12.363845 288.37283 0.0547 0.0 71.0
12.363845 288.37283 0.0548 0.0 72.0
15.226304 291.3022 0.0548 0.0 72.0
12.363845 288.37283 0.0549 0.0 72.0
13.909326 292.16577 0.0549 0.0 72.0
0.0 258.02933 0.0550 16.0 64.0
0.0 262.12503 0.0550 16.0 64.0
0.0 262.12503 0.0551 0.0 65.0
-1.5454806 265.91797 0.0551 0.0 65.0
0.0 262.12503 0.0552 15.0 65.0
0.0 266.22073 0.0552 15.0 65.0
0.0 266.22073 0.0553 0.0 66.0
1.5454806 270.01367 0.0553 0.0 66.0
0.0 266.22073 0.0554 14.0 66.0
0.0 270.31644 0.0554 14.0 66.0
0.0 270.31644 0.0555 1.0 67.0
-1.5454806 274.10938 0.0555 1.0 67.0
-1.5454806 274.10938 0.0556 0.0 68.0
-4.4079394 277.03873 0.0556 0.0 68.0
-1.5454806 274.10938 0.0557 0.0 68.0
-3.0909612 277.9023 0.0557 0.0 68.0
-3.0909612 277.9023 0.0558 0.0 69.0
-3.0909612 281.99802 0.0558 0.0 69.0
-3.0909612 277.9023 0.0559 0.0 69.0
-4.6364417 281.69525 0.0559 0.0 69.0
0.0 270.31644 0.0560 13.0 67.0
0.0 274.41214 0.0560 13.0 67.0
0.0 274.41214 0.0561 0.0 68.0
-1.5454806 278.20508 0.0561 0.0 68.0
0.0 274.41214 0.0562 12.0 68.0
0.0 278.50784 0.0562 12.0 68.0
0.0 278.50784 0.0563 0.0 69.0
1.5454806 282.30078 0.0563 0.0 69.0
0.0 278.50784 0.0564 11.0 69.0
0.0 282.60355 0.0564 11.0 69.0
0.0 282.60355 0.0565 1.0 70.0
1.5454806 286.39648 0.0565 1.0 70.0
1.5454806 286.39648 0.0566 0.0 71.0
1.5454806 290.4922 0.0566 0.0 71.0
1.5454806 286.39648 0.0567 0.0 71.0
3.0909612 290.18942 0.0567 0.0 71.0
3.0909612 290.18942 0.0568 0.0 72.0
5.95342 293.11877 0.0568 0.0 72.0
3.0909612 290.18942 0.0569 0.0 72.0
4.6364417 293.98236 0.0569 0.0 72.0
0.0 282.60355 0.0570 10.0 70.0
0.0 286.69925 0.0570 10.0 70.0
0.0 286.69925 0.0571 0.0 71.0
-1.5454806 290.4922 0.0571 0.0 71.0
0.0 286.69925 0.0572 9.0 71.0
0.0 290.79495 0.0572 9.0 71.0
0.0 290.79495 0.0573 0.0 72.0
1.5454806 294.5879 0.0573 0.0 72.0
0.0 290.79495 0.0574 8.0 72.0
0.0 294.89066 0.0574 8.0 72.0
0.0 294.89066 0.0575 7.0 73.0
-1.5454806 298.6836 0.0575 7.0 73.0
-1.5454806 298.6836 0.0576 0.0 74.0
-4.4079394 301.61295 0.0576 0.0 74.0
-1.5454806 298.6836 0.0577 6.0 74.0
-3.0909612 302.47653 0.0577 6.0 74.0
-3.0909612 302.47653 0.0578 0.0 75.0
-3.0909612 306.57224 0.0578 0.0 75.0
-3.0909612 302.47653 0.0579 5.0 75.0
-4.6364417 306.26947 0.0579 5.0 75.0
-4.6364417 306.26947 0.0580 1.0 76.0
-7.4989004 309.19882 0.0580 1.0 76.0
-7.4989004 309.19882 0.0581 0.0 77.0
-11.255117 310.83148 0.0581 0.0 77.0
-7.4989004 309.19882 0.0582 0.0 77.0
-10.36136 312.12817 0.0582 0.0 77.0
-10.36136 312.12817 0.0583 0.0 78.0
-11.90684 315.9211 0.0583 0.0 78.0
-10.36136 312.12817 0.0584 0.0 78.0
-13.223819 315.05753 0.0584 0.0 78.0
-4.6364417 306.26947 0.0585 4.0 76.0
-6.1819224 310.0624 0.0585 4.0 76.0
-6.1819224 310.0624 0.0586 0.0 77.0
-9.044381 312.99176 0.0586 0.0 77.0
-6.1819224 310.0624 0.0587 3.0 77.0
-7.727403 313.85535 0.0587 3.0 77.0
-7.727403 313.85535 0.0588 0.0 78.0
-7.727403 317.95105 0.0588 0.0 78.0
-7.727403 313.85535 0.0589 2.0 78.0
-9.272883 317.6483 0.0589 2.0 78.0
-9.272883 317.6483 0.0590 1.0 79.0
-9.272883 321.744 0.0590 1.0 79.0
-9.272883 321.744 0.0591 0.0 80.0
-10.818364 325.53693 0.0591 0.0 80.0
-9.272883 321.744 0.0592 0.0 80.0
-9.272883 325.8397 0.0592 0.0 80.0
-9.272883 325.8397 0.0593 0.0 81.0
-7.7274027 329.63263 0.0593 0.0 81.0
-9.272883 325.8397 0.0594 0.0 81.0
-9.272883 329.9354 0.0594 0.0 81.0
-9.272883 317.6483 0.0595 1.0 79.0
-10.818364 321.44122 0.0595 1.0 79.0
-10.818364 321.44122 0.0596 0.0 80.0
-13.680823 324.37057 0.0596 0.0 80.0
-10.818364 321.44122 0.0597 0.0 80.0
-12.363845 325.23416 0.0597 0.0 80.0
-12.363845 325.23416 0.0598 0.0 81.0
-12.363845 329.32986 0.0598 0.0 81.0
-12.363845 325.23416 0.0599 0.0 81.0
-13.909326 329.0271 0.0599 0.0 81.0
0.0 294.89066 0.0600 7.0 73.0
0.0 298.98636 0.0600 7.0 73.0
0.0 298.98636 0.0601 0.0 74.0
-1.5454806 302.7793 0.0601 0.0 74.0
0.0 298.98636 0.0602 6.0 74.0
0.0 303.08206 0.0602 6.0 74.0
0.0 303.08206 0.0603 0.0 75.0
1.5454806 306.875 0.0603 0.0 75.0
0.0 303.08206 0.0604 5.0 75.0
0.0 307.17776 0.0604 5.0 75.0
0.0 307.17776 0.0605 1.0 76.0
-1.5454806 310.9707 0.0605 1.0 76.0
-1.5454806 310.9707 0.0606 0.0 77.0
-4.4079394 313.90005 0.0606 0.0 77.0
-1.5454806 310.9707 0.0607 0.0 77.0
-3.0909612 314.76364 0.0607 0.0 77.0
-3.0909612 314.76364 0.0608 0.0 78.0
-3.0909612 318.85934 0.0608 0.0 78.0
-3.0909612 314.76364 0.0609 0.0 78.0
-4.6364417 318.55658 0.0609 0.0 78.0
0.0 307.17776 0.0610 4.0 76.0
0.0 311.27347 0.0610 4.0 76.0
0.0 311.27347 0.0611 0.0 77.0
-1.5454806 315.0664 0.0611 0.0 77.0
0.0 311.27347 0.0612 3.0 77.0
0.0 315.36917 0.0612 3.0 77.0
0.0 315.36917 0.0613 0.0 78.0
1.5454806 319.1621 0.0613 0.0 78.0
0.0 315.36917 0.0614 2.0 78.0
0.0 319.46487 0.0614 2.0 78.0
0.0 319.46487 0.0615 1.0 79.0
1.5454806 323.2578 0.0615 1.0 79.0
1.5454806 323.2578 0.0616 0.0 80.0
1.5454806 327.35352 0.0616 0.0 80.0
1.5454806 323.2578 0.0617 0.0 80.0
3.0909612 327.05075 0.0617 0.0 80.0
3.0909612 327.05075 0.0618 0.0 81.0
5.95342 329.9801 0.0618 0.0 81.0
3.0909612 327.05075 0.0619 0.0 81.0
4.6364417 330.8437 0.0619 0.0 81.0
0.0 319.46487 0.0620 1.0 79.0
0.0 323.56058 0.0620 1.0 79.0
0.0 323.56058 0.0621 0.0 80.0
-1.5454806 327.35352 0.0621 0.0 80.0
0.0 323.56058 0.0622 0.0 80.0
0.0 327.65628 0.0622 0.0 80.0
0.0 327.65628 0.0623 0.0 81.0
1.5454806 331.44922 0.0623 0.0 81.0
0.0 327.65628 0.0624 0.0 81.0
0.0 331.75198 0.0624 0.0 81.0
