0.0 0.0 0.00 28.0 1.0
0.0 2.970423 0.00 28.0 1.0
0.0 2.970423 0.01 27.0 2.0
0.0 5.940846 0.01 27.0 2.0
0.0 5.940846 0.02 26.0 3.0
0.0 8.911269 0.02 26.0 3.0
0.0 8.911269 0.03 25.0 4.0
0.0 11.881692 0.03 25.0 4.0
0.0 11.881692 0.04 24.0 5.0
0.0 14.852115 0.04 24.0 5.0
0.0 14.852115 0.05 23.0 6.0
0.0 17.822538 0.05 23.0 6.0
0.0 17.822538 0.06 22.0 7.0
0.0 20.792961 0.06 22.0 7.0
0.0 20.792961 0.07 21.0 8.0
0.0 23.763384 0.07 21.0 8.0
0.0 23.763384 0.08 12.0 9.0
-0.85860735 26.60701 0.08 12.0 9.0
-0.85860735 26.60701 0.09 11.0 10.0
-1.7172147 29.450636 0.09 11.0 10.0
-1.7172147 29.450636 0.010 10.0 11.0
-2.575822 32.294262 0.010 10.0 11.0
-2.575822 32.294262 0.011 9.0 12.0
-3.4344294 35.137886 0.011 9.0 12.0
-3.4344294 35.137886 0.012 4.0 13.0
-5.078342 37.611946 0.012 4.0 13.0
-5.078342 37.611946 0.013 3.0 14.0
-6.7222548 40.086006 0.013 3.0 14.0
-6.7222548 40.086006 0.014 0.0 15.0
-9.0111265 41.97928 0.014 0.0 15.0
-9.0111265 41.97928 0.015 0.0 16.0
-11.299998 43.87255 0.015 0.0 16.0
-6.7222548 40.086006 0.016 0.0 15.0
-7.580862 42.92963 0.016 0.0 15.0
-7.580862 42.92963 0.017 0.0 16.0
-8.439469 45.773254 0.017 0.0 16.0
-6.7222548 40.086006 0.018 2.0 15.0
-8.366167 42.560066 0.018 2.0 15.0
-8.366167 42.560066 0.019 1.0 16.0
-10.010079 45.034126 0.019 1.0 16.0
-10.010079 45.034126 0.020 0.0 17.0
-11.653992 47.508186 0.020 0.0 17.0
-11.653992 47.508186 0.021 0.0 18.0
-13.297904 49.982246 0.021 0.0 18.0
-3.4344294 35.137886 0.022 4.0 13.0
-3.4344294 38.10831 0.022 4.0 13.0
-3.4344294 38.10831 0.023 3.0 14.0
-3.4344294 41.078735 0.023 3.0 14.0
-3.4344294 41.078735 0.024 0.0 15.0
-4.293037 43.92236 0.024 0.0 15.0
-4.293037 43.92236 0.025 0.0 16.0
-5.151644 46.765984 0.025 0.0 16.0
-3.4344294 41.078735 0.026 0.0 15.0
-2.575822 43.92236 0.026 0.0 15.0
-2.575822 43.92236 0.027 0.0 16.0
-1.7172148 46.765984 0.027 0.0 16.0
-3.4344294 41.078735 0.028 2.0 15.0
-3.4344294 44.04916 0.028 2.0 15.0
-3.4344294 44.04916 0.029 1.0 16.0
-3.4344294 47.019585 0.029 1.0 16.0
-3.4344294 47.019585 0.030 0.0 17.0
-3.4344294 49.99001 0.030 0.0 17.0
-3.4344294 49.99001 0.031 0.0 18.0
-3.4344294 52.960434 0.031 0.0 18.0
-3.4344294 35.137886 0.032 8.0 13.0
-4.293037 37.98151 0.032 8.0 13.0
-4.293037 37.98151 0.033 7.0 14.0
-5.151644 40.825134 0.033 7.0 14.0
-5.151644 40.825134 0.034 6.0 15.0
-6.0102515 43.66876 0.034 6.0 15.0
-6.0102515 43.66876 0.035 5.0 16.0
-6.868859 46.512383 0.035 5.0 16.0
-6.868859 46.512383 0.036 4.0 17.0
-7.727466 49.356007 0.036 4.0 17.0
-7.727466 49.356007 0.037 3.0 18.0
-8.586074 52.19963 0.037 3.0 18.0
-8.586074 52.19963 0.038 0.0 19.0
-10.229986 54.67369 0.038 0.0 19.0
-10.229986 54.67369 0.039 0.0 20.0
-11.8738985 57.14775 0.039 0.0 20.0
-8.586074 52.19963 0.040 0.0 19.0
-8.586074 55.170055 0.040 0.0 19.0
-8.586074 55.170055 0.041 0.0 20.0
-8.586074 58.14048 0.041 0.0 20.0
-8.586074 52.19963 0.042 2.0 19.0
-9.444681 55.043255 0.042 2.0 19.0
-9.444681 55.043255 0.043 1.0 20.0
-10.303288 57.88688 0.043 1.0 20.0
-10.303288 57.88688 0.044 0.0 21.0
-11.161896 60.730503 0.044 0.0 21.0
-11.161896 60.730503 0.045 0.0 22.0
-12.020503 63.574127 0.045 0.0 22.0
0.0 23.763384 0.046 12.0 9.0
0.85860735 26.60701 0.046 12.0 9.0
0.85860735 26.60701 0.047 11.0 10.0
1.7172147 29.450636 0.047 11.0 10.0
1.7172147 29.450636 0.048 10.0 11.0
2.575822 32.294262 0.048 10.0 11.0
2.575822 32.294262 0.049 9.0 12.0
3.4344294 35.137886 0.049 9.0 12.0
3.4344294 35.137886 0.050 4.0 13.0
3.4344294 38.10831 0.050 4.0 13.0
3.4344294 38.10831 0.051 3.0 14.0
3.4344294 41.078735 0.051 3.0 14.0
3.4344294 41.078735 0.052 0.0 15.0
2.575822 43.92236 0.052 0.0 15.0
2.575822 43.92236 0.053 0.0 16.0
1.7172148 46.765984 0.053 0.0 16.0
3.4344294 41.078735 0.054 0.0 15.0
4.293037 43.92236 0.054 0.0 15.0
4.293037 43.92236 0.055 0.0 16.0
5.151644 46.765984 0.055 0.0 16.0
3.4344294 41.078735 0.056 2.0 15.0
3.4344294 44.04916 0.056 2.0 15.0
3.4344294 44.04916 0.057 1.0 16.0
3.4344294 47.019585 0.057 1.0 16.0
3.4344294 47.019585 0.058 0.0 17.0
3.4344294 49.99001 0.058 0.0 17.0
3.4344294 49.99001 0.059 0.0 18.0
3.4344294 52.960434 0.059 0.0 18.0
3.4344294 35.137886 0.060 4.0 13.0
5.078342 37.611946 0.060 4.0 13.0
5.078342 37.611946 0.061 3.0 14.0
6.7222548 40.086006 0.061 3.0 14.0
6.7222548 40.086006 0.062 0.0 15.0
7.580862 42.92963 0.062 0.0 15.0
7.580862 42.92963 0.063 0.0 16.0
8.439469 45.773254 0.063 0.0 16.0
6.7222548 40.086006 0.064 0.0 15.0
9.0111265 41.97928 0.064 0.0 15.0
9.0111265 41.97928 0.065 0.0 16.0
11.299998 43.87255 0.065 0.0 16.0
6.7222548 40.086006 0.066 2.0 15.0
8.366167 42.560066 0.066 2.0 15.0
8.366167 42.560066 0.067 1.0 16.0
10.010079 45.034126 0.067 1.0 16.0
10.010079 45.034126 0.068 0.0 17.0
11.653992 47.508186 0.068 0.0 17.0
11.653992 47.508186 0.069 0.0 18.0
13.297904 49.982246 0.069 0.0 18.0
3.4344294 35.137886 0.070 8.0 13.0
4.293037 37.98151 0.070 8.0 13.0
4.293037 37.98151 0.071 7.0 14.0
5.151644 40.825134 0.071 7.0 14.0
5.151644 40.825134 0.072 6.0 15.0
6.0102515 43.66876 0.072 6.0 15.0
6.0102515 43.66876 0.073 5.0 16.0
6.868859 46.512383 0.073 5.0 16.0
6.868859 46.512383 0.074 4.0 17.0
7.727466 49.356007 0.074 4.0 17.0
7.727466 49.356007 0.075 3.0 18.0
8.586074 52.19963 0.075 3.0 18.0
8.586074 52.19963 0.076 0.0 19.0
8.586074 55.170055 0.076 0.0 19.0
8.586074 55.170055 0.077 0.0 20.0
8.586074 58.14048 0.077 0.0 20.0
8.586074 52.19963 0.078 0.0 19.0
10.229986 54.67369 0.078 0.0 19.0
10.229986 54.67369 0.079 0.0 20.0
11.8738985 57.14775 0.079 0.0 20.0
8.586074 52.19963 0.080 2.0 19.0
9.444681 55.043255 0.080 2.0 19.0
9.444681 55.043255 0.081 1.0 20.0
10.303288 57.88688 0.081 1.0 20.0
10.303288 57.88688 0.082 0.0 21.0
11.161896 60.730503 0.082 0.0 21.0
11.161896 60.730503 0.083 0.0 22.0
12.020503 63.574127 0.083 0.0 22.0
0.0 23.763384 0.084 20.0 9.0
0.0 26.733807 0.084 20.0 9.0
0.0 26.733807 0.085 19.0 10.0
0.0 29.70423 0.085 19.0 10.0
0.0 29.70423 0.086 18.0 11.0
0.0 32.674652 0.086 18.0 11.0
0.0 32.674652 0.087 17.0 12.0
0.0 35.645077 0.087 17.0 12.0
0.0 35.645077 0.088 16.0 13.0
0.0 38.6155 0.088 16.0 13.0
0.0 38.6155 0.089 15.0 14.0
0.0 41.585926 0.089 15.0 14.0
0.0 41.585926 0.090 14.0 15.0
0.0 44.55635 0.090 14.0 15.0
0.0 44.55635 0.091 13.0 16.0
0.0 47.526775 0.091 13.0 16.0
0.0 47.526775 0.092 12.0 17.0
0.0 50.4972 0.092 12.0 17.0
0.0 50.4972 0.093 11.0 18.0
0.0 53.467625 0.093 11.0 18.0
0.0 53.467625 0.094 10.0 19.0
0.0 56.43805 0.094 10.0 19.0
0.0 56.43805 0.095 9.0 20.0
0.0 59.408474 0.095 9.0 20.0
0.0 59.408474 0.096 4.0 21.0
-0.85860735 62.252098 0.096 4.0 21.0
-0.85860735 62.252098 0.097 3.0 22.0
-1.7172147 65.095726 0.097 3.0 22.0
-1.7172147 65.095726 0.098 0.0 23.0
-3.3611274 67.569786 0.098 0.0 23.0
-3.3611274 67.569786 0.099 0.0 24.0
-5.00504 70.043846 0.099 0.0 24.0
-1.7172147 65.095726 0.0100 0.0 23.0
-1.7172147 68.06615 0.0100 0.0 23.0
-1.7172147 68.06615 0.0101 0.0 24.0
-1.7172147 71.03657 0.0101 0.0 24.0
-1.7172147 65.095726 0.0102 2.0 23.0
-2.575822 67.939354 0.0102 2.0 23.0
-2.575822 67.939354 0.0103 1.0 24.0
-3.4344294 70.78298 0.0103 1.0 24.0
-3.4344294 70.78298 0.0104 0.0 25.0
-4.293037 73.62661 0.0104 0.0 25.0
-4.293037 73.62661 0.0105 0.0 26.0
-5.151644 76.47024 0.0105 0.0 26.0
0.0 59.408474 0.0106 4.0 21.0
0.85860735 62.252098 0.0106 4.0 21.0
0.85860735 62.252098 0.0107 3.0 22.0
1.7172147 65.095726 0.0107 3.0 22.0
1.7172147 65.095726 0.0108 0.0 23.0
1.7172147 68.06615 0.0108 0.0 23.0
1.7172147 68.06615 0.0109 0.0 24.0
1.7172147 71.03657 0.0109 0.0 24.0
1.7172147 65.095726 0.0110 0.0 23.0
3.3611274 67.569786 0.0110 0.0 23.0
3.3611274 67.569786 0.0111 0.0 24.0
5.00504 70.043846 0.0111 0.0 24.0
1.7172147 65.095726 0.0112 2.0 23.0
2.575822 67.939354 0.0112 2.0 23.0
2.575822 67.939354 0.0113 1.0 24.0
3.4344294 70.78298 0.0113 1.0 24.0
3.4344294 70.78298 0.0114 0.0 25.0
4.293037 73.62661 0.0114 0.0 25.0
4.293037 73.62661 0.0115 0.0 26.0
5.151644 76.47024 0.0115 0.0 26.0
0.0 59.408474 0.0116 8.0 21.0
0.0 62.3789 0.0116 8.0 21.0
0.0 62.3789 0.0117 7.0 22.0
0.0 65.34932 0.0117 7.0 22.0
0.0 65.34932 0.0118 6.0 23.0
0.0 68.31974 0.0118 6.0 23.0
0.0 68.31974 0.0119 5.0 24.0
0.0 71.29016 0.0119 5.0 24.0
0.0 71.29016 0.0120 4.0 25.0
0.0 74.26058 0.0120 4.0 25.0
0.0 74.26058 0.0121 3.0 26.0
0.0 77.231 0.0121 3.0 26.0
0.0 77.231 0.0122 0.0 27.0
-0.85860735 80.07463 0.0122 0.0 27.0
-0.85860735 80.07463 0.0123 0.0 28.0
-1.7172147 82.91826 0.0123 0.0 28.0
0.0 77.231 0.0124 0.0 27.0
0.85860735 80.07463 0.0124 0.0 27.0
0.85860735 80.07463 0.0125 0.0 28.0
1.7172147 82.91826 0.0125 0.0 28.0
0.0 77.231 0.0126 2.0 27.0
0.0 80.20142 0.0126 2.0 27.0
0.0 80.20142 0.0127 1.0 28.0
0.0 83.171844 0.0127 1.0 28.0
0.0 83.171844 0.0128 0.0 29.0
0.0 86.142265 0.0128 0.0 29.0
0.0 86.142265 0.0129 0.0 30.0
0.0 89.112686 0.0129 0.0 30.0
