0.0 0.0 0.00 11.0 1.0
0.0 1.6763964 0.00 11.0 1.0
0.0 1.6763964 0.01 10.0 2.0
0.0 3.3527927 0.01 10.0 2.0
0.0 3.3527927 0.02 1.0 3.0
1.6732407 3.455605 0.02 1.0 3.0
1.6732407 3.455605 0.03 0.0 4.0
2.8217072 4.676805 0.03 0.0 4.0
2.8217072 4.676805 0.04 0.0 5.0
2.8217072 6.3532014 0.04 0.0 5.0
0.0 3.3527927 0.05 1.0 3.0
-1.1484665 4.5739927 0.05 1.0 3.0
-1.1484665 4.5739927 0.06 0.0 4.0
-1.1484665 6.250389 0.06 0.0 4.0
-1.1484665 6.250389 0.07 0.0 5.0
0.0 7.471589 0.07 0.0 5.0
0.0 3.3527927 0.08 9.0 3.0
0.0 5.029189 0.08 9.0 3.0
0.0 5.029189 0.09 8.0 4.0
0.0 6.7055855 0.09 8.0 4.0
0.0 6.7055855 0.010 1.0 5.0
1.6732407 6.808398 0.010 1.0 5.0
1.6732407 6.808398 0.011 0.0 6.0
2.8217072 8.029598 0.011 0.0 6.0
2.8217072 8.029598 0.012 0.0 7.0
2.8217072 9.705995 0.012 0.0 7.0
0.0 6.7055855 0.013 1.0 5.0
-1.1484665 7.9267855 0.013 1.0 5.0
-1.1484665 7.9267855 0.014 0.0 6.0
-1.1484665 9.603182 0.014 0.0 6.0
-1.1484665 9.603182 0.015 0.0 7.0
0.0 10.824382 0.015 0.0 7.0
0.0 6.7055855 0.016 7.0 5.0
1.6732407 6.808398 0.016 7.0 5.0
1.6732407 6.808398 0.017 6.0 6.0
3.3464813 6.91121 0.017 6.0 6.0
3.3464813 6.91121 0.018 1.0 7.0
3.5517187 5.2474246 0.018 1.0 7.0
3.5517187 5.2474246 0.019 0.0 8.0
4.8410544 4.1760154 0.019 0.0 8.0
4.8410544 4.1760154 0.020 0.0 9.0
6.514295 4.2788277 0.020 0.0 9.0
3.3464813 6.91121 0.021 1.0 7.0
4.494948 8.13241 0.021 1.0 7.0
4.494948 8.13241 0.022 0.0 8.0
6.1681886 8.235222 0.022 0.0 8.0
6.1681886 8.235222 0.023 0.0 9.0
7.4575243 7.1638126 0.023 0.0 9.0
3.3464813 6.91121 0.024 5.0 7.0
4.494948 8.13241 0.024 5.0 7.0
4.494948 8.13241 0.025 4.0 8.0
5.6434145 9.35361 0.025 4.0 8.0
5.6434145 9.35361 0.026 1.0 9.0
6.93275 8.282201 0.026 1.0 9.0
6.93275 8.282201 0.027 0.0 10.0
8.605991 8.385013 0.027 0.0 10.0
8.605991 8.385013 0.028 0.0 11.0
9.754457 9.606213 0.028 0.0 11.0
5.6434145 9.35361 0.029 1.0 9.0
5.6434145 11.030006 0.029 1.0 9.0
5.6434145 11.030006 0.030 0.0 10.0
6.791881 12.251206 0.030 0.0 10.0
6.791881 12.251206 0.031 0.0 11.0
8.465122 12.354018 0.031 0.0 11.0
5.6434145 9.35361 0.032 3.0 9.0
5.6434145 11.030006 0.032 3.0 9.0
5.6434145 11.030006 0.033 2.0 10.0
5.6434145 12.706403 0.033 2.0 10.0
5.6434145 12.706403 0.034 1.0 11.0
7.316655 12.809215 0.034 1.0 11.0
7.316655 12.809215 0.035 0.0 12.0
8.465121 14.030415 0.035 0.0 12.0
8.465121 14.030415 0.036 0.0 13.0
8.465121 15.706811 0.036 0.0 13.0
5.6434145 12.706403 0.037 1.0 11.0
4.494948 13.927603 0.037 1.0 11.0
4.494948 13.927603 0.038 0.0 12.0
4.494948 15.603999 0.038 0.0 12.0
4.494948 15.603999 0.039 0.0 13.0
5.6434145 16.8252 0.039 0.0 13.0
0.0 6.7055855 0.040 7.0 5.0
-1.1484665 7.9267855 0.040 7.0 5.0
-1.1484665 7.9267855 0.041 6.0 6.0
-2.296933 9.147985 0.041 6.0 6.0
-2.296933 9.147985 0.042 1.0 7.0
-1.1484665 10.369185 0.042 1.0 7.0
-1.1484665 10.369185 0.043 0.0 8.0
-1.1484665 12.045582 0.043 0.0 8.0
-1.1484665 12.045582 0.044 0.0 9.0
-2.296933 13.266782 0.044 0.0 9.0
-2.296933 9.147985 0.045 1.0 7.0
-3.9701736 9.250797 0.045 1.0 7.0
-3.9701736 9.250797 0.046 0.0 8.0
-5.11864 10.471997 0.046 0.0 8.0
-5.11864 10.471997 0.047 0.0 9.0
-5.11864 12.148394 0.047 0.0 9.0
-2.296933 9.147985 0.048 5.0 7.0
-2.296933 10.824382 0.048 5.0 7.0
-2.296933 10.824382 0.049 4.0 8.0
-2.296933 12.500778 0.049 4.0 8.0
-2.296933 12.500778 0.050 1.0 9.0
-0.6236923 12.60359 0.050 1.0 9.0
-0.6236923 12.60359 0.051 0.0 10.0
0.5247742 13.82479 0.051 0.0 10.0
0.5247742 13.82479 0.052 0.0 11.0
0.5247742 15.501186 0.052 0.0 11.0
-2.296933 12.500778 0.053 1.0 9.0
-3.4453993 13.721978 0.053 1.0 9.0
-3.4453993 13.721978 0.054 0.0 10.0
-3.4453993 15.398375 0.054 0.0 10.0
-3.4453993 15.398375 0.055 0.0 11.0
-2.2969327 16.619576 0.055 0.0 11.0
-2.296933 12.500778 0.056 3.0 9.0
-1.1484665 13.721978 0.056 3.0 9.0
-1.1484665 13.721978 0.057 2.0 10.0
0.0 14.943178 0.057 2.0 10.0
0.0 14.943178 0.058 1.0 11.0
1.2893358 13.871769 0.058 1.0 11.0
1.2893358 13.871769 0.059 0.0 12.0
2.9625764 13.974581 0.059 0.0 12.0
2.9625764 13.974581 0.060 0.0 13.0
4.111043 15.195781 0.060 0.0 13.0
0.0 14.943178 0.061 1.0 11.0
0.0 16.619576 0.061 1.0 11.0
0.0 16.619576 0.062 0.0 12.0
1.1484665 17.840775 0.062 0.0 12.0
1.1484665 17.840775 0.063 0.0 13.0
2.8217072 17.943586 0.063 0.0 13.0
