0.0 0.0 0.00 43.0 1.0
0.0 2.476667 0.00 43.0 1.0
0.0 2.476667 0.01 42.0 2.0
0.0 4.953334 0.01 42.0 2.0
0.0 4.953334 0.02 41.0 3.0
0.0 7.430001 0.02 41.0 3.0
0.0 7.430001 0.03 40.0 4.0
0.0 9.906668 0.03 40.0 4.0
0.0 9.906668 0.04 39.0 5.0
0.0 12.383335 0.04 39.0 5.0
0.0 12.383335 0.05 38.0 6.0
0.0 14.8600025 0.05 38.0 6.0
0.0 14.8600025 0.06 37.0 7.0
0.0 17.33667 0.06 37.0 7.0
0.0 17.33667 0.07 36.0 8.0
0.0 19.813337 0.07 36.0 8.0
0.0 19.813337 0.08 19.0 9.0
1.0956368 22.034477 0.08 19.0 9.0
1.0956368 22.034477 0.09 18.0 10.0
2.1912737 24.255615 0.09 18.0 10.0
2.1912737 24.255615 0.010 17.0 11.0
3.2869105 26.476753 0.010 17.0 11.0
3.2869105 26.476753 0.011 16.0 12.0
4.3825474 28.697891 0.011 16.0 12.0
4.3825474 28.697891 0.012 7.0 13.0
6.3477383 30.205175 0.012 7.0 13.0
6.3477383 30.205175 0.013 6.0 14.0
8.312929 31.71246 0.013 6.0 14.0
8.312929 31.71246 0.014 1.0 15.0
10.742161 32.194862 0.014 1.0 15.0
10.742161 32.194862 0.015 0.0 16.0
13.171392 32.677265 0.015 0.0 16.0
13.171392 32.677265 0.016 0.0 17.0
15.563397 32.035244 0.016 0.0 17.0
8.312929 31.71246 0.017 1.0 15.0
10.704934 31.070438 0.017 1.0 15.0
10.704934 31.070438 0.018 0.0 16.0
13.096939 30.428417 0.018 0.0 16.0
13.096939 30.428417 0.019 0.0 17.0
14.958132 28.794453 0.019 0.0 17.0
8.312929 31.71246 0.020 5.0 15.0
10.27812 33.21974 0.020 5.0 15.0
10.27812 33.21974 0.021 4.0 16.0
12.243311 34.727024 0.021 4.0 16.0
12.243311 34.727024 0.022 3.0 17.0
14.672543 35.209427 0.022 3.0 17.0
14.672543 35.209427 0.023 2.0 18.0
17.101774 35.69183 0.023 2.0 18.0
17.101774 35.69183 0.024 1.0 19.0
19.531006 36.174232 0.024 1.0 19.0
19.531006 36.174232 0.025 0.0 20.0
21.960238 36.656635 0.025 0.0 20.0
21.960238 36.656635 0.026 0.0 21.0
24.352242 36.014614 0.026 0.0 21.0
12.243311 34.727024 0.027 1.0 17.0
14.672543 35.209427 0.027 1.0 17.0
14.672543 35.209427 0.028 0.0 18.0
17.101774 35.69183 0.028 0.0 18.0
17.101774 35.69183 0.029 0.0 19.0
19.493778 35.04981 0.029 0.0 19.0
4.3825474 28.697891 0.030 7.0 13.0
6.811779 29.180294 0.030 7.0 13.0
6.811779 29.180294 0.031 6.0 14.0
9.241011 29.662697 0.031 6.0 14.0
9.241011 29.662697 0.032 1.0 15.0
11.633016 29.020676 0.032 1.0 15.0
11.633016 29.020676 0.033 0.0 16.0
14.025021 28.378654 0.033 0.0 16.0
14.025021 28.378654 0.034 0.0 17.0
15.886213 26.74469 0.034 0.0 17.0
9.241011 29.662697 0.035 1.0 15.0
11.102203 28.028732 0.035 1.0 15.0
11.102203 28.028732 0.036 0.0 16.0
12.963396 26.394768 0.036 0.0 16.0
12.963396 26.394768 0.037 0.0 17.0
13.909722 24.106024 0.037 0.0 17.0
9.241011 29.662697 0.038 5.0 15.0
11.670242 30.1451 0.038 5.0 15.0
11.670242 30.1451 0.039 4.0 16.0
14.099474 30.627502 0.039 4.0 16.0
14.099474 30.627502 0.040 3.0 17.0
16.491478 29.985481 0.040 3.0 17.0
16.491478 29.985481 0.041 2.0 18.0
18.883484 29.34346 0.041 2.0 18.0
18.883484 29.34346 0.042 1.0 19.0
21.27549 28.701439 0.042 1.0 19.0
21.27549 28.701439 0.043 0.0 20.0
23.667496 28.059418 0.043 0.0 20.0
23.667496 28.059418 0.044 0.0 21.0
25.528688 26.425453 0.044 0.0 21.0
14.099474 30.627502 0.045 1.0 17.0
16.491478 29.985481 0.045 1.0 17.0
16.491478 29.985481 0.046 0.0 18.0
18.883484 29.34346 0.046 0.0 18.0
18.883484 29.34346 0.047 0.0 19.0
20.744677 27.709496 0.047 0.0 19.0
4.3825474 28.697891 0.048 15.0 13.0
5.478184 30.91903 0.048 15.0 13.0
5.478184 30.91903 0.049 14.0 14.0
6.573821 33.140167 0.049 14.0 14.0
6.573821 33.140167 0.050 13.0 15.0
7.669458 35.361305 0.050 13.0 15.0
7.669458 35.361305 0.051 12.0 16.0
8.765095 37.582443 0.051 12.0 16.0
8.765095 37.582443 0.052 11.0 17.0
10.730286 39.089725 0.052 11.0 17.0
10.730286 39.089725 0.053 10.0 18.0
12.695477 40.597008 0.053 10.0 18.0
12.695477 40.597008 0.054 9.0 19.0
14.660667 42.10429 0.054 9.0 19.0
14.660667 42.10429 0.055 8.0 20.0
16.625858 43.611572 0.055 8.0 20.0
16.625858 43.611572 0.056 7.0 21.0
18.59105 45.118855 0.056 7.0 21.0
18.59105 45.118855 0.057 6.0 22.0
20.55624 46.626137 0.057 6.0 22.0
20.55624 46.626137 0.058 1.0 23.0
22.985472 47.10854 0.058 1.0 23.0
22.985472 47.10854 0.059 0.0 24.0
25.414703 47.590942 0.059 0.0 24.0
25.414703 47.590942 0.060 0.0 25.0
27.80671 46.94892 0.060 0.0 25.0
20.55624 46.626137 0.061 1.0 23.0
22.948246 45.984116 0.061 1.0 23.0
22.948246 45.984116 0.062 0.0 24.0
25.340252 45.342094 0.062 0.0 24.0
25.340252 45.342094 0.063 0.0 25.0
27.201445 43.70813 0.063 0.0 25.0
20.55624 46.626137 0.064 5.0 23.0
22.521431 48.13342 0.064 5.0 23.0
22.521431 48.13342 0.065 4.0 24.0
24.486622 49.6407 0.065 4.0 24.0
24.486622 49.6407 0.066 3.0 25.0
26.915854 50.123104 0.066 3.0 25.0
26.915854 50.123104 0.067 2.0 26.0
29.345085 50.605507 0.067 2.0 26.0
29.345085 50.605507 0.068 1.0 27.0
31.774317 51.08791 0.068 1.0 27.0
31.774317 51.08791 0.069 0.0 28.0
34.20355 51.570312 0.069 0.0 28.0
34.20355 51.570312 0.070 0.0 29.0
36.595554 50.92829 0.070 0.0 29.0
24.486622 49.6407 0.071 1.0 25.0
26.915854 50.123104 0.071 1.0 25.0
26.915854 50.123104 0.072 0.0 26.0
29.345085 50.605507 0.072 0.0 26.0
29.345085 50.605507 0.073 0.0 27.0
31.737091 49.963486 0.073 0.0 27.0
8.765095 37.582443 0.074 7.0 17.0
10.730286 39.089725 0.074 7.0 17.0
10.730286 39.089725 0.075 6.0 18.0
12.695477 40.597008 0.075 6.0 18.0
12.695477 40.597008 0.076 1.0 19.0
15.124708 41.07941 0.076 1.0 19.0
15.124708 41.07941 0.077 0.0 20.0
17.55394 41.561813 0.077 0.0 20.0
17.55394 41.561813 0.078 0.0 21.0
19.945946 40.919792 0.078 0.0 21.0
12.695477 40.597008 0.079 1.0 19.0
15.0874815 39.954987 0.079 1.0 19.0
15.0874815 39.954987 0.080 0.0 20.0
17.479486 39.312965 0.080 0.0 20.0
17.479486 39.312965 0.081 0.0 21.0
19.34068 37.679 0.081 0.0 21.0
12.695477 40.597008 0.082 5.0 19.0
14.660667 42.10429 0.082 5.0 19.0
14.660667 42.10429 0.083 4.0 20.0
16.625858 43.611572 0.083 4.0 20.0
16.625858 43.611572 0.084 3.0 21.0
19.05509 44.093975 0.084 3.0 21.0
19.05509 44.093975 0.085 2.0 22.0
21.484322 44.576378 0.085 2.0 22.0
21.484322 44.576378 0.086 1.0 23.0
23.913553 45.05878 0.086 1.0 23.0
23.913553 45.05878 0.087 0.0 24.0
26.342785 45.541183 0.087 0.0 24.0
26.342785 45.541183 0.088 0.0 25.0
28.73479 44.899162 0.088 0.0 25.0
16.625858 43.611572 0.089 1.0 21.0
19.05509 44.093975 0.089 1.0 21.0
19.05509 44.093975 0.090 0.0 22.0
21.484322 44.576378 0.090 0.0 22.0
21.484322 44.576378 0.091 0.0 23.0
23.876328 43.934357 0.091 0.0 23.0
0.0 19.813337 0.092 19.0 9.0
1.9651911 21.320621 0.092 19.0 9.0
1.9651911 21.320621 0.093 18.0 10.0
3.9303823 22.827906 0.093 18.0 10.0
3.9303823 22.827906 0.094 17.0 11.0
5.8955736 24.33519 0.094 17.0 11.0
5.8955736 24.33519 0.095 16.0 12.0
7.8607645 25.842474 0.095 16.0 12.0
7.8607645 25.842474 0.096 7.0 13.0
10.289996 26.324877 0.096 7.0 13.0
10.289996 26.324877 0.097 6.0 14.0
12.719228 26.80728 0.097 6.0 14.0
12.719228 26.80728 0.098 1.0 15.0
15.111233 26.165258 0.098 1.0 15.0
15.111233 26.165258 0.099 0.0 16.0
17.503239 25.523237 0.099 0.0 16.0
17.503239 25.523237 0.0100 0.0 17.0
19.364431 23.889273 0.0100 0.0 17.0
12.719228 26.80728 0.0101 1.0 15.0
14.5804205 25.173315 0.0101 1.0 15.0
14.5804205 25.173315 0.0102 0.0 16.0
16.441612 23.53935 0.0102 0.0 16.0
16.441612 23.53935 0.0103 0.0 17.0
17.387938 21.250607 0.0103 0.0 17.0
12.719228 26.80728 0.0104 5.0 15.0
15.148459 27.289682 0.0104 5.0 15.0
15.148459 27.289682 0.0105 4.0 16.0
17.577692 27.772085 0.0105 4.0 16.0
17.577692 27.772085 0.0106 3.0 17.0
19.969696 27.130064 0.0106 3.0 17.0
19.969696 27.130064 0.0107 2.0 18.0
22.361702 26.488043 0.0107 2.0 18.0
22.361702 26.488043 0.0108 1.0 19.0
24.753708 25.846022 0.0108 1.0 19.0
24.753708 25.846022 0.0109 0.0 20.0
27.145714 25.204 0.0109 0.0 20.0
27.145714 25.204 0.0110 0.0 21.0
29.006907 23.570036 0.0110 0.0 21.0
17.577692 27.772085 0.0111 1.0 17.0
19.969696 27.130064 0.0111 1.0 17.0
19.969696 27.130064 0.0112 0.0 18.0
22.361702 26.488043 0.0112 0.0 18.0
22.361702 26.488043 0.0113 0.0 19.0
24.222895 24.854078 0.0113 0.0 19.0
7.8607645 25.842474 0.0114 7.0 13.0
10.252769 25.200453 0.0114 7.0 13.0
10.252769 25.200453 0.0115 6.0 14.0
12.644774 24.558432 0.0115 6.0 14.0
12.644774 24.558432 0.0116 1.0 15.0
14.505967 22.924467 0.0116 1.0 15.0
14.505967 22.924467 0.0117 0.0 16.0
16.367159 21.290503 0.0117 0.0 16.0
16.367159 21.290503 0.0118 0.0 17.0
17.313484 19.001759 0.0118 0.0 17.0
12.644774 24.558432 0.0119 1.0 15.0
13.591101 22.269688 0.0119 1.0 15.0
13.591101 22.269688 0.0120 0.0 16.0
14.537427 19.980944 0.0120 0.0 16.0
14.537427 19.980944 0.0121 0.0 17.0
14.373614 17.5097 0.0121 0.0 17.0
12.644774 24.558432 0.0122 5.0 15.0
15.036779 23.91641 0.0122 5.0 15.0
15.036779 23.91641 0.0123 4.0 16.0
17.428783 23.27439 0.0123 4.0 16.0
17.428783 23.27439 0.0124 3.0 17.0
19.289976 21.640425 0.0124 3.0 17.0
19.289976 21.640425 0.0125 2.0 18.0
21.151169 20.00646 0.0125 2.0 18.0
21.151169 20.00646 0.0126 1.0 19.0
23.012362 18.372496 0.0126 1.0 19.0
23.012362 18.372496 0.0127 0.0 20.0
24.873554 16.738531 0.0127 0.0 20.0
24.873554 16.738531 0.0128 0.0 21.0
25.81988 14.449788 0.0128 0.0 21.0
17.428783 23.27439 0.0129 1.0 17.0
19.289976 21.640425 0.0129 1.0 17.0
19.289976 21.640425 0.0130 0.0 18.0
21.151169 20.00646 0.0130 0.0 18.0
21.151169 20.00646 0.0131 0.0 19.0
22.097494 17.717716 0.0131 0.0 19.0
7.8607645 25.842474 0.0132 15.0 13.0
9.825955 27.349758 0.0132 15.0 13.0
9.825955 27.349758 0.0133 14.0 14.0
11.791146 28.857042 0.0133 14.0 14.0
11.791146 28.857042 0.0134 13.0 15.0
13.756337 30.364326 0.0134 13.0 15.0
13.756337 30.364326 0.0135 12.0 16.0
15.721528 31.87161 0.0135 12.0 16.0
15.721528 31.87161 0.0136 11.0 17.0
18.15076 32.35401 0.0136 11.0 17.0
18.15076 32.35401 0.0137 10.0 18.0
20.579992 32.836414 0.0137 10.0 18.0
20.579992 32.836414 0.0138 9.0 19.0
23.009224 33.318817 0.0138 9.0 19.0
23.009224 33.318817 0.0139 8.0 20.0
25.438456 33.80122 0.0139 8.0 20.0
25.438456 33.80122 0.0140 7.0 21.0
27.867687 34.283623 0.0140 7.0 21.0
27.867687 34.283623 0.0141 6.0 22.0
30.296919 34.766026 0.0141 6.0 22.0
30.296919 34.766026 0.0142 1.0 23.0
32.688923 34.124004 0.0142 1.0 23.0
32.688923 34.124004 0.0143 0.0 24.0
35.08093 33.481983 0.0143 0.0 24.0
35.08093 33.481983 0.0144 0.0 25.0
36.94212 31.848019 0.0144 0.0 25.0
30.296919 34.766026 0.0145 1.0 23.0
32.15811 33.13206 0.0145 1.0 23.0
32.15811 33.13206 0.0146 0.0 24.0
34.019302 31.498096 0.0146 0.0 24.0
34.019302 31.498096 0.0147 0.0 25.0
34.96563 29.209352 0.0147 0.0 25.0
30.296919 34.766026 0.0148 5.0 23.0
32.72615 35.24843 0.0148 5.0 23.0
32.72615 35.24843 0.0149 4.0 24.0
35.155384 35.73083 0.0149 4.0 24.0
35.155384 35.73083 0.0150 3.0 25.0
37.54739 35.08881 0.0150 3.0 25.0
37.54739 35.08881 0.0151 2.0 26.0
39.939396 34.44679 0.0151 2.0 26.0
39.939396 34.44679 0.0152 1.0 27.0
42.3314 33.804768 0.0152 1.0 27.0
42.3314 33.804768 0.0153 0.0 28.0
44.723408 33.162746 0.0153 0.0 28.0
44.723408 33.162746 0.0154 0.0 29.0
46.5846 31.528782 0.0154 0.0 29.0
35.155384 35.73083 0.0155 1.0 25.0
37.54739 35.08881 0.0155 1.0 25.0
37.54739 35.08881 0.0156 0.0 26.0
39.939396 34.44679 0.0156 0.0 26.0
39.939396 34.44679 0.0157 0.0 27.0
41.800587 32.812824 0.0157 0.0 27.0
15.721528 31.87161 0.0158 7.0 17.0
18.15076 32.35401 0.0158 7.0 17.0
18.15076 32.35401 0.0159 6.0 18.0
20.579992 32.836414 0.0159 6.0 18.0
20.579992 32.836414 0.0160 1.0 19.0
22.971996 32.194393 0.0160 1.0 19.0
22.971996 32.194393 0.0161 0.0 20.0
25.364002 31.552372 0.0161 0.0 20.0
25.364002 31.552372 0.0162 0.0 21.0
27.225195 29.918407 0.0162 0.0 21.0
20.579992 32.836414 0.0163 1.0 19.0
22.441185 31.20245 0.0163 1.0 19.0
22.441185 31.20245 0.0164 0.0 20.0
24.302378 29.568485 0.0164 0.0 20.0
24.302378 29.568485 0.0165 0.0 21.0
25.248703 27.279741 0.0165 0.0 21.0
20.579992 32.836414 0.0166 5.0 19.0
23.009224 33.318817 0.0166 5.0 19.0
23.009224 33.318817 0.0167 4.0 20.0
25.438456 33.80122 0.0167 4.0 20.0
25.438456 33.80122 0.0168 3.0 21.0
27.83046 33.1592 0.0168 3.0 21.0
27.83046 33.1592 0.0169 2.0 22.0
30.222466 32.517178 0.0169 2.0 22.0
30.222466 32.517178 0.0170 1.0 23.0
32.61447 31.875156 0.0170 1.0 23.0
32.61447 31.875156 0.0171 0.0 24.0
35.006477 31.233135 0.0171 0.0 24.0
35.006477 31.233135 0.0172 0.0 25.0
36.86767 29.59917 0.0172 0.0 25.0
25.438456 33.80122 0.0173 1.0 21.0
27.83046 33.1592 0.0173 1.0 21.0
27.83046 33.1592 0.0174 0.0 22.0
30.222466 32.517178 0.0174 0.0 22.0
30.222466 32.517178 0.0175 0.0 23.0
32.083656 30.883213 0.0175 0.0 23.0
0.0 19.813337 0.0176 35.0 9.0
0.0 22.290005 0.0176 35.0 9.0
0.0 22.290005 0.0177 34.0 10.0
0.0 24.766672 0.0177 34.0 10.0
0.0 24.766672 0.0178 33.0 11.0
0.0 27.24334 0.0178 33.0 11.0
0.0 27.24334 0.0179 32.0 12.0
0.0 29.720007 0.0179 32.0 12.0
0.0 29.720007 0.0180 31.0 13.0
0.0 32.196674 0.0180 31.0 13.0
0.0 32.196674 0.0181 30.0 14.0
0.0 34.67334 0.0181 30.0 14.0
0.0 34.67334 0.0182 29.0 15.0
0.0 37.150005 0.0182 29.0 15.0
0.0 37.150005 0.0183 28.0 16.0
0.0 39.62667 0.0183 28.0 16.0
0.0 39.62667 0.0184 27.0 17.0
1.0956368 41.84781 0.0184 27.0 17.0
1.0956368 41.84781 0.0185 26.0 18.0
2.1912737 44.068947 0.0185 26.0 18.0
2.1912737 44.068947 0.0186 25.0 19.0
3.2869105 46.290085 0.0186 25.0 19.0
3.2869105 46.290085 0.0187 24.0 20.0
4.3825474 48.511223 0.0187 24.0 20.0
4.3825474 48.511223 0.0188 23.0 21.0
5.478184 50.73236 0.0188 23.0 21.0
5.478184 50.73236 0.0189 22.0 22.0
6.573821 52.9535 0.0189 22.0 22.0
6.573821 52.9535 0.0190 21.0 23.0
7.669458 55.174637 0.0190 21.0 23.0
7.669458 55.174637 0.0191 20.0 24.0
8.765095 57.395775 0.0191 20.0 24.0
8.765095 57.395775 0.0192 19.0 25.0
9.860731 59.616913 0.0192 19.0 25.0
9.860731 59.616913 0.0193 18.0 26.0
10.9563675 61.83805 0.0193 18.0 26.0
10.9563675 61.83805 0.0194 17.0 27.0
12.052004 64.05919 0.0194 17.0 27.0
12.052004 64.05919 0.0195 16.0 28.0
13.14764 66.28033 0.0195 16.0 28.0
13.14764 66.28033 0.0196 7.0 29.0
15.112831 67.78761 0.0196 7.0 29.0
15.112831 67.78761 0.0197 6.0 30.0
17.078022 69.2949 0.0197 6.0 30.0
17.078022 69.2949 0.0198 1.0 31.0
19.507254 69.7773 0.0198 1.0 31.0
19.507254 69.7773 0.0199 0.0 32.0
21.936485 70.2597 0.0199 0.0 32.0
21.936485 70.2597 0.0200 0.0 33.0
24.328491 69.617676 0.0200 0.0 33.0
17.078022 69.2949 0.0201 1.0 31.0
19.470028 68.65288 0.0201 1.0 31.0
19.470028 68.65288 0.0202 0.0 32.0
21.862034 68.01086 0.0202 0.0 32.0
21.862034 68.01086 0.0203 0.0 33.0
23.723227 66.37689 0.0203 0.0 33.0
17.078022 69.2949 0.0204 5.0 31.0
19.043213 70.802185 0.0204 5.0 31.0
19.043213 70.802185 0.0205 4.0 32.0
21.008404 72.30947 0.0205 4.0 32.0
21.008404 72.30947 0.0206 3.0 33.0
23.437635 72.79187 0.0206 3.0 33.0
23.437635 72.79187 0.0207 2.0 34.0
25.866867 73.27427 0.0207 2.0 34.0
25.866867 73.27427 0.0208 1.0 35.0
28.296099 73.75667 0.0208 1.0 35.0
28.296099 73.75667 0.0209 0.0 36.0
30.72533 74.23907 0.0209 0.0 36.0
30.72533 74.23907 0.0210 0.0 37.0
33.117336 73.597046 0.0210 0.0 37.0
21.008404 72.30947 0.0211 1.0 33.0
23.437635 72.79187 0.0211 1.0 33.0
23.437635 72.79187 0.0212 0.0 34.0
25.866867 73.27427 0.0212 0.0 34.0
25.866867 73.27427 0.0213 0.0 35.0
28.258873 72.63225 0.0213 0.0 35.0
13.14764 66.28033 0.0214 7.0 29.0
15.576872 66.762726 0.0214 7.0 29.0
15.576872 66.762726 0.0215 6.0 30.0
18.006104 67.245125 0.0215 6.0 30.0
18.006104 67.245125 0.0216 1.0 31.0
20.39811 66.6031 0.0216 1.0 31.0
20.39811 66.6031 0.0217 0.0 32.0
22.790115 65.96108 0.0217 0.0 32.0
22.790115 65.96108 0.0218 0.0 33.0
24.651308 64.32712 0.0218 0.0 33.0
18.006104 67.245125 0.0219 1.0 31.0
19.867296 65.61116 0.0219 1.0 31.0
19.867296 65.61116 0.0220 0.0 32.0
21.728489 63.977196 0.0220 0.0 32.0
21.728489 63.977196 0.0221 0.0 33.0
22.674814 61.688454 0.0221 0.0 33.0
18.006104 67.245125 0.0222 5.0 31.0
20.435335 67.72752 0.0222 5.0 31.0
20.435335 67.72752 0.0223 4.0 32.0
22.864567 68.20992 0.0223 4.0 32.0
22.864567 68.20992 0.0224 3.0 33.0
25.256573 67.5679 0.0224 3.0 33.0
25.256573 67.5679 0.0225 2.0 34.0
27.648579 66.92588 0.0225 2.0 34.0
27.648579 66.92588 0.0226 1.0 35.0
30.040585 66.28386 0.0226 1.0 35.0
30.040585 66.28386 0.0227 0.0 36.0
32.43259 65.64184 0.0227 0.0 36.0
32.43259 65.64184 0.0228 0.0 37.0
34.29378 64.00787 0.0228 0.0 37.0
22.864567 68.20992 0.0229 1.0 33.0
25.256573 67.5679 0.0229 1.0 33.0
25.256573 67.5679 0.0230 0.0 34.0
27.648579 66.92588 0.0230 0.0 34.0
27.648579 66.92588 0.0231 0.0 35.0
29.509771 65.291916 0.0231 0.0 35.0
13.14764 66.28033 0.0232 15.0 29.0
14.243277 68.501465 0.0232 15.0 29.0
14.243277 68.501465 0.0233 14.0 30.0
15.338913 70.7226 0.0233 14.0 30.0
15.338913 70.7226 0.0234 13.0 31.0
16.43455 72.94374 0.0234 13.0 31.0
16.43455 72.94374 0.0235 12.0 32.0
17.530186 75.16488 0.0235 12.0 32.0
17.530186 75.16488 0.0236 11.0 33.0
19.495377 76.672165 0.0236 11.0 33.0
19.495377 76.672165 0.0237 10.0 34.0
21.460567 78.17945 0.0237 10.0 34.0
21.460567 78.17945 0.0238 9.0 35.0
23.425758 79.68674 0.0238 9.0 35.0
23.425758 79.68674 0.0239 8.0 36.0
25.39095 81.19402 0.0239 8.0 36.0
25.39095 81.19402 0.0240 7.0 37.0
27.35614 82.70131 0.0240 7.0 37.0
27.35614 82.70131 0.0241 6.0 38.0
29.321331 84.208595 0.0241 6.0 38.0
29.321331 84.208595 0.0242 1.0 39.0
31.750563 84.690994 0.0242 1.0 39.0
31.750563 84.690994 0.0243 0.0 40.0
34.179794 85.17339 0.0243 0.0 40.0
34.179794 85.17339 0.0244 0.0 41.0
36.5718 84.53137 0.0244 0.0 41.0
29.321331 84.208595 0.0245 1.0 39.0
31.713337 83.566574 0.0245 1.0 39.0
31.713337 83.566574 0.0246 0.0 40.0
34.105343 82.92455 0.0246 0.0 40.0
34.105343 82.92455 0.0247 0.0 41.0
35.966534 81.29059 0.0247 0.0 41.0
29.321331 84.208595 0.0248 5.0 39.0
31.286522 85.71588 0.0248 5.0 39.0
31.286522 85.71588 0.0249 4.0 40.0
33.251713 87.22317 0.0249 4.0 40.0
33.251713 87.22317 0.0250 3.0 41.0
35.680946 87.70557 0.0250 3.0 41.0
35.680946 87.70557 0.0251 2.0 42.0
38.11018 88.187965 0.0251 2.0 42.0
38.11018 88.187965 0.0252 1.0 43.0
40.539413 88.670364 0.0252 1.0 43.0
40.539413 88.670364 0.0253 0.0 44.0
42.968647 89.15276 0.0253 0.0 44.0
42.968647 89.15276 0.0254 0.0 45.0
45.360653 88.51074 0.0254 0.0 45.0
33.251713 87.22317 0.0255 1.0 41.0
35.680946 87.70557 0.0255 1.0 41.0
35.680946 87.70557 0.0256 0.0 42.0
38.11018 88.187965 0.0256 0.0 42.0
38.11018 88.187965 0.0257 0.0 43.0
40.502186 87.545944 0.0257 0.0 43.0
17.530186 75.16488 0.0258 7.0 33.0
19.495377 76.672165 0.0258 7.0 33.0
19.495377 76.672165 0.0259 6.0 34.0
21.460567 78.17945 0.0259 6.0 34.0
21.460567 78.17945 0.0260 1.0 35.0
23.8898 78.66185 0.0260 1.0 35.0
23.8898 78.66185 0.0261 0.0 36.0
26.31903 79.14425 0.0261 0.0 36.0
26.31903 79.14425 0.0262 0.0 37.0
28.711037 78.50223 0.0262 0.0 37.0
21.460567 78.17945 0.0263 1.0 35.0
23.852573 77.53743 0.0263 1.0 35.0
23.852573 77.53743 0.0264 0.0 36.0
26.24458 76.89541 0.0264 0.0 36.0
26.24458 76.89541 0.0265 0.0 37.0
28.105772 75.261444 0.0265 0.0 37.0
21.460567 78.17945 0.0266 5.0 35.0
23.425758 79.68674 0.0266 5.0 35.0
23.425758 79.68674 0.0267 4.0 36.0
25.39095 81.19402 0.0267 4.0 36.0
25.39095 81.19402 0.0268 3.0 37.0
27.82018 81.67642 0.0268 3.0 37.0
27.82018 81.67642 0.0269 2.0 38.0
30.249413 82.15882 0.0269 2.0 38.0
30.249413 82.15882 0.0270 1.0 39.0
32.678646 82.64122 0.0270 1.0 39.0
32.678646 82.64122 0.0271 0.0 40.0
35.10788 83.12362 0.0271 0.0 40.0
35.10788 83.12362 0.0272 0.0 41.0
37.499886 82.4816 0.0272 0.0 41.0
25.39095 81.19402 0.0273 1.0 37.0
27.82018 81.67642 0.0273 1.0 37.0
27.82018 81.67642 0.0274 0.0 38.0
30.249413 82.15882 0.0274 0.0 38.0
30.249413 82.15882 0.0275 0.0 39.0
32.64142 81.5168 0.0275 0.0 39.0
0.0 39.62667 0.0276 19.0 17.0
1.0956368 41.84781 0.0276 19.0 17.0
1.0956368 41.84781 0.0277 18.0 18.0
2.1912737 44.068947 0.0277 18.0 18.0
2.1912737 44.068947 0.0278 17.0 19.0
3.2869105 46.290085 0.0278 17.0 19.0
3.2869105 46.290085 0.0279 16.0 20.0
4.3825474 48.511223 0.0279 16.0 20.0
4.3825474 48.511223 0.0280 7.0 21.0
6.3477383 50.018505 0.0280 7.0 21.0
6.3477383 50.018505 0.0281 6.0 22.0
8.312929 51.525787 0.0281 6.0 22.0
8.312929 51.525787 0.0282 1.0 23.0
10.742161 52.00819 0.0282 1.0 23.0
10.742161 52.00819 0.0283 0.0 24.0
13.171392 52.490593 0.0283 0.0 24.0
13.171392 52.490593 0.0284 0.0 25.0
15.563397 51.84857 0.0284 0.0 25.0
8.312929 51.525787 0.0285 1.0 23.0
10.704934 50.883766 0.0285 1.0 23.0
10.704934 50.883766 0.0286 0.0 24.0
13.096939 50.241745 0.0286 0.0 24.0
13.096939 50.241745 0.0287 0.0 25.0
14.958132 48.60778 0.0287 0.0 25.0
8.312929 51.525787 0.0288 5.0 23.0
10.27812 53.03307 0.0288 5.0 23.0
10.27812 53.03307 0.0289 4.0 24.0
12.243311 54.54035 0.0289 4.0 24.0
12.243311 54.54035 0.0290 3.0 25.0
14.672543 55.022755 0.0290 3.0 25.0
14.672543 55.022755 0.0291 2.0 26.0
17.101774 55.505157 0.0291 2.0 26.0
17.101774 55.505157 0.0292 1.0 27.0
19.531006 55.98756 0.0292 1.0 27.0
19.531006 55.98756 0.0293 0.0 28.0
21.960238 56.469963 0.0293 0.0 28.0
21.960238 56.469963 0.0294 0.0 29.0
24.352242 55.82794 0.0294 0.0 29.0
12.243311 54.54035 0.0295 1.0 25.0
14.672543 55.022755 0.0295 1.0 25.0
14.672543 55.022755 0.0296 0.0 26.0
17.101774 55.505157 0.0296 0.0 26.0
17.101774 55.505157 0.0297 0.0 27.0
19.493778 54.863136 0.0297 0.0 27.0
4.3825474 48.511223 0.0298 7.0 21.0
6.811779 48.993626 0.0298 7.0 21.0
6.811779 48.993626 0.0299 6.0 22.0
9.241011 49.47603 0.0299 6.0 22.0
9.241011 49.47603 0.0300 1.0 23.0
11.633016 48.834007 0.0300 1.0 23.0
11.633016 48.834007 0.0301 0.0 24.0
14.025021 48.191986 0.0301 0.0 24.0
14.025021 48.191986 0.0302 0.0 25.0
15.886213 46.55802 0.0302 0.0 25.0
9.241011 49.47603 0.0303 1.0 23.0
11.102203 47.842064 0.0303 1.0 23.0
11.102203 47.842064 0.0304 0.0 24.0
12.963396 46.2081 0.0304 0.0 24.0
12.963396 46.2081 0.0305 0.0 25.0
13.909722 43.919357 0.0305 0.0 25.0
9.241011 49.47603 0.0306 5.0 23.0
11.670242 49.95843 0.0306 5.0 23.0
11.670242 49.95843 0.0307 4.0 24.0
14.099474 50.440834 0.0307 4.0 24.0
14.099474 50.440834 0.0308 3.0 25.0
16.491478 49.798813 0.0308 3.0 25.0
16.491478 49.798813 0.0309 2.0 26.0
18.883484 49.15679 0.0309 2.0 26.0
18.883484 49.15679 0.0310 1.0 27.0
21.27549 48.51477 0.0310 1.0 27.0
21.27549 48.51477 0.0311 0.0 28.0
23.667496 47.87275 0.0311 0.0 28.0
23.667496 47.87275 0.0312 0.0 29.0
25.528688 46.238785 0.0312 0.0 29.0
14.099474 50.440834 0.0313 1.0 25.0
16.491478 49.798813 0.0313 1.0 25.0
16.491478 49.798813 0.0314 0.0 26.0
18.883484 49.15679 0.0314 0.0 26.0
18.883484 49.15679 0.0315 0.0 27.0
20.744677 47.522827 0.0315 0.0 27.0
4.3825474 48.511223 0.0316 15.0 21.0
5.478184 50.73236 0.0316 15.0 21.0
5.478184 50.73236 0.0317 14.0 22.0
6.573821 52.9535 0.0317 14.0 22.0
6.573821 52.9535 0.0318 13.0 23.0
7.669458 55.174637 0.0318 13.0 23.0
7.669458 55.174637 0.0319 12.0 24.0
8.765095 57.395775 0.0319 12.0 24.0
8.765095 57.395775 0.0320 11.0 25.0
10.730286 58.903057 0.0320 11.0 25.0
10.730286 58.903057 0.0321 10.0 26.0
12.695477 60.41034 0.0321 10.0 26.0
12.695477 60.41034 0.0322 9.0 27.0
14.660667 61.91762 0.0322 9.0 27.0
14.660667 61.91762 0.0323 8.0 28.0
16.625858 63.424904 0.0323 8.0 28.0
16.625858 63.424904 0.0324 7.0 29.0
18.59105 64.93219 0.0324 7.0 29.0
18.59105 64.93219 0.0325 6.0 30.0
20.55624 66.439476 0.0325 6.0 30.0
20.55624 66.439476 0.0326 1.0 31.0
22.985472 66.921875 0.0326 1.0 31.0
22.985472 66.921875 0.0327 0.0 32.0
25.414703 67.404274 0.0327 0.0 32.0
25.414703 67.404274 0.0328 0.0 33.0
27.80671 66.76225 0.0328 0.0 33.0
20.55624 66.439476 0.0329 1.0 31.0
22.948246 65.797455 0.0329 1.0 31.0
22.948246 65.797455 0.0330 0.0 32.0
25.340252 65.15543 0.0330 0.0 32.0
25.340252 65.15543 0.0331 0.0 33.0
27.201445 63.52147 0.0331 0.0 33.0
20.55624 66.439476 0.0332 5.0 31.0
22.521431 67.94676 0.0332 5.0 31.0
22.521431 67.94676 0.0333 4.0 32.0
24.486622 69.45405 0.0333 4.0 32.0
24.486622 69.45405 0.0334 3.0 33.0
26.915854 69.93645 0.0334 3.0 33.0
26.915854 69.93645 0.0335 2.0 34.0
29.345085 70.418846 0.0335 2.0 34.0
29.345085 70.418846 0.0336 1.0 35.0
31.774317 70.901245 0.0336 1.0 35.0
31.774317 70.901245 0.0337 0.0 36.0
34.20355 71.383644 0.0337 0.0 36.0
34.20355 71.383644 0.0338 0.0 37.0
36.595554 70.74162 0.0338 0.0 37.0
24.486622 69.45405 0.0339 1.0 33.0
26.915854 69.93645 0.0339 1.0 33.0
26.915854 69.93645 0.0340 0.0 34.0
29.345085 70.418846 0.0340 0.0 34.0
29.345085 70.418846 0.0341 0.0 35.0
31.737091 69.776825 0.0341 0.0 35.0
8.765095 57.395775 0.0342 7.0 25.0
10.730286 58.903057 0.0342 7.0 25.0
10.730286 58.903057 0.0343 6.0 26.0
12.695477 60.41034 0.0343 6.0 26.0
12.695477 60.41034 0.0344 1.0 27.0
15.124708 60.892742 0.0344 1.0 27.0
15.124708 60.892742 0.0345 0.0 28.0
17.55394 61.375145 0.0345 0.0 28.0
17.55394 61.375145 0.0346 0.0 29.0
19.945946 60.733124 0.0346 0.0 29.0
12.695477 60.41034 0.0347 1.0 27.0
15.0874815 59.76832 0.0347 1.0 27.0
15.0874815 59.76832 0.0348 0.0 28.0
17.479486 59.126297 0.0348 0.0 28.0
17.479486 59.126297 0.0349 0.0 29.0
19.34068 57.492332 0.0349 0.0 29.0
12.695477 60.41034 0.0350 5.0 27.0
14.660667 61.91762 0.0350 5.0 27.0
14.660667 61.91762 0.0351 4.0 28.0
16.625858 63.424904 0.0351 4.0 28.0
16.625858 63.424904 0.0352 3.0 29.0
19.05509 63.907307 0.0352 3.0 29.0
19.05509 63.907307 0.0353 2.0 30.0
21.484322 64.38971 0.0353 2.0 30.0
21.484322 64.38971 0.0354 1.0 31.0
23.913553 64.87211 0.0354 1.0 31.0
23.913553 64.87211 0.0355 0.0 32.0
26.342785 65.35451 0.0355 0.0 32.0
26.342785 65.35451 0.0356 0.0 33.0
28.73479 64.71249 0.0356 0.0 33.0
16.625858 63.424904 0.0357 1.0 29.0
19.05509 63.907307 0.0357 1.0 29.0
19.05509 63.907307 0.0358 0.0 30.0
21.484322 64.38971 0.0358 0.0 30.0
21.484322 64.38971 0.0359 0.0 31.0
23.876328 63.74769 0.0359 0.0 31.0
