0.0 0.0 0.00 11.0 1.0
0.0 1.8301331 0.00 11.0 1.0
0.0 1.8301331 0.01 10.0 2.0
0.0 3.6602662 0.01 10.0 2.0
0.0 3.6602662 0.02 1.0 3.0
0.0 5.4903994 0.02 1.0 3.0
0.0 5.4903994 0.03 0.0 4.0
-1.1891601 6.8815446 0.03 0.0 4.0
-1.1891601 6.8815446 0.04 0.0 5.0
-2.9970007 7.166323 0.04 0.0 5.0
0.0 3.6602662 0.05 1.0 3.0
-1.55924 2.7020607 0.05 1.0 3.0
-1.55924 2.7020607 0.06 0.0 4.0
-3.3670807 2.9868398 0.06 0.0 4.0
-3.3670807 2.9868398 0.07 0.0 5.0
-4.5562406 4.377985 0.07 0.0 5.0
0.0 3.6602662 0.08 9.0 3.0
-1.8078407 3.945045 0.08 9.0 3.0
-1.8078407 3.945045 0.09 8.0 4.0
-3.6156814 4.2298236 0.09 8.0 4.0
-3.6156814 4.2298236 0.010 1.0 5.0
-5.423522 4.5146027 0.010 1.0 5.0
-5.423522 4.5146027 0.011 0.0 6.0
-6.982762 3.5563972 0.011 0.0 6.0
-6.982762 3.5563972 0.012 0.0 7.0
-7.545382 1.8148904 0.012 0.0 7.0
-3.6156814 4.2298236 0.013 1.0 5.0
-2.911774 2.5404742 0.013 1.0 5.0
-2.911774 2.5404742 0.014 0.0 6.0
-3.4743938 0.79896736 0.014 0.0 6.0
-3.4743938 0.79896736 0.015 0.0 7.0
-5.0336337 -0.15923804 0.015 0.0 7.0
-3.6156814 4.2298236 0.016 7.0 5.0
-4.1783013 2.4883168 0.016 7.0 5.0
-4.1783013 2.4883168 0.017 6.0 6.0
-4.7409215 0.74680996 0.017 6.0 6.0
-4.7409215 0.74680996 0.018 1.0 7.0
-5.3035417 -0.99469686 0.018 1.0 7.0
-5.3035417 -0.99469686 0.019 0.0 8.0
-4.599634 -2.6840463 0.019 0.0 8.0
-4.599634 -2.6840463 0.020 0.0 9.0
-2.966887 -3.5108013 0.020 0.0 9.0
-4.7409215 0.74680996 0.021 1.0 7.0
-2.9626176 1.1792707 0.021 1.0 7.0
-2.9626176 1.1792707 0.022 0.0 8.0
-1.3298706 0.35251558 0.022 0.0 8.0
-1.3298706 0.35251558 0.023 0.0 9.0
-0.6259634 -1.336834 0.023 0.0 9.0
-4.7409215 0.74680996 0.024 5.0 7.0
-2.9626176 1.1792707 0.024 5.0 7.0
-2.9626176 1.1792707 0.025 4.0 8.0
-1.1843138 1.6117315 0.025 4.0 8.0
-1.1843138 1.6117315 0.026 1.0 9.0
0.5939901 2.0441923 0.026 1.0 9.0
0.5939901 2.0441923 0.027 0.0 10.0
1.6647397 3.5284033 0.027 0.0 10.0
1.6647397 3.5284033 0.028 0.0 11.0
1.5142612 5.3523397 0.028 0.0 11.0
-1.1843138 1.6117315 0.029 1.0 9.0
-2.483831 2.9003906 0.029 1.0 9.0
-2.483831 2.9003906 0.030 0.0 10.0
-2.6343093 4.724327 0.030 0.0 10.0
-2.6343093 4.724327 0.031 0.0 11.0
-1.5635597 6.208538 0.031 0.0 11.0
-1.1843138 1.6117315 0.032 3.0 9.0
-2.483831 2.9003906 0.032 3.0 9.0
-2.483831 2.9003906 0.033 2.0 10.0
-3.783348 4.1890497 0.033 2.0 10.0
-3.783348 4.1890497 0.034 1.0 11.0
-5.082865 5.477709 0.034 1.0 11.0
-5.082865 5.477709 0.035 0.0 12.0
-6.908 5.6128783 0.035 0.0 12.0
-6.908 5.6128783 0.036 0.0 13.0
-8.383175 4.529713 0.036 0.0 13.0
-3.783348 4.1890497 0.037 1.0 11.0
-4.200872 2.4071798 0.037 1.0 11.0
-4.200872 2.4071798 0.038 0.0 12.0
-5.676047 1.3240148 0.038 0.0 12.0
-5.676047 1.3240148 0.039 0.0 13.0
-7.5011816 1.4591844 0.039 0.0 13.0
-3.6156814 4.2298236 0.040 7.0 5.0
-1.8373775 4.6622844 0.040 7.0 5.0
-1.8373775 4.6622844 0.041 6.0 6.0
-0.059073687 5.094745 0.041 6.0 6.0
-0.059073687 5.094745 0.042 1.0 7.0
1.7192302 5.527206 0.042 1.0 7.0
1.7192302 5.527206 0.043 0.0 8.0
2.78998 7.011417 0.043 0.0 8.0
2.78998 7.011417 0.044 0.0 9.0
2.6395016 8.835353 0.044 0.0 9.0
-0.059073687 5.094745 0.045 1.0 7.0
-1.3585908 6.3834043 0.045 1.0 7.0
-1.3585908 6.3834043 0.046 0.0 8.0
-1.5090693 8.20734 0.046 0.0 8.0
-1.5090693 8.20734 0.047 0.0 9.0
-0.43831968 9.691551 0.047 0.0 9.0
-0.059073687 5.094745 0.048 5.0 7.0
1.011676 6.578956 0.048 5.0 7.0
1.011676 6.578956 0.049 4.0 8.0
2.0824256 8.063168 0.049 4.0 8.0
2.0824256 8.063168 0.050 1.0 9.0
3.1531754 9.547379 0.050 1.0 9.0
3.1531754 9.547379 0.051 0.0 10.0
3.002697 11.371315 0.051 0.0 10.0
3.002697 11.371315 0.052 0.0 11.0
1.7031798 12.659974 0.052 0.0 11.0
2.0824256 8.063168 0.053 1.0 9.0
0.25729096 8.198338 0.053 1.0 9.0
0.25729096 8.198338 0.054 0.0 10.0
-1.0422262 9.486997 0.054 0.0 10.0
-1.0422262 9.486997 0.055 0.0 11.0
-1.1927047 11.310933 0.055 0.0 11.0
2.0824256 8.063168 0.056 3.0 9.0
1.9319471 9.887104 0.056 3.0 9.0
1.9319471 9.887104 0.057 2.0 10.0
1.7814686 11.7110405 0.057 2.0 10.0
1.7814686 11.7110405 0.058 1.0 11.0
1.6309901 13.534977 0.058 1.0 11.0
1.6309901 13.534977 0.059 0.0 12.0
0.331473 14.823636 0.059 0.0 12.0
0.331473 14.823636 0.060 0.0 13.0
-1.4936616 14.958806 0.060 0.0 13.0
1.7814686 11.7110405 0.061 1.0 11.0
0.30629385 10.627875 0.061 1.0 11.0
0.30629385 10.627875 0.062 0.0 12.0
-1.5188408 10.763045 0.062 0.0 12.0
-1.5188408 10.763045 0.063 0.0 13.0
-2.818358 12.051704 0.063 0.0 13.0
