0.0 0.0 0.00 11.0 1.0
0.0 1.0623833 0.00 11.0 1.0
0.0 1.0623833 0.01 10.0 2.0
0.0 2.1247666 0.01 10.0 2.0
0.0 2.1247666 0.02 1.0 3.0
0.0 3.18715 0.02 1.0 3.0
0.0 3.18715 0.03 0.0 4.0
-0.6574502 4.0216665 0.03 0.0 4.0
-0.6574502 4.0216665 0.04 0.0 5.0
-1.6903222 4.270331 0.04 0.0 5.0
0.0 2.1247666 0.05 1.0 3.0
-0.9652193 1.6809086 0.05 1.0 3.0
-0.9652193 1.6809086 0.06 0.0 4.0
-1.9980912 1.9295729 0.06 0.0 4.0
-1.9980912 1.9295729 0.07 0.0 5.0
-2.6555414 2.7640893 0.07 0.0 5.0
0.0 2.1247666 0.08 9.0 3.0
-1.032872 2.3734307 0.08 9.0 3.0
-1.032872 2.3734307 0.09 8.0 4.0
-2.065744 2.6220949 0.09 8.0 4.0
-2.065744 2.6220949 0.010 1.0 5.0
-3.0986156 2.8707592 0.010 1.0 5.0
-3.0986156 2.8707592 0.011 0.0 6.0
-4.063835 2.426901 0.011 0.0 6.0
-4.063835 2.426901 0.012 0.0 7.0
-4.5473485 1.4809239 0.012 0.0 7.0
-2.065744 2.6220949 0.013 1.0 5.0
-1.8601371 1.5797974 0.013 1.0 5.0
-1.8601371 1.5797974 0.014 0.0 6.0
-2.3436506 0.6338201 0.014 0.0 6.0
-2.3436506 0.6338201 0.015 0.0 7.0
-3.3088698 0.18996206 0.015 0.0 7.0
-2.065744 2.6220949 0.016 7.0 5.0
-2.5492573 1.6761177 0.016 7.0 5.0
-2.5492573 1.6761177 0.017 6.0 6.0
-3.0327706 0.7301404 0.017 6.0 6.0
-3.0327706 0.7301404 0.018 1.0 7.0
-3.516284 -0.21583688 0.018 1.0 7.0
-3.516284 -0.21583688 0.019 0.0 8.0
-3.310677 -1.2581344 0.019 0.0 8.0
-3.310677 -1.2581344 0.020 0.0 9.0
-2.50415 -1.9496342 0.020 0.0 9.0
-3.0327706 0.7301404 0.021 1.0 7.0
-1.9713017 0.6860732 0.021 1.0 7.0
-1.9713017 0.6860732 0.022 0.0 8.0
-1.1647744 -0.0054266453 0.022 0.0 8.0
-1.1647744 -0.0054266453 0.023 0.0 9.0
-0.9591676 -1.0477241 0.023 0.0 9.0
-3.0327706 0.7301404 0.024 5.0 7.0
-1.9713017 0.6860732 0.024 5.0 7.0
-1.9713017 0.6860732 0.025 4.0 8.0
-0.9098327 0.642006 0.025 4.0 8.0
-0.9098327 0.642006 0.026 1.0 9.0
0.15163624 0.5979388 0.026 1.0 9.0
0.15163624 0.5979388 0.027 0.0 10.0
1.0127051 1.2202079 0.027 0.0 10.0
1.0127051 1.2202079 0.028 0.0 11.0
1.3039982 2.2418766 0.028 0.0 11.0
-0.9098327 0.642006 0.029 1.0 9.0
-1.3132724 1.6248055 0.029 1.0 9.0
-1.3132724 1.6248055 0.030 0.0 10.0
-1.0219793 2.646474 0.030 0.0 10.0
-1.0219793 2.646474 0.031 0.0 11.0
-0.16091055 3.268743 0.031 0.0 11.0
-0.9098327 0.642006 0.032 3.0 9.0
-1.3132724 1.6248055 0.032 3.0 9.0
-1.3132724 1.6248055 0.033 2.0 10.0
-1.716712 2.607605 0.033 2.0 10.0
-1.716712 2.607605 0.034 1.0 11.0
-2.1201515 3.5904045 0.034 1.0 11.0
-2.1201515 3.5904045 0.035 0.0 12.0
-3.045259 4.11274 0.035 0.0 12.0
-3.045259 4.11274 0.036 0.0 13.0
-4.095188 3.950544 0.036 0.0 13.0
-1.716712 2.607605 0.037 1.0 11.0
-2.4410715 1.8304553 0.037 1.0 11.0
-2.4410715 1.8304553 0.038 0.0 12.0
-3.4910004 1.6682595 0.038 0.0 12.0
-3.4910004 1.6682595 0.039 0.0 13.0
-4.4161077 2.1905956 0.039 0.0 13.0
-2.065744 2.6220949 0.040 7.0 5.0
-1.004275 2.5780277 0.040 7.0 5.0
-1.004275 2.5780277 0.041 6.0 6.0
0.057193995 2.5339606 0.041 6.0 6.0
0.057193995 2.5339606 0.042 1.0 7.0
1.118663 2.4898934 0.042 1.0 7.0
1.118663 2.4898934 0.043 0.0 8.0
1.9797318 3.1121626 0.043 0.0 8.0
1.9797318 3.1121626 0.044 0.0 9.0
2.271025 4.133831 0.044 0.0 9.0
0.057193995 2.5339606 0.045 1.0 7.0
-0.34624565 3.5167599 0.045 1.0 7.0
-0.34624565 3.5167599 0.046 0.0 8.0
-0.05495256 4.5384283 0.046 0.0 8.0
-0.05495256 4.5384283 0.047 0.0 9.0
0.8061162 5.1606975 0.047 0.0 9.0
0.057193995 2.5339606 0.048 5.0 7.0
0.9182628 3.1562297 0.048 5.0 7.0
0.9182628 3.1562297 0.049 4.0 8.0
1.7793316 3.778499 0.049 4.0 8.0
1.7793316 3.778499 0.050 1.0 9.0
2.6404004 4.400768 0.050 1.0 9.0
2.6404004 4.400768 0.051 0.0 10.0
2.9316936 5.422436 0.051 0.0 10.0
2.9316936 5.422436 0.052 0.0 11.0
2.528254 6.405236 0.052 0.0 11.0
1.7793316 3.778499 0.053 1.0 9.0
0.85422415 4.3008347 0.053 1.0 9.0
0.85422415 4.3008347 0.054 0.0 10.0
0.4507845 5.283634 0.054 0.0 10.0
0.4507845 5.283634 0.055 0.0 11.0
0.7420776 6.3053026 0.055 0.0 11.0
1.7793316 3.778499 0.056 3.0 9.0
2.0706246 4.8001676 0.056 3.0 9.0
2.0706246 4.8001676 0.057 2.0 10.0
2.3619177 5.821836 0.057 2.0 10.0
2.3619177 5.821836 0.058 1.0 11.0
2.6532109 6.8435044 0.058 1.0 11.0
2.6532109 6.8435044 0.059 0.0 12.0
2.249771 7.826304 0.059 0.0 12.0
2.249771 7.826304 0.060 0.0 13.0
1.3246636 8.3486395 0.060 0.0 13.0
2.3619177 5.821836 0.061 1.0 11.0
1.3119888 5.6596403 0.061 1.0 11.0
1.3119888 5.6596403 0.062 0.0 12.0
0.38688165 6.1819763 0.062 0.0 12.0
0.38688165 6.1819763 0.063 0.0 13.0
-0.016557515 7.164776 0.063 0.0 13.0
