0.0 0.0 0.00 28.0 1.0
0.0 2.3536305 0.00 28.0 1.0
0.0 2.3536305 0.01 27.0 2.0
0.0 4.707261 0.01 27.0 2.0
0.0 4.707261 0.02 26.0 3.0
0.0 7.0608916 0.02 26.0 3.0
0.0 7.0608916 0.03 25.0 4.0
0.0 9.414522 0.03 25.0 4.0
0.0 9.414522 0.04 24.0 5.0
0.0 11.768152 0.04 24.0 5.0
0.0 11.768152 0.05 23.0 6.0
0.0 14.121782 0.05 23.0 6.0
0.0 14.121782 0.06 22.0 7.0
0.0 16.475412 0.06 22.0 7.0
0.0 16.475412 0.07 21.0 8.0
0.0 18.829042 0.07 21.0 8.0
0.0 18.829042 0.08 12.0 9.0
-1.0722644 20.924234 0.08 12.0 9.0
-1.0722644 20.924234 0.09 11.0 10.0
-2.1445289 23.019426 0.09 11.0 10.0
-2.1445289 23.019426 0.010 10.0 11.0
-3.2167933 25.114618 0.010 10.0 11.0
-3.2167933 25.114618 0.011 9.0 12.0
-4.2890577 27.20981 0.011 9.0 12.0
-4.2890577 27.20981 0.012 4.0 13.0
-6.1981072 28.58644 0.012 4.0 13.0
-6.1981072 28.58644 0.013 3.0 14.0
-8.107157 29.963068 0.013 3.0 14.0
-8.107157 29.963068 0.014 0.0 15.0
-10.433746 30.318813 0.014 0.0 15.0
-10.433746 30.318813 0.015 0.0 16.0
-12.760336 30.674559 0.015 0.0 16.0
-8.107157 29.963068 0.016 0.0 15.0
-9.179421 32.058258 0.016 0.0 15.0
-9.179421 32.058258 0.017 0.0 16.0
-10.251686 34.15345 0.017 0.0 16.0
-8.107157 29.963068 0.018 2.0 15.0
-10.016207 31.339697 0.018 2.0 15.0
-10.016207 31.339697 0.019 1.0 16.0
-11.925257 32.716324 0.019 1.0 16.0
-11.925257 32.716324 0.020 0.0 17.0
-13.834307 34.092953 0.020 0.0 17.0
-13.834307 34.092953 0.021 0.0 18.0
-15.743357 35.46958 0.021 0.0 18.0
-4.2890577 27.20981 0.022 4.0 13.0
-4.2890577 29.56344 0.022 4.0 13.0
-4.2890577 29.56344 0.023 3.0 14.0
-4.2890577 31.91707 0.023 3.0 14.0
-4.2890577 31.91707 0.024 0.0 15.0
-5.3613224 34.01226 0.024 0.0 15.0
-5.3613224 34.01226 0.025 0.0 16.0
-6.433587 36.107452 0.025 0.0 16.0
-4.2890577 31.91707 0.026 0.0 15.0
-3.2167933 34.01226 0.026 0.0 15.0
-3.2167933 34.01226 0.027 0.0 16.0
-2.1445289 36.107452 0.027 0.0 16.0
-4.2890577 31.91707 0.028 2.0 15.0
-4.2890577 34.270702 0.028 2.0 15.0
-4.2890577 34.270702 0.029 1.0 16.0
-4.2890577 36.624332 0.029 1.0 16.0
-4.2890577 36.624332 0.030 0.0 17.0
-4.2890577 38.977962 0.030 0.0 17.0
-4.2890577 38.977962 0.031 0.0 18.0
-4.2890577 41.331593 0.031 0.0 18.0
-4.2890577 27.20981 0.032 8.0 13.0
-5.3613224 29.305002 0.032 8.0 13.0
-5.3613224 29.305002 0.033 7.0 14.0
-6.433587 31.400194 0.033 7.0 14.0
-6.433587 31.400194 0.034 6.0 15.0
-7.5058517 33.495384 0.034 6.0 15.0
-7.5058517 33.495384 0.035 5.0 16.0
-8.578116 35.590576 0.035 5.0 16.0
-8.578116 35.590576 0.036 4.0 17.0
-9.650381 37.68577 0.036 4.0 17.0
-9.650381 37.68577 0.037 3.0 18.0
-10.722646 39.78096 0.037 3.0 18.0
-10.722646 39.78096 0.038 0.0 19.0
-12.631696 41.15759 0.038 0.0 19.0
-12.631696 41.15759 0.039 0.0 20.0
-14.540746 42.534218 0.039 0.0 20.0
-10.722646 39.78096 0.040 0.0 19.0
-10.722646 42.13459 0.040 0.0 19.0
-10.722646 42.13459 0.041 0.0 20.0
-10.722646 44.48822 0.041 0.0 20.0
-10.722646 39.78096 0.042 2.0 19.0
-11.79491 41.876152 0.042 2.0 19.0
-11.79491 41.876152 0.043 1.0 20.0
-12.867175 43.971344 0.043 1.0 20.0
-12.867175 43.971344 0.044 0.0 21.0
-13.93944 46.066536 0.044 0.0 21.0
-13.93944 46.066536 0.045 0.0 22.0
-15.011704 48.161728 0.045 0.0 22.0
0.0 18.829042 0.046 12.0 9.0
1.0722644 20.924234 0.046 12.0 9.0
1.0722644 20.924234 0.047 11.0 10.0
2.1445289 23.019426 0.047 11.0 10.0
2.1445289 23.019426 0.048 10.0 11.0
3.2167933 25.114618 0.048 10.0 11.0
3.2167933 25.114618 0.049 9.0 12.0
4.2890577 27.20981 0.049 9.0 12.0
4.2890577 27.20981 0.050 4.0 13.0
4.2890577 29.56344 0.050 4.0 13.0
4.2890577 29.56344 0.051 3.0 14.0
4.2890577 31.91707 0.051 3.0 14.0
4.2890577 31.91707 0.052 0.0 15.0
3.2167933 34.01226 0.052 0.0 15.0
3.2167933 34.01226 0.053 0.0 16.0
2.1445289 36.107452 0.053 0.0 16.0
4.2890577 31.91707 0.054 0.0 15.0
5.3613224 34.01226 0.054 0.0 15.0
5.3613224 34.01226 0.055 0.0 16.0
6.433587 36.107452 0.055 0.0 16.0
4.2890577 31.91707 0.056 2.0 15.0
4.2890577 34.270702 0.056 2.0 15.0
4.2890577 34.270702 0.057 1.0 16.0
4.2890577 36.624332 0.057 1.0 16.0
4.2890577 36.624332 0.058 0.0 17.0
4.2890577 38.977962 0.058 0.0 17.0
4.2890577 38.977962 0.059 0.0 18.0
4.2890577 41.331593 0.059 0.0 18.0
4.2890577 27.20981 0.060 4.0 13.0
6.1981072 28.58644 0.060 4.0 13.0
6.1981072 28.58644 0.061 3.0 14.0
8.107157 29.963068 0.061 3.0 14.0
8.107157 29.963068 0.062 0.0 15.0
9.179421 32.058258 0.062 0.0 15.0
9.179421 32.058258 0.063 0.0 16.0
10.251686 34.15345 0.063 0.0 16.0
8.107157 29.963068 0.064 0.0 15.0
10.433746 30.318813 0.064 0.0 15.0
10.433746 30.318813 0.065 0.0 16.0
12.760336 30.674559 0.065 0.0 16.0
8.107157 29.963068 0.066 2.0 15.0
10.016207 31.339697 0.066 2.0 15.0
10.016207 31.339697 0.067 1.0 16.0
11.925257 32.716324 0.067 1.0 16.0
11.925257 32.716324 0.068 0.0 17.0
13.834307 34.092953 0.068 0.0 17.0
13.834307 34.092953 0.069 0.0 18.0
15.743357 35.46958 0.069 0.0 18.0
4.2890577 27.20981 0.070 8.0 13.0
5.3613224 29.305002 0.070 8.0 13.0
5.3613224 29.305002 0.071 7.0 14.0
6.433587 31.400194 0.071 7.0 14.0
6.433587 31.400194 0.072 6.0 15.0
7.5058517 33.495384 0.072 6.0 15.0
7.5058517 33.495384 0.073 5.0 16.0
8.578116 35.590576 0.073 5.0 16.0
8.578116 35.590576 0.074 4.0 17.0
9.650381 37.68577 0.074 4.0 17.0
9.650381 37.68577 0.075 3.0 18.0
10.722646 39.78096 0.075 3.0 18.0
10.722646 39.78096 0.076 0.0 19.0
10.722646 42.13459 0.076 0.0 19.0
10.722646 42.13459 0.077 0.0 20.0
10.722646 44.48822 0.077 0.0 20.0
10.722646 39.78096 0.078 0.0 19.0
12.631696 41.15759 0.078 0.0 19.0
12.631696 41.15759 0.079 0.0 20.0
14.540746 42.534218 0.079 0.0 20.0
10.722646 39.78096 0.080 2.0 19.0
11.79491 41.876152 0.080 2.0 19.0
11.79491 41.876152 0.081 1.0 20.0
12.867175 43.971344 0.081 1.0 20.0
12.867175 43.971344 0.082 0.0 21.0
13.93944 46.066536 0.082 0.0 21.0
13.93944 46.066536 0.083 0.0 22.0
15.011704 48.161728 0.083 0.0 22.0
0.0 18.829042 0.084 20.0 9.0
0.0 21.182673 0.084 20.0 9.0
0.0 21.182673 0.085 19.0 10.0
0.0 23.536303 0.085 19.0 10.0
0.0 23.536303 0.086 18.0 11.0
0.0 25.889933 0.086 18.0 11.0
0.0 25.889933 0.087 17.0 12.0
0.0 28.243563 0.087 17.0 12.0
0.0 28.243563 0.088 16.0 13.0
0.0 30.597193 0.088 16.0 13.0
0.0 30.597193 0.089 15.0 14.0
0.0 32.950825 0.089 15.0 14.0
0.0 32.950825 0.090 14.0 15.0
0.0 35.304455 0.090 14.0 15.0
0.0 35.304455 0.091 13.0 16.0
0.0 37.658085 0.091 13.0 16.0
0.0 37.658085 0.092 12.0 17.0
0.0 40.011715 0.092 12.0 17.0
0.0 40.011715 0.093 11.0 18.0
0.0 42.365345 0.093 11.0 18.0
0.0 42.365345 0.094 10.0 19.0
0.0 44.718975 0.094 10.0 19.0
0.0 44.718975 0.095 9.0 20.0
0.0 47.072605 0.095 9.0 20.0
0.0 47.072605 0.096 4.0 21.0
-1.0722644 49.167797 0.096 4.0 21.0
-1.0722644 49.167797 0.097 3.0 22.0
-2.1445289 51.26299 0.097 3.0 22.0
-2.1445289 51.26299 0.098 0.0 23.0
-4.0535784 52.639618 0.098 0.0 23.0
-4.0535784 52.639618 0.099 0.0 24.0
-5.962628 54.016247 0.099 0.0 24.0
-2.1445289 51.26299 0.0100 0.0 23.0
-2.1445289 53.61662 0.0100 0.0 23.0
-2.1445289 53.61662 0.0101 0.0 24.0
-2.1445289 55.97025 0.0101 0.0 24.0
-2.1445289 51.26299 0.0102 2.0 23.0
-3.2167933 53.35818 0.0102 2.0 23.0
-3.2167933 53.35818 0.0103 1.0 24.0
-4.2890577 55.453373 0.0103 1.0 24.0
-4.2890577 55.453373 0.0104 0.0 25.0
-5.3613224 57.548565 0.0104 0.0 25.0
-5.3613224 57.548565 0.0105 0.0 26.0
-6.433587 59.643757 0.0105 0.0 26.0
0.0 47.072605 0.0106 4.0 21.0
1.0722644 49.167797 0.0106 4.0 21.0
1.0722644 49.167797 0.0107 3.0 22.0
2.1445289 51.26299 0.0107 3.0 22.0
2.1445289 51.26299 0.0108 0.0 23.0
2.1445289 53.61662 0.0108 0.0 23.0
2.1445289 53.61662 0.0109 0.0 24.0
2.1445289 55.97025 0.0109 0.0 24.0
2.1445289 51.26299 0.0110 0.0 23.0
4.0535784 52.639618 0.0110 0.0 23.0
4.0535784 52.639618 0.0111 0.0 24.0
5.962628 54.016247 0.0111 0.0 24.0
2.1445289 51.26299 0.0112 2.0 23.0
3.2167933 53.35818 0.0112 2.0 23.0
3.2167933 53.35818 0.0113 1.0 24.0
4.2890577 55.453373 0.0113 1.0 24.0
4.2890577 55.453373 0.0114 0.0 25.0
5.3613224 57.548565 0.0114 0.0 25.0
5.3613224 57.548565 0.0115 0.0 26.0
6.433587 59.643757 0.0115 0.0 26.0
0.0 47.072605 0.0116 8.0 21.0
0.0 49.426235 0.0116 8.0 21.0
0.0 49.426235 0.0117 7.0 22.0
0.0 51.779865 0.0117 7.0 22.0
0.0 51.779865 0.0118 6.0 23.0
0.0 54.133495 0.0118 6.0 23.0
0.0 54.133495 0.0119 5.0 24.0
0.0 56.487125 0.0119 5.0 24.0
0.0 56.487125 0.0120 4.0 25.0
0.0 58.840755 0.0120 4.0 25.0
0.0 58.840755 0.0121 3.0 26.0
0.0 61.194386 0.0121 3.0 26.0
0.0 61.194386 0.0122 0.0 27.0
-1.0722644 63.289577 0.0122 0.0 27.0
-1.0722644 63.289577 0.0123 0.0 28.0
-2.1445289 65.384766 0.0123 0.0 28.0
0.0 61.194386 0.0124 0.0 27.0
1.0722644 63.289577 0.0124 0.0 27.0
1.0722644 63.289577 0.0125 0.0 28.0
2.1445289 65.384766 0.0125 0.0 28.0
0.0 61.194386 0.0126 2.0 27.0
0.0 63.548016 0.0126 2.0 27.0
0.0 63.548016 0.0127 1.0 28.0
0.0 65.90165 0.0127 1.0 28.0
0.0 65.90165 0.0128 0.0 29.0
0.0 68.25528 0.0128 0.0 29.0
0.0 68.25528 0.0129 0.0 30.0
0.0 70.60891 0.0129 0.0 30.0
