0.0 0.0 0.00 11.0 1.0
0.0 1.5509739 0.00 11.0 1.0
0.0 1.5509739 0.01 10.0 2.0
0.0 3.1019478 0.01 10.0 2.0
0.0 3.1019478 0.02 1.0 3.0
1.3094896 3.9330657 0.02 1.0 3.0
1.3094896 3.9330657 0.03 0.0 4.0
2.0566435 5.292213 0.03 0.0 4.0
2.0566435 5.292213 0.04 0.0 5.0
2.0566435 6.843187 0.04 0.0 5.0
0.0 3.1019478 0.05 1.0 3.0
-0.7471539 4.461095 0.05 1.0 3.0
-0.7471539 4.461095 0.06 0.0 4.0
-0.7471539 6.0120687 0.06 0.0 4.0
-0.7471539 6.0120687 0.07 0.0 5.0
0.0 7.371216 0.07 0.0 5.0
0.0 3.1019478 0.08 9.0 3.0
0.0 4.6529217 0.08 9.0 3.0
0.0 4.6529217 0.09 8.0 4.0
0.0 6.2038956 0.09 8.0 4.0
0.0 6.2038956 0.010 1.0 5.0
1.3094896 7.0350137 0.010 1.0 5.0
1.3094896 7.0350137 0.011 0.0 6.0
2.0566435 8.394161 0.011 0.0 6.0
2.0566435 8.394161 0.012 0.0 7.0
2.0566435 9.945135 0.012 0.0 7.0
0.0 6.2038956 0.013 1.0 5.0
-0.7471539 7.5630426 0.013 1.0 5.0
-0.7471539 7.5630426 0.014 0.0 6.0
-0.7471539 9.114017 0.014 0.0 6.0
-0.7471539 9.114017 0.015 0.0 7.0
0.0 10.473164 0.015 0.0 7.0
0.0 6.2038956 0.016 7.0 5.0
1.3094896 7.0350137 0.016 7.0 5.0
1.3094896 7.0350137 0.017 6.0 6.0
2.6189792 7.866132 0.017 6.0 6.0
2.6189792 7.866132 0.018 1.0 7.0
4.0224075 7.2058973 0.018 1.0 7.0
4.0224075 7.2058973 0.019 0.0 8.0
5.5703135 7.303398 0.019 0.0 8.0
5.5703135 7.303398 0.020 0.0 9.0
6.8798027 8.134516 0.020 0.0 9.0
2.6189792 7.866132 0.021 1.0 7.0
3.366133 9.225279 0.021 1.0 7.0
3.366133 9.225279 0.022 0.0 8.0
4.6756225 10.0563965 0.022 0.0 8.0
4.6756225 10.0563965 0.023 0.0 9.0
6.223529 10.153897 0.023 0.0 9.0
2.6189792 7.866132 0.024 5.0 7.0
3.366133 9.225279 0.024 5.0 7.0
3.366133 9.225279 0.025 4.0 8.0
4.1132865 10.584426 0.025 4.0 8.0
4.1132865 10.584426 0.026 1.0 9.0
5.661193 10.681927 0.026 1.0 9.0
5.661193 10.681927 0.027 0.0 10.0
6.970682 11.513044 0.027 0.0 10.0
6.970682 11.513044 0.028 0.0 11.0
7.717836 12.872191 0.028 0.0 11.0
4.1132865 10.584426 0.029 1.0 9.0
4.1132865 12.1354 0.029 1.0 9.0
4.1132865 12.1354 0.030 0.0 10.0
4.8604403 13.494547 0.030 0.0 10.0
4.8604403 13.494547 0.031 0.0 11.0
6.1699295 14.3256645 0.031 0.0 11.0
4.1132865 10.584426 0.032 3.0 9.0
4.1132865 12.1354 0.032 3.0 9.0
4.1132865 12.1354 0.033 2.0 10.0
4.1132865 13.686374 0.033 2.0 10.0
4.1132865 13.686374 0.034 1.0 11.0
5.422776 14.517492 0.034 1.0 11.0
5.422776 14.517492 0.035 0.0 12.0
6.16993 15.876639 0.035 0.0 12.0
6.16993 15.876639 0.036 0.0 13.0
6.16993 17.427612 0.036 0.0 13.0
4.1132865 13.686374 0.037 1.0 11.0
3.3661325 15.045521 0.037 1.0 11.0
3.3661325 15.045521 0.038 0.0 12.0
3.3661323 16.596495 0.038 0.0 12.0
3.3661323 16.596495 0.039 0.0 13.0
4.113286 17.955643 0.039 0.0 13.0
0.0 6.2038956 0.040 7.0 5.0
-0.7471539 7.5630426 0.040 7.0 5.0
-0.7471539 7.5630426 0.041 6.0 6.0
-1.4943078 8.92219 0.041 6.0 6.0
-1.4943078 8.92219 0.042 1.0 7.0
-0.7471539 10.281337 0.042 1.0 7.0
-0.7471539 10.281337 0.043 0.0 8.0
-0.7471539 11.832311 0.043 0.0 8.0
-0.7471539 11.832311 0.044 0.0 9.0
-1.4943078 13.191458 0.044 0.0 9.0
-1.4943078 8.92219 0.045 1.0 7.0
-2.8037972 9.753307 0.045 1.0 7.0
-2.8037972 9.753307 0.046 0.0 8.0
-3.550951 11.112454 0.046 0.0 8.0
-3.550951 11.112454 0.047 0.0 9.0
-3.550951 12.663428 0.047 0.0 9.0
-1.4943078 8.92219 0.048 5.0 7.0
-1.4943078 10.473164 0.048 5.0 7.0
-1.4943078 10.473164 0.049 4.0 8.0
-1.4943078 12.0241375 0.049 4.0 8.0
-1.4943078 12.0241375 0.050 1.0 9.0
-0.18481815 12.855255 0.050 1.0 9.0
-0.18481815 12.855255 0.051 0.0 10.0
0.5623357 14.214402 0.051 0.0 10.0
0.5623357 14.214402 0.052 0.0 11.0
0.5623357 15.765376 0.052 0.0 11.0
-1.4943078 12.0241375 0.053 1.0 9.0
-2.2414618 13.383285 0.053 1.0 9.0
-2.2414618 13.383285 0.054 0.0 10.0
-2.2414618 14.934258 0.054 0.0 10.0
-2.2414618 14.934258 0.055 0.0 11.0
-1.4943079 16.293406 0.055 0.0 11.0
-1.4943078 12.0241375 0.056 3.0 9.0
-0.7471539 13.383285 0.056 3.0 9.0
-0.7471539 13.383285 0.057 2.0 10.0
0.0 14.742432 0.057 2.0 10.0
0.0 14.742432 0.058 1.0 11.0
1.5479062 14.839932 0.058 1.0 11.0
1.5479062 14.839932 0.059 0.0 12.0
2.8573956 15.671051 0.059 0.0 12.0
2.8573956 15.671051 0.060 0.0 13.0
3.6045494 17.0302 0.060 0.0 13.0
0.0 14.742432 0.061 1.0 11.0
0.0 16.293406 0.061 1.0 11.0
0.0 16.293406 0.062 0.0 12.0
0.7471539 17.652554 0.062 0.0 12.0
0.7471539 17.652554 0.063 0.0 13.0
2.0566435 18.483671 0.063 0.0 13.0
