0.0 0.0 0.00 14.0 1.0
0.0 1.4784653 0.00 14.0 1.0
0.0 1.4784653 0.01 0.0 2.0
-0.9040832 2.6482916 0.01 0.0 2.0
0.0 1.4784653 0.02 13.0 2.0
0.0 2.9569306 0.02 13.0 2.0
0.0 2.9569306 0.03 0.0 3.0
0.9040832 4.1267567 0.03 0.0 3.0
0.9040832 4.1267567 0.04 0.0 4.0
0.9040832 5.6052217 0.04 0.0 4.0
0.9040832 4.1267567 0.05 0.0 4.0
1.8081664 5.2965827 0.05 0.0 4.0
0.0 2.9569306 0.06 12.0 3.0
0.0 4.435396 0.06 12.0 3.0
0.0 4.435396 0.07 0.0 4.0
-0.9040832 5.605222 0.07 0.0 4.0
0.0 4.435396 0.08 11.0 4.0
0.0 5.9138613 0.08 11.0 4.0
0.0 5.9138613 0.09 2.0 5.0
0.9040832 7.0836873 0.09 2.0 5.0
0.9040832 7.0836873 0.010 0.0 6.0
0.9040832 8.562153 0.010 0.0 6.0
0.9040832 7.0836873 0.011 1.0 6.0
1.8081664 8.253513 0.011 1.0 6.0
1.8081664 8.253513 0.012 0.0 7.0
3.2388663 8.626283 0.012 0.0 7.0
3.2388663 8.626283 0.013 0.0 8.0
4.1429496 9.796109 0.013 0.0 8.0
3.2388663 8.626283 0.014 0.0 8.0
4.669566 8.999052 0.014 0.0 8.0
1.8081664 8.253513 0.015 0.0 7.0
2.7122495 9.42334 0.015 0.0 7.0
2.7122495 9.42334 0.016 0.0 8.0
2.7122495 10.901805 0.016 0.0 8.0
2.7122495 9.42334 0.017 0.0 8.0
3.6163328 10.593166 0.017 0.0 8.0
0.0 5.9138613 0.018 10.0 5.0
0.0 7.3923264 0.018 10.0 5.0
0.0 7.3923264 0.019 0.0 6.0
-0.9040832 8.562153 0.019 0.0 6.0
0.0 7.3923264 0.020 9.0 6.0
0.0 8.870791 0.020 9.0 6.0
0.0 8.870791 0.021 0.0 7.0
0.9040832 10.040618 0.021 0.0 7.0
0.9040832 10.040618 0.022 0.0 8.0
0.9040832 11.519083 0.022 0.0 8.0
0.9040832 10.040618 0.023 0.0 8.0
1.8081664 11.210444 0.023 0.0 8.0
0.0 8.870791 0.024 8.0 7.0
0.0 10.3492565 0.024 8.0 7.0
0.0 10.3492565 0.025 0.0 8.0
-0.9040832 11.519083 0.025 0.0 8.0
0.0 10.3492565 0.026 7.0 8.0
0.0 11.827722 0.026 7.0 8.0
0.0 11.827722 0.027 6.0 9.0
0.9040832 12.997548 0.027 6.0 9.0
0.9040832 12.997548 0.028 0.0 10.0
0.9040832 14.476013 0.028 0.0 10.0
0.9040832 12.997548 0.029 5.0 10.0
1.8081664 14.167375 0.029 5.0 10.0
1.8081664 14.167375 0.030 0.0 11.0
3.2388663 14.540144 0.030 0.0 11.0
3.2388663 14.540144 0.031 0.0 12.0
4.1429496 15.70997 0.031 0.0 12.0
3.2388663 14.540144 0.032 0.0 12.0
4.669566 14.912913 0.032 0.0 12.0
1.8081664 14.167375 0.033 4.0 11.0
2.7122495 15.337201 0.033 4.0 11.0
2.7122495 15.337201 0.034 0.0 12.0
2.7122495 16.815666 0.034 0.0 12.0
2.7122495 15.337201 0.035 3.0 12.0
3.6163328 16.507027 0.035 3.0 12.0
3.6163328 16.507027 0.036 2.0 13.0
5.047033 16.879797 0.036 2.0 13.0
5.047033 16.879797 0.037 0.0 14.0
5.951116 18.049623 0.037 0.0 14.0
5.047033 16.879797 0.038 1.0 14.0
6.4777327 17.252567 0.038 1.0 14.0
6.4777327 17.252567 0.039 0.0 15.0
7.8377137 16.672644 0.039 0.0 15.0
7.8377137 16.672644 0.040 0.0 16.0
9.268414 17.045414 0.040 0.0 16.0
7.8377137 16.672644 0.041 0.0 16.0
9.197695 16.09272 0.041 0.0 16.0
6.4777327 17.252567 0.042 0.0 15.0
7.908433 17.625338 0.042 0.0 15.0
7.908433 17.625338 0.043 0.0 16.0
8.812516 18.795164 0.043 0.0 16.0
7.908433 17.625338 0.044 0.0 16.0
9.339133 17.998108 0.044 0.0 16.0
3.6163328 16.507027 0.045 2.0 13.0
4.520416 17.676853 0.045 2.0 13.0
4.520416 17.676853 0.046 0.0 14.0
4.520416 19.15532 0.046 0.0 14.0
4.520416 17.676853 0.047 1.0 14.0
5.424499 18.84668 0.047 1.0 14.0
5.424499 18.84668 0.048 0.0 15.0
6.855199 19.21945 0.048 0.0 15.0
6.855199 19.21945 0.049 0.0 16.0
7.759282 20.389277 0.049 0.0 16.0
6.855199 19.21945 0.050 0.0 16.0
8.285899 19.59222 0.050 0.0 16.0
5.424499 18.84668 0.051 0.0 15.0
6.3285823 20.016506 0.051 0.0 15.0
6.3285823 20.016506 0.052 0.0 16.0
6.3285823 21.494972 0.052 0.0 16.0
6.3285823 20.016506 0.053 0.0 16.0
7.2326655 21.186333 0.053 0.0 16.0
0.0 11.827722 0.054 6.0 9.0
0.0 13.306187 0.054 6.0 9.0
0.0 13.306187 0.055 0.0 10.0
-0.9040832 14.476013 0.055 0.0 10.0
0.0 13.306187 0.056 5.0 10.0
0.0 14.784652 0.056 5.0 10.0
0.0 14.784652 0.057 0.0 11.0
0.9040832 15.954478 0.057 0.0 11.0
0.9040832 15.954478 0.058 0.0 12.0
0.9040832 17.432943 0.058 0.0 12.0
0.9040832 15.954478 0.059 0.0 12.0
1.8081664 17.124304 0.059 0.0 12.0
0.0 14.784652 0.060 4.0 11.0
0.0 16.263117 0.060 4.0 11.0
0.0 16.263117 0.061 0.0 12.0
-0.9040832 17.432943 0.061 0.0 12.0
0.0 16.263117 0.062 3.0 12.0
0.0 17.741583 0.062 3.0 12.0
0.0 17.741583 0.063 2.0 13.0
0.9040832 18.91141 0.063 2.0 13.0
0.9040832 18.91141 0.064 0.0 14.0
0.9040832 20.389875 0.064 0.0 14.0
0.9040832 18.91141 0.065 1.0 14.0
1.8081664 20.081236 0.065 1.0 14.0
1.8081664 20.081236 0.066 0.0 15.0
3.2388663 20.454006 0.066 0.0 15.0
3.2388663 20.454006 0.067 0.0 16.0
4.1429496 21.623833 0.067 0.0 16.0
3.2388663 20.454006 0.068 0.0 16.0
4.669566 20.826777 0.068 0.0 16.0
1.8081664 20.081236 0.069 0.0 15.0
2.7122495 21.251062 0.069 0.0 15.0
2.7122495 21.251062 0.070 0.0 16.0
2.7122495 22.729528 0.070 0.0 16.0
2.7122495 21.251062 0.071 0.0 16.0
3.6163328 22.420889 0.071 0.0 16.0
0.0 17.741583 0.072 2.0 13.0
0.0 19.220049 0.072 2.0 13.0
0.0 19.220049 0.073 0.0 14.0
-0.9040832 20.389875 0.073 0.0 14.0
0.0 19.220049 0.074 1.0 14.0
0.0 20.698515 0.074 1.0 14.0
0.0 20.698515 0.075 0.0 15.0
0.9040832 21.868341 0.075 0.0 15.0
0.9040832 21.868341 0.076 0.0 16.0
0.9040832 23.346807 0.076 0.0 16.0
0.9040832 21.868341 0.077 0.0 16.0
1.8081664 23.038168 0.077 0.0 16.0
0.0 20.698515 0.078 0.0 15.0
0.0 22.176981 0.078 0.0 15.0
0.0 22.176981 0.079 0.0 16.0
-0.9040832 23.346807 0.079 0.0 16.0
0.0 22.176981 0.080 0.0 16.0
0.0 23.655447 0.080 0.0 16.0
