0.0 0.0 0.00 79.0 1.0
0.0 3.7927585 0.00 79.0 1.0
0.0 3.7927585 0.01 0.0 2.0
-1.5716981 7.244538 0.01 0.0 2.0
0.0 3.7927585 0.02 78.0 2.0
0.0 7.585517 0.02 78.0 2.0
0.0 7.585517 0.03 0.0 3.0
1.5716981 11.037296 0.03 0.0 3.0
0.0 7.585517 0.04 77.0 3.0
0.0 11.378275 0.04 77.0 3.0
0.0 11.378275 0.05 1.0 4.0
-1.5716981 14.830054 0.05 1.0 4.0
-1.5716981 14.830054 0.06 0.0 5.0
-4.4324946 17.320208 0.06 0.0 5.0
-1.5716981 14.830054 0.07 0.0 5.0
-3.1433961 18.281834 0.07 0.0 5.0
-3.1433961 18.281834 0.08 0.0 6.0
-3.1433961 22.074593 0.08 0.0 6.0
-3.1433961 18.281834 0.09 0.0 6.0
-4.715094 21.733612 0.09 0.0 6.0
0.0 11.378275 0.010 76.0 4.0
0.0 15.171034 0.010 76.0 4.0
0.0 15.171034 0.011 0.0 5.0
-1.5716981 18.622814 0.011 0.0 5.0
0.0 15.171034 0.012 75.0 5.0
0.0 18.963793 0.012 75.0 5.0
0.0 18.963793 0.013 0.0 6.0
1.5716981 22.415573 0.013 0.0 6.0
0.0 18.963793 0.014 74.0 6.0
0.0 22.756552 0.014 74.0 6.0
0.0 22.756552 0.015 1.0 7.0
1.5716981 26.208332 0.015 1.0 7.0
1.5716981 26.208332 0.016 0.0 8.0
1.5716981 30.001091 0.016 0.0 8.0
1.5716981 26.208332 0.017 0.0 8.0
3.1433961 29.66011 0.017 0.0 8.0
3.1433961 29.66011 0.018 0.0 9.0
6.0041924 32.150265 0.018 0.0 9.0
3.1433961 29.66011 0.019 0.0 9.0
4.715094 33.11189 0.019 0.0 9.0
0.0 22.756552 0.020 73.0 7.0
0.0 26.54931 0.020 73.0 7.0
0.0 26.54931 0.021 0.0 8.0
-1.5716981 30.001091 0.021 0.0 8.0
0.0 26.54931 0.022 72.0 8.0
0.0 30.34207 0.022 72.0 8.0
0.0 30.34207 0.023 0.0 9.0
1.5716981 33.79385 0.023 0.0 9.0
0.0 30.34207 0.024 71.0 9.0
0.0 34.134827 0.024 71.0 9.0
0.0 34.134827 0.025 7.0 10.0
1.5716981 37.586605 0.025 7.0 10.0
1.5716981 37.586605 0.026 0.0 11.0
1.5716981 41.379364 0.026 0.0 11.0
1.5716981 37.586605 0.027 6.0 11.0
3.1433961 41.038383 0.027 6.0 11.0
3.1433961 41.038383 0.028 0.0 12.0
6.0041924 43.528538 0.028 0.0 12.0
3.1433961 41.038383 0.029 5.0 12.0
4.715094 44.49016 0.029 5.0 12.0
4.715094 44.49016 0.030 1.0 13.0
4.715094 48.28292 0.030 1.0 13.0
4.715094 48.28292 0.031 0.0 14.0
3.143396 51.7347 0.031 0.0 14.0
4.715094 48.28292 0.032 0.0 14.0
4.715094 52.07568 0.032 0.0 14.0
4.715094 52.07568 0.033 0.0 15.0
6.2867923 55.52746 0.033 0.0 15.0
4.715094 52.07568 0.034 0.0 15.0
4.715094 55.86844 0.034 0.0 15.0
4.715094 44.49016 0.035 4.0 13.0
6.2867923 47.94194 0.035 4.0 13.0
6.2867923 47.94194 0.036 0.0 14.0
6.2867923 51.7347 0.036 0.0 14.0
6.2867923 47.94194 0.037 3.0 14.0
7.8584905 51.39372 0.037 3.0 14.0
7.8584905 51.39372 0.038 0.0 15.0
10.719287 53.883873 0.038 0.0 15.0
7.8584905 51.39372 0.039 2.0 15.0
9.430188 54.845497 0.039 2.0 15.0
9.430188 54.845497 0.040 1.0 16.0
12.290985 57.33565 0.040 1.0 16.0
12.290985 57.33565 0.041 0.0 17.0
13.862683 60.78743 0.041 0.0 17.0
12.290985 57.33565 0.042 0.0 17.0
15.151781 59.825806 0.042 0.0 17.0
15.151781 59.825806 0.043 0.0 18.0
18.78729 60.90659 0.043 0.0 18.0
15.151781 59.825806 0.044 0.0 18.0
18.012577 62.31596 0.044 0.0 18.0
9.430188 54.845497 0.045 1.0 16.0
11.001886 58.297276 0.045 1.0 16.0
11.001886 58.297276 0.046 0.0 17.0
11.001886 62.090034 0.046 0.0 17.0
11.001886 58.297276 0.047 0.0 17.0
12.573585 61.749054 0.047 0.0 17.0
12.573585 61.749054 0.048 0.0 18.0
15.4343815 64.239204 0.048 0.0 18.0
12.573585 61.749054 0.049 0.0 18.0
14.145283 65.200836 0.049 0.0 18.0
0.0 34.134827 0.050 70.0 10.0
0.0 37.927586 0.050 70.0 10.0
0.0 37.927586 0.051 0.0 11.0
-1.5716981 41.379364 0.051 0.0 11.0
0.0 37.927586 0.052 69.0 11.0
0.0 41.720345 0.052 69.0 11.0
0.0 41.720345 0.053 0.0 12.0
1.5716981 45.172123 0.053 0.0 12.0
0.0 41.720345 0.054 68.0 12.0
0.0 45.513103 0.054 68.0 12.0
0.0 45.513103 0.055 1.0 13.0
-1.5716981 48.96488 0.055 1.0 13.0
-1.5716981 48.96488 0.056 0.0 14.0
-4.4324946 51.455036 0.056 0.0 14.0
-1.5716981 48.96488 0.057 0.0 14.0
-3.1433961 52.41666 0.057 0.0 14.0
-3.1433961 52.41666 0.058 0.0 15.0
-3.1433961 56.20942 0.058 0.0 15.0
-3.1433961 52.41666 0.059 0.0 15.0
-4.715094 55.86844 0.059 0.0 15.0
0.0 45.513103 0.060 67.0 13.0
0.0 49.305862 0.060 67.0 13.0
0.0 49.305862 0.061 0.0 14.0
-1.5716981 52.75764 0.061 0.0 14.0
0.0 49.305862 0.062 66.0 14.0
0.0 53.09862 0.062 66.0 14.0
0.0 53.09862 0.063 0.0 15.0
1.5716981 56.5504 0.063 0.0 15.0
0.0 53.09862 0.064 65.0 15.0
0.0 56.89138 0.064 65.0 15.0
0.0 56.89138 0.065 1.0 16.0
1.5716981 60.34316 0.065 1.0 16.0
1.5716981 60.34316 0.066 0.0 17.0
1.5716981 64.13592 0.066 0.0 17.0
1.5716981 60.34316 0.067 0.0 17.0
3.1433961 63.794937 0.067 0.0 17.0
3.1433961 63.794937 0.068 0.0 18.0
6.0041924 66.28509 0.068 0.0 18.0
3.1433961 63.794937 0.069 0.0 18.0
4.715094 67.24672 0.069 0.0 18.0
0.0 56.89138 0.070 64.0 16.0
0.0 60.68414 0.070 64.0 16.0
0.0 60.68414 0.071 0.0 17.0
-1.5716981 64.13592 0.071 0.0 17.0
0.0 60.68414 0.072 63.0 17.0
0.0 64.4769 0.072 63.0 17.0
0.0 64.4769 0.073 0.0 18.0
1.5716981 67.92868 0.073 0.0 18.0
0.0 64.4769 0.074 62.0 18.0
0.0 68.26965 0.074 62.0 18.0
0.0 68.26965 0.075 7.0 19.0
1.5716981 71.721436 0.075 7.0 19.0
1.5716981 71.721436 0.076 0.0 20.0
1.5716981 75.51419 0.076 0.0 20.0
1.5716981 71.721436 0.077 6.0 20.0
3.1433961 75.17322 0.077 6.0 20.0
3.1433961 75.17322 0.078 0.0 21.0
6.0041924 77.66337 0.078 0.0 21.0
3.1433961 75.17322 0.079 5.0 21.0
4.715094 78.625 0.079 5.0 21.0
4.715094 78.625 0.080 1.0 22.0
4.715094 82.417755 0.080 1.0 22.0
4.715094 82.417755 0.081 0.0 23.0
3.143396 85.86954 0.081 0.0 23.0
4.715094 82.417755 0.082 0.0 23.0
4.715094 86.21051 0.082 0.0 23.0
4.715094 86.21051 0.083 0.0 24.0
6.2867923 89.66229 0.083 0.0 24.0
4.715094 86.21051 0.084 0.0 24.0
4.715094 90.003265 0.084 0.0 24.0
4.715094 78.625 0.085 4.0 22.0
6.2867923 82.07678 0.085 4.0 22.0
6.2867923 82.07678 0.086 0.0 23.0
6.2867923 85.86954 0.086 0.0 23.0
6.2867923 82.07678 0.087 3.0 23.0
7.8584905 85.528564 0.087 3.0 23.0
7.8584905 85.528564 0.088 0.0 24.0
10.719287 88.018715 0.088 0.0 24.0
7.8584905 85.528564 0.089 2.0 24.0
9.430188 88.98035 0.089 2.0 24.0
9.430188 88.98035 0.090 1.0 25.0
12.290985 91.4705 0.090 1.0 25.0
12.290985 91.4705 0.091 0.0 26.0
13.862683 94.92228 0.091 0.0 26.0
12.290985 91.4705 0.092 0.0 26.0
15.151781 93.96065 0.092 0.0 26.0
15.151781 93.96065 0.093 0.0 27.0
18.78729 95.04143 0.093 0.0 27.0
15.151781 93.96065 0.094 0.0 27.0
18.012577 96.4508 0.094 0.0 27.0
9.430188 88.98035 0.095 1.0 25.0
11.001886 92.43213 0.095 1.0 25.0
11.001886 92.43213 0.096 0.0 26.0
11.001886 96.224884 0.096 0.0 26.0
11.001886 92.43213 0.097 0.0 26.0
12.573585 95.88391 0.097 0.0 26.0
12.573585 95.88391 0.098 0.0 27.0
15.4343815 98.37406 0.098 0.0 27.0
12.573585 95.88391 0.099 0.0 27.0
14.145283 99.33569 0.099 0.0 27.0
0.0 68.26965 0.0100 61.0 19.0
0.0 72.06241 0.0100 61.0 19.0
0.0 72.06241 0.0101 0.0 20.0
-1.5716981 75.51419 0.0101 0.0 20.0
0.0 72.06241 0.0102 60.0 20.0
0.0 75.85516 0.0102 60.0 20.0
0.0 75.85516 0.0103 0.0 21.0
1.5716981 79.306946 0.0103 0.0 21.0
0.0 75.85516 0.0104 59.0 21.0
0.0 79.64792 0.0104 59.0 21.0
0.0 79.64792 0.0105 1.0 22.0
-1.5716981 83.0997 0.0105 1.0 22.0
-1.5716981 83.0997 0.0106 0.0 23.0
-4.4324946 85.58985 0.0106 0.0 23.0
-1.5716981 83.0997 0.0107 0.0 23.0
-3.1433961 86.55148 0.0107 0.0 23.0
-3.1433961 86.55148 0.0108 0.0 24.0
-3.1433961 90.34424 0.0108 0.0 24.0
-3.1433961 86.55148 0.0109 0.0 24.0
-4.715094 90.003265 0.0109 0.0 24.0
0.0 79.64792 0.0110 58.0 22.0
0.0 83.440674 0.0110 58.0 22.0
0.0 83.440674 0.0111 0.0 23.0
-1.5716981 86.892456 0.0111 0.0 23.0
0.0 83.440674 0.0112 57.0 23.0
0.0 87.23343 0.0112 57.0 23.0
0.0 87.23343 0.0113 0.0 24.0
1.5716981 90.68521 0.0113 0.0 24.0
0.0 87.23343 0.0114 56.0 24.0
0.0 91.026184 0.0114 56.0 24.0
0.0 91.026184 0.0115 1.0 25.0
1.5716981 94.47797 0.0115 1.0 25.0
1.5716981 94.47797 0.0116 0.0 26.0
1.5716981 98.27072 0.0116 0.0 26.0
1.5716981 94.47797 0.0117 0.0 26.0
3.1433961 97.92975 0.0117 0.0 26.0
3.1433961 97.92975 0.0118 0.0 27.0
6.0041924 100.4199 0.0118 0.0 27.0
3.1433961 97.92975 0.0119 0.0 27.0
4.715094 101.38153 0.0119 0.0 27.0
0.0 91.026184 0.0120 55.0 25.0
0.0 94.81894 0.0120 55.0 25.0
0.0 94.81894 0.0121 0.0 26.0
-1.5716981 98.27072 0.0121 0.0 26.0
0.0 94.81894 0.0122 54.0 26.0
0.0 98.611694 0.0122 54.0 26.0
0.0 98.611694 0.0123 0.0 27.0
1.5716981 102.06348 0.0123 0.0 27.0
0.0 98.611694 0.0124 53.0 27.0
0.0 102.40445 0.0124 53.0 27.0
0.0 102.40445 0.0125 25.0 28.0
1.5716981 105.85623 0.0125 25.0 28.0
1.5716981 105.85623 0.0126 0.0 29.0
1.5716981 109.64899 0.0126 0.0 29.0
1.5716981 105.85623 0.0127 24.0 29.0
3.1433961 109.308014 0.0127 24.0 29.0
3.1433961 109.308014 0.0128 0.0 30.0
6.0041924 111.798164 0.0128 0.0 30.0
3.1433961 109.308014 0.0129 23.0 30.0
4.715094 112.759796 0.0129 23.0 30.0
4.715094 112.759796 0.0130 1.0 31.0
4.715094 116.55255 0.0130 1.0 31.0
4.715094 116.55255 0.0131 0.0 32.0
3.143396 120.00433 0.0131 0.0 32.0
4.715094 116.55255 0.0132 0.0 32.0
4.715094 120.34531 0.0132 0.0 32.0
4.715094 120.34531 0.0133 0.0 33.0
6.2867923 123.79709 0.0133 0.0 33.0
4.715094 120.34531 0.0134 0.0 33.0
4.715094 124.13806 0.0134 0.0 33.0
4.715094 112.759796 0.0135 22.0 31.0
6.2867923 116.21158 0.0135 22.0 31.0
6.2867923 116.21158 0.0136 0.0 32.0
6.2867923 120.00433 0.0136 0.0 32.0
6.2867923 116.21158 0.0137 21.0 32.0
7.8584905 119.66336 0.0137 21.0 32.0
7.8584905 119.66336 0.0138 0.0 33.0
10.719287 122.15351 0.0138 0.0 33.0
7.8584905 119.66336 0.0139 20.0 33.0
9.430188 123.11514 0.0139 20.0 33.0
9.430188 123.11514 0.0140 1.0 34.0
12.290985 125.60529 0.0140 1.0 34.0
12.290985 125.60529 0.0141 0.0 35.0
13.862683 129.05707 0.0141 0.0 35.0
12.290985 125.60529 0.0142 0.0 35.0
15.151781 128.09544 0.0142 0.0 35.0
15.151781 128.09544 0.0143 0.0 36.0
18.78729 129.17622 0.0143 0.0 36.0
15.151781 128.09544 0.0144 0.0 36.0
18.012577 130.5856 0.0144 0.0 36.0
9.430188 123.11514 0.0145 19.0 34.0
11.001886 126.566925 0.0145 19.0 34.0
11.001886 126.566925 0.0146 0.0 35.0
11.001886 130.35968 0.0146 0.0 35.0
11.001886 126.566925 0.0147 18.0 35.0
12.573585 130.0187 0.0147 18.0 35.0
12.573585 130.0187 0.0148 0.0 36.0
15.4343815 132.50887 0.0148 0.0 36.0
12.573585 130.0187 0.0149 17.0 36.0
14.145283 133.47049 0.0149 17.0 36.0
14.145283 133.47049 0.0150 7.0 37.0
17.006079 135.96065 0.0150 7.0 37.0
17.006079 135.96065 0.0151 0.0 38.0
18.577776 139.41243 0.0151 0.0 38.0
17.006079 135.96065 0.0152 6.0 38.0
19.866875 138.4508 0.0152 6.0 38.0
19.866875 138.4508 0.0153 0.0 39.0
23.502384 139.53159 0.0153 0.0 39.0
19.866875 138.4508 0.0154 5.0 39.0
22.72767 140.94096 0.0154 5.0 39.0
22.72767 140.94096 0.0155 1.0 40.0
24.299368 144.39275 0.0155 1.0 40.0
24.299368 144.39275 0.0156 0.0 41.0
24.299368 148.1855 0.0156 0.0 41.0
24.299368 144.39275 0.0157 0.0 41.0
25.871065 147.84453 0.0157 0.0 41.0
25.871065 147.84453 0.0158 0.0 42.0
28.731861 150.33469 0.0158 0.0 42.0
25.871065 147.84453 0.0159 0.0 42.0
27.442762 151.29631 0.0159 0.0 42.0
22.72767 140.94096 0.0160 4.0 40.0
25.588467 143.43112 0.0160 4.0 40.0
25.588467 143.43112 0.0161 0.0 41.0
27.160164 146.8829 0.0161 0.0 41.0
25.588467 143.43112 0.0162 3.0 41.0
28.449263 145.92128 0.0162 3.0 41.0
28.449263 145.92128 0.0163 0.0 42.0
32.08477 147.00206 0.0163 0.0 42.0
28.449263 145.92128 0.0164 2.0 42.0
31.310059 148.41144 0.0164 2.0 42.0
31.310059 148.41144 0.0165 1.0 43.0
34.945568 149.49222 0.0165 1.0 43.0
34.945568 149.49222 0.0166 0.0 44.0
37.806366 151.98238 0.0166 0.0 44.0
34.945568 149.49222 0.0167 0.0 44.0
38.581078 150.573 0.0167 0.0 44.0
38.581078 150.573 0.0168 0.0 45.0
42.337616 150.05008 0.0168 0.0 45.0
38.581078 150.573 0.0169 0.0 45.0
42.216587 151.65378 0.0169 0.0 45.0
31.310059 148.41144 0.0170 1.0 43.0
34.170856 150.9016 0.0170 1.0 43.0
34.170856 150.9016 0.0171 0.0 44.0
35.742554 154.35338 0.0171 0.0 44.0
34.170856 150.9016 0.0172 0.0 44.0
37.031654 153.39175 0.0172 0.0 44.0
37.031654 153.39175 0.0173 0.0 45.0
40.667164 154.47253 0.0173 0.0 45.0
37.031654 153.39175 0.0174 0.0 45.0
39.892452 155.88191 0.0174 0.0 45.0
14.145283 133.47049 0.0175 16.0 37.0
15.716981 136.92227 0.0175 16.0 37.0
15.716981 136.92227 0.0176 0.0 38.0
15.716981 140.71503 0.0176 0.0 38.0
15.716981 136.92227 0.0177 15.0 38.0
17.28868 140.37405 0.0177 15.0 38.0
17.28868 140.37405 0.0178 0.0 39.0
20.149475 142.86421 0.0178 0.0 39.0
17.28868 140.37405 0.0179 14.0 39.0
18.860376 143.82584 0.0179 14.0 39.0
18.860376 143.82584 0.0180 1.0 40.0
18.860376 147.61859 0.0180 1.0 40.0
18.860376 147.61859 0.0181 0.0 41.0
17.28868 151.07037 0.0181 0.0 41.0
18.860376 147.61859 0.0182 0.0 41.0
18.860376 151.41135 0.0182 0.0 41.0
18.860376 151.41135 0.0183 0.0 42.0
20.432074 154.86313 0.0183 0.0 42.0
18.860376 151.41135 0.0184 0.0 42.0
18.860376 155.2041 0.0184 0.0 42.0
18.860376 143.82584 0.0185 13.0 40.0
20.432074 147.27762 0.0185 13.0 40.0
20.432074 147.27762 0.0186 0.0 41.0
20.432074 151.07037 0.0186 0.0 41.0
20.432074 147.27762 0.0187 12.0 41.0
22.00377 150.7294 0.0187 12.0 41.0
22.00377 150.7294 0.0188 0.0 42.0
24.864567 153.21956 0.0188 0.0 42.0
22.00377 150.7294 0.0189 11.0 42.0
23.575468 154.18118 0.0189 11.0 42.0
23.575468 154.18118 0.0190 1.0 43.0
26.436264 156.67134 0.0190 1.0 43.0
26.436264 156.67134 0.0191 0.0 44.0
28.007961 160.12312 0.0191 0.0 44.0
26.436264 156.67134 0.0192 0.0 44.0
29.29706 159.1615 0.0192 0.0 44.0
29.29706 159.1615 0.0193 0.0 45.0
32.932568 160.24228 0.0193 0.0 45.0
29.29706 159.1615 0.0194 0.0 45.0
32.157856 161.65166 0.0194 0.0 45.0
23.575468 154.18118 0.0195 10.0 43.0
25.147165 157.63297 0.0195 10.0 43.0
25.147165 157.63297 0.0196 0.0 44.0
25.147165 161.42572 0.0196 0.0 44.0
25.147165 157.63297 0.0197 9.0 44.0
26.718863 161.08475 0.0197 9.0 44.0
26.718863 161.08475 0.0198 0.0 45.0
29.579659 163.5749 0.0198 0.0 45.0
26.718863 161.08475 0.0199 8.0 45.0
28.29056 164.53653 0.0199 8.0 45.0
28.29056 164.53653 0.0200 7.0 46.0
31.151356 167.02669 0.0200 7.0 46.0
31.151356 167.02669 0.0201 0.0 47.0
32.723053 170.47847 0.0201 0.0 47.0
31.151356 167.02669 0.0202 6.0 47.0
34.012154 169.51685 0.0202 6.0 47.0
34.012154 169.51685 0.0203 0.0 48.0
37.647663 170.59763 0.0203 0.0 48.0
34.012154 169.51685 0.0204 5.0 48.0
36.87295 172.007 0.0204 5.0 48.0
36.87295 172.007 0.0205 1.0 49.0
38.44465 175.45879 0.0205 1.0 49.0
38.44465 175.45879 0.0206 0.0 50.0
38.44465 179.25154 0.0206 0.0 50.0
38.44465 175.45879 0.0207 0.0 50.0
40.016346 178.91057 0.0207 0.0 50.0
40.016346 178.91057 0.0208 0.0 51.0
42.877144 181.40073 0.0208 0.0 51.0
40.016346 178.91057 0.0209 0.0 51.0
41.588043 182.36235 0.0209 0.0 51.0
36.87295 172.007 0.0210 4.0 49.0
39.73375 174.49716 0.0210 4.0 49.0
39.73375 174.49716 0.0211 0.0 50.0
41.305447 177.94894 0.0211 0.0 50.0
39.73375 174.49716 0.0212 3.0 50.0
42.594547 176.98732 0.0212 3.0 50.0
42.594547 176.98732 0.0213 0.0 51.0
46.230057 178.0681 0.0213 0.0 51.0
42.594547 176.98732 0.0214 2.0 51.0
45.455345 179.47748 0.0214 2.0 51.0
45.455345 179.47748 0.0215 1.0 52.0
49.090855 180.55826 0.0215 1.0 52.0
49.090855 180.55826 0.0216 0.0 53.0
51.951653 183.04842 0.0216 0.0 53.0
49.090855 180.55826 0.0217 0.0 53.0
52.726364 181.63904 0.0217 0.0 53.0
52.726364 181.63904 0.0218 0.0 54.0
56.482903 181.11612 0.0218 0.0 54.0
52.726364 181.63904 0.0219 0.0 54.0
56.361874 182.71982 0.0219 0.0 54.0
45.455345 179.47748 0.0220 1.0 52.0
48.316143 181.96764 0.0220 1.0 52.0
48.316143 181.96764 0.0221 0.0 53.0
49.88784 185.41942 0.0221 0.0 53.0
48.316143 181.96764 0.0222 0.0 53.0
51.17694 184.4578 0.0222 0.0 53.0
51.17694 184.4578 0.0223 0.0 54.0
54.81245 185.53857 0.0223 0.0 54.0
51.17694 184.4578 0.0224 0.0 54.0
54.03774 186.94795 0.0224 0.0 54.0
28.29056 164.53653 0.0225 7.0 46.0
29.862257 167.98831 0.0225 7.0 46.0
29.862257 167.98831 0.0226 0.0 47.0
29.862257 171.78107 0.0226 0.0 47.0
29.862257 167.98831 0.0227 6.0 47.0
31.433954 171.4401 0.0227 6.0 47.0
31.433954 171.4401 0.0228 0.0 48.0
34.29475 173.93025 0.0228 0.0 48.0
31.433954 171.4401 0.0229 5.0 48.0
33.005653 174.89188 0.0229 5.0 48.0
33.005653 174.89188 0.0230 1.0 49.0
33.005653 178.68463 0.0230 1.0 49.0
33.005653 178.68463 0.0231 0.0 50.0
31.433956 182.13641 0.0231 0.0 50.0
33.005653 178.68463 0.0232 0.0 50.0
33.005653 182.47739 0.0232 0.0 50.0
33.005653 182.47739 0.0233 0.0 51.0
34.57735 185.92917 0.0233 0.0 51.0
33.005653 182.47739 0.0234 0.0 51.0
33.005653 186.27014 0.0234 0.0 51.0
33.005653 174.89188 0.0235 4.0 49.0
34.57735 178.34366 0.0235 4.0 49.0
34.57735 178.34366 0.0236 0.0 50.0
34.57735 182.13641 0.0236 0.0 50.0
34.57735 178.34366 0.0237 3.0 50.0
36.149048 181.79544 0.0237 3.0 50.0
36.149048 181.79544 0.0238 0.0 51.0
39.009846 184.2856 0.0238 0.0 51.0
36.149048 181.79544 0.0239 2.0 51.0
37.720745 185.24722 0.0239 2.0 51.0
37.720745 185.24722 0.0240 1.0 52.0
40.581543 187.73738 0.0240 1.0 52.0
40.581543 187.73738 0.0241 0.0 53.0
42.15324 191.18916 0.0241 0.0 53.0
40.581543 187.73738 0.0242 0.0 53.0
43.44234 190.22754 0.0242 0.0 53.0
43.44234 190.22754 0.0243 0.0 54.0
47.07785 191.30832 0.0243 0.0 54.0
43.44234 190.22754 0.0244 0.0 54.0
46.30314 192.7177 0.0244 0.0 54.0
37.720745 185.24722 0.0245 1.0 52.0
39.292442 188.699 0.0245 1.0 52.0
39.292442 188.699 0.0246 0.0 53.0
39.292442 192.49176 0.0246 0.0 53.0
39.292442 188.699 0.0247 0.0 53.0
40.86414 192.15079 0.0247 0.0 53.0
40.86414 192.15079 0.0248 0.0 54.0
43.724937 194.64095 0.0248 0.0 54.0
40.86414 192.15079 0.0249 0.0 54.0
42.435837 195.60257 0.0249 0.0 54.0
0.0 102.40445 0.0250 52.0 28.0
0.0 106.197205 0.0250 52.0 28.0
0.0 106.197205 0.0251 0.0 29.0
-1.5716981 109.64899 0.0251 0.0 29.0
0.0 106.197205 0.0252 51.0 29.0
0.0 109.98996 0.0252 51.0 29.0
0.0 109.98996 0.0253 0.0 30.0
1.5716981 113.44174 0.0253 0.0 30.0
0.0 109.98996 0.0254 50.0 30.0
0.0 113.782715 0.0254 50.0 30.0
0.0 113.782715 0.0255 1.0 31.0
-1.5716981 117.2345 0.0255 1.0 31.0
-1.5716981 117.2345 0.0256 0.0 32.0
-4.4324946 119.72465 0.0256 0.0 32.0
-1.5716981 117.2345 0.0257 0.0 32.0
-3.1433961 120.68628 0.0257 0.0 32.0
-3.1433961 120.68628 0.0258 0.0 33.0
-3.1433961 124.479034 0.0258 0.0 33.0
-3.1433961 120.68628 0.0259 0.0 33.0
-4.715094 124.13806 0.0259 0.0 33.0
0.0 113.782715 0.0260 49.0 31.0
0.0 117.57547 0.0260 49.0 31.0
0.0 117.57547 0.0261 0.0 32.0
-1.5716981 121.02725 0.0261 0.0 32.0
0.0 117.57547 0.0262 48.0 32.0
0.0 121.368225 0.0262 48.0 32.0
0.0 121.368225 0.0263 0.0 33.0
1.5716981 124.82001 0.0263 0.0 33.0
0.0 121.368225 0.0264 47.0 33.0
0.0 125.16098 0.0264 47.0 33.0
0.0 125.16098 0.0265 1.0 34.0
1.5716981 128.61276 0.0265 1.0 34.0
1.5716981 128.61276 0.0266 0.0 35.0
1.5716981 132.40552 0.0266 0.0 35.0
1.5716981 128.61276 0.0267 0.0 35.0
3.1433961 132.06454 0.0267 0.0 35.0
3.1433961 132.06454 0.0268 0.0 36.0
6.0041924 134.5547 0.0268 0.0 36.0
3.1433961 132.06454 0.0269 0.0 36.0
4.715094 135.51633 0.0269 0.0 36.0
0.0 125.16098 0.0270 46.0 34.0
0.0 128.95374 0.0270 46.0 34.0
0.0 128.95374 0.0271 0.0 35.0
-1.5716981 132.40552 0.0271 0.0 35.0
0.0 128.95374 0.0272 45.0 35.0
0.0 132.74649 0.0272 45.0 35.0
0.0 132.74649 0.0273 0.0 36.0
1.5716981 136.19827 0.0273 0.0 36.0
0.0 132.74649 0.0274 44.0 36.0
0.0 136.53925 0.0274 44.0 36.0
0.0 136.53925 0.0275 7.0 37.0
1.5716981 139.99103 0.0275 7.0 37.0
1.5716981 139.99103 0.0276 0.0 38.0
1.5716981 143.78378 0.0276 0.0 38.0
1.5716981 139.99103 0.0277 6.0 38.0
3.1433961 143.44281 0.0277 6.0 38.0
3.1433961 143.44281 0.0278 0.0 39.0
6.0041924 145.93297 0.0278 0.0 39.0
3.1433961 143.44281 0.0279 5.0 39.0
4.715094 146.89459 0.0279 5.0 39.0
4.715094 146.89459 0.0280 1.0 40.0
4.715094 150.68735 0.0280 1.0 40.0
4.715094 150.68735 0.0281 0.0 41.0
3.143396 154.13913 0.0281 0.0 41.0
4.715094 150.68735 0.0282 0.0 41.0
4.715094 154.4801 0.0282 0.0 41.0
4.715094 154.4801 0.0283 0.0 42.0
6.2867923 157.93188 0.0283 0.0 42.0
4.715094 154.4801 0.0284 0.0 42.0
4.715094 158.27286 0.0284 0.0 42.0
4.715094 146.89459 0.0285 4.0 40.0
6.2867923 150.34637 0.0285 4.0 40.0
6.2867923 150.34637 0.0286 0.0 41.0
6.2867923 154.13913 0.0286 0.0 41.0
6.2867923 150.34637 0.0287 3.0 41.0
7.8584905 153.79816 0.0287 3.0 41.0
7.8584905 153.79816 0.0288 0.0 42.0
10.719287 156.28831 0.0288 0.0 42.0
7.8584905 153.79816 0.0289 2.0 42.0
9.430188 157.24994 0.0289 2.0 42.0
9.430188 157.24994 0.0290 1.0 43.0
12.290985 159.7401 0.0290 1.0 43.0
12.290985 159.7401 0.0291 0.0 44.0
13.862683 163.19188 0.0291 0.0 44.0
12.290985 159.7401 0.0292 0.0 44.0
15.151781 162.23026 0.0292 0.0 44.0
15.151781 162.23026 0.0293 0.0 45.0
18.78729 163.31104 0.0293 0.0 45.0
15.151781 162.23026 0.0294 0.0 45.0
18.012577 164.72041 0.0294 0.0 45.0
9.430188 157.24994 0.0295 1.0 43.0
11.001886 160.70172 0.0295 1.0 43.0
11.001886 160.70172 0.0296 0.0 44.0
11.001886 164.49448 0.0296 0.0 44.0
11.001886 160.70172 0.0297 0.0 44.0
12.573585 164.1535 0.0297 0.0 44.0
12.573585 164.1535 0.0298 0.0 45.0
15.4343815 166.64366 0.0298 0.0 45.0
12.573585 164.1535 0.0299 0.0 45.0
14.145283 167.60529 0.0299 0.0 45.0
0.0 136.53925 0.0300 43.0 37.0
0.0 140.332 0.0300 43.0 37.0
0.0 140.332 0.0301 0.0 38.0
-1.5716981 143.78378 0.0301 0.0 38.0
0.0 140.332 0.0302 42.0 38.0
0.0 144.12476 0.0302 42.0 38.0
0.0 144.12476 0.0303 0.0 39.0
1.5716981 147.57654 0.0303 0.0 39.0
0.0 144.12476 0.0304 41.0 39.0
0.0 147.91751 0.0304 41.0 39.0
0.0 147.91751 0.0305 1.0 40.0
-1.5716981 151.3693 0.0305 1.0 40.0
-1.5716981 151.3693 0.0306 0.0 41.0
-4.4324946 153.85945 0.0306 0.0 41.0
-1.5716981 151.3693 0.0307 0.0 41.0
-3.1433961 154.82108 0.0307 0.0 41.0
-3.1433961 154.82108 0.0308 0.0 42.0
-3.1433961 158.61383 0.0308 0.0 42.0
-3.1433961 154.82108 0.0309 0.0 42.0
-4.715094 158.27286 0.0309 0.0 42.0
0.0 147.91751 0.0310 40.0 40.0
0.0 151.71027 0.0310 40.0 40.0
0.0 151.71027 0.0311 0.0 41.0
-1.5716981 155.16205 0.0311 0.0 41.0
0.0 151.71027 0.0312 39.0 41.0
0.0 155.50302 0.0312 39.0 41.0
0.0 155.50302 0.0313 0.0 42.0
1.5716981 158.9548 0.0313 0.0 42.0
0.0 155.50302 0.0314 38.0 42.0
0.0 159.29578 0.0314 38.0 42.0
0.0 159.29578 0.0315 1.0 43.0
1.5716981 162.74756 0.0315 1.0 43.0
1.5716981 162.74756 0.0316 0.0 44.0
1.5716981 166.54031 0.0316 0.0 44.0
1.5716981 162.74756 0.0317 0.0 44.0
3.1433961 166.19934 0.0317 0.0 44.0
3.1433961 166.19934 0.0318 0.0 45.0
6.0041924 168.6895 0.0318 0.0 45.0
3.1433961 166.19934 0.0319 0.0 45.0
4.715094 169.65112 0.0319 0.0 45.0
0.0 159.29578 0.0320 37.0 43.0
0.0 163.08853 0.0320 37.0 43.0
0.0 163.08853 0.0321 0.0 44.0
-1.5716981 166.54031 0.0321 0.0 44.0
0.0 163.08853 0.0322 36.0 44.0
0.0 166.88129 0.0322 36.0 44.0
0.0 166.88129 0.0323 0.0 45.0
1.5716981 170.33307 0.0323 0.0 45.0
0.0 166.88129 0.0324 35.0 45.0
0.0 170.67404 0.0324 35.0 45.0
0.0 170.67404 0.0325 7.0 46.0
1.5716981 174.12582 0.0325 7.0 46.0
1.5716981 174.12582 0.0326 0.0 47.0
1.5716981 177.91858 0.0326 0.0 47.0
1.5716981 174.12582 0.0327 6.0 47.0
3.1433961 177.5776 0.0327 6.0 47.0
3.1433961 177.5776 0.0328 0.0 48.0
6.0041924 180.06776 0.0328 0.0 48.0
3.1433961 177.5776 0.0329 5.0 48.0
4.715094 181.02939 0.0329 5.0 48.0
4.715094 181.02939 0.0330 1.0 49.0
4.715094 184.82214 0.0330 1.0 49.0
4.715094 184.82214 0.0331 0.0 50.0
3.143396 188.27393 0.0331 0.0 50.0
4.715094 184.82214 0.0332 0.0 50.0
4.715094 188.6149 0.0332 0.0 50.0
4.715094 188.6149 0.0333 0.0 51.0
6.2867923 192.06668 0.0333 0.0 51.0
4.715094 188.6149 0.0334 0.0 51.0
4.715094 192.40765 0.0334 0.0 51.0
4.715094 181.02939 0.0335 4.0 49.0
6.2867923 184.48117 0.0335 4.0 49.0
6.2867923 184.48117 0.0336 0.0 50.0
6.2867923 188.27393 0.0336 0.0 50.0
6.2867923 184.48117 0.0337 3.0 50.0
7.8584905 187.93295 0.0337 3.0 50.0
7.8584905 187.93295 0.0338 0.0 51.0
10.719287 190.42311 0.0338 0.0 51.0
7.8584905 187.93295 0.0339 2.0 51.0
9.430188 191.38474 0.0339 2.0 51.0
9.430188 191.38474 0.0340 1.0 52.0
12.290985 193.8749 0.0340 1.0 52.0
12.290985 193.8749 0.0341 0.0 53.0
13.862683 197.32668 0.0341 0.0 53.0
12.290985 193.8749 0.0342 0.0 53.0
15.151781 196.36505 0.0342 0.0 53.0
15.151781 196.36505 0.0343 0.0 54.0
18.78729 197.44583 0.0343 0.0 54.0
15.151781 196.36505 0.0344 0.0 54.0
18.012577 198.85521 0.0344 0.0 54.0
9.430188 191.38474 0.0345 1.0 52.0
11.001886 194.83652 0.0345 1.0 52.0
11.001886 194.83652 0.0346 0.0 53.0
11.001886 198.62927 0.0346 0.0 53.0
11.001886 194.83652 0.0347 0.0 53.0
12.573585 198.2883 0.0347 0.0 53.0
12.573585 198.2883 0.0348 0.0 54.0
15.4343815 200.77846 0.0348 0.0 54.0
12.573585 198.2883 0.0349 0.0 54.0
14.145283 201.74008 0.0349 0.0 54.0
0.0 170.67404 0.0350 34.0 46.0
0.0 174.4668 0.0350 34.0 46.0
0.0 174.4668 0.0351 0.0 47.0
-1.5716981 177.91858 0.0351 0.0 47.0
0.0 174.4668 0.0352 33.0 47.0
0.0 178.25955 0.0352 33.0 47.0
0.0 178.25955 0.0353 0.0 48.0
1.5716981 181.71133 0.0353 0.0 48.0
0.0 178.25955 0.0354 32.0 48.0
0.0 182.0523 0.0354 32.0 48.0
0.0 182.0523 0.0355 1.0 49.0
-1.5716981 185.50409 0.0355 1.0 49.0
-1.5716981 185.50409 0.0356 0.0 50.0
-4.4324946 187.99425 0.0356 0.0 50.0
-1.5716981 185.50409 0.0357 0.0 50.0
-3.1433961 188.95587 0.0357 0.0 50.0
-3.1433961 188.95587 0.0358 0.0 51.0
-3.1433961 192.74863 0.0358 0.0 51.0
-3.1433961 188.95587 0.0359 0.0 51.0
-4.715094 192.40765 0.0359 0.0 51.0
0.0 182.0523 0.0360 31.0 49.0
0.0 185.84506 0.0360 31.0 49.0
0.0 185.84506 0.0361 0.0 50.0
-1.5716981 189.29684 0.0361 0.0 50.0
0.0 185.84506 0.0362 30.0 50.0
0.0 189.63782 0.0362 30.0 50.0
0.0 189.63782 0.0363 0.0 51.0
1.5716981 193.0896 0.0363 0.0 51.0
0.0 189.63782 0.0364 29.0 51.0
0.0 193.43057 0.0364 29.0 51.0
0.0 193.43057 0.0365 1.0 52.0
1.5716981 196.88235 0.0365 1.0 52.0
1.5716981 196.88235 0.0366 0.0 53.0
1.5716981 200.67511 0.0366 0.0 53.0
1.5716981 196.88235 0.0367 0.0 53.0
3.1433961 200.33414 0.0367 0.0 53.0
3.1433961 200.33414 0.0368 0.0 54.0
6.0041924 202.8243 0.0368 0.0 54.0
3.1433961 200.33414 0.0369 0.0 54.0
4.715094 203.78592 0.0369 0.0 54.0
0.0 193.43057 0.0370 28.0 52.0
0.0 197.22333 0.0370 28.0 52.0
0.0 197.22333 0.0371 0.0 53.0
-1.5716981 200.67511 0.0371 0.0 53.0
0.0 197.22333 0.0372 27.0 53.0
0.0 201.01608 0.0372 27.0 53.0
0.0 201.01608 0.0373 0.0 54.0
1.5716981 204.46786 0.0373 0.0 54.0
0.0 201.01608 0.0374 26.0 54.0
0.0 204.80884 0.0374 26.0 54.0
0.0 204.80884 0.0375 25.0 55.0
1.5716981 208.26062 0.0375 25.0 55.0
1.5716981 208.26062 0.0376 0.0 56.0
1.5716981 212.05338 0.0376 0.0 56.0
1.5716981 208.26062 0.0377 24.0 56.0
3.1433961 211.7124 0.0377 24.0 56.0
3.1433961 211.7124 0.0378 0.0 57.0
6.0041924 214.20256 0.0378 0.0 57.0
3.1433961 211.7124 0.0379 23.0 57.0
4.715094 215.16418 0.0379 23.0 57.0
4.715094 215.16418 0.0380 1.0 58.0
4.715094 218.95694 0.0380 1.0 58.0
4.715094 218.95694 0.0381 0.0 59.0
3.143396 222.40872 0.0381 0.0 59.0
4.715094 218.95694 0.0382 0.0 59.0
4.715094 222.7497 0.0382 0.0 59.0
4.715094 222.7497 0.0383 0.0 60.0
6.2867923 226.20148 0.0383 0.0 60.0
4.715094 222.7497 0.0384 0.0 60.0
4.715094 226.54245 0.0384 0.0 60.0
4.715094 215.16418 0.0385 22.0 58.0
6.2867923 218.61597 0.0385 22.0 58.0
6.2867923 218.61597 0.0386 0.0 59.0
6.2867923 222.40872 0.0386 0.0 59.0
6.2867923 218.61597 0.0387 21.0 59.0
7.8584905 222.06775 0.0387 21.0 59.0
7.8584905 222.06775 0.0388 0.0 60.0
10.719287 224.5579 0.0388 0.0 60.0
7.8584905 222.06775 0.0389 20.0 60.0
9.430188 225.51953 0.0389 20.0 60.0
9.430188 225.51953 0.0390 1.0 61.0
12.290985 228.00969 0.0390 1.0 61.0
12.290985 228.00969 0.0391 0.0 62.0
13.862683 231.46147 0.0391 0.0 62.0
12.290985 228.00969 0.0392 0.0 62.0
15.151781 230.49985 0.0392 0.0 62.0
15.151781 230.49985 0.0393 0.0 63.0
18.78729 231.58063 0.0393 0.0 63.0
15.151781 230.49985 0.0394 0.0 63.0
18.012577 232.99 0.0394 0.0 63.0
9.430188 225.51953 0.0395 19.0 61.0
11.001886 228.97131 0.0395 19.0 61.0
11.001886 228.97131 0.0396 0.0 62.0
11.001886 232.76407 0.0396 0.0 62.0
11.001886 228.97131 0.0397 18.0 62.0
12.573585 232.4231 0.0397 18.0 62.0
12.573585 232.4231 0.0398 0.0 63.0
15.4343815 234.91325 0.0398 0.0 63.0
12.573585 232.4231 0.0399 17.0 63.0
14.145283 235.87488 0.0399 17.0 63.0
14.145283 235.87488 0.0400 7.0 64.0
17.006079 238.36504 0.0400 7.0 64.0
17.006079 238.36504 0.0401 0.0 65.0
18.577776 241.81682 0.0401 0.0 65.0
17.006079 238.36504 0.0402 6.0 65.0
19.866875 240.8552 0.0402 6.0 65.0
19.866875 240.8552 0.0403 0.0 66.0
23.502384 241.93597 0.0403 0.0 66.0
19.866875 240.8552 0.0404 5.0 66.0
22.72767 243.34535 0.0404 5.0 66.0
22.72767 243.34535 0.0405 1.0 67.0
24.299368 246.79713 0.0405 1.0 67.0
24.299368 246.79713 0.0406 0.0 68.0
24.299368 250.58989 0.0406 0.0 68.0
24.299368 246.79713 0.0407 0.0 68.0
25.871065 250.24892 0.0407 0.0 68.0
25.871065 250.24892 0.0408 0.0 69.0
28.731861 252.73907 0.0408 0.0 69.0
25.871065 250.24892 0.0409 0.0 69.0
27.442762 253.7007 0.0409 0.0 69.0
22.72767 243.34535 0.0410 4.0 67.0
25.588467 245.83551 0.0410 4.0 67.0
25.588467 245.83551 0.0411 0.0 68.0
27.160164 249.2873 0.0411 0.0 68.0
25.588467 245.83551 0.0412 3.0 68.0
28.449263 248.32567 0.0412 3.0 68.0
28.449263 248.32567 0.0413 0.0 69.0
32.08477 249.40645 0.0413 0.0 69.0
28.449263 248.32567 0.0414 2.0 69.0
31.310059 250.81583 0.0414 2.0 69.0
31.310059 250.81583 0.0415 1.0 70.0
34.945568 251.8966 0.0415 1.0 70.0
34.945568 251.8966 0.0416 0.0 71.0
37.806366 254.38676 0.0416 0.0 71.0
34.945568 251.8966 0.0417 0.0 71.0
38.581078 252.97739 0.0417 0.0 71.0
38.581078 252.97739 0.0418 0.0 72.0
42.337616 252.45447 0.0418 0.0 72.0
38.581078 252.97739 0.0419 0.0 72.0
42.216587 254.05817 0.0419 0.0 72.0
31.310059 250.81583 0.0420 1.0 70.0
34.170856 253.30598 0.0420 1.0 70.0
34.170856 253.30598 0.0421 0.0 71.0
35.742554 256.75775 0.0421 0.0 71.0
34.170856 253.30598 0.0422 0.0 71.0
37.031654 255.79614 0.0422 0.0 71.0
37.031654 255.79614 0.0423 0.0 72.0
40.667164 256.87692 0.0423 0.0 72.0
37.031654 255.79614 0.0424 0.0 72.0
39.892452 258.2863 0.0424 0.0 72.0
14.145283 235.87488 0.0425 16.0 64.0
15.716981 239.32666 0.0425 16.0 64.0
15.716981 239.32666 0.0426 0.0 65.0
15.716981 243.11942 0.0426 0.0 65.0
15.716981 239.32666 0.0427 15.0 65.0
17.28868 242.77844 0.0427 15.0 65.0
17.28868 242.77844 0.0428 0.0 66.0
20.149475 245.2686 0.0428 0.0 66.0
17.28868 242.77844 0.0429 14.0 66.0
18.860376 246.23022 0.0429 14.0 66.0
18.860376 246.23022 0.0430 1.0 67.0
18.860376 250.02298 0.0430 1.0 67.0
18.860376 250.02298 0.0431 0.0 68.0
17.28868 253.47476 0.0431 0.0 68.0
18.860376 250.02298 0.0432 0.0 68.0
18.860376 253.81573 0.0432 0.0 68.0
18.860376 253.81573 0.0433 0.0 69.0
20.432074 257.26752 0.0433 0.0 69.0
18.860376 253.81573 0.0434 0.0 69.0
18.860376 257.6085 0.0434 0.0 69.0
18.860376 246.23022 0.0435 13.0 67.0
20.432074 249.682 0.0435 13.0 67.0
20.432074 249.682 0.0436 0.0 68.0
20.432074 253.47476 0.0436 0.0 68.0
20.432074 249.682 0.0437 12.0 68.0
22.00377 253.13379 0.0437 12.0 68.0
22.00377 253.13379 0.0438 0.0 69.0
24.864567 255.62395 0.0438 0.0 69.0
22.00377 253.13379 0.0439 11.0 69.0
23.575468 256.58557 0.0439 11.0 69.0
23.575468 256.58557 0.0440 1.0 70.0
26.436264 259.0757 0.0440 1.0 70.0
26.436264 259.0757 0.0441 0.0 71.0
28.007961 262.5275 0.0441 0.0 71.0
26.436264 259.0757 0.0442 0.0 71.0
29.29706 261.56586 0.0442 0.0 71.0
29.29706 261.56586 0.0443 0.0 72.0
32.932568 262.64664 0.0443 0.0 72.0
29.29706 261.56586 0.0444 0.0 72.0
32.157856 264.056 0.0444 0.0 72.0
23.575468 256.58557 0.0445 10.0 70.0
25.147165 260.03735 0.0445 10.0 70.0
25.147165 260.03735 0.0446 0.0 71.0
25.147165 263.8301 0.0446 0.0 71.0
25.147165 260.03735 0.0447 9.0 71.0
26.718863 263.48914 0.0447 9.0 71.0
26.718863 263.48914 0.0448 0.0 72.0
29.579659 265.97928 0.0448 0.0 72.0
26.718863 263.48914 0.0449 8.0 72.0
28.29056 266.94092 0.0449 8.0 72.0
28.29056 266.94092 0.0450 7.0 73.0
31.151356 269.43106 0.0450 7.0 73.0
31.151356 269.43106 0.0451 0.0 74.0
32.723053 272.88284 0.0451 0.0 74.0
31.151356 269.43106 0.0452 6.0 74.0
34.012154 271.9212 0.0452 6.0 74.0
34.012154 271.9212 0.0453 0.0 75.0
37.647663 273.00198 0.0453 0.0 75.0
34.012154 271.9212 0.0454 5.0 75.0
36.87295 274.41135 0.0454 5.0 75.0
36.87295 274.41135 0.0455 1.0 76.0
38.44465 277.86313 0.0455 1.0 76.0
38.44465 277.86313 0.0456 0.0 77.0
38.44465 281.65588 0.0456 0.0 77.0
38.44465 277.86313 0.0457 0.0 77.0
40.016346 281.3149 0.0457 0.0 77.0
40.016346 281.3149 0.0458 0.0 78.0
42.877144 283.80505 0.0458 0.0 78.0
40.016346 281.3149 0.0459 0.0 78.0
41.588043 284.7667 0.0459 0.0 78.0
36.87295 274.41135 0.0460 4.0 76.0
39.73375 276.9015 0.0460 4.0 76.0
39.73375 276.9015 0.0461 0.0 77.0
41.305447 280.35327 0.0461 0.0 77.0
39.73375 276.9015 0.0462 3.0 77.0
42.594547 279.39163 0.0462 3.0 77.0
42.594547 279.39163 0.0463 0.0 78.0
46.230057 280.4724 0.0463 0.0 78.0
42.594547 279.39163 0.0464 2.0 78.0
45.455345 281.88177 0.0464 2.0 78.0
45.455345 281.88177 0.0465 1.0 79.0
49.090855 282.96255 0.0465 1.0 79.0
49.090855 282.96255 0.0466 0.0 80.0
51.951653 285.4527 0.0466 0.0 80.0
49.090855 282.96255 0.0467 0.0 80.0
52.726364 284.04333 0.0467 0.0 80.0
52.726364 284.04333 0.0468 0.0 81.0
56.482903 283.52042 0.0468 0.0 81.0
52.726364 284.04333 0.0469 0.0 81.0
56.361874 285.1241 0.0469 0.0 81.0
45.455345 281.88177 0.0470 1.0 79.0
48.316143 284.37192 0.0470 1.0 79.0
48.316143 284.37192 0.0471 0.0 80.0
49.88784 287.8237 0.0471 0.0 80.0
48.316143 284.37192 0.0472 0.0 80.0
51.17694 286.86206 0.0472 0.0 80.0
51.17694 286.86206 0.0473 0.0 81.0
54.81245 287.94284 0.0473 0.0 81.0
51.17694 286.86206 0.0474 0.0 81.0
54.03774 289.3522 0.0474 0.0 81.0
28.29056 266.94092 0.0475 7.0 73.0
29.862257 270.3927 0.0475 7.0 73.0
29.862257 270.3927 0.0476 0.0 74.0
29.862257 274.18546 0.0476 0.0 74.0
29.862257 270.3927 0.0477 6.0 74.0
31.433954 273.84448 0.0477 6.0 74.0
31.433954 273.84448 0.0478 0.0 75.0
34.29475 276.33463 0.0478 0.0 75.0
31.433954 273.84448 0.0479 5.0 75.0
33.005653 277.29626 0.0479 5.0 75.0
33.005653 277.29626 0.0480 1.0 76.0
33.005653 281.08902 0.0480 1.0 76.0
33.005653 281.08902 0.0481 0.0 77.0
31.433956 284.5408 0.0481 0.0 77.0
33.005653 281.08902 0.0482 0.0 77.0
33.005653 284.88177 0.0482 0.0 77.0
33.005653 284.88177 0.0483 0.0 78.0
34.57735 288.33356 0.0483 0.0 78.0
33.005653 284.88177 0.0484 0.0 78.0
33.005653 288.67453 0.0484 0.0 78.0
33.005653 277.29626 0.0485 4.0 76.0
34.57735 280.74805 0.0485 4.0 76.0
34.57735 280.74805 0.0486 0.0 77.0
34.57735 284.5408 0.0486 0.0 77.0
34.57735 280.74805 0.0487 3.0 77.0
36.149048 284.19983 0.0487 3.0 77.0
36.149048 284.19983 0.0488 0.0 78.0
39.009846 286.68997 0.0488 0.0 78.0
36.149048 284.19983 0.0489 2.0 78.0
37.720745 287.6516 0.0489 2.0 78.0
37.720745 287.6516 0.0490 1.0 79.0
40.581543 290.14175 0.0490 1.0 79.0
40.581543 290.14175 0.0491 0.0 80.0
42.15324 293.59354 0.0491 0.0 80.0
40.581543 290.14175 0.0492 0.0 80.0
43.44234 292.6319 0.0492 0.0 80.0
43.44234 292.6319 0.0493 0.0 81.0
47.07785 293.71268 0.0493 0.0 81.0
43.44234 292.6319 0.0494 0.0 81.0
46.30314 295.12204 0.0494 0.0 81.0
37.720745 287.6516 0.0495 1.0 79.0
39.292442 291.1034 0.0495 1.0 79.0
39.292442 291.1034 0.0496 0.0 80.0
39.292442 294.89615 0.0496 0.0 80.0
39.292442 291.1034 0.0497 0.0 80.0
40.86414 294.55518 0.0497 0.0 80.0
40.86414 294.55518 0.0498 0.0 81.0
43.724937 297.04532 0.0498 0.0 81.0
40.86414 294.55518 0.0499 0.0 81.0
42.435837 298.00696 0.0499 0.0 81.0
0.0 204.80884 0.0500 25.0 55.0
0.0 208.6016 0.0500 25.0 55.0
0.0 208.6016 0.0501 0.0 56.0
-1.5716981 212.05338 0.0501 0.0 56.0
0.0 208.6016 0.0502 24.0 56.0
0.0 212.39435 0.0502 24.0 56.0
0.0 212.39435 0.0503 0.0 57.0
1.5716981 215.84613 0.0503 0.0 57.0
0.0 212.39435 0.0504 23.0 57.0
0.0 216.1871 0.0504 23.0 57.0
0.0 216.1871 0.0505 1.0 58.0
-1.5716981 219.63889 0.0505 1.0 58.0
-1.5716981 219.63889 0.0506 0.0 59.0
-4.4324946 222.12904 0.0506 0.0 59.0
-1.5716981 219.63889 0.0507 0.0 59.0
-3.1433961 223.09067 0.0507 0.0 59.0
-3.1433961 223.09067 0.0508 0.0 60.0
-3.1433961 226.88342 0.0508 0.0 60.0
-3.1433961 223.09067 0.0509 0.0 60.0
-4.715094 226.54245 0.0509 0.0 60.0
0.0 216.1871 0.0510 22.0 58.0
0.0 219.97986 0.0510 22.0 58.0
0.0 219.97986 0.0511 0.0 59.0
-1.5716981 223.43164 0.0511 0.0 59.0
0.0 219.97986 0.0512 21.0 59.0
0.0 223.77261 0.0512 21.0 59.0
0.0 223.77261 0.0513 0.0 60.0
1.5716981 227.2244 0.0513 0.0 60.0
0.0 223.77261 0.0514 20.0 60.0
0.0 227.56537 0.0514 20.0 60.0
0.0 227.56537 0.0515 1.0 61.0
1.5716981 231.01715 0.0515 1.0 61.0
1.5716981 231.01715 0.0516 0.0 62.0
1.5716981 234.8099 0.0516 0.0 62.0
1.5716981 231.01715 0.0517 0.0 62.0
3.1433961 234.46893 0.0517 0.0 62.0
3.1433961 234.46893 0.0518 0.0 63.0
6.0041924 236.95909 0.0518 0.0 63.0
3.1433961 234.46893 0.0519 0.0 63.0
4.715094 237.92072 0.0519 0.0 63.0
0.0 227.56537 0.0520 19.0 61.0
0.0 231.35812 0.0520 19.0 61.0
0.0 231.35812 0.0521 0.0 62.0
-1.5716981 234.8099 0.0521 0.0 62.0
0.0 231.35812 0.0522 18.0 62.0
0.0 235.15088 0.0522 18.0 62.0
0.0 235.15088 0.0523 0.0 63.0
1.5716981 238.60266 0.0523 0.0 63.0
0.0 235.15088 0.0524 17.0 63.0
0.0 238.94363 0.0524 17.0 63.0
0.0 238.94363 0.0525 7.0 64.0
1.5716981 242.39542 0.0525 7.0 64.0
1.5716981 242.39542 0.0526 0.0 65.0
1.5716981 246.18817 0.0526 0.0 65.0
1.5716981 242.39542 0.0527 6.0 65.0
3.1433961 245.8472 0.0527 6.0 65.0
3.1433961 245.8472 0.0528 0.0 66.0
6.0041924 248.33736 0.0528 0.0 66.0
3.1433961 245.8472 0.0529 5.0 66.0
4.715094 249.29898 0.0529 5.0 66.0
4.715094 249.29898 0.0530 1.0 67.0
4.715094 253.09174 0.0530 1.0 67.0
4.715094 253.09174 0.0531 0.0 68.0
3.143396 256.54352 0.0531 0.0 68.0
4.715094 253.09174 0.0532 0.0 68.0
4.715094 256.8845 0.0532 0.0 68.0
4.715094 256.8845 0.0533 0.0 69.0
6.2867923 260.33627 0.0533 0.0 69.0
4.715094 256.8845 0.0534 0.0 69.0
4.715094 260.67725 0.0534 0.0 69.0
4.715094 249.29898 0.0535 4.0 67.0
6.2867923 252.75076 0.0535 4.0 67.0
6.2867923 252.75076 0.0536 0.0 68.0
6.2867923 256.54352 0.0536 0.0 68.0
6.2867923 252.75076 0.0537 3.0 68.0
7.8584905 256.20255 0.0537 3.0 68.0
7.8584905 256.20255 0.0538 0.0 69.0
10.719287 258.6927 0.0538 0.0 69.0
7.8584905 256.20255 0.0539 2.0 69.0
9.430188 259.65433 0.0539 2.0 69.0
9.430188 259.65433 0.0540 1.0 70.0
12.290985 262.14447 0.0540 1.0 70.0
12.290985 262.14447 0.0541 0.0 71.0
13.862683 265.59625 0.0541 0.0 71.0
12.290985 262.14447 0.0542 0.0 71.0
15.151781 264.6346 0.0542 0.0 71.0
15.151781 264.6346 0.0543 0.0 72.0
18.78729 265.7154 0.0543 0.0 72.0
15.151781 264.6346 0.0544 0.0 72.0
18.012577 267.12476 0.0544 0.0 72.0
9.430188 259.65433 0.0545 1.0 70.0
11.001886 263.1061 0.0545 1.0 70.0
11.001886 263.1061 0.0546 0.0 71.0
11.001886 266.89886 0.0546 0.0 71.0
11.001886 263.1061 0.0547 0.0 71.0
12.573585 266.5579 0.0547 0.0 71.0
12.573585 266.5579 0.0548 0.0 72.0
15.4343815 269.04803 0.0548 0.0 72.0
12.573585 266.5579 0.0549 0.0 72.0
14.145283 270.00967 0.0549 0.0 72.0
0.0 238.94363 0.0550 16.0 64.0
0.0 242.73639 0.0550 16.0 64.0
0.0 242.73639 0.0551 0.0 65.0
-1.5716981 246.18817 0.0551 0.0 65.0
0.0 242.73639 0.0552 15.0 65.0
0.0 246.52914 0.0552 15.0 65.0
0.0 246.52914 0.0553 0.0 66.0
1.5716981 249.98093 0.0553 0.0 66.0
0.0 246.52914 0.0554 14.0 66.0
0.0 250.3219 0.0554 14.0 66.0
0.0 250.3219 0.0555 1.0 67.0
-1.5716981 253.77368 0.0555 1.0 67.0
-1.5716981 253.77368 0.0556 0.0 68.0
-4.4324946 256.26382 0.0556 0.0 68.0
-1.5716981 253.77368 0.0557 0.0 68.0
-3.1433961 257.22546 0.0557 0.0 68.0
-3.1433961 257.22546 0.0558 0.0 69.0
-3.1433961 261.01822 0.0558 0.0 69.0
-3.1433961 257.22546 0.0559 0.0 69.0
-4.715094 260.67725 0.0559 0.0 69.0
0.0 250.3219 0.0560 13.0 67.0
0.0 254.11465 0.0560 13.0 67.0
0.0 254.11465 0.0561 0.0 68.0
-1.5716981 257.56644 0.0561 0.0 68.0
0.0 254.11465 0.0562 12.0 68.0
0.0 257.9074 0.0562 12.0 68.0
0.0 257.9074 0.0563 0.0 69.0
1.5716981 261.3592 0.0563 0.0 69.0
0.0 257.9074 0.0564 11.0 69.0
0.0 261.70016 0.0564 11.0 69.0
0.0 261.70016 0.0565 1.0 70.0
1.5716981 265.15195 0.0565 1.0 70.0
1.5716981 265.15195 0.0566 0.0 71.0
1.5716981 268.9447 0.0566 0.0 71.0
1.5716981 265.15195 0.0567 0.0 71.0
3.1433961 268.60373 0.0567 0.0 71.0
3.1433961 268.60373 0.0568 0.0 72.0
6.0041924 271.09387 0.0568 0.0 72.0
3.1433961 268.60373 0.0569 0.0 72.0
4.715094 272.0555 0.0569 0.0 72.0
0.0 261.70016 0.0570 10.0 70.0
0.0 265.49292 0.0570 10.0 70.0
0.0 265.49292 0.0571 0.0 71.0
-1.5716981 268.9447 0.0571 0.0 71.0
0.0 265.49292 0.0572 9.0 71.0
0.0 269.28568 0.0572 9.0 71.0
0.0 269.28568 0.0573 0.0 72.0
1.5716981 272.73746 0.0573 0.0 72.0
0.0 269.28568 0.0574 8.0 72.0
0.0 273.07843 0.0574 8.0 72.0
0.0 273.07843 0.0575 7.0 73.0
1.5716981 276.5302 0.0575 7.0 73.0
1.5716981 276.5302 0.0576 0.0 74.0
1.5716981 280.32297 0.0576 0.0 74.0
1.5716981 276.5302 0.0577 6.0 74.0
3.1433961 279.982 0.0577 6.0 74.0
3.1433961 279.982 0.0578 0.0 75.0
6.0041924 282.47214 0.0578 0.0 75.0
3.1433961 279.982 0.0579 5.0 75.0
4.715094 283.43378 0.0579 5.0 75.0
4.715094 283.43378 0.0580 1.0 76.0
4.715094 287.22653 0.0580 1.0 76.0
4.715094 287.22653 0.0581 0.0 77.0
3.143396 290.6783 0.0581 0.0 77.0
4.715094 287.22653 0.0582 0.0 77.0
4.715094 291.0193 0.0582 0.0 77.0
4.715094 291.0193 0.0583 0.0 78.0
6.2867923 294.47107 0.0583 0.0 78.0
4.715094 291.0193 0.0584 0.0 78.0
4.715094 294.81204 0.0584 0.0 78.0
4.715094 283.43378 0.0585 4.0 76.0
6.2867923 286.88556 0.0585 4.0 76.0
6.2867923 286.88556 0.0586 0.0 77.0
6.2867923 290.6783 0.0586 0.0 77.0
6.2867923 286.88556 0.0587 3.0 77.0
7.8584905 290.33734 0.0587 3.0 77.0
7.8584905 290.33734 0.0588 0.0 78.0
10.719287 292.82748 0.0588 0.0 78.0
7.8584905 290.33734 0.0589 2.0 78.0
9.430188 293.78912 0.0589 2.0 78.0
9.430188 293.78912 0.0590 1.0 79.0
12.290985 296.27927 0.0590 1.0 79.0
12.290985 296.27927 0.0591 0.0 80.0
13.862683 299.73105 0.0591 0.0 80.0
12.290985 296.27927 0.0592 0.0 80.0
15.151781 298.7694 0.0592 0.0 80.0
15.151781 298.7694 0.0593 0.0 81.0
18.78729 299.8502 0.0593 0.0 81.0
15.151781 298.7694 0.0594 0.0 81.0
18.012577 301.25955 0.0594 0.0 81.0
9.430188 293.78912 0.0595 1.0 79.0
11.001886 297.2409 0.0595 1.0 79.0
11.001886 297.2409 0.0596 0.0 80.0
11.001886 301.03366 0.0596 0.0 80.0
11.001886 297.2409 0.0597 0.0 80.0
12.573585 300.6927 0.0597 0.0 80.0
12.573585 300.6927 0.0598 0.0 81.0
15.4343815 303.18283 0.0598 0.0 81.0
12.573585 300.6927 0.0599 0.0 81.0
14.145283 304.14447 0.0599 0.0 81.0
0.0 273.07843 0.0600 7.0 73.0
0.0 276.8712 0.0600 7.0 73.0
0.0 276.8712 0.0601 0.0 74.0
-1.5716981 280.32297 0.0601 0.0 74.0
0.0 276.8712 0.0602 6.0 74.0
0.0 280.66394 0.0602 6.0 74.0
0.0 280.66394 0.0603 0.0 75.0
1.5716981 284.11572 0.0603 0.0 75.0
0.0 280.66394 0.0604 5.0 75.0
0.0 284.4567 0.0604 5.0 75.0
0.0 284.4567 0.0605 1.0 76.0
-1.5716981 287.90848 0.0605 1.0 76.0
-1.5716981 287.90848 0.0606 0.0 77.0
-4.4324946 290.39862 0.0606 0.0 77.0
-1.5716981 287.90848 0.0607 0.0 77.0
-3.1433961 291.36026 0.0607 0.0 77.0
-3.1433961 291.36026 0.0608 0.0 78.0
-3.1433961 295.153 0.0608 0.0 78.0
-3.1433961 291.36026 0.0609 0.0 78.0
-4.715094 294.81204 0.0609 0.0 78.0
0.0 284.4567 0.0610 4.0 76.0
0.0 288.24945 0.0610 4.0 76.0
0.0 288.24945 0.0611 0.0 77.0
-1.5716981 291.70123 0.0611 0.0 77.0
0.0 288.24945 0.0612 3.0 77.0
0.0 292.0422 0.0612 3.0 77.0
0.0 292.0422 0.0613 0.0 78.0
1.5716981 295.494 0.0613 0.0 78.0
0.0 292.0422 0.0614 2.0 78.0
0.0 295.83496 0.0614 2.0 78.0
0.0 295.83496 0.0615 1.0 79.0
1.5716981 299.28674 0.0615 1.0 79.0
1.5716981 299.28674 0.0616 0.0 80.0
1.5716981 303.0795 0.0616 0.0 80.0
1.5716981 299.28674 0.0617 0.0 80.0
3.1433961 302.73853 0.0617 0.0 80.0
3.1433961 302.73853 0.0618 0.0 81.0
6.0041924 305.22867 0.0618 0.0 81.0
3.1433961 302.73853 0.0619 0.0 81.0
4.715094 306.1903 0.0619 0.0 81.0
0.0 295.83496 0.0620 1.0 79.0
0.0 299.62772 0.0620 1.0 79.0
0.0 299.62772 0.0621 0.0 80.0
-1.5716981 303.0795 0.0621 0.0 80.0
0.0 299.62772 0.0622 0.0 80.0
0.0 303.42047 0.0622 0.0 80.0
0.0 303.42047 0.0623 0.0 81.0
1.5716981 306.87225 0.0623 0.0 81.0
0.0 303.42047 0.0624 0.0 81.0
0.0 307.21323 0.0624 0.0 81.0
