0.0 0.0 0.00 29.0 1.0
0.0 3.0774856 0.00 29.0 1.0
0.0 3.0774856 0.01 0.0 2.0
-1.9474896 5.4603834 0.01 0.0 2.0
0.0 3.0774856 0.02 28.0 2.0
0.0 6.154971 0.02 28.0 2.0
0.0 6.154971 0.03 0.0 3.0
1.9474896 8.5378685 0.03 0.0 3.0
0.0 6.154971 0.04 0.0 3.0
0.0 9.232456 0.04 0.0 3.0
0.0 6.154971 0.05 1.0 3.0
-1.9474896 8.5378685 0.05 1.0 3.0
-1.9474896 8.5378685 0.06 0.0 4.0
-4.9633727 9.150539 0.06 0.0 4.0
-1.9474896 8.5378685 0.07 0.0 4.0
-3.8949792 10.920767 0.07 0.0 4.0
-3.8949792 10.920767 0.08 0.0 5.0
-3.8949792 13.998253 0.08 0.0 5.0
-3.8949792 10.920767 0.09 0.0 5.0
-5.8424687 13.303665 0.09 0.0 5.0
0.0 6.154971 0.010 27.0 3.0
0.0 9.232456 0.010 27.0 3.0
0.0 9.232456 0.011 0.0 4.0
-1.9474896 11.615355 0.011 0.0 4.0
0.0 9.232456 0.012 26.0 4.0
0.0 12.309942 0.012 26.0 4.0
0.0 12.309942 0.013 0.0 5.0
1.9474896 14.692841 0.013 0.0 5.0
0.0 12.309942 0.014 0.0 5.0
0.0 15.387428 0.014 0.0 5.0
0.0 12.309942 0.015 1.0 5.0
1.9474896 14.692841 0.015 1.0 5.0
1.9474896 14.692841 0.016 0.0 6.0
1.9474896 17.770327 0.016 0.0 6.0
1.9474896 14.692841 0.017 0.0 6.0
3.8949792 17.075739 0.017 0.0 6.0
3.8949792 17.075739 0.018 0.0 7.0
6.9108624 17.68841 0.018 0.0 7.0
3.8949792 17.075739 0.019 0.0 7.0
5.8424687 19.458637 0.019 0.0 7.0
0.0 12.309942 0.020 1.0 5.0
0.0 15.387428 0.020 1.0 5.0
0.0 15.387428 0.021 0.0 6.0
-1.9474896 17.770327 0.021 0.0 6.0
0.0 15.387428 0.022 0.0 6.0
0.0 18.464914 0.022 0.0 6.0
0.0 18.464914 0.023 0.0 7.0
1.9474896 20.847813 0.023 0.0 7.0
0.0 18.464914 0.024 0.0 7.0
0.0 21.5424 0.024 0.0 7.0
0.0 12.309942 0.025 5.0 5.0
-1.9474896 14.692841 0.025 5.0 5.0
-1.9474896 14.692841 0.026 0.0 6.0
-4.9633727 15.305511 0.026 0.0 6.0
-1.9474896 14.692841 0.027 4.0 6.0
-3.8949792 17.075739 0.027 4.0 6.0
-3.8949792 17.075739 0.028 0.0 7.0
-3.8949792 20.153225 0.028 0.0 7.0
-3.8949792 17.075739 0.029 0.0 7.0
-5.8424687 19.458637 0.029 0.0 7.0
-3.8949792 17.075739 0.030 1.0 7.0
-6.9108624 17.68841 0.030 1.0 7.0
-6.9108624 17.68841 0.031 0.0 8.0
-9.633771 16.254295 0.031 0.0 8.0
-6.9108624 17.68841 0.032 0.0 8.0
-9.926745 18.30108 0.032 0.0 8.0
-9.926745 18.30108 0.033 0.0 9.0
-11.874235 20.683979 0.033 0.0 9.0
-9.926745 18.30108 0.034 0.0 9.0
-12.942629 18.913752 0.034 0.0 9.0
-3.8949792 17.075739 0.035 3.0 7.0
-5.8424687 19.458637 0.035 3.0 7.0
-5.8424687 19.458637 0.036 0.0 8.0
-8.858352 20.071308 0.036 0.0 8.0
-5.8424687 19.458637 0.037 2.0 8.0
-7.7899585 21.841536 0.037 2.0 8.0
-7.7899585 21.841536 0.038 0.0 9.0
-7.7899585 24.919022 0.038 0.0 9.0
-7.7899585 21.841536 0.039 0.0 9.0
-9.737448 24.224434 0.039 0.0 9.0
-7.7899585 21.841536 0.040 1.0 9.0
-7.7899585 24.919022 0.040 1.0 9.0
-7.7899585 24.919022 0.041 0.0 10.0
-9.737448 27.30192 0.041 0.0 10.0
-7.7899585 24.919022 0.042 0.0 10.0
-7.7899585 27.996508 0.042 0.0 10.0
-7.7899585 27.996508 0.043 0.0 11.0
-5.8424687 30.379406 0.043 0.0 11.0
-7.7899585 27.996508 0.044 0.0 11.0
-7.7899585 31.073994 0.044 0.0 11.0
-7.7899585 21.841536 0.045 1.0 9.0
-9.737448 24.224434 0.045 1.0 9.0
-9.737448 24.224434 0.046 0.0 10.0
-12.753331 24.837105 0.046 0.0 10.0
-9.737448 24.224434 0.047 0.0 10.0
-11.6849375 26.607332 0.047 0.0 10.0
-11.6849375 26.607332 0.048 0.0 11.0
-11.6849375 29.684818 0.048 0.0 11.0
-11.6849375 26.607332 0.049 0.0 11.0
-13.632427 28.99023 0.049 0.0 11.0
0.0 12.309942 0.050 25.0 5.0
0.0 15.387428 0.050 25.0 5.0
0.0 15.387428 0.051 0.0 6.0
-1.9474896 17.770327 0.051 0.0 6.0
0.0 15.387428 0.052 24.0 6.0
0.0 18.464914 0.052 24.0 6.0
0.0 18.464914 0.053 0.0 7.0
1.9474896 20.847813 0.053 0.0 7.0
0.0 18.464914 0.054 0.0 7.0
0.0 21.5424 0.054 0.0 7.0
0.0 18.464914 0.055 1.0 7.0
-1.9474896 20.847813 0.055 1.0 7.0
-1.9474896 20.847813 0.056 0.0 8.0
-4.9633727 21.460484 0.056 0.0 8.0
-1.9474896 20.847813 0.057 0.0 8.0
-3.8949792 23.230711 0.057 0.0 8.0
-3.8949792 23.230711 0.058 0.0 9.0
-3.8949792 26.308197 0.058 0.0 9.0
-3.8949792 23.230711 0.059 0.0 9.0
-5.8424687 25.61361 0.059 0.0 9.0
0.0 18.464914 0.060 23.0 7.0
0.0 21.5424 0.060 23.0 7.0
0.0 21.5424 0.061 0.0 8.0
-1.9474896 23.925299 0.061 0.0 8.0
0.0 21.5424 0.062 22.0 8.0
0.0 24.619886 0.062 22.0 8.0
0.0 24.619886 0.063 0.0 9.0
1.9474896 27.002785 0.063 0.0 9.0
0.0 24.619886 0.064 0.0 9.0
0.0 27.697372 0.064 0.0 9.0
0.0 24.619886 0.065 1.0 9.0
1.9474896 27.002785 0.065 1.0 9.0
1.9474896 27.002785 0.066 0.0 10.0
1.9474896 30.08027 0.066 0.0 10.0
1.9474896 27.002785 0.067 0.0 10.0
3.8949792 29.385683 0.067 0.0 10.0
3.8949792 29.385683 0.068 0.0 11.0
6.9108624 29.998354 0.068 0.0 11.0
3.8949792 29.385683 0.069 0.0 11.0
5.8424687 31.768581 0.069 0.0 11.0
0.0 24.619886 0.070 1.0 9.0
0.0 27.697372 0.070 1.0 9.0
0.0 27.697372 0.071 0.0 10.0
-1.9474896 30.08027 0.071 0.0 10.0
0.0 27.697372 0.072 0.0 10.0
0.0 30.774858 0.072 0.0 10.0
0.0 30.774858 0.073 0.0 11.0
1.9474896 33.157757 0.073 0.0 11.0
0.0 30.774858 0.074 0.0 11.0
0.0 33.852345 0.074 0.0 11.0
0.0 24.619886 0.075 5.0 9.0
1.9474896 27.002785 0.075 5.0 9.0
1.9474896 27.002785 0.076 0.0 10.0
1.9474896 30.08027 0.076 0.0 10.0
1.9474896 27.002785 0.077 4.0 10.0
3.8949792 29.385683 0.077 4.0 10.0
3.8949792 29.385683 0.078 0.0 11.0
6.9108624 29.998354 0.078 0.0 11.0
3.8949792 29.385683 0.079 0.0 11.0
5.8424687 31.768581 0.079 0.0 11.0
3.8949792 29.385683 0.080 1.0 11.0
3.8949792 32.46317 0.080 1.0 11.0
3.8949792 32.46317 0.081 0.0 12.0
1.9474896 34.846066 0.081 0.0 12.0
3.8949792 32.46317 0.082 0.0 12.0
3.8949792 35.540653 0.082 0.0 12.0
3.8949792 35.540653 0.083 0.0 13.0
5.8424687 37.92355 0.083 0.0 13.0
3.8949792 35.540653 0.084 0.0 13.0
3.8949792 38.618137 0.084 0.0 13.0
3.8949792 29.385683 0.085 3.0 11.0
5.8424687 31.768581 0.085 3.0 11.0
5.8424687 31.768581 0.086 0.0 12.0
5.8424687 34.846066 0.086 0.0 12.0
5.8424687 31.768581 0.087 2.0 12.0
7.7899585 34.151478 0.087 2.0 12.0
7.7899585 34.151478 0.088 0.0 13.0
10.805841 34.76415 0.088 0.0 13.0
7.7899585 34.151478 0.089 0.0 13.0
9.737448 36.534374 0.089 0.0 13.0
7.7899585 34.151478 0.090 1.0 13.0
10.805841 34.76415 0.090 1.0 13.0
10.805841 34.76415 0.091 0.0 14.0
12.753331 37.147045 0.091 0.0 14.0
10.805841 34.76415 0.092 0.0 14.0
13.821725 35.37682 0.092 0.0 14.0
13.821725 35.37682 0.093 0.0 15.0
16.544634 33.942703 0.093 0.0 15.0
13.821725 35.37682 0.094 0.0 15.0
16.837608 35.98949 0.094 0.0 15.0
7.7899585 34.151478 0.095 1.0 13.0
9.737448 36.534374 0.095 1.0 13.0
9.737448 36.534374 0.096 0.0 14.0
9.737448 39.61186 0.096 0.0 14.0
9.737448 36.534374 0.097 0.0 14.0
11.6849375 38.91727 0.097 0.0 14.0
11.6849375 38.91727 0.098 0.0 15.0
14.700821 39.52994 0.098 0.0 15.0
11.6849375 38.91727 0.099 0.0 15.0
13.632427 41.300167 0.099 0.0 15.0
0.0 24.619886 0.0100 5.0 9.0
0.0 27.697372 0.0100 5.0 9.0
0.0 27.697372 0.0101 0.0 10.0
-1.9474896 30.08027 0.0101 0.0 10.0
0.0 27.697372 0.0102 4.0 10.0
0.0 30.774858 0.0102 4.0 10.0
0.0 30.774858 0.0103 0.0 11.0
1.9474896 33.157757 0.0103 0.0 11.0
0.0 30.774858 0.0104 0.0 11.0
0.0 33.852345 0.0104 0.0 11.0
0.0 30.774858 0.0105 1.0 11.0
-1.9474896 33.157757 0.0105 1.0 11.0
-1.9474896 33.157757 0.0106 0.0 12.0
-4.9633727 33.770428 0.0106 0.0 12.0
-1.9474896 33.157757 0.0107 0.0 12.0
-3.8949792 35.540653 0.0107 0.0 12.0
-3.8949792 35.540653 0.0108 0.0 13.0
-3.8949792 38.618137 0.0108 0.0 13.0
-3.8949792 35.540653 0.0109 0.0 13.0
-5.8424687 37.92355 0.0109 0.0 13.0
0.0 30.774858 0.0110 3.0 11.0
0.0 33.852345 0.0110 3.0 11.0
0.0 33.852345 0.0111 0.0 12.0
-1.9474896 36.23524 0.0111 0.0 12.0
0.0 33.852345 0.0112 2.0 12.0
0.0 36.92983 0.0112 2.0 12.0
0.0 36.92983 0.0113 0.0 13.0
1.9474896 39.312725 0.0113 0.0 13.0
0.0 36.92983 0.0114 0.0 13.0
0.0 40.007313 0.0114 0.0 13.0
0.0 36.92983 0.0115 1.0 13.0
1.9474896 39.312725 0.0115 1.0 13.0
1.9474896 39.312725 0.0116 0.0 14.0
1.9474896 42.39021 0.0116 0.0 14.0
1.9474896 39.312725 0.0117 0.0 14.0
3.8949792 41.69562 0.0117 0.0 14.0
3.8949792 41.69562 0.0118 0.0 15.0
6.9108624 42.308292 0.0118 0.0 15.0
3.8949792 41.69562 0.0119 0.0 15.0
5.8424687 44.078518 0.0119 0.0 15.0
0.0 36.92983 0.0120 1.0 13.0
0.0 40.007313 0.0120 1.0 13.0
0.0 40.007313 0.0121 0.0 14.0
-1.9474896 42.39021 0.0121 0.0 14.0
0.0 40.007313 0.0122 0.0 14.0
0.0 43.084797 0.0122 0.0 14.0
0.0 43.084797 0.0123 0.0 15.0
1.9474896 45.467693 0.0123 0.0 15.0
0.0 43.084797 0.0124 0.0 15.0
0.0 46.16228 0.0124 0.0 15.0
0.0 24.619886 0.0125 13.0 9.0
-1.9474896 27.002785 0.0125 13.0 9.0
-1.9474896 27.002785 0.0126 0.0 10.0
-4.9633727 27.615456 0.0126 0.0 10.0
-1.9474896 27.002785 0.0127 12.0 10.0
-3.8949792 29.385683 0.0127 12.0 10.0
-3.8949792 29.385683 0.0128 0.0 11.0
-3.8949792 32.46317 0.0128 0.0 11.0
-3.8949792 29.385683 0.0129 0.0 11.0
-5.8424687 31.768581 0.0129 0.0 11.0
-3.8949792 29.385683 0.0130 1.0 11.0
-6.9108624 29.998354 0.0130 1.0 11.0
-6.9108624 29.998354 0.0131 0.0 12.0
-9.633771 28.56424 0.0131 0.0 12.0
-6.9108624 29.998354 0.0132 0.0 12.0
-9.926745 30.611025 0.0132 0.0 12.0
-9.926745 30.611025 0.0133 0.0 13.0
-11.874235 32.993923 0.0133 0.0 13.0
-9.926745 30.611025 0.0134 0.0 13.0
-12.942629 31.223696 0.0134 0.0 13.0
-3.8949792 29.385683 0.0135 11.0 11.0
-5.8424687 31.768581 0.0135 11.0 11.0
-5.8424687 31.768581 0.0136 0.0 12.0
-8.858352 32.381252 0.0136 0.0 12.0
-5.8424687 31.768581 0.0137 10.0 12.0
-7.7899585 34.151478 0.0137 10.0 12.0
-7.7899585 34.151478 0.0138 0.0 13.0
-7.7899585 37.228962 0.0138 0.0 13.0
-7.7899585 34.151478 0.0139 0.0 13.0
-9.737448 36.534374 0.0139 0.0 13.0
-7.7899585 34.151478 0.0140 1.0 13.0
-7.7899585 37.228962 0.0140 1.0 13.0
-7.7899585 37.228962 0.0141 0.0 14.0
-9.737448 39.61186 0.0141 0.0 14.0
-7.7899585 37.228962 0.0142 0.0 14.0
-7.7899585 40.306446 0.0142 0.0 14.0
-7.7899585 40.306446 0.0143 0.0 15.0
-5.8424687 42.689342 0.0143 0.0 15.0
-7.7899585 40.306446 0.0144 0.0 15.0
-7.7899585 43.38393 0.0144 0.0 15.0
-7.7899585 34.151478 0.0145 1.0 13.0
-9.737448 36.534374 0.0145 1.0 13.0
-9.737448 36.534374 0.0146 0.0 14.0
-12.753331 37.147045 0.0146 0.0 14.0
-9.737448 36.534374 0.0147 0.0 14.0
-11.6849375 38.91727 0.0147 0.0 14.0
-11.6849375 38.91727 0.0148 0.0 15.0
-11.6849375 41.994755 0.0148 0.0 15.0
-11.6849375 38.91727 0.0149 0.0 15.0
-13.632427 41.300167 0.0149 0.0 15.0
-7.7899585 34.151478 0.0150 5.0 13.0
-10.805841 34.76415 0.0150 5.0 13.0
-10.805841 34.76415 0.0151 0.0 14.0
-13.528749 33.330032 0.0151 0.0 14.0
-10.805841 34.76415 0.0152 4.0 14.0
-13.821725 35.37682 0.0152 4.0 14.0
-13.821725 35.37682 0.0153 0.0 15.0
-15.769215 37.759716 0.0153 0.0 15.0
-13.821725 35.37682 0.0154 0.0 15.0
-16.837608 35.98949 0.0154 0.0 15.0
-13.821725 35.37682 0.0155 1.0 15.0
-16.544634 33.942703 0.0155 1.0 15.0
-16.544634 33.942703 0.0156 0.0 16.0
-17.745447 31.109161 0.0156 0.0 16.0
-16.544634 33.942703 0.0157 0.0 16.0
-19.267542 32.508587 0.0157 0.0 16.0
-19.267542 32.508587 0.0158 0.0 17.0
-22.283424 33.121258 0.0158 0.0 17.0
-19.267542 32.508587 0.0159 0.0 17.0
-21.99045 31.07447 0.0159 0.0 17.0
-13.821725 35.37682 0.0160 3.0 15.0
-16.837608 35.98949 0.0160 3.0 15.0
-16.837608 35.98949 0.0161 0.0 16.0
-19.560516 34.555374 0.0161 0.0 16.0
-16.837608 35.98949 0.0162 2.0 16.0
-19.85349 36.60216 0.0162 2.0 16.0
-19.85349 36.60216 0.0163 0.0 17.0
-21.80098 38.985058 0.0163 0.0 17.0
-19.85349 36.60216 0.0164 0.0 17.0
-22.869373 37.214832 0.0164 0.0 17.0
-19.85349 36.60216 0.0165 1.0 17.0
-21.80098 38.985058 0.0165 1.0 17.0
-21.80098 38.985058 0.0166 0.0 18.0
-24.816862 39.59773 0.0166 0.0 18.0
-21.80098 38.985058 0.0167 0.0 18.0
-23.748468 41.367954 0.0167 0.0 18.0
-23.748468 41.367954 0.0168 0.0 19.0
-23.748468 44.44544 0.0168 0.0 19.0
-23.748468 41.367954 0.0169 0.0 19.0
-25.695957 43.75085 0.0169 0.0 19.0
-19.85349 36.60216 0.0170 1.0 17.0
-22.869373 37.214832 0.0170 1.0 17.0
-22.869373 37.214832 0.0171 0.0 18.0
-25.592281 35.780716 0.0171 0.0 18.0
-22.869373 37.214832 0.0172 0.0 18.0
-25.885256 37.827503 0.0172 0.0 18.0
-25.885256 37.827503 0.0173 0.0 19.0
-27.832745 40.2104 0.0173 0.0 19.0
-25.885256 37.827503 0.0174 0.0 19.0
-28.901138 38.440174 0.0174 0.0 19.0
-7.7899585 34.151478 0.0175 9.0 13.0
-9.737448 36.534374 0.0175 9.0 13.0
-9.737448 36.534374 0.0176 0.0 14.0
-12.753331 37.147045 0.0176 0.0 14.0
-9.737448 36.534374 0.0177 8.0 14.0
-11.6849375 38.91727 0.0177 8.0 14.0
-11.6849375 38.91727 0.0178 0.0 15.0
-11.6849375 41.994755 0.0178 0.0 15.0
-11.6849375 38.91727 0.0179 0.0 15.0
-13.632427 41.300167 0.0179 0.0 15.0
-11.6849375 38.91727 0.0180 1.0 15.0
-14.700821 39.52994 0.0180 1.0 15.0
-14.700821 39.52994 0.0181 0.0 16.0
-17.423729 38.095825 0.0181 0.0 16.0
-14.700821 39.52994 0.0182 0.0 16.0
-17.716703 40.142612 0.0182 0.0 16.0
-17.716703 40.142612 0.0183 0.0 17.0
-19.664192 42.52551 0.0183 0.0 17.0
-17.716703 40.142612 0.0184 0.0 17.0
-20.732586 40.755283 0.0184 0.0 17.0
-11.6849375 38.91727 0.0185 7.0 15.0
-13.632427 41.300167 0.0185 7.0 15.0
-13.632427 41.300167 0.0186 0.0 16.0
-16.64831 41.912838 0.0186 0.0 16.0
-13.632427 41.300167 0.0187 6.0 16.0
-15.579917 43.683064 0.0187 6.0 16.0
-15.579917 43.683064 0.0188 0.0 17.0
-15.579917 46.760548 0.0188 0.0 17.0
-15.579917 43.683064 0.0189 0.0 17.0
-17.527407 46.06596 0.0189 0.0 17.0
-15.579917 43.683064 0.0190 1.0 17.0
-15.579917 46.760548 0.0190 1.0 17.0
-15.579917 46.760548 0.0191 0.0 18.0
-17.527407 49.143444 0.0191 0.0 18.0
-15.579917 46.760548 0.0192 0.0 18.0
-15.579917 49.83803 0.0192 0.0 18.0
-15.579917 49.83803 0.0193 0.0 19.0
-13.632427 52.22093 0.0193 0.0 19.0
-15.579917 49.83803 0.0194 0.0 19.0
-15.579917 52.915516 0.0194 0.0 19.0
-15.579917 43.683064 0.0195 1.0 17.0
-17.527407 46.06596 0.0195 1.0 17.0
-17.527407 46.06596 0.0196 0.0 18.0
-20.54329 46.67863 0.0196 0.0 18.0
-17.527407 46.06596 0.0197 0.0 18.0
-19.474895 48.448856 0.0197 0.0 18.0
-19.474895 48.448856 0.0198 0.0 19.0
-19.474895 51.52634 0.0198 0.0 19.0
-19.474895 48.448856 0.0199 0.0 19.0
-21.422384 50.831753 0.0199 0.0 19.0
-15.579917 43.683064 0.0200 5.0 17.0
-15.579917 46.760548 0.0200 5.0 17.0
-15.579917 46.760548 0.0201 0.0 18.0
-17.527407 49.143444 0.0201 0.0 18.0
-15.579917 46.760548 0.0202 4.0 18.0
-15.579917 49.83803 0.0202 4.0 18.0
-15.579917 49.83803 0.0203 0.0 19.0
-13.632427 52.22093 0.0203 0.0 19.0
-15.579917 49.83803 0.0204 0.0 19.0
-15.579917 52.915516 0.0204 0.0 19.0
-15.579917 49.83803 0.0205 1.0 19.0
-17.527407 52.22093 0.0205 1.0 19.0
-17.527407 52.22093 0.0206 0.0 20.0
-20.54329 52.8336 0.0206 0.0 20.0
-17.527407 52.22093 0.0207 0.0 20.0
-19.474895 54.603825 0.0207 0.0 20.0
-19.474895 54.603825 0.0208 0.0 21.0
-19.474895 57.68131 0.0208 0.0 21.0
-19.474895 54.603825 0.0209 0.0 21.0
-21.422384 56.98672 0.0209 0.0 21.0
-15.579917 49.83803 0.0210 3.0 19.0
-15.579917 52.915516 0.0210 3.0 19.0
-15.579917 52.915516 0.0211 0.0 20.0
-17.527407 55.298412 0.0211 0.0 20.0
-15.579917 52.915516 0.0212 2.0 20.0
-15.579917 55.993 0.0212 2.0 20.0
-15.579917 55.993 0.0213 0.0 21.0
-13.632427 58.375896 0.0213 0.0 21.0
-15.579917 55.993 0.0214 0.0 21.0
-15.579917 59.070484 0.0214 0.0 21.0
-15.579917 55.993 0.0215 1.0 21.0
-13.632427 58.375896 0.0215 1.0 21.0
-13.632427 58.375896 0.0216 0.0 22.0
-13.632427 61.45338 0.0216 0.0 22.0
-13.632427 58.375896 0.0217 0.0 22.0
-11.6849375 60.758793 0.0217 0.0 22.0
-11.6849375 60.758793 0.0218 0.0 23.0
-8.669054 61.371464 0.0218 0.0 23.0
-11.6849375 60.758793 0.0219 0.0 23.0
-9.737448 63.14169 0.0219 0.0 23.0
-15.579917 55.993 0.0220 1.0 21.0
-15.579917 59.070484 0.0220 1.0 21.0
-15.579917 59.070484 0.0221 0.0 22.0
-17.527407 61.45338 0.0221 0.0 22.0
-15.579917 59.070484 0.0222 0.0 22.0
-15.579917 62.14797 0.0222 0.0 22.0
-15.579917 62.14797 0.0223 0.0 23.0
-13.632427 64.53087 0.0223 0.0 23.0
-15.579917 62.14797 0.0224 0.0 23.0
-15.579917 65.22546 0.0224 0.0 23.0
-15.579917 43.683064 0.0225 5.0 17.0
-17.527407 46.06596 0.0225 5.0 17.0
-17.527407 46.06596 0.0226 0.0 18.0
-20.54329 46.67863 0.0226 0.0 18.0
-17.527407 46.06596 0.0227 4.0 18.0
-19.474895 48.448856 0.0227 4.0 18.0
-19.474895 48.448856 0.0228 0.0 19.0
-19.474895 51.52634 0.0228 0.0 19.0
-19.474895 48.448856 0.0229 0.0 19.0
-21.422384 50.831753 0.0229 0.0 19.0
-19.474895 48.448856 0.0230 1.0 19.0
-22.490778 49.061527 0.0230 1.0 19.0
-22.490778 49.061527 0.0231 0.0 20.0
-25.213686 47.62741 0.0231 0.0 20.0
-22.490778 49.061527 0.0232 0.0 20.0
-25.50666 49.6742 0.0232 0.0 20.0
-25.50666 49.6742 0.0233 0.0 21.0
-27.45415 52.057095 0.0233 0.0 21.0
-25.50666 49.6742 0.0234 0.0 21.0
-28.522543 50.28687 0.0234 0.0 21.0
-19.474895 48.448856 0.0235 3.0 19.0
-21.422384 50.831753 0.0235 3.0 19.0
-21.422384 50.831753 0.0236 0.0 20.0
-24.438267 51.444424 0.0236 0.0 20.0
-21.422384 50.831753 0.0237 2.0 20.0
-23.369873 53.21465 0.0237 2.0 20.0
-23.369873 53.21465 0.0238 0.0 21.0
-23.369873 56.292133 0.0238 0.0 21.0
-23.369873 53.21465 0.0239 0.0 21.0
-25.317362 55.597546 0.0239 0.0 21.0
-23.369873 53.21465 0.0240 1.0 21.0
-23.369873 56.292133 0.0240 1.0 21.0
-23.369873 56.292133 0.0241 0.0 22.0
-25.317362 58.67503 0.0241 0.0 22.0
-23.369873 56.292133 0.0242 0.0 22.0
-23.369873 59.369617 0.0242 0.0 22.0
-23.369873 59.369617 0.0243 0.0 23.0
-21.422384 61.752514 0.0243 0.0 23.0
-23.369873 59.369617 0.0244 0.0 23.0
-23.369873 62.4471 0.0244 0.0 23.0
-23.369873 53.21465 0.0245 1.0 21.0
-25.317362 55.597546 0.0245 1.0 21.0
-25.317362 55.597546 0.0246 0.0 22.0
-28.333244 56.210217 0.0246 0.0 22.0
-25.317362 55.597546 0.0247 0.0 22.0
-27.26485 57.980442 0.0247 0.0 22.0
-27.26485 57.980442 0.0248 0.0 23.0
-27.26485 61.057926 0.0248 0.0 23.0
-27.26485 57.980442 0.0249 0.0 23.0
-29.21234 60.36334 0.0249 0.0 23.0
0.0 24.619886 0.0250 21.0 9.0
0.0 27.697372 0.0250 21.0 9.0
0.0 27.697372 0.0251 0.0 10.0
-1.9474896 30.08027 0.0251 0.0 10.0
0.0 27.697372 0.0252 20.0 10.0
0.0 30.774858 0.0252 20.0 10.0
0.0 30.774858 0.0253 0.0 11.0
1.9474896 33.157757 0.0253 0.0 11.0
0.0 30.774858 0.0254 0.0 11.0
0.0 33.852345 0.0254 0.0 11.0
0.0 30.774858 0.0255 1.0 11.0
-1.9474896 33.157757 0.0255 1.0 11.0
-1.9474896 33.157757 0.0256 0.0 12.0
-4.9633727 33.770428 0.0256 0.0 12.0
-1.9474896 33.157757 0.0257 0.0 12.0
-3.8949792 35.540653 0.0257 0.0 12.0
-3.8949792 35.540653 0.0258 0.0 13.0
-3.8949792 38.618137 0.0258 0.0 13.0
-3.8949792 35.540653 0.0259 0.0 13.0
-5.8424687 37.92355 0.0259 0.0 13.0
0.0 30.774858 0.0260 19.0 11.0
0.0 33.852345 0.0260 19.0 11.0
0.0 33.852345 0.0261 0.0 12.0
-1.9474896 36.23524 0.0261 0.0 12.0
0.0 33.852345 0.0262 18.0 12.0
0.0 36.92983 0.0262 18.0 12.0
0.0 36.92983 0.0263 0.0 13.0
1.9474896 39.312725 0.0263 0.0 13.0
0.0 36.92983 0.0264 0.0 13.0
0.0 40.007313 0.0264 0.0 13.0
0.0 36.92983 0.0265 1.0 13.0
1.9474896 39.312725 0.0265 1.0 13.0
1.9474896 39.312725 0.0266 0.0 14.0
1.9474896 42.39021 0.0266 0.0 14.0
1.9474896 39.312725 0.0267 0.0 14.0
3.8949792 41.69562 0.0267 0.0 14.0
3.8949792 41.69562 0.0268 0.0 15.0
6.9108624 42.308292 0.0268 0.0 15.0
3.8949792 41.69562 0.0269 0.0 15.0
5.8424687 44.078518 0.0269 0.0 15.0
0.0 36.92983 0.0270 1.0 13.0
0.0 40.007313 0.0270 1.0 13.0
0.0 40.007313 0.0271 0.0 14.0
-1.9474896 42.39021 0.0271 0.0 14.0
0.0 40.007313 0.0272 0.0 14.0
0.0 43.084797 0.0272 0.0 14.0
0.0 43.084797 0.0273 0.0 15.0
1.9474896 45.467693 0.0273 0.0 15.0
0.0 43.084797 0.0274 0.0 15.0
0.0 46.16228 0.0274 0.0 15.0
0.0 36.92983 0.0275 5.0 13.0
-1.9474896 39.312725 0.0275 5.0 13.0
-1.9474896 39.312725 0.0276 0.0 14.0
-4.9633727 39.925396 0.0276 0.0 14.0
-1.9474896 39.312725 0.0277 4.0 14.0
-3.8949792 41.69562 0.0277 4.0 14.0
-3.8949792 41.69562 0.0278 0.0 15.0
-3.8949792 44.773106 0.0278 0.0 15.0
-3.8949792 41.69562 0.0279 0.0 15.0
-5.8424687 44.078518 0.0279 0.0 15.0
-3.8949792 41.69562 0.0280 1.0 15.0
-6.9108624 42.308292 0.0280 1.0 15.0
-6.9108624 42.308292 0.0281 0.0 16.0
-9.633771 40.874176 0.0281 0.0 16.0
-6.9108624 42.308292 0.0282 0.0 16.0
-9.926745 42.920963 0.0282 0.0 16.0
-9.926745 42.920963 0.0283 0.0 17.0
-11.874235 45.30386 0.0283 0.0 17.0
-9.926745 42.920963 0.0284 0.0 17.0
-12.942629 43.533634 0.0284 0.0 17.0
-3.8949792 41.69562 0.0285 3.0 15.0
-5.8424687 44.078518 0.0285 3.0 15.0
-5.8424687 44.078518 0.0286 0.0 16.0
-8.858352 44.69119 0.0286 0.0 16.0
-5.8424687 44.078518 0.0287 2.0 16.0
-7.7899585 46.461414 0.0287 2.0 16.0
-7.7899585 46.461414 0.0288 0.0 17.0
-7.7899585 49.5389 0.0288 0.0 17.0
-7.7899585 46.461414 0.0289 0.0 17.0
-9.737448 48.84431 0.0289 0.0 17.0
-7.7899585 46.461414 0.0290 1.0 17.0
-7.7899585 49.5389 0.0290 1.0 17.0
-7.7899585 49.5389 0.0291 0.0 18.0
-9.737448 51.921795 0.0291 0.0 18.0
-7.7899585 49.5389 0.0292 0.0 18.0
-7.7899585 52.616383 0.0292 0.0 18.0
-7.7899585 52.616383 0.0293 0.0 19.0
-5.8424687 54.99928 0.0293 0.0 19.0
-7.7899585 52.616383 0.0294 0.0 19.0
-7.7899585 55.693867 0.0294 0.0 19.0
-7.7899585 46.461414 0.0295 1.0 17.0
-9.737448 48.84431 0.0295 1.0 17.0
-9.737448 48.84431 0.0296 0.0 18.0
-12.753331 49.45698 0.0296 0.0 18.0
-9.737448 48.84431 0.0297 0.0 18.0
-11.6849375 51.227207 0.0297 0.0 18.0
-11.6849375 51.227207 0.0298 0.0 19.0
-11.6849375 54.30469 0.0298 0.0 19.0
-11.6849375 51.227207 0.0299 0.0 19.0
-13.632427 53.610104 0.0299 0.0 19.0
0.0 36.92983 0.0300 17.0 13.0
0.0 40.007313 0.0300 17.0 13.0
0.0 40.007313 0.0301 0.0 14.0
-1.9474896 42.39021 0.0301 0.0 14.0
0.0 40.007313 0.0302 16.0 14.0
0.0 43.084797 0.0302 16.0 14.0
0.0 43.084797 0.0303 0.0 15.0
1.9474896 45.467693 0.0303 0.0 15.0
0.0 43.084797 0.0304 0.0 15.0
0.0 46.16228 0.0304 0.0 15.0
0.0 43.084797 0.0305 1.0 15.0
-1.9474896 45.467693 0.0305 1.0 15.0
-1.9474896 45.467693 0.0306 0.0 16.0
-4.9633727 46.080364 0.0306 0.0 16.0
-1.9474896 45.467693 0.0307 0.0 16.0
-3.8949792 47.85059 0.0307 0.0 16.0
-3.8949792 47.85059 0.0308 0.0 17.0
-3.8949792 50.928074 0.0308 0.0 17.0
-3.8949792 47.85059 0.0309 0.0 17.0
-5.8424687 50.233486 0.0309 0.0 17.0
0.0 43.084797 0.0310 15.0 15.0
0.0 46.16228 0.0310 15.0 15.0
0.0 46.16228 0.0311 0.0 16.0
-1.9474896 48.545177 0.0311 0.0 16.0
0.0 46.16228 0.0312 14.0 16.0
0.0 49.239765 0.0312 14.0 16.0
0.0 49.239765 0.0313 0.0 17.0
1.9474896 51.62266 0.0313 0.0 17.0
0.0 49.239765 0.0314 0.0 17.0
0.0 52.31725 0.0314 0.0 17.0
0.0 49.239765 0.0315 1.0 17.0
1.9474896 51.62266 0.0315 1.0 17.0
1.9474896 51.62266 0.0316 0.0 18.0
1.9474896 54.700146 0.0316 0.0 18.0
1.9474896 51.62266 0.0317 0.0 18.0
3.8949792 54.005558 0.0317 0.0 18.0
3.8949792 54.005558 0.0318 0.0 19.0
6.9108624 54.61823 0.0318 0.0 19.0
3.8949792 54.005558 0.0319 0.0 19.0
5.8424687 56.388454 0.0319 0.0 19.0
0.0 49.239765 0.0320 1.0 17.0
0.0 52.31725 0.0320 1.0 17.0
0.0 52.31725 0.0321 0.0 18.0
-1.9474896 54.700146 0.0321 0.0 18.0
0.0 52.31725 0.0322 0.0 18.0
0.0 55.394733 0.0322 0.0 18.0
0.0 55.394733 0.0323 0.0 19.0
1.9474896 57.77763 0.0323 0.0 19.0
0.0 55.394733 0.0324 0.0 19.0
0.0 58.472218 0.0324 0.0 19.0
0.0 49.239765 0.0325 5.0 17.0
1.9474896 51.62266 0.0325 5.0 17.0
1.9474896 51.62266 0.0326 0.0 18.0
1.9474896 54.700146 0.0326 0.0 18.0
1.9474896 51.62266 0.0327 4.0 18.0
3.8949792 54.005558 0.0327 4.0 18.0
3.8949792 54.005558 0.0328 0.0 19.0
6.9108624 54.61823 0.0328 0.0 19.0
3.8949792 54.005558 0.0329 0.0 19.0
5.8424687 56.388454 0.0329 0.0 19.0
3.8949792 54.005558 0.0330 1.0 19.0
3.8949792 57.083042 0.0330 1.0 19.0
3.8949792 57.083042 0.0331 0.0 20.0
1.9474896 59.46594 0.0331 0.0 20.0
3.8949792 57.083042 0.0332 0.0 20.0
3.8949792 60.160526 0.0332 0.0 20.0
3.8949792 60.160526 0.0333 0.0 21.0
5.8424687 62.543423 0.0333 0.0 21.0
3.8949792 60.160526 0.0334 0.0 21.0
3.8949792 63.23801 0.0334 0.0 21.0
3.8949792 54.005558 0.0335 3.0 19.0
5.8424687 56.388454 0.0335 3.0 19.0
5.8424687 56.388454 0.0336 0.0 20.0
5.8424687 59.46594 0.0336 0.0 20.0
5.8424687 56.388454 0.0337 2.0 20.0
7.7899585 58.77135 0.0337 2.0 20.0
7.7899585 58.77135 0.0338 0.0 21.0
10.805841 59.38402 0.0338 0.0 21.0
7.7899585 58.77135 0.0339 0.0 21.0
9.737448 61.154247 0.0339 0.0 21.0
7.7899585 58.77135 0.0340 1.0 21.0
10.805841 59.38402 0.0340 1.0 21.0
10.805841 59.38402 0.0341 0.0 22.0
12.753331 61.76692 0.0341 0.0 22.0
10.805841 59.38402 0.0342 0.0 22.0
13.821725 59.996693 0.0342 0.0 22.0
13.821725 59.996693 0.0343 0.0 23.0
16.544634 58.562576 0.0343 0.0 23.0
13.821725 59.996693 0.0344 0.0 23.0
16.837608 60.609364 0.0344 0.0 23.0
7.7899585 58.77135 0.0345 1.0 21.0
9.737448 61.154247 0.0345 1.0 21.0
9.737448 61.154247 0.0346 0.0 22.0
9.737448 64.231735 0.0346 0.0 22.0
9.737448 61.154247 0.0347 0.0 22.0
11.6849375 63.537144 0.0347 0.0 22.0
11.6849375 63.537144 0.0348 0.0 23.0
14.700821 64.14981 0.0348 0.0 23.0
11.6849375 63.537144 0.0349 0.0 23.0
13.632427 65.920044 0.0349 0.0 23.0
0.0 49.239765 0.0350 5.0 17.0
0.0 52.31725 0.0350 5.0 17.0
0.0 52.31725 0.0351 0.0 18.0
-1.9474896 54.700146 0.0351 0.0 18.0
0.0 52.31725 0.0352 4.0 18.0
0.0 55.394733 0.0352 4.0 18.0
0.0 55.394733 0.0353 0.0 19.0
1.9474896 57.77763 0.0353 0.0 19.0
0.0 55.394733 0.0354 0.0 19.0
0.0 58.472218 0.0354 0.0 19.0
0.0 55.394733 0.0355 1.0 19.0
-1.9474896 57.77763 0.0355 1.0 19.0
-1.9474896 57.77763 0.0356 0.0 20.0
-4.9633727 58.3903 0.0356 0.0 20.0
-1.9474896 57.77763 0.0357 0.0 20.0
-3.8949792 60.160526 0.0357 0.0 20.0
-3.8949792 60.160526 0.0358 0.0 21.0
-3.8949792 63.23801 0.0358 0.0 21.0
-3.8949792 60.160526 0.0359 0.0 21.0
-5.8424687 62.543423 0.0359 0.0 21.0
0.0 55.394733 0.0360 3.0 19.0
0.0 58.472218 0.0360 3.0 19.0
0.0 58.472218 0.0361 0.0 20.0
-1.9474896 60.855114 0.0361 0.0 20.0
0.0 58.472218 0.0362 2.0 20.0
0.0 61.5497 0.0362 2.0 20.0
0.0 61.5497 0.0363 0.0 21.0
1.9474896 63.9326 0.0363 0.0 21.0
0.0 61.5497 0.0364 0.0 21.0
0.0 64.62719 0.0364 0.0 21.0
0.0 61.5497 0.0365 1.0 21.0
1.9474896 63.9326 0.0365 1.0 21.0
1.9474896 63.9326 0.0366 0.0 22.0
1.9474896 67.010086 0.0366 0.0 22.0
1.9474896 63.9326 0.0367 0.0 22.0
3.8949792 66.3155 0.0367 0.0 22.0
3.8949792 66.3155 0.0368 0.0 23.0
6.9108624 66.92817 0.0368 0.0 23.0
3.8949792 66.3155 0.0369 0.0 23.0
5.8424687 68.698395 0.0369 0.0 23.0
0.0 61.5497 0.0370 1.0 21.0
0.0 64.62719 0.0370 1.0 21.0
0.0 64.62719 0.0371 0.0 22.0
-1.9474896 67.010086 0.0371 0.0 22.0
0.0 64.62719 0.0372 0.0 22.0
0.0 67.70467 0.0372 0.0 22.0
0.0 67.70467 0.0373 0.0 23.0
1.9474896 70.08757 0.0373 0.0 23.0
0.0 67.70467 0.0374 0.0 23.0
0.0 70.78216 0.0374 0.0 23.0
0.0 49.239765 0.0375 13.0 17.0
1.9474896 51.62266 0.0375 13.0 17.0
1.9474896 51.62266 0.0376 0.0 18.0
1.9474896 54.700146 0.0376 0.0 18.0
1.9474896 51.62266 0.0377 12.0 18.0
3.8949792 54.005558 0.0377 12.0 18.0
3.8949792 54.005558 0.0378 0.0 19.0
6.9108624 54.61823 0.0378 0.0 19.0
3.8949792 54.005558 0.0379 0.0 19.0
5.8424687 56.388454 0.0379 0.0 19.0
3.8949792 54.005558 0.0380 1.0 19.0
3.8949792 57.083042 0.0380 1.0 19.0
3.8949792 57.083042 0.0381 0.0 20.0
1.9474896 59.46594 0.0381 0.0 20.0
3.8949792 57.083042 0.0382 0.0 20.0
3.8949792 60.160526 0.0382 0.0 20.0
3.8949792 60.160526 0.0383 0.0 21.0
5.8424687 62.543423 0.0383 0.0 21.0
3.8949792 60.160526 0.0384 0.0 21.0
3.8949792 63.23801 0.0384 0.0 21.0
3.8949792 54.005558 0.0385 11.0 19.0
5.8424687 56.388454 0.0385 11.0 19.0
5.8424687 56.388454 0.0386 0.0 20.0
5.8424687 59.46594 0.0386 0.0 20.0
5.8424687 56.388454 0.0387 10.0 20.0
7.7899585 58.77135 0.0387 10.0 20.0
7.7899585 58.77135 0.0388 0.0 21.0
10.805841 59.38402 0.0388 0.0 21.0
7.7899585 58.77135 0.0389 0.0 21.0
9.737448 61.154247 0.0389 0.0 21.0
7.7899585 58.77135 0.0390 1.0 21.0
10.805841 59.38402 0.0390 1.0 21.0
10.805841 59.38402 0.0391 0.0 22.0
12.753331 61.76692 0.0391 0.0 22.0
10.805841 59.38402 0.0392 0.0 22.0
13.821725 59.996693 0.0392 0.0 22.0
13.821725 59.996693 0.0393 0.0 23.0
16.544634 58.562576 0.0393 0.0 23.0
13.821725 59.996693 0.0394 0.0 23.0
16.837608 60.609364 0.0394 0.0 23.0
7.7899585 58.77135 0.0395 1.0 21.0
9.737448 61.154247 0.0395 1.0 21.0
9.737448 61.154247 0.0396 0.0 22.0
9.737448 64.231735 0.0396 0.0 22.0
9.737448 61.154247 0.0397 0.0 22.0
11.6849375 63.537144 0.0397 0.0 22.0
11.6849375 63.537144 0.0398 0.0 23.0
14.700821 64.14981 0.0398 0.0 23.0
11.6849375 63.537144 0.0399 0.0 23.0
13.632427 65.920044 0.0399 0.0 23.0
7.7899585 58.77135 0.0400 5.0 21.0
7.7899585 61.848835 0.0400 5.0 21.0
7.7899585 61.848835 0.0401 0.0 22.0
5.8424687 64.231735 0.0401 0.0 22.0
7.7899585 61.848835 0.0402 4.0 22.0
7.7899585 64.92632 0.0402 4.0 22.0
7.7899585 64.92632 0.0403 0.0 23.0
9.737448 67.30922 0.0403 0.0 23.0
7.7899585 64.92632 0.0404 0.0 23.0
7.7899585 68.00381 0.0404 0.0 23.0
7.7899585 64.92632 0.0405 1.0 23.0
5.8424687 67.30922 0.0405 1.0 23.0
5.8424687 67.30922 0.0406 0.0 24.0
2.8265855 67.92189 0.0406 0.0 24.0
5.8424687 67.30922 0.0407 0.0 24.0
3.894979 69.692116 0.0407 0.0 24.0
3.894979 69.692116 0.0408 0.0 25.0
3.894979 72.7696 0.0408 0.0 25.0
3.894979 69.692116 0.0409 0.0 25.0
1.9474894 72.07501 0.0409 0.0 25.0
7.7899585 64.92632 0.0410 3.0 23.0
7.7899585 68.00381 0.0410 3.0 23.0
7.7899585 68.00381 0.0411 0.0 24.0
5.8424687 70.3867 0.0411 0.0 24.0
7.7899585 68.00381 0.0412 2.0 24.0
7.7899585 71.08129 0.0412 2.0 24.0
7.7899585 71.08129 0.0413 0.0 25.0
9.737448 73.46419 0.0413 0.0 25.0
7.7899585 71.08129 0.0414 0.0 25.0
7.7899585 74.158775 0.0414 0.0 25.0
7.7899585 71.08129 0.0415 1.0 25.0
9.737448 73.46419 0.0415 1.0 25.0
9.737448 73.46419 0.0416 0.0 26.0
9.737448 76.54167 0.0416 0.0 26.0
9.737448 73.46419 0.0417 0.0 26.0
11.6849375 75.847084 0.0417 0.0 26.0
11.6849375 75.847084 0.0418 0.0 27.0
14.700821 76.459755 0.0418 0.0 27.0
11.6849375 75.847084 0.0419 0.0 27.0
13.632427 78.22998 0.0419 0.0 27.0
7.7899585 71.08129 0.0420 1.0 25.0
7.7899585 74.158775 0.0420 1.0 25.0
7.7899585 74.158775 0.0421 0.0 26.0
5.8424687 76.54167 0.0421 0.0 26.0
7.7899585 74.158775 0.0422 0.0 26.0
7.7899585 77.23626 0.0422 0.0 26.0
7.7899585 77.23626 0.0423 0.0 27.0
9.737448 79.619156 0.0423 0.0 27.0
7.7899585 77.23626 0.0424 0.0 27.0
7.7899585 80.31374 0.0424 0.0 27.0
7.7899585 58.77135 0.0425 9.0 21.0
9.737448 61.154247 0.0425 9.0 21.0
9.737448 61.154247 0.0426 0.0 22.0
9.737448 64.231735 0.0426 0.0 22.0
9.737448 61.154247 0.0427 8.0 22.0
11.6849375 63.537144 0.0427 8.0 22.0
11.6849375 63.537144 0.0428 0.0 23.0
14.700821 64.14981 0.0428 0.0 23.0
11.6849375 63.537144 0.0429 0.0 23.0
13.632427 65.920044 0.0429 0.0 23.0
11.6849375 63.537144 0.0430 1.0 23.0
11.6849375 66.61463 0.0430 1.0 23.0
11.6849375 66.61463 0.0431 0.0 24.0
9.737448 68.99753 0.0431 0.0 24.0
11.6849375 66.61463 0.0432 0.0 24.0
11.6849375 69.692116 0.0432 0.0 24.0
11.6849375 69.692116 0.0433 0.0 25.0
13.632427 72.07501 0.0433 0.0 25.0
11.6849375 69.692116 0.0434 0.0 25.0
11.6849375 72.7696 0.0434 0.0 25.0
11.6849375 63.537144 0.0435 7.0 23.0
13.632427 65.920044 0.0435 7.0 23.0
13.632427 65.920044 0.0436 0.0 24.0
13.632427 68.99753 0.0436 0.0 24.0
13.632427 65.920044 0.0437 6.0 24.0
15.579917 68.30294 0.0437 6.0 24.0
15.579917 68.30294 0.0438 0.0 25.0
18.5958 68.91561 0.0438 0.0 25.0
15.579917 68.30294 0.0439 0.0 25.0
17.527407 70.68584 0.0439 0.0 25.0
15.579917 68.30294 0.0440 1.0 25.0
18.5958 68.91561 0.0440 1.0 25.0
18.5958 68.91561 0.0441 0.0 26.0
20.54329 71.29851 0.0441 0.0 26.0
18.5958 68.91561 0.0442 0.0 26.0
21.611683 69.52828 0.0442 0.0 26.0
21.611683 69.52828 0.0443 0.0 27.0
24.33459 68.09417 0.0443 0.0 27.0
21.611683 69.52828 0.0444 0.0 27.0
24.627565 70.14095 0.0444 0.0 27.0
15.579917 68.30294 0.0445 1.0 25.0
17.527407 70.68584 0.0445 1.0 25.0
17.527407 70.68584 0.0446 0.0 26.0
17.527407 73.76332 0.0446 0.0 26.0
17.527407 70.68584 0.0447 0.0 26.0
19.474895 73.06873 0.0447 0.0 26.0
19.474895 73.06873 0.0448 0.0 27.0
22.490778 73.681404 0.0448 0.0 27.0
19.474895 73.06873 0.0449 0.0 27.0
21.422384 75.45163 0.0449 0.0 27.0
15.579917 68.30294 0.0450 5.0 25.0
18.5958 68.91561 0.0450 5.0 25.0
18.5958 68.91561 0.0451 0.0 26.0
20.54329 71.29851 0.0451 0.0 26.0
18.5958 68.91561 0.0452 4.0 26.0
21.611683 69.52828 0.0452 4.0 26.0
21.611683 69.52828 0.0453 0.0 27.0
24.33459 68.09417 0.0453 0.0 27.0
21.611683 69.52828 0.0454 0.0 27.0
24.627565 70.14095 0.0454 0.0 27.0
21.611683 69.52828 0.0455 1.0 27.0
23.559172 71.91118 0.0455 1.0 27.0
23.559172 71.91118 0.0456 0.0 28.0
23.559172 74.98866 0.0456 0.0 28.0
23.559172 71.91118 0.0457 0.0 28.0
25.50666 74.294075 0.0457 0.0 28.0
25.50666 74.294075 0.0458 0.0 29.0
28.522543 74.906746 0.0458 0.0 29.0
25.50666 74.294075 0.0459 0.0 29.0
27.45415 76.67697 0.0459 0.0 29.0
21.611683 69.52828 0.0460 3.0 27.0
24.627565 70.14095 0.0460 3.0 27.0
24.627565 70.14095 0.0461 0.0 28.0
26.575054 72.52385 0.0461 0.0 28.0
24.627565 70.14095 0.0462 2.0 28.0
27.643448 70.753624 0.0462 2.0 28.0
27.643448 70.753624 0.0463 0.0 29.0
30.366356 69.31951 0.0463 0.0 29.0
27.643448 70.753624 0.0464 0.0 29.0
30.65933 71.366295 0.0464 0.0 29.0
27.643448 70.753624 0.0465 1.0 29.0
30.366356 69.31951 0.0465 1.0 29.0
30.366356 69.31951 0.0466 0.0 30.0
33.38224 69.93218 0.0466 0.0 30.0
30.366356 69.31951 0.0467 0.0 30.0
33.089264 67.8854 0.0467 0.0 30.0
33.089264 67.8854 0.0468 0.0 31.0
34.290077 65.05186 0.0468 0.0 31.0
33.089264 67.8854 0.0469 0.0 31.0
35.812172 66.45129 0.0469 0.0 31.0
27.643448 70.753624 0.0470 1.0 29.0
30.65933 71.366295 0.0470 1.0 29.0
30.65933 71.366295 0.0471 0.0 30.0
32.60682 73.74919 0.0471 0.0 30.0
30.65933 71.366295 0.0472 0.0 30.0
33.675213 71.978966 0.0472 0.0 30.0
33.675213 71.978966 0.0473 0.0 31.0
36.39812 70.54485 0.0473 0.0 31.0
33.675213 71.978966 0.0474 0.0 31.0
36.691097 72.59164 0.0474 0.0 31.0
15.579917 68.30294 0.0475 5.0 25.0
17.527407 70.68584 0.0475 5.0 25.0
17.527407 70.68584 0.0476 0.0 26.0
17.527407 73.76332 0.0476 0.0 26.0
17.527407 70.68584 0.0477 4.0 26.0
19.474895 73.06873 0.0477 4.0 26.0
19.474895 73.06873 0.0478 0.0 27.0
22.490778 73.681404 0.0478 0.0 27.0
19.474895 73.06873 0.0479 0.0 27.0
21.422384 75.45163 0.0479 0.0 27.0
19.474895 73.06873 0.0480 1.0 27.0
19.474895 76.14622 0.0480 1.0 27.0
19.474895 76.14622 0.0481 0.0 28.0
17.527407 78.52911 0.0481 0.0 28.0
19.474895 76.14622 0.0482 0.0 28.0
19.474895 79.2237 0.0482 0.0 28.0
19.474895 79.2237 0.0483 0.0 29.0
21.422384 81.6066 0.0483 0.0 29.0
19.474895 79.2237 0.0484 0.0 29.0
19.474895 82.301186 0.0484 0.0 29.0
19.474895 73.06873 0.0485 3.0 27.0
21.422384 75.45163 0.0485 3.0 27.0
21.422384 75.45163 0.0486 0.0 28.0
21.422384 78.52911 0.0486 0.0 28.0
21.422384 75.45163 0.0487 2.0 28.0
23.369873 77.834526 0.0487 2.0 28.0
23.369873 77.834526 0.0488 0.0 29.0
26.385756 78.4472 0.0488 0.0 29.0
23.369873 77.834526 0.0489 0.0 29.0
25.317362 80.21742 0.0489 0.0 29.0
23.369873 77.834526 0.0490 1.0 29.0
26.385756 78.4472 0.0490 1.0 29.0
26.385756 78.4472 0.0491 0.0 30.0
28.333244 80.83009 0.0491 0.0 30.0
26.385756 78.4472 0.0492 0.0 30.0
29.401638 79.05987 0.0492 0.0 30.0
29.401638 79.05987 0.0493 0.0 31.0
32.124546 77.625755 0.0493 0.0 31.0
29.401638 79.05987 0.0494 0.0 31.0
32.417522 79.67254 0.0494 0.0 31.0
23.369873 77.834526 0.0495 1.0 29.0
25.317362 80.21742 0.0495 1.0 29.0
25.317362 80.21742 0.0496 0.0 30.0
25.317362 83.29491 0.0496 0.0 30.0
25.317362 80.21742 0.0497 0.0 30.0
27.26485 82.60032 0.0497 0.0 30.0
27.26485 82.60032 0.0498 0.0 31.0
30.280733 83.21299 0.0498 0.0 31.0
27.26485 82.60032 0.0499 0.0 31.0
29.21234 84.983215 0.0499 0.0 31.0
0.0 49.239765 0.0500 13.0 17.0
0.0 52.31725 0.0500 13.0 17.0
0.0 52.31725 0.0501 0.0 18.0
-1.9474896 54.700146 0.0501 0.0 18.0
0.0 52.31725 0.0502 12.0 18.0
0.0 55.394733 0.0502 12.0 18.0
0.0 55.394733 0.0503 0.0 19.0
1.9474896 57.77763 0.0503 0.0 19.0
0.0 55.394733 0.0504 0.0 19.0
0.0 58.472218 0.0504 0.0 19.0
0.0 55.394733 0.0505 1.0 19.0
-1.9474896 57.77763 0.0505 1.0 19.0
-1.9474896 57.77763 0.0506 0.0 20.0
-4.9633727 58.3903 0.0506 0.0 20.0
-1.9474896 57.77763 0.0507 0.0 20.0
-3.8949792 60.160526 0.0507 0.0 20.0
-3.8949792 60.160526 0.0508 0.0 21.0
-3.8949792 63.23801 0.0508 0.0 21.0
-3.8949792 60.160526 0.0509 0.0 21.0
-5.8424687 62.543423 0.0509 0.0 21.0
0.0 55.394733 0.0510 11.0 19.0
0.0 58.472218 0.0510 11.0 19.0
0.0 58.472218 0.0511 0.0 20.0
-1.9474896 60.855114 0.0511 0.0 20.0
0.0 58.472218 0.0512 10.0 20.0
0.0 61.5497 0.0512 10.0 20.0
0.0 61.5497 0.0513 0.0 21.0
1.9474896 63.9326 0.0513 0.0 21.0
0.0 61.5497 0.0514 0.0 21.0
0.0 64.62719 0.0514 0.0 21.0
0.0 61.5497 0.0515 1.0 21.0
1.9474896 63.9326 0.0515 1.0 21.0
1.9474896 63.9326 0.0516 0.0 22.0
1.9474896 67.010086 0.0516 0.0 22.0
1.9474896 63.9326 0.0517 0.0 22.0
3.8949792 66.3155 0.0517 0.0 22.0
3.8949792 66.3155 0.0518 0.0 23.0
6.9108624 66.92817 0.0518 0.0 23.0
3.8949792 66.3155 0.0519 0.0 23.0
5.8424687 68.698395 0.0519 0.0 23.0
0.0 61.5497 0.0520 1.0 21.0
0.0 64.62719 0.0520 1.0 21.0
0.0 64.62719 0.0521 0.0 22.0
-1.9474896 67.010086 0.0521 0.0 22.0
0.0 64.62719 0.0522 0.0 22.0
0.0 67.70467 0.0522 0.0 22.0
0.0 67.70467 0.0523 0.0 23.0
1.9474896 70.08757 0.0523 0.0 23.0
0.0 67.70467 0.0524 0.0 23.0
0.0 70.78216 0.0524 0.0 23.0
0.0 61.5497 0.0525 5.0 21.0
-1.9474896 63.9326 0.0525 5.0 21.0
-1.9474896 63.9326 0.0526 0.0 22.0
-4.9633727 64.545265 0.0526 0.0 22.0
-1.9474896 63.9326 0.0527 4.0 22.0
-3.8949792 66.3155 0.0527 4.0 22.0
-3.8949792 66.3155 0.0528 0.0 23.0
-3.8949792 69.39298 0.0528 0.0 23.0
-3.8949792 66.3155 0.0529 0.0 23.0
-5.8424687 68.698395 0.0529 0.0 23.0
-3.8949792 66.3155 0.0530 1.0 23.0
-6.9108624 66.92817 0.0530 1.0 23.0
-6.9108624 66.92817 0.0531 0.0 24.0
-9.633771 65.49406 0.0531 0.0 24.0
-6.9108624 66.92817 0.0532 0.0 24.0
-9.926745 67.54084 0.0532 0.0 24.0
-9.926745 67.54084 0.0533 0.0 25.0
-11.874235 69.92374 0.0533 0.0 25.0
-9.926745 67.54084 0.0534 0.0 25.0
-12.942629 68.15351 0.0534 0.0 25.0
-3.8949792 66.3155 0.0535 3.0 23.0
-5.8424687 68.698395 0.0535 3.0 23.0
-5.8424687 68.698395 0.0536 0.0 24.0
-8.858352 69.311066 0.0536 0.0 24.0
-5.8424687 68.698395 0.0537 2.0 24.0
-7.7899585 71.08129 0.0537 2.0 24.0
-7.7899585 71.08129 0.0538 0.0 25.0
-7.7899585 74.158775 0.0538 0.0 25.0
-7.7899585 71.08129 0.0539 0.0 25.0
-9.737448 73.46419 0.0539 0.0 25.0
-7.7899585 71.08129 0.0540 1.0 25.0
-7.7899585 74.158775 0.0540 1.0 25.0
-7.7899585 74.158775 0.0541 0.0 26.0
-9.737448 76.54167 0.0541 0.0 26.0
-7.7899585 74.158775 0.0542 0.0 26.0
-7.7899585 77.23626 0.0542 0.0 26.0
-7.7899585 77.23626 0.0543 0.0 27.0
-5.8424687 79.619156 0.0543 0.0 27.0
-7.7899585 77.23626 0.0544 0.0 27.0
-7.7899585 80.31374 0.0544 0.0 27.0
-7.7899585 71.08129 0.0545 1.0 25.0
-9.737448 73.46419 0.0545 1.0 25.0
-9.737448 73.46419 0.0546 0.0 26.0
-12.753331 74.07686 0.0546 0.0 26.0
-9.737448 73.46419 0.0547 0.0 26.0
-11.6849375 75.847084 0.0547 0.0 26.0
-11.6849375 75.847084 0.0548 0.0 27.0
-11.6849375 78.92457 0.0548 0.0 27.0
-11.6849375 75.847084 0.0549 0.0 27.0
-13.632427 78.22998 0.0549 0.0 27.0
0.0 61.5497 0.0550 9.0 21.0
0.0 64.62719 0.0550 9.0 21.0
0.0 64.62719 0.0551 0.0 22.0
-1.9474896 67.010086 0.0551 0.0 22.0
0.0 64.62719 0.0552 8.0 22.0
0.0 67.70467 0.0552 8.0 22.0
0.0 67.70467 0.0553 0.0 23.0
1.9474896 70.08757 0.0553 0.0 23.0
0.0 67.70467 0.0554 0.0 23.0
0.0 70.78216 0.0554 0.0 23.0
0.0 67.70467 0.0555 1.0 23.0
-1.9474896 70.08757 0.0555 1.0 23.0
-1.9474896 70.08757 0.0556 0.0 24.0
-4.9633727 70.70024 0.0556 0.0 24.0
-1.9474896 70.08757 0.0557 0.0 24.0
-3.8949792 72.47047 0.0557 0.0 24.0
-3.8949792 72.47047 0.0558 0.0 25.0
-3.8949792 75.54795 0.0558 0.0 25.0
-3.8949792 72.47047 0.0559 0.0 25.0
-5.8424687 74.85336 0.0559 0.0 25.0
0.0 67.70467 0.0560 7.0 23.0
0.0 70.78216 0.0560 7.0 23.0
0.0 70.78216 0.0561 0.0 24.0
-1.9474896 73.165054 0.0561 0.0 24.0
0.0 70.78216 0.0562 6.0 24.0
0.0 73.85964 0.0562 6.0 24.0
0.0 73.85964 0.0563 0.0 25.0
1.9474896 76.24254 0.0563 0.0 25.0
0.0 73.85964 0.0564 0.0 25.0
0.0 76.937126 0.0564 0.0 25.0
0.0 73.85964 0.0565 1.0 25.0
1.9474896 76.24254 0.0565 1.0 25.0
1.9474896 76.24254 0.0566 0.0 26.0
1.9474896 79.32002 0.0566 0.0 26.0
1.9474896 76.24254 0.0567 0.0 26.0
3.8949792 78.625435 0.0567 0.0 26.0
3.8949792 78.625435 0.0568 0.0 27.0
6.9108624 79.238106 0.0568 0.0 27.0
3.8949792 78.625435 0.0569 0.0 27.0
5.8424687 81.00833 0.0569 0.0 27.0
0.0 73.85964 0.0570 1.0 25.0
0.0 76.937126 0.0570 1.0 25.0
0.0 76.937126 0.0571 0.0 26.0
-1.9474896 79.32002 0.0571 0.0 26.0
0.0 76.937126 0.0572 0.0 26.0
0.0 80.01461 0.0572 0.0 26.0
0.0 80.01461 0.0573 0.0 27.0
1.9474896 82.39751 0.0573 0.0 27.0
0.0 80.01461 0.0574 0.0 27.0
0.0 83.092094 0.0574 0.0 27.0
0.0 73.85964 0.0575 5.0 25.0
1.9474896 76.24254 0.0575 5.0 25.0
1.9474896 76.24254 0.0576 0.0 26.0
1.9474896 79.32002 0.0576 0.0 26.0
1.9474896 76.24254 0.0577 4.0 26.0
3.8949792 78.625435 0.0577 4.0 26.0
3.8949792 78.625435 0.0578 0.0 27.0
6.9108624 79.238106 0.0578 0.0 27.0
3.8949792 78.625435 0.0579 0.0 27.0
5.8424687 81.00833 0.0579 0.0 27.0
3.8949792 78.625435 0.0580 1.0 27.0
3.8949792 81.70292 0.0580 1.0 27.0
3.8949792 81.70292 0.0581 0.0 28.0
1.9474896 84.085815 0.0581 0.0 28.0
3.8949792 81.70292 0.0582 0.0 28.0
3.8949792 84.7804 0.0582 0.0 28.0
3.8949792 84.7804 0.0583 0.0 29.0
5.8424687 87.1633 0.0583 0.0 29.0
3.8949792 84.7804 0.0584 0.0 29.0
3.8949792 87.85789 0.0584 0.0 29.0
3.8949792 78.625435 0.0585 3.0 27.0
5.8424687 81.00833 0.0585 3.0 27.0
5.8424687 81.00833 0.0586 0.0 28.0
5.8424687 84.085815 0.0586 0.0 28.0
5.8424687 81.00833 0.0587 2.0 28.0
7.7899585 83.39123 0.0587 2.0 28.0
7.7899585 83.39123 0.0588 0.0 29.0
10.805841 84.0039 0.0588 0.0 29.0
7.7899585 83.39123 0.0589 0.0 29.0
9.737448 85.774124 0.0589 0.0 29.0
7.7899585 83.39123 0.0590 1.0 29.0
10.805841 84.0039 0.0590 1.0 29.0
10.805841 84.0039 0.0591 0.0 30.0
12.753331 86.386795 0.0591 0.0 30.0
10.805841 84.0039 0.0592 0.0 30.0
13.821725 84.61657 0.0592 0.0 30.0
13.821725 84.61657 0.0593 0.0 31.0
16.544634 83.18246 0.0593 0.0 31.0
13.821725 84.61657 0.0594 0.0 31.0
16.837608 85.22924 0.0594 0.0 31.0
7.7899585 83.39123 0.0595 1.0 29.0
9.737448 85.774124 0.0595 1.0 29.0
9.737448 85.774124 0.0596 0.0 30.0
9.737448 88.85161 0.0596 0.0 30.0
9.737448 85.774124 0.0597 0.0 30.0
11.6849375 88.15702 0.0597 0.0 30.0
11.6849375 88.15702 0.0598 0.0 31.0
14.700821 88.76969 0.0598 0.0 31.0
11.6849375 88.15702 0.0599 0.0 31.0
13.632427 90.53992 0.0599 0.0 31.0
0.0 73.85964 0.0600 5.0 25.0
0.0 76.937126 0.0600 5.0 25.0
0.0 76.937126 0.0601 0.0 26.0
-1.9474896 79.32002 0.0601 0.0 26.0
0.0 76.937126 0.0602 4.0 26.0
0.0 80.01461 0.0602 4.0 26.0
0.0 80.01461 0.0603 0.0 27.0
1.9474896 82.39751 0.0603 0.0 27.0
0.0 80.01461 0.0604 0.0 27.0
0.0 83.092094 0.0604 0.0 27.0
0.0 80.01461 0.0605 1.0 27.0
-1.9474896 82.39751 0.0605 1.0 27.0
-1.9474896 82.39751 0.0606 0.0 28.0
-4.9633727 83.01018 0.0606 0.0 28.0
-1.9474896 82.39751 0.0607 0.0 28.0
-3.8949792 84.7804 0.0607 0.0 28.0
-3.8949792 84.7804 0.0608 0.0 29.0
-3.8949792 87.85789 0.0608 0.0 29.0
-3.8949792 84.7804 0.0609 0.0 29.0
-5.8424687 87.1633 0.0609 0.0 29.0
0.0 80.01461 0.0610 3.0 27.0
0.0 83.092094 0.0610 3.0 27.0
0.0 83.092094 0.0611 0.0 28.0
-1.9474896 85.47499 0.0611 0.0 28.0
0.0 83.092094 0.0612 2.0 28.0
0.0 86.16958 0.0612 2.0 28.0
0.0 86.16958 0.0613 0.0 29.0
1.9474896 88.552475 0.0613 0.0 29.0
0.0 86.16958 0.0614 0.0 29.0
0.0 89.24706 0.0614 0.0 29.0
0.0 86.16958 0.0615 1.0 29.0
1.9474896 88.552475 0.0615 1.0 29.0
1.9474896 88.552475 0.0616 0.0 30.0
1.9474896 91.62996 0.0616 0.0 30.0
1.9474896 88.552475 0.0617 0.0 30.0
3.8949792 90.93537 0.0617 0.0 30.0
3.8949792 90.93537 0.0618 0.0 31.0
6.9108624 91.54804 0.0618 0.0 31.0
3.8949792 90.93537 0.0619 0.0 31.0
5.8424687 93.31827 0.0619 0.0 31.0
0.0 86.16958 0.0620 1.0 29.0
0.0 89.24706 0.0620 1.0 29.0
0.0 89.24706 0.0621 0.0 30.0
-1.9474896 91.62996 0.0621 0.0 30.0
0.0 89.24706 0.0622 0.0 30.0
0.0 92.32455 0.0622 0.0 30.0
0.0 92.32455 0.0623 0.0 31.0
1.9474896 94.70744 0.0623 0.0 31.0
0.0 92.32455 0.0624 0.0 31.0
0.0 95.40203 0.0624 0.0 31.0
