0.0 0.0 0.00 60.0 1.0
0.0 2.1423347 0.00 60.0 1.0
0.0 2.1423347 0.01 59.0 2.0
0.0 4.2846694 0.01 59.0 2.0
0.0 4.2846694 0.02 58.0 3.0
0.0 6.427004 0.02 58.0 3.0
0.0 6.427004 0.03 57.0 4.0
0.0 8.569339 0.03 57.0 4.0
0.0 8.569339 0.04 56.0 5.0
0.0 10.711674 0.04 56.0 5.0
0.0 10.711674 0.05 55.0 6.0
0.0 12.854009 0.05 55.0 6.0
0.0 12.854009 0.06 54.0 7.0
0.0 14.996344 0.06 54.0 7.0
0.0 14.996344 0.07 53.0 8.0
0.0 17.138678 0.07 53.0 8.0
0.0 17.138678 0.08 52.0 9.0
0.0 19.281012 0.08 52.0 9.0
0.0 19.281012 0.09 51.0 10.0
0.0 21.423346 0.09 51.0 10.0
0.0 21.423346 0.010 50.0 11.0
0.0 23.56568 0.010 50.0 11.0
0.0 23.56568 0.011 49.0 12.0
0.0 25.708014 0.011 49.0 12.0
0.0 25.708014 0.012 48.0 13.0
0.0 27.850348 0.012 48.0 13.0
0.0 27.850348 0.013 47.0 14.0
0.0 29.992682 0.013 47.0 14.0
0.0 29.992682 0.014 46.0 15.0
0.0 32.135017 0.014 46.0 15.0
0.0 32.135017 0.015 45.0 16.0
0.0 34.27735 0.015 45.0 16.0
0.0 34.27735 0.016 28.0 17.0
-0.5441784 36.34942 0.016 28.0 17.0
-0.5441784 36.34942 0.017 27.0 18.0
-1.0883569 38.421486 0.017 27.0 18.0
-1.0883569 38.421486 0.018 26.0 19.0
-1.6325352 40.493553 0.018 26.0 19.0
-1.6325352 40.493553 0.019 25.0 20.0
-2.1767137 42.56562 0.019 25.0 20.0
-2.1767137 42.56562 0.020 24.0 21.0
-2.7208922 44.637688 0.020 24.0 21.0
-2.7208922 44.637688 0.021 23.0 22.0
-3.2650707 46.709755 0.021 23.0 22.0
-3.2650707 46.709755 0.022 22.0 23.0
-3.8092492 48.781822 0.022 22.0 23.0
-3.8092492 48.781822 0.023 21.0 24.0
-4.3534274 50.85389 0.023 21.0 24.0
-4.3534274 50.85389 0.024 12.0 25.0
-4.3534274 52.996223 0.024 12.0 25.0
-4.3534274 52.996223 0.025 11.0 26.0
-4.3534274 55.138557 0.025 11.0 26.0
-4.3534274 55.138557 0.026 10.0 27.0
-4.3534274 57.28089 0.026 10.0 27.0
-4.3534274 57.28089 0.027 9.0 28.0
-4.3534274 59.423225 0.027 9.0 28.0
-4.3534274 59.423225 0.028 4.0 29.0
-3.809249 61.495293 0.028 4.0 29.0
-3.809249 61.495293 0.029 3.0 30.0
-3.2650704 63.56736 0.029 3.0 30.0
-3.2650704 63.56736 0.030 0.0 31.0
-3.2650704 65.709694 0.030 0.0 31.0
-3.2650704 65.709694 0.031 0.0 32.0
-3.2650704 67.85203 0.031 0.0 32.0
-3.2650704 63.56736 0.032 2.0 31.0
-2.720892 65.63943 0.032 2.0 31.0
-2.720892 65.63943 0.033 1.0 32.0
-2.1767135 67.711494 0.033 1.0 32.0
-2.1767135 67.711494 0.034 0.0 33.0
-1.1240535 69.57738 0.034 0.0 33.0
-1.1240535 69.57738 0.035 0.0 34.0
-0.07139349 71.44326 0.035 0.0 34.0
-2.1767135 67.711494 0.036 0.0 33.0
-2.1767135 69.85383 0.036 0.0 33.0
-2.1767135 69.85383 0.037 0.0 34.0
-2.1767135 71.99616 0.037 0.0 34.0
-4.3534274 59.423225 0.038 8.0 29.0
-4.3534274 61.56556 0.038 8.0 29.0
-4.3534274 61.56556 0.039 7.0 30.0
-4.3534274 63.707893 0.039 7.0 30.0
-4.3534274 63.707893 0.040 6.0 31.0
-4.3534274 65.85023 0.040 6.0 31.0
-4.3534274 65.85023 0.041 5.0 32.0
-4.3534274 67.99256 0.041 5.0 32.0
-4.3534274 67.99256 0.042 4.0 33.0
-3.809249 70.06463 0.042 4.0 33.0
-3.809249 70.06463 0.043 3.0 34.0
-3.2650704 72.136696 0.043 3.0 34.0
-3.2650704 72.136696 0.044 0.0 35.0
-3.2650704 74.27903 0.044 0.0 35.0
-3.2650704 74.27903 0.045 0.0 36.0
-3.2650704 76.421364 0.045 0.0 36.0
-3.2650704 72.136696 0.046 2.0 35.0
-2.720892 74.20876 0.046 2.0 35.0
-2.720892 74.20876 0.047 1.0 36.0
-2.1767135 76.28083 0.047 1.0 36.0
-2.1767135 76.28083 0.048 0.0 37.0
-1.1240535 78.14671 0.048 0.0 37.0
-1.1240535 78.14671 0.049 0.0 38.0
-0.07139349 80.012596 0.049 0.0 38.0
-2.1767135 76.28083 0.050 0.0 37.0
-2.1767135 78.423164 0.050 0.0 37.0
-2.1767135 78.423164 0.051 0.0 38.0
-2.1767135 80.5655 0.051 0.0 38.0
-4.3534274 67.99256 0.052 4.0 33.0
-4.897606 70.06463 0.052 4.0 33.0
-4.897606 70.06463 0.053 3.0 34.0
-5.4417844 72.136696 0.053 3.0 34.0
-5.4417844 72.136696 0.054 0.0 35.0
-6.4944444 74.00258 0.054 0.0 35.0
-6.4944444 74.00258 0.055 0.0 36.0
-7.5471044 75.86846 0.055 0.0 36.0
-5.4417844 72.136696 0.056 2.0 35.0
-5.985963 74.20876 0.056 2.0 35.0
-5.985963 74.20876 0.057 1.0 36.0
-6.5301414 76.28083 0.057 1.0 36.0
-6.5301414 76.28083 0.058 0.0 37.0
-6.5301414 78.423164 0.058 0.0 37.0
-6.5301414 78.423164 0.059 0.0 38.0
-6.5301414 80.5655 0.059 0.0 38.0
-6.5301414 76.28083 0.060 0.0 37.0
-7.5828013 78.14671 0.060 0.0 37.0
-7.5828013 78.14671 0.061 0.0 38.0
-8.635462 80.012596 0.061 0.0 38.0
-4.3534274 50.85389 0.062 20.0 25.0
-4.897606 52.925957 0.062 20.0 25.0
-4.897606 52.925957 0.063 19.0 26.0
-5.4417844 54.998024 0.063 19.0 26.0
-5.4417844 54.998024 0.064 18.0 27.0
-5.985963 57.07009 0.064 18.0 27.0
-5.985963 57.07009 0.065 17.0 28.0
-6.5301414 59.14216 0.065 17.0 28.0
-6.5301414 59.14216 0.066 16.0 29.0
-7.07432 61.214226 0.066 16.0 29.0
-7.07432 61.214226 0.067 15.0 30.0
-7.6184983 63.286293 0.067 15.0 30.0
-7.6184983 63.286293 0.068 14.0 31.0
-8.162677 65.35836 0.068 14.0 31.0
-8.162677 65.35836 0.069 13.0 32.0
-8.706855 67.43043 0.069 13.0 32.0
-8.706855 67.43043 0.070 12.0 33.0
-8.706855 69.57276 0.070 12.0 33.0
-8.706855 69.57276 0.071 11.0 34.0
-8.706855 71.715096 0.071 11.0 34.0
-8.706855 71.715096 0.072 10.0 35.0
-8.706855 73.85743 0.072 10.0 35.0
-8.706855 73.85743 0.073 9.0 36.0
-8.706855 75.99976 0.073 9.0 36.0
-8.706855 75.99976 0.074 4.0 37.0
-8.162677 78.07183 0.074 4.0 37.0
-8.162677 78.07183 0.075 3.0 38.0
-7.6184983 80.1439 0.075 3.0 38.0
-7.6184983 80.1439 0.076 0.0 39.0
-7.6184983 82.28623 0.076 0.0 39.0
-7.6184983 82.28623 0.077 0.0 40.0
-7.6184983 84.428566 0.077 0.0 40.0
-7.6184983 80.1439 0.078 2.0 39.0
-7.07432 82.215965 0.078 2.0 39.0
-7.07432 82.215965 0.079 1.0 40.0
-6.5301414 84.28803 0.079 1.0 40.0
-6.5301414 84.28803 0.080 0.0 41.0
-5.4774814 86.153915 0.080 0.0 41.0
-5.4774814 86.153915 0.081 0.0 42.0
-4.4248214 88.0198 0.081 0.0 42.0
-6.5301414 84.28803 0.082 0.0 41.0
-6.5301414 86.43037 0.082 0.0 41.0
-6.5301414 86.43037 0.083 0.0 42.0
-6.5301414 88.5727 0.083 0.0 42.0
-8.706855 75.99976 0.084 8.0 37.0
-8.706855 78.1421 0.084 8.0 37.0
-8.706855 78.1421 0.085 7.0 38.0
-8.706855 80.28443 0.085 7.0 38.0
-8.706855 80.28443 0.086 6.0 39.0
-8.706855 82.426765 0.086 6.0 39.0
-8.706855 82.426765 0.087 5.0 40.0
-8.706855 84.5691 0.087 5.0 40.0
-8.706855 84.5691 0.088 4.0 41.0
-8.162677 86.64117 0.088 4.0 41.0
-8.162677 86.64117 0.089 3.0 42.0
-7.6184983 88.713234 0.089 3.0 42.0
-7.6184983 88.713234 0.090 0.0 43.0
-7.6184983 90.85557 0.090 0.0 43.0
-7.6184983 90.85557 0.091 0.0 44.0
-7.6184983 92.9979 0.091 0.0 44.0
-7.6184983 88.713234 0.092 2.0 43.0
-7.07432 90.7853 0.092 2.0 43.0
-7.07432 90.7853 0.093 1.0 44.0
-6.5301414 92.85737 0.093 1.0 44.0
-6.5301414 92.85737 0.094 0.0 45.0
-5.4774814 94.72325 0.094 0.0 45.0
-5.4774814 94.72325 0.095 0.0 46.0
-4.4248214 96.589134 0.095 0.0 46.0
-6.5301414 92.85737 0.096 0.0 45.0
-6.5301414 94.9997 0.096 0.0 45.0
-6.5301414 94.9997 0.097 0.0 46.0
-6.5301414 97.14204 0.097 0.0 46.0
-8.706855 84.5691 0.098 4.0 41.0
-9.251033 86.64117 0.098 4.0 41.0
-9.251033 86.64117 0.099 3.0 42.0
-9.795211 88.713234 0.099 3.0 42.0
-9.795211 88.713234 0.0100 0.0 43.0
-10.847871 90.57912 0.0100 0.0 43.0
-10.847871 90.57912 0.0101 0.0 44.0
-11.900531 92.445 0.0101 0.0 44.0
-9.795211 88.713234 0.0102 2.0 43.0
-10.339389 90.7853 0.0102 2.0 43.0
-10.339389 90.7853 0.0103 1.0 44.0
-10.883567 92.85737 0.0103 1.0 44.0
-10.883567 92.85737 0.0104 0.0 45.0
-10.883567 94.9997 0.0104 0.0 45.0
-10.883567 94.9997 0.0105 0.0 46.0
-10.883567 97.14204 0.0105 0.0 46.0
-10.883567 92.85737 0.0106 0.0 45.0
-11.936227 94.72325 0.0106 0.0 45.0
-11.936227 94.72325 0.0107 0.0 46.0
-12.988887 96.589134 0.0107 0.0 46.0
-8.706855 67.43043 0.0108 12.0 33.0
-9.759515 69.29631 0.0108 12.0 33.0
-9.759515 69.29631 0.0109 11.0 34.0
-10.812175 71.16219 0.0109 11.0 34.0
-10.812175 71.16219 0.0110 10.0 35.0
-11.864835 73.028076 0.0110 10.0 35.0
-11.864835 73.028076 0.0111 9.0 36.0
-12.917495 74.89396 0.0111 9.0 36.0
-12.917495 74.89396 0.0112 4.0 37.0
-13.461673 76.96603 0.0112 4.0 37.0
-13.461673 76.96603 0.0113 3.0 38.0
-14.005851 79.03809 0.0113 3.0 38.0
-14.005851 79.03809 0.0114 0.0 39.0
-15.058511 80.90398 0.0114 0.0 39.0
-15.058511 80.90398 0.0115 0.0 40.0
-16.111172 82.76986 0.0115 0.0 40.0
-14.005851 79.03809 0.0116 2.0 39.0
-14.550029 81.11016 0.0116 2.0 39.0
-14.550029 81.11016 0.0117 1.0 40.0
-15.094207 83.18223 0.0117 1.0 40.0
-15.094207 83.18223 0.0118 0.0 41.0
-15.094207 85.32456 0.0118 0.0 41.0
-15.094207 85.32456 0.0119 0.0 42.0
-15.094207 87.466896 0.0119 0.0 42.0
-15.094207 83.18223 0.0120 0.0 41.0
-16.146866 85.04811 0.0120 0.0 41.0
-16.146866 85.04811 0.0121 0.0 42.0
-17.199526 86.913994 0.0121 0.0 42.0
-12.917495 74.89396 0.0122 8.0 37.0
-13.970155 76.75984 0.0122 8.0 37.0
-13.970155 76.75984 0.0123 7.0 38.0
-15.022815 78.625725 0.0123 7.0 38.0
-15.022815 78.625725 0.0124 6.0 39.0
-16.075474 80.49161 0.0124 6.0 39.0
-16.075474 80.49161 0.0125 5.0 40.0
-17.128134 82.35749 0.0125 5.0 40.0
-17.128134 82.35749 0.0126 4.0 41.0
-17.672312 84.42956 0.0126 4.0 41.0
-17.672312 84.42956 0.0127 3.0 42.0
-18.21649 86.501625 0.0127 3.0 42.0
-18.21649 86.501625 0.0128 0.0 43.0
-19.26915 88.36751 0.0128 0.0 43.0
-19.26915 88.36751 0.0129 0.0 44.0
-20.32181 90.23339 0.0129 0.0 44.0
-18.21649 86.501625 0.0130 2.0 43.0
-18.760668 88.57369 0.0130 2.0 43.0
-18.760668 88.57369 0.0131 1.0 44.0
-19.304846 90.64576 0.0131 1.0 44.0
-19.304846 90.64576 0.0132 0.0 45.0
-19.304846 92.78809 0.0132 0.0 45.0
-19.304846 92.78809 0.0133 0.0 46.0
-19.304846 94.93043 0.0133 0.0 46.0
-19.304846 90.64576 0.0134 0.0 45.0
-20.357506 92.51164 0.0134 0.0 45.0
-20.357506 92.51164 0.0135 0.0 46.0
-21.410166 94.377525 0.0135 0.0 46.0
-17.128134 82.35749 0.0136 4.0 41.0
-18.620224 83.89478 0.0136 4.0 41.0
-18.620224 83.89478 0.0137 3.0 42.0
-20.112312 85.432076 0.0137 3.0 42.0
-20.112312 85.432076 0.0138 0.0 43.0
-21.945953 86.53994 0.0138 0.0 43.0
-21.945953 86.53994 0.0139 0.0 44.0
-23.779594 87.647804 0.0139 0.0 44.0
-20.112312 85.432076 0.0140 2.0 43.0
-21.6044 86.96937 0.0140 2.0 43.0
-21.6044 86.96937 0.0141 1.0 44.0
-23.096489 88.50666 0.0141 1.0 44.0
-23.096489 88.50666 0.0142 0.0 45.0
-24.149149 90.37254 0.0142 0.0 45.0
-24.149149 90.37254 0.0143 0.0 46.0
-25.201809 92.23843 0.0143 0.0 46.0
-23.096489 88.50666 0.0144 0.0 45.0
-24.93013 89.614525 0.0144 0.0 45.0
-24.93013 89.614525 0.0145 0.0 46.0
-26.763771 90.72239 0.0145 0.0 46.0
0.0 34.27735 0.0146 44.0 17.0
0.0 36.419685 0.0146 44.0 17.0
0.0 36.419685 0.0147 43.0 18.0
0.0 38.56202 0.0147 43.0 18.0
0.0 38.56202 0.0148 42.0 19.0
0.0 40.704353 0.0148 42.0 19.0
0.0 40.704353 0.0149 41.0 20.0
0.0 42.846687 0.0149 41.0 20.0
0.0 42.846687 0.0150 40.0 21.0
0.0 44.98902 0.0150 40.0 21.0
0.0 44.98902 0.0151 39.0 22.0
0.0 47.131355 0.0151 39.0 22.0
0.0 47.131355 0.0152 38.0 23.0
0.0 49.27369 0.0152 38.0 23.0
0.0 49.27369 0.0153 37.0 24.0
0.0 51.416023 0.0153 37.0 24.0
0.0 51.416023 0.0154 36.0 25.0
0.0 53.558357 0.0154 36.0 25.0
0.0 53.558357 0.0155 35.0 26.0
0.0 55.70069 0.0155 35.0 26.0
0.0 55.70069 0.0156 34.0 27.0
0.0 57.843025 0.0156 34.0 27.0
0.0 57.843025 0.0157 33.0 28.0
0.0 59.98536 0.0157 33.0 28.0
0.0 59.98536 0.0158 32.0 29.0
0.0 62.127693 0.0158 32.0 29.0
0.0 62.127693 0.0159 31.0 30.0
0.0 64.27003 0.0159 31.0 30.0
0.0 64.27003 0.0160 30.0 31.0
0.0 66.41236 0.0160 30.0 31.0
0.0 66.41236 0.0161 29.0 32.0
0.0 68.554695 0.0161 29.0 32.0
0.0 68.554695 0.0162 28.0 33.0
0.5441784 70.62676 0.0162 28.0 33.0
0.5441784 70.62676 0.0163 27.0 34.0
1.0883569 72.69883 0.0163 27.0 34.0
1.0883569 72.69883 0.0164 26.0 35.0
1.6325352 74.7709 0.0164 26.0 35.0
1.6325352 74.7709 0.0165 25.0 36.0
2.1767137 76.842964 0.0165 25.0 36.0
2.1767137 76.842964 0.0166 24.0 37.0
2.7208922 78.91503 0.0166 24.0 37.0
2.7208922 78.91503 0.0167 23.0 38.0
3.2650707 80.9871 0.0167 23.0 38.0
3.2650707 80.9871 0.0168 22.0 39.0
3.8092492 83.059166 0.0168 22.0 39.0
3.8092492 83.059166 0.0169 21.0 40.0
4.3534274 85.13123 0.0169 21.0 40.0
4.3534274 85.13123 0.0170 12.0 41.0
5.4060874 86.997116 0.0170 12.0 41.0
5.4060874 86.997116 0.0171 11.0 42.0
6.4587474 88.863 0.0171 11.0 42.0
6.4587474 88.863 0.0172 10.0 43.0
7.5114074 90.72888 0.0172 10.0 43.0
7.5114074 90.72888 0.0173 9.0 44.0
8.564068 92.594765 0.0173 9.0 44.0
8.564068 92.594765 0.0174 4.0 45.0
10.056157 94.13206 0.0174 4.0 45.0
10.056157 94.13206 0.0175 3.0 46.0
11.548246 95.66935 0.0175 3.0 46.0
11.548246 95.66935 0.0176 0.0 47.0
12.600906 97.53523 0.0176 0.0 47.0
12.600906 97.53523 0.0177 0.0 48.0
13.653566 99.401115 0.0177 0.0 48.0
11.548246 95.66935 0.0178 2.0 47.0
13.040336 97.20664 0.0178 2.0 47.0
13.040336 97.20664 0.0179 1.0 48.0
14.532425 98.743935 0.0179 1.0 48.0
14.532425 98.743935 0.0180 0.0 49.0
16.366066 99.8518 0.0180 0.0 49.0
16.366066 99.8518 0.0181 0.0 50.0
18.199707 100.95966 0.0181 0.0 50.0
14.532425 98.743935 0.0182 0.0 49.0
15.585085 100.60982 0.0182 0.0 49.0
15.585085 100.60982 0.0183 0.0 50.0
16.637745 102.4757 0.0183 0.0 50.0
8.564068 92.594765 0.0184 8.0 45.0
9.616728 94.46065 0.0184 8.0 45.0
9.616728 94.46065 0.0185 7.0 46.0
10.669388 96.32653 0.0185 7.0 46.0
10.669388 96.32653 0.0186 6.0 47.0
11.722048 98.19241 0.0186 6.0 47.0
11.722048 98.19241 0.0187 5.0 48.0
12.774708 100.0583 0.0187 5.0 48.0
12.774708 100.0583 0.0188 4.0 49.0
14.266797 101.59559 0.0188 4.0 49.0
14.266797 101.59559 0.0189 3.0 50.0
15.758886 103.13288 0.0189 3.0 50.0
15.758886 103.13288 0.0190 0.0 51.0
16.811546 104.998764 0.0190 0.0 51.0
16.811546 104.998764 0.0191 0.0 52.0
17.864206 106.86465 0.0191 0.0 52.0
15.758886 103.13288 0.0192 2.0 51.0
17.250977 104.67017 0.0192 2.0 51.0
17.250977 104.67017 0.0193 1.0 52.0
18.743065 106.207466 0.0193 1.0 52.0
18.743065 106.207466 0.0194 0.0 53.0
20.576706 107.31533 0.0194 0.0 53.0
20.576706 107.31533 0.0195 0.0 54.0
22.410347 108.423195 0.0195 0.0 54.0
18.743065 106.207466 0.0196 0.0 53.0
19.795725 108.07335 0.0196 0.0 53.0
19.795725 108.07335 0.0197 0.0 54.0
20.848385 109.93923 0.0197 0.0 54.0
12.774708 100.0583 0.0198 4.0 49.0
13.318886 102.13036 0.0198 4.0 49.0
13.318886 102.13036 0.0199 3.0 50.0
13.863064 104.20243 0.0199 3.0 50.0
13.863064 104.20243 0.0200 0.0 51.0
13.863064 106.344765 0.0200 0.0 51.0
13.863064 106.344765 0.0201 0.0 52.0
13.863064 108.4871 0.0201 0.0 52.0
13.863064 104.20243 0.0202 2.0 51.0
14.407242 106.2745 0.0202 2.0 51.0
14.407242 106.2745 0.0203 1.0 52.0
14.95142 108.346565 0.0203 1.0 52.0
14.95142 108.346565 0.0204 0.0 53.0
16.00408 110.21245 0.0204 0.0 53.0
16.00408 110.21245 0.0205 0.0 54.0
17.05674 112.07833 0.0205 0.0 54.0
14.95142 108.346565 0.0206 0.0 53.0
14.95142 110.4889 0.0206 0.0 53.0
14.95142 110.4889 0.0207 0.0 54.0
14.95142 112.63123 0.0207 0.0 54.0
4.3534274 85.13123 0.0208 20.0 41.0
4.897606 87.2033 0.0208 20.0 41.0
4.897606 87.2033 0.0209 19.0 42.0
5.4417844 89.27537 0.0209 19.0 42.0
5.4417844 89.27537 0.0210 18.0 43.0
5.985963 91.347435 0.0210 18.0 43.0
5.985963 91.347435 0.0211 17.0 44.0
6.5301414 93.4195 0.0211 17.0 44.0
6.5301414 93.4195 0.0212 16.0 45.0
7.07432 95.49157 0.0212 16.0 45.0
7.07432 95.49157 0.0213 15.0 46.0
7.6184983 97.56364 0.0213 15.0 46.0
7.6184983 97.56364 0.0214 14.0 47.0
8.162677 99.635704 0.0214 14.0 47.0
8.162677 99.635704 0.0215 13.0 48.0
8.706855 101.70777 0.0215 13.0 48.0
8.706855 101.70777 0.0216 12.0 49.0
9.759515 103.573654 0.0216 12.0 49.0
9.759515 103.573654 0.0217 11.0 50.0
10.812175 105.43954 0.0217 11.0 50.0
10.812175 105.43954 0.0218 10.0 51.0
11.864835 107.30542 0.0218 10.0 51.0
11.864835 107.30542 0.0219 9.0 52.0
12.917495 109.1713 0.0219 9.0 52.0
12.917495 109.1713 0.0220 4.0 53.0
14.409584 110.708595 0.0220 4.0 53.0
14.409584 110.708595 0.0221 3.0 54.0
15.901673 112.24589 0.0221 3.0 54.0
15.901673 112.24589 0.0222 0.0 55.0
16.954334 114.11177 0.0222 0.0 55.0
16.954334 114.11177 0.0223 0.0 56.0
18.006994 115.97765 0.0223 0.0 56.0
15.901673 112.24589 0.0224 2.0 55.0
17.393763 113.78318 0.0224 2.0 55.0
17.393763 113.78318 0.0225 1.0 56.0
18.885853 115.32047 0.0225 1.0 56.0
18.885853 115.32047 0.0226 0.0 57.0
20.719494 116.42834 0.0226 0.0 57.0
20.719494 116.42834 0.0227 0.0 58.0
22.553135 117.5362 0.0227 0.0 58.0
18.885853 115.32047 0.0228 0.0 57.0
19.938513 117.186356 0.0228 0.0 57.0
19.938513 117.186356 0.0229 0.0 58.0
20.991173 119.05224 0.0229 0.0 58.0
12.917495 109.1713 0.0230 8.0 53.0
13.970155 111.037186 0.0230 8.0 53.0
13.970155 111.037186 0.0231 7.0 54.0
15.022815 112.90307 0.0231 7.0 54.0
15.022815 112.90307 0.0232 6.0 55.0
16.075474 114.76895 0.0232 6.0 55.0
16.075474 114.76895 0.0233 5.0 56.0
17.128134 116.634834 0.0233 5.0 56.0
17.128134 116.634834 0.0234 4.0 57.0
18.620224 118.17213 0.0234 4.0 57.0
18.620224 118.17213 0.0235 3.0 58.0
20.112312 119.70942 0.0235 3.0 58.0
20.112312 119.70942 0.0236 0.0 59.0
21.164972 121.5753 0.0236 0.0 59.0
21.164972 121.5753 0.0237 0.0 60.0
22.217632 123.441185 0.0237 0.0 60.0
20.112312 119.70942 0.0238 2.0 59.0
21.6044 121.24671 0.0238 2.0 59.0
21.6044 121.24671 0.0239 1.0 60.0
23.096489 122.784004 0.0239 1.0 60.0
23.096489 122.784004 0.0240 0.0 61.0
24.93013 123.89187 0.0240 0.0 61.0
24.93013 123.89187 0.0241 0.0 62.0
26.763771 124.99973 0.0241 0.0 62.0
23.096489 122.784004 0.0242 0.0 61.0
24.149149 124.64989 0.0242 0.0 61.0
24.149149 124.64989 0.0243 0.0 62.0
25.201809 126.51577 0.0243 0.0 62.0
17.128134 116.634834 0.0244 4.0 57.0
17.672312 118.7069 0.0244 4.0 57.0
17.672312 118.7069 0.0245 3.0 58.0
18.21649 120.77897 0.0245 3.0 58.0
18.21649 120.77897 0.0246 0.0 59.0
18.21649 122.9213 0.0246 0.0 59.0
18.21649 122.9213 0.0247 0.0 60.0
18.21649 125.06364 0.0247 0.0 60.0
18.21649 120.77897 0.0248 2.0 59.0
18.760668 122.851036 0.0248 2.0 59.0
18.760668 122.851036 0.0249 1.0 60.0
19.304846 124.9231 0.0249 1.0 60.0
19.304846 124.9231 0.0250 0.0 61.0
20.357506 126.78899 0.0250 0.0 61.0
20.357506 126.78899 0.0251 0.0 62.0
21.410166 128.65486 0.0251 0.0 62.0
19.304846 124.9231 0.0252 0.0 61.0
19.304846 127.06544 0.0252 0.0 61.0
19.304846 127.06544 0.0253 0.0 62.0
19.304846 129.20778 0.0253 0.0 62.0
8.706855 101.70777 0.0254 12.0 49.0
8.706855 103.850105 0.0254 12.0 49.0
8.706855 103.850105 0.0255 11.0 50.0
8.706855 105.99244 0.0255 11.0 50.0
8.706855 105.99244 0.0256 10.0 51.0
8.706855 108.13477 0.0256 10.0 51.0
8.706855 108.13477 0.0257 9.0 52.0
8.706855 110.27711 0.0257 9.0 52.0
8.706855 110.27711 0.0258 4.0 53.0
9.251033 112.349174 0.0258 4.0 53.0
9.251033 112.349174 0.0259 3.0 54.0
9.795211 114.42124 0.0259 3.0 54.0
9.795211 114.42124 0.0260 0.0 55.0
9.795211 116.563576 0.0260 0.0 55.0
9.795211 116.563576 0.0261 0.0 56.0
9.795211 118.70591 0.0261 0.0 56.0
9.795211 114.42124 0.0262 2.0 55.0
10.339389 116.49331 0.0262 2.0 55.0
10.339389 116.49331 0.0263 1.0 56.0
10.883567 118.56538 0.0263 1.0 56.0
10.883567 118.56538 0.0264 0.0 57.0
11.936227 120.43126 0.0264 0.0 57.0
11.936227 120.43126 0.0265 0.0 58.0
12.988887 122.29714 0.0265 0.0 58.0
10.883567 118.56538 0.0266 0.0 57.0
10.883567 120.70771 0.0266 0.0 57.0
10.883567 120.70771 0.0267 0.0 58.0
10.883567 122.850044 0.0267 0.0 58.0
8.706855 110.27711 0.0268 8.0 53.0
8.706855 112.41944 0.0268 8.0 53.0
8.706855 112.41944 0.0269 7.0 54.0
8.706855 114.561775 0.0269 7.0 54.0
8.706855 114.561775 0.0270 6.0 55.0
8.706855 116.70411 0.0270 6.0 55.0
8.706855 116.70411 0.0271 5.0 56.0
8.706855 118.84644 0.0271 5.0 56.0
8.706855 118.84644 0.0272 4.0 57.0
9.251033 120.91851 0.0272 4.0 57.0
9.251033 120.91851 0.0273 3.0 58.0
9.795211 122.99058 0.0273 3.0 58.0
9.795211 122.99058 0.0274 0.0 59.0
9.795211 125.13291 0.0274 0.0 59.0
9.795211 125.13291 0.0275 0.0 60.0
9.795211 127.275246 0.0275 0.0 60.0
9.795211 122.99058 0.0276 2.0 59.0
10.339389 125.062645 0.0276 2.0 59.0
10.339389 125.062645 0.0277 1.0 60.0
10.883567 127.13471 0.0277 1.0 60.0
10.883567 127.13471 0.0278 0.0 61.0
11.936227 129.0006 0.0278 0.0 61.0
11.936227 129.0006 0.0279 0.0 62.0
12.988887 130.86647 0.0279 0.0 62.0
10.883567 127.13471 0.0280 0.0 61.0
10.883567 129.27705 0.0280 0.0 61.0
10.883567 129.27705 0.0281 0.0 62.0
10.883567 131.41939 0.0281 0.0 62.0
8.706855 118.84644 0.0282 4.0 57.0
8.162677 120.91851 0.0282 4.0 57.0
8.162677 120.91851 0.0283 3.0 58.0
7.6184983 122.99058 0.0283 3.0 58.0
7.6184983 122.99058 0.0284 0.0 59.0
6.5658383 124.85646 0.0284 0.0 59.0
6.5658383 124.85646 0.0285 0.0 60.0
5.5131783 126.72234 0.0285 0.0 60.0
7.6184983 122.99058 0.0286 2.0 59.0
7.07432 125.062645 0.0286 2.0 59.0
7.07432 125.062645 0.0287 1.0 60.0
6.5301414 127.13471 0.0287 1.0 60.0
6.5301414 127.13471 0.0288 0.0 61.0
6.5301414 129.27705 0.0288 0.0 61.0
6.5301414 129.27705 0.0289 0.0 62.0
6.5301414 131.41939 0.0289 0.0 62.0
6.5301414 127.13471 0.0290 0.0 61.0
5.4774814 129.0006 0.0290 0.0 61.0
5.4774814 129.0006 0.0291 0.0 62.0
4.4248214 130.86647 0.0291 0.0 62.0
0.0 68.554695 0.0292 28.0 33.0
-0.5441784 70.62676 0.0292 28.0 33.0
-0.5441784 70.62676 0.0293 27.0 34.0
-1.0883569 72.69883 0.0293 27.0 34.0
-1.0883569 72.69883 0.0294 26.0 35.0
-1.6325352 74.7709 0.0294 26.0 35.0
-1.6325352 74.7709 0.0295 25.0 36.0
-2.1767137 76.842964 0.0295 25.0 36.0
-2.1767137 76.842964 0.0296 24.0 37.0
-2.7208922 78.91503 0.0296 24.0 37.0
-2.7208922 78.91503 0.0297 23.0 38.0
-3.2650707 80.9871 0.0297 23.0 38.0
-3.2650707 80.9871 0.0298 22.0 39.0
-3.8092492 83.059166 0.0298 22.0 39.0
-3.8092492 83.059166 0.0299 21.0 40.0
-4.3534274 85.13123 0.0299 21.0 40.0
-4.3534274 85.13123 0.0300 12.0 41.0
-4.3534274 87.27357 0.0300 12.0 41.0
-4.3534274 87.27357 0.0301 11.0 42.0
-4.3534274 89.4159 0.0301 11.0 42.0
-4.3534274 89.4159 0.0302 10.0 43.0
-4.3534274 91.558235 0.0302 10.0 43.0
-4.3534274 91.558235 0.0303 9.0 44.0
-4.3534274 93.70057 0.0303 9.0 44.0
-4.3534274 93.70057 0.0304 4.0 45.0
-3.809249 95.77264 0.0304 4.0 45.0
-3.809249 95.77264 0.0305 3.0 46.0
-3.2650704 97.8447 0.0305 3.0 46.0
-3.2650704 97.8447 0.0306 0.0 47.0
-3.2650704 99.98704 0.0306 0.0 47.0
-3.2650704 99.98704 0.0307 0.0 48.0
-3.2650704 102.12937 0.0307 0.0 48.0
-3.2650704 97.8447 0.0308 2.0 47.0
-2.720892 99.91677 0.0308 2.0 47.0
-2.720892 99.91677 0.0309 1.0 48.0
-2.1767135 101.98884 0.0309 1.0 48.0
-2.1767135 101.98884 0.0310 0.0 49.0
-1.1240535 103.85472 0.0310 0.0 49.0
-1.1240535 103.85472 0.0311 0.0 50.0
-0.07139349 105.720604 0.0311 0.0 50.0
-2.1767135 101.98884 0.0312 0.0 49.0
-2.1767135 104.13117 0.0312 0.0 49.0
-2.1767135 104.13117 0.0313 0.0 50.0
-2.1767135 106.273506 0.0313 0.0 50.0
-4.3534274 93.70057 0.0314 8.0 45.0
-4.3534274 95.8429 0.0314 8.0 45.0
-4.3534274 95.8429 0.0315 7.0 46.0
-4.3534274 97.98524 0.0315 7.0 46.0
-4.3534274 97.98524 0.0316 6.0 47.0
-4.3534274 100.12757 0.0316 6.0 47.0
-4.3534274 100.12757 0.0317 5.0 48.0
-4.3534274 102.269905 0.0317 5.0 48.0
-4.3534274 102.269905 0.0318 4.0 49.0
-3.809249 104.34197 0.0318 4.0 49.0
-3.809249 104.34197 0.0319 3.0 50.0
-3.2650704 106.41404 0.0319 3.0 50.0
-3.2650704 106.41404 0.0320 0.0 51.0
-3.2650704 108.55637 0.0320 0.0 51.0
-3.2650704 108.55637 0.0321 0.0 52.0
-3.2650704 110.69871 0.0321 0.0 52.0
-3.2650704 106.41404 0.0322 2.0 51.0
-2.720892 108.48611 0.0322 2.0 51.0
-2.720892 108.48611 0.0323 1.0 52.0
-2.1767135 110.558174 0.0323 1.0 52.0
-2.1767135 110.558174 0.0324 0.0 53.0
-1.1240535 112.42406 0.0324 0.0 53.0
-1.1240535 112.42406 0.0325 0.0 54.0
-0.07139349 114.28994 0.0325 0.0 54.0
-2.1767135 110.558174 0.0326 0.0 53.0
-2.1767135 112.70051 0.0326 0.0 53.0
-2.1767135 112.70051 0.0327 0.0 54.0
-2.1767135 114.84284 0.0327 0.0 54.0
-4.3534274 102.269905 0.0328 4.0 49.0
-4.897606 104.34197 0.0328 4.0 49.0
-4.897606 104.34197 0.0329 3.0 50.0
-5.4417844 106.41404 0.0329 3.0 50.0
-5.4417844 106.41404 0.0330 0.0 51.0
-6.4944444 108.27992 0.0330 0.0 51.0
-6.4944444 108.27992 0.0331 0.0 52.0
-7.5471044 110.145805 0.0331 0.0 52.0
-5.4417844 106.41404 0.0332 2.0 51.0
-5.985963 108.48611 0.0332 2.0 51.0
-5.985963 108.48611 0.0333 1.0 52.0
-6.5301414 110.558174 0.0333 1.0 52.0
-6.5301414 110.558174 0.0334 0.0 53.0
-6.5301414 112.70051 0.0334 0.0 53.0
-6.5301414 112.70051 0.0335 0.0 54.0
-6.5301414 114.84284 0.0335 0.0 54.0
-6.5301414 110.558174 0.0336 0.0 53.0
-7.5828013 112.42406 0.0336 0.0 53.0
-7.5828013 112.42406 0.0337 0.0 54.0
-8.635462 114.28994 0.0337 0.0 54.0
-4.3534274 85.13123 0.0338 20.0 41.0
-4.897606 87.2033 0.0338 20.0 41.0
-4.897606 87.2033 0.0339 19.0 42.0
-5.4417844 89.27537 0.0339 19.0 42.0
-5.4417844 89.27537 0.0340 18.0 43.0
-5.985963 91.347435 0.0340 18.0 43.0
-5.985963 91.347435 0.0341 17.0 44.0
-6.5301414 93.4195 0.0341 17.0 44.0
-6.5301414 93.4195 0.0342 16.0 45.0
-7.07432 95.49157 0.0342 16.0 45.0
-7.07432 95.49157 0.0343 15.0 46.0
-7.6184983 97.56364 0.0343 15.0 46.0
-7.6184983 97.56364 0.0344 14.0 47.0
-8.162677 99.635704 0.0344 14.0 47.0
-8.162677 99.635704 0.0345 13.0 48.0
-8.706855 101.70777 0.0345 13.0 48.0
-8.706855 101.70777 0.0346 12.0 49.0
-8.706855 103.850105 0.0346 12.0 49.0
-8.706855 103.850105 0.0347 11.0 50.0
-8.706855 105.99244 0.0347 11.0 50.0
-8.706855 105.99244 0.0348 10.0 51.0
-8.706855 108.13477 0.0348 10.0 51.0
-8.706855 108.13477 0.0349 9.0 52.0
-8.706855 110.27711 0.0349 9.0 52.0
-8.706855 110.27711 0.0350 4.0 53.0
-8.162677 112.349174 0.0350 4.0 53.0
-8.162677 112.349174 0.0351 3.0 54.0
-7.6184983 114.42124 0.0351 3.0 54.0
-7.6184983 114.42124 0.0352 0.0 55.0
-7.6184983 116.563576 0.0352 0.0 55.0
-7.6184983 116.563576 0.0353 0.0 56.0
-7.6184983 118.70591 0.0353 0.0 56.0
-7.6184983 114.42124 0.0354 2.0 55.0
-7.07432 116.49331 0.0354 2.0 55.0
-7.07432 116.49331 0.0355 1.0 56.0
-6.5301414 118.56538 0.0355 1.0 56.0
-6.5301414 118.56538 0.0356 0.0 57.0
-5.4774814 120.43126 0.0356 0.0 57.0
-5.4774814 120.43126 0.0357 0.0 58.0
-4.4248214 122.29714 0.0357 0.0 58.0
-6.5301414 118.56538 0.0358 0.0 57.0
-6.5301414 120.70771 0.0358 0.0 57.0
-6.5301414 120.70771 0.0359 0.0 58.0
-6.5301414 122.850044 0.0359 0.0 58.0
-8.706855 110.27711 0.0360 8.0 53.0
-8.706855 112.41944 0.0360 8.0 53.0
-8.706855 112.41944 0.0361 7.0 54.0
-8.706855 114.561775 0.0361 7.0 54.0
-8.706855 114.561775 0.0362 6.0 55.0
-8.706855 116.70411 0.0362 6.0 55.0
-8.706855 116.70411 0.0363 5.0 56.0
-8.706855 118.84644 0.0363 5.0 56.0
-8.706855 118.84644 0.0364 4.0 57.0
-8.162677 120.91851 0.0364 4.0 57.0
-8.162677 120.91851 0.0365 3.0 58.0
-7.6184983 122.99058 0.0365 3.0 58.0
-7.6184983 122.99058 0.0366 0.0 59.0
-7.6184983 125.13291 0.0366 0.0 59.0
-7.6184983 125.13291 0.0367 0.0 60.0
-7.6184983 127.275246 0.0367 0.0 60.0
-7.6184983 122.99058 0.0368 2.0 59.0
-7.07432 125.062645 0.0368 2.0 59.0
-7.07432 125.062645 0.0369 1.0 60.0
-6.5301414 127.13471 0.0369 1.0 60.0
-6.5301414 127.13471 0.0370 0.0 61.0
-5.4774814 129.0006 0.0370 0.0 61.0
-5.4774814 129.0006 0.0371 0.0 62.0
-4.4248214 130.86647 0.0371 0.0 62.0
-6.5301414 127.13471 0.0372 0.0 61.0
-6.5301414 129.27705 0.0372 0.0 61.0
-6.5301414 129.27705 0.0373 0.0 62.0
-6.5301414 131.41939 0.0373 0.0 62.0
-8.706855 118.84644 0.0374 4.0 57.0
-9.251033 120.91851 0.0374 4.0 57.0
-9.251033 120.91851 0.0375 3.0 58.0
-9.795211 122.99058 0.0375 3.0 58.0
-9.795211 122.99058 0.0376 0.0 59.0
-10.847871 124.85646 0.0376 0.0 59.0
-10.847871 124.85646 0.0377 0.0 60.0
-11.900531 126.72234 0.0377 0.0 60.0
-9.795211 122.99058 0.0378 2.0 59.0
-10.339389 125.062645 0.0378 2.0 59.0
-10.339389 125.062645 0.0379 1.0 60.0
-10.883567 127.13471 0.0379 1.0 60.0
-10.883567 127.13471 0.0380 0.0 61.0
-10.883567 129.27705 0.0380 0.0 61.0
-10.883567 129.27705 0.0381 0.0 62.0
-10.883567 131.41939 0.0381 0.0 62.0
-10.883567 127.13471 0.0382 0.0 61.0
-11.936227 129.0006 0.0382 0.0 61.0
-11.936227 129.0006 0.0383 0.0 62.0
-12.988887 130.86647 0.0383 0.0 62.0
-8.706855 101.70777 0.0384 12.0 49.0
-9.759515 103.573654 0.0384 12.0 49.0
-9.759515 103.573654 0.0385 11.0 50.0
-10.812175 105.43954 0.0385 11.0 50.0
-10.812175 105.43954 0.0386 10.0 51.0
-11.864835 107.30542 0.0386 10.0 51.0
-11.864835 107.30542 0.0387 9.0 52.0
-12.917495 109.1713 0.0387 9.0 52.0
-12.917495 109.1713 0.0388 4.0 53.0
-13.461673 111.24337 0.0388 4.0 53.0
-13.461673 111.24337 0.0389 3.0 54.0
-14.005851 113.31544 0.0389 3.0 54.0
-14.005851 113.31544 0.0390 0.0 55.0
-15.058511 115.18132 0.0390 0.0 55.0
-15.058511 115.18132 0.0391 0.0 56.0
-16.111172 117.0472 0.0391 0.0 56.0
-14.005851 113.31544 0.0392 2.0 55.0
-14.550029 115.387505 0.0392 2.0 55.0
-14.550029 115.387505 0.0393 1.0 56.0
-15.094207 117.45957 0.0393 1.0 56.0
-15.094207 117.45957 0.0394 0.0 57.0
-15.094207 119.601906 0.0394 0.0 57.0
-15.094207 119.601906 0.0395 0.0 58.0
-15.094207 121.74424 0.0395 0.0 58.0
-15.094207 117.45957 0.0396 0.0 57.0
-16.146866 119.325455 0.0396 0.0 57.0
-16.146866 119.325455 0.0397 0.0 58.0
-17.199526 121.19134 0.0397 0.0 58.0
-12.917495 109.1713 0.0398 8.0 53.0
-13.970155 111.037186 0.0398 8.0 53.0
-13.970155 111.037186 0.0399 7.0 54.0
-15.022815 112.90307 0.0399 7.0 54.0
-15.022815 112.90307 0.0400 6.0 55.0
-16.075474 114.76895 0.0400 6.0 55.0
-16.075474 114.76895 0.0401 5.0 56.0
-17.128134 116.634834 0.0401 5.0 56.0
-17.128134 116.634834 0.0402 4.0 57.0
-17.672312 118.7069 0.0402 4.0 57.0
-17.672312 118.7069 0.0403 3.0 58.0
-18.21649 120.77897 0.0403 3.0 58.0
-18.21649 120.77897 0.0404 0.0 59.0
-19.26915 122.64485 0.0404 0.0 59.0
-19.26915 122.64485 0.0405 0.0 60.0
-20.32181 124.510735 0.0405 0.0 60.0
-18.21649 120.77897 0.0406 2.0 59.0
-18.760668 122.851036 0.0406 2.0 59.0
-18.760668 122.851036 0.0407 1.0 60.0
-19.304846 124.9231 0.0407 1.0 60.0
-19.304846 124.9231 0.0408 0.0 61.0
-19.304846 127.06544 0.0408 0.0 61.0
-19.304846 127.06544 0.0409 0.0 62.0
-19.304846 129.20778 0.0409 0.0 62.0
-19.304846 124.9231 0.0410 0.0 61.0
-20.357506 126.78899 0.0410 0.0 61.0
-20.357506 126.78899 0.0411 0.0 62.0
-21.410166 128.65486 0.0411 0.0 62.0
-17.128134 116.634834 0.0412 4.0 57.0
-18.620224 118.17213 0.0412 4.0 57.0
-18.620224 118.17213 0.0413 3.0 58.0
-20.112312 119.70942 0.0413 3.0 58.0
-20.112312 119.70942 0.0414 0.0 59.0
-21.945953 120.81728 0.0414 0.0 59.0
-21.945953 120.81728 0.0415 0.0 60.0
-23.779594 121.92515 0.0415 0.0 60.0
-20.112312 119.70942 0.0416 2.0 59.0
-21.6044 121.24671 0.0416 2.0 59.0
-21.6044 121.24671 0.0417 1.0 60.0
-23.096489 122.784004 0.0417 1.0 60.0
-23.096489 122.784004 0.0418 0.0 61.0
-24.149149 124.64989 0.0418 0.0 61.0
-24.149149 124.64989 0.0419 0.0 62.0
-25.201809 126.51577 0.0419 0.0 62.0
-23.096489 122.784004 0.0420 0.0 61.0
-24.93013 123.89187 0.0420 0.0 61.0
-24.93013 123.89187 0.0421 0.0 62.0
-26.763771 124.99973 0.0421 0.0 62.0
