0.0 0.0 0.00 60.0 1.0
0.0 1.9366722 0.00 60.0 1.0
0.0 1.9366722 0.01 59.0 2.0
0.0 3.8733444 0.01 59.0 2.0
0.0 3.8733444 0.02 58.0 3.0
0.0 5.8100166 0.02 58.0 3.0
0.0 5.8100166 0.03 57.0 4.0
0.0 7.746689 0.03 57.0 4.0
0.0 7.746689 0.04 56.0 5.0
0.0 9.683361 0.04 56.0 5.0
0.0 9.683361 0.05 55.0 6.0
0.0 11.620033 0.05 55.0 6.0
0.0 11.620033 0.06 54.0 7.0
0.0 13.556705 0.06 54.0 7.0
0.0 13.556705 0.07 53.0 8.0
0.0 15.493378 0.07 53.0 8.0
0.0 15.493378 0.08 52.0 9.0
0.0 17.43005 0.08 52.0 9.0
0.0 17.43005 0.09 51.0 10.0
0.0 19.366722 0.09 51.0 10.0
0.0 19.366722 0.010 50.0 11.0
0.0 21.303394 0.010 50.0 11.0
0.0 21.303394 0.011 49.0 12.0
0.0 23.240067 0.011 49.0 12.0
0.0 23.240067 0.012 48.0 13.0
0.0 25.176739 0.012 48.0 13.0
0.0 25.176739 0.013 47.0 14.0
0.0 27.11341 0.013 47.0 14.0
0.0 27.11341 0.014 46.0 15.0
0.0 29.050083 0.014 46.0 15.0
0.0 29.050083 0.015 45.0 16.0
0.0 30.986755 0.015 45.0 16.0
0.0 30.986755 0.016 28.0 17.0
-1.1069428 32.575897 0.016 28.0 17.0
-1.1069428 32.575897 0.017 27.0 18.0
-2.2138855 34.16504 0.017 27.0 18.0
-2.2138855 34.16504 0.018 26.0 19.0
-3.3208284 35.75418 0.018 26.0 19.0
-3.3208284 35.75418 0.019 25.0 20.0
-4.427771 37.343323 0.019 25.0 20.0
-4.427771 37.343323 0.020 24.0 21.0
-5.5347137 38.932465 0.020 24.0 21.0
-5.5347137 38.932465 0.021 23.0 22.0
-6.6416564 40.521606 0.021 23.0 22.0
-6.6416564 40.521606 0.022 22.0 23.0
-7.748599 42.11075 0.022 22.0 23.0
-7.748599 42.11075 0.023 21.0 24.0
-8.855542 43.69989 0.023 21.0 24.0
-8.855542 43.69989 0.024 12.0 25.0
-8.855542 45.636562 0.024 12.0 25.0
-8.855542 45.636562 0.025 11.0 26.0
-8.855542 47.573235 0.025 11.0 26.0
-8.855542 47.573235 0.026 10.0 27.0
-8.855542 49.509907 0.026 10.0 27.0
-8.855542 49.509907 0.027 9.0 28.0
-8.855542 51.44658 0.027 9.0 28.0
-8.855542 51.44658 0.028 4.0 29.0
-7.7485995 53.03572 0.028 4.0 29.0
-7.7485995 53.03572 0.029 3.0 30.0
-6.641657 54.624863 0.029 3.0 30.0
-6.641657 54.624863 0.030 0.0 31.0
-4.825045 55.296146 0.030 0.0 31.0
-4.825045 55.296146 0.031 0.0 32.0
-3.0084333 55.96743 0.031 0.0 32.0
-6.641657 54.624863 0.032 2.0 31.0
-5.534714 56.214005 0.032 2.0 31.0
-5.534714 56.214005 0.033 1.0 32.0
-4.4277716 57.803146 0.033 1.0 32.0
-4.4277716 57.803146 0.034 0.0 33.0
-2.6111598 58.47443 0.034 0.0 33.0
-2.6111598 58.47443 0.035 0.0 34.0
-0.7945479 59.145714 0.035 0.0 34.0
-4.4277716 57.803146 0.036 0.0 33.0
-4.4277716 59.73982 0.036 0.0 33.0
-4.4277716 59.73982 0.037 0.0 34.0
-4.4277716 61.67649 0.037 0.0 34.0
-8.855542 51.44658 0.038 8.0 29.0
-8.855542 53.38325 0.038 8.0 29.0
-8.855542 53.38325 0.039 7.0 30.0
-8.855542 55.319923 0.039 7.0 30.0
-8.855542 55.319923 0.040 6.0 31.0
-8.855542 57.256596 0.040 6.0 31.0
-8.855542 57.256596 0.041 5.0 32.0
-8.855542 59.193268 0.041 5.0 32.0
-8.855542 59.193268 0.042 4.0 33.0
-7.7485995 60.78241 0.042 4.0 33.0
-7.7485995 60.78241 0.043 3.0 34.0
-6.641657 62.37155 0.043 3.0 34.0
-6.641657 62.37155 0.044 0.0 35.0
-4.825045 63.042835 0.044 0.0 35.0
-4.825045 63.042835 0.045 0.0 36.0
-3.0084333 63.71412 0.045 0.0 36.0
-6.641657 62.37155 0.046 2.0 35.0
-5.534714 63.960693 0.046 2.0 35.0
-5.534714 63.960693 0.047 1.0 36.0
-4.4277716 65.549835 0.047 1.0 36.0
-4.4277716 65.549835 0.048 0.0 37.0
-2.6111598 66.221115 0.048 0.0 37.0
-2.6111598 66.221115 0.049 0.0 38.0
-0.7945479 66.892395 0.049 0.0 38.0
-4.4277716 65.549835 0.050 0.0 37.0
-4.4277716 67.48651 0.050 0.0 37.0
-4.4277716 67.48651 0.051 0.0 38.0
-4.4277716 69.42319 0.051 0.0 38.0
-8.855542 59.193268 0.052 4.0 33.0
-9.962485 60.78241 0.052 4.0 33.0
-9.962485 60.78241 0.053 3.0 34.0
-11.069428 62.37155 0.053 3.0 34.0
-11.069428 62.37155 0.054 0.0 35.0
-11.069428 64.30823 0.054 0.0 35.0
-11.069428 64.30823 0.055 0.0 36.0
-11.069428 66.2449 0.055 0.0 36.0
-11.069428 62.37155 0.056 2.0 35.0
-12.176372 63.960693 0.056 2.0 35.0
-12.176372 63.960693 0.057 1.0 36.0
-13.283315 65.549835 0.057 1.0 36.0
-13.283315 65.549835 0.058 0.0 37.0
-13.283315 67.48651 0.058 0.0 37.0
-13.283315 67.48651 0.059 0.0 38.0
-13.283315 69.42319 0.059 0.0 38.0
-13.283315 65.549835 0.060 0.0 37.0
-15.099927 66.221115 0.060 0.0 37.0
-15.099927 66.221115 0.061 0.0 38.0
-16.916538 66.892395 0.061 0.0 38.0
-8.855542 43.69989 0.062 20.0 25.0
-9.962485 45.289032 0.062 20.0 25.0
-9.962485 45.289032 0.063 19.0 26.0
-11.069428 46.878174 0.063 19.0 26.0
-11.069428 46.878174 0.064 18.0 27.0
-12.176372 48.467316 0.064 18.0 27.0
-12.176372 48.467316 0.065 17.0 28.0
-13.283315 50.056458 0.065 17.0 28.0
-13.283315 50.056458 0.066 16.0 29.0
-14.390258 51.6456 0.066 16.0 29.0
-14.390258 51.6456 0.067 15.0 30.0
-15.497201 53.23474 0.067 15.0 30.0
-15.497201 53.23474 0.068 14.0 31.0
-16.604143 54.823883 0.068 14.0 31.0
-16.604143 54.823883 0.069 13.0 32.0
-17.711086 56.413025 0.069 13.0 32.0
-17.711086 56.413025 0.070 12.0 33.0
-17.711086 58.349697 0.070 12.0 33.0
-17.711086 58.349697 0.071 11.0 34.0
-17.711086 60.28637 0.071 11.0 34.0
-17.711086 60.28637 0.072 10.0 35.0
-17.711086 62.22304 0.072 10.0 35.0
-17.711086 62.22304 0.073 9.0 36.0
-17.711086 64.15971 0.073 9.0 36.0
-17.711086 64.15971 0.074 4.0 37.0
-16.604143 65.748856 0.074 4.0 37.0
-16.604143 65.748856 0.075 3.0 38.0
-15.4972 67.338 0.075 3.0 38.0
-15.4972 67.338 0.076 0.0 39.0
-13.680588 68.00928 0.076 0.0 39.0
-13.680588 68.00928 0.077 0.0 40.0
-11.863976 68.68056 0.077 0.0 40.0
-15.4972 67.338 0.078 2.0 39.0
-14.390257 68.92714 0.078 2.0 39.0
-14.390257 68.92714 0.079 1.0 40.0
-13.283314 70.51628 0.079 1.0 40.0
-13.283314 70.51628 0.080 0.0 41.0
-11.4667015 71.18756 0.080 0.0 41.0
-11.4667015 71.18756 0.081 0.0 42.0
-9.650089 71.85884 0.081 0.0 42.0
-13.283314 70.51628 0.082 0.0 41.0
-13.283314 72.45296 0.082 0.0 41.0
-13.283314 72.45296 0.083 0.0 42.0
-13.283314 74.38963 0.083 0.0 42.0
-17.711086 64.15971 0.084 8.0 37.0
-17.711086 66.09639 0.084 8.0 37.0
-17.711086 66.09639 0.085 7.0 38.0
-17.711086 68.033066 0.085 7.0 38.0
-17.711086 68.033066 0.086 6.0 39.0
-17.711086 69.96974 0.086 6.0 39.0
-17.711086 69.96974 0.087 5.0 40.0
-17.711086 71.90642 0.087 5.0 40.0
-17.711086 71.90642 0.088 4.0 41.0
-16.604143 73.49556 0.088 4.0 41.0
-16.604143 73.49556 0.089 3.0 42.0
-15.4972 75.0847 0.089 3.0 42.0
-15.4972 75.0847 0.090 0.0 43.0
-13.680588 75.75598 0.090 0.0 43.0
-13.680588 75.75598 0.091 0.0 44.0
-11.863976 76.42726 0.091 0.0 44.0
-15.4972 75.0847 0.092 2.0 43.0
-14.390257 76.67384 0.092 2.0 43.0
-14.390257 76.67384 0.093 1.0 44.0
-13.283314 78.262985 0.093 1.0 44.0
-13.283314 78.262985 0.094 0.0 45.0
-11.4667015 78.934265 0.094 0.0 45.0
-11.4667015 78.934265 0.095 0.0 46.0
-9.650089 79.605545 0.095 0.0 46.0
-13.283314 78.262985 0.096 0.0 45.0
-13.283314 80.19966 0.096 0.0 45.0
-13.283314 80.19966 0.097 0.0 46.0
-13.283314 82.13634 0.097 0.0 46.0
-17.711086 71.90642 0.098 4.0 41.0
-18.81803 73.49556 0.098 4.0 41.0
-18.81803 73.49556 0.099 3.0 42.0
-19.924973 75.0847 0.099 3.0 42.0
-19.924973 75.0847 0.0100 0.0 43.0
-19.924973 77.02138 0.0100 0.0 43.0
-19.924973 77.02138 0.0101 0.0 44.0
-19.924973 78.95805 0.0101 0.0 44.0
-19.924973 75.0847 0.0102 2.0 43.0
-21.031916 76.67384 0.0102 2.0 43.0
-21.031916 76.67384 0.0103 1.0 44.0
-22.138859 78.262985 0.0103 1.0 44.0
-22.138859 78.262985 0.0104 0.0 45.0
-22.138859 80.19966 0.0104 0.0 45.0
-22.138859 80.19966 0.0105 0.0 46.0
-22.138859 82.13634 0.0105 0.0 46.0
-22.138859 78.262985 0.0106 0.0 45.0
-23.955471 78.934265 0.0106 0.0 45.0
-23.955471 78.934265 0.0107 0.0 46.0
-25.772083 79.605545 0.0107 0.0 46.0
-17.711086 56.413025 0.0108 12.0 33.0
-19.527699 57.08431 0.0108 12.0 33.0
-19.527699 57.08431 0.0109 11.0 34.0
-21.34431 57.755592 0.0109 11.0 34.0
-21.34431 57.755592 0.0110 10.0 35.0
-23.160923 58.426876 0.0110 10.0 35.0
-23.160923 58.426876 0.0111 9.0 36.0
-24.977535 59.09816 0.0111 9.0 36.0
-24.977535 59.09816 0.0112 4.0 37.0
-26.084478 60.6873 0.0112 4.0 37.0
-26.084478 60.6873 0.0113 3.0 38.0
-27.191422 62.276443 0.0113 3.0 38.0
-27.191422 62.276443 0.0114 0.0 39.0
-27.191422 64.21312 0.0114 0.0 39.0
-27.191422 64.21312 0.0115 0.0 40.0
-27.191422 66.149796 0.0115 0.0 40.0
-27.191422 62.276443 0.0116 2.0 39.0
-28.298365 63.865585 0.0116 2.0 39.0
-28.298365 63.865585 0.0117 1.0 40.0
-29.405308 65.45473 0.0117 1.0 40.0
-29.405308 65.45473 0.0118 0.0 41.0
-29.405308 67.3914 0.0118 0.0 41.0
-29.405308 67.3914 0.0119 0.0 42.0
-29.405308 69.32808 0.0119 0.0 42.0
-29.405308 65.45473 0.0120 0.0 41.0
-31.22192 66.12601 0.0120 0.0 41.0
-31.22192 66.12601 0.0121 0.0 42.0
-33.038532 66.79729 0.0121 0.0 42.0
-24.977535 59.09816 0.0122 8.0 37.0
-26.794147 59.769444 0.0122 8.0 37.0
-26.794147 59.769444 0.0123 7.0 38.0
-28.61076 60.440727 0.0123 7.0 38.0
-28.61076 60.440727 0.0124 6.0 39.0
-30.427372 61.11201 0.0124 6.0 39.0
-30.427372 61.11201 0.0125 5.0 40.0
-32.243984 61.783295 0.0125 5.0 40.0
-32.243984 61.783295 0.0126 4.0 41.0
-33.350925 63.372437 0.0126 4.0 41.0
-33.350925 63.372437 0.0127 3.0 42.0
-34.457867 64.96158 0.0127 3.0 42.0
-34.457867 64.96158 0.0128 0.0 43.0
-34.457867 66.898254 0.0128 0.0 43.0
-34.457867 66.898254 0.0129 0.0 44.0
-34.457867 68.83493 0.0129 0.0 44.0
-34.457867 64.96158 0.0130 2.0 43.0
-35.564808 66.55072 0.0130 2.0 43.0
-35.564808 66.55072 0.0131 1.0 44.0
-36.67175 68.13986 0.0131 1.0 44.0
-36.67175 68.13986 0.0132 0.0 45.0
-36.67175 70.07654 0.0132 0.0 45.0
-36.67175 70.07654 0.0133 0.0 46.0
-36.67175 72.013214 0.0133 0.0 46.0
-36.67175 68.13986 0.0134 0.0 45.0
-38.48836 68.81114 0.0134 0.0 45.0
-38.48836 68.81114 0.0135 0.0 46.0
-40.304974 69.48242 0.0135 0.0 46.0
-32.243984 61.783295 0.0136 4.0 41.0
-34.118298 61.2958 0.0136 4.0 41.0
-34.118298 61.2958 0.0137 3.0 42.0
-35.99261 60.808304 0.0137 3.0 42.0
-35.99261 60.808304 0.0138 0.0 43.0
-37.809223 61.479588 0.0138 0.0 43.0
-37.809223 61.479588 0.0139 0.0 44.0
-39.625835 62.15087 0.0139 0.0 44.0
-35.99261 60.808304 0.0140 2.0 43.0
-37.866924 60.32081 0.0140 2.0 43.0
-37.866924 60.32081 0.0141 1.0 44.0
-39.741238 59.833313 0.0141 1.0 44.0
-39.741238 59.833313 0.0142 0.0 45.0
-41.55785 60.504597 0.0142 0.0 45.0
-41.55785 60.504597 0.0143 0.0 46.0
-43.374462 61.17588 0.0143 0.0 46.0
-39.741238 59.833313 0.0144 0.0 45.0
-41.000572 58.361996 0.0144 0.0 45.0
-41.000572 58.361996 0.0145 0.0 46.0
-42.259907 56.89068 0.0145 0.0 46.0
0.0 30.986755 0.0146 44.0 17.0
0.0 32.923428 0.0146 44.0 17.0
0.0 32.923428 0.0147 43.0 18.0
0.0 34.8601 0.0147 43.0 18.0
0.0 34.8601 0.0148 42.0 19.0
0.0 36.796772 0.0148 42.0 19.0
0.0 36.796772 0.0149 41.0 20.0
0.0 38.733444 0.0149 41.0 20.0
0.0 38.733444 0.0150 40.0 21.0
0.0 40.670116 0.0150 40.0 21.0
0.0 40.670116 0.0151 39.0 22.0
0.0 42.60679 0.0151 39.0 22.0
0.0 42.60679 0.0152 38.0 23.0
0.0 44.54346 0.0152 38.0 23.0
0.0 44.54346 0.0153 37.0 24.0
0.0 46.480133 0.0153 37.0 24.0
0.0 46.480133 0.0154 36.0 25.0
0.0 48.416805 0.0154 36.0 25.0
0.0 48.416805 0.0155 35.0 26.0
0.0 50.353477 0.0155 35.0 26.0
0.0 50.353477 0.0156 34.0 27.0
0.0 52.29015 0.0156 34.0 27.0
0.0 52.29015 0.0157 33.0 28.0
0.0 54.22682 0.0157 33.0 28.0
0.0 54.22682 0.0158 32.0 29.0
0.0 56.163494 0.0158 32.0 29.0
0.0 56.163494 0.0159 31.0 30.0
0.0 58.100166 0.0159 31.0 30.0
0.0 58.100166 0.0160 30.0 31.0
0.0 60.03684 0.0160 30.0 31.0
0.0 60.03684 0.0161 29.0 32.0
0.0 61.97351 0.0161 29.0 32.0
0.0 61.97351 0.0162 28.0 33.0
1.1069428 63.562653 0.0162 28.0 33.0
1.1069428 63.562653 0.0163 27.0 34.0
2.2138855 65.151794 0.0163 27.0 34.0
2.2138855 65.151794 0.0164 26.0 35.0
3.3208284 66.74094 0.0164 26.0 35.0
3.3208284 66.74094 0.0165 25.0 36.0
4.427771 68.33008 0.0165 25.0 36.0
4.427771 68.33008 0.0166 24.0 37.0
5.5347137 69.91922 0.0166 24.0 37.0
5.5347137 69.91922 0.0167 23.0 38.0
6.6416564 71.50836 0.0167 23.0 38.0
6.6416564 71.50836 0.0168 22.0 39.0
7.748599 73.0975 0.0168 22.0 39.0
7.748599 73.0975 0.0169 21.0 40.0
8.855542 74.686646 0.0169 21.0 40.0
8.855542 74.686646 0.0170 12.0 41.0
10.672154 75.357925 0.0170 12.0 41.0
10.672154 75.357925 0.0171 11.0 42.0
12.488767 76.029205 0.0171 11.0 42.0
12.488767 76.029205 0.0172 10.0 43.0
14.305379 76.700485 0.0172 10.0 43.0
14.305379 76.700485 0.0173 9.0 44.0
16.12199 77.371765 0.0173 9.0 44.0
16.12199 77.371765 0.0174 4.0 45.0
17.996302 76.88427 0.0174 4.0 45.0
17.996302 76.88427 0.0175 3.0 46.0
19.870613 76.396774 0.0175 3.0 46.0
19.870613 76.396774 0.0176 0.0 47.0
21.129948 74.92546 0.0176 0.0 47.0
21.129948 74.92546 0.0177 0.0 48.0
22.389282 73.45415 0.0177 0.0 48.0
19.870613 76.396774 0.0178 2.0 47.0
21.744925 75.90928 0.0178 2.0 47.0
21.744925 75.90928 0.0179 1.0 48.0
23.619236 75.42178 0.0179 1.0 48.0
23.619236 75.42178 0.0180 0.0 49.0
24.87857 73.95047 0.0180 0.0 49.0
24.87857 73.95047 0.0181 0.0 50.0
26.137905 72.47916 0.0181 0.0 50.0
23.619236 75.42178 0.0182 0.0 49.0
25.435848 76.09306 0.0182 0.0 49.0
25.435848 76.09306 0.0183 0.0 50.0
27.25246 76.76434 0.0183 0.0 50.0
16.12199 77.371765 0.0184 8.0 45.0
17.938602 78.043045 0.0184 8.0 45.0
17.938602 78.043045 0.0185 7.0 46.0
19.755215 78.714325 0.0185 7.0 46.0
19.755215 78.714325 0.0186 6.0 47.0
21.571827 79.385605 0.0186 6.0 47.0
21.571827 79.385605 0.0187 5.0 48.0
23.38844 80.056885 0.0187 5.0 48.0
23.38844 80.056885 0.0188 4.0 49.0
25.26275 79.56939 0.0188 4.0 49.0
25.26275 79.56939 0.0189 3.0 50.0
27.137062 79.081894 0.0189 3.0 50.0
27.137062 79.081894 0.0190 0.0 51.0
28.396397 77.61058 0.0190 0.0 51.0
28.396397 77.61058 0.0191 0.0 52.0
29.655731 76.13927 0.0191 0.0 52.0
27.137062 79.081894 0.0192 2.0 51.0
29.011374 78.5944 0.0192 2.0 51.0
29.011374 78.5944 0.0193 1.0 52.0
30.885685 78.1069 0.0193 1.0 52.0
30.885685 78.1069 0.0194 0.0 53.0
32.14502 76.63559 0.0194 0.0 53.0
32.14502 76.63559 0.0195 0.0 54.0
33.404354 75.164276 0.0195 0.0 54.0
30.885685 78.1069 0.0196 0.0 53.0
32.702297 78.77818 0.0196 0.0 53.0
32.702297 78.77818 0.0197 0.0 54.0
34.51891 79.44946 0.0197 0.0 54.0
23.38844 80.056885 0.0198 4.0 49.0
24.495382 81.64603 0.0198 4.0 49.0
24.495382 81.64603 0.0199 3.0 50.0
25.602325 83.23517 0.0199 3.0 50.0
25.602325 83.23517 0.0200 0.0 51.0
27.418938 83.90645 0.0200 0.0 51.0
27.418938 83.90645 0.0201 0.0 52.0
29.23555 84.57773 0.0201 0.0 52.0
25.602325 83.23517 0.0202 2.0 51.0
26.709269 84.82431 0.0202 2.0 51.0
26.709269 84.82431 0.0203 1.0 52.0
27.816212 86.41345 0.0203 1.0 52.0
27.816212 86.41345 0.0204 0.0 53.0
29.632824 87.08473 0.0204 0.0 53.0
29.632824 87.08473 0.0205 0.0 54.0
31.449436 87.75601 0.0205 0.0 54.0
27.816212 86.41345 0.0206 0.0 53.0
27.816212 88.35013 0.0206 0.0 53.0
27.816212 88.35013 0.0207 0.0 54.0
27.816212 90.286804 0.0207 0.0 54.0
8.855542 74.686646 0.0208 20.0 41.0
9.962485 76.27579 0.0208 20.0 41.0
9.962485 76.27579 0.0209 19.0 42.0
11.069428 77.86493 0.0209 19.0 42.0
11.069428 77.86493 0.0210 18.0 43.0
12.176372 79.45407 0.0210 18.0 43.0
12.176372 79.45407 0.0211 17.0 44.0
13.283315 81.04321 0.0211 17.0 44.0
13.283315 81.04321 0.0212 16.0 45.0
14.390258 82.632355 0.0212 16.0 45.0
14.390258 82.632355 0.0213 15.0 46.0
15.497201 84.2215 0.0213 15.0 46.0
15.497201 84.2215 0.0214 14.0 47.0
16.604143 85.81064 0.0214 14.0 47.0
16.604143 85.81064 0.0215 13.0 48.0
17.711086 87.39978 0.0215 13.0 48.0
17.711086 87.39978 0.0216 12.0 49.0
19.527699 88.07106 0.0216 12.0 49.0
19.527699 88.07106 0.0217 11.0 50.0
21.34431 88.74234 0.0217 11.0 50.0
21.34431 88.74234 0.0218 10.0 51.0
23.160923 89.41362 0.0218 10.0 51.0
23.160923 89.41362 0.0219 9.0 52.0
24.977535 90.0849 0.0219 9.0 52.0
24.977535 90.0849 0.0220 4.0 53.0
26.851847 89.597404 0.0220 4.0 53.0
26.851847 89.597404 0.0221 3.0 54.0
28.726158 89.10991 0.0221 3.0 54.0
28.726158 89.10991 0.0222 0.0 55.0
29.985493 87.638596 0.0222 0.0 55.0
29.985493 87.638596 0.0223 0.0 56.0
31.244827 86.16728 0.0223 0.0 56.0
28.726158 89.10991 0.0224 2.0 55.0
30.60047 88.62241 0.0224 2.0 55.0
30.60047 88.62241 0.0225 1.0 56.0
32.47478 88.13492 0.0225 1.0 56.0
32.47478 88.13492 0.0226 0.0 57.0
33.734116 86.663605 0.0226 0.0 57.0
33.734116 86.663605 0.0227 0.0 58.0
34.99345 85.19229 0.0227 0.0 58.0
32.47478 88.13492 0.0228 0.0 57.0
34.291393 88.8062 0.0228 0.0 57.0
34.291393 88.8062 0.0229 0.0 58.0
36.108006 89.47748 0.0229 0.0 58.0
24.977535 90.0849 0.0230 8.0 53.0
26.794147 90.75618 0.0230 8.0 53.0
26.794147 90.75618 0.0231 7.0 54.0
28.61076 91.42746 0.0231 7.0 54.0
28.61076 91.42746 0.0232 6.0 55.0
30.427372 92.09874 0.0232 6.0 55.0
30.427372 92.09874 0.0233 5.0 56.0
32.243984 92.77002 0.0233 5.0 56.0
32.243984 92.77002 0.0234 4.0 57.0
34.118298 92.282524 0.0234 4.0 57.0
34.118298 92.282524 0.0235 3.0 58.0
35.99261 91.79503 0.0235 3.0 58.0
35.99261 91.79503 0.0236 0.0 59.0
37.251945 90.323715 0.0236 0.0 59.0
37.251945 90.323715 0.0237 0.0 60.0
38.51128 88.8524 0.0237 0.0 60.0
35.99261 91.79503 0.0238 2.0 59.0
37.866924 91.30753 0.0238 2.0 59.0
37.866924 91.30753 0.0239 1.0 60.0
39.741238 90.82004 0.0239 1.0 60.0
39.741238 90.82004 0.0240 0.0 61.0
41.000572 89.348724 0.0240 0.0 61.0
41.000572 89.348724 0.0241 0.0 62.0
42.259907 87.87741 0.0241 0.0 62.0
39.741238 90.82004 0.0242 0.0 61.0
41.55785 91.49132 0.0242 0.0 61.0
41.55785 91.49132 0.0243 0.0 62.0
43.374462 92.1626 0.0243 0.0 62.0
32.243984 92.77002 0.0244 4.0 57.0
33.350925 94.35916 0.0244 4.0 57.0
33.350925 94.35916 0.0245 3.0 58.0
34.457867 95.9483 0.0245 3.0 58.0
34.457867 95.9483 0.0246 0.0 59.0
36.27448 96.61958 0.0246 0.0 59.0
36.27448 96.61958 0.0247 0.0 60.0
38.09109 97.29086 0.0247 0.0 60.0
34.457867 95.9483 0.0248 2.0 59.0
35.564808 97.537445 0.0248 2.0 59.0
35.564808 97.537445 0.0249 1.0 60.0
36.67175 99.12659 0.0249 1.0 60.0
36.67175 99.12659 0.0250 0.0 61.0
38.48836 99.79787 0.0250 0.0 61.0
38.48836 99.79787 0.0251 0.0 62.0
40.304974 100.46915 0.0251 0.0 62.0
36.67175 99.12659 0.0252 0.0 61.0
36.67175 101.06326 0.0252 0.0 61.0
36.67175 101.06326 0.0253 0.0 62.0
36.67175 102.99994 0.0253 0.0 62.0
17.711086 87.39978 0.0254 12.0 49.0
17.711086 89.33646 0.0254 12.0 49.0
17.711086 89.33646 0.0255 11.0 50.0
17.711086 91.27313 0.0255 11.0 50.0
17.711086 91.27313 0.0256 10.0 51.0
17.711086 93.20981 0.0256 10.0 51.0
17.711086 93.20981 0.0257 9.0 52.0
17.711086 95.146484 0.0257 9.0 52.0
17.711086 95.146484 0.0258 4.0 53.0
18.81803 96.73563 0.0258 4.0 53.0
18.81803 96.73563 0.0259 3.0 54.0
19.924973 98.32477 0.0259 3.0 54.0
19.924973 98.32477 0.0260 0.0 55.0
21.741585 98.99605 0.0260 0.0 55.0
21.741585 98.99605 0.0261 0.0 56.0
23.558197 99.66733 0.0261 0.0 56.0
19.924973 98.32477 0.0262 2.0 55.0
21.031916 99.91391 0.0262 2.0 55.0
21.031916 99.91391 0.0263 1.0 56.0
22.138859 101.50305 0.0263 1.0 56.0
22.138859 101.50305 0.0264 0.0 57.0
23.955471 102.17433 0.0264 0.0 57.0
23.955471 102.17433 0.0265 0.0 58.0
25.772083 102.84561 0.0265 0.0 58.0
22.138859 101.50305 0.0266 0.0 57.0
22.138859 103.43973 0.0266 0.0 57.0
22.138859 103.43973 0.0267 0.0 58.0
22.138859 105.3764 0.0267 0.0 58.0
17.711086 95.146484 0.0268 8.0 53.0
17.711086 97.08316 0.0268 8.0 53.0
17.711086 97.08316 0.0269 7.0 54.0
17.711086 99.01984 0.0269 7.0 54.0
17.711086 99.01984 0.0270 6.0 55.0
17.711086 100.95651 0.0270 6.0 55.0
17.711086 100.95651 0.0271 5.0 56.0
17.711086 102.89319 0.0271 5.0 56.0
17.711086 102.89319 0.0272 4.0 57.0
18.81803 104.48233 0.0272 4.0 57.0
18.81803 104.48233 0.0273 3.0 58.0
19.924973 106.07147 0.0273 3.0 58.0
19.924973 106.07147 0.0274 0.0 59.0
21.741585 106.74275 0.0274 0.0 59.0
21.741585 106.74275 0.0275 0.0 60.0
23.558197 107.41403 0.0275 0.0 60.0
19.924973 106.07147 0.0276 2.0 59.0
21.031916 107.660614 0.0276 2.0 59.0
21.031916 107.660614 0.0277 1.0 60.0
22.138859 109.249756 0.0277 1.0 60.0
22.138859 109.249756 0.0278 0.0 61.0
23.955471 109.921036 0.0278 0.0 61.0
23.955471 109.921036 0.0279 0.0 62.0
25.772083 110.592316 0.0279 0.0 62.0
22.138859 109.249756 0.0280 0.0 61.0
22.138859 111.18643 0.0280 0.0 61.0
22.138859 111.18643 0.0281 0.0 62.0
22.138859 113.12311 0.0281 0.0 62.0
17.711086 102.89319 0.0282 4.0 57.0
16.604143 104.48233 0.0282 4.0 57.0
16.604143 104.48233 0.0283 3.0 58.0
15.4972 106.07147 0.0283 3.0 58.0
15.4972 106.07147 0.0284 0.0 59.0
15.4972 108.00815 0.0284 0.0 59.0
15.4972 108.00815 0.0285 0.0 60.0
15.4972 109.944824 0.0285 0.0 60.0
15.4972 106.07147 0.0286 2.0 59.0
14.390257 107.660614 0.0286 2.0 59.0
14.390257 107.660614 0.0287 1.0 60.0
13.283314 109.249756 0.0287 1.0 60.0
13.283314 109.249756 0.0288 0.0 61.0
13.283314 111.18643 0.0288 0.0 61.0
13.283314 111.18643 0.0289 0.0 62.0
13.283314 113.12311 0.0289 0.0 62.0
13.283314 109.249756 0.0290 0.0 61.0
11.4667015 109.921036 0.0290 0.0 61.0
11.4667015 109.921036 0.0291 0.0 62.0
9.650089 110.592316 0.0291 0.0 62.0
0.0 61.97351 0.0292 28.0 33.0
-1.1069428 63.562653 0.0292 28.0 33.0
-1.1069428 63.562653 0.0293 27.0 34.0
-2.2138855 65.151794 0.0293 27.0 34.0
-2.2138855 65.151794 0.0294 26.0 35.0
-3.3208284 66.74094 0.0294 26.0 35.0
-3.3208284 66.74094 0.0295 25.0 36.0
-4.427771 68.33008 0.0295 25.0 36.0
-4.427771 68.33008 0.0296 24.0 37.0
-5.5347137 69.91922 0.0296 24.0 37.0
-5.5347137 69.91922 0.0297 23.0 38.0
-6.6416564 71.50836 0.0297 23.0 38.0
-6.6416564 71.50836 0.0298 22.0 39.0
-7.748599 73.0975 0.0298 22.0 39.0
-7.748599 73.0975 0.0299 21.0 40.0
-8.855542 74.686646 0.0299 21.0 40.0
-8.855542 74.686646 0.0300 12.0 41.0
-8.855542 76.62332 0.0300 12.0 41.0
-8.855542 76.62332 0.0301 11.0 42.0
-8.855542 78.56 0.0301 11.0 42.0
-8.855542 78.56 0.0302 10.0 43.0
-8.855542 80.49667 0.0302 10.0 43.0
-8.855542 80.49667 0.0303 9.0 44.0
-8.855542 82.43335 0.0303 9.0 44.0
-8.855542 82.43335 0.0304 4.0 45.0
-7.7485995 84.02249 0.0304 4.0 45.0
-7.7485995 84.02249 0.0305 3.0 46.0
-6.641657 85.61163 0.0305 3.0 46.0
-6.641657 85.61163 0.0306 0.0 47.0
-4.825045 86.28291 0.0306 0.0 47.0
-4.825045 86.28291 0.0307 0.0 48.0
-3.0084333 86.95419 0.0307 0.0 48.0
-6.641657 85.61163 0.0308 2.0 47.0
-5.534714 87.200775 0.0308 2.0 47.0
-5.534714 87.200775 0.0309 1.0 48.0
-4.4277716 88.78992 0.0309 1.0 48.0
-4.4277716 88.78992 0.0310 0.0 49.0
-2.6111598 89.4612 0.0310 0.0 49.0
-2.6111598 89.4612 0.0311 0.0 50.0
-0.7945479 90.13248 0.0311 0.0 50.0
-4.4277716 88.78992 0.0312 0.0 49.0
-4.4277716 90.72659 0.0312 0.0 49.0
-4.4277716 90.72659 0.0313 0.0 50.0
-4.4277716 92.66327 0.0313 0.0 50.0
-8.855542 82.43335 0.0314 8.0 45.0
-8.855542 84.370026 0.0314 8.0 45.0
-8.855542 84.370026 0.0315 7.0 46.0
-8.855542 86.3067 0.0315 7.0 46.0
-8.855542 86.3067 0.0316 6.0 47.0
-8.855542 88.24338 0.0316 6.0 47.0
-8.855542 88.24338 0.0317 5.0 48.0
-8.855542 90.18005 0.0317 5.0 48.0
-8.855542 90.18005 0.0318 4.0 49.0
-7.7485995 91.769196 0.0318 4.0 49.0
-7.7485995 91.769196 0.0319 3.0 50.0
-6.641657 93.35834 0.0319 3.0 50.0
-6.641657 93.35834 0.0320 0.0 51.0
-4.825045 94.02962 0.0320 0.0 51.0
-4.825045 94.02962 0.0321 0.0 52.0
-3.0084333 94.7009 0.0321 0.0 52.0
-6.641657 93.35834 0.0322 2.0 51.0
-5.534714 94.94748 0.0322 2.0 51.0
-5.534714 94.94748 0.0323 1.0 52.0
-4.4277716 96.53662 0.0323 1.0 52.0
-4.4277716 96.53662 0.0324 0.0 53.0
-2.6111598 97.2079 0.0324 0.0 53.0
-2.6111598 97.2079 0.0325 0.0 54.0
-0.7945479 97.87918 0.0325 0.0 54.0
-4.4277716 96.53662 0.0326 0.0 53.0
-4.4277716 98.4733 0.0326 0.0 53.0
-4.4277716 98.4733 0.0327 0.0 54.0
-4.4277716 100.40997 0.0327 0.0 54.0
-8.855542 90.18005 0.0328 4.0 49.0
-9.962485 91.769196 0.0328 4.0 49.0
-9.962485 91.769196 0.0329 3.0 50.0
-11.069428 93.35834 0.0329 3.0 50.0
-11.069428 93.35834 0.0330 0.0 51.0
-11.069428 95.29501 0.0330 0.0 51.0
-11.069428 95.29501 0.0331 0.0 52.0
-11.069428 97.23169 0.0331 0.0 52.0
-11.069428 93.35834 0.0332 2.0 51.0
-12.176372 94.94748 0.0332 2.0 51.0
-12.176372 94.94748 0.0333 1.0 52.0
-13.283315 96.53662 0.0333 1.0 52.0
-13.283315 96.53662 0.0334 0.0 53.0
-13.283315 98.4733 0.0334 0.0 53.0
-13.283315 98.4733 0.0335 0.0 54.0
-13.283315 100.40997 0.0335 0.0 54.0
-13.283315 96.53662 0.0336 0.0 53.0
-15.099927 97.2079 0.0336 0.0 53.0
-15.099927 97.2079 0.0337 0.0 54.0
-16.916538 97.87918 0.0337 0.0 54.0
-8.855542 74.686646 0.0338 20.0 41.0
-9.962485 76.27579 0.0338 20.0 41.0
-9.962485 76.27579 0.0339 19.0 42.0
-11.069428 77.86493 0.0339 19.0 42.0
-11.069428 77.86493 0.0340 18.0 43.0
-12.176372 79.45407 0.0340 18.0 43.0
-12.176372 79.45407 0.0341 17.0 44.0
-13.283315 81.04321 0.0341 17.0 44.0
-13.283315 81.04321 0.0342 16.0 45.0
-14.390258 82.632355 0.0342 16.0 45.0
-14.390258 82.632355 0.0343 15.0 46.0
-15.497201 84.2215 0.0343 15.0 46.0
-15.497201 84.2215 0.0344 14.0 47.0
-16.604143 85.81064 0.0344 14.0 47.0
-16.604143 85.81064 0.0345 13.0 48.0
-17.711086 87.39978 0.0345 13.0 48.0
-17.711086 87.39978 0.0346 12.0 49.0
-17.711086 89.33646 0.0346 12.0 49.0
-17.711086 89.33646 0.0347 11.0 50.0
-17.711086 91.27313 0.0347 11.0 50.0
-17.711086 91.27313 0.0348 10.0 51.0
-17.711086 93.20981 0.0348 10.0 51.0
-17.711086 93.20981 0.0349 9.0 52.0
-17.711086 95.146484 0.0349 9.0 52.0
-17.711086 95.146484 0.0350 4.0 53.0
-16.604143 96.73563 0.0350 4.0 53.0
-16.604143 96.73563 0.0351 3.0 54.0
-15.4972 98.32477 0.0351 3.0 54.0
-15.4972 98.32477 0.0352 0.0 55.0
-13.680588 98.99605 0.0352 0.0 55.0
-13.680588 98.99605 0.0353 0.0 56.0
-11.863976 99.66733 0.0353 0.0 56.0
-15.4972 98.32477 0.0354 2.0 55.0
-14.390257 99.91391 0.0354 2.0 55.0
-14.390257 99.91391 0.0355 1.0 56.0
-13.283314 101.50305 0.0355 1.0 56.0
-13.283314 101.50305 0.0356 0.0 57.0
-11.4667015 102.17433 0.0356 0.0 57.0
-11.4667015 102.17433 0.0357 0.0 58.0
-9.650089 102.84561 0.0357 0.0 58.0
-13.283314 101.50305 0.0358 0.0 57.0
-13.283314 103.43973 0.0358 0.0 57.0
-13.283314 103.43973 0.0359 0.0 58.0
-13.283314 105.3764 0.0359 0.0 58.0
-17.711086 95.146484 0.0360 8.0 53.0
-17.711086 97.08316 0.0360 8.0 53.0
-17.711086 97.08316 0.0361 7.0 54.0
-17.711086 99.01984 0.0361 7.0 54.0
-17.711086 99.01984 0.0362 6.0 55.0
-17.711086 100.95651 0.0362 6.0 55.0
-17.711086 100.95651 0.0363 5.0 56.0
-17.711086 102.89319 0.0363 5.0 56.0
-17.711086 102.89319 0.0364 4.0 57.0
-16.604143 104.48233 0.0364 4.0 57.0
-16.604143 104.48233 0.0365 3.0 58.0
-15.4972 106.07147 0.0365 3.0 58.0
-15.4972 106.07147 0.0366 0.0 59.0
-13.680588 106.74275 0.0366 0.0 59.0
-13.680588 106.74275 0.0367 0.0 60.0
-11.863976 107.41403 0.0367 0.0 60.0
-15.4972 106.07147 0.0368 2.0 59.0
-14.390257 107.660614 0.0368 2.0 59.0
-14.390257 107.660614 0.0369 1.0 60.0
-13.283314 109.249756 0.0369 1.0 60.0
-13.283314 109.249756 0.0370 0.0 61.0
-11.4667015 109.921036 0.0370 0.0 61.0
-11.4667015 109.921036 0.0371 0.0 62.0
-9.650089 110.592316 0.0371 0.0 62.0
-13.283314 109.249756 0.0372 0.0 61.0
-13.283314 111.18643 0.0372 0.0 61.0
-13.283314 111.18643 0.0373 0.0 62.0
-13.283314 113.12311 0.0373 0.0 62.0
-17.711086 102.89319 0.0374 4.0 57.0
-18.81803 104.48233 0.0374 4.0 57.0
-18.81803 104.48233 0.0375 3.0 58.0
-19.924973 106.07147 0.0375 3.0 58.0
-19.924973 106.07147 0.0376 0.0 59.0
-19.924973 108.00815 0.0376 0.0 59.0
-19.924973 108.00815 0.0377 0.0 60.0
-19.924973 109.944824 0.0377 0.0 60.0
-19.924973 106.07147 0.0378 2.0 59.0
-21.031916 107.660614 0.0378 2.0 59.0
-21.031916 107.660614 0.0379 1.0 60.0
-22.138859 109.249756 0.0379 1.0 60.0
-22.138859 109.249756 0.0380 0.0 61.0
-22.138859 111.18643 0.0380 0.0 61.0
-22.138859 111.18643 0.0381 0.0 62.0
-22.138859 113.12311 0.0381 0.0 62.0
-22.138859 109.249756 0.0382 0.0 61.0
-23.955471 109.921036 0.0382 0.0 61.0
-23.955471 109.921036 0.0383 0.0 62.0
-25.772083 110.592316 0.0383 0.0 62.0
-17.711086 87.39978 0.0384 12.0 49.0
-19.527699 88.07106 0.0384 12.0 49.0
-19.527699 88.07106 0.0385 11.0 50.0
-21.34431 88.74234 0.0385 11.0 50.0
-21.34431 88.74234 0.0386 10.0 51.0
-23.160923 89.41362 0.0386 10.0 51.0
-23.160923 89.41362 0.0387 9.0 52.0
-24.977535 90.0849 0.0387 9.0 52.0
-24.977535 90.0849 0.0388 4.0 53.0
-26.084478 91.67404 0.0388 4.0 53.0
-26.084478 91.67404 0.0389 3.0 54.0
-27.191422 93.26318 0.0389 3.0 54.0
-27.191422 93.26318 0.0390 0.0 55.0
-27.191422 95.19986 0.0390 0.0 55.0
-27.191422 95.19986 0.0391 0.0 56.0
-27.191422 97.136536 0.0391 0.0 56.0
-27.191422 93.26318 0.0392 2.0 55.0
-28.298365 94.852325 0.0392 2.0 55.0
-28.298365 94.852325 0.0393 1.0 56.0
-29.405308 96.44147 0.0393 1.0 56.0
-29.405308 96.44147 0.0394 0.0 57.0
-29.405308 98.37814 0.0394 0.0 57.0
-29.405308 98.37814 0.0395 0.0 58.0
-29.405308 100.31482 0.0395 0.0 58.0
-29.405308 96.44147 0.0396 0.0 57.0
-31.22192 97.11275 0.0396 0.0 57.0
-31.22192 97.11275 0.0397 0.0 58.0
-33.038532 97.78403 0.0397 0.0 58.0
-24.977535 90.0849 0.0398 8.0 53.0
-26.794147 90.75618 0.0398 8.0 53.0
-26.794147 90.75618 0.0399 7.0 54.0
-28.61076 91.42746 0.0399 7.0 54.0
-28.61076 91.42746 0.0400 6.0 55.0
-30.427372 92.09874 0.0400 6.0 55.0
-30.427372 92.09874 0.0401 5.0 56.0
-32.243984 92.77002 0.0401 5.0 56.0
-32.243984 92.77002 0.0402 4.0 57.0
-33.350925 94.35916 0.0402 4.0 57.0
-33.350925 94.35916 0.0403 3.0 58.0
-34.457867 95.9483 0.0403 3.0 58.0
-34.457867 95.9483 0.0404 0.0 59.0
-34.457867 97.88498 0.0404 0.0 59.0
-34.457867 97.88498 0.0405 0.0 60.0
-34.457867 99.821655 0.0405 0.0 60.0
-34.457867 95.9483 0.0406 2.0 59.0
-35.564808 97.537445 0.0406 2.0 59.0
-35.564808 97.537445 0.0407 1.0 60.0
-36.67175 99.12659 0.0407 1.0 60.0
-36.67175 99.12659 0.0408 0.0 61.0
-36.67175 101.06326 0.0408 0.0 61.0
-36.67175 101.06326 0.0409 0.0 62.0
-36.67175 102.99994 0.0409 0.0 62.0
-36.67175 99.12659 0.0410 0.0 61.0
-38.48836 99.79787 0.0410 0.0 61.0
-38.48836 99.79787 0.0411 0.0 62.0
-40.304974 100.46915 0.0411 0.0 62.0
-32.243984 92.77002 0.0412 4.0 57.0
-34.118298 92.282524 0.0412 4.0 57.0
-34.118298 92.282524 0.0413 3.0 58.0
-35.99261 91.79503 0.0413 3.0 58.0
-35.99261 91.79503 0.0414 0.0 59.0
-37.809223 92.46631 0.0414 0.0 59.0
-37.809223 92.46631 0.0415 0.0 60.0
-39.625835 93.13759 0.0415 0.0 60.0
-35.99261 91.79503 0.0416 2.0 59.0
-37.866924 91.30753 0.0416 2.0 59.0
-37.866924 91.30753 0.0417 1.0 60.0
-39.741238 90.82004 0.0417 1.0 60.0
-39.741238 90.82004 0.0418 0.0 61.0
-41.55785 91.49132 0.0418 0.0 61.0
-41.55785 91.49132 0.0419 0.0 62.0
-43.374462 92.1626 0.0419 0.0 62.0
-39.741238 90.82004 0.0420 0.0 61.0
-41.000572 89.348724 0.0420 0.0 61.0
-41.000572 89.348724 0.0421 0.0 62.0
-42.259907 87.87741 0.0421 0.0 62.0
