0.0 0.0 0.00 79.0 1.0
0.0 4.756841 0.00 79.0 1.0
0.0 4.756841 0.01 0.0 2.0
2.1528757 8.998617 0.01 0.0 2.0
0.0 4.756841 0.02 78.0 2.0
0.0 9.513682 0.02 78.0 2.0
0.0 9.513682 0.03 0.0 3.0
-2.1528757 13.755459 0.03 0.0 3.0
0.0 9.513682 0.04 77.0 3.0
0.0 14.270523 0.04 77.0 3.0
0.0 14.270523 0.05 1.0 4.0
-2.1528757 18.512299 0.05 1.0 4.0
-2.1528757 18.512299 0.06 0.0 5.0
-2.1528757 23.26914 0.06 0.0 5.0
-2.1528757 18.512299 0.07 0.0 5.0
-4.3057513 22.754074 0.07 0.0 5.0
-4.3057513 22.754074 0.08 0.0 6.0
-8.145281 25.562197 0.08 0.0 6.0
-4.3057513 22.754074 0.09 0.0 6.0
-6.4586267 26.99585 0.09 0.0 6.0
0.0 14.270523 0.010 76.0 4.0
0.0 19.027365 0.010 76.0 4.0
0.0 19.027365 0.011 0.0 5.0
2.1528757 23.26914 0.011 0.0 5.0
0.0 19.027365 0.012 75.0 5.0
0.0 23.784206 0.012 75.0 5.0
0.0 23.784206 0.013 0.0 6.0
-2.1528757 28.025982 0.013 0.0 6.0
0.0 23.784206 0.014 74.0 6.0
0.0 28.541048 0.014 74.0 6.0
0.0 28.541048 0.015 1.0 7.0
2.1528757 32.782825 0.015 1.0 7.0
2.1528757 32.782825 0.016 0.0 8.0
5.9924054 35.590946 0.016 0.0 8.0
2.1528757 32.782825 0.017 0.0 8.0
4.3057513 37.0246 0.017 0.0 8.0
4.3057513 37.0246 0.018 0.0 9.0
4.3057513 41.78144 0.018 0.0 9.0
4.3057513 37.0246 0.019 0.0 9.0
6.4586267 41.266376 0.019 0.0 9.0
0.0 28.541048 0.020 73.0 7.0
0.0 33.29789 0.020 73.0 7.0
0.0 33.29789 0.021 0.0 8.0
2.1528757 37.539665 0.021 0.0 8.0
0.0 33.29789 0.022 72.0 8.0
0.0 38.05473 0.022 72.0 8.0
0.0 38.05473 0.023 0.0 9.0
-2.1528757 42.296505 0.023 0.0 9.0
0.0 38.05473 0.024 71.0 9.0
0.0 42.81157 0.024 71.0 9.0
0.0 42.81157 0.025 7.0 10.0
2.1528757 47.053345 0.025 7.0 10.0
2.1528757 47.053345 0.026 0.0 11.0
5.9924054 49.861465 0.026 0.0 11.0
2.1528757 47.053345 0.027 6.0 11.0
4.3057513 51.29512 0.027 6.0 11.0
4.3057513 51.29512 0.028 0.0 12.0
4.3057513 56.05196 0.028 0.0 12.0
4.3057513 51.29512 0.029 5.0 12.0
6.4586267 55.536896 0.029 5.0 12.0
6.4586267 55.536896 0.030 1.0 13.0
6.4586267 60.293736 0.030 1.0 13.0
6.4586267 60.293736 0.031 0.0 14.0
8.611503 64.535515 0.031 0.0 14.0
6.4586267 60.293736 0.032 0.0 14.0
6.4586267 65.050575 0.032 0.0 14.0
6.4586267 65.050575 0.033 0.0 15.0
4.305751 69.29235 0.033 0.0 15.0
6.4586267 65.050575 0.034 0.0 15.0
6.4586267 69.80742 0.034 0.0 15.0
6.4586267 55.536896 0.035 4.0 13.0
8.611503 59.77867 0.035 4.0 13.0
8.611503 59.77867 0.036 0.0 14.0
12.451033 62.586792 0.036 0.0 14.0
8.611503 59.77867 0.037 3.0 14.0
10.764379 64.02045 0.037 3.0 14.0
10.764379 64.02045 0.038 0.0 15.0
10.764379 68.77729 0.038 0.0 15.0
10.764379 64.02045 0.039 2.0 15.0
12.917254 68.26222 0.039 2.0 15.0
12.917254 68.26222 0.040 1.0 16.0
16.756784 71.07034 0.040 1.0 16.0
16.756784 71.07034 0.041 0.0 17.0
21.451488 71.83669 0.041 0.0 17.0
16.756784 71.07034 0.042 0.0 17.0
20.596313 73.87846 0.042 0.0 17.0
20.596313 73.87846 0.043 0.0 18.0
22.74919 78.12024 0.043 0.0 18.0
20.596313 73.87846 0.044 0.0 18.0
24.435843 76.686584 0.044 0.0 18.0
12.917254 68.26222 0.045 1.0 16.0
15.07013 72.504 0.045 1.0 16.0
15.07013 72.504 0.046 0.0 17.0
18.90966 75.31212 0.046 0.0 17.0
15.07013 72.504 0.047 0.0 17.0
17.223005 76.74577 0.047 0.0 17.0
17.223005 76.74577 0.048 0.0 18.0
17.223005 81.50262 0.048 0.0 18.0
17.223005 76.74577 0.049 0.0 18.0
19.375881 80.98755 0.049 0.0 18.0
0.0 42.81157 0.050 70.0 10.0
0.0 47.56841 0.050 70.0 10.0
0.0 47.56841 0.051 0.0 11.0
2.1528757 51.810184 0.051 0.0 11.0
0.0 47.56841 0.052 69.0 11.0
0.0 52.32525 0.052 69.0 11.0
0.0 52.32525 0.053 0.0 12.0
-2.1528757 56.567024 0.053 0.0 12.0
0.0 52.32525 0.054 68.0 12.0
0.0 57.08209 0.054 68.0 12.0
0.0 57.08209 0.055 1.0 13.0
-2.1528757 61.323864 0.055 1.0 13.0
-2.1528757 61.323864 0.056 0.0 14.0
-2.1528757 66.0807 0.056 0.0 14.0
-2.1528757 61.323864 0.057 0.0 14.0
-4.3057513 65.56564 0.057 0.0 14.0
-4.3057513 65.56564 0.058 0.0 15.0
-8.145281 68.373764 0.058 0.0 15.0
-4.3057513 65.56564 0.059 0.0 15.0
-6.4586267 69.80742 0.059 0.0 15.0
0.0 57.08209 0.060 67.0 13.0
0.0 61.83893 0.060 67.0 13.0
0.0 61.83893 0.061 0.0 14.0
2.1528757 66.0807 0.061 0.0 14.0
0.0 61.83893 0.062 66.0 14.0
0.0 66.59577 0.062 66.0 14.0
0.0 66.59577 0.063 0.0 15.0
-2.1528757 70.83755 0.063 0.0 15.0
0.0 66.59577 0.064 65.0 15.0
0.0 71.352615 0.064 65.0 15.0
0.0 71.352615 0.065 1.0 16.0
2.1528757 75.59439 0.065 1.0 16.0
2.1528757 75.59439 0.066 0.0 17.0
5.9924054 78.40251 0.066 0.0 17.0
2.1528757 75.59439 0.067 0.0 17.0
4.3057513 79.83617 0.067 0.0 17.0
4.3057513 79.83617 0.068 0.0 18.0
4.3057513 84.59301 0.068 0.0 18.0
4.3057513 79.83617 0.069 0.0 18.0
6.4586267 84.07794 0.069 0.0 18.0
0.0 71.352615 0.070 64.0 16.0
0.0 76.10946 0.070 64.0 16.0
0.0 76.10946 0.071 0.0 17.0
2.1528757 80.351234 0.071 0.0 17.0
0.0 76.10946 0.072 63.0 17.0
0.0 80.8663 0.072 63.0 17.0
0.0 80.8663 0.073 0.0 18.0
-2.1528757 85.10808 0.073 0.0 18.0
0.0 80.8663 0.074 62.0 18.0
0.0 85.623146 0.074 62.0 18.0
0.0 85.623146 0.075 7.0 19.0
2.1528757 89.86492 0.075 7.0 19.0
2.1528757 89.86492 0.076 0.0 20.0
5.9924054 92.67304 0.076 0.0 20.0
2.1528757 89.86492 0.077 6.0 20.0
4.3057513 94.1067 0.077 6.0 20.0
4.3057513 94.1067 0.078 0.0 21.0
4.3057513 98.86354 0.078 0.0 21.0
4.3057513 94.1067 0.079 5.0 21.0
6.4586267 98.34847 0.079 5.0 21.0
6.4586267 98.34847 0.080 1.0 22.0
6.4586267 103.105316 0.080 1.0 22.0
6.4586267 103.105316 0.081 0.0 23.0
8.611503 107.34709 0.081 0.0 23.0
6.4586267 103.105316 0.082 0.0 23.0
6.4586267 107.86216 0.082 0.0 23.0
6.4586267 107.86216 0.083 0.0 24.0
4.305751 112.103935 0.083 0.0 24.0
6.4586267 107.86216 0.084 0.0 24.0
6.4586267 112.619 0.084 0.0 24.0
6.4586267 98.34847 0.085 4.0 22.0
8.611503 102.59025 0.085 4.0 22.0
8.611503 102.59025 0.086 0.0 23.0
12.451033 105.39837 0.086 0.0 23.0
8.611503 102.59025 0.087 3.0 23.0
10.764379 106.83202 0.087 3.0 23.0
10.764379 106.83202 0.088 0.0 24.0
10.764379 111.58887 0.088 0.0 24.0
10.764379 106.83202 0.089 2.0 24.0
12.917254 111.0738 0.089 2.0 24.0
12.917254 111.0738 0.090 1.0 25.0
16.756784 113.88192 0.090 1.0 25.0
16.756784 113.88192 0.091 0.0 26.0
21.451488 114.64827 0.091 0.0 26.0
16.756784 113.88192 0.092 0.0 26.0
20.596313 116.69004 0.092 0.0 26.0
20.596313 116.69004 0.093 0.0 27.0
22.74919 120.931816 0.093 0.0 27.0
20.596313 116.69004 0.094 0.0 27.0
24.435843 119.49816 0.094 0.0 27.0
12.917254 111.0738 0.095 1.0 25.0
15.07013 115.315575 0.095 1.0 25.0
15.07013 115.315575 0.096 0.0 26.0
18.90966 118.123695 0.096 0.0 26.0
15.07013 115.315575 0.097 0.0 26.0
17.223005 119.55735 0.097 0.0 26.0
17.223005 119.55735 0.098 0.0 27.0
17.223005 124.31419 0.098 0.0 27.0
17.223005 119.55735 0.099 0.0 27.0
19.375881 123.799126 0.099 0.0 27.0
0.0 85.623146 0.0100 61.0 19.0
0.0 90.37999 0.0100 61.0 19.0
0.0 90.37999 0.0101 0.0 20.0
2.1528757 94.621765 0.0101 0.0 20.0
0.0 90.37999 0.0102 60.0 20.0
0.0 95.13683 0.0102 60.0 20.0
0.0 95.13683 0.0103 0.0 21.0
-2.1528757 99.37861 0.0103 0.0 21.0
0.0 95.13683 0.0104 59.0 21.0
0.0 99.89368 0.0104 59.0 21.0
0.0 99.89368 0.0105 1.0 22.0
-2.1528757 104.13545 0.0105 1.0 22.0
-2.1528757 104.13545 0.0106 0.0 23.0
-2.1528757 108.892296 0.0106 0.0 23.0
-2.1528757 104.13545 0.0107 0.0 23.0
-4.3057513 108.37723 0.0107 0.0 23.0
-4.3057513 108.37723 0.0108 0.0 24.0
-8.145281 111.18535 0.0108 0.0 24.0
-4.3057513 108.37723 0.0109 0.0 24.0
-6.4586267 112.619 0.0109 0.0 24.0
0.0 99.89368 0.0110 58.0 22.0
0.0 104.65052 0.0110 58.0 22.0
0.0 104.65052 0.0111 0.0 23.0
2.1528757 108.892296 0.0111 0.0 23.0
0.0 104.65052 0.0112 57.0 23.0
0.0 109.407364 0.0112 57.0 23.0
0.0 109.407364 0.0113 0.0 24.0
-2.1528757 113.64914 0.0113 0.0 24.0
0.0 109.407364 0.0114 56.0 24.0
0.0 114.16421 0.0114 56.0 24.0
0.0 114.16421 0.0115 1.0 25.0
2.1528757 118.40598 0.0115 1.0 25.0
2.1528757 118.40598 0.0116 0.0 26.0
5.9924054 121.2141 0.0116 0.0 26.0
2.1528757 118.40598 0.0117 0.0 26.0
4.3057513 122.64776 0.0117 0.0 26.0
4.3057513 122.64776 0.0118 0.0 27.0
4.3057513 127.4046 0.0118 0.0 27.0
4.3057513 122.64776 0.0119 0.0 27.0
6.4586267 126.889534 0.0119 0.0 27.0
0.0 114.16421 0.0120 55.0 25.0
0.0 118.92105 0.0120 55.0 25.0
0.0 118.92105 0.0121 0.0 26.0
2.1528757 123.16283 0.0121 0.0 26.0
0.0 118.92105 0.0122 54.0 26.0
0.0 123.677895 0.0122 54.0 26.0
0.0 123.677895 0.0123 0.0 27.0
-2.1528757 127.91967 0.0123 0.0 27.0
0.0 123.677895 0.0124 53.0 27.0
0.0 128.43474 0.0124 53.0 27.0
0.0 128.43474 0.0125 25.0 28.0
-2.1528757 132.67651 0.0125 25.0 28.0
-2.1528757 132.67651 0.0126 0.0 29.0
-2.1528757 137.43335 0.0126 0.0 29.0
-2.1528757 132.67651 0.0127 24.0 29.0
-4.3057513 136.91829 0.0127 24.0 29.0
-4.3057513 136.91829 0.0128 0.0 30.0
-8.145281 139.72641 0.0128 0.0 30.0
-4.3057513 136.91829 0.0129 23.0 30.0
-6.4586267 141.16006 0.0129 23.0 30.0
-6.4586267 141.16006 0.0130 1.0 31.0
-10.298157 143.96819 0.0130 1.0 31.0
-10.298157 143.96819 0.0131 0.0 32.0
-12.451033 148.20996 0.0131 0.0 32.0
-10.298157 143.96819 0.0132 0.0 32.0
-14.137687 146.7763 0.0132 0.0 32.0
-14.137687 146.7763 0.0133 0.0 33.0
-18.832392 147.54265 0.0133 0.0 33.0
-14.137687 146.7763 0.0134 0.0 33.0
-17.977217 149.58443 0.0134 0.0 33.0
-6.4586267 141.16006 0.0135 22.0 31.0
-8.611503 145.40184 0.0135 22.0 31.0
-8.611503 145.40184 0.0136 0.0 32.0
-8.611503 150.15868 0.0136 0.0 32.0
-8.611503 145.40184 0.0137 21.0 32.0
-10.764379 149.64362 0.0137 21.0 32.0
-10.764379 149.64362 0.0138 0.0 33.0
-14.603909 152.45174 0.0138 0.0 33.0
-10.764379 149.64362 0.0139 20.0 33.0
-12.917254 153.88539 0.0139 20.0 33.0
-12.917254 153.88539 0.0140 1.0 34.0
-12.917254 158.64223 0.0140 1.0 34.0
-12.917254 158.64223 0.0141 0.0 35.0
-10.764379 162.884 0.0141 0.0 35.0
-12.917254 158.64223 0.0142 0.0 35.0
-12.917254 163.39906 0.0142 0.0 35.0
-12.917254 163.39906 0.0143 0.0 36.0
-15.07013 167.64084 0.0143 0.0 36.0
-12.917254 163.39906 0.0144 0.0 36.0
-12.917254 168.1559 0.0144 0.0 36.0
-12.917254 153.88539 0.0145 19.0 34.0
-15.07013 158.12717 0.0145 19.0 34.0
-15.07013 158.12717 0.0146 0.0 35.0
-15.07013 162.884 0.0146 0.0 35.0
-15.07013 158.12717 0.0147 18.0 35.0
-17.223005 162.36894 0.0147 18.0 35.0
-17.223005 162.36894 0.0148 0.0 36.0
-21.062534 165.17706 0.0148 0.0 36.0
-17.223005 162.36894 0.0149 17.0 36.0
-19.375881 166.61072 0.0149 17.0 36.0
-19.375881 166.61072 0.0150 7.0 37.0
-19.375881 171.36755 0.0150 7.0 37.0
-19.375881 171.36755 0.0151 0.0 38.0
-17.223005 175.60933 0.0151 0.0 38.0
-19.375881 171.36755 0.0152 6.0 38.0
-19.375881 176.12439 0.0152 6.0 38.0
-19.375881 176.12439 0.0153 0.0 39.0
-21.528757 180.36617 0.0153 0.0 39.0
-19.375881 176.12439 0.0154 5.0 39.0
-19.375881 180.88123 0.0154 5.0 39.0
-19.375881 180.88123 0.0155 1.0 40.0
-21.528757 185.123 0.0155 1.0 40.0
-21.528757 185.123 0.0156 0.0 41.0
-21.528757 189.87984 0.0156 0.0 41.0
-21.528757 185.123 0.0157 0.0 41.0
-23.681633 189.36478 0.0157 0.0 41.0
-23.681633 189.36478 0.0158 0.0 42.0
-27.521162 192.1729 0.0158 0.0 42.0
-23.681633 189.36478 0.0159 0.0 42.0
-25.834509 193.60655 0.0159 0.0 42.0
-19.375881 180.88123 0.0160 4.0 40.0
-19.375881 185.63806 0.0160 4.0 40.0
-19.375881 185.63806 0.0161 0.0 41.0
-17.223005 189.87984 0.0161 0.0 41.0
-19.375881 185.63806 0.0162 3.0 41.0
-19.375881 190.3949 0.0162 3.0 41.0
-19.375881 190.3949 0.0163 0.0 42.0
-21.528757 194.63667 0.0163 0.0 42.0
-19.375881 190.3949 0.0164 2.0 42.0
-19.375881 195.15173 0.0164 2.0 42.0
-19.375881 195.15173 0.0165 1.0 43.0
-17.223005 199.39351 0.0165 1.0 43.0
-17.223005 199.39351 0.0166 0.0 44.0
-13.383475 202.20163 0.0166 0.0 44.0
-17.223005 199.39351 0.0167 0.0 44.0
-15.070129 203.63528 0.0167 0.0 44.0
-15.070129 203.63528 0.0168 0.0 45.0
-15.070129 208.39212 0.0168 0.0 45.0
-15.070129 203.63528 0.0169 0.0 45.0
-12.9172535 207.87706 0.0169 0.0 45.0
-19.375881 195.15173 0.0170 1.0 43.0
-19.375881 199.90857 0.0170 1.0 43.0
-19.375881 199.90857 0.0171 0.0 44.0
-17.223005 204.15034 0.0171 0.0 44.0
-19.375881 199.90857 0.0172 0.0 44.0
-19.375881 204.6654 0.0172 0.0 44.0
-19.375881 204.6654 0.0173 0.0 45.0
-21.528757 208.90718 0.0173 0.0 45.0
-19.375881 204.6654 0.0174 0.0 45.0
-19.375881 209.42224 0.0174 0.0 45.0
-19.375881 166.61072 0.0175 16.0 37.0
-21.528757 170.8525 0.0175 16.0 37.0
-21.528757 170.8525 0.0176 0.0 38.0
-21.528757 175.60933 0.0176 0.0 38.0
-21.528757 170.8525 0.0177 15.0 38.0
-23.681633 175.09427 0.0177 15.0 38.0
-23.681633 175.09427 0.0178 0.0 39.0
-27.521162 177.90239 0.0178 0.0 39.0
-23.681633 175.09427 0.0179 14.0 39.0
-25.834509 179.33604 0.0179 14.0 39.0
-25.834509 179.33604 0.0180 1.0 40.0
-29.674038 182.14417 0.0180 1.0 40.0
-29.674038 182.14417 0.0181 0.0 41.0
-31.826914 186.38594 0.0181 0.0 41.0
-29.674038 182.14417 0.0182 0.0 41.0
-33.51357 184.95229 0.0182 0.0 41.0
-33.51357 184.95229 0.0183 0.0 42.0
-38.208275 185.71863 0.0183 0.0 42.0
-33.51357 184.95229 0.0184 0.0 42.0
-37.3531 187.7604 0.0184 0.0 42.0
-25.834509 179.33604 0.0185 13.0 40.0
-27.987385 183.57782 0.0185 13.0 40.0
-27.987385 183.57782 0.0186 0.0 41.0
-27.987385 188.33466 0.0186 0.0 41.0
-27.987385 183.57782 0.0187 12.0 41.0
-30.14026 187.8196 0.0187 12.0 41.0
-30.14026 187.8196 0.0188 0.0 42.0
-33.97979 190.62772 0.0188 0.0 42.0
-30.14026 187.8196 0.0189 11.0 42.0
-32.293137 192.06137 0.0189 11.0 42.0
-32.293137 192.06137 0.0190 1.0 43.0
-32.293137 196.8182 0.0190 1.0 43.0
-32.293137 196.8182 0.0191 0.0 44.0
-30.14026 201.05998 0.0191 0.0 44.0
-32.293137 196.8182 0.0192 0.0 44.0
-32.293137 201.57504 0.0192 0.0 44.0
-32.293137 201.57504 0.0193 0.0 45.0
-34.44601 205.81682 0.0193 0.0 45.0
-32.293137 201.57504 0.0194 0.0 45.0
-32.293137 206.33188 0.0194 0.0 45.0
-32.293137 192.06137 0.0195 10.0 43.0
-34.44601 196.30315 0.0195 10.0 43.0
-34.44601 196.30315 0.0196 0.0 44.0
-34.44601 201.05998 0.0196 0.0 44.0
-34.44601 196.30315 0.0197 9.0 44.0
-36.598885 200.54492 0.0197 9.0 44.0
-36.598885 200.54492 0.0198 0.0 45.0
-40.438416 203.35304 0.0198 0.0 45.0
-36.598885 200.54492 0.0199 8.0 45.0
-38.75176 204.7867 0.0199 8.0 45.0
-38.75176 204.7867 0.0200 7.0 46.0
-38.75176 209.54353 0.0200 7.0 46.0
-38.75176 209.54353 0.0201 0.0 47.0
-36.598885 213.78531 0.0201 0.0 47.0
-38.75176 209.54353 0.0202 6.0 47.0
-38.75176 214.30037 0.0202 6.0 47.0
-38.75176 214.30037 0.0203 0.0 48.0
-40.904633 218.54214 0.0203 0.0 48.0
-38.75176 214.30037 0.0204 5.0 48.0
-38.75176 219.0572 0.0204 5.0 48.0
-38.75176 219.0572 0.0205 1.0 49.0
-40.904633 223.29898 0.0205 1.0 49.0
-40.904633 223.29898 0.0206 0.0 50.0
-40.904633 228.05582 0.0206 0.0 50.0
-40.904633 223.29898 0.0207 0.0 50.0
-43.057507 227.54076 0.0207 0.0 50.0
-43.057507 227.54076 0.0208 0.0 51.0
-46.897038 230.34888 0.0208 0.0 51.0
-43.057507 227.54076 0.0209 0.0 51.0
-45.21038 231.78253 0.0209 0.0 51.0
-38.75176 219.0572 0.0210 4.0 49.0
-38.75176 223.81404 0.0210 4.0 49.0
-38.75176 223.81404 0.0211 0.0 50.0
-36.598885 228.05582 0.0211 0.0 50.0
-38.75176 223.81404 0.0212 3.0 50.0
-38.75176 228.57088 0.0212 3.0 50.0
-38.75176 228.57088 0.0213 0.0 51.0
-40.904633 232.81265 0.0213 0.0 51.0
-38.75176 228.57088 0.0214 2.0 51.0
-38.75176 233.32771 0.0214 2.0 51.0
-38.75176 233.32771 0.0215 1.0 52.0
-36.598885 237.56949 0.0215 1.0 52.0
-36.598885 237.56949 0.0216 0.0 53.0
-32.759354 240.37761 0.0216 0.0 53.0
-36.598885 237.56949 0.0217 0.0 53.0
-34.44601 241.81126 0.0217 0.0 53.0
-34.44601 241.81126 0.0218 0.0 54.0
-34.44601 246.5681 0.0218 0.0 54.0
-34.44601 241.81126 0.0219 0.0 54.0
-32.293137 246.05304 0.0219 0.0 54.0
-38.75176 233.32771 0.0220 1.0 52.0
-38.75176 238.08455 0.0220 1.0 52.0
-38.75176 238.08455 0.0221 0.0 53.0
-36.598885 242.32632 0.0221 0.0 53.0
-38.75176 238.08455 0.0222 0.0 53.0
-38.75176 242.84138 0.0222 0.0 53.0
-38.75176 242.84138 0.0223 0.0 54.0
-40.904633 247.08316 0.0223 0.0 54.0
-38.75176 242.84138 0.0224 0.0 54.0
-38.75176 247.59822 0.0224 0.0 54.0
-38.75176 204.7867 0.0225 7.0 46.0
-40.904633 209.02847 0.0225 7.0 46.0
-40.904633 209.02847 0.0226 0.0 47.0
-40.904633 213.78531 0.0226 0.0 47.0
-40.904633 209.02847 0.0227 6.0 47.0
-43.057507 213.27025 0.0227 6.0 47.0
-43.057507 213.27025 0.0228 0.0 48.0
-46.897038 216.07837 0.0228 0.0 48.0
-43.057507 213.27025 0.0229 5.0 48.0
-45.21038 217.51202 0.0229 5.0 48.0
-45.21038 217.51202 0.0230 1.0 49.0
-49.04991 220.32014 0.0230 1.0 49.0
-49.04991 220.32014 0.0231 0.0 50.0
-51.202785 224.56192 0.0231 0.0 50.0
-49.04991 220.32014 0.0232 0.0 50.0
-52.889442 223.12827 0.0232 0.0 50.0
-52.889442 223.12827 0.0233 0.0 51.0
-57.58415 223.8946 0.0233 0.0 51.0
-52.889442 223.12827 0.0234 0.0 51.0
-56.728973 225.93639 0.0234 0.0 51.0
-45.21038 217.51202 0.0235 4.0 49.0
-47.363255 221.7538 0.0235 4.0 49.0
-47.363255 221.7538 0.0236 0.0 50.0
-47.363255 226.51064 0.0236 0.0 50.0
-47.363255 221.7538 0.0237 3.0 50.0
-49.51613 225.99557 0.0237 3.0 50.0
-49.51613 225.99557 0.0238 0.0 51.0
-53.35566 228.8037 0.0238 0.0 51.0
-49.51613 225.99557 0.0239 2.0 51.0
-51.669003 230.23735 0.0239 2.0 51.0
-51.669003 230.23735 0.0240 1.0 52.0
-51.669003 234.99419 0.0240 1.0 52.0
-51.669003 234.99419 0.0241 0.0 53.0
-49.51613 239.23596 0.0241 0.0 53.0
-51.669003 234.99419 0.0242 0.0 53.0
-51.669003 239.75102 0.0242 0.0 53.0
-51.669003 239.75102 0.0243 0.0 54.0
-53.821877 243.9928 0.0243 0.0 54.0
-51.669003 239.75102 0.0244 0.0 54.0
-51.669003 244.50786 0.0244 0.0 54.0
-51.669003 230.23735 0.0245 1.0 52.0
-53.821877 234.47913 0.0245 1.0 52.0
-53.821877 234.47913 0.0246 0.0 53.0
-53.821877 239.23596 0.0246 0.0 53.0
-53.821877 234.47913 0.0247 0.0 53.0
-55.97475 238.7209 0.0247 0.0 53.0
-55.97475 238.7209 0.0248 0.0 54.0
-59.81428 241.52902 0.0248 0.0 54.0
-55.97475 238.7209 0.0249 0.0 54.0
-58.127625 242.96268 0.0249 0.0 54.0
0.0 128.43474 0.0250 52.0 28.0
0.0 133.19157 0.0250 52.0 28.0
0.0 133.19157 0.0251 0.0 29.0
2.1528757 137.43335 0.0251 0.0 29.0
0.0 133.19157 0.0252 51.0 29.0
0.0 137.94841 0.0252 51.0 29.0
0.0 137.94841 0.0253 0.0 30.0
-2.1528757 142.19019 0.0253 0.0 30.0
0.0 137.94841 0.0254 50.0 30.0
0.0 142.70525 0.0254 50.0 30.0
0.0 142.70525 0.0255 1.0 31.0
-2.1528757 146.94702 0.0255 1.0 31.0
-2.1528757 146.94702 0.0256 0.0 32.0
-2.1528757 151.70386 0.0256 0.0 32.0
-2.1528757 146.94702 0.0257 0.0 32.0
-4.3057513 151.1888 0.0257 0.0 32.0
-4.3057513 151.1888 0.0258 0.0 33.0
-8.145281 153.99692 0.0258 0.0 33.0
-4.3057513 151.1888 0.0259 0.0 33.0
-6.4586267 155.43057 0.0259 0.0 33.0
0.0 142.70525 0.0260 49.0 31.0
0.0 147.46208 0.0260 49.0 31.0
0.0 147.46208 0.0261 0.0 32.0
2.1528757 151.70386 0.0261 0.0 32.0
0.0 147.46208 0.0262 48.0 32.0
0.0 152.21892 0.0262 48.0 32.0
0.0 152.21892 0.0263 0.0 33.0
-2.1528757 156.4607 0.0263 0.0 33.0
0.0 152.21892 0.0264 47.0 33.0
0.0 156.97575 0.0264 47.0 33.0
0.0 156.97575 0.0265 1.0 34.0
2.1528757 161.21753 0.0265 1.0 34.0
2.1528757 161.21753 0.0266 0.0 35.0
5.9924054 164.02565 0.0266 0.0 35.0
2.1528757 161.21753 0.0267 0.0 35.0
4.3057513 165.4593 0.0267 0.0 35.0
4.3057513 165.4593 0.0268 0.0 36.0
4.3057513 170.21614 0.0268 0.0 36.0
4.3057513 165.4593 0.0269 0.0 36.0
6.4586267 169.70108 0.0269 0.0 36.0
0.0 156.97575 0.0270 46.0 34.0
0.0 161.73259 0.0270 46.0 34.0
0.0 161.73259 0.0271 0.0 35.0
2.1528757 165.97437 0.0271 0.0 35.0
0.0 161.73259 0.0272 45.0 35.0
0.0 166.48943 0.0272 45.0 35.0
0.0 166.48943 0.0273 0.0 36.0
-2.1528757 170.7312 0.0273 0.0 36.0
0.0 166.48943 0.0274 44.0 36.0
0.0 171.24626 0.0274 44.0 36.0
0.0 171.24626 0.0275 7.0 37.0
2.1528757 175.48804 0.0275 7.0 37.0
2.1528757 175.48804 0.0276 0.0 38.0
5.9924054 178.29616 0.0276 0.0 38.0
2.1528757 175.48804 0.0277 6.0 38.0
4.3057513 179.72981 0.0277 6.0 38.0
4.3057513 179.72981 0.0278 0.0 39.0
4.3057513 184.48665 0.0278 0.0 39.0
4.3057513 179.72981 0.0279 5.0 39.0
6.4586267 183.97159 0.0279 5.0 39.0
6.4586267 183.97159 0.0280 1.0 40.0
6.4586267 188.72842 0.0280 1.0 40.0
6.4586267 188.72842 0.0281 0.0 41.0
8.611503 192.9702 0.0281 0.0 41.0
6.4586267 188.72842 0.0282 0.0 41.0
6.4586267 193.48526 0.0282 0.0 41.0
6.4586267 193.48526 0.0283 0.0 42.0
4.305751 197.72704 0.0283 0.0 42.0
6.4586267 193.48526 0.0284 0.0 42.0
6.4586267 198.2421 0.0284 0.0 42.0
6.4586267 183.97159 0.0285 4.0 40.0
8.611503 188.21336 0.0285 4.0 40.0
8.611503 188.21336 0.0286 0.0 41.0
12.451033 191.02148 0.0286 0.0 41.0
8.611503 188.21336 0.0287 3.0 41.0
10.764379 192.45514 0.0287 3.0 41.0
10.764379 192.45514 0.0288 0.0 42.0
10.764379 197.21198 0.0288 0.0 42.0
10.764379 192.45514 0.0289 2.0 42.0
12.917254 196.69691 0.0289 2.0 42.0
12.917254 196.69691 0.0290 1.0 43.0
16.756784 199.50504 0.0290 1.0 43.0
16.756784 199.50504 0.0291 0.0 44.0
21.451488 200.27138 0.0291 0.0 44.0
16.756784 199.50504 0.0292 0.0 44.0
20.596313 202.31316 0.0292 0.0 44.0
20.596313 202.31316 0.0293 0.0 45.0
22.74919 206.55493 0.0293 0.0 45.0
20.596313 202.31316 0.0294 0.0 45.0
24.435843 205.12128 0.0294 0.0 45.0
12.917254 196.69691 0.0295 1.0 43.0
15.07013 200.93869 0.0295 1.0 43.0
15.07013 200.93869 0.0296 0.0 44.0
18.90966 203.74681 0.0296 0.0 44.0
15.07013 200.93869 0.0297 0.0 44.0
17.223005 205.18047 0.0297 0.0 44.0
17.223005 205.18047 0.0298 0.0 45.0
17.223005 209.9373 0.0298 0.0 45.0
17.223005 205.18047 0.0299 0.0 45.0
19.375881 209.42224 0.0299 0.0 45.0
0.0 171.24626 0.0300 43.0 37.0
0.0 176.0031 0.0300 43.0 37.0
0.0 176.0031 0.0301 0.0 38.0
2.1528757 180.24487 0.0301 0.0 38.0
0.0 176.0031 0.0302 42.0 38.0
0.0 180.75993 0.0302 42.0 38.0
0.0 180.75993 0.0303 0.0 39.0
-2.1528757 185.00171 0.0303 0.0 39.0
0.0 180.75993 0.0304 41.0 39.0
0.0 185.51677 0.0304 41.0 39.0
0.0 185.51677 0.0305 1.0 40.0
-2.1528757 189.75854 0.0305 1.0 40.0
-2.1528757 189.75854 0.0306 0.0 41.0
-2.1528757 194.51538 0.0306 0.0 41.0
-2.1528757 189.75854 0.0307 0.0 41.0
-4.3057513 194.00032 0.0307 0.0 41.0
-4.3057513 194.00032 0.0308 0.0 42.0
-8.145281 196.80844 0.0308 0.0 42.0
-4.3057513 194.00032 0.0309 0.0 42.0
-6.4586267 198.2421 0.0309 0.0 42.0
0.0 185.51677 0.0310 40.0 40.0
0.0 190.2736 0.0310 40.0 40.0
0.0 190.2736 0.0311 0.0 41.0
2.1528757 194.51538 0.0311 0.0 41.0
0.0 190.2736 0.0312 39.0 41.0
0.0 195.03044 0.0312 39.0 41.0
0.0 195.03044 0.0313 0.0 42.0
-2.1528757 199.27222 0.0313 0.0 42.0
0.0 195.03044 0.0314 38.0 42.0
0.0 199.78728 0.0314 38.0 42.0
0.0 199.78728 0.0315 1.0 43.0
2.1528757 204.02905 0.0315 1.0 43.0
2.1528757 204.02905 0.0316 0.0 44.0
5.9924054 206.83717 0.0316 0.0 44.0
2.1528757 204.02905 0.0317 0.0 44.0
4.3057513 208.27083 0.0317 0.0 44.0
4.3057513 208.27083 0.0318 0.0 45.0
4.3057513 213.02766 0.0318 0.0 45.0
4.3057513 208.27083 0.0319 0.0 45.0
6.4586267 212.5126 0.0319 0.0 45.0
0.0 199.78728 0.0320 37.0 43.0
0.0 204.54411 0.0320 37.0 43.0
0.0 204.54411 0.0321 0.0 44.0
2.1528757 208.78589 0.0321 0.0 44.0
0.0 204.54411 0.0322 36.0 44.0
0.0 209.30095 0.0322 36.0 44.0
0.0 209.30095 0.0323 0.0 45.0
-2.1528757 213.54272 0.0323 0.0 45.0
0.0 209.30095 0.0324 35.0 45.0
0.0 214.05779 0.0324 35.0 45.0
0.0 214.05779 0.0325 7.0 46.0
2.1528757 218.29956 0.0325 7.0 46.0
2.1528757 218.29956 0.0326 0.0 47.0
5.9924054 221.10768 0.0326 0.0 47.0
2.1528757 218.29956 0.0327 6.0 47.0
4.3057513 222.54134 0.0327 6.0 47.0
4.3057513 222.54134 0.0328 0.0 48.0
4.3057513 227.29817 0.0328 0.0 48.0
4.3057513 222.54134 0.0329 5.0 48.0
6.4586267 226.78311 0.0329 5.0 48.0
6.4586267 226.78311 0.0330 1.0 49.0
6.4586267 231.53995 0.0330 1.0 49.0
6.4586267 231.53995 0.0331 0.0 50.0
8.611503 235.78172 0.0331 0.0 50.0
6.4586267 231.53995 0.0332 0.0 50.0
6.4586267 236.29678 0.0332 0.0 50.0
6.4586267 236.29678 0.0333 0.0 51.0
4.305751 240.53856 0.0333 0.0 51.0
6.4586267 236.29678 0.0334 0.0 51.0
6.4586267 241.05362 0.0334 0.0 51.0
6.4586267 226.78311 0.0335 4.0 49.0
8.611503 231.02489 0.0335 4.0 49.0
8.611503 231.02489 0.0336 0.0 50.0
12.451033 233.83301 0.0336 0.0 50.0
8.611503 231.02489 0.0337 3.0 50.0
10.764379 235.26666 0.0337 3.0 50.0
10.764379 235.26666 0.0338 0.0 51.0
10.764379 240.0235 0.0338 0.0 51.0
10.764379 235.26666 0.0339 2.0 51.0
12.917254 239.50844 0.0339 2.0 51.0
12.917254 239.50844 0.0340 1.0 52.0
16.756784 242.31656 0.0340 1.0 52.0
16.756784 242.31656 0.0341 0.0 53.0
21.451488 243.0829 0.0341 0.0 53.0
16.756784 242.31656 0.0342 0.0 53.0
20.596313 245.12468 0.0342 0.0 53.0
20.596313 245.12468 0.0343 0.0 54.0
22.74919 249.36646 0.0343 0.0 54.0
20.596313 245.12468 0.0344 0.0 54.0
24.435843 247.9328 0.0344 0.0 54.0
12.917254 239.50844 0.0345 1.0 52.0
15.07013 243.75021 0.0345 1.0 52.0
15.07013 243.75021 0.0346 0.0 53.0
18.90966 246.55833 0.0346 0.0 53.0
15.07013 243.75021 0.0347 0.0 53.0
17.223005 247.99199 0.0347 0.0 53.0
17.223005 247.99199 0.0348 0.0 54.0
17.223005 252.74883 0.0348 0.0 54.0
17.223005 247.99199 0.0349 0.0 54.0
19.375881 252.23376 0.0349 0.0 54.0
0.0 214.05779 0.0350 34.0 46.0
0.0 218.81462 0.0350 34.0 46.0
0.0 218.81462 0.0351 0.0 47.0
2.1528757 223.0564 0.0351 0.0 47.0
0.0 218.81462 0.0352 33.0 47.0
0.0 223.57146 0.0352 33.0 47.0
0.0 223.57146 0.0353 0.0 48.0
-2.1528757 227.81323 0.0353 0.0 48.0
0.0 223.57146 0.0354 32.0 48.0
0.0 228.3283 0.0354 32.0 48.0
0.0 228.3283 0.0355 1.0 49.0
-2.1528757 232.57007 0.0355 1.0 49.0
-2.1528757 232.57007 0.0356 0.0 50.0
-2.1528757 237.3269 0.0356 0.0 50.0
-2.1528757 232.57007 0.0357 0.0 50.0
-4.3057513 236.81184 0.0357 0.0 50.0
-4.3057513 236.81184 0.0358 0.0 51.0
-8.145281 239.61996 0.0358 0.0 51.0
-4.3057513 236.81184 0.0359 0.0 51.0
-6.4586267 241.05362 0.0359 0.0 51.0
0.0 228.3283 0.0360 31.0 49.0
0.0 233.08513 0.0360 31.0 49.0
0.0 233.08513 0.0361 0.0 50.0
2.1528757 237.3269 0.0361 0.0 50.0
0.0 233.08513 0.0362 30.0 50.0
0.0 237.84196 0.0362 30.0 50.0
0.0 237.84196 0.0363 0.0 51.0
-2.1528757 242.08374 0.0363 0.0 51.0
0.0 237.84196 0.0364 29.0 51.0
0.0 242.5988 0.0364 29.0 51.0
0.0 242.5988 0.0365 1.0 52.0
2.1528757 246.84058 0.0365 1.0 52.0
2.1528757 246.84058 0.0366 0.0 53.0
5.9924054 249.6487 0.0366 0.0 53.0
2.1528757 246.84058 0.0367 0.0 53.0
4.3057513 251.08235 0.0367 0.0 53.0
4.3057513 251.08235 0.0368 0.0 54.0
4.3057513 255.83919 0.0368 0.0 54.0
4.3057513 251.08235 0.0369 0.0 54.0
6.4586267 255.32413 0.0369 0.0 54.0
0.0 242.5988 0.0370 28.0 52.0
0.0 247.35564 0.0370 28.0 52.0
0.0 247.35564 0.0371 0.0 53.0
2.1528757 251.59741 0.0371 0.0 53.0
0.0 247.35564 0.0372 27.0 53.0
0.0 252.11247 0.0372 27.0 53.0
0.0 252.11247 0.0373 0.0 54.0
-2.1528757 256.35425 0.0373 0.0 54.0
0.0 252.11247 0.0374 26.0 54.0
0.0 256.86932 0.0374 26.0 54.0
0.0 256.86932 0.0375 25.0 55.0
2.1528757 261.1111 0.0375 25.0 55.0
2.1528757 261.1111 0.0376 0.0 56.0
5.9924054 263.91925 0.0376 0.0 56.0
2.1528757 261.1111 0.0377 24.0 56.0
4.3057513 265.3529 0.0377 24.0 56.0
4.3057513 265.3529 0.0378 0.0 57.0
4.3057513 270.10974 0.0378 0.0 57.0
4.3057513 265.3529 0.0379 23.0 57.0
6.4586267 269.5947 0.0379 23.0 57.0
6.4586267 269.5947 0.0380 1.0 58.0
6.4586267 274.35153 0.0380 1.0 58.0
6.4586267 274.35153 0.0381 0.0 59.0
8.611503 278.59332 0.0381 0.0 59.0
6.4586267 274.35153 0.0382 0.0 59.0
6.4586267 279.10837 0.0382 0.0 59.0
6.4586267 279.10837 0.0383 0.0 60.0
4.305751 283.35016 0.0383 0.0 60.0
6.4586267 279.10837 0.0384 0.0 60.0
6.4586267 283.8652 0.0384 0.0 60.0
6.4586267 269.5947 0.0385 22.0 58.0
8.611503 273.8365 0.0385 22.0 58.0
8.611503 273.8365 0.0386 0.0 59.0
12.451033 276.64462 0.0386 0.0 59.0
8.611503 273.8365 0.0387 21.0 59.0
10.764379 278.07828 0.0387 21.0 59.0
10.764379 278.07828 0.0388 0.0 60.0
10.764379 282.8351 0.0388 0.0 60.0
10.764379 278.07828 0.0389 20.0 60.0
12.917254 282.32007 0.0389 20.0 60.0
12.917254 282.32007 0.0390 1.0 61.0
16.756784 285.1282 0.0390 1.0 61.0
16.756784 285.1282 0.0391 0.0 62.0
21.451488 285.89456 0.0391 0.0 62.0
16.756784 285.1282 0.0392 0.0 62.0
20.596313 287.93634 0.0392 0.0 62.0
20.596313 287.93634 0.0393 0.0 63.0
22.74919 292.17813 0.0393 0.0 63.0
20.596313 287.93634 0.0394 0.0 63.0
24.435843 290.74448 0.0394 0.0 63.0
12.917254 282.32007 0.0395 19.0 61.0
15.07013 286.56186 0.0395 19.0 61.0
15.07013 286.56186 0.0396 0.0 62.0
18.90966 289.37 0.0396 0.0 62.0
15.07013 286.56186 0.0397 18.0 62.0
17.223005 290.80365 0.0397 18.0 62.0
17.223005 290.80365 0.0398 0.0 63.0
17.223005 295.5605 0.0398 0.0 63.0
17.223005 290.80365 0.0399 17.0 63.0
19.375881 295.04544 0.0399 17.0 63.0
19.375881 295.04544 0.0400 7.0 64.0
23.21541 297.85358 0.0400 7.0 64.0
23.21541 297.85358 0.0401 0.0 65.0
27.910114 298.61993 0.0401 0.0 65.0
23.21541 297.85358 0.0402 6.0 65.0
27.05494 300.6617 0.0402 6.0 65.0
27.05494 300.6617 0.0403 0.0 66.0
29.207815 304.9035 0.0403 0.0 66.0
27.05494 300.6617 0.0404 5.0 66.0
30.894468 303.46985 0.0404 5.0 66.0
30.894468 303.46985 0.0405 1.0 67.0
33.047344 307.71164 0.0405 1.0 67.0
33.047344 307.71164 0.0406 0.0 68.0
36.886875 310.51978 0.0406 0.0 68.0
33.047344 307.71164 0.0407 0.0 68.0
35.20022 311.95343 0.0407 0.0 68.0
35.20022 311.95343 0.0408 0.0 69.0
35.20022 316.71027 0.0408 0.0 69.0
35.20022 311.95343 0.0409 0.0 69.0
37.353092 316.19522 0.0409 0.0 69.0
30.894468 303.46985 0.0410 4.0 67.0
34.733997 306.27798 0.0410 4.0 67.0
34.733997 306.27798 0.0411 0.0 68.0
39.428703 307.04434 0.0411 0.0 68.0
34.733997 306.27798 0.0412 3.0 68.0
38.57353 309.08612 0.0412 3.0 68.0
38.57353 309.08612 0.0413 0.0 69.0
40.726402 313.3279 0.0413 0.0 69.0
38.57353 309.08612 0.0414 2.0 69.0
42.41306 311.89426 0.0414 2.0 69.0
42.41306 311.89426 0.0415 1.0 70.0
47.107765 312.6606 0.0415 1.0 70.0
47.107765 312.6606 0.0416 0.0 71.0
51.64097 311.21924 0.0416 0.0 71.0
47.107765 312.6606 0.0417 0.0 71.0
51.80247 313.42697 0.0417 0.0 71.0
51.80247 313.42697 0.0418 0.0 72.0
55.642002 316.2351 0.0418 0.0 72.0
51.80247 313.42697 0.0419 0.0 72.0
56.497177 314.19333 0.0419 0.0 72.0
42.41306 311.89426 0.0420 1.0 70.0
46.25259 314.7024 0.0420 1.0 70.0
46.25259 314.7024 0.0421 0.0 71.0
50.947296 315.46875 0.0421 0.0 71.0
46.25259 314.7024 0.0422 0.0 71.0
50.09212 317.51053 0.0422 0.0 71.0
50.09212 317.51053 0.0423 0.0 72.0
52.244995 321.75232 0.0423 0.0 72.0
50.09212 317.51053 0.0424 0.0 72.0
53.931652 320.31866 0.0424 0.0 72.0
19.375881 295.04544 0.0425 16.0 64.0
21.528757 299.28723 0.0425 16.0 64.0
21.528757 299.28723 0.0426 0.0 65.0
25.368286 302.09537 0.0426 0.0 65.0
21.528757 299.28723 0.0427 15.0 65.0
23.681633 303.52902 0.0427 15.0 65.0
23.681633 303.52902 0.0428 0.0 66.0
23.681633 308.28586 0.0428 0.0 66.0
23.681633 303.52902 0.0429 14.0 66.0
25.834509 307.7708 0.0429 14.0 66.0
25.834509 307.7708 0.0430 1.0 67.0
25.834509 312.52765 0.0430 1.0 67.0
25.834509 312.52765 0.0431 0.0 68.0
27.987385 316.76944 0.0431 0.0 68.0
25.834509 312.52765 0.0432 0.0 68.0
25.834509 317.2845 0.0432 0.0 68.0
25.834509 317.2845 0.0433 0.0 69.0
23.681633 321.52628 0.0433 0.0 69.0
25.834509 317.2845 0.0434 0.0 69.0
25.834509 322.04132 0.0434 0.0 69.0
25.834509 307.7708 0.0435 13.0 67.0
27.987385 312.0126 0.0435 13.0 67.0
27.987385 312.0126 0.0436 0.0 68.0
31.826914 314.82074 0.0436 0.0 68.0
27.987385 312.0126 0.0437 12.0 68.0
30.14026 316.2544 0.0437 12.0 68.0
30.14026 316.2544 0.0438 0.0 69.0
30.14026 321.01123 0.0438 0.0 69.0
30.14026 316.2544 0.0439 11.0 69.0
32.293137 320.4962 0.0439 11.0 69.0
32.293137 320.4962 0.0440 1.0 70.0
36.132668 323.30432 0.0440 1.0 70.0
36.132668 323.30432 0.0441 0.0 71.0
40.827374 324.07068 0.0441 0.0 71.0
36.132668 323.30432 0.0442 0.0 71.0
39.9722 326.11246 0.0442 0.0 71.0
39.9722 326.11246 0.0443 0.0 72.0
42.125072 330.35425 0.0443 0.0 72.0
39.9722 326.11246 0.0444 0.0 72.0
43.81173 328.9206 0.0444 0.0 72.0
32.293137 320.4962 0.0445 10.0 70.0
34.44601 324.73798 0.0445 10.0 70.0
34.44601 324.73798 0.0446 0.0 71.0
38.28554 327.5461 0.0446 0.0 71.0
34.44601 324.73798 0.0447 9.0 71.0
36.598885 328.97977 0.0447 9.0 71.0
36.598885 328.97977 0.0448 0.0 72.0
36.598885 333.7366 0.0448 0.0 72.0
36.598885 328.97977 0.0449 8.0 72.0
38.75176 333.22156 0.0449 8.0 72.0
38.75176 333.22156 0.0450 7.0 73.0
42.59129 336.0297 0.0450 7.0 73.0
42.59129 336.0297 0.0451 0.0 74.0
47.285995 336.79605 0.0451 0.0 74.0
42.59129 336.0297 0.0452 6.0 74.0
46.43082 338.83783 0.0452 6.0 74.0
46.43082 338.83783 0.0453 0.0 75.0
48.583694 343.07962 0.0453 0.0 75.0
46.43082 338.83783 0.0454 5.0 75.0
50.27035 341.64597 0.0454 5.0 75.0
50.27035 341.64597 0.0455 1.0 76.0
52.423225 345.88776 0.0455 1.0 76.0
52.423225 345.88776 0.0456 0.0 77.0
56.262756 348.6959 0.0456 0.0 77.0
52.423225 345.88776 0.0457 0.0 77.0
54.5761 350.12955 0.0457 0.0 77.0
54.5761 350.12955 0.0458 0.0 78.0
54.5761 354.88638 0.0458 0.0 78.0
54.5761 350.12955 0.0459 0.0 78.0
56.728973 354.37134 0.0459 0.0 78.0
50.27035 341.64597 0.0460 4.0 76.0
54.109882 344.4541 0.0460 4.0 76.0
54.109882 344.4541 0.0461 0.0 77.0
58.80459 345.22046 0.0461 0.0 77.0
54.109882 344.4541 0.0462 3.0 77.0
57.949413 347.26224 0.0462 3.0 77.0
57.949413 347.26224 0.0463 0.0 78.0
60.102287 351.50403 0.0463 0.0 78.0
57.949413 347.26224 0.0464 2.0 78.0
61.788944 350.07037 0.0464 2.0 78.0
61.788944 350.07037 0.0465 1.0 79.0
66.48365 350.83673 0.0465 1.0 79.0
66.48365 350.83673 0.0466 0.0 80.0
71.01685 349.39536 0.0466 0.0 80.0
66.48365 350.83673 0.0467 0.0 80.0
71.17835 351.6031 0.0467 0.0 80.0
71.17835 351.6031 0.0468 0.0 81.0
75.01788 354.41122 0.0468 0.0 81.0
71.17835 351.6031 0.0469 0.0 81.0
75.873055 352.36945 0.0469 0.0 81.0
61.788944 350.07037 0.0470 1.0 79.0
65.62847 352.8785 0.0470 1.0 79.0
65.62847 352.8785 0.0471 0.0 80.0
70.32317 353.64487 0.0471 0.0 80.0
65.62847 352.8785 0.0472 0.0 80.0
69.468 355.68665 0.0472 0.0 80.0
69.468 355.68665 0.0473 0.0 81.0
71.62088 359.92844 0.0473 0.0 81.0
69.468 355.68665 0.0474 0.0 81.0
73.30753 358.49478 0.0474 0.0 81.0
38.75176 333.22156 0.0475 7.0 73.0
40.904633 337.46335 0.0475 7.0 73.0
40.904633 337.46335 0.0476 0.0 74.0
44.744164 340.27148 0.0476 0.0 74.0
40.904633 337.46335 0.0477 6.0 74.0
43.057507 341.70514 0.0477 6.0 74.0
43.057507 341.70514 0.0478 0.0 75.0
43.057507 346.46198 0.0478 0.0 75.0
43.057507 341.70514 0.0479 5.0 75.0
45.21038 345.94693 0.0479 5.0 75.0
45.21038 345.94693 0.0480 1.0 76.0
45.21038 350.70377 0.0480 1.0 76.0
45.21038 350.70377 0.0481 0.0 77.0
47.363255 354.94556 0.0481 0.0 77.0
45.21038 350.70377 0.0482 0.0 77.0
45.21038 355.4606 0.0482 0.0 77.0
45.21038 355.4606 0.0483 0.0 78.0
43.057507 359.7024 0.0483 0.0 78.0
45.21038 355.4606 0.0484 0.0 78.0
45.21038 360.21744 0.0484 0.0 78.0
45.21038 345.94693 0.0485 4.0 76.0
47.363255 350.18872 0.0485 4.0 76.0
47.363255 350.18872 0.0486 0.0 77.0
51.202785 352.99686 0.0486 0.0 77.0
47.363255 350.18872 0.0487 3.0 77.0
49.51613 354.4305 0.0487 3.0 77.0
49.51613 354.4305 0.0488 0.0 78.0
49.51613 359.18735 0.0488 0.0 78.0
49.51613 354.4305 0.0489 2.0 78.0
51.669003 358.6723 0.0489 2.0 78.0
51.669003 358.6723 0.0490 1.0 79.0
55.508533 361.48044 0.0490 1.0 79.0
55.508533 361.48044 0.0491 0.0 80.0
60.20324 362.2468 0.0491 0.0 80.0
55.508533 361.48044 0.0492 0.0 80.0
59.348064 364.28857 0.0492 0.0 80.0
59.348064 364.28857 0.0493 0.0 81.0
61.50094 368.53036 0.0493 0.0 81.0
59.348064 364.28857 0.0494 0.0 81.0
63.187595 367.0967 0.0494 0.0 81.0
51.669003 358.6723 0.0495 1.0 79.0
53.821877 362.9141 0.0495 1.0 79.0
53.821877 362.9141 0.0496 0.0 80.0
57.661407 365.72223 0.0496 0.0 80.0
53.821877 362.9141 0.0497 0.0 80.0
55.97475 367.15588 0.0497 0.0 80.0
55.97475 367.15588 0.0498 0.0 81.0
55.97475 371.91272 0.0498 0.0 81.0
55.97475 367.15588 0.0499 0.0 81.0
58.127625 371.39767 0.0499 0.0 81.0
0.0 256.86932 0.0500 25.0 55.0
0.0 261.62616 0.0500 25.0 55.0
0.0 261.62616 0.0501 0.0 56.0
2.1528757 265.86795 0.0501 0.0 56.0
0.0 261.62616 0.0502 24.0 56.0
0.0 266.383 0.0502 24.0 56.0
0.0 266.383 0.0503 0.0 57.0
-2.1528757 270.6248 0.0503 0.0 57.0
0.0 266.383 0.0504 23.0 57.0
0.0 271.13983 0.0504 23.0 57.0
0.0 271.13983 0.0505 1.0 58.0
-2.1528757 275.38162 0.0505 1.0 58.0
-2.1528757 275.38162 0.0506 0.0 59.0
-2.1528757 280.13846 0.0506 0.0 59.0
-2.1528757 275.38162 0.0507 0.0 59.0
-4.3057513 279.6234 0.0507 0.0 59.0
-4.3057513 279.6234 0.0508 0.0 60.0
-8.145281 282.43155 0.0508 0.0 60.0
-4.3057513 279.6234 0.0509 0.0 60.0
-6.4586267 283.8652 0.0509 0.0 60.0
0.0 271.13983 0.0510 22.0 58.0
0.0 275.89667 0.0510 22.0 58.0
0.0 275.89667 0.0511 0.0 59.0
2.1528757 280.13846 0.0511 0.0 59.0
0.0 275.89667 0.0512 21.0 59.0
0.0 280.6535 0.0512 21.0 59.0
0.0 280.6535 0.0513 0.0 60.0
-2.1528757 284.8953 0.0513 0.0 60.0
0.0 280.6535 0.0514 20.0 60.0
0.0 285.41034 0.0514 20.0 60.0
0.0 285.41034 0.0515 1.0 61.0
2.1528757 289.65213 0.0515 1.0 61.0
2.1528757 289.65213 0.0516 0.0 62.0
5.9924054 292.46027 0.0516 0.0 62.0
2.1528757 289.65213 0.0517 0.0 62.0
4.3057513 293.89392 0.0517 0.0 62.0
4.3057513 293.89392 0.0518 0.0 63.0
4.3057513 298.65076 0.0518 0.0 63.0
4.3057513 293.89392 0.0519 0.0 63.0
6.4586267 298.1357 0.0519 0.0 63.0
0.0 285.41034 0.0520 19.0 61.0
0.0 290.16718 0.0520 19.0 61.0
0.0 290.16718 0.0521 0.0 62.0
2.1528757 294.40897 0.0521 0.0 62.0
0.0 290.16718 0.0522 18.0 62.0
0.0 294.924 0.0522 18.0 62.0
0.0 294.924 0.0523 0.0 63.0
-2.1528757 299.1658 0.0523 0.0 63.0
0.0 294.924 0.0524 17.0 63.0
0.0 299.68085 0.0524 17.0 63.0
0.0 299.68085 0.0525 7.0 64.0
2.1528757 303.92264 0.0525 7.0 64.0
2.1528757 303.92264 0.0526 0.0 65.0
5.9924054 306.73077 0.0526 0.0 65.0
2.1528757 303.92264 0.0527 6.0 65.0
4.3057513 308.16443 0.0527 6.0 65.0
4.3057513 308.16443 0.0528 0.0 66.0
4.3057513 312.92126 0.0528 0.0 66.0
4.3057513 308.16443 0.0529 5.0 66.0
6.4586267 312.40622 0.0529 5.0 66.0
6.4586267 312.40622 0.0530 1.0 67.0
6.4586267 317.16306 0.0530 1.0 67.0
6.4586267 317.16306 0.0531 0.0 68.0
8.611503 321.40485 0.0531 0.0 68.0
6.4586267 317.16306 0.0532 0.0 68.0
6.4586267 321.9199 0.0532 0.0 68.0
6.4586267 321.9199 0.0533 0.0 69.0
4.305751 326.16168 0.0533 0.0 69.0
6.4586267 321.9199 0.0534 0.0 69.0
6.4586267 326.67673 0.0534 0.0 69.0
6.4586267 312.40622 0.0535 4.0 67.0
8.611503 316.648 0.0535 4.0 67.0
8.611503 316.648 0.0536 0.0 68.0
12.451033 319.45615 0.0536 0.0 68.0
8.611503 316.648 0.0537 3.0 68.0
10.764379 320.8898 0.0537 3.0 68.0
10.764379 320.8898 0.0538 0.0 69.0
10.764379 325.64664 0.0538 0.0 69.0
10.764379 320.8898 0.0539 2.0 69.0
12.917254 325.1316 0.0539 2.0 69.0
12.917254 325.1316 0.0540 1.0 70.0
16.756784 327.93973 0.0540 1.0 70.0
16.756784 327.93973 0.0541 0.0 71.0
21.451488 328.7061 0.0541 0.0 71.0
16.756784 327.93973 0.0542 0.0 71.0
20.596313 330.74786 0.0542 0.0 71.0
20.596313 330.74786 0.0543 0.0 72.0
22.74919 334.98965 0.0543 0.0 72.0
20.596313 330.74786 0.0544 0.0 72.0
24.435843 333.556 0.0544 0.0 72.0
12.917254 325.1316 0.0545 1.0 70.0
15.07013 329.37338 0.0545 1.0 70.0
15.07013 329.37338 0.0546 0.0 71.0
18.90966 332.18152 0.0546 0.0 71.0
15.07013 329.37338 0.0547 0.0 71.0
17.223005 333.61517 0.0547 0.0 71.0
17.223005 333.61517 0.0548 0.0 72.0
17.223005 338.372 0.0548 0.0 72.0
17.223005 333.61517 0.0549 0.0 72.0
19.375881 337.85696 0.0549 0.0 72.0
0.0 299.68085 0.0550 16.0 64.0
0.0 304.43768 0.0550 16.0 64.0
0.0 304.43768 0.0551 0.0 65.0
2.1528757 308.67947 0.0551 0.0 65.0
0.0 304.43768 0.0552 15.0 65.0
0.0 309.19452 0.0552 15.0 65.0
0.0 309.19452 0.0553 0.0 66.0
-2.1528757 313.4363 0.0553 0.0 66.0
0.0 309.19452 0.0554 14.0 66.0
0.0 313.95135 0.0554 14.0 66.0
0.0 313.95135 0.0555 1.0 67.0
-2.1528757 318.19315 0.0555 1.0 67.0
-2.1528757 318.19315 0.0556 0.0 68.0
-2.1528757 322.94998 0.0556 0.0 68.0
-2.1528757 318.19315 0.0557 0.0 68.0
-4.3057513 322.43494 0.0557 0.0 68.0
-4.3057513 322.43494 0.0558 0.0 69.0
-8.145281 325.24307 0.0558 0.0 69.0
-4.3057513 322.43494 0.0559 0.0 69.0
-6.4586267 326.67673 0.0559 0.0 69.0
0.0 313.95135 0.0560 13.0 67.0
0.0 318.7082 0.0560 13.0 67.0
0.0 318.7082 0.0561 0.0 68.0
2.1528757 322.94998 0.0561 0.0 68.0
0.0 318.7082 0.0562 12.0 68.0
0.0 323.46503 0.0562 12.0 68.0
0.0 323.46503 0.0563 0.0 69.0
-2.1528757 327.70682 0.0563 0.0 69.0
0.0 323.46503 0.0564 11.0 69.0
0.0 328.22186 0.0564 11.0 69.0
0.0 328.22186 0.0565 1.0 70.0
2.1528757 332.46365 0.0565 1.0 70.0
2.1528757 332.46365 0.0566 0.0 71.0
5.9924054 335.2718 0.0566 0.0 71.0
2.1528757 332.46365 0.0567 0.0 71.0
4.3057513 336.70544 0.0567 0.0 71.0
4.3057513 336.70544 0.0568 0.0 72.0
4.3057513 341.46228 0.0568 0.0 72.0
4.3057513 336.70544 0.0569 0.0 72.0
6.4586267 340.94724 0.0569 0.0 72.0
0.0 328.22186 0.0570 10.0 70.0
0.0 332.9787 0.0570 10.0 70.0
0.0 332.9787 0.0571 0.0 71.0
2.1528757 337.2205 0.0571 0.0 71.0
0.0 332.9787 0.0572 9.0 71.0
0.0 337.73553 0.0572 9.0 71.0
0.0 337.73553 0.0573 0.0 72.0
-2.1528757 341.97733 0.0573 0.0 72.0
0.0 337.73553 0.0574 8.0 72.0
0.0 342.49237 0.0574 8.0 72.0
0.0 342.49237 0.0575 7.0 73.0
2.1528757 346.73416 0.0575 7.0 73.0
2.1528757 346.73416 0.0576 0.0 74.0
5.9924054 349.5423 0.0576 0.0 74.0
2.1528757 346.73416 0.0577 6.0 74.0
4.3057513 350.97595 0.0577 6.0 74.0
4.3057513 350.97595 0.0578 0.0 75.0
4.3057513 355.7328 0.0578 0.0 75.0
4.3057513 350.97595 0.0579 5.0 75.0
6.4586267 355.21774 0.0579 5.0 75.0
6.4586267 355.21774 0.0580 1.0 76.0
6.4586267 359.97458 0.0580 1.0 76.0
6.4586267 359.97458 0.0581 0.0 77.0
8.611503 364.21637 0.0581 0.0 77.0
6.4586267 359.97458 0.0582 0.0 77.0
6.4586267 364.7314 0.0582 0.0 77.0
6.4586267 364.7314 0.0583 0.0 78.0
4.305751 368.9732 0.0583 0.0 78.0
6.4586267 364.7314 0.0584 0.0 78.0
6.4586267 369.48825 0.0584 0.0 78.0
6.4586267 355.21774 0.0585 4.0 76.0
8.611503 359.45953 0.0585 4.0 76.0
8.611503 359.45953 0.0586 0.0 77.0
12.451033 362.26767 0.0586 0.0 77.0
8.611503 359.45953 0.0587 3.0 77.0
10.764379 363.70132 0.0587 3.0 77.0
10.764379 363.70132 0.0588 0.0 78.0
10.764379 368.45816 0.0588 0.0 78.0
10.764379 363.70132 0.0589 2.0 78.0
12.917254 367.9431 0.0589 2.0 78.0
12.917254 367.9431 0.0590 1.0 79.0
16.756784 370.75125 0.0590 1.0 79.0
16.756784 370.75125 0.0591 0.0 80.0
21.451488 371.5176 0.0591 0.0 80.0
16.756784 370.75125 0.0592 0.0 80.0
20.596313 373.5594 0.0592 0.0 80.0
20.596313 373.5594 0.0593 0.0 81.0
22.74919 377.80118 0.0593 0.0 81.0
20.596313 373.5594 0.0594 0.0 81.0
24.435843 376.36752 0.0594 0.0 81.0
12.917254 367.9431 0.0595 1.0 79.0
15.07013 372.1849 0.0595 1.0 79.0
15.07013 372.1849 0.0596 0.0 80.0
18.90966 374.99304 0.0596 0.0 80.0
15.07013 372.1849 0.0597 0.0 80.0
17.223005 376.4267 0.0597 0.0 80.0
17.223005 376.4267 0.0598 0.0 81.0
17.223005 381.18353 0.0598 0.0 81.0
17.223005 376.4267 0.0599 0.0 81.0
19.375881 380.6685 0.0599 0.0 81.0
0.0 342.49237 0.0600 7.0 73.0
0.0 347.2492 0.0600 7.0 73.0
0.0 347.2492 0.0601 0.0 74.0
2.1528757 351.491 0.0601 0.0 74.0
0.0 347.2492 0.0602 6.0 74.0
0.0 352.00604 0.0602 6.0 74.0
0.0 352.00604 0.0603 0.0 75.0
-2.1528757 356.24783 0.0603 0.0 75.0
0.0 352.00604 0.0604 5.0 75.0
0.0 356.76288 0.0604 5.0 75.0
0.0 356.76288 0.0605 1.0 76.0
-2.1528757 361.00467 0.0605 1.0 76.0
-2.1528757 361.00467 0.0606 0.0 77.0
-2.1528757 365.7615 0.0606 0.0 77.0
-2.1528757 361.00467 0.0607 0.0 77.0
-4.3057513 365.24646 0.0607 0.0 77.0
-4.3057513 365.24646 0.0608 0.0 78.0
-8.145281 368.0546 0.0608 0.0 78.0
-4.3057513 365.24646 0.0609 0.0 78.0
-6.4586267 369.48825 0.0609 0.0 78.0
0.0 356.76288 0.0610 4.0 76.0
0.0 361.5197 0.0610 4.0 76.0
0.0 361.5197 0.0611 0.0 77.0
2.1528757 365.7615 0.0611 0.0 77.0
0.0 361.5197 0.0612 3.0 77.0
0.0 366.27655 0.0612 3.0 77.0
0.0 366.27655 0.0613 0.0 78.0
-2.1528757 370.51834 0.0613 0.0 78.0
0.0 366.27655 0.0614 2.0 78.0
0.0 371.0334 0.0614 2.0 78.0
0.0 371.0334 0.0615 1.0 79.0
2.1528757 375.27518 0.0615 1.0 79.0
2.1528757 375.27518 0.0616 0.0 80.0
5.9924054 378.0833 0.0616 0.0 80.0
2.1528757 375.27518 0.0617 0.0 80.0
4.3057513 379.51697 0.0617 0.0 80.0
4.3057513 379.51697 0.0618 0.0 81.0
4.3057513 384.2738 0.0618 0.0 81.0
4.3057513 379.51697 0.0619 0.0 81.0
6.4586267 383.75876 0.0619 0.0 81.0
0.0 371.0334 0.0620 1.0 79.0
0.0 375.79022 0.0620 1.0 79.0
0.0 375.79022 0.0621 0.0 80.0
2.1528757 380.032 0.0621 0.0 80.0
0.0 375.79022 0.0622 0.0 80.0
0.0 380.54706 0.0622 0.0 80.0
0.0 380.54706 0.0623 0.0 81.0
-2.1528757 384.78885 0.0623 0.0 81.0
0.0 380.54706 0.0624 0.0 81.0
0.0 385.3039 0.0624 0.0 81.0
