0.0 0.0 0.00 60.0 1.0
0.0 1.3166888 0.00 60.0 1.0
0.0 1.3166888 0.01 59.0 2.0
0.0 2.6333776 0.01 59.0 2.0
0.0 2.6333776 0.02 58.0 3.0
0.0 3.9500663 0.02 58.0 3.0
0.0 3.9500663 0.03 57.0 4.0
0.0 5.266755 0.03 57.0 4.0
0.0 5.266755 0.04 56.0 5.0
0.0 6.5834436 0.04 56.0 5.0
0.0 6.5834436 0.05 55.0 6.0
0.0 7.900132 0.05 55.0 6.0
0.0 7.900132 0.06 54.0 7.0
0.0 9.216821 0.06 54.0 7.0
0.0 9.216821 0.07 53.0 8.0
0.0 10.533509 0.07 53.0 8.0
0.0 10.533509 0.08 52.0 9.0
0.0 11.850198 0.08 52.0 9.0
0.0 11.850198 0.09 51.0 10.0
0.0 13.166886 0.09 51.0 10.0
0.0 13.166886 0.010 50.0 11.0
0.0 14.483575 0.010 50.0 11.0
0.0 14.483575 0.011 49.0 12.0
0.0 15.800263 0.011 49.0 12.0
0.0 15.800263 0.012 48.0 13.0
0.0 17.116953 0.012 48.0 13.0
0.0 17.116953 0.013 47.0 14.0
0.0 18.433641 0.013 47.0 14.0
0.0 18.433641 0.014 46.0 15.0
0.0 19.75033 0.014 46.0 15.0
0.0 19.75033 0.015 45.0 16.0
0.0 21.067019 0.015 45.0 16.0
0.0 21.067019 0.016 28.0 17.0
-0.6732969 22.19854 0.016 28.0 17.0
-0.6732969 22.19854 0.017 27.0 18.0
-1.3465939 23.330061 0.017 27.0 18.0
-1.3465939 23.330061 0.018 26.0 19.0
-2.0198908 24.461582 0.018 26.0 19.0
-2.0198908 24.461582 0.019 25.0 20.0
-2.6931877 25.593103 0.019 25.0 20.0
-2.6931877 25.593103 0.020 24.0 21.0
-3.3664846 26.724625 0.020 24.0 21.0
-3.3664846 26.724625 0.021 23.0 22.0
-4.0397816 27.856146 0.021 23.0 22.0
-4.0397816 27.856146 0.022 22.0 23.0
-4.7130785 28.987667 0.022 22.0 23.0
-4.7130785 28.987667 0.023 21.0 24.0
-5.3863754 30.119188 0.023 21.0 24.0
-5.3863754 30.119188 0.024 12.0 25.0
-6.5435963 30.747288 0.024 12.0 25.0
-6.5435963 30.747288 0.025 11.0 26.0
-7.700817 31.375387 0.025 11.0 26.0
-7.700817 31.375387 0.026 10.0 27.0
-8.858038 32.003487 0.026 10.0 27.0
-8.858038 32.003487 0.027 9.0 28.0
-10.015259 32.631588 0.027 9.0 28.0
-10.015259 32.631588 0.028 4.0 29.0
-10.688556 33.76311 0.028 4.0 29.0
-10.688556 33.76311 0.029 3.0 30.0
-11.361853 34.894634 0.029 3.0 30.0
-11.361853 34.894634 0.030 0.0 31.0
-12.5190735 35.522736 0.030 0.0 31.0
-12.5190735 35.522736 0.031 0.0 32.0
-13.676294 36.150837 0.031 0.0 32.0
-11.361853 34.894634 0.032 2.0 31.0
-12.03515 36.026157 0.032 2.0 31.0
-12.03515 36.026157 0.033 1.0 32.0
-12.7084465 37.15768 0.033 1.0 32.0
-12.7084465 37.15768 0.034 0.0 33.0
-12.7084465 38.47437 0.034 0.0 33.0
-12.7084465 38.47437 0.035 0.0 34.0
-12.7084465 39.791058 0.035 0.0 34.0
-12.7084465 37.15768 0.036 0.0 33.0
-13.865667 37.78578 0.036 0.0 33.0
-13.865667 37.78578 0.037 0.0 34.0
-15.022888 38.413883 0.037 0.0 34.0
-10.015259 32.631588 0.038 8.0 29.0
-11.17248 33.25969 0.038 8.0 29.0
-11.17248 33.25969 0.039 7.0 30.0
-12.3297 33.88779 0.039 7.0 30.0
-12.3297 33.88779 0.040 6.0 31.0
-13.486921 34.515892 0.040 6.0 31.0
-13.486921 34.515892 0.041 5.0 32.0
-14.644142 35.143993 0.041 5.0 32.0
-14.644142 35.143993 0.042 4.0 33.0
-15.317439 36.275517 0.042 4.0 33.0
-15.317439 36.275517 0.043 3.0 34.0
-15.990736 37.40704 0.043 3.0 34.0
-15.990736 37.40704 0.044 0.0 35.0
-17.147957 38.03514 0.044 0.0 35.0
-17.147957 38.03514 0.045 0.0 36.0
-18.305178 38.663242 0.045 0.0 36.0
-15.990736 37.40704 0.046 2.0 35.0
-16.664032 38.538563 0.046 2.0 35.0
-16.664032 38.538563 0.047 1.0 36.0
-17.33733 39.670086 0.047 1.0 36.0
-17.33733 39.670086 0.048 0.0 37.0
-17.33733 40.986774 0.048 0.0 37.0
-17.33733 40.986774 0.049 0.0 38.0
-17.33733 42.303463 0.049 0.0 38.0
-17.33733 39.670086 0.050 0.0 37.0
-18.49455 40.298187 0.050 0.0 37.0
-18.49455 40.298187 0.051 0.0 38.0
-19.651772 40.92629 0.051 0.0 38.0
-14.644142 35.143993 0.052 4.0 33.0
-15.959805 35.09201 0.052 4.0 33.0
-15.959805 35.09201 0.053 3.0 34.0
-17.275467 35.040028 0.053 3.0 34.0
-17.275467 35.040028 0.054 0.0 35.0
-18.379524 34.322582 0.054 0.0 35.0
-18.379524 34.322582 0.055 0.0 36.0
-19.483582 33.605137 0.055 0.0 36.0
-17.275467 35.040028 0.056 2.0 35.0
-18.59113 34.988045 0.056 2.0 35.0
-18.59113 34.988045 0.057 1.0 36.0
-19.906792 34.93606 0.057 1.0 36.0
-19.906792 34.93606 0.058 0.0 37.0
-21.064013 35.564163 0.058 0.0 37.0
-21.064013 35.564163 0.059 0.0 38.0
-22.221233 36.192265 0.059 0.0 38.0
-19.906792 34.93606 0.060 0.0 37.0
-21.010849 34.218616 0.060 0.0 37.0
-21.010849 34.218616 0.061 0.0 38.0
-22.114906 33.50117 0.061 0.0 38.0
-5.3863754 30.119188 0.062 20.0 25.0
-6.0596724 31.25071 0.062 20.0 25.0
-6.0596724 31.25071 0.063 19.0 26.0
-6.7329693 32.382233 0.063 19.0 26.0
-6.7329693 32.382233 0.064 18.0 27.0
-7.406266 33.513756 0.064 18.0 27.0
-7.406266 33.513756 0.065 17.0 28.0
-8.079563 34.64528 0.065 17.0 28.0
-8.079563 34.64528 0.066 16.0 29.0
-8.75286 35.776802 0.066 16.0 29.0
-8.75286 35.776802 0.067 15.0 30.0
-9.426157 36.908325 0.067 15.0 30.0
-9.426157 36.908325 0.068 14.0 31.0
-10.099454 38.03985 0.068 14.0 31.0
-10.099454 38.03985 0.069 13.0 32.0
-10.772751 39.17137 0.069 13.0 32.0
-10.772751 39.17137 0.070 12.0 33.0
-10.772751 40.48806 0.070 12.0 33.0
-10.772751 40.48806 0.071 11.0 34.0
-10.772751 41.80475 0.071 11.0 34.0
-10.772751 41.80475 0.072 10.0 35.0
-10.772751 43.121437 0.072 10.0 35.0
-10.772751 43.121437 0.073 9.0 36.0
-10.772751 44.438126 0.073 9.0 36.0
-10.772751 44.438126 0.074 4.0 37.0
-10.099454 45.56965 0.074 4.0 37.0
-10.099454 45.56965 0.075 3.0 38.0
-9.426157 46.70117 0.075 3.0 38.0
-9.426157 46.70117 0.076 0.0 39.0
-9.426157 48.01786 0.076 0.0 39.0
-9.426157 48.01786 0.077 0.0 40.0
-9.426157 49.33455 0.077 0.0 40.0
-9.426157 46.70117 0.078 2.0 39.0
-8.75286 47.832695 0.078 2.0 39.0
-8.75286 47.832695 0.079 1.0 40.0
-8.079563 48.96422 0.079 1.0 40.0
-8.079563 48.96422 0.080 0.0 41.0
-6.9223423 49.59232 0.080 0.0 41.0
-6.9223423 49.59232 0.081 0.0 42.0
-5.7651215 50.22042 0.081 0.0 42.0
-8.079563 48.96422 0.082 0.0 41.0
-8.079563 50.280907 0.082 0.0 41.0
-8.079563 50.280907 0.083 0.0 42.0
-8.079563 51.597595 0.083 0.0 42.0
-10.772751 44.438126 0.084 8.0 37.0
-10.772751 45.754814 0.084 8.0 37.0
-10.772751 45.754814 0.085 7.0 38.0
-10.772751 47.071503 0.085 7.0 38.0
-10.772751 47.071503 0.086 6.0 39.0
-10.772751 48.38819 0.086 6.0 39.0
-10.772751 48.38819 0.087 5.0 40.0
-10.772751 49.70488 0.087 5.0 40.0
-10.772751 49.70488 0.088 4.0 41.0
-10.099454 50.836403 0.088 4.0 41.0
-10.099454 50.836403 0.089 3.0 42.0
-9.426157 51.967926 0.089 3.0 42.0
-9.426157 51.967926 0.090 0.0 43.0
-9.426157 53.284615 0.090 0.0 43.0
-9.426157 53.284615 0.091 0.0 44.0
-9.426157 54.601303 0.091 0.0 44.0
-9.426157 51.967926 0.092 2.0 43.0
-8.75286 53.09945 0.092 2.0 43.0
-8.75286 53.09945 0.093 1.0 44.0
-8.079563 54.230972 0.093 1.0 44.0
-8.079563 54.230972 0.094 0.0 45.0
-6.9223423 54.859074 0.094 0.0 45.0
-6.9223423 54.859074 0.095 0.0 46.0
-5.7651215 55.487175 0.095 0.0 46.0
-8.079563 54.230972 0.096 0.0 45.0
-8.079563 55.54766 0.096 0.0 45.0
-8.079563 55.54766 0.097 0.0 46.0
-8.079563 56.86435 0.097 0.0 46.0
-10.772751 49.70488 0.098 4.0 41.0
-11.446048 50.836403 0.098 4.0 41.0
-11.446048 50.836403 0.099 3.0 42.0
-12.119345 51.967926 0.099 3.0 42.0
-12.119345 51.967926 0.0100 0.0 43.0
-13.276566 52.596027 0.0100 0.0 43.0
-13.276566 52.596027 0.0101 0.0 44.0
-14.433786 53.22413 0.0101 0.0 44.0
-12.119345 51.967926 0.0102 2.0 43.0
-12.792642 53.09945 0.0102 2.0 43.0
-12.792642 53.09945 0.0103 1.0 44.0
-13.465939 54.230972 0.0103 1.0 44.0
-13.465939 54.230972 0.0104 0.0 45.0
-13.465939 55.54766 0.0104 0.0 45.0
-13.465939 55.54766 0.0105 0.0 46.0
-13.465939 56.86435 0.0105 0.0 46.0
-13.465939 54.230972 0.0106 0.0 45.0
-14.623159 54.859074 0.0106 0.0 45.0
-14.623159 54.859074 0.0107 0.0 46.0
-15.78038 55.487175 0.0107 0.0 46.0
-10.772751 39.17137 0.0108 12.0 33.0
-11.929972 39.799473 0.0108 12.0 33.0
-11.929972 39.799473 0.0109 11.0 34.0
-13.087193 40.427574 0.0109 11.0 34.0
-13.087193 40.427574 0.0110 10.0 35.0
-14.244413 41.055676 0.0110 10.0 35.0
-14.244413 41.055676 0.0111 9.0 36.0
-15.401634 41.683777 0.0111 9.0 36.0
-15.401634 41.683777 0.0112 4.0 37.0
-16.074932 42.8153 0.0112 4.0 37.0
-16.074932 42.8153 0.0113 3.0 38.0
-16.74823 43.946823 0.0113 3.0 38.0
-16.74823 43.946823 0.0114 0.0 39.0
-17.90545 44.574924 0.0114 0.0 39.0
-17.90545 44.574924 0.0115 0.0 40.0
-19.062672 45.203026 0.0115 0.0 40.0
-16.74823 43.946823 0.0116 2.0 39.0
-17.421528 45.078346 0.0116 2.0 39.0
-17.421528 45.078346 0.0117 1.0 40.0
-18.094826 46.20987 0.0117 1.0 40.0
-18.094826 46.20987 0.0118 0.0 41.0
-18.094826 47.526558 0.0118 0.0 41.0
-18.094826 47.526558 0.0119 0.0 42.0
-18.094826 48.843246 0.0119 0.0 42.0
-18.094826 46.20987 0.0120 0.0 41.0
-19.252047 46.83797 0.0120 0.0 41.0
-19.252047 46.83797 0.0121 0.0 42.0
-20.409267 47.466072 0.0121 0.0 42.0
-15.401634 41.683777 0.0122 8.0 37.0
-16.558855 42.31188 0.0122 8.0 37.0
-16.558855 42.31188 0.0123 7.0 38.0
-17.716076 42.93998 0.0123 7.0 38.0
-17.716076 42.93998 0.0124 6.0 39.0
-18.873297 43.56808 0.0124 6.0 39.0
-18.873297 43.56808 0.0125 5.0 40.0
-20.030518 44.196182 0.0125 5.0 40.0
-20.030518 44.196182 0.0126 4.0 41.0
-20.703815 45.327705 0.0126 4.0 41.0
-20.703815 45.327705 0.0127 3.0 42.0
-21.377113 46.45923 0.0127 3.0 42.0
-21.377113 46.45923 0.0128 0.0 43.0
-22.534334 47.08733 0.0128 0.0 43.0
-22.534334 47.08733 0.0129 0.0 44.0
-23.691555 47.71543 0.0129 0.0 44.0
-21.377113 46.45923 0.0130 2.0 43.0
-22.050411 47.59075 0.0130 2.0 43.0
-22.050411 47.59075 0.0131 1.0 44.0
-22.72371 48.722275 0.0131 1.0 44.0
-22.72371 48.722275 0.0132 0.0 45.0
-22.72371 50.038963 0.0132 0.0 45.0
-22.72371 50.038963 0.0133 0.0 46.0
-22.72371 51.35565 0.0133 0.0 46.0
-22.72371 48.722275 0.0134 0.0 45.0
-23.88093 49.350376 0.0134 0.0 45.0
-23.88093 49.350376 0.0135 0.0 46.0
-25.03815 49.978477 0.0135 0.0 46.0
-20.030518 44.196182 0.0136 4.0 41.0
-21.34618 44.1442 0.0136 4.0 41.0
-21.34618 44.1442 0.0137 3.0 42.0
-22.661842 44.092216 0.0137 3.0 42.0
-22.661842 44.092216 0.0138 0.0 43.0
-23.7659 43.37477 0.0138 0.0 43.0
-23.7659 43.37477 0.0139 0.0 44.0
-24.869957 42.657326 0.0139 0.0 44.0
-22.661842 44.092216 0.0140 2.0 43.0
-23.977505 44.040234 0.0140 2.0 43.0
-23.977505 44.040234 0.0141 1.0 44.0
-25.293167 43.98825 0.0141 1.0 44.0
-25.293167 43.98825 0.0142 0.0 45.0
-26.450388 44.616352 0.0142 0.0 45.0
-26.450388 44.616352 0.0143 0.0 46.0
-27.607609 45.244453 0.0143 0.0 46.0
-25.293167 43.98825 0.0144 0.0 45.0
-26.397224 43.270805 0.0144 0.0 45.0
-26.397224 43.270805 0.0145 0.0 46.0
-27.501282 42.55336 0.0145 0.0 46.0
0.0 21.067019 0.0146 44.0 17.0
0.0 22.383707 0.0146 44.0 17.0
0.0 22.383707 0.0147 43.0 18.0
0.0 23.700396 0.0147 43.0 18.0
0.0 23.700396 0.0148 42.0 19.0
0.0 25.017084 0.0148 42.0 19.0
0.0 25.017084 0.0149 41.0 20.0
0.0 26.333773 0.0149 41.0 20.0
0.0 26.333773 0.0150 40.0 21.0
0.0 27.650461 0.0150 40.0 21.0
0.0 27.650461 0.0151 39.0 22.0
0.0 28.96715 0.0151 39.0 22.0
0.0 28.96715 0.0152 38.0 23.0
0.0 30.283838 0.0152 38.0 23.0
0.0 30.283838 0.0153 37.0 24.0
0.0 31.600527 0.0153 37.0 24.0
0.0 31.600527 0.0154 36.0 25.0
0.0 32.917217 0.0154 36.0 25.0
0.0 32.917217 0.0155 35.0 26.0
0.0 34.233906 0.0155 35.0 26.0
0.0 34.233906 0.0156 34.0 27.0
0.0 35.550594 0.0156 34.0 27.0
0.0 35.550594 0.0157 33.0 28.0
0.0 36.867283 0.0157 33.0 28.0
0.0 36.867283 0.0158 32.0 29.0
0.0 38.18397 0.0158 32.0 29.0
0.0 38.18397 0.0159 31.0 30.0
0.0 39.50066 0.0159 31.0 30.0
0.0 39.50066 0.0160 30.0 31.0
0.0 40.81735 0.0160 30.0 31.0
0.0 40.81735 0.0161 29.0 32.0
0.0 42.134037 0.0161 29.0 32.0
0.0 42.134037 0.0162 28.0 33.0
0.6732969 43.26556 0.0162 28.0 33.0
0.6732969 43.26556 0.0163 27.0 34.0
1.3465939 44.397083 0.0163 27.0 34.0
1.3465939 44.397083 0.0164 26.0 35.0
2.0198908 45.528606 0.0164 26.0 35.0
2.0198908 45.528606 0.0165 25.0 36.0
2.6931877 46.66013 0.0165 25.0 36.0
2.6931877 46.66013 0.0166 24.0 37.0
3.3664846 47.791653 0.0166 24.0 37.0
3.3664846 47.791653 0.0167 23.0 38.0
4.0397816 48.923176 0.0167 23.0 38.0
4.0397816 48.923176 0.0168 22.0 39.0
4.7130785 50.0547 0.0168 22.0 39.0
4.7130785 50.0547 0.0169 21.0 40.0
5.3863754 51.186222 0.0169 21.0 40.0
5.3863754 51.186222 0.0170 12.0 41.0
5.3863754 52.50291 0.0170 12.0 41.0
5.3863754 52.50291 0.0171 11.0 42.0
5.3863754 53.8196 0.0171 11.0 42.0
5.3863754 53.8196 0.0172 10.0 43.0
5.3863754 55.136288 0.0172 10.0 43.0
5.3863754 55.136288 0.0173 9.0 44.0
5.3863754 56.452976 0.0173 9.0 44.0
5.3863754 56.452976 0.0174 4.0 45.0
6.0596724 57.5845 0.0174 4.0 45.0
6.0596724 57.5845 0.0175 3.0 46.0
6.7329693 58.716022 0.0175 3.0 46.0
6.7329693 58.716022 0.0176 0.0 47.0
6.7329693 60.03271 0.0176 0.0 47.0
6.7329693 60.03271 0.0177 0.0 48.0
6.7329693 61.3494 0.0177 0.0 48.0
6.7329693 58.716022 0.0178 2.0 47.0
7.406266 59.847546 0.0178 2.0 47.0
7.406266 59.847546 0.0179 1.0 48.0
8.079563 60.97907 0.0179 1.0 48.0
8.079563 60.97907 0.0180 0.0 49.0
9.236784 61.60717 0.0180 0.0 49.0
9.236784 61.60717 0.0181 0.0 50.0
10.394005 62.23527 0.0181 0.0 50.0
8.079563 60.97907 0.0182 0.0 49.0
8.079563 62.295757 0.0182 0.0 49.0
8.079563 62.295757 0.0183 0.0 50.0
8.079563 63.612446 0.0183 0.0 50.0
5.3863754 56.452976 0.0184 8.0 45.0
5.3863754 57.769665 0.0184 8.0 45.0
5.3863754 57.769665 0.0185 7.0 46.0
5.3863754 59.086353 0.0185 7.0 46.0
5.3863754 59.086353 0.0186 6.0 47.0
5.3863754 60.40304 0.0186 6.0 47.0
5.3863754 60.40304 0.0187 5.0 48.0
5.3863754 61.71973 0.0187 5.0 48.0
5.3863754 61.71973 0.0188 4.0 49.0
6.0596724 62.851254 0.0188 4.0 49.0
6.0596724 62.851254 0.0189 3.0 50.0
6.7329693 63.982777 0.0189 3.0 50.0
6.7329693 63.982777 0.0190 0.0 51.0
6.7329693 65.29947 0.0190 0.0 51.0
6.7329693 65.29947 0.0191 0.0 52.0
6.7329693 66.61616 0.0191 0.0 52.0
6.7329693 63.982777 0.0192 2.0 51.0
7.406266 65.114296 0.0192 2.0 51.0
7.406266 65.114296 0.0193 1.0 52.0
8.079563 66.24582 0.0193 1.0 52.0
8.079563 66.24582 0.0194 0.0 53.0
9.236784 66.87392 0.0194 0.0 53.0
9.236784 66.87392 0.0195 0.0 54.0
10.394005 67.502014 0.0195 0.0 54.0
8.079563 66.24582 0.0196 0.0 53.0
8.079563 67.56251 0.0196 0.0 53.0
8.079563 67.56251 0.0197 0.0 54.0
8.079563 68.879196 0.0197 0.0 54.0
5.3863754 61.71973 0.0198 4.0 49.0
4.7130785 62.851254 0.0198 4.0 49.0
4.7130785 62.851254 0.0199 3.0 50.0
4.0397816 63.982777 0.0199 3.0 50.0
4.0397816 63.982777 0.0200 0.0 51.0
2.8825607 64.61088 0.0200 0.0 51.0
2.8825607 64.61088 0.0201 0.0 52.0
1.7253399 65.238976 0.0201 0.0 52.0
4.0397816 63.982777 0.0202 2.0 51.0
3.3664846 65.114296 0.0202 2.0 51.0
3.3664846 65.114296 0.0203 1.0 52.0
2.6931877 66.24582 0.0203 1.0 52.0
2.6931877 66.24582 0.0204 0.0 53.0
2.6931877 67.56251 0.0204 0.0 53.0
2.6931877 67.56251 0.0205 0.0 54.0
2.6931877 68.879196 0.0205 0.0 54.0
2.6931877 66.24582 0.0206 0.0 53.0
1.5359669 66.87392 0.0206 0.0 53.0
1.5359669 66.87392 0.0207 0.0 54.0
0.37874603 67.502014 0.0207 0.0 54.0
5.3863754 51.186222 0.0208 20.0 41.0
6.0596724 52.317745 0.0208 20.0 41.0
6.0596724 52.317745 0.0209 19.0 42.0
6.7329693 53.44927 0.0209 19.0 42.0
6.7329693 53.44927 0.0210 18.0 43.0
7.406266 54.58079 0.0210 18.0 43.0
7.406266 54.58079 0.0211 17.0 44.0
8.079563 55.712315 0.0211 17.0 44.0
8.079563 55.712315 0.0212 16.0 45.0
8.75286 56.843838 0.0212 16.0 45.0
8.75286 56.843838 0.0213 15.0 46.0
9.426157 57.97536 0.0213 15.0 46.0
9.426157 57.97536 0.0214 14.0 47.0
10.099454 59.106884 0.0214 14.0 47.0
10.099454 59.106884 0.0215 13.0 48.0
10.772751 60.238407 0.0215 13.0 48.0
10.772751 60.238407 0.0216 12.0 49.0
11.929972 60.86651 0.0216 12.0 49.0
11.929972 60.86651 0.0217 11.0 50.0
13.087193 61.49461 0.0217 11.0 50.0
13.087193 61.49461 0.0218 10.0 51.0
14.244413 62.12271 0.0218 10.0 51.0
14.244413 62.12271 0.0219 9.0 52.0
15.401634 62.750813 0.0219 9.0 52.0
15.401634 62.750813 0.0220 4.0 53.0
16.717297 62.69883 0.0220 4.0 53.0
16.717297 62.69883 0.0221 3.0 54.0
18.032959 62.646847 0.0221 3.0 54.0
18.032959 62.646847 0.0222 0.0 55.0
19.19018 63.27495 0.0222 0.0 55.0
19.19018 63.27495 0.0223 0.0 56.0
20.3474 63.90305 0.0223 0.0 56.0
18.032959 62.646847 0.0224 2.0 55.0
19.348621 62.594864 0.0224 2.0 55.0
19.348621 62.594864 0.0225 1.0 56.0
20.664284 62.54288 0.0225 1.0 56.0
20.664284 62.54288 0.0226 0.0 57.0
21.768341 61.825436 0.0226 0.0 57.0
21.768341 61.825436 0.0227 0.0 58.0
22.872398 61.10799 0.0227 0.0 58.0
20.664284 62.54288 0.0228 0.0 57.0
21.821505 63.170982 0.0228 0.0 57.0
21.821505 63.170982 0.0229 0.0 58.0
22.978725 63.799084 0.0229 0.0 58.0
15.401634 62.750813 0.0230 8.0 53.0
16.558855 63.378914 0.0230 8.0 53.0
16.558855 63.378914 0.0231 7.0 54.0
17.716076 64.00701 0.0231 7.0 54.0
17.716076 64.00701 0.0232 6.0 55.0
18.873297 64.63511 0.0232 6.0 55.0
18.873297 64.63511 0.0233 5.0 56.0
20.030518 65.26321 0.0233 5.0 56.0
20.030518 65.26321 0.0234 4.0 57.0
21.34618 65.21123 0.0234 4.0 57.0
21.34618 65.21123 0.0235 3.0 58.0
22.661842 65.15925 0.0235 3.0 58.0
22.661842 65.15925 0.0236 0.0 59.0
23.819063 65.787346 0.0236 0.0 59.0
23.819063 65.787346 0.0237 0.0 60.0
24.976284 66.41544 0.0237 0.0 60.0
22.661842 65.15925 0.0238 2.0 59.0
23.977505 65.10727 0.0238 2.0 59.0
23.977505 65.10727 0.0239 1.0 60.0
25.293167 65.05529 0.0239 1.0 60.0
25.293167 65.05529 0.0240 0.0 61.0
26.397224 64.337845 0.0240 0.0 61.0
26.397224 64.337845 0.0241 0.0 62.0
27.501282 63.6204 0.0241 0.0 62.0
25.293167 65.05529 0.0242 0.0 61.0
26.450388 65.68339 0.0242 0.0 61.0
26.450388 65.68339 0.0243 0.0 62.0
27.607609 66.311485 0.0243 0.0 62.0
20.030518 65.26321 0.0244 4.0 57.0
20.703815 66.39473 0.0244 4.0 57.0
20.703815 66.39473 0.0245 3.0 58.0
21.377113 67.52625 0.0245 3.0 58.0
21.377113 67.52625 0.0246 0.0 59.0
21.377113 68.84294 0.0246 0.0 59.0
21.377113 68.84294 0.0247 0.0 60.0
21.377113 70.15963 0.0247 0.0 60.0
21.377113 67.52625 0.0248 2.0 59.0
22.050411 68.657776 0.0248 2.0 59.0
22.050411 68.657776 0.0249 1.0 60.0
22.72371 69.7893 0.0249 1.0 60.0
22.72371 69.7893 0.0250 0.0 61.0
23.88093 70.4174 0.0250 0.0 61.0
23.88093 70.4174 0.0251 0.0 62.0
25.03815 71.045494 0.0251 0.0 62.0
22.72371 69.7893 0.0252 0.0 61.0
22.72371 71.10599 0.0252 0.0 61.0
22.72371 71.10599 0.0253 0.0 62.0
22.72371 72.422676 0.0253 0.0 62.0
10.772751 60.238407 0.0254 12.0 49.0
10.772751 61.555096 0.0254 12.0 49.0
10.772751 61.555096 0.0255 11.0 50.0
10.772751 62.871784 0.0255 11.0 50.0
10.772751 62.871784 0.0256 10.0 51.0
10.772751 64.18848 0.0256 10.0 51.0
10.772751 64.18848 0.0257 9.0 52.0
10.772751 65.505165 0.0257 9.0 52.0
10.772751 65.505165 0.0258 4.0 53.0
11.446048 66.63669 0.0258 4.0 53.0
11.446048 66.63669 0.0259 3.0 54.0
12.119345 67.76821 0.0259 3.0 54.0
12.119345 67.76821 0.0260 0.0 55.0
12.119345 69.0849 0.0260 0.0 55.0
12.119345 69.0849 0.0261 0.0 56.0
12.119345 70.40159 0.0261 0.0 56.0
12.119345 67.76821 0.0262 2.0 55.0
12.792642 68.899734 0.0262 2.0 55.0
12.792642 68.899734 0.0263 1.0 56.0
13.465939 70.03126 0.0263 1.0 56.0
13.465939 70.03126 0.0264 0.0 57.0
14.623159 70.659355 0.0264 0.0 57.0
14.623159 70.659355 0.0265 0.0 58.0
15.78038 71.28745 0.0265 0.0 58.0
13.465939 70.03126 0.0266 0.0 57.0
13.465939 71.347946 0.0266 0.0 57.0
13.465939 71.347946 0.0267 0.0 58.0
13.465939 72.664635 0.0267 0.0 58.0
10.772751 65.505165 0.0268 8.0 53.0
10.772751 66.82185 0.0268 8.0 53.0
10.772751 66.82185 0.0269 7.0 54.0
10.772751 68.13854 0.0269 7.0 54.0
10.772751 68.13854 0.0270 6.0 55.0
10.772751 69.45523 0.0270 6.0 55.0
10.772751 69.45523 0.0271 5.0 56.0
10.772751 70.77192 0.0271 5.0 56.0
10.772751 70.77192 0.0272 4.0 57.0
11.446048 71.90344 0.0272 4.0 57.0
11.446048 71.90344 0.0273 3.0 58.0
12.119345 73.034966 0.0273 3.0 58.0
12.119345 73.034966 0.0274 0.0 59.0
12.119345 74.351654 0.0274 0.0 59.0
12.119345 74.351654 0.0275 0.0 60.0
12.119345 75.66834 0.0275 0.0 60.0
12.119345 73.034966 0.0276 2.0 59.0
12.792642 74.16649 0.0276 2.0 59.0
12.792642 74.16649 0.0277 1.0 60.0
13.465939 75.29801 0.0277 1.0 60.0
13.465939 75.29801 0.0278 0.0 61.0
14.623159 75.92611 0.0278 0.0 61.0
14.623159 75.92611 0.0279 0.0 62.0
15.78038 76.55421 0.0279 0.0 62.0
13.465939 75.29801 0.0280 0.0 61.0
13.465939 76.6147 0.0280 0.0 61.0
13.465939 76.6147 0.0281 0.0 62.0
13.465939 77.93139 0.0281 0.0 62.0
10.772751 70.77192 0.0282 4.0 57.0
10.099454 71.90344 0.0282 4.0 57.0
10.099454 71.90344 0.0283 3.0 58.0
9.426157 73.034966 0.0283 3.0 58.0
9.426157 73.034966 0.0284 0.0 59.0
8.268936 73.66306 0.0284 0.0 59.0
8.268936 73.66306 0.0285 0.0 60.0
7.1117153 74.29116 0.0285 0.0 60.0
9.426157 73.034966 0.0286 2.0 59.0
8.75286 74.16649 0.0286 2.0 59.0
8.75286 74.16649 0.0287 1.0 60.0
8.079563 75.29801 0.0287 1.0 60.0
8.079563 75.29801 0.0288 0.0 61.0
8.079563 76.6147 0.0288 0.0 61.0
8.079563 76.6147 0.0289 0.0 62.0
8.079563 77.93139 0.0289 0.0 62.0
8.079563 75.29801 0.0290 0.0 61.0
6.9223423 75.92611 0.0290 0.0 61.0
6.9223423 75.92611 0.0291 0.0 62.0
5.7651215 76.55421 0.0291 0.0 62.0
0.0 42.134037 0.0292 28.0 33.0
-0.6732969 43.26556 0.0292 28.0 33.0
-0.6732969 43.26556 0.0293 27.0 34.0
-1.3465939 44.397083 0.0293 27.0 34.0
-1.3465939 44.397083 0.0294 26.0 35.0
-2.0198908 45.528606 0.0294 26.0 35.0
-2.0198908 45.528606 0.0295 25.0 36.0
-2.6931877 46.66013 0.0295 25.0 36.0
-2.6931877 46.66013 0.0296 24.0 37.0
-3.3664846 47.791653 0.0296 24.0 37.0
-3.3664846 47.791653 0.0297 23.0 38.0
-4.0397816 48.923176 0.0297 23.0 38.0
-4.0397816 48.923176 0.0298 22.0 39.0
-4.7130785 50.0547 0.0298 22.0 39.0
-4.7130785 50.0547 0.0299 21.0 40.0
-5.3863754 51.186222 0.0299 21.0 40.0
-5.3863754 51.186222 0.0300 12.0 41.0
-6.5435963 51.814323 0.0300 12.0 41.0
-6.5435963 51.814323 0.0301 11.0 42.0
-7.700817 52.442425 0.0301 11.0 42.0
-7.700817 52.442425 0.0302 10.0 43.0
-8.858038 53.070526 0.0302 10.0 43.0
-8.858038 53.070526 0.0303 9.0 44.0
-10.015259 53.698627 0.0303 9.0 44.0
-10.015259 53.698627 0.0304 4.0 45.0
-10.688556 54.83015 0.0304 4.0 45.0
-10.688556 54.83015 0.0305 3.0 46.0
-11.361853 55.961674 0.0305 3.0 46.0
-11.361853 55.961674 0.0306 0.0 47.0
-12.5190735 56.589775 0.0306 0.0 47.0
-12.5190735 56.589775 0.0307 0.0 48.0
-13.676294 57.217876 0.0307 0.0 48.0
-11.361853 55.961674 0.0308 2.0 47.0
-12.03515 57.093197 0.0308 2.0 47.0
-12.03515 57.093197 0.0309 1.0 48.0
-12.7084465 58.22472 0.0309 1.0 48.0
-12.7084465 58.22472 0.0310 0.0 49.0
-12.7084465 59.54141 0.0310 0.0 49.0
-12.7084465 59.54141 0.0311 0.0 50.0
-12.7084465 60.858097 0.0311 0.0 50.0
-12.7084465 58.22472 0.0312 0.0 49.0
-13.865667 58.85282 0.0312 0.0 49.0
-13.865667 58.85282 0.0313 0.0 50.0
-15.022888 59.480923 0.0313 0.0 50.0
-10.015259 53.698627 0.0314 8.0 45.0
-11.17248 54.32673 0.0314 8.0 45.0
-11.17248 54.32673 0.0315 7.0 46.0
-12.3297 54.95483 0.0315 7.0 46.0
-12.3297 54.95483 0.0316 6.0 47.0
-13.486921 55.58293 0.0316 6.0 47.0
-13.486921 55.58293 0.0317 5.0 48.0
-14.644142 56.211033 0.0317 5.0 48.0
-14.644142 56.211033 0.0318 4.0 49.0
-15.317439 57.342556 0.0318 4.0 49.0
-15.317439 57.342556 0.0319 3.0 50.0
-15.990736 58.47408 0.0319 3.0 50.0
-15.990736 58.47408 0.0320 0.0 51.0
-17.147957 59.10218 0.0320 0.0 51.0
-17.147957 59.10218 0.0321 0.0 52.0
-18.305178 59.73028 0.0321 0.0 52.0
-15.990736 58.47408 0.0322 2.0 51.0
-16.664032 59.605602 0.0322 2.0 51.0
-16.664032 59.605602 0.0323 1.0 52.0
-17.33733 60.737125 0.0323 1.0 52.0
-17.33733 60.737125 0.0324 0.0 53.0
-17.33733 62.053814 0.0324 0.0 53.0
-17.33733 62.053814 0.0325 0.0 54.0
-17.33733 63.370502 0.0325 0.0 54.0
-17.33733 60.737125 0.0326 0.0 53.0
-18.49455 61.365227 0.0326 0.0 53.0
-18.49455 61.365227 0.0327 0.0 54.0
-19.651772 61.99333 0.0327 0.0 54.0
-14.644142 56.211033 0.0328 4.0 49.0
-15.959805 56.15905 0.0328 4.0 49.0
-15.959805 56.15905 0.0329 3.0 50.0
-17.275467 56.107067 0.0329 3.0 50.0
-17.275467 56.107067 0.0330 0.0 51.0
-18.379524 55.38962 0.0330 0.0 51.0
-18.379524 55.38962 0.0331 0.0 52.0
-19.483582 54.672176 0.0331 0.0 52.0
-17.275467 56.107067 0.0332 2.0 51.0
-18.59113 56.055084 0.0332 2.0 51.0
-18.59113 56.055084 0.0333 1.0 52.0
-19.906792 56.0031 0.0333 1.0 52.0
-19.906792 56.0031 0.0334 0.0 53.0
-21.064013 56.631203 0.0334 0.0 53.0
-21.064013 56.631203 0.0335 0.0 54.0
-22.221233 57.259304 0.0335 0.0 54.0
-19.906792 56.0031 0.0336 0.0 53.0
-21.010849 55.285656 0.0336 0.0 53.0
-21.010849 55.285656 0.0337 0.0 54.0
-22.114906 54.56821 0.0337 0.0 54.0
-5.3863754 51.186222 0.0338 20.0 41.0
-6.0596724 52.317745 0.0338 20.0 41.0
-6.0596724 52.317745 0.0339 19.0 42.0
-6.7329693 53.44927 0.0339 19.0 42.0
-6.7329693 53.44927 0.0340 18.0 43.0
-7.406266 54.58079 0.0340 18.0 43.0
-7.406266 54.58079 0.0341 17.0 44.0
-8.079563 55.712315 0.0341 17.0 44.0
-8.079563 55.712315 0.0342 16.0 45.0
-8.75286 56.843838 0.0342 16.0 45.0
-8.75286 56.843838 0.0343 15.0 46.0
-9.426157 57.97536 0.0343 15.0 46.0
-9.426157 57.97536 0.0344 14.0 47.0
-10.099454 59.106884 0.0344 14.0 47.0
-10.099454 59.106884 0.0345 13.0 48.0
-10.772751 60.238407 0.0345 13.0 48.0
-10.772751 60.238407 0.0346 12.0 49.0
-10.772751 61.555096 0.0346 12.0 49.0
-10.772751 61.555096 0.0347 11.0 50.0
-10.772751 62.871784 0.0347 11.0 50.0
-10.772751 62.871784 0.0348 10.0 51.0
-10.772751 64.18848 0.0348 10.0 51.0
-10.772751 64.18848 0.0349 9.0 52.0
-10.772751 65.505165 0.0349 9.0 52.0
-10.772751 65.505165 0.0350 4.0 53.0
-10.099454 66.63669 0.0350 4.0 53.0
-10.099454 66.63669 0.0351 3.0 54.0
-9.426157 67.76821 0.0351 3.0 54.0
-9.426157 67.76821 0.0352 0.0 55.0
-9.426157 69.0849 0.0352 0.0 55.0
-9.426157 69.0849 0.0353 0.0 56.0
-9.426157 70.40159 0.0353 0.0 56.0
-9.426157 67.76821 0.0354 2.0 55.0
-8.75286 68.899734 0.0354 2.0 55.0
-8.75286 68.899734 0.0355 1.0 56.0
-8.079563 70.03126 0.0355 1.0 56.0
-8.079563 70.03126 0.0356 0.0 57.0
-6.9223423 70.659355 0.0356 0.0 57.0
-6.9223423 70.659355 0.0357 0.0 58.0
-5.7651215 71.28745 0.0357 0.0 58.0
-8.079563 70.03126 0.0358 0.0 57.0
-8.079563 71.347946 0.0358 0.0 57.0
-8.079563 71.347946 0.0359 0.0 58.0
-8.079563 72.664635 0.0359 0.0 58.0
-10.772751 65.505165 0.0360 8.0 53.0
-10.772751 66.82185 0.0360 8.0 53.0
-10.772751 66.82185 0.0361 7.0 54.0
-10.772751 68.13854 0.0361 7.0 54.0
-10.772751 68.13854 0.0362 6.0 55.0
-10.772751 69.45523 0.0362 6.0 55.0
-10.772751 69.45523 0.0363 5.0 56.0
-10.772751 70.77192 0.0363 5.0 56.0
-10.772751 70.77192 0.0364 4.0 57.0
-10.099454 71.90344 0.0364 4.0 57.0
-10.099454 71.90344 0.0365 3.0 58.0
-9.426157 73.034966 0.0365 3.0 58.0
-9.426157 73.034966 0.0366 0.0 59.0
-9.426157 74.351654 0.0366 0.0 59.0
-9.426157 74.351654 0.0367 0.0 60.0
-9.426157 75.66834 0.0367 0.0 60.0
-9.426157 73.034966 0.0368 2.0 59.0
-8.75286 74.16649 0.0368 2.0 59.0
-8.75286 74.16649 0.0369 1.0 60.0
-8.079563 75.29801 0.0369 1.0 60.0
-8.079563 75.29801 0.0370 0.0 61.0
-6.9223423 75.92611 0.0370 0.0 61.0
-6.9223423 75.92611 0.0371 0.0 62.0
-5.7651215 76.55421 0.0371 0.0 62.0
-8.079563 75.29801 0.0372 0.0 61.0
-8.079563 76.6147 0.0372 0.0 61.0
-8.079563 76.6147 0.0373 0.0 62.0
-8.079563 77.93139 0.0373 0.0 62.0
-10.772751 70.77192 0.0374 4.0 57.0
-11.446048 71.90344 0.0374 4.0 57.0
-11.446048 71.90344 0.0375 3.0 58.0
-12.119345 73.034966 0.0375 3.0 58.0
-12.119345 73.034966 0.0376 0.0 59.0
-13.276566 73.66306 0.0376 0.0 59.0
-13.276566 73.66306 0.0377 0.0 60.0
-14.433786 74.29116 0.0377 0.0 60.0
-12.119345 73.034966 0.0378 2.0 59.0
-12.792642 74.16649 0.0378 2.0 59.0
-12.792642 74.16649 0.0379 1.0 60.0
-13.465939 75.29801 0.0379 1.0 60.0
-13.465939 75.29801 0.0380 0.0 61.0
-13.465939 76.6147 0.0380 0.0 61.0
-13.465939 76.6147 0.0381 0.0 62.0
-13.465939 77.93139 0.0381 0.0 62.0
-13.465939 75.29801 0.0382 0.0 61.0
-14.623159 75.92611 0.0382 0.0 61.0
-14.623159 75.92611 0.0383 0.0 62.0
-15.78038 76.55421 0.0383 0.0 62.0
-10.772751 60.238407 0.0384 12.0 49.0
-11.929972 60.86651 0.0384 12.0 49.0
-11.929972 60.86651 0.0385 11.0 50.0
-13.087193 61.49461 0.0385 11.0 50.0
-13.087193 61.49461 0.0386 10.0 51.0
-14.244413 62.12271 0.0386 10.0 51.0
-14.244413 62.12271 0.0387 9.0 52.0
-15.401634 62.750813 0.0387 9.0 52.0
-15.401634 62.750813 0.0388 4.0 53.0
-16.074932 63.882336 0.0388 4.0 53.0
-16.074932 63.882336 0.0389 3.0 54.0
-16.74823 65.013855 0.0389 3.0 54.0
-16.74823 65.013855 0.0390 0.0 55.0
-17.90545 65.64195 0.0390 0.0 55.0
-17.90545 65.64195 0.0391 0.0 56.0
-19.062672 66.27005 0.0391 0.0 56.0
-16.74823 65.013855 0.0392 2.0 55.0
-17.421528 66.14538 0.0392 2.0 55.0
-17.421528 66.14538 0.0393 1.0 56.0
-18.094826 67.2769 0.0393 1.0 56.0
-18.094826 67.2769 0.0394 0.0 57.0
-18.094826 68.59359 0.0394 0.0 57.0
-18.094826 68.59359 0.0395 0.0 58.0
-18.094826 69.91028 0.0395 0.0 58.0
-18.094826 67.2769 0.0396 0.0 57.0
-19.252047 67.905 0.0396 0.0 57.0
-19.252047 67.905 0.0397 0.0 58.0
-20.409267 68.5331 0.0397 0.0 58.0
-15.401634 62.750813 0.0398 8.0 53.0
-16.558855 63.378914 0.0398 8.0 53.0
-16.558855 63.378914 0.0399 7.0 54.0
-17.716076 64.00701 0.0399 7.0 54.0
-17.716076 64.00701 0.0400 6.0 55.0
-18.873297 64.63511 0.0400 6.0 55.0
-18.873297 64.63511 0.0401 5.0 56.0
-20.030518 65.26321 0.0401 5.0 56.0
-20.030518 65.26321 0.0402 4.0 57.0
-20.703815 66.39473 0.0402 4.0 57.0
-20.703815 66.39473 0.0403 3.0 58.0
-21.377113 67.52625 0.0403 3.0 58.0
-21.377113 67.52625 0.0404 0.0 59.0
-22.534334 68.15435 0.0404 0.0 59.0
-22.534334 68.15435 0.0405 0.0 60.0
-23.691555 68.78245 0.0405 0.0 60.0
-21.377113 67.52625 0.0406 2.0 59.0
-22.050411 68.657776 0.0406 2.0 59.0
-22.050411 68.657776 0.0407 1.0 60.0
-22.72371 69.7893 0.0407 1.0 60.0
-22.72371 69.7893 0.0408 0.0 61.0
-22.72371 71.10599 0.0408 0.0 61.0
-22.72371 71.10599 0.0409 0.0 62.0
-22.72371 72.422676 0.0409 0.0 62.0
-22.72371 69.7893 0.0410 0.0 61.0
-23.88093 70.4174 0.0410 0.0 61.0
-23.88093 70.4174 0.0411 0.0 62.0
-25.03815 71.045494 0.0411 0.0 62.0
-20.030518 65.26321 0.0412 4.0 57.0
-21.34618 65.21123 0.0412 4.0 57.0
-21.34618 65.21123 0.0413 3.0 58.0
-22.661842 65.15925 0.0413 3.0 58.0
-22.661842 65.15925 0.0414 0.0 59.0
-23.7659 64.4418 0.0414 0.0 59.0
-23.7659 64.4418 0.0415 0.0 60.0
-24.869957 63.724358 0.0415 0.0 60.0
-22.661842 65.15925 0.0416 2.0 59.0
-23.977505 65.10727 0.0416 2.0 59.0
-23.977505 65.10727 0.0417 1.0 60.0
-25.293167 65.05529 0.0417 1.0 60.0
-25.293167 65.05529 0.0418 0.0 61.0
-26.450388 65.68339 0.0418 0.0 61.0
-26.450388 65.68339 0.0419 0.0 62.0
-27.607609 66.311485 0.0419 0.0 62.0
-25.293167 65.05529 0.0420 0.0 61.0
-26.397224 64.337845 0.0420 0.0 61.0
-26.397224 64.337845 0.0421 0.0 62.0
-27.501282 63.6204 0.0421 0.0 62.0
