0.0 0.0 0.00 11.0 1.0
0.0 1.5931058 0.00 11.0 1.0
0.0 1.5931058 0.01 10.0 2.0
0.0 3.1862116 0.01 10.0 2.0
0.0 3.1862116 0.02 1.0 3.0
1.5805892 3.38552 0.02 1.0 3.0
1.5805892 3.38552 0.03 0.0 4.0
2.6342654 4.580406 0.03 0.0 4.0
2.6342654 4.580406 0.04 0.0 5.0
2.6342654 6.173512 0.04 0.0 5.0
0.0 3.1862116 0.05 1.0 3.0
-1.0536761 4.381098 0.05 1.0 3.0
-1.0536761 4.381098 0.06 0.0 4.0
-1.0536761 5.9742036 0.06 0.0 4.0
-1.0536761 5.9742036 0.07 0.0 5.0
0.0 7.16909 0.07 0.0 5.0
0.0 3.1862116 0.08 9.0 3.0
0.0 4.7793174 0.08 9.0 3.0
0.0 4.7793174 0.09 8.0 4.0
0.0 6.372423 0.09 8.0 4.0
0.0 6.372423 0.010 1.0 5.0
1.5805892 6.5717316 0.010 1.0 5.0
1.5805892 6.5717316 0.011 0.0 6.0
2.6342654 7.766618 0.011 0.0 6.0
2.6342654 7.766618 0.012 0.0 7.0
2.6342654 9.359724 0.012 0.0 7.0
0.0 6.372423 0.013 1.0 5.0
-1.0536761 7.5673094 0.013 1.0 5.0
-1.0536761 7.5673094 0.014 0.0 6.0
-1.0536761 9.160416 0.014 0.0 6.0
-1.0536761 9.160416 0.015 0.0 7.0
0.0 10.355302 0.015 0.0 7.0
0.0 6.372423 0.016 7.0 5.0
0.0 7.965529 0.016 7.0 5.0
0.0 7.965529 0.017 6.0 6.0
0.0 9.558635 0.017 6.0 6.0
0.0 9.558635 0.018 1.0 7.0
1.5805892 9.757943 0.018 1.0 7.0
1.5805892 9.757943 0.019 0.0 8.0
2.6342654 10.952829 0.019 0.0 8.0
2.6342654 10.952829 0.020 0.0 9.0
2.6342654 12.545935 0.020 0.0 9.0
0.0 9.558635 0.021 1.0 7.0
-1.0536761 10.753521 0.021 1.0 7.0
-1.0536761 10.753521 0.022 0.0 8.0
-1.0536761 12.346626 0.022 0.0 8.0
-1.0536761 12.346626 0.023 0.0 9.0
0.0 13.5415125 0.023 0.0 9.0
0.0 9.558635 0.024 5.0 7.0
-1.0536761 10.753521 0.024 5.0 7.0
-1.0536761 10.753521 0.025 4.0 8.0
-2.1073523 11.948407 0.025 4.0 8.0
-2.1073523 11.948407 0.026 1.0 9.0
-1.0536761 13.143293 0.026 1.0 9.0
-1.0536761 13.143293 0.027 0.0 10.0
-1.0536761 14.736399 0.027 0.0 10.0
-1.0536761 14.736399 0.028 0.0 11.0
-2.1073523 15.931285 0.028 0.0 11.0
-2.1073523 11.948407 0.029 1.0 9.0
-3.6879416 12.147716 0.029 1.0 9.0
-3.6879416 12.147716 0.030 0.0 10.0
-4.7416177 13.342602 0.030 0.0 10.0
-4.7416177 13.342602 0.031 0.0 11.0
-4.7416177 14.935707 0.031 0.0 11.0
-2.1073523 11.948407 0.032 3.0 9.0
-3.6879416 12.147716 0.032 3.0 9.0
-3.6879416 12.147716 0.033 2.0 10.0
-5.268531 12.347024 0.033 2.0 10.0
-5.268531 12.347024 0.034 1.0 11.0
-5.268531 13.94013 0.034 1.0 11.0
-5.268531 13.94013 0.035 0.0 12.0
-6.322207 15.135016 0.035 0.0 12.0
-6.322207 15.135016 0.036 0.0 13.0
-7.9027963 15.334325 0.036 0.0 13.0
-5.268531 12.347024 0.037 1.0 11.0
-6.585851 11.451115 0.037 1.0 11.0
-6.585851 11.451115 0.038 0.0 12.0
-8.16644 11.650423 0.038 0.0 12.0
-8.16644 11.650423 0.039 0.0 13.0
-9.220116 12.845309 0.039 0.0 13.0
0.0 6.372423 0.040 7.0 5.0
-1.3173203 5.476514 0.040 7.0 5.0
-1.3173203 5.476514 0.041 6.0 6.0
-2.6346407 4.5806046 0.041 6.0 6.0
-2.6346407 4.5806046 0.042 1.0 7.0
-3.6883168 5.7754908 0.042 1.0 7.0
-3.6883168 5.7754908 0.043 0.0 8.0
-5.268906 5.974799 0.043 0.0 8.0
-5.268906 5.974799 0.044 0.0 9.0
-6.5862265 5.07889 0.044 0.0 9.0
-2.6346407 4.5806046 0.045 1.0 7.0
-3.0301254 3.0373683 0.045 1.0 7.0
-3.0301254 3.0373683 0.046 0.0 8.0
-4.3474455 2.141459 0.046 0.0 8.0
-4.3474455 2.141459 0.047 0.0 9.0
-5.928035 2.3407674 0.047 0.0 9.0
-2.6346407 4.5806046 0.048 5.0 7.0
-4.21523 4.779913 0.048 5.0 7.0
-4.21523 4.779913 0.049 4.0 8.0
-5.7958193 4.9792213 0.049 4.0 8.0
-5.7958193 4.9792213 0.050 1.0 9.0
-5.7958193 6.572327 0.050 1.0 9.0
-5.7958193 6.572327 0.051 0.0 10.0
-6.8494954 7.7672133 0.051 0.0 10.0
-6.8494954 7.7672133 0.052 0.0 11.0
-8.430084 7.9665217 0.052 0.0 11.0
-5.7958193 4.9792213 0.053 1.0 9.0
-7.1131396 4.083312 0.053 1.0 9.0
-7.1131396 4.083312 0.054 0.0 10.0
-8.693728 4.2826204 0.054 0.0 10.0
-8.693728 4.2826204 0.055 0.0 11.0
-9.747404 5.4775066 0.055 0.0 11.0
-5.7958193 4.9792213 0.056 3.0 9.0
-6.8494954 6.1741076 0.056 3.0 9.0
-6.8494954 6.1741076 0.057 2.0 10.0
-7.9031715 7.3689938 0.057 2.0 10.0
-7.9031715 7.3689938 0.058 1.0 11.0
-6.849495 8.56388 0.058 1.0 11.0
-6.849495 8.56388 0.059 0.0 12.0
-6.849495 10.156986 0.059 0.0 12.0
-6.849495 10.156986 0.060 0.0 13.0
-7.903171 11.351872 0.060 0.0 13.0
-7.9031715 7.3689938 0.061 1.0 11.0
-9.483761 7.568302 0.061 1.0 11.0
-9.483761 7.568302 0.062 0.0 12.0
-10.5374365 8.763188 0.062 0.0 12.0
-10.5374365 8.763188 0.063 0.0 13.0
-10.5374365 10.356295 0.063 0.0 13.0
