0.0 0.0 0.00 43.0 1.0
0.0 1.0265892 0.00 43.0 1.0
0.0 1.0265892 0.01 42.0 2.0
0.0 2.0531783 0.01 42.0 2.0
0.0 2.0531783 0.02 41.0 3.0
0.0 3.0797675 0.02 41.0 3.0
0.0 3.0797675 0.03 40.0 4.0
0.0 4.1063566 0.03 40.0 4.0
0.0 4.1063566 0.04 39.0 5.0
0.0 5.132946 0.04 39.0 5.0
0.0 5.132946 0.05 38.0 6.0
0.0 6.1595354 0.05 38.0 6.0
0.0 6.1595354 0.06 37.0 7.0
0.0 7.186125 0.06 37.0 7.0
0.0 7.186125 0.07 36.0 8.0
0.0 8.212714 0.07 36.0 8.0
0.0 8.212714 0.08 19.0 9.0
0.47318253 9.123749 0.08 19.0 9.0
0.47318253 9.123749 0.09 18.0 10.0
0.94636506 10.034783 0.09 18.0 10.0
0.94636506 10.034783 0.010 17.0 11.0
1.4195476 10.945818 0.010 17.0 11.0
1.4195476 10.945818 0.011 16.0 12.0
1.8927301 11.856853 0.011 16.0 12.0
1.8927301 11.856853 0.012 7.0 13.0
2.7325706 12.447237 0.012 7.0 13.0
2.7325706 12.447237 0.013 6.0 14.0
3.572411 13.0376215 0.013 6.0 14.0
3.572411 13.0376215 0.014 1.0 15.0
4.5898414 13.174446 0.014 1.0 15.0
4.5898414 13.174446 0.015 0.0 16.0
5.6072717 13.311271 0.015 0.0 16.0
5.6072717 13.311271 0.016 0.0 17.0
6.447112 13.901655 0.016 0.0 17.0
3.572411 13.0376215 0.017 1.0 15.0
4.4122515 13.628006 0.017 1.0 15.0
4.4122515 13.628006 0.018 0.0 16.0
5.252092 14.2183895 0.018 0.0 16.0
5.252092 14.2183895 0.019 0.0 17.0
5.7252746 15.129424 0.019 0.0 17.0
3.572411 13.0376215 0.020 5.0 15.0
4.4122515 13.628006 0.020 5.0 15.0
4.4122515 13.628006 0.021 4.0 16.0
5.252092 14.2183895 0.021 4.0 16.0
5.252092 14.2183895 0.022 3.0 17.0
5.7252746 15.129424 0.022 3.0 17.0
5.7252746 15.129424 0.023 2.0 18.0
6.1984572 16.040459 0.023 2.0 18.0
6.1984572 16.040459 0.024 1.0 19.0
6.67164 16.951492 0.024 1.0 19.0
6.67164 16.951492 0.025 0.0 20.0
7.1448226 17.862526 0.025 0.0 20.0
7.1448226 17.862526 0.026 0.0 21.0
7.1448226 18.889114 0.026 0.0 21.0
5.252092 14.2183895 0.027 1.0 17.0
6.269522 14.355214 0.027 1.0 17.0
6.269522 14.355214 0.028 0.0 18.0
7.2869525 14.492039 0.028 0.0 18.0
7.2869525 14.492039 0.029 0.0 19.0
8.126793 15.082422 0.029 0.0 19.0
1.8927301 11.856853 0.030 7.0 13.0
2.9101605 11.993677 0.030 7.0 13.0
2.9101605 11.993677 0.031 6.0 14.0
3.9275908 12.130502 0.031 6.0 14.0
3.9275908 12.130502 0.032 1.0 15.0
4.8935633 11.782964 0.032 1.0 15.0
4.8935633 11.782964 0.033 0.0 16.0
5.8595357 11.435426 0.033 0.0 16.0
5.8595357 11.435426 0.034 0.0 17.0
6.876966 11.57225 0.034 0.0 17.0
3.9275908 12.130502 0.035 1.0 15.0
4.945021 12.267326 0.035 1.0 15.0
4.945021 12.267326 0.036 0.0 16.0
5.9624515 12.404151 0.036 0.0 16.0
5.9624515 12.404151 0.037 0.0 17.0
6.802292 12.994535 0.037 0.0 17.0
3.9275908 12.130502 0.038 5.0 15.0
4.945021 12.267326 0.038 5.0 15.0
4.945021 12.267326 0.039 4.0 16.0
5.9624515 12.404151 0.039 4.0 16.0
5.9624515 12.404151 0.040 3.0 17.0
6.802292 12.994535 0.040 3.0 17.0
6.802292 12.994535 0.041 2.0 18.0
7.6421323 13.584919 0.041 2.0 18.0
7.6421323 13.584919 0.042 1.0 19.0
8.481973 14.1753025 0.042 1.0 19.0
8.481973 14.1753025 0.043 0.0 20.0
9.321814 14.765686 0.043 0.0 20.0
9.321814 14.765686 0.044 0.0 21.0
9.794996 15.676721 0.044 0.0 21.0
5.9624515 12.404151 0.045 1.0 17.0
6.928424 12.056613 0.045 1.0 17.0
6.928424 12.056613 0.046 0.0 18.0
7.8943963 11.709075 0.046 0.0 18.0
7.8943963 11.709075 0.047 0.0 19.0
8.911827 11.8459 0.047 0.0 19.0
1.8927301 11.856853 0.048 15.0 13.0
2.3659127 12.767887 0.048 15.0 13.0
2.3659127 12.767887 0.049 14.0 14.0
2.839095 13.678922 0.049 14.0 14.0
2.839095 13.678922 0.050 13.0 15.0
3.3122776 14.589956 0.050 13.0 15.0
3.3122776 14.589956 0.051 12.0 16.0
3.78546 15.500991 0.051 12.0 16.0
3.78546 15.500991 0.052 11.0 17.0
4.6253004 16.091375 0.052 11.0 17.0
4.6253004 16.091375 0.053 10.0 18.0
5.465141 16.681759 0.053 10.0 18.0
5.465141 16.681759 0.054 9.0 19.0
6.304981 17.272142 0.054 9.0 19.0
6.304981 17.272142 0.055 8.0 20.0
7.1448216 17.862526 0.055 8.0 20.0
7.1448216 17.862526 0.056 7.0 21.0
7.984662 18.45291 0.056 7.0 21.0
7.984662 18.45291 0.057 6.0 22.0
8.824503 19.043293 0.057 6.0 22.0
8.824503 19.043293 0.058 1.0 23.0
9.841933 19.180117 0.058 1.0 23.0
9.841933 19.180117 0.059 0.0 24.0
10.859364 19.31694 0.059 0.0 24.0
10.859364 19.31694 0.060 0.0 25.0
11.699204 19.907324 0.060 0.0 25.0
8.824503 19.043293 0.061 1.0 23.0
9.664344 19.633677 0.061 1.0 23.0
9.664344 19.633677 0.062 0.0 24.0
10.504185 20.22406 0.062 0.0 24.0
10.504185 20.22406 0.063 0.0 25.0
10.977367 21.135094 0.063 0.0 25.0
8.824503 19.043293 0.064 5.0 23.0
9.664344 19.633677 0.064 5.0 23.0
9.664344 19.633677 0.065 4.0 24.0
10.504185 20.22406 0.065 4.0 24.0
10.504185 20.22406 0.066 3.0 25.0
10.977367 21.135094 0.066 3.0 25.0
10.977367 21.135094 0.067 2.0 26.0
11.45055 22.046127 0.067 2.0 26.0
11.45055 22.046127 0.068 1.0 27.0
11.923733 22.95716 0.068 1.0 27.0
11.923733 22.95716 0.069 0.0 28.0
12.396915 23.868195 0.069 0.0 28.0
12.396915 23.868195 0.070 0.0 29.0
12.396915 24.894783 0.070 0.0 29.0
10.504185 20.22406 0.071 1.0 25.0
11.521615 20.360884 0.071 1.0 25.0
11.521615 20.360884 0.072 0.0 26.0
12.539045 20.497707 0.072 0.0 26.0
12.539045 20.497707 0.073 0.0 27.0
13.378886 21.08809 0.073 0.0 27.0
3.78546 15.500991 0.074 7.0 17.0
4.6253004 16.091375 0.074 7.0 17.0
4.6253004 16.091375 0.075 6.0 18.0
5.465141 16.681759 0.075 6.0 18.0
5.465141 16.681759 0.076 1.0 19.0
6.482571 16.818583 0.076 1.0 19.0
6.482571 16.818583 0.077 0.0 20.0
7.5000014 16.955406 0.077 0.0 20.0
7.5000014 16.955406 0.078 0.0 21.0
8.339842 17.54579 0.078 0.0 21.0
5.465141 16.681759 0.079 1.0 19.0
6.304981 17.272142 0.079 1.0 19.0
6.304981 17.272142 0.080 0.0 20.0
7.1448216 17.862526 0.080 0.0 20.0
7.1448216 17.862526 0.081 0.0 21.0
7.6180043 18.77356 0.081 0.0 21.0
5.465141 16.681759 0.082 5.0 19.0
6.304981 17.272142 0.082 5.0 19.0
6.304981 17.272142 0.083 4.0 20.0
7.1448216 17.862526 0.083 4.0 20.0
7.1448216 17.862526 0.084 3.0 21.0
7.6180043 18.77356 0.084 3.0 21.0
7.6180043 18.77356 0.085 2.0 22.0
8.091187 19.684593 0.085 2.0 22.0
8.091187 19.684593 0.086 1.0 23.0
8.564369 20.595627 0.086 1.0 23.0
8.564369 20.595627 0.087 0.0 24.0
9.037552 21.50666 0.087 0.0 24.0
9.037552 21.50666 0.088 0.0 25.0
9.037552 22.533249 0.088 0.0 25.0
7.1448216 17.862526 0.089 1.0 21.0
8.162252 17.99935 0.089 1.0 21.0
8.162252 17.99935 0.090 0.0 22.0
9.179683 18.136173 0.090 0.0 22.0
9.179683 18.136173 0.091 0.0 23.0
10.019524 18.726557 0.091 0.0 23.0
0.0 8.212714 0.092 19.0 9.0
0.8398404 8.803099 0.092 19.0 9.0
0.8398404 8.803099 0.093 18.0 10.0
1.6796808 9.393483 0.093 18.0 10.0
1.6796808 9.393483 0.094 17.0 11.0
2.5195212 9.983868 0.094 17.0 11.0
2.5195212 9.983868 0.095 16.0 12.0
3.3593616 10.574252 0.095 16.0 12.0
3.3593616 10.574252 0.096 7.0 13.0
4.376792 10.711077 0.096 7.0 13.0
4.376792 10.711077 0.097 6.0 14.0
5.3942223 10.847901 0.097 6.0 14.0
5.3942223 10.847901 0.098 1.0 15.0
6.3601947 10.500363 0.098 1.0 15.0
6.3601947 10.500363 0.099 0.0 16.0
7.326167 10.152825 0.099 0.0 16.0
7.326167 10.152825 0.0100 0.0 17.0
8.343597 10.28965 0.0100 0.0 17.0
5.3942223 10.847901 0.0101 1.0 15.0
6.4116526 10.984726 0.0101 1.0 15.0
6.4116526 10.984726 0.0102 0.0 16.0
7.429083 11.121551 0.0102 0.0 16.0
7.429083 11.121551 0.0103 0.0 17.0
8.268924 11.711935 0.0103 0.0 17.0
5.3942223 10.847901 0.0104 5.0 15.0
6.4116526 10.984726 0.0104 5.0 15.0
6.4116526 10.984726 0.0105 4.0 16.0
7.429083 11.121551 0.0105 4.0 16.0
7.429083 11.121551 0.0106 3.0 17.0
8.268924 11.711935 0.0106 3.0 17.0
8.268924 11.711935 0.0107 2.0 18.0
9.108765 12.302319 0.0107 2.0 18.0
9.108765 12.302319 0.0108 1.0 19.0
9.948606 12.892702 0.0108 1.0 19.0
9.948606 12.892702 0.0109 0.0 20.0
10.788446 13.483086 0.0109 0.0 20.0
10.788446 13.483086 0.0110 0.0 21.0
11.261629 14.39412 0.0110 0.0 21.0
7.429083 11.121551 0.0111 1.0 17.0
8.395056 10.774013 0.0111 1.0 17.0
8.395056 10.774013 0.0112 0.0 18.0
9.361029 10.426475 0.0112 0.0 18.0
9.361029 10.426475 0.0113 0.0 19.0
10.378459 10.563299 0.0113 0.0 19.0
3.3593616 10.574252 0.0114 7.0 13.0
4.325334 10.226714 0.0114 7.0 13.0
4.325334 10.226714 0.0115 6.0 14.0
5.2913065 9.879176 0.0115 6.0 14.0
5.2913065 9.879176 0.0116 1.0 15.0
5.9883575 9.125515 0.0116 1.0 15.0
5.9883575 9.125515 0.0117 0.0 16.0
6.6854086 8.371854 0.0117 0.0 16.0
6.6854086 8.371854 0.0118 0.0 17.0
7.651381 8.024316 0.0118 0.0 17.0
5.2913065 9.879176 0.0119 1.0 15.0
6.257279 9.531638 0.0119 1.0 15.0
6.257279 9.531638 0.0120 0.0 16.0
7.2232513 9.1841 0.0120 0.0 16.0
7.2232513 9.1841 0.0121 0.0 17.0
8.240682 9.320925 0.0121 0.0 17.0
5.2913065 9.879176 0.0122 5.0 15.0
6.257279 9.531638 0.0122 5.0 15.0
6.257279 9.531638 0.0123 4.0 16.0
7.2232513 9.1841 0.0123 4.0 16.0
7.2232513 9.1841 0.0124 3.0 17.0
8.240682 9.320925 0.0124 3.0 17.0
8.240682 9.320925 0.0125 2.0 18.0
9.258112 9.457749 0.0125 2.0 18.0
9.258112 9.457749 0.0126 1.0 19.0
10.275542 9.594574 0.0126 1.0 19.0
10.275542 9.594574 0.0127 0.0 20.0
11.292973 9.731399 0.0127 0.0 20.0
11.292973 9.731399 0.0128 0.0 21.0
12.132813 10.321783 0.0128 0.0 21.0
7.2232513 9.1841 0.0129 1.0 17.0
7.9203024 8.430439 0.0129 1.0 17.0
7.9203024 8.430439 0.0130 0.0 18.0
8.617353 7.676778 0.0130 0.0 18.0
8.617353 7.676778 0.0131 0.0 19.0
9.583326 7.32924 0.0131 0.0 19.0
3.3593616 10.574252 0.0132 15.0 13.0
4.199202 11.164637 0.0132 15.0 13.0
4.199202 11.164637 0.0133 14.0 14.0
5.0390425 11.75502 0.0133 14.0 14.0
5.0390425 11.75502 0.0134 13.0 15.0
5.878883 12.345404 0.0134 13.0 15.0
5.878883 12.345404 0.0135 12.0 16.0
6.7187233 12.935787 0.0135 12.0 16.0
6.7187233 12.935787 0.0136 11.0 17.0
7.7361536 13.072612 0.0136 11.0 17.0
7.7361536 13.072612 0.0137 10.0 18.0
8.753584 13.209436 0.0137 10.0 18.0
8.753584 13.209436 0.0138 9.0 19.0
9.771014 13.346261 0.0138 9.0 19.0
9.771014 13.346261 0.0139 8.0 20.0
10.7884445 13.483086 0.0139 8.0 20.0
10.7884445 13.483086 0.0140 7.0 21.0
11.805875 13.61991 0.0140 7.0 21.0
11.805875 13.61991 0.0141 6.0 22.0
12.823305 13.756735 0.0141 6.0 22.0
12.823305 13.756735 0.0142 1.0 23.0
13.789278 13.409197 0.0142 1.0 23.0
13.789278 13.409197 0.0143 0.0 24.0
14.755251 13.061659 0.0143 0.0 24.0
14.755251 13.061659 0.0144 0.0 25.0
15.772681 13.198483 0.0144 0.0 25.0
12.823305 13.756735 0.0145 1.0 23.0
13.840735 13.893559 0.0145 1.0 23.0
13.840735 13.893559 0.0146 0.0 24.0
14.858166 14.030384 0.0146 0.0 24.0
14.858166 14.030384 0.0147 0.0 25.0
15.698007 14.620768 0.0147 0.0 25.0
12.823305 13.756735 0.0148 5.0 23.0
13.840735 13.893559 0.0148 5.0 23.0
13.840735 13.893559 0.0149 4.0 24.0
14.858166 14.030384 0.0149 4.0 24.0
14.858166 14.030384 0.0150 3.0 25.0
15.698007 14.620768 0.0150 3.0 25.0
15.698007 14.620768 0.0151 2.0 26.0
16.537848 15.211151 0.0151 2.0 26.0
16.537848 15.211151 0.0152 1.0 27.0
17.377687 15.801535 0.0152 1.0 27.0
17.377687 15.801535 0.0153 0.0 28.0
18.217527 16.391918 0.0153 0.0 28.0
18.217527 16.391918 0.0154 0.0 29.0
18.69071 17.302952 0.0154 0.0 29.0
14.858166 14.030384 0.0155 1.0 25.0
15.824139 13.682846 0.0155 1.0 25.0
15.824139 13.682846 0.0156 0.0 26.0
16.790112 13.335308 0.0156 0.0 26.0
16.790112 13.335308 0.0157 0.0 27.0
17.80754 13.472133 0.0157 0.0 27.0
6.7187233 12.935787 0.0158 7.0 17.0
7.7361536 13.072612 0.0158 7.0 17.0
7.7361536 13.072612 0.0159 6.0 18.0
8.753584 13.209436 0.0159 6.0 18.0
8.753584 13.209436 0.0160 1.0 19.0
9.719557 12.861898 0.0160 1.0 19.0
9.719557 12.861898 0.0161 0.0 20.0
10.68553 12.51436 0.0161 0.0 20.0
10.68553 12.51436 0.0162 0.0 21.0
11.70296 12.651185 0.0162 0.0 21.0
8.753584 13.209436 0.0163 1.0 19.0
9.771014 13.346261 0.0163 1.0 19.0
9.771014 13.346261 0.0164 0.0 20.0
10.7884445 13.483086 0.0164 0.0 20.0
10.7884445 13.483086 0.0165 0.0 21.0
11.628285 14.073469 0.0165 0.0 21.0
8.753584 13.209436 0.0166 5.0 19.0
9.771014 13.346261 0.0166 5.0 19.0
9.771014 13.346261 0.0167 4.0 20.0
10.7884445 13.483086 0.0167 4.0 20.0
10.7884445 13.483086 0.0168 3.0 21.0
11.628285 14.073469 0.0168 3.0 21.0
11.628285 14.073469 0.0169 2.0 22.0
12.468126 14.663853 0.0169 2.0 22.0
12.468126 14.663853 0.0170 1.0 23.0
13.307967 15.254236 0.0170 1.0 23.0
13.307967 15.254236 0.0171 0.0 24.0
14.147808 15.84462 0.0171 0.0 24.0
14.147808 15.84462 0.0172 0.0 25.0
14.620991 16.755653 0.0172 0.0 25.0
10.7884445 13.483086 0.0173 1.0 21.0
11.754417 13.135548 0.0173 1.0 21.0
11.754417 13.135548 0.0174 0.0 22.0
12.72039 12.78801 0.0174 0.0 22.0
12.72039 12.78801 0.0175 0.0 23.0
13.737821 12.924834 0.0175 0.0 23.0
0.0 8.212714 0.0176 35.0 9.0
0.0 9.239304 0.0176 35.0 9.0
0.0 9.239304 0.0177 34.0 10.0
0.0 10.265893 0.0177 34.0 10.0
0.0 10.265893 0.0178 33.0 11.0
0.0 11.292482 0.0178 33.0 11.0
0.0 11.292482 0.0179 32.0 12.0
0.0 12.319072 0.0179 32.0 12.0
0.0 12.319072 0.0180 31.0 13.0
0.0 13.345661 0.0180 31.0 13.0
0.0 13.345661 0.0181 30.0 14.0
0.0 14.372251 0.0181 30.0 14.0
0.0 14.372251 0.0182 29.0 15.0
0.0 15.39884 0.0182 29.0 15.0
0.0 15.39884 0.0183 28.0 16.0
0.0 16.425428 0.0183 28.0 16.0
0.0 16.425428 0.0184 27.0 17.0
0.47318253 17.336462 0.0184 27.0 17.0
0.47318253 17.336462 0.0185 26.0 18.0
0.94636506 18.247496 0.0185 26.0 18.0
0.94636506 18.247496 0.0186 25.0 19.0
1.4195476 19.15853 0.0186 25.0 19.0
1.4195476 19.15853 0.0187 24.0 20.0
1.8927301 20.069563 0.0187 24.0 20.0
1.8927301 20.069563 0.0188 23.0 21.0
2.3659127 20.980597 0.0188 23.0 21.0
2.3659127 20.980597 0.0189 22.0 22.0
2.839095 21.89163 0.0189 22.0 22.0
2.839095 21.89163 0.0190 21.0 23.0
3.3122776 22.802664 0.0190 21.0 23.0
3.3122776 22.802664 0.0191 20.0 24.0
3.78546 23.713697 0.0191 20.0 24.0
3.78546 23.713697 0.0192 19.0 25.0
4.2586427 24.624731 0.0192 19.0 25.0
4.2586427 24.624731 0.0193 18.0 26.0
4.7318254 25.535765 0.0193 18.0 26.0
4.7318254 25.535765 0.0194 17.0 27.0
5.205008 26.446798 0.0194 17.0 27.0
5.205008 26.446798 0.0195 16.0 28.0
5.6781907 27.357832 0.0195 16.0 28.0
5.6781907 27.357832 0.0196 7.0 29.0
6.518031 27.948215 0.0196 7.0 29.0
6.518031 27.948215 0.0197 6.0 30.0
7.3578715 28.538599 0.0197 6.0 30.0
7.3578715 28.538599 0.0198 1.0 31.0
8.375301 28.675423 0.0198 1.0 31.0
8.375301 28.675423 0.0199 0.0 32.0
9.392732 28.812246 0.0199 0.0 32.0
9.392732 28.812246 0.0200 0.0 33.0
10.232573 29.40263 0.0200 0.0 33.0
7.3578715 28.538599 0.0201 1.0 31.0
8.197712 29.128983 0.0201 1.0 31.0
8.197712 29.128983 0.0202 0.0 32.0
9.037553 29.719366 0.0202 0.0 32.0
9.037553 29.719366 0.0203 0.0 33.0
9.5107355 30.6304 0.0203 0.0 33.0
7.3578715 28.538599 0.0204 5.0 31.0
8.197712 29.128983 0.0204 5.0 31.0
8.197712 29.128983 0.0205 4.0 32.0
9.037553 29.719366 0.0205 4.0 32.0
9.037553 29.719366 0.0206 3.0 33.0
9.5107355 30.6304 0.0206 3.0 33.0
9.5107355 30.6304 0.0207 2.0 34.0
9.983918 31.541433 0.0207 2.0 34.0
9.983918 31.541433 0.0208 1.0 35.0
10.457101 32.45247 0.0208 1.0 35.0
10.457101 32.45247 0.0209 0.0 36.0
10.930284 33.363503 0.0209 0.0 36.0
10.930284 33.363503 0.0210 0.0 37.0
10.930284 34.39009 0.0210 0.0 37.0
9.037553 29.719366 0.0211 1.0 33.0
10.054983 29.85619 0.0211 1.0 33.0
10.054983 29.85619 0.0212 0.0 34.0
11.072413 29.993013 0.0212 0.0 34.0
11.072413 29.993013 0.0213 0.0 35.0
11.912254 30.583397 0.0213 0.0 35.0
5.6781907 27.357832 0.0214 7.0 29.0
6.695621 27.494656 0.0214 7.0 29.0
6.695621 27.494656 0.0215 6.0 30.0
7.7130513 27.63148 0.0215 6.0 30.0
7.7130513 27.63148 0.0216 1.0 31.0
8.679024 27.283941 0.0216 1.0 31.0
8.679024 27.283941 0.0217 0.0 32.0
9.644997 26.936403 0.0217 0.0 32.0
9.644997 26.936403 0.0218 0.0 33.0
10.662427 27.073227 0.0218 0.0 33.0
7.7130513 27.63148 0.0219 1.0 31.0
8.730482 27.768303 0.0219 1.0 31.0
8.730482 27.768303 0.0220 0.0 32.0
9.747912 27.905127 0.0220 0.0 32.0
9.747912 27.905127 0.0221 0.0 33.0
10.587753 28.49551 0.0221 0.0 33.0
7.7130513 27.63148 0.0222 5.0 31.0
8.730482 27.768303 0.0222 5.0 31.0
8.730482 27.768303 0.0223 4.0 32.0
9.747912 27.905127 0.0223 4.0 32.0
9.747912 27.905127 0.0224 3.0 33.0
10.587753 28.49551 0.0224 3.0 33.0
10.587753 28.49551 0.0225 2.0 34.0
11.427594 29.085894 0.0225 2.0 34.0
11.427594 29.085894 0.0226 1.0 35.0
12.267435 29.676277 0.0226 1.0 35.0
12.267435 29.676277 0.0227 0.0 36.0
13.107276 30.26666 0.0227 0.0 36.0
13.107276 30.26666 0.0228 0.0 37.0
13.580459 31.177694 0.0228 0.0 37.0
9.747912 27.905127 0.0229 1.0 33.0
10.713885 27.557589 0.0229 1.0 33.0
10.713885 27.557589 0.0230 0.0 34.0
11.679858 27.21005 0.0230 0.0 34.0
11.679858 27.21005 0.0231 0.0 35.0
12.6972885 27.346874 0.0231 0.0 35.0
5.6781907 27.357832 0.0232 15.0 29.0
6.1513734 28.268866 0.0232 15.0 29.0
6.1513734 28.268866 0.0233 14.0 30.0
6.624556 29.1799 0.0233 14.0 30.0
6.624556 29.1799 0.0234 13.0 31.0
7.0977387 30.090933 0.0234 13.0 31.0
7.0977387 30.090933 0.0235 12.0 32.0
7.5709214 31.001966 0.0235 12.0 32.0
7.5709214 31.001966 0.0236 11.0 33.0
8.410762 31.59235 0.0236 11.0 33.0
8.410762 31.59235 0.0237 10.0 34.0
9.250603 32.182735 0.0237 10.0 34.0
9.250603 32.182735 0.0238 9.0 35.0
10.090443 32.77312 0.0238 9.0 35.0
10.090443 32.77312 0.0239 8.0 36.0
10.930283 33.363506 0.0239 8.0 36.0
10.930283 33.363506 0.0240 7.0 37.0
11.770123 33.95389 0.0240 7.0 37.0
11.770123 33.95389 0.0241 6.0 38.0
12.609962 34.544277 0.0241 6.0 38.0
12.609962 34.544277 0.0242 1.0 39.0
13.627393 34.681103 0.0242 1.0 39.0
13.627393 34.681103 0.0243 0.0 40.0
14.644823 34.81793 0.0243 0.0 40.0
14.644823 34.81793 0.0244 0.0 41.0
15.484664 35.408314 0.0244 0.0 41.0
12.609962 34.544277 0.0245 1.0 39.0
13.449803 35.134663 0.0245 1.0 39.0
13.449803 35.134663 0.0246 0.0 40.0
14.289644 35.725048 0.0246 0.0 40.0
14.289644 35.725048 0.0247 0.0 41.0
14.762827 36.63608 0.0247 0.0 41.0
12.609962 34.544277 0.0248 5.0 39.0
13.449803 35.134663 0.0248 5.0 39.0
13.449803 35.134663 0.0249 4.0 40.0
14.289644 35.725048 0.0249 4.0 40.0
14.289644 35.725048 0.0250 3.0 41.0
14.762827 36.63608 0.0250 3.0 41.0
14.762827 36.63608 0.0251 2.0 42.0
15.23601 37.547115 0.0251 2.0 42.0
15.23601 37.547115 0.0252 1.0 43.0
15.709192 38.45815 0.0252 1.0 43.0
15.709192 38.45815 0.0253 0.0 44.0
16.182375 39.369183 0.0253 0.0 44.0
16.182375 39.369183 0.0254 0.0 45.0
16.182375 40.39577 0.0254 0.0 45.0
14.289644 35.725048 0.0255 1.0 41.0
15.307075 35.861874 0.0255 1.0 41.0
15.307075 35.861874 0.0256 0.0 42.0
16.324505 35.9987 0.0256 0.0 42.0
16.324505 35.9987 0.0257 0.0 43.0
17.164345 36.589085 0.0257 0.0 43.0
7.5709214 31.001966 0.0258 7.0 33.0
8.410762 31.59235 0.0258 7.0 33.0
8.410762 31.59235 0.0259 6.0 34.0
9.250603 32.182735 0.0259 6.0 34.0
9.250603 32.182735 0.0260 1.0 35.0
10.268033 32.31956 0.0260 1.0 35.0
10.268033 32.31956 0.0261 0.0 36.0
11.285463 32.456387 0.0261 0.0 36.0
11.285463 32.456387 0.0262 0.0 37.0
12.125304 33.046772 0.0262 0.0 37.0
9.250603 32.182735 0.0263 1.0 35.0
10.090444 32.77312 0.0263 1.0 35.0
10.090444 32.77312 0.0264 0.0 36.0
10.9302845 33.363506 0.0264 0.0 36.0
10.9302845 33.363506 0.0265 0.0 37.0
11.403467 34.27454 0.0265 0.0 37.0
9.250603 32.182735 0.0266 5.0 35.0
10.090444 32.77312 0.0266 5.0 35.0
10.090444 32.77312 0.0267 4.0 36.0
10.9302845 33.363506 0.0267 4.0 36.0
10.9302845 33.363506 0.0268 3.0 37.0
11.403467 34.27454 0.0268 3.0 37.0
11.403467 34.27454 0.0269 2.0 38.0
11.87665 35.185574 0.0269 2.0 38.0
11.87665 35.185574 0.0270 1.0 39.0
12.349833 36.096607 0.0270 1.0 39.0
12.349833 36.096607 0.0271 0.0 40.0
12.823015 37.00764 0.0271 0.0 40.0
12.823015 37.00764 0.0272 0.0 41.0
12.823015 38.03423 0.0272 0.0 41.0
10.9302845 33.363506 0.0273 1.0 37.0
11.947715 33.50033 0.0273 1.0 37.0
11.947715 33.50033 0.0274 0.0 38.0
12.965145 33.637157 0.0274 0.0 38.0
12.965145 33.637157 0.0275 0.0 39.0
13.804986 34.227543 0.0275 0.0 39.0
0.0 16.425428 0.0276 19.0 17.0
0.47318253 17.336462 0.0276 19.0 17.0
0.47318253 17.336462 0.0277 18.0 18.0
0.94636506 18.247496 0.0277 18.0 18.0
0.94636506 18.247496 0.0278 17.0 19.0
1.4195476 19.15853 0.0278 17.0 19.0
1.4195476 19.15853 0.0279 16.0 20.0
1.8927301 20.069563 0.0279 16.0 20.0
1.8927301 20.069563 0.0280 7.0 21.0
2.7325706 20.659946 0.0280 7.0 21.0
2.7325706 20.659946 0.0281 6.0 22.0
3.572411 21.25033 0.0281 6.0 22.0
3.572411 21.25033 0.0282 1.0 23.0
4.5898414 21.387154 0.0282 1.0 23.0
4.5898414 21.387154 0.0283 0.0 24.0
5.6072717 21.523977 0.0283 0.0 24.0
5.6072717 21.523977 0.0284 0.0 25.0
6.447112 22.11436 0.0284 0.0 25.0
3.572411 21.25033 0.0285 1.0 23.0
4.4122515 21.840714 0.0285 1.0 23.0
4.4122515 21.840714 0.0286 0.0 24.0
5.252092 22.431097 0.0286 0.0 24.0
5.252092 22.431097 0.0287 0.0 25.0
5.7252746 23.34213 0.0287 0.0 25.0
3.572411 21.25033 0.0288 5.0 23.0
4.4122515 21.840714 0.0288 5.0 23.0
4.4122515 21.840714 0.0289 4.0 24.0
5.252092 22.431097 0.0289 4.0 24.0
5.252092 22.431097 0.0290 3.0 25.0
5.7252746 23.34213 0.0290 3.0 25.0
5.7252746 23.34213 0.0291 2.0 26.0
6.1984572 24.253164 0.0291 2.0 26.0
6.1984572 24.253164 0.0292 1.0 27.0
6.67164 25.164198 0.0292 1.0 27.0
6.67164 25.164198 0.0293 0.0 28.0
7.1448226 26.075232 0.0293 0.0 28.0
7.1448226 26.075232 0.0294 0.0 29.0
7.1448226 27.10182 0.0294 0.0 29.0
5.252092 22.431097 0.0295 1.0 25.0
6.269522 22.56792 0.0295 1.0 25.0
6.269522 22.56792 0.0296 0.0 26.0
7.2869525 22.704744 0.0296 0.0 26.0
7.2869525 22.704744 0.0297 0.0 27.0
8.126793 23.295128 0.0297 0.0 27.0
1.8927301 20.069563 0.0298 7.0 21.0
2.9101605 20.206387 0.0298 7.0 21.0
2.9101605 20.206387 0.0299 6.0 22.0
3.9275908 20.34321 0.0299 6.0 22.0
3.9275908 20.34321 0.0300 1.0 23.0
4.8935633 19.995672 0.0300 1.0 23.0
4.8935633 19.995672 0.0301 0.0 24.0
5.8595357 19.648134 0.0301 0.0 24.0
5.8595357 19.648134 0.0302 0.0 25.0
6.876966 19.784958 0.0302 0.0 25.0
3.9275908 20.34321 0.0303 1.0 23.0
4.945021 20.480034 0.0303 1.0 23.0
4.945021 20.480034 0.0304 0.0 24.0
5.9624515 20.616858 0.0304 0.0 24.0
5.9624515 20.616858 0.0305 0.0 25.0
6.802292 21.207241 0.0305 0.0 25.0
3.9275908 20.34321 0.0306 5.0 23.0
4.945021 20.480034 0.0306 5.0 23.0
4.945021 20.480034 0.0307 4.0 24.0
5.9624515 20.616858 0.0307 4.0 24.0
5.9624515 20.616858 0.0308 3.0 25.0
6.802292 21.207241 0.0308 3.0 25.0
6.802292 21.207241 0.0309 2.0 26.0
7.6421323 21.797625 0.0309 2.0 26.0
7.6421323 21.797625 0.0310 1.0 27.0
8.481973 22.388008 0.0310 1.0 27.0
8.481973 22.388008 0.0311 0.0 28.0
9.321814 22.978392 0.0311 0.0 28.0
9.321814 22.978392 0.0312 0.0 29.0
9.794996 23.889425 0.0312 0.0 29.0
5.9624515 20.616858 0.0313 1.0 25.0
6.928424 20.26932 0.0313 1.0 25.0
6.928424 20.26932 0.0314 0.0 26.0
7.8943963 19.921782 0.0314 0.0 26.0
7.8943963 19.921782 0.0315 0.0 27.0
8.911827 20.058605 0.0315 0.0 27.0
1.8927301 20.069563 0.0316 15.0 21.0
2.3659127 20.980597 0.0316 15.0 21.0
2.3659127 20.980597 0.0317 14.0 22.0
2.839095 21.89163 0.0317 14.0 22.0
2.839095 21.89163 0.0318 13.0 23.0
3.3122776 22.802664 0.0318 13.0 23.0
3.3122776 22.802664 0.0319 12.0 24.0
3.78546 23.713697 0.0319 12.0 24.0
3.78546 23.713697 0.0320 11.0 25.0
4.6253004 24.304081 0.0320 11.0 25.0
4.6253004 24.304081 0.0321 10.0 26.0
5.465141 24.894464 0.0321 10.0 26.0
5.465141 24.894464 0.0322 9.0 27.0
6.304981 25.484848 0.0322 9.0 27.0
6.304981 25.484848 0.0323 8.0 28.0
7.1448216 26.075232 0.0323 8.0 28.0
7.1448216 26.075232 0.0324 7.0 29.0
7.984662 26.665615 0.0324 7.0 29.0
7.984662 26.665615 0.0325 6.0 30.0
8.824503 27.255999 0.0325 6.0 30.0
8.824503 27.255999 0.0326 1.0 31.0
9.841933 27.392822 0.0326 1.0 31.0
9.841933 27.392822 0.0327 0.0 32.0
10.859364 27.529646 0.0327 0.0 32.0
10.859364 27.529646 0.0328 0.0 33.0
11.699204 28.12003 0.0328 0.0 33.0
8.824503 27.255999 0.0329 1.0 31.0
9.664344 27.846382 0.0329 1.0 31.0
9.664344 27.846382 0.0330 0.0 32.0
10.504185 28.436766 0.0330 0.0 32.0
10.504185 28.436766 0.0331 0.0 33.0
10.977367 29.3478 0.0331 0.0 33.0
8.824503 27.255999 0.0332 5.0 31.0
9.664344 27.846382 0.0332 5.0 31.0
9.664344 27.846382 0.0333 4.0 32.0
10.504185 28.436766 0.0333 4.0 32.0
10.504185 28.436766 0.0334 3.0 33.0
10.977367 29.3478 0.0334 3.0 33.0
10.977367 29.3478 0.0335 2.0 34.0
11.45055 30.258833 0.0335 2.0 34.0
11.45055 30.258833 0.0336 1.0 35.0
11.923733 31.169867 0.0336 1.0 35.0
11.923733 31.169867 0.0337 0.0 36.0
12.396915 32.080902 0.0337 0.0 36.0
12.396915 32.080902 0.0338 0.0 37.0
12.396915 33.10749 0.0338 0.0 37.0
10.504185 28.436766 0.0339 1.0 33.0
11.521615 28.57359 0.0339 1.0 33.0
11.521615 28.57359 0.0340 0.0 34.0
12.539045 28.710413 0.0340 0.0 34.0
12.539045 28.710413 0.0341 0.0 35.0
13.378886 29.300797 0.0341 0.0 35.0
3.78546 23.713697 0.0342 7.0 25.0
4.6253004 24.304081 0.0342 7.0 25.0
4.6253004 24.304081 0.0343 6.0 26.0
5.465141 24.894464 0.0343 6.0 26.0
5.465141 24.894464 0.0344 1.0 27.0
6.482571 25.031288 0.0344 1.0 27.0
6.482571 25.031288 0.0345 0.0 28.0
7.5000014 25.168112 0.0345 0.0 28.0
7.5000014 25.168112 0.0346 0.0 29.0
8.339842 25.758495 0.0346 0.0 29.0
5.465141 24.894464 0.0347 1.0 27.0
6.304981 25.484848 0.0347 1.0 27.0
6.304981 25.484848 0.0348 0.0 28.0
7.1448216 26.075232 0.0348 0.0 28.0
7.1448216 26.075232 0.0349 0.0 29.0
7.6180043 26.986265 0.0349 0.0 29.0
5.465141 24.894464 0.0350 5.0 27.0
6.304981 25.484848 0.0350 5.0 27.0
6.304981 25.484848 0.0351 4.0 28.0
7.1448216 26.075232 0.0351 4.0 28.0
7.1448216 26.075232 0.0352 3.0 29.0
7.6180043 26.986265 0.0352 3.0 29.0
7.6180043 26.986265 0.0353 2.0 30.0
8.091187 27.897299 0.0353 2.0 30.0
8.091187 27.897299 0.0354 1.0 31.0
8.564369 28.808332 0.0354 1.0 31.0
8.564369 28.808332 0.0355 0.0 32.0
9.037552 29.719366 0.0355 0.0 32.0
9.037552 29.719366 0.0356 0.0 33.0
9.037552 30.745955 0.0356 0.0 33.0
7.1448216 26.075232 0.0357 1.0 29.0
8.162252 26.212055 0.0357 1.0 29.0
8.162252 26.212055 0.0358 0.0 30.0
9.179683 26.348879 0.0358 0.0 30.0
9.179683 26.348879 0.0359 0.0 31.0
10.019524 26.939262 0.0359 0.0 31.0
