0.0 0.0 0.00 43.0 1.0
0.0 1.0879543 0.00 43.0 1.0
0.0 1.0879543 0.01 42.0 2.0
0.0 2.1759086 0.01 42.0 2.0
0.0 2.1759086 0.02 41.0 3.0
0.0 3.2638628 0.02 41.0 3.0
0.0 3.2638628 0.03 40.0 4.0
0.0 4.351817 0.03 40.0 4.0
0.0 4.351817 0.04 39.0 5.0
0.0 5.4397717 0.04 39.0 5.0
0.0 5.4397717 0.05 38.0 6.0
0.0 6.527726 0.05 38.0 6.0
0.0 6.527726 0.06 37.0 7.0
0.0 7.6156807 0.06 37.0 7.0
0.0 7.6156807 0.07 36.0 8.0
0.0 8.703635 0.07 36.0 8.0
0.0 8.703635 0.08 19.0 9.0
0.5486694 9.643106 0.08 19.0 9.0
0.5486694 9.643106 0.09 18.0 10.0
1.0973388 10.582578 0.09 18.0 10.0
1.0973388 10.582578 0.010 17.0 11.0
1.6460083 11.522049 0.010 17.0 11.0
1.6460083 11.522049 0.011 16.0 12.0
2.1946776 12.46152 0.011 16.0 12.0
2.1946776 12.46152 0.012 7.0 13.0
3.1422527 12.996072 0.012 7.0 13.0
3.1422527 12.996072 0.013 6.0 14.0
4.0898275 13.530623 0.013 6.0 14.0
4.0898275 13.530623 0.014 1.0 15.0
5.17766 13.514346 0.014 1.0 15.0
5.17766 13.514346 0.015 0.0 16.0
6.2654924 13.498069 0.015 0.0 16.0
6.2654924 13.498069 0.016 0.0 17.0
7.1966496 12.935405 0.016 0.0 17.0
4.0898275 13.530623 0.017 1.0 15.0
5.0209846 12.967959 0.017 1.0 15.0
5.0209846 12.967959 0.018 0.0 16.0
5.952142 12.405295 0.018 0.0 16.0
5.952142 12.405295 0.019 0.0 17.0
6.472457 11.449828 0.019 0.0 17.0
4.0898275 13.530623 0.020 5.0 15.0
5.0374026 14.065175 0.020 5.0 15.0
5.0374026 14.065175 0.021 4.0 16.0
5.9849777 14.599727 0.021 4.0 16.0
5.9849777 14.599727 0.022 3.0 17.0
7.07281 14.583449 0.022 3.0 17.0
7.07281 14.583449 0.023 2.0 18.0
8.160643 14.567172 0.023 2.0 18.0
8.160643 14.567172 0.024 1.0 19.0
9.248475 14.550895 0.024 1.0 19.0
9.248475 14.550895 0.025 0.0 20.0
10.336308 14.534617 0.025 0.0 20.0
10.336308 14.534617 0.026 0.0 21.0
11.267465 13.971953 0.026 0.0 21.0
5.9849777 14.599727 0.027 1.0 17.0
7.07281 14.583449 0.027 1.0 17.0
7.07281 14.583449 0.028 0.0 18.0
8.160643 14.567172 0.028 0.0 18.0
8.160643 14.567172 0.029 0.0 19.0
9.0918 14.004508 0.029 0.0 19.0
2.1946776 12.46152 0.030 7.0 13.0
3.28251 12.445243 0.030 7.0 13.0
3.28251 12.445243 0.031 6.0 14.0
4.3703423 12.428966 0.031 6.0 14.0
4.3703423 12.428966 0.032 1.0 15.0
5.3014994 11.866302 0.032 1.0 15.0
5.3014994 11.866302 0.033 0.0 16.0
6.2326565 11.3036375 0.033 0.0 16.0
6.2326565 11.3036375 0.034 0.0 17.0
6.7529716 10.34817 0.034 0.0 17.0
4.3703423 12.428966 0.035 1.0 15.0
4.8906574 11.473498 0.035 1.0 15.0
4.8906574 11.473498 0.036 0.0 16.0
5.4109726 10.518031 0.036 0.0 16.0
5.4109726 10.518031 0.037 0.0 17.0
5.3784213 9.430564 0.037 0.0 17.0
4.3703423 12.428966 0.038 5.0 15.0
5.4581747 12.412688 0.038 5.0 15.0
5.4581747 12.412688 0.039 4.0 16.0
6.546007 12.396411 0.039 4.0 16.0
6.546007 12.396411 0.040 3.0 17.0
7.4771643 11.833747 0.040 3.0 17.0
7.4771643 11.833747 0.041 2.0 18.0
8.408321 11.271083 0.041 2.0 18.0
8.408321 11.271083 0.042 1.0 19.0
9.3394785 10.708419 0.042 1.0 19.0
9.3394785 10.708419 0.043 0.0 20.0
10.270636 10.145755 0.043 0.0 20.0
10.270636 10.145755 0.044 0.0 21.0
10.790951 9.190288 0.044 0.0 21.0
6.546007 12.396411 0.045 1.0 17.0
7.4771643 11.833747 0.045 1.0 17.0
7.4771643 11.833747 0.046 0.0 18.0
8.408321 11.271083 0.046 0.0 18.0
8.408321 11.271083 0.047 0.0 19.0
8.928637 10.315616 0.047 0.0 19.0
2.1946776 12.46152 0.048 15.0 13.0
2.743347 13.400991 0.048 15.0 13.0
2.743347 13.400991 0.049 14.0 14.0
3.2920163 14.340463 0.049 14.0 14.0
3.2920163 14.340463 0.050 13.0 15.0
3.8406856 15.279934 0.050 13.0 15.0
3.8406856 15.279934 0.051 12.0 16.0
4.389355 16.219406 0.051 12.0 16.0
4.389355 16.219406 0.052 11.0 17.0
5.3369303 16.753958 0.052 11.0 17.0
5.3369303 16.753958 0.053 10.0 18.0
6.2845054 17.28851 0.053 10.0 18.0
6.2845054 17.28851 0.054 9.0 19.0
7.2320805 17.823061 0.054 9.0 19.0
7.2320805 17.823061 0.055 8.0 20.0
8.179655 18.357613 0.055 8.0 20.0
8.179655 18.357613 0.056 7.0 21.0
9.12723 18.892164 0.056 7.0 21.0
9.12723 18.892164 0.057 6.0 22.0
10.074804 19.426716 0.057 6.0 22.0
10.074804 19.426716 0.058 1.0 23.0
11.162637 19.410439 0.058 1.0 23.0
11.162637 19.410439 0.059 0.0 24.0
12.250469 19.394161 0.059 0.0 24.0
12.250469 19.394161 0.060 0.0 25.0
13.181626 18.831497 0.060 0.0 25.0
10.074804 19.426716 0.061 1.0 23.0
11.005961 18.864052 0.061 1.0 23.0
11.005961 18.864052 0.062 0.0 24.0
11.937119 18.301388 0.062 0.0 24.0
11.937119 18.301388 0.063 0.0 25.0
12.457434 17.34592 0.063 0.0 25.0
10.074804 19.426716 0.064 5.0 23.0
11.022379 19.961267 0.064 5.0 23.0
11.022379 19.961267 0.065 4.0 24.0
11.969954 20.49582 0.065 4.0 24.0
11.969954 20.49582 0.066 3.0 25.0
13.057786 20.479542 0.066 3.0 25.0
13.057786 20.479542 0.067 2.0 26.0
14.145618 20.463264 0.067 2.0 26.0
14.145618 20.463264 0.068 1.0 27.0
15.233451 20.446987 0.068 1.0 27.0
15.233451 20.446987 0.069 0.0 28.0
16.321283 20.43071 0.069 0.0 28.0
16.321283 20.43071 0.070 0.0 29.0
17.252441 19.868046 0.070 0.0 29.0
11.969954 20.49582 0.071 1.0 25.0
13.057786 20.479542 0.071 1.0 25.0
13.057786 20.479542 0.072 0.0 26.0
14.145618 20.463264 0.072 0.0 26.0
14.145618 20.463264 0.073 0.0 27.0
15.076776 19.9006 0.073 0.0 27.0
4.389355 16.219406 0.074 7.0 17.0
5.3369303 16.753958 0.074 7.0 17.0
5.3369303 16.753958 0.075 6.0 18.0
6.2845054 17.28851 0.075 6.0 18.0
6.2845054 17.28851 0.076 1.0 19.0
7.372338 17.272232 0.076 1.0 19.0
7.372338 17.272232 0.077 0.0 20.0
8.460171 17.255955 0.077 0.0 20.0
8.460171 17.255955 0.078 0.0 21.0
9.391328 16.69329 0.078 0.0 21.0
6.2845054 17.28851 0.079 1.0 19.0
7.2156625 16.725845 0.079 1.0 19.0
7.2156625 16.725845 0.080 0.0 20.0
8.14682 16.163181 0.080 0.0 20.0
8.14682 16.163181 0.081 0.0 21.0
8.667135 15.207714 0.081 0.0 21.0
6.2845054 17.28851 0.082 5.0 19.0
7.2320805 17.823061 0.082 5.0 19.0
7.2320805 17.823061 0.083 4.0 20.0
8.179655 18.357613 0.083 4.0 20.0
8.179655 18.357613 0.084 3.0 21.0
9.267488 18.341335 0.084 3.0 21.0
9.267488 18.341335 0.085 2.0 22.0
10.35532 18.325058 0.085 2.0 22.0
10.35532 18.325058 0.086 1.0 23.0
11.443152 18.30878 0.086 1.0 23.0
11.443152 18.30878 0.087 0.0 24.0
12.530985 18.292503 0.087 0.0 24.0
12.530985 18.292503 0.088 0.0 25.0
13.462142 17.72984 0.088 0.0 25.0
8.179655 18.357613 0.089 1.0 21.0
9.267488 18.341335 0.089 1.0 21.0
9.267488 18.341335 0.090 0.0 22.0
10.35532 18.325058 0.090 0.0 22.0
10.35532 18.325058 0.091 0.0 23.0
11.286477 17.762394 0.091 0.0 23.0
0.0 8.703635 0.092 19.0 9.0
0.9475751 9.238187 0.092 19.0 9.0
0.9475751 9.238187 0.093 18.0 10.0
1.8951502 9.772738 0.093 18.0 10.0
1.8951502 9.772738 0.094 17.0 11.0
2.8427253 10.30729 0.094 17.0 11.0
2.8427253 10.30729 0.095 16.0 12.0
3.7903004 10.841842 0.095 16.0 12.0
3.7903004 10.841842 0.096 7.0 13.0
4.878133 10.825564 0.096 7.0 13.0
4.878133 10.825564 0.097 6.0 14.0
5.9659653 10.809287 0.097 6.0 14.0
5.9659653 10.809287 0.098 1.0 15.0
6.8971224 10.246623 0.098 1.0 15.0
6.8971224 10.246623 0.099 0.0 16.0
7.8282795 9.683959 0.099 0.0 16.0
7.8282795 9.683959 0.0100 0.0 17.0
8.348595 8.728492 0.0100 0.0 17.0
5.9659653 10.809287 0.0101 1.0 15.0
6.4862804 9.85382 0.0101 1.0 15.0
6.4862804 9.85382 0.0102 0.0 16.0
7.0065956 8.898353 0.0102 0.0 16.0
7.0065956 8.898353 0.0103 0.0 17.0
6.9740443 7.8108854 0.0103 0.0 17.0
5.9659653 10.809287 0.0104 5.0 15.0
7.0537977 10.79301 0.0104 5.0 15.0
7.0537977 10.79301 0.0105 4.0 16.0
8.14163 10.776732 0.0105 4.0 16.0
8.14163 10.776732 0.0106 3.0 17.0
9.072787 10.214068 0.0106 3.0 17.0
9.072787 10.214068 0.0107 2.0 18.0
10.003944 9.651404 0.0107 2.0 18.0
10.003944 9.651404 0.0108 1.0 19.0
10.9351015 9.08874 0.0108 1.0 19.0
10.9351015 9.08874 0.0109 0.0 20.0
11.866259 8.526076 0.0109 0.0 20.0
11.866259 8.526076 0.0110 0.0 21.0
12.386574 7.5706096 0.0110 0.0 21.0
8.14163 10.776732 0.0111 1.0 17.0
9.072787 10.214068 0.0111 1.0 17.0
9.072787 10.214068 0.0112 0.0 18.0
10.003944 9.651404 0.0112 0.0 18.0
10.003944 9.651404 0.0113 0.0 19.0
10.52426 8.695937 0.0113 0.0 19.0
3.7903004 10.841842 0.0114 7.0 13.0
4.7214575 10.279178 0.0114 7.0 13.0
4.7214575 10.279178 0.0115 6.0 14.0
5.6526146 9.716514 0.0115 6.0 14.0
5.6526146 9.716514 0.0116 1.0 15.0
6.17293 8.761046 0.0116 1.0 15.0
6.17293 8.761046 0.0117 0.0 16.0
6.693245 7.8055797 0.0117 0.0 16.0
6.693245 7.8055797 0.0118 0.0 17.0
6.6606936 6.7181125 0.0118 0.0 17.0
5.6526146 9.716514 0.0119 1.0 15.0
5.6200633 8.629046 0.0119 1.0 15.0
5.6200633 8.629046 0.0120 0.0 16.0
5.587512 7.5415792 0.0120 0.0 16.0
5.587512 7.5415792 0.0121 0.0 17.0
5.0109797 6.6189446 0.0121 0.0 17.0
5.6526146 9.716514 0.0122 5.0 15.0
6.5837717 9.15385 0.0122 5.0 15.0
6.5837717 9.15385 0.0123 4.0 16.0
7.514929 8.591186 0.0123 4.0 16.0
7.514929 8.591186 0.0124 3.0 17.0
8.035244 7.635719 0.0124 3.0 17.0
8.035244 7.635719 0.0125 2.0 18.0
8.555559 6.680252 0.0125 2.0 18.0
8.555559 6.680252 0.0126 1.0 19.0
9.075874 5.7247853 0.0126 1.0 19.0
9.075874 5.7247853 0.0127 0.0 20.0
9.5961895 4.7693186 0.0127 0.0 20.0
9.5961895 4.7693186 0.0128 0.0 21.0
9.563638 3.6818514 0.0128 0.0 21.0
7.514929 8.591186 0.0129 1.0 17.0
8.035244 7.635719 0.0129 1.0 17.0
8.035244 7.635719 0.0130 0.0 18.0
8.555559 6.680252 0.0130 0.0 18.0
8.555559 6.680252 0.0131 0.0 19.0
8.523007 5.592785 0.0131 0.0 19.0
3.7903004 10.841842 0.0132 15.0 13.0
4.7378755 11.376393 0.0132 15.0 13.0
4.7378755 11.376393 0.0133 14.0 14.0
5.6854506 11.910945 0.0133 14.0 14.0
5.6854506 11.910945 0.0134 13.0 15.0
6.6330256 12.445497 0.0134 13.0 15.0
6.6330256 12.445497 0.0135 12.0 16.0
7.5806007 12.980048 0.0135 12.0 16.0
7.5806007 12.980048 0.0136 11.0 17.0
8.668433 12.963771 0.0136 11.0 17.0
8.668433 12.963771 0.0137 10.0 18.0
9.756266 12.947494 0.0137 10.0 18.0
9.756266 12.947494 0.0138 9.0 19.0
10.844098 12.931216 0.0138 9.0 19.0
10.844098 12.931216 0.0139 8.0 20.0
11.931931 12.914939 0.0139 8.0 20.0
11.931931 12.914939 0.0140 7.0 21.0
13.019763 12.898662 0.0140 7.0 21.0
13.019763 12.898662 0.0141 6.0 22.0
14.107595 12.882384 0.0141 6.0 22.0
14.107595 12.882384 0.0142 1.0 23.0
15.038753 12.31972 0.0142 1.0 23.0
15.038753 12.31972 0.0143 0.0 24.0
15.96991 11.757056 0.0143 0.0 24.0
15.96991 11.757056 0.0144 0.0 25.0
16.490225 10.801589 0.0144 0.0 25.0
14.107595 12.882384 0.0145 1.0 23.0
14.627911 11.926917 0.0145 1.0 23.0
14.627911 11.926917 0.0146 0.0 24.0
15.148226 10.97145 0.0146 0.0 24.0
15.148226 10.97145 0.0147 0.0 25.0
15.115674 9.883983 0.0147 0.0 25.0
14.107595 12.882384 0.0148 5.0 23.0
15.195428 12.866107 0.0148 5.0 23.0
15.195428 12.866107 0.0149 4.0 24.0
16.28326 12.84983 0.0149 4.0 24.0
16.28326 12.84983 0.0150 3.0 25.0
17.214418 12.287166 0.0150 3.0 25.0
17.214418 12.287166 0.0151 2.0 26.0
18.145576 11.724502 0.0151 2.0 26.0
18.145576 11.724502 0.0152 1.0 27.0
19.076735 11.161838 0.0152 1.0 27.0
19.076735 11.161838 0.0153 0.0 28.0
20.007893 10.599174 0.0153 0.0 28.0
20.007893 10.599174 0.0154 0.0 29.0
20.528208 9.643706 0.0154 0.0 29.0
16.28326 12.84983 0.0155 1.0 25.0
17.214418 12.287166 0.0155 1.0 25.0
17.214418 12.287166 0.0156 0.0 26.0
18.145576 11.724502 0.0156 0.0 26.0
18.145576 11.724502 0.0157 0.0 27.0
18.665892 10.769034 0.0157 0.0 27.0
7.5806007 12.980048 0.0158 7.0 17.0
8.668433 12.963771 0.0158 7.0 17.0
8.668433 12.963771 0.0159 6.0 18.0
9.756266 12.947494 0.0159 6.0 18.0
9.756266 12.947494 0.0160 1.0 19.0
10.687423 12.3848295 0.0160 1.0 19.0
10.687423 12.3848295 0.0161 0.0 20.0
11.61858 11.8221655 0.0161 0.0 20.0
11.61858 11.8221655 0.0162 0.0 21.0
12.138895 10.866698 0.0162 0.0 21.0
9.756266 12.947494 0.0163 1.0 19.0
10.276581 11.992026 0.0163 1.0 19.0
10.276581 11.992026 0.0164 0.0 20.0
10.796896 11.036559 0.0164 0.0 20.0
10.796896 11.036559 0.0165 0.0 21.0
10.764344 9.949092 0.0165 0.0 21.0
9.756266 12.947494 0.0166 5.0 19.0
10.844098 12.931216 0.0166 5.0 19.0
10.844098 12.931216 0.0167 4.0 20.0
11.931931 12.914939 0.0167 4.0 20.0
11.931931 12.914939 0.0168 3.0 21.0
12.863088 12.352275 0.0168 3.0 21.0
12.863088 12.352275 0.0169 2.0 22.0
13.794245 11.789611 0.0169 2.0 22.0
13.794245 11.789611 0.0170 1.0 23.0
14.725402 11.226947 0.0170 1.0 23.0
14.725402 11.226947 0.0171 0.0 24.0
15.656559 10.664283 0.0171 0.0 24.0
15.656559 10.664283 0.0172 0.0 25.0
16.176874 9.708816 0.0172 0.0 25.0
11.931931 12.914939 0.0173 1.0 21.0
12.863088 12.352275 0.0173 1.0 21.0
12.863088 12.352275 0.0174 0.0 22.0
13.794245 11.789611 0.0174 0.0 22.0
13.794245 11.789611 0.0175 0.0 23.0
14.31456 10.834144 0.0175 0.0 23.0
0.0 8.703635 0.0176 35.0 9.0
0.0 9.79159 0.0176 35.0 9.0
0.0 9.79159 0.0177 34.0 10.0
0.0 10.879544 0.0177 34.0 10.0
0.0 10.879544 0.0178 33.0 11.0
0.0 11.967499 0.0178 33.0 11.0
0.0 11.967499 0.0179 32.0 12.0
0.0 13.055453 0.0179 32.0 12.0
0.0 13.055453 0.0180 31.0 13.0
0.0 14.143408 0.0180 31.0 13.0
0.0 14.143408 0.0181 30.0 14.0
0.0 15.231362 0.0181 30.0 14.0
0.0 15.231362 0.0182 29.0 15.0
0.0 16.319317 0.0182 29.0 15.0
0.0 16.319317 0.0183 28.0 16.0
0.0 17.40727 0.0183 28.0 16.0
0.0 17.40727 0.0184 27.0 17.0
0.5486694 18.346743 0.0184 27.0 17.0
0.5486694 18.346743 0.0185 26.0 18.0
1.0973388 19.286215 0.0185 26.0 18.0
1.0973388 19.286215 0.0186 25.0 19.0
1.6460083 20.225687 0.0186 25.0 19.0
1.6460083 20.225687 0.0187 24.0 20.0
2.1946776 21.16516 0.0187 24.0 20.0
2.1946776 21.16516 0.0188 23.0 21.0
2.743347 22.104631 0.0188 23.0 21.0
2.743347 22.104631 0.0189 22.0 22.0
3.2920163 23.044104 0.0189 22.0 22.0
3.2920163 23.044104 0.0190 21.0 23.0
3.8406856 23.983576 0.0190 21.0 23.0
3.8406856 23.983576 0.0191 20.0 24.0
4.389355 24.923048 0.0191 20.0 24.0
4.389355 24.923048 0.0192 19.0 25.0
4.9380245 25.86252 0.0192 19.0 25.0
4.9380245 25.86252 0.0193 18.0 26.0
5.486694 26.801992 0.0193 18.0 26.0
5.486694 26.801992 0.0194 17.0 27.0
6.035363 27.741465 0.0194 17.0 27.0
6.035363 27.741465 0.0195 16.0 28.0
6.5840325 28.680937 0.0195 16.0 28.0
6.5840325 28.680937 0.0196 7.0 29.0
7.5316076 29.215488 0.0196 7.0 29.0
7.5316076 29.215488 0.0197 6.0 30.0
8.479183 29.75004 0.0197 6.0 30.0
8.479183 29.75004 0.0198 1.0 31.0
9.567016 29.733763 0.0198 1.0 31.0
9.567016 29.733763 0.0199 0.0 32.0
10.654848 29.717485 0.0199 0.0 32.0
10.654848 29.717485 0.0200 0.0 33.0
11.586005 29.154821 0.0200 0.0 33.0
8.479183 29.75004 0.0201 1.0 31.0
9.41034 29.187376 0.0201 1.0 31.0
9.41034 29.187376 0.0202 0.0 32.0
10.341497 28.624712 0.0202 0.0 32.0
10.341497 28.624712 0.0203 0.0 33.0
10.861813 27.669245 0.0203 0.0 33.0
8.479183 29.75004 0.0204 5.0 31.0
9.426758 30.284592 0.0204 5.0 31.0
9.426758 30.284592 0.0205 4.0 32.0
10.374332 30.819143 0.0205 4.0 32.0
10.374332 30.819143 0.0206 3.0 33.0
11.462165 30.802866 0.0206 3.0 33.0
11.462165 30.802866 0.0207 2.0 34.0
12.549997 30.786589 0.0207 2.0 34.0
12.549997 30.786589 0.0208 1.0 35.0
13.63783 30.770311 0.0208 1.0 35.0
13.63783 30.770311 0.0209 0.0 36.0
14.725662 30.754034 0.0209 0.0 36.0
14.725662 30.754034 0.0210 0.0 37.0
15.656819 30.19137 0.0210 0.0 37.0
10.374332 30.819143 0.0211 1.0 33.0
11.462165 30.802866 0.0211 1.0 33.0
11.462165 30.802866 0.0212 0.0 34.0
12.549997 30.786589 0.0212 0.0 34.0
12.549997 30.786589 0.0213 0.0 35.0
13.481154 30.223925 0.0213 0.0 35.0
6.5840325 28.680937 0.0214 7.0 29.0
7.671865 28.66466 0.0214 7.0 29.0
7.671865 28.66466 0.0215 6.0 30.0
8.759697 28.648382 0.0215 6.0 30.0
8.759697 28.648382 0.0216 1.0 31.0
9.690854 28.085718 0.0216 1.0 31.0
9.690854 28.085718 0.0217 0.0 32.0
10.622011 27.523054 0.0217 0.0 32.0
10.622011 27.523054 0.0218 0.0 33.0
11.142326 26.567587 0.0218 0.0 33.0
8.759697 28.648382 0.0219 1.0 31.0
9.280012 27.692915 0.0219 1.0 31.0
9.280012 27.692915 0.0220 0.0 32.0
9.800327 26.737448 0.0220 0.0 32.0
9.800327 26.737448 0.0221 0.0 33.0
9.767776 25.64998 0.0221 0.0 33.0
8.759697 28.648382 0.0222 5.0 31.0
9.847529 28.632105 0.0222 5.0 31.0
9.847529 28.632105 0.0223 4.0 32.0
10.935362 28.615828 0.0223 4.0 32.0
10.935362 28.615828 0.0224 3.0 33.0
11.866519 28.053164 0.0224 3.0 33.0
11.866519 28.053164 0.0225 2.0 34.0
12.797676 27.4905 0.0225 2.0 34.0
12.797676 27.4905 0.0226 1.0 35.0
13.728833 26.927835 0.0226 1.0 35.0
13.728833 26.927835 0.0227 0.0 36.0
14.65999 26.365171 0.0227 0.0 36.0
14.65999 26.365171 0.0228 0.0 37.0
15.1803055 25.409704 0.0228 0.0 37.0
10.935362 28.615828 0.0229 1.0 33.0
11.866519 28.053164 0.0229 1.0 33.0
11.866519 28.053164 0.0230 0.0 34.0
12.797676 27.4905 0.0230 0.0 34.0
12.797676 27.4905 0.0231 0.0 35.0
13.317991 26.535032 0.0231 0.0 35.0
6.5840325 28.680937 0.0232 15.0 29.0
7.132702 29.620409 0.0232 15.0 29.0
7.132702 29.620409 0.0233 14.0 30.0
7.681371 30.559881 0.0233 14.0 30.0
7.681371 30.559881 0.0234 13.0 31.0
8.230041 31.499353 0.0234 13.0 31.0
8.230041 31.499353 0.0235 12.0 32.0
8.77871 32.438824 0.0235 12.0 32.0
8.77871 32.438824 0.0236 11.0 33.0
9.726286 32.973377 0.0236 11.0 33.0
9.726286 32.973377 0.0237 10.0 34.0
10.673861 33.50793 0.0237 10.0 34.0
10.673861 33.50793 0.0238 9.0 35.0
11.621435 34.042484 0.0238 9.0 35.0
11.621435 34.042484 0.0239 8.0 36.0
12.56901 34.577038 0.0239 8.0 36.0
12.56901 34.577038 0.0240 7.0 37.0
13.516584 35.11159 0.0240 7.0 37.0
13.516584 35.11159 0.0241 6.0 38.0
14.464159 35.646145 0.0241 6.0 38.0
14.464159 35.646145 0.0242 1.0 39.0
15.551991 35.629868 0.0242 1.0 39.0
15.551991 35.629868 0.0243 0.0 40.0
16.639824 35.61359 0.0243 0.0 40.0
16.639824 35.61359 0.0244 0.0 41.0
17.570982 35.050926 0.0244 0.0 41.0
14.464159 35.646145 0.0245 1.0 39.0
15.395316 35.08348 0.0245 1.0 39.0
15.395316 35.08348 0.0246 0.0 40.0
16.326473 34.520817 0.0246 0.0 40.0
16.326473 34.520817 0.0247 0.0 41.0
16.846788 33.56535 0.0247 0.0 41.0
14.464159 35.646145 0.0248 5.0 39.0
15.411734 36.1807 0.0248 5.0 39.0
15.411734 36.1807 0.0249 4.0 40.0
16.359308 36.715252 0.0249 4.0 40.0
16.359308 36.715252 0.0250 3.0 41.0
17.44714 36.698975 0.0250 3.0 41.0
17.44714 36.698975 0.0251 2.0 42.0
18.534973 36.682697 0.0251 2.0 42.0
18.534973 36.682697 0.0252 1.0 43.0
19.622807 36.66642 0.0252 1.0 43.0
19.622807 36.66642 0.0253 0.0 44.0
20.71064 36.650143 0.0253 0.0 44.0
20.71064 36.650143 0.0254 0.0 45.0
21.641798 36.08748 0.0254 0.0 45.0
16.359308 36.715252 0.0255 1.0 41.0
17.44714 36.698975 0.0255 1.0 41.0
17.44714 36.698975 0.0256 0.0 42.0
18.534973 36.682697 0.0256 0.0 42.0
18.534973 36.682697 0.0257 0.0 43.0
19.466131 36.120033 0.0257 0.0 43.0
8.77871 32.438824 0.0258 7.0 33.0
9.726286 32.973377 0.0258 7.0 33.0
9.726286 32.973377 0.0259 6.0 34.0
10.673861 33.50793 0.0259 6.0 34.0
10.673861 33.50793 0.0260 1.0 35.0
11.761693 33.491653 0.0260 1.0 35.0
11.761693 33.491653 0.0261 0.0 36.0
12.849525 33.475376 0.0261 0.0 36.0
12.849525 33.475376 0.0262 0.0 37.0
13.780683 32.912712 0.0262 0.0 37.0
10.673861 33.50793 0.0263 1.0 35.0
11.605018 32.945267 0.0263 1.0 35.0
11.605018 32.945267 0.0264 0.0 36.0
12.536175 32.382603 0.0264 0.0 36.0
12.536175 32.382603 0.0265 0.0 37.0
13.05649 31.427135 0.0265 0.0 37.0
10.673861 33.50793 0.0266 5.0 35.0
11.621435 34.042484 0.0266 5.0 35.0
11.621435 34.042484 0.0267 4.0 36.0
12.56901 34.577038 0.0267 4.0 36.0
12.56901 34.577038 0.0268 3.0 37.0
13.656842 34.56076 0.0268 3.0 37.0
13.656842 34.56076 0.0269 2.0 38.0
14.744675 34.544483 0.0269 2.0 38.0
14.744675 34.544483 0.0270 1.0 39.0
15.832507 34.528206 0.0270 1.0 39.0
15.832507 34.528206 0.0271 0.0 40.0
16.92034 34.51193 0.0271 0.0 40.0
16.92034 34.51193 0.0272 0.0 41.0
17.851498 33.949265 0.0272 0.0 41.0
12.56901 34.577038 0.0273 1.0 37.0
13.656842 34.56076 0.0273 1.0 37.0
13.656842 34.56076 0.0274 0.0 38.0
14.744675 34.544483 0.0274 0.0 38.0
14.744675 34.544483 0.0275 0.0 39.0
15.675832 33.98182 0.0275 0.0 39.0
0.0 17.40727 0.0276 19.0 17.0
0.5486694 18.346743 0.0276 19.0 17.0
0.5486694 18.346743 0.0277 18.0 18.0
1.0973388 19.286215 0.0277 18.0 18.0
1.0973388 19.286215 0.0278 17.0 19.0
1.6460083 20.225687 0.0278 17.0 19.0
1.6460083 20.225687 0.0279 16.0 20.0
2.1946776 21.16516 0.0279 16.0 20.0
2.1946776 21.16516 0.0280 7.0 21.0
3.1422527 21.69971 0.0280 7.0 21.0
3.1422527 21.69971 0.0281 6.0 22.0
4.0898275 22.234262 0.0281 6.0 22.0
4.0898275 22.234262 0.0282 1.0 23.0
5.17766 22.217985 0.0282 1.0 23.0
5.17766 22.217985 0.0283 0.0 24.0
6.2654924 22.201708 0.0283 0.0 24.0
6.2654924 22.201708 0.0284 0.0 25.0
7.1966496 21.639044 0.0284 0.0 25.0
4.0898275 22.234262 0.0285 1.0 23.0
5.0209846 21.671598 0.0285 1.0 23.0
5.0209846 21.671598 0.0286 0.0 24.0
5.952142 21.108934 0.0286 0.0 24.0
5.952142 21.108934 0.0287 0.0 25.0
6.472457 20.153467 0.0287 0.0 25.0
4.0898275 22.234262 0.0288 5.0 23.0
5.0374026 22.768814 0.0288 5.0 23.0
5.0374026 22.768814 0.0289 4.0 24.0
5.9849777 23.303366 0.0289 4.0 24.0
5.9849777 23.303366 0.0290 3.0 25.0
7.07281 23.287088 0.0290 3.0 25.0
7.07281 23.287088 0.0291 2.0 26.0
8.160643 23.270811 0.0291 2.0 26.0
8.160643 23.270811 0.0292 1.0 27.0
9.248475 23.254534 0.0292 1.0 27.0
9.248475 23.254534 0.0293 0.0 28.0
10.336308 23.238256 0.0293 0.0 28.0
10.336308 23.238256 0.0294 0.0 29.0
11.267465 22.675592 0.0294 0.0 29.0
5.9849777 23.303366 0.0295 1.0 25.0
7.07281 23.287088 0.0295 1.0 25.0
7.07281 23.287088 0.0296 0.0 26.0
8.160643 23.270811 0.0296 0.0 26.0
8.160643 23.270811 0.0297 0.0 27.0
9.0918 22.708147 0.0297 0.0 27.0
2.1946776 21.16516 0.0298 7.0 21.0
3.28251 21.148882 0.0298 7.0 21.0
3.28251 21.148882 0.0299 6.0 22.0
4.3703423 21.132605 0.0299 6.0 22.0
4.3703423 21.132605 0.0300 1.0 23.0
5.3014994 20.56994 0.0300 1.0 23.0
5.3014994 20.56994 0.0301 0.0 24.0
6.2326565 20.007277 0.0301 0.0 24.0
6.2326565 20.007277 0.0302 0.0 25.0
6.7529716 19.05181 0.0302 0.0 25.0
4.3703423 21.132605 0.0303 1.0 23.0
4.8906574 20.177137 0.0303 1.0 23.0
4.8906574 20.177137 0.0304 0.0 24.0
5.4109726 19.22167 0.0304 0.0 24.0
5.4109726 19.22167 0.0305 0.0 25.0
5.3784213 18.134203 0.0305 0.0 25.0
4.3703423 21.132605 0.0306 5.0 23.0
5.4581747 21.116327 0.0306 5.0 23.0
5.4581747 21.116327 0.0307 4.0 24.0
6.546007 21.10005 0.0307 4.0 24.0
6.546007 21.10005 0.0308 3.0 25.0
7.4771643 20.537386 0.0308 3.0 25.0
7.4771643 20.537386 0.0309 2.0 26.0
8.408321 19.974722 0.0309 2.0 26.0
8.408321 19.974722 0.0310 1.0 27.0
9.3394785 19.412058 0.0310 1.0 27.0
9.3394785 19.412058 0.0311 0.0 28.0
10.270636 18.849394 0.0311 0.0 28.0
10.270636 18.849394 0.0312 0.0 29.0
10.790951 17.893927 0.0312 0.0 29.0
6.546007 21.10005 0.0313 1.0 25.0
7.4771643 20.537386 0.0313 1.0 25.0
7.4771643 20.537386 0.0314 0.0 26.0
8.408321 19.974722 0.0314 0.0 26.0
8.408321 19.974722 0.0315 0.0 27.0
8.928637 19.019255 0.0315 0.0 27.0
2.1946776 21.16516 0.0316 15.0 21.0
2.743347 22.104631 0.0316 15.0 21.0
2.743347 22.104631 0.0317 14.0 22.0
3.2920163 23.044104 0.0317 14.0 22.0
3.2920163 23.044104 0.0318 13.0 23.0
3.8406856 23.983576 0.0318 13.0 23.0
3.8406856 23.983576 0.0319 12.0 24.0
4.389355 24.923048 0.0319 12.0 24.0
4.389355 24.923048 0.0320 11.0 25.0
5.3369303 25.4576 0.0320 11.0 25.0
5.3369303 25.4576 0.0321 10.0 26.0
6.2845054 25.992151 0.0321 10.0 26.0
6.2845054 25.992151 0.0322 9.0 27.0
7.2320805 26.526703 0.0322 9.0 27.0
7.2320805 26.526703 0.0323 8.0 28.0
8.179655 27.061255 0.0323 8.0 28.0
8.179655 27.061255 0.0324 7.0 29.0
9.12723 27.595806 0.0324 7.0 29.0
9.12723 27.595806 0.0325 6.0 30.0
10.074804 28.130358 0.0325 6.0 30.0
10.074804 28.130358 0.0326 1.0 31.0
11.162637 28.11408 0.0326 1.0 31.0
11.162637 28.11408 0.0327 0.0 32.0
12.250469 28.097803 0.0327 0.0 32.0
12.250469 28.097803 0.0328 0.0 33.0
13.181626 27.53514 0.0328 0.0 33.0
10.074804 28.130358 0.0329 1.0 31.0
11.005961 27.567694 0.0329 1.0 31.0
11.005961 27.567694 0.0330 0.0 32.0
11.937119 27.00503 0.0330 0.0 32.0
11.937119 27.00503 0.0331 0.0 33.0
12.457434 26.049562 0.0331 0.0 33.0
10.074804 28.130358 0.0332 5.0 31.0
11.022379 28.66491 0.0332 5.0 31.0
11.022379 28.66491 0.0333 4.0 32.0
11.969954 29.199461 0.0333 4.0 32.0
11.969954 29.199461 0.0334 3.0 33.0
13.057786 29.183184 0.0334 3.0 33.0
13.057786 29.183184 0.0335 2.0 34.0
14.145618 29.166906 0.0335 2.0 34.0
14.145618 29.166906 0.0336 1.0 35.0
15.233451 29.150629 0.0336 1.0 35.0
15.233451 29.150629 0.0337 0.0 36.0
16.321283 29.134352 0.0337 0.0 36.0
16.321283 29.134352 0.0338 0.0 37.0
17.252441 28.571688 0.0338 0.0 37.0
11.969954 29.199461 0.0339 1.0 33.0
13.057786 29.183184 0.0339 1.0 33.0
13.057786 29.183184 0.0340 0.0 34.0
14.145618 29.166906 0.0340 0.0 34.0
14.145618 29.166906 0.0341 0.0 35.0
15.076776 28.604242 0.0341 0.0 35.0
4.389355 24.923048 0.0342 7.0 25.0
5.3369303 25.4576 0.0342 7.0 25.0
5.3369303 25.4576 0.0343 6.0 26.0
6.2845054 25.992151 0.0343 6.0 26.0
6.2845054 25.992151 0.0344 1.0 27.0
7.372338 25.975874 0.0344 1.0 27.0
7.372338 25.975874 0.0345 0.0 28.0
8.460171 25.959597 0.0345 0.0 28.0
8.460171 25.959597 0.0346 0.0 29.0
9.391328 25.396933 0.0346 0.0 29.0
6.2845054 25.992151 0.0347 1.0 27.0
7.2156625 25.429487 0.0347 1.0 27.0
7.2156625 25.429487 0.0348 0.0 28.0
8.14682 24.866823 0.0348 0.0 28.0
8.14682 24.866823 0.0349 0.0 29.0
8.667135 23.911356 0.0349 0.0 29.0
6.2845054 25.992151 0.0350 5.0 27.0
7.2320805 26.526703 0.0350 5.0 27.0
7.2320805 26.526703 0.0351 4.0 28.0
8.179655 27.061255 0.0351 4.0 28.0
8.179655 27.061255 0.0352 3.0 29.0
9.267488 27.044977 0.0352 3.0 29.0
9.267488 27.044977 0.0353 2.0 30.0
10.35532 27.0287 0.0353 2.0 30.0
10.35532 27.0287 0.0354 1.0 31.0
11.443152 27.012423 0.0354 1.0 31.0
11.443152 27.012423 0.0355 0.0 32.0
12.530985 26.996145 0.0355 0.0 32.0
12.530985 26.996145 0.0356 0.0 33.0
13.462142 26.433481 0.0356 0.0 33.0
8.179655 27.061255 0.0357 1.0 29.0
9.267488 27.044977 0.0357 1.0 29.0
9.267488 27.044977 0.0358 0.0 30.0
10.35532 27.0287 0.0358 0.0 30.0
10.35532 27.0287 0.0359 0.0 31.0
11.286477 26.466036 0.0359 0.0 31.0
