0.0 0.0 0.00 60.0 1.0
0.0 3.293842 0.00 60.0 1.0
0.0 3.293842 0.01 59.0 2.0
0.0 6.587684 0.01 59.0 2.0
0.0 6.587684 0.02 58.0 3.0
0.0 9.881526 0.02 58.0 3.0
0.0 9.881526 0.03 57.0 4.0
0.0 13.175368 0.03 57.0 4.0
0.0 13.175368 0.04 56.0 5.0
0.0 16.46921 0.04 56.0 5.0
0.0 16.46921 0.05 55.0 6.0
0.0 19.763052 0.05 55.0 6.0
0.0 19.763052 0.06 54.0 7.0
0.0 23.056894 0.06 54.0 7.0
0.0 23.056894 0.07 53.0 8.0
0.0 26.350737 0.07 53.0 8.0
0.0 26.350737 0.08 52.0 9.0
0.0 29.644579 0.08 52.0 9.0
0.0 29.644579 0.09 51.0 10.0
0.0 32.93842 0.09 51.0 10.0
0.0 32.93842 0.010 50.0 11.0
0.0 36.23226 0.010 50.0 11.0
0.0 36.23226 0.011 49.0 12.0
0.0 39.526104 0.011 49.0 12.0
0.0 39.526104 0.012 48.0 13.0
0.0 42.819946 0.012 48.0 13.0
0.0 42.819946 0.013 47.0 14.0
0.0 46.11379 0.013 47.0 14.0
0.0 46.11379 0.014 46.0 15.0
0.0 49.40763 0.014 46.0 15.0
0.0 49.40763 0.015 45.0 16.0
0.0 52.701473 0.015 45.0 16.0
0.0 52.701473 0.016 28.0 17.0
-2.1192782 55.222992 0.016 28.0 17.0
-2.1192782 55.222992 0.017 27.0 18.0
-4.2385564 57.74451 0.017 27.0 18.0
-4.2385564 57.74451 0.018 26.0 19.0
-6.357835 60.26603 0.018 26.0 19.0
-6.357835 60.26603 0.019 25.0 20.0
-8.477113 62.787548 0.019 25.0 20.0
-8.477113 62.787548 0.020 24.0 21.0
-10.596391 65.30907 0.020 24.0 21.0
-10.596391 65.30907 0.021 23.0 22.0
-12.715669 67.83058 0.021 23.0 22.0
-12.715669 67.83058 0.022 22.0 23.0
-14.834947 70.3521 0.022 22.0 23.0
-14.834947 70.3521 0.023 21.0 24.0
-16.954226 72.87361 0.023 21.0 24.0
-16.954226 72.87361 0.024 12.0 25.0
-20.198946 73.44034 0.024 12.0 25.0
-20.198946 73.44034 0.025 11.0 26.0
-23.443666 74.007065 0.025 11.0 26.0
-23.443666 74.007065 0.026 10.0 27.0
-26.688387 74.57379 0.026 10.0 27.0
-26.688387 74.57379 0.027 9.0 28.0
-29.933107 75.14052 0.027 9.0 28.0
-29.933107 75.14052 0.028 4.0 29.0
-32.052387 77.66203 0.028 4.0 29.0
-32.052387 77.66203 0.029 3.0 30.0
-34.171665 80.18355 0.029 3.0 30.0
-34.171665 80.18355 0.030 0.0 31.0
-37.416386 80.750275 0.030 0.0 31.0
-37.416386 80.750275 0.031 0.0 32.0
-40.661106 81.317 0.031 0.0 32.0
-34.171665 80.18355 0.032 2.0 31.0
-36.290943 82.70506 0.032 2.0 31.0
-36.290943 82.70506 0.033 1.0 32.0
-38.41022 85.22658 0.033 1.0 32.0
-38.41022 85.22658 0.034 0.0 33.0
-38.41022 88.52042 0.034 0.0 33.0
-38.41022 88.52042 0.035 0.0 34.0
-38.41022 91.814255 0.035 0.0 34.0
-38.41022 85.22658 0.036 0.0 33.0
-41.65494 85.793304 0.036 0.0 33.0
-41.65494 85.793304 0.037 0.0 34.0
-44.899662 86.36003 0.037 0.0 34.0
-29.933107 75.14052 0.038 8.0 29.0
-33.17783 75.707245 0.038 8.0 29.0
-33.17783 75.707245 0.039 7.0 30.0
-36.42255 76.27397 0.039 7.0 30.0
-36.42255 76.27397 0.040 6.0 31.0
-39.66727 76.8407 0.040 6.0 31.0
-39.66727 76.8407 0.041 5.0 32.0
-42.91199 77.407425 0.041 5.0 32.0
-42.91199 77.407425 0.042 4.0 33.0
-45.03127 79.92894 0.042 4.0 33.0
-45.03127 79.92894 0.043 3.0 34.0
-47.150547 82.450455 0.043 3.0 34.0
-47.150547 82.450455 0.044 0.0 35.0
-50.395267 83.01718 0.044 0.0 35.0
-50.395267 83.01718 0.045 0.0 36.0
-53.639988 83.58391 0.045 0.0 36.0
-47.150547 82.450455 0.046 2.0 35.0
-49.269825 84.97197 0.046 2.0 35.0
-49.269825 84.97197 0.047 1.0 36.0
-51.389103 87.493484 0.047 1.0 36.0
-51.389103 87.493484 0.048 0.0 37.0
-51.389103 90.78732 0.048 0.0 37.0
-51.389103 90.78732 0.049 0.0 38.0
-51.389103 94.08116 0.049 0.0 38.0
-51.389103 87.493484 0.050 0.0 37.0
-54.633823 88.06021 0.050 0.0 37.0
-54.633823 88.06021 0.051 0.0 38.0
-57.878544 88.62694 0.051 0.0 38.0
-42.91199 77.407425 0.052 4.0 33.0
-45.760544 75.75359 0.052 4.0 33.0
-45.760544 75.75359 0.053 3.0 34.0
-48.609097 74.09976 0.053 3.0 34.0
-48.609097 74.09976 0.054 0.0 35.0
-49.72565 71.00094 0.054 0.0 35.0
-49.72565 71.00094 0.055 0.0 36.0
-50.842205 67.902115 0.055 0.0 36.0
-48.609097 74.09976 0.056 2.0 35.0
-51.45765 72.44593 0.056 2.0 35.0
-51.45765 72.44593 0.057 1.0 36.0
-54.306202 70.7921 0.057 1.0 36.0
-54.306202 70.7921 0.058 0.0 37.0
-57.550922 71.358826 0.058 0.0 37.0
-57.550922 71.358826 0.059 0.0 38.0
-60.795643 71.92555 0.059 0.0 38.0
-54.306202 70.7921 0.060 0.0 37.0
-55.422756 67.693275 0.060 0.0 37.0
-55.422756 67.693275 0.061 0.0 38.0
-56.53931 64.59445 0.061 0.0 38.0
-16.954226 72.87361 0.062 20.0 25.0
-19.073503 75.39513 0.062 20.0 25.0
-19.073503 75.39513 0.063 19.0 26.0
-21.192781 77.91664 0.063 19.0 26.0
-21.192781 77.91664 0.064 18.0 27.0
-23.31206 80.438156 0.064 18.0 27.0
-23.31206 80.438156 0.065 17.0 28.0
-25.431337 82.95967 0.065 17.0 28.0
-25.431337 82.95967 0.066 16.0 29.0
-27.550615 85.481186 0.066 16.0 29.0
-27.550615 85.481186 0.067 15.0 30.0
-29.669893 88.0027 0.067 15.0 30.0
-29.669893 88.0027 0.068 14.0 31.0
-31.789171 90.524216 0.068 14.0 31.0
-31.789171 90.524216 0.069 13.0 32.0
-33.90845 93.04573 0.069 13.0 32.0
-33.90845 93.04573 0.070 12.0 33.0
-33.90845 96.33957 0.070 12.0 33.0
-33.90845 96.33957 0.071 11.0 34.0
-33.90845 99.63341 0.071 11.0 34.0
-33.90845 99.63341 0.072 10.0 35.0
-33.90845 102.927246 0.072 10.0 35.0
-33.90845 102.927246 0.073 9.0 36.0
-33.90845 106.221085 0.073 9.0 36.0
-33.90845 106.221085 0.074 4.0 37.0
-31.789173 108.7426 0.074 4.0 37.0
-31.789173 108.7426 0.075 3.0 38.0
-29.669895 111.264114 0.075 3.0 38.0
-29.669895 111.264114 0.076 0.0 39.0
-29.669895 114.55795 0.076 0.0 39.0
-29.669895 114.55795 0.077 0.0 40.0
-29.669895 117.85179 0.077 0.0 40.0
-29.669895 111.264114 0.078 2.0 39.0
-27.550617 113.78563 0.078 2.0 39.0
-27.550617 113.78563 0.079 1.0 40.0
-25.43134 116.307144 0.079 1.0 40.0
-25.43134 116.307144 0.080 0.0 41.0
-22.186619 116.87387 0.080 0.0 41.0
-22.186619 116.87387 0.081 0.0 42.0
-18.941898 117.4406 0.081 0.0 42.0
-25.43134 116.307144 0.082 0.0 41.0
-25.43134 119.60098 0.082 0.0 41.0
-25.43134 119.60098 0.083 0.0 42.0
-25.43134 122.89482 0.083 0.0 42.0
-33.90845 106.221085 0.084 8.0 37.0
-33.90845 109.51492 0.084 8.0 37.0
-33.90845 109.51492 0.085 7.0 38.0
-33.90845 112.80876 0.085 7.0 38.0
-33.90845 112.80876 0.086 6.0 39.0
-33.90845 116.1026 0.086 6.0 39.0
-33.90845 116.1026 0.087 5.0 40.0
-33.90845 119.39644 0.087 5.0 40.0
-33.90845 119.39644 0.088 4.0 41.0
-31.789173 121.91795 0.088 4.0 41.0
-31.789173 121.91795 0.089 3.0 42.0
-29.669895 124.43947 0.089 3.0 42.0
-29.669895 124.43947 0.090 0.0 43.0
-29.669895 127.73331 0.090 0.0 43.0
-29.669895 127.73331 0.091 0.0 44.0
-29.669895 131.02715 0.091 0.0 44.0
-29.669895 124.43947 0.092 2.0 43.0
-27.550617 126.96098 0.092 2.0 43.0
-27.550617 126.96098 0.093 1.0 44.0
-25.43134 129.4825 0.093 1.0 44.0
-25.43134 129.4825 0.094 0.0 45.0
-22.186619 130.04922 0.094 0.0 45.0
-22.186619 130.04922 0.095 0.0 46.0
-18.941898 130.61595 0.095 0.0 46.0
-25.43134 129.4825 0.096 0.0 45.0
-25.43134 132.77634 0.096 0.0 45.0
-25.43134 132.77634 0.097 0.0 46.0
-25.43134 136.07018 0.097 0.0 46.0
-33.90845 119.39644 0.098 4.0 41.0
-36.02773 121.91795 0.098 4.0 41.0
-36.02773 121.91795 0.099 3.0 42.0
-38.147007 124.43947 0.099 3.0 42.0
-38.147007 124.43947 0.0100 0.0 43.0
-41.391727 125.006195 0.0100 0.0 43.0
-41.391727 125.006195 0.0101 0.0 44.0
-44.636448 125.57292 0.0101 0.0 44.0
-38.147007 124.43947 0.0102 2.0 43.0
-40.266285 126.96098 0.0102 2.0 43.0
-40.266285 126.96098 0.0103 1.0 44.0
-42.385563 129.4825 0.0103 1.0 44.0
-42.385563 129.4825 0.0104 0.0 45.0
-42.385563 132.77634 0.0104 0.0 45.0
-42.385563 132.77634 0.0105 0.0 46.0
-42.385563 136.07018 0.0105 0.0 46.0
-42.385563 129.4825 0.0106 0.0 45.0
-45.630283 130.04922 0.0106 0.0 45.0
-45.630283 130.04922 0.0107 0.0 46.0
-48.875004 130.61595 0.0107 0.0 46.0
-33.90845 93.04573 0.0108 12.0 33.0
-37.15317 93.61246 0.0108 12.0 33.0
-37.15317 93.61246 0.0109 11.0 34.0
-40.397892 94.179184 0.0109 11.0 34.0
-40.397892 94.179184 0.0110 10.0 35.0
-43.642612 94.74591 0.0110 10.0 35.0
-43.642612 94.74591 0.0111 9.0 36.0
-46.887333 95.31264 0.0111 9.0 36.0
-46.887333 95.31264 0.0112 4.0 37.0
-49.00661 97.83415 0.0112 4.0 37.0
-49.00661 97.83415 0.0113 3.0 38.0
-51.12589 100.35567 0.0113 3.0 38.0
-51.12589 100.35567 0.0114 0.0 39.0
-54.37061 100.92239 0.0114 0.0 39.0
-54.37061 100.92239 0.0115 0.0 40.0
-57.61533 101.48912 0.0115 0.0 40.0
-51.12589 100.35567 0.0116 2.0 39.0
-53.245167 102.87718 0.0116 2.0 39.0
-53.245167 102.87718 0.0117 1.0 40.0
-55.364445 105.3987 0.0117 1.0 40.0
-55.364445 105.3987 0.0118 0.0 41.0
-55.364445 108.692535 0.0118 0.0 41.0
-55.364445 108.692535 0.0119 0.0 42.0
-55.364445 111.986374 0.0119 0.0 42.0
-55.364445 105.3987 0.0120 0.0 41.0
-58.609165 105.96542 0.0120 0.0 41.0
-58.609165 105.96542 0.0121 0.0 42.0
-61.853886 106.53215 0.0121 0.0 42.0
-46.887333 95.31264 0.0122 8.0 37.0
-50.132053 95.879364 0.0122 8.0 37.0
-50.132053 95.879364 0.0123 7.0 38.0
-53.376774 96.44609 0.0123 7.0 38.0
-53.376774 96.44609 0.0124 6.0 39.0
-56.621494 97.01282 0.0124 6.0 39.0
-56.621494 97.01282 0.0125 5.0 40.0
-59.866215 97.579544 0.0125 5.0 40.0
-59.866215 97.579544 0.0126 4.0 41.0
-61.985493 100.10106 0.0126 4.0 41.0
-61.985493 100.10106 0.0127 3.0 42.0
-64.104774 102.622574 0.0127 3.0 42.0
-64.104774 102.622574 0.0128 0.0 43.0
-67.349495 103.1893 0.0128 0.0 43.0
-67.349495 103.1893 0.0129 0.0 44.0
-70.594215 103.75603 0.0129 0.0 44.0
-64.104774 102.622574 0.0130 2.0 43.0
-66.22405 105.14409 0.0130 2.0 43.0
-66.22405 105.14409 0.0131 1.0 44.0
-68.34333 107.6656 0.0131 1.0 44.0
-68.34333 107.6656 0.0132 0.0 45.0
-68.34333 110.95944 0.0132 0.0 45.0
-68.34333 110.95944 0.0133 0.0 46.0
-68.34333 114.25328 0.0133 0.0 46.0
-68.34333 107.6656 0.0134 0.0 45.0
-71.58805 108.23233 0.0134 0.0 45.0
-71.58805 108.23233 0.0135 0.0 46.0
-74.83277 108.79906 0.0135 0.0 46.0
-59.866215 97.579544 0.0136 4.0 41.0
-62.714767 95.92571 0.0136 4.0 41.0
-62.714767 95.92571 0.0137 3.0 42.0
-65.56332 94.27188 0.0137 3.0 42.0
-65.56332 94.27188 0.0138 0.0 43.0
-66.67987 91.17306 0.0138 0.0 43.0
-66.67987 91.17306 0.0139 0.0 44.0
-67.796425 88.074234 0.0139 0.0 44.0
-65.56332 94.27188 0.0140 2.0 43.0
-68.411865 92.61805 0.0140 2.0 43.0
-68.411865 92.61805 0.0141 1.0 44.0
-71.260414 90.96422 0.0141 1.0 44.0
-71.260414 90.96422 0.0142 0.0 45.0
-74.505135 91.530945 0.0142 0.0 45.0
-74.505135 91.530945 0.0143 0.0 46.0
-77.749855 92.09767 0.0143 0.0 46.0
-71.260414 90.96422 0.0144 0.0 45.0
-72.37697 87.865395 0.0144 0.0 45.0
-72.37697 87.865395 0.0145 0.0 46.0
-73.49352 84.76657 0.0145 0.0 46.0
0.0 52.701473 0.0146 44.0 17.0
0.0 55.995316 0.0146 44.0 17.0
0.0 55.995316 0.0147 43.0 18.0
0.0 59.289158 0.0147 43.0 18.0
0.0 59.289158 0.0148 42.0 19.0
0.0 62.583 0.0148 42.0 19.0
0.0 62.583 0.0149 41.0 20.0
0.0 65.87684 0.0149 41.0 20.0
0.0 65.87684 0.0150 40.0 21.0
0.0 69.17068 0.0150 40.0 21.0
0.0 69.17068 0.0151 39.0 22.0
0.0 72.464516 0.0151 39.0 22.0
0.0 72.464516 0.0152 38.0 23.0
0.0 75.758354 0.0152 38.0 23.0
0.0 75.758354 0.0153 37.0 24.0
0.0 79.05219 0.0153 37.0 24.0
0.0 79.05219 0.0154 36.0 25.0
0.0 82.34603 0.0154 36.0 25.0
0.0 82.34603 0.0155 35.0 26.0
0.0 85.63987 0.0155 35.0 26.0
0.0 85.63987 0.0156 34.0 27.0
0.0 88.93371 0.0156 34.0 27.0
0.0 88.93371 0.0157 33.0 28.0
0.0 92.22755 0.0157 33.0 28.0
0.0 92.22755 0.0158 32.0 29.0
0.0 95.521385 0.0158 32.0 29.0
0.0 95.521385 0.0159 31.0 30.0
0.0 98.81522 0.0159 31.0 30.0
0.0 98.81522 0.0160 30.0 31.0
0.0 102.10906 0.0160 30.0 31.0
0.0 102.10906 0.0161 29.0 32.0
0.0 105.4029 0.0161 29.0 32.0
0.0 105.4029 0.0162 28.0 33.0
2.1192782 107.924416 0.0162 28.0 33.0
2.1192782 107.924416 0.0163 27.0 34.0
4.2385564 110.44593 0.0163 27.0 34.0
4.2385564 110.44593 0.0164 26.0 35.0
6.357835 112.967445 0.0164 26.0 35.0
6.357835 112.967445 0.0165 25.0 36.0
8.477113 115.48896 0.0165 25.0 36.0
8.477113 115.48896 0.0166 24.0 37.0
10.596391 118.010475 0.0166 24.0 37.0
10.596391 118.010475 0.0167 23.0 38.0
12.715669 120.53199 0.0167 23.0 38.0
12.715669 120.53199 0.0168 22.0 39.0
14.834947 123.053505 0.0168 22.0 39.0
14.834947 123.053505 0.0169 21.0 40.0
16.954226 125.57502 0.0169 21.0 40.0
16.954226 125.57502 0.0170 12.0 41.0
16.954226 128.86887 0.0170 12.0 41.0
16.954226 128.86887 0.0171 11.0 42.0
16.954226 132.1627 0.0171 11.0 42.0
16.954226 132.1627 0.0172 10.0 43.0
16.954226 135.45654 0.0172 10.0 43.0
16.954226 135.45654 0.0173 9.0 44.0
16.954226 138.75038 0.0173 9.0 44.0
16.954226 138.75038 0.0174 4.0 45.0
19.073503 141.2719 0.0174 4.0 45.0
19.073503 141.2719 0.0175 3.0 46.0
21.192781 143.79341 0.0175 3.0 46.0
21.192781 143.79341 0.0176 0.0 47.0
21.192781 147.08725 0.0176 0.0 47.0
21.192781 147.08725 0.0177 0.0 48.0
21.192781 150.38109 0.0177 0.0 48.0
21.192781 143.79341 0.0178 2.0 47.0
23.31206 146.31493 0.0178 2.0 47.0
23.31206 146.31493 0.0179 1.0 48.0
25.431337 148.83644 0.0179 1.0 48.0
25.431337 148.83644 0.0180 0.0 49.0
28.676058 149.40317 0.0180 0.0 49.0
28.676058 149.40317 0.0181 0.0 50.0
31.920778 149.9699 0.0181 0.0 50.0
25.431337 148.83644 0.0182 0.0 49.0
25.431337 152.13028 0.0182 0.0 49.0
25.431337 152.13028 0.0183 0.0 50.0
25.431337 155.42412 0.0183 0.0 50.0
16.954226 138.75038 0.0184 8.0 45.0
16.954226 142.04422 0.0184 8.0 45.0
16.954226 142.04422 0.0185 7.0 46.0
16.954226 145.33806 0.0185 7.0 46.0
16.954226 145.33806 0.0186 6.0 47.0
16.954226 148.6319 0.0186 6.0 47.0
16.954226 148.6319 0.0187 5.0 48.0
16.954226 151.92574 0.0187 5.0 48.0
16.954226 151.92574 0.0188 4.0 49.0
19.073503 154.44725 0.0188 4.0 49.0
19.073503 154.44725 0.0189 3.0 50.0
21.192781 156.96877 0.0189 3.0 50.0
21.192781 156.96877 0.0190 0.0 51.0
21.192781 160.2626 0.0190 0.0 51.0
21.192781 160.2626 0.0191 0.0 52.0
21.192781 163.55644 0.0191 0.0 52.0
21.192781 156.96877 0.0192 2.0 51.0
23.31206 159.49028 0.0192 2.0 51.0
23.31206 159.49028 0.0193 1.0 52.0
25.431337 162.0118 0.0193 1.0 52.0
25.431337 162.0118 0.0194 0.0 53.0
28.676058 162.57852 0.0194 0.0 53.0
28.676058 162.57852 0.0195 0.0 54.0
31.920778 163.14525 0.0195 0.0 54.0
25.431337 162.0118 0.0196 0.0 53.0
25.431337 165.30563 0.0196 0.0 53.0
25.431337 165.30563 0.0197 0.0 54.0
25.431337 168.59947 0.0197 0.0 54.0
16.954226 151.92574 0.0198 4.0 49.0
14.834948 154.44725 0.0198 4.0 49.0
14.834948 154.44725 0.0199 3.0 50.0
12.71567 156.96877 0.0199 3.0 50.0
12.71567 156.96877 0.0200 0.0 51.0
9.470949 157.53549 0.0200 0.0 51.0
9.470949 157.53549 0.0201 0.0 52.0
6.226228 158.10222 0.0201 0.0 52.0
12.71567 156.96877 0.0202 2.0 51.0
10.596392 159.49028 0.0202 2.0 51.0
10.596392 159.49028 0.0203 1.0 52.0
8.477114 162.0118 0.0203 1.0 52.0
8.477114 162.0118 0.0204 0.0 53.0
8.477114 165.30563 0.0204 0.0 53.0
8.477114 165.30563 0.0205 0.0 54.0
8.477114 168.59947 0.0205 0.0 54.0
8.477114 162.0118 0.0206 0.0 53.0
5.232393 162.57852 0.0206 0.0 53.0
5.232393 162.57852 0.0207 0.0 54.0
1.9876719 163.14525 0.0207 0.0 54.0
16.954226 125.57502 0.0208 20.0 41.0
19.073503 128.09654 0.0208 20.0 41.0
19.073503 128.09654 0.0209 19.0 42.0
21.192781 130.61806 0.0209 19.0 42.0
21.192781 130.61806 0.0210 18.0 43.0
23.31206 133.13957 0.0210 18.0 43.0
23.31206 133.13957 0.0211 17.0 44.0
25.431337 135.66109 0.0211 17.0 44.0
25.431337 135.66109 0.0212 16.0 45.0
27.550615 138.1826 0.0212 16.0 45.0
27.550615 138.1826 0.0213 15.0 46.0
29.669893 140.70412 0.0213 15.0 46.0
29.669893 140.70412 0.0214 14.0 47.0
31.789171 143.22563 0.0214 14.0 47.0
31.789171 143.22563 0.0215 13.0 48.0
33.90845 145.74715 0.0215 13.0 48.0
33.90845 145.74715 0.0216 12.0 49.0
37.15317 146.31387 0.0216 12.0 49.0
37.15317 146.31387 0.0217 11.0 50.0
40.397892 146.8806 0.0217 11.0 50.0
40.397892 146.8806 0.0218 10.0 51.0
43.642612 147.44733 0.0218 10.0 51.0
43.642612 147.44733 0.0219 9.0 52.0
46.887333 148.01405 0.0219 9.0 52.0
46.887333 148.01405 0.0220 4.0 53.0
49.735886 146.36023 0.0220 4.0 53.0
49.735886 146.36023 0.0221 3.0 54.0
52.58444 144.7064 0.0221 3.0 54.0
52.58444 144.7064 0.0222 0.0 55.0
55.82916 145.27313 0.0222 0.0 55.0
55.82916 145.27313 0.0223 0.0 56.0
59.07388 145.83986 0.0223 0.0 56.0
52.58444 144.7064 0.0224 2.0 55.0
55.43299 143.05258 0.0224 2.0 55.0
55.43299 143.05258 0.0225 1.0 56.0
58.281544 141.39876 0.0225 1.0 56.0
58.281544 141.39876 0.0226 0.0 57.0
59.398098 138.29994 0.0226 0.0 57.0
59.398098 138.29994 0.0227 0.0 58.0
60.514652 135.20113 0.0227 0.0 58.0
58.281544 141.39876 0.0228 0.0 57.0
61.526264 141.96548 0.0228 0.0 57.0
61.526264 141.96548 0.0229 0.0 58.0
64.77099 142.53221 0.0229 0.0 58.0
46.887333 148.01405 0.0230 8.0 53.0
50.132053 148.58078 0.0230 8.0 53.0
50.132053 148.58078 0.0231 7.0 54.0
53.376774 149.1475 0.0231 7.0 54.0
53.376774 149.1475 0.0232 6.0 55.0
56.621494 149.71423 0.0232 6.0 55.0
56.621494 149.71423 0.0233 5.0 56.0
59.866215 150.28096 0.0233 5.0 56.0
59.866215 150.28096 0.0234 4.0 57.0
62.714767 148.62714 0.0234 4.0 57.0
62.714767 148.62714 0.0235 3.0 58.0
65.56332 146.97331 0.0235 3.0 58.0
65.56332 146.97331 0.0236 0.0 59.0
68.80804 147.54004 0.0236 0.0 59.0
68.80804 147.54004 0.0237 0.0 60.0
72.05276 148.10677 0.0237 0.0 60.0
65.56332 146.97331 0.0238 2.0 59.0
68.411865 145.31949 0.0238 2.0 59.0
68.411865 145.31949 0.0239 1.0 60.0
71.260414 143.66566 0.0239 1.0 60.0
71.260414 143.66566 0.0240 0.0 61.0
72.37697 140.56685 0.0240 0.0 61.0
72.37697 140.56685 0.0241 0.0 62.0
73.49352 137.46803 0.0241 0.0 62.0
71.260414 143.66566 0.0242 0.0 61.0
74.505135 144.23239 0.0242 0.0 61.0
74.505135 144.23239 0.0243 0.0 62.0
77.749855 144.79912 0.0243 0.0 62.0
59.866215 150.28096 0.0244 4.0 57.0
61.985493 152.80247 0.0244 4.0 57.0
61.985493 152.80247 0.0245 3.0 58.0
64.104774 155.32399 0.0245 3.0 58.0
64.104774 155.32399 0.0246 0.0 59.0
64.104774 158.61783 0.0246 0.0 59.0
64.104774 158.61783 0.0247 0.0 60.0
64.104774 161.91167 0.0247 0.0 60.0
64.104774 155.32399 0.0248 2.0 59.0
66.22405 157.8455 0.0248 2.0 59.0
66.22405 157.8455 0.0249 1.0 60.0
68.34333 160.36702 0.0249 1.0 60.0
68.34333 160.36702 0.0250 0.0 61.0
71.58805 160.93375 0.0250 0.0 61.0
71.58805 160.93375 0.0251 0.0 62.0
74.83277 161.50047 0.0251 0.0 62.0
68.34333 160.36702 0.0252 0.0 61.0
68.34333 163.66086 0.0252 0.0 61.0
68.34333 163.66086 0.0253 0.0 62.0
68.34333 166.9547 0.0253 0.0 62.0
33.90845 145.74715 0.0254 12.0 49.0
33.90845 149.04099 0.0254 12.0 49.0
33.90845 149.04099 0.0255 11.0 50.0
33.90845 152.33482 0.0255 11.0 50.0
33.90845 152.33482 0.0256 10.0 51.0
33.90845 155.62866 0.0256 10.0 51.0
33.90845 155.62866 0.0257 9.0 52.0
33.90845 158.9225 0.0257 9.0 52.0
33.90845 158.9225 0.0258 4.0 53.0
36.02773 161.44402 0.0258 4.0 53.0
36.02773 161.44402 0.0259 3.0 54.0
38.147007 163.96553 0.0259 3.0 54.0
38.147007 163.96553 0.0260 0.0 55.0
38.147007 167.25937 0.0260 0.0 55.0
38.147007 167.25937 0.0261 0.0 56.0
38.147007 170.5532 0.0261 0.0 56.0
38.147007 163.96553 0.0262 2.0 55.0
40.266285 166.48705 0.0262 2.0 55.0
40.266285 166.48705 0.0263 1.0 56.0
42.385563 169.00856 0.0263 1.0 56.0
42.385563 169.00856 0.0264 0.0 57.0
45.630283 169.57529 0.0264 0.0 57.0
45.630283 169.57529 0.0265 0.0 58.0
48.875004 170.14201 0.0265 0.0 58.0
42.385563 169.00856 0.0266 0.0 57.0
42.385563 172.3024 0.0266 0.0 57.0
42.385563 172.3024 0.0267 0.0 58.0
42.385563 175.59624 0.0267 0.0 58.0
33.90845 158.9225 0.0268 8.0 53.0
33.90845 162.21634 0.0268 8.0 53.0
33.90845 162.21634 0.0269 7.0 54.0
33.90845 165.51018 0.0269 7.0 54.0
33.90845 165.51018 0.0270 6.0 55.0
33.90845 168.80402 0.0270 6.0 55.0
33.90845 168.80402 0.0271 5.0 56.0
33.90845 172.09785 0.0271 5.0 56.0
33.90845 172.09785 0.0272 4.0 57.0
36.02773 174.61937 0.0272 4.0 57.0
36.02773 174.61937 0.0273 3.0 58.0
38.147007 177.14088 0.0273 3.0 58.0
38.147007 177.14088 0.0274 0.0 59.0
38.147007 180.43472 0.0274 0.0 59.0
38.147007 180.43472 0.0275 0.0 60.0
38.147007 183.72856 0.0275 0.0 60.0
38.147007 177.14088 0.0276 2.0 59.0
40.266285 179.6624 0.0276 2.0 59.0
40.266285 179.6624 0.0277 1.0 60.0
42.385563 182.18391 0.0277 1.0 60.0
42.385563 182.18391 0.0278 0.0 61.0
45.630283 182.75064 0.0278 0.0 61.0
45.630283 182.75064 0.0279 0.0 62.0
48.875004 183.31737 0.0279 0.0 62.0
42.385563 182.18391 0.0280 0.0 61.0
42.385563 185.47775 0.0280 0.0 61.0
42.385563 185.47775 0.0281 0.0 62.0
42.385563 188.77159 0.0281 0.0 62.0
33.90845 172.09785 0.0282 4.0 57.0
31.789173 174.61937 0.0282 4.0 57.0
31.789173 174.61937 0.0283 3.0 58.0
29.669895 177.14088 0.0283 3.0 58.0
29.669895 177.14088 0.0284 0.0 59.0
26.425175 177.70761 0.0284 0.0 59.0
26.425175 177.70761 0.0285 0.0 60.0
23.180454 178.27434 0.0285 0.0 60.0
29.669895 177.14088 0.0286 2.0 59.0
27.550617 179.6624 0.0286 2.0 59.0
27.550617 179.6624 0.0287 1.0 60.0
25.43134 182.18391 0.0287 1.0 60.0
25.43134 182.18391 0.0288 0.0 61.0
25.43134 185.47775 0.0288 0.0 61.0
25.43134 185.47775 0.0289 0.0 62.0
25.43134 188.77159 0.0289 0.0 62.0
25.43134 182.18391 0.0290 0.0 61.0
22.186619 182.75064 0.0290 0.0 61.0
22.186619 182.75064 0.0291 0.0 62.0
18.941898 183.31737 0.0291 0.0 62.0
0.0 105.4029 0.0292 28.0 33.0
-2.1192782 107.924416 0.0292 28.0 33.0
-2.1192782 107.924416 0.0293 27.0 34.0
-4.2385564 110.44593 0.0293 27.0 34.0
-4.2385564 110.44593 0.0294 26.0 35.0
-6.357835 112.967445 0.0294 26.0 35.0
-6.357835 112.967445 0.0295 25.0 36.0
-8.477113 115.48896 0.0295 25.0 36.0
-8.477113 115.48896 0.0296 24.0 37.0
-10.596391 118.010475 0.0296 24.0 37.0
-10.596391 118.010475 0.0297 23.0 38.0
-12.715669 120.53199 0.0297 23.0 38.0
-12.715669 120.53199 0.0298 22.0 39.0
-14.834947 123.053505 0.0298 22.0 39.0
-14.834947 123.053505 0.0299 21.0 40.0
-16.954226 125.57502 0.0299 21.0 40.0
-16.954226 125.57502 0.0300 12.0 41.0
-20.198946 126.14175 0.0300 12.0 41.0
-20.198946 126.14175 0.0301 11.0 42.0
-23.443666 126.70847 0.0301 11.0 42.0
-23.443666 126.70847 0.0302 10.0 43.0
-26.688387 127.2752 0.0302 10.0 43.0
-26.688387 127.2752 0.0303 9.0 44.0
-29.933107 127.84193 0.0303 9.0 44.0
-29.933107 127.84193 0.0304 4.0 45.0
-32.052387 130.36345 0.0304 4.0 45.0
-32.052387 130.36345 0.0305 3.0 46.0
-34.171665 132.88496 0.0305 3.0 46.0
-34.171665 132.88496 0.0306 0.0 47.0
-37.416386 133.45169 0.0306 0.0 47.0
-37.416386 133.45169 0.0307 0.0 48.0
-40.661106 134.01842 0.0307 0.0 48.0
-34.171665 132.88496 0.0308 2.0 47.0
-36.290943 135.40648 0.0308 2.0 47.0
-36.290943 135.40648 0.0309 1.0 48.0
-38.41022 137.928 0.0309 1.0 48.0
-38.41022 137.928 0.0310 0.0 49.0
-38.41022 141.22183 0.0310 0.0 49.0
-38.41022 141.22183 0.0311 0.0 50.0
-38.41022 144.51567 0.0311 0.0 50.0
-38.41022 137.928 0.0312 0.0 49.0
-41.65494 138.49472 0.0312 0.0 49.0
-41.65494 138.49472 0.0313 0.0 50.0
-44.899662 139.06145 0.0313 0.0 50.0
-29.933107 127.84193 0.0314 8.0 45.0
-33.17783 128.40866 0.0314 8.0 45.0
-33.17783 128.40866 0.0315 7.0 46.0
-36.42255 128.97539 0.0315 7.0 46.0
-36.42255 128.97539 0.0316 6.0 47.0
-39.66727 129.54211 0.0316 6.0 47.0
-39.66727 129.54211 0.0317 5.0 48.0
-42.91199 130.10884 0.0317 5.0 48.0
-42.91199 130.10884 0.0318 4.0 49.0
-45.03127 132.63036 0.0318 4.0 49.0
-45.03127 132.63036 0.0319 3.0 50.0
-47.150547 135.15187 0.0319 3.0 50.0
-47.150547 135.15187 0.0320 0.0 51.0
-50.395267 135.7186 0.0320 0.0 51.0
-50.395267 135.7186 0.0321 0.0 52.0
-53.639988 136.28532 0.0321 0.0 52.0
-47.150547 135.15187 0.0322 2.0 51.0
-49.269825 137.67339 0.0322 2.0 51.0
-49.269825 137.67339 0.0323 1.0 52.0
-51.389103 140.1949 0.0323 1.0 52.0
-51.389103 140.1949 0.0324 0.0 53.0
-51.389103 143.48874 0.0324 0.0 53.0
-51.389103 143.48874 0.0325 0.0 54.0
-51.389103 146.78258 0.0325 0.0 54.0
-51.389103 140.1949 0.0326 0.0 53.0
-54.633823 140.76163 0.0326 0.0 53.0
-54.633823 140.76163 0.0327 0.0 54.0
-57.878544 141.32835 0.0327 0.0 54.0
-42.91199 130.10884 0.0328 4.0 49.0
-45.760544 128.45502 0.0328 4.0 49.0
-45.760544 128.45502 0.0329 3.0 50.0
-48.609097 126.801186 0.0329 3.0 50.0
-48.609097 126.801186 0.0330 0.0 51.0
-49.72565 123.70236 0.0330 0.0 51.0
-49.72565 123.70236 0.0331 0.0 52.0
-50.842205 120.60354 0.0331 0.0 52.0
-48.609097 126.801186 0.0332 2.0 51.0
-51.45765 125.147354 0.0332 2.0 51.0
-51.45765 125.147354 0.0333 1.0 52.0
-54.306202 123.49352 0.0333 1.0 52.0
-54.306202 123.49352 0.0334 0.0 53.0
-57.550922 124.06025 0.0334 0.0 53.0
-57.550922 124.06025 0.0335 0.0 54.0
-60.795643 124.626976 0.0335 0.0 54.0
-54.306202 123.49352 0.0336 0.0 53.0
-55.422756 120.3947 0.0336 0.0 53.0
-55.422756 120.3947 0.0337 0.0 54.0
-56.53931 117.295876 0.0337 0.0 54.0
-16.954226 125.57502 0.0338 20.0 41.0
-19.073503 128.09654 0.0338 20.0 41.0
-19.073503 128.09654 0.0339 19.0 42.0
-21.192781 130.61806 0.0339 19.0 42.0
-21.192781 130.61806 0.0340 18.0 43.0
-23.31206 133.13957 0.0340 18.0 43.0
-23.31206 133.13957 0.0341 17.0 44.0
-25.431337 135.66109 0.0341 17.0 44.0
-25.431337 135.66109 0.0342 16.0 45.0
-27.550615 138.1826 0.0342 16.0 45.0
-27.550615 138.1826 0.0343 15.0 46.0
-29.669893 140.70412 0.0343 15.0 46.0
-29.669893 140.70412 0.0344 14.0 47.0
-31.789171 143.22563 0.0344 14.0 47.0
-31.789171 143.22563 0.0345 13.0 48.0
-33.90845 145.74715 0.0345 13.0 48.0
-33.90845 145.74715 0.0346 12.0 49.0
-33.90845 149.04099 0.0346 12.0 49.0
-33.90845 149.04099 0.0347 11.0 50.0
-33.90845 152.33482 0.0347 11.0 50.0
-33.90845 152.33482 0.0348 10.0 51.0
-33.90845 155.62866 0.0348 10.0 51.0
-33.90845 155.62866 0.0349 9.0 52.0
-33.90845 158.9225 0.0349 9.0 52.0
-33.90845 158.9225 0.0350 4.0 53.0
-31.789173 161.44402 0.0350 4.0 53.0
-31.789173 161.44402 0.0351 3.0 54.0
-29.669895 163.96553 0.0351 3.0 54.0
-29.669895 163.96553 0.0352 0.0 55.0
-29.669895 167.25937 0.0352 0.0 55.0
-29.669895 167.25937 0.0353 0.0 56.0
-29.669895 170.5532 0.0353 0.0 56.0
-29.669895 163.96553 0.0354 2.0 55.0
-27.550617 166.48705 0.0354 2.0 55.0
-27.550617 166.48705 0.0355 1.0 56.0
-25.43134 169.00856 0.0355 1.0 56.0
-25.43134 169.00856 0.0356 0.0 57.0
-22.186619 169.57529 0.0356 0.0 57.0
-22.186619 169.57529 0.0357 0.0 58.0
-18.941898 170.14201 0.0357 0.0 58.0
-25.43134 169.00856 0.0358 0.0 57.0
-25.43134 172.3024 0.0358 0.0 57.0
-25.43134 172.3024 0.0359 0.0 58.0
-25.43134 175.59624 0.0359 0.0 58.0
-33.90845 158.9225 0.0360 8.0 53.0
-33.90845 162.21634 0.0360 8.0 53.0
-33.90845 162.21634 0.0361 7.0 54.0
-33.90845 165.51018 0.0361 7.0 54.0
-33.90845 165.51018 0.0362 6.0 55.0
-33.90845 168.80402 0.0362 6.0 55.0
-33.90845 168.80402 0.0363 5.0 56.0
-33.90845 172.09785 0.0363 5.0 56.0
-33.90845 172.09785 0.0364 4.0 57.0
-31.789173 174.61937 0.0364 4.0 57.0
-31.789173 174.61937 0.0365 3.0 58.0
-29.669895 177.14088 0.0365 3.0 58.0
-29.669895 177.14088 0.0366 0.0 59.0
-29.669895 180.43472 0.0366 0.0 59.0
-29.669895 180.43472 0.0367 0.0 60.0
-29.669895 183.72856 0.0367 0.0 60.0
-29.669895 177.14088 0.0368 2.0 59.0
-27.550617 179.6624 0.0368 2.0 59.0
-27.550617 179.6624 0.0369 1.0 60.0
-25.43134 182.18391 0.0369 1.0 60.0
-25.43134 182.18391 0.0370 0.0 61.0
-22.186619 182.75064 0.0370 0.0 61.0
-22.186619 182.75064 0.0371 0.0 62.0
-18.941898 183.31737 0.0371 0.0 62.0
-25.43134 182.18391 0.0372 0.0 61.0
-25.43134 185.47775 0.0372 0.0 61.0
-25.43134 185.47775 0.0373 0.0 62.0
-25.43134 188.77159 0.0373 0.0 62.0
-33.90845 172.09785 0.0374 4.0 57.0
-36.02773 174.61937 0.0374 4.0 57.0
-36.02773 174.61937 0.0375 3.0 58.0
-38.147007 177.14088 0.0375 3.0 58.0
-38.147007 177.14088 0.0376 0.0 59.0
-41.391727 177.70761 0.0376 0.0 59.0
-41.391727 177.70761 0.0377 0.0 60.0
-44.636448 178.27434 0.0377 0.0 60.0
-38.147007 177.14088 0.0378 2.0 59.0
-40.266285 179.6624 0.0378 2.0 59.0
-40.266285 179.6624 0.0379 1.0 60.0
-42.385563 182.18391 0.0379 1.0 60.0
-42.385563 182.18391 0.0380 0.0 61.0
-42.385563 185.47775 0.0380 0.0 61.0
-42.385563 185.47775 0.0381 0.0 62.0
-42.385563 188.77159 0.0381 0.0 62.0
-42.385563 182.18391 0.0382 0.0 61.0
-45.630283 182.75064 0.0382 0.0 61.0
-45.630283 182.75064 0.0383 0.0 62.0
-48.875004 183.31737 0.0383 0.0 62.0
-33.90845 145.74715 0.0384 12.0 49.0
-37.15317 146.31387 0.0384 12.0 49.0
-37.15317 146.31387 0.0385 11.0 50.0
-40.397892 146.8806 0.0385 11.0 50.0
-40.397892 146.8806 0.0386 10.0 51.0
-43.642612 147.44733 0.0386 10.0 51.0
-43.642612 147.44733 0.0387 9.0 52.0
-46.887333 148.01405 0.0387 9.0 52.0
-46.887333 148.01405 0.0388 4.0 53.0
-49.00661 150.53557 0.0388 4.0 53.0
-49.00661 150.53557 0.0389 3.0 54.0
-51.12589 153.05708 0.0389 3.0 54.0
-51.12589 153.05708 0.0390 0.0 55.0
-54.37061 153.62381 0.0390 0.0 55.0
-54.37061 153.62381 0.0391 0.0 56.0
-57.61533 154.19054 0.0391 0.0 56.0
-51.12589 153.05708 0.0392 2.0 55.0
-53.245167 155.5786 0.0392 2.0 55.0
-53.245167 155.5786 0.0393 1.0 56.0
-55.364445 158.10011 0.0393 1.0 56.0
-55.364445 158.10011 0.0394 0.0 57.0
-55.364445 161.39395 0.0394 0.0 57.0
-55.364445 161.39395 0.0395 0.0 58.0
-55.364445 164.68779 0.0395 0.0 58.0
-55.364445 158.10011 0.0396 0.0 57.0
-58.609165 158.66684 0.0396 0.0 57.0
-58.609165 158.66684 0.0397 0.0 58.0
-61.853886 159.23357 0.0397 0.0 58.0
-46.887333 148.01405 0.0398 8.0 53.0
-50.132053 148.58078 0.0398 8.0 53.0
-50.132053 148.58078 0.0399 7.0 54.0
-53.376774 149.1475 0.0399 7.0 54.0
-53.376774 149.1475 0.0400 6.0 55.0
-56.621494 149.71423 0.0400 6.0 55.0
-56.621494 149.71423 0.0401 5.0 56.0
-59.866215 150.28096 0.0401 5.0 56.0
-59.866215 150.28096 0.0402 4.0 57.0
-61.985493 152.80247 0.0402 4.0 57.0
-61.985493 152.80247 0.0403 3.0 58.0
-64.104774 155.32399 0.0403 3.0 58.0
-64.104774 155.32399 0.0404 0.0 59.0
-67.349495 155.89072 0.0404 0.0 59.0
-67.349495 155.89072 0.0405 0.0 60.0
-70.594215 156.45744 0.0405 0.0 60.0
-64.104774 155.32399 0.0406 2.0 59.0
-66.22405 157.8455 0.0406 2.0 59.0
-66.22405 157.8455 0.0407 1.0 60.0
-68.34333 160.36702 0.0407 1.0 60.0
-68.34333 160.36702 0.0408 0.0 61.0
-68.34333 163.66086 0.0408 0.0 61.0
-68.34333 163.66086 0.0409 0.0 62.0
-68.34333 166.9547 0.0409 0.0 62.0
-68.34333 160.36702 0.0410 0.0 61.0
-71.58805 160.93375 0.0410 0.0 61.0
-71.58805 160.93375 0.0411 0.0 62.0
-74.83277 161.50047 0.0411 0.0 62.0
-59.866215 150.28096 0.0412 4.0 57.0
-62.714767 148.62714 0.0412 4.0 57.0
-62.714767 148.62714 0.0413 3.0 58.0
-65.56332 146.97331 0.0413 3.0 58.0
-65.56332 146.97331 0.0414 0.0 59.0
-66.67987 143.8745 0.0414 0.0 59.0
-66.67987 143.8745 0.0415 0.0 60.0
-67.796425 140.77568 0.0415 0.0 60.0
-65.56332 146.97331 0.0416 2.0 59.0
-68.411865 145.31949 0.0416 2.0 59.0
-68.411865 145.31949 0.0417 1.0 60.0
-71.260414 143.66566 0.0417 1.0 60.0
-71.260414 143.66566 0.0418 0.0 61.0
-74.505135 144.23239 0.0418 0.0 61.0
-74.505135 144.23239 0.0419 0.0 62.0
-77.749855 144.79912 0.0419 0.0 62.0
-71.260414 143.66566 0.0420 0.0 61.0
-72.37697 140.56685 0.0420 0.0 61.0
-72.37697 140.56685 0.0421 0.0 62.0
-73.49352 137.46803 0.0421 0.0 62.0
