0.0 0.0 0.00 79.0 1.0
0.0 4.5022225 0.00 79.0 1.0
0.0 4.5022225 0.01 0.0 2.0
-1.6486586 8.691725 0.01 0.0 2.0
0.0 4.5022225 0.02 78.0 2.0
0.0 9.004445 0.02 78.0 2.0
0.0 9.004445 0.03 0.0 3.0
1.6486586 13.193948 0.03 0.0 3.0
0.0 9.004445 0.04 77.0 3.0
0.0 13.506668 0.04 77.0 3.0
0.0 13.506668 0.05 1.0 4.0
1.6486586 17.69617 0.05 1.0 4.0
1.6486586 17.69617 0.06 0.0 5.0
1.6486586 22.198393 0.06 0.0 5.0
1.6486586 17.69617 0.07 0.0 5.0
3.2973173 21.885674 0.07 0.0 5.0
3.2973173 21.885674 0.08 0.0 6.0
6.3656063 25.180458 0.08 0.0 6.0
3.2973173 21.885674 0.09 0.0 6.0
4.945976 26.075176 0.09 0.0 6.0
0.0 13.506668 0.010 76.0 4.0
0.0 18.00889 0.010 76.0 4.0
0.0 18.00889 0.011 0.0 5.0
-1.6486586 22.198393 0.011 0.0 5.0
0.0 18.00889 0.012 75.0 5.0
0.0 22.511112 0.012 75.0 5.0
0.0 22.511112 0.013 0.0 6.0
1.6486586 26.700615 0.013 0.0 6.0
0.0 22.511112 0.014 74.0 6.0
0.0 27.013334 0.014 74.0 6.0
0.0 27.013334 0.015 1.0 7.0
-1.6486586 31.202837 0.015 1.0 7.0
-1.6486586 31.202837 0.016 0.0 8.0
-4.7169476 34.497623 0.016 0.0 8.0
-1.6486586 31.202837 0.017 0.0 8.0
-3.2973173 35.39234 0.017 0.0 8.0
-3.2973173 35.39234 0.018 0.0 9.0
-3.2973173 39.894566 0.018 0.0 9.0
-3.2973173 35.39234 0.019 0.0 9.0
-4.945976 39.581844 0.019 0.0 9.0
0.0 27.013334 0.020 73.0 7.0
0.0 31.515556 0.020 73.0 7.0
0.0 31.515556 0.021 0.0 8.0
-1.6486586 35.70506 0.021 0.0 8.0
0.0 31.515556 0.022 72.0 8.0
0.0 36.01778 0.022 72.0 8.0
0.0 36.01778 0.023 0.0 9.0
1.6486586 40.207283 0.023 0.0 9.0
0.0 36.01778 0.024 71.0 9.0
0.0 40.520004 0.024 71.0 9.0
0.0 40.520004 0.025 7.0 10.0
1.6486586 44.709507 0.025 7.0 10.0
1.6486586 44.709507 0.026 0.0 11.0
1.6486586 49.21173 0.026 0.0 11.0
1.6486586 44.709507 0.027 6.0 11.0
3.2973173 48.89901 0.027 6.0 11.0
3.2973173 48.89901 0.028 0.0 12.0
6.3656063 52.193794 0.028 0.0 12.0
3.2973173 48.89901 0.029 5.0 12.0
4.945976 53.088512 0.029 5.0 12.0
4.945976 53.088512 0.030 1.0 13.0
8.014265 56.383297 0.030 1.0 13.0
8.014265 56.383297 0.031 0.0 14.0
9.662924 60.5728 0.031 0.0 14.0
8.014265 56.383297 0.032 0.0 14.0
11.082554 59.67808 0.032 0.0 14.0
11.082554 59.67808 0.033 0.0 15.0
15.144232 61.620445 0.033 0.0 15.0
11.082554 59.67808 0.034 0.0 15.0
14.150843 62.972866 0.034 0.0 15.0
4.945976 53.088512 0.035 4.0 13.0
6.5946345 57.278015 0.035 4.0 13.0
6.5946345 57.278015 0.036 0.0 14.0
6.5946345 61.78024 0.036 0.0 14.0
6.5946345 57.278015 0.037 3.0 14.0
8.243293 61.467518 0.037 3.0 14.0
8.243293 61.467518 0.038 0.0 15.0
11.311582 64.76231 0.038 0.0 15.0
8.243293 61.467518 0.039 2.0 15.0
9.891952 65.65702 0.039 2.0 15.0
9.891952 65.65702 0.040 1.0 16.0
9.891952 70.15924 0.040 1.0 16.0
9.891952 70.15924 0.041 0.0 17.0
8.243293 74.34874 0.041 0.0 17.0
9.891952 70.15924 0.042 0.0 17.0
9.891952 74.66146 0.042 0.0 17.0
9.891952 74.66146 0.043 0.0 18.0
11.54061 78.85097 0.043 0.0 18.0
9.891952 74.66146 0.044 0.0 18.0
9.891952 79.16368 0.044 0.0 18.0
9.891952 65.65702 0.045 1.0 16.0
11.54061 69.84653 0.045 1.0 16.0
11.54061 69.84653 0.046 0.0 17.0
11.54061 74.34875 0.046 0.0 17.0
11.54061 69.84653 0.047 0.0 17.0
13.189269 74.036026 0.047 0.0 17.0
13.189269 74.036026 0.048 0.0 18.0
16.257557 77.33081 0.048 0.0 18.0
13.189269 74.036026 0.049 0.0 18.0
14.837928 78.225525 0.049 0.0 18.0
0.0 40.520004 0.050 70.0 10.0
0.0 45.02223 0.050 70.0 10.0
0.0 45.02223 0.051 0.0 11.0
-1.6486586 49.21173 0.051 0.0 11.0
0.0 45.02223 0.052 69.0 11.0
0.0 49.524452 0.052 69.0 11.0
0.0 49.524452 0.053 0.0 12.0
1.6486586 53.713955 0.053 0.0 12.0
0.0 49.524452 0.054 68.0 12.0
0.0 54.026676 0.054 68.0 12.0
0.0 54.026676 0.055 1.0 13.0
1.6486586 58.21618 0.055 1.0 13.0
1.6486586 58.21618 0.056 0.0 14.0
1.6486586 62.718403 0.056 0.0 14.0
1.6486586 58.21618 0.057 0.0 14.0
3.2973173 62.40568 0.057 0.0 14.0
3.2973173 62.40568 0.058 0.0 15.0
6.3656063 65.70047 0.058 0.0 15.0
3.2973173 62.40568 0.059 0.0 15.0
4.945976 66.595184 0.059 0.0 15.0
0.0 54.026676 0.060 67.0 13.0
0.0 58.5289 0.060 67.0 13.0
0.0 58.5289 0.061 0.0 14.0
-1.6486586 62.718403 0.061 0.0 14.0
0.0 58.5289 0.062 66.0 14.0
0.0 63.031124 0.062 66.0 14.0
0.0 63.031124 0.063 0.0 15.0
1.6486586 67.22063 0.063 0.0 15.0
0.0 63.031124 0.064 65.0 15.0
0.0 67.53335 0.064 65.0 15.0
0.0 67.53335 0.065 1.0 16.0
-1.6486586 71.722855 0.065 1.0 16.0
-1.6486586 71.722855 0.066 0.0 17.0
-4.7169476 75.01764 0.066 0.0 17.0
-1.6486586 71.722855 0.067 0.0 17.0
-3.2973173 75.91235 0.067 0.0 17.0
-3.2973173 75.91235 0.068 0.0 18.0
-3.2973173 80.41457 0.068 0.0 18.0
-3.2973173 75.91235 0.069 0.0 18.0
-4.945976 80.10185 0.069 0.0 18.0
0.0 67.53335 0.070 64.0 16.0
0.0 72.03557 0.070 64.0 16.0
0.0 72.03557 0.071 0.0 17.0
-1.6486586 76.22507 0.071 0.0 17.0
0.0 72.03557 0.072 63.0 17.0
0.0 76.53779 0.072 63.0 17.0
0.0 76.53779 0.073 0.0 18.0
1.6486586 80.727295 0.073 0.0 18.0
0.0 76.53779 0.074 62.0 18.0
0.0 81.04001 0.074 62.0 18.0
0.0 81.04001 0.075 7.0 19.0
-1.6486586 85.22951 0.075 7.0 19.0
-1.6486586 85.22951 0.076 0.0 20.0
-4.7169476 88.52429 0.076 0.0 20.0
-1.6486586 85.22951 0.077 6.0 20.0
-3.2973173 89.41901 0.077 6.0 20.0
-3.2973173 89.41901 0.078 0.0 21.0
-3.2973173 93.92123 0.078 0.0 21.0
-3.2973173 89.41901 0.079 5.0 21.0
-4.945976 93.608505 0.079 5.0 21.0
-4.945976 93.608505 0.080 1.0 22.0
-4.945976 98.110725 0.080 1.0 22.0
-4.945976 98.110725 0.081 0.0 23.0
-6.5946345 102.30023 0.081 0.0 23.0
-4.945976 98.110725 0.082 0.0 23.0
-4.945976 102.612946 0.082 0.0 23.0
-4.945976 102.612946 0.083 0.0 24.0
-3.297317 106.802444 0.083 0.0 24.0
-4.945976 102.612946 0.084 0.0 24.0
-4.945976 107.115166 0.084 0.0 24.0
-4.945976 93.608505 0.085 4.0 22.0
-6.5946345 97.798004 0.085 4.0 22.0
-6.5946345 97.798004 0.086 0.0 23.0
-9.662924 101.09279 0.086 0.0 23.0
-6.5946345 97.798004 0.087 3.0 23.0
-8.243293 101.9875 0.087 3.0 23.0
-8.243293 101.9875 0.088 0.0 24.0
-8.243293 106.48972 0.088 0.0 24.0
-8.243293 101.9875 0.089 2.0 24.0
-9.891952 106.177 0.089 2.0 24.0
-9.891952 106.177 0.090 1.0 25.0
-12.96024 109.47179 0.090 1.0 25.0
-12.96024 109.47179 0.091 0.0 26.0
-17.02192 111.41415 0.091 0.0 26.0
-12.96024 109.47179 0.092 0.0 26.0
-16.02853 112.76657 0.092 0.0 26.0
-16.02853 112.76657 0.093 0.0 27.0
-17.677189 116.95607 0.093 0.0 27.0
-16.02853 112.76657 0.094 0.0 27.0
-19.096819 116.061356 0.094 0.0 27.0
-9.891952 106.177 0.095 1.0 25.0
-11.54061 110.3665 0.095 1.0 25.0
-11.54061 110.3665 0.096 0.0 26.0
-14.608899 113.661285 0.096 0.0 26.0
-11.54061 110.3665 0.097 0.0 26.0
-13.189269 114.556 0.097 0.0 26.0
-13.189269 114.556 0.098 0.0 27.0
-13.189269 119.05822 0.098 0.0 27.0
-13.189269 114.556 0.099 0.0 27.0
-14.837928 118.7455 0.099 0.0 27.0
0.0 81.04001 0.0100 61.0 19.0
0.0 85.54223 0.0100 61.0 19.0
0.0 85.54223 0.0101 0.0 20.0
-1.6486586 89.731735 0.0101 0.0 20.0
0.0 85.54223 0.0102 60.0 20.0
0.0 90.04445 0.0102 60.0 20.0
0.0 90.04445 0.0103 0.0 21.0
1.6486586 94.23395 0.0103 0.0 21.0
0.0 90.04445 0.0104 59.0 21.0
0.0 94.54667 0.0104 59.0 21.0
0.0 94.54667 0.0105 1.0 22.0
1.6486586 98.736176 0.0105 1.0 22.0
1.6486586 98.736176 0.0106 0.0 23.0
1.6486586 103.238396 0.0106 0.0 23.0
1.6486586 98.736176 0.0107 0.0 23.0
3.2973173 102.925674 0.0107 0.0 23.0
3.2973173 102.925674 0.0108 0.0 24.0
6.3656063 106.22046 0.0108 0.0 24.0
3.2973173 102.925674 0.0109 0.0 24.0
4.945976 107.11517 0.0109 0.0 24.0
0.0 94.54667 0.0110 58.0 22.0
0.0 99.04889 0.0110 58.0 22.0
0.0 99.04889 0.0111 0.0 23.0
-1.6486586 103.23839 0.0111 0.0 23.0
0.0 99.04889 0.0112 57.0 23.0
0.0 103.55111 0.0112 57.0 23.0
0.0 103.55111 0.0113 0.0 24.0
1.6486586 107.740616 0.0113 0.0 24.0
0.0 103.55111 0.0114 56.0 24.0
0.0 108.05333 0.0114 56.0 24.0
0.0 108.05333 0.0115 1.0 25.0
-1.6486586 112.24283 0.0115 1.0 25.0
-1.6486586 112.24283 0.0116 0.0 26.0
-4.7169476 115.53761 0.0116 0.0 26.0
-1.6486586 112.24283 0.0117 0.0 26.0
-3.2973173 116.43233 0.0117 0.0 26.0
-3.2973173 116.43233 0.0118 0.0 27.0
-3.2973173 120.93455 0.0118 0.0 27.0
-3.2973173 116.43233 0.0119 0.0 27.0
-4.945976 120.621826 0.0119 0.0 27.0
0.0 108.05333 0.0120 55.0 25.0
0.0 112.55555 0.0120 55.0 25.0
0.0 112.55555 0.0121 0.0 26.0
-1.6486586 116.745056 0.0121 0.0 26.0
0.0 112.55555 0.0122 54.0 26.0
0.0 117.05777 0.0122 54.0 26.0
0.0 117.05777 0.0123 0.0 27.0
1.6486586 121.24727 0.0123 0.0 27.0
0.0 117.05777 0.0124 53.0 27.0
0.0 121.55999 0.0124 53.0 27.0
0.0 121.55999 0.0125 25.0 28.0
-1.6486586 125.7495 0.0125 25.0 28.0
-1.6486586 125.7495 0.0126 0.0 29.0
-4.7169476 129.04428 0.0126 0.0 29.0
-1.6486586 125.7495 0.0127 24.0 29.0
-3.2973173 129.939 0.0127 24.0 29.0
-3.2973173 129.939 0.0128 0.0 30.0
-3.2973173 134.44122 0.0128 0.0 30.0
-3.2973173 129.939 0.0129 23.0 30.0
-4.945976 134.1285 0.0129 23.0 30.0
-4.945976 134.1285 0.0130 1.0 31.0
-4.945976 138.63072 0.0130 1.0 31.0
-4.945976 138.63072 0.0131 0.0 32.0
-6.5946345 142.82022 0.0131 0.0 32.0
-4.945976 138.63072 0.0132 0.0 32.0
-4.945976 143.13295 0.0132 0.0 32.0
-4.945976 143.13295 0.0133 0.0 33.0
-3.297317 147.32245 0.0133 0.0 33.0
-4.945976 143.13295 0.0134 0.0 33.0
-4.945976 147.63518 0.0134 0.0 33.0
-4.945976 134.1285 0.0135 22.0 31.0
-6.5946345 138.318 0.0135 22.0 31.0
-6.5946345 138.318 0.0136 0.0 32.0
-9.662924 141.61278 0.0136 0.0 32.0
-6.5946345 138.318 0.0137 21.0 32.0
-8.243293 142.50749 0.0137 21.0 32.0
-8.243293 142.50749 0.0138 0.0 33.0
-8.243293 147.00972 0.0138 0.0 33.0
-8.243293 142.50749 0.0139 20.0 33.0
-9.891952 146.69699 0.0139 20.0 33.0
-9.891952 146.69699 0.0140 1.0 34.0
-12.96024 149.99178 0.0140 1.0 34.0
-12.96024 149.99178 0.0141 0.0 35.0
-17.02192 151.93414 0.0141 0.0 35.0
-12.96024 149.99178 0.0142 0.0 35.0
-16.02853 153.28656 0.0142 0.0 35.0
-16.02853 153.28656 0.0143 0.0 36.0
-17.677189 157.47606 0.0143 0.0 36.0
-16.02853 153.28656 0.0144 0.0 36.0
-19.096819 156.58134 0.0144 0.0 36.0
-9.891952 146.69699 0.0145 19.0 34.0
-11.54061 150.88649 0.0145 19.0 34.0
-11.54061 150.88649 0.0146 0.0 35.0
-14.608899 154.18127 0.0146 0.0 35.0
-11.54061 150.88649 0.0147 18.0 35.0
-13.189269 155.07599 0.0147 18.0 35.0
-13.189269 155.07599 0.0148 0.0 36.0
-13.189269 159.57822 0.0148 0.0 36.0
-13.189269 155.07599 0.0149 17.0 36.0
-14.837928 159.26549 0.0149 17.0 36.0
-14.837928 159.26549 0.0150 7.0 37.0
-14.837928 163.76772 0.0150 7.0 37.0
-14.837928 163.76772 0.0151 0.0 38.0
-16.486586 167.95721 0.0151 0.0 38.0
-14.837928 163.76772 0.0152 6.0 38.0
-14.837928 168.26994 0.0152 6.0 38.0
-14.837928 168.26994 0.0153 0.0 39.0
-13.189269 172.45944 0.0153 0.0 39.0
-14.837928 168.26994 0.0154 5.0 39.0
-14.837928 172.77217 0.0154 5.0 39.0
-14.837928 172.77217 0.0155 1.0 40.0
-13.189269 176.96167 0.0155 1.0 40.0
-13.189269 176.96167 0.0156 0.0 41.0
-13.189269 181.4639 0.0156 0.0 41.0
-13.189269 176.96167 0.0157 0.0 41.0
-11.54061 181.15117 0.0157 0.0 41.0
-11.54061 181.15117 0.0158 0.0 42.0
-8.4723215 184.44595 0.0158 0.0 42.0
-11.54061 181.15117 0.0159 0.0 42.0
-9.891952 185.34067 0.0159 0.0 42.0
-14.837928 172.77217 0.0160 4.0 40.0
-14.837928 177.2744 0.0160 4.0 40.0
-14.837928 177.2744 0.0161 0.0 41.0
-16.486586 181.4639 0.0161 0.0 41.0
-14.837928 177.2744 0.0162 3.0 41.0
-14.837928 181.77663 0.0162 3.0 41.0
-14.837928 181.77663 0.0163 0.0 42.0
-13.189269 185.96613 0.0163 0.0 42.0
-14.837928 181.77663 0.0164 2.0 42.0
-14.837928 186.27885 0.0164 2.0 42.0
-14.837928 186.27885 0.0165 1.0 43.0
-16.486586 190.46835 0.0165 1.0 43.0
-16.486586 190.46835 0.0166 0.0 44.0
-19.554874 193.76314 0.0166 0.0 44.0
-16.486586 190.46835 0.0167 0.0 44.0
-18.135244 194.65785 0.0167 0.0 44.0
-18.135244 194.65785 0.0168 0.0 45.0
-18.135244 199.16008 0.0168 0.0 45.0
-18.135244 194.65785 0.0169 0.0 45.0
-19.783903 198.84735 0.0169 0.0 45.0
-14.837928 186.27885 0.0170 1.0 43.0
-14.837928 190.78108 0.0170 1.0 43.0
-14.837928 190.78108 0.0171 0.0 44.0
-16.486586 194.97058 0.0171 0.0 44.0
-14.837928 190.78108 0.0172 0.0 44.0
-14.837928 195.28331 0.0172 0.0 44.0
-14.837928 195.28331 0.0173 0.0 45.0
-13.189269 199.47281 0.0173 0.0 45.0
-14.837928 195.28331 0.0174 0.0 45.0
-14.837928 199.78554 0.0174 0.0 45.0
-14.837928 159.26549 0.0175 16.0 37.0
-16.486586 163.45499 0.0175 16.0 37.0
-16.486586 163.45499 0.0176 0.0 38.0
-19.554874 166.74977 0.0176 0.0 38.0
-16.486586 163.45499 0.0177 15.0 38.0
-18.135244 167.64449 0.0177 15.0 38.0
-18.135244 167.64449 0.0178 0.0 39.0
-18.135244 172.14671 0.0178 0.0 39.0
-18.135244 167.64449 0.0179 14.0 39.0
-19.783903 171.83398 0.0179 14.0 39.0
-19.783903 171.83398 0.0180 1.0 40.0
-19.783903 176.33621 0.0180 1.0 40.0
-19.783903 176.33621 0.0181 0.0 41.0
-21.432562 180.52571 0.0181 0.0 41.0
-19.783903 176.33621 0.0182 0.0 41.0
-19.783903 180.83844 0.0182 0.0 41.0
-19.783903 180.83844 0.0183 0.0 42.0
-18.135244 185.02794 0.0183 0.0 42.0
-19.783903 180.83844 0.0184 0.0 42.0
-19.783903 185.34067 0.0184 0.0 42.0
-19.783903 171.83398 0.0185 13.0 40.0
-21.432562 176.02348 0.0185 13.0 40.0
-21.432562 176.02348 0.0186 0.0 41.0
-24.50085 179.31827 0.0186 0.0 41.0
-21.432562 176.02348 0.0187 12.0 41.0
-23.08122 180.21298 0.0187 12.0 41.0
-23.08122 180.21298 0.0188 0.0 42.0
-23.08122 184.71521 0.0188 0.0 42.0
-23.08122 180.21298 0.0189 11.0 42.0
-24.72988 184.40248 0.0189 11.0 42.0
-24.72988 184.40248 0.0190 1.0 43.0
-27.798168 187.69727 0.0190 1.0 43.0
-27.798168 187.69727 0.0191 0.0 44.0
-31.859846 189.63963 0.0191 0.0 44.0
-27.798168 187.69727 0.0192 0.0 44.0
-30.866457 190.99205 0.0192 0.0 44.0
-30.866457 190.99205 0.0193 0.0 45.0
-32.515114 195.18155 0.0193 0.0 45.0
-30.866457 190.99205 0.0194 0.0 45.0
-33.934746 194.28683 0.0194 0.0 45.0
-24.72988 184.40248 0.0195 10.0 43.0
-26.378538 188.59198 0.0195 10.0 43.0
-26.378538 188.59198 0.0196 0.0 44.0
-29.446827 191.88676 0.0196 0.0 44.0
-26.378538 188.59198 0.0197 9.0 44.0
-28.027197 192.78148 0.0197 9.0 44.0
-28.027197 192.78148 0.0198 0.0 45.0
-28.027197 197.2837 0.0198 0.0 45.0
-28.027197 192.78148 0.0199 8.0 45.0
-29.675856 196.97098 0.0199 8.0 45.0
-29.675856 196.97098 0.0200 7.0 46.0
-32.744144 200.26576 0.0200 7.0 46.0
-32.744144 200.26576 0.0201 0.0 47.0
-36.805824 202.20813 0.0201 0.0 47.0
-32.744144 200.26576 0.0202 6.0 47.0
-35.81243 203.56055 0.0202 6.0 47.0
-35.81243 203.56055 0.0203 0.0 48.0
-37.46109 207.75005 0.0203 0.0 48.0
-35.81243 203.56055 0.0204 5.0 48.0
-38.880722 206.85533 0.0204 5.0 48.0
-38.880722 206.85533 0.0205 1.0 49.0
-40.52938 211.04483 0.0205 1.0 49.0
-40.52938 211.04483 0.0206 0.0 50.0
-43.59767 214.33961 0.0206 0.0 50.0
-40.52938 211.04483 0.0207 0.0 50.0
-42.17804 215.23433 0.0207 0.0 50.0
-42.17804 215.23433 0.0208 0.0 51.0
-42.17804 219.73656 0.0208 0.0 51.0
-42.17804 215.23433 0.0209 0.0 51.0
-43.8267 219.42383 0.0209 0.0 51.0
-38.880722 206.85533 0.0210 4.0 49.0
-41.949013 210.15012 0.0210 4.0 49.0
-41.949013 210.15012 0.0211 0.0 50.0
-46.010693 212.09248 0.0211 0.0 50.0
-41.949013 210.15012 0.0212 3.0 50.0
-45.017303 213.4449 0.0212 3.0 50.0
-45.017303 213.4449 0.0213 0.0 51.0
-46.665962 217.6344 0.0213 0.0 51.0
-45.017303 213.4449 0.0214 2.0 51.0
-48.085594 216.73969 0.0214 2.0 51.0
-48.085594 216.73969 0.0215 1.0 52.0
-52.147274 218.68205 0.0215 1.0 52.0
-52.147274 218.68205 0.0216 0.0 53.0
-56.638103 219.00217 0.0216 0.0 53.0
-52.147274 218.68205 0.0217 0.0 53.0
-56.208954 220.62442 0.0217 0.0 53.0
-56.208954 220.62442 0.0218 0.0 54.0
-59.27724 223.9192 0.0218 0.0 54.0
-56.208954 220.62442 0.0219 0.0 54.0
-60.270634 222.56679 0.0219 0.0 54.0
-48.085594 216.73969 0.0220 1.0 52.0
-51.153885 220.03447 0.0220 1.0 52.0
-51.153885 220.03447 0.0221 0.0 53.0
-55.215565 221.97684 0.0221 0.0 53.0
-51.153885 220.03447 0.0222 0.0 53.0
-54.222176 223.32925 0.0222 0.0 53.0
-54.222176 223.32925 0.0223 0.0 54.0
-55.870834 227.51875 0.0223 0.0 54.0
-54.222176 223.32925 0.0224 0.0 54.0
-57.290466 226.62404 0.0224 0.0 54.0
-29.675856 196.97098 0.0225 7.0 46.0
-31.324514 201.16048 0.0225 7.0 46.0
-31.324514 201.16048 0.0226 0.0 47.0
-34.392803 204.45526 0.0226 0.0 47.0
-31.324514 201.16048 0.0227 6.0 47.0
-32.97317 205.34998 0.0227 6.0 47.0
-32.97317 205.34998 0.0228 0.0 48.0
-32.97317 209.8522 0.0228 0.0 48.0
-32.97317 205.34998 0.0229 5.0 48.0
-34.62183 209.53947 0.0229 5.0 48.0
-34.62183 209.53947 0.0230 1.0 49.0
-34.62183 214.0417 0.0230 1.0 49.0
-34.62183 214.0417 0.0231 0.0 50.0
-36.27049 218.2312 0.0231 0.0 50.0
-34.62183 214.0417 0.0232 0.0 50.0
-34.62183 218.54393 0.0232 0.0 50.0
-34.62183 218.54393 0.0233 0.0 51.0
-32.97317 222.73343 0.0233 0.0 51.0
-34.62183 218.54393 0.0234 0.0 51.0
-34.62183 223.04616 0.0234 0.0 51.0
-34.62183 209.53947 0.0235 4.0 49.0
-36.27049 213.72897 0.0235 4.0 49.0
-36.27049 213.72897 0.0236 0.0 50.0
-39.338776 217.02376 0.0236 0.0 50.0
-36.27049 213.72897 0.0237 3.0 50.0
-37.919147 217.91847 0.0237 3.0 50.0
-37.919147 217.91847 0.0238 0.0 51.0
-37.919147 222.4207 0.0238 0.0 51.0
-37.919147 217.91847 0.0239 2.0 51.0
-39.567806 222.10797 0.0239 2.0 51.0
-39.567806 222.10797 0.0240 1.0 52.0
-42.636093 225.40276 0.0240 1.0 52.0
-42.636093 225.40276 0.0241 0.0 53.0
-46.697773 227.34512 0.0241 0.0 53.0
-42.636093 225.40276 0.0242 0.0 53.0
-45.704384 228.69754 0.0242 0.0 53.0
-45.704384 228.69754 0.0243 0.0 54.0
-47.353043 232.88704 0.0243 0.0 54.0
-45.704384 228.69754 0.0244 0.0 54.0
-48.772675 231.99232 0.0244 0.0 54.0
-39.567806 222.10797 0.0245 1.0 52.0
-41.216465 226.29747 0.0245 1.0 52.0
-41.216465 226.29747 0.0246 0.0 53.0
-44.28475 229.59225 0.0246 0.0 53.0
-41.216465 226.29747 0.0247 0.0 53.0
-42.865124 230.48697 0.0247 0.0 53.0
-42.865124 230.48697 0.0248 0.0 54.0
-42.865124 234.9892 0.0248 0.0 54.0
-42.865124 230.48697 0.0249 0.0 54.0
-44.513783 234.67647 0.0249 0.0 54.0
0.0 121.55999 0.0250 52.0 28.0
0.0 126.06221 0.0250 52.0 28.0
0.0 126.06221 0.0251 0.0 29.0
-1.6486586 130.25171 0.0251 0.0 29.0
0.0 126.06221 0.0252 51.0 29.0
0.0 130.56444 0.0252 51.0 29.0
0.0 130.56444 0.0253 0.0 30.0
1.6486586 134.75394 0.0253 0.0 30.0
0.0 130.56444 0.0254 50.0 30.0
0.0 135.06667 0.0254 50.0 30.0
0.0 135.06667 0.0255 1.0 31.0
1.6486586 139.25616 0.0255 1.0 31.0
1.6486586 139.25616 0.0256 0.0 32.0
1.6486586 143.75839 0.0256 0.0 32.0
1.6486586 139.25616 0.0257 0.0 32.0
3.2973173 143.44566 0.0257 0.0 32.0
3.2973173 143.44566 0.0258 0.0 33.0
6.3656063 146.74045 0.0258 0.0 33.0
3.2973173 143.44566 0.0259 0.0 33.0
4.945976 147.63516 0.0259 0.0 33.0
0.0 135.06667 0.0260 49.0 31.0
0.0 139.5689 0.0260 49.0 31.0
0.0 139.5689 0.0261 0.0 32.0
-1.6486586 143.75839 0.0261 0.0 32.0
0.0 139.5689 0.0262 48.0 32.0
0.0 144.07112 0.0262 48.0 32.0
0.0 144.07112 0.0263 0.0 33.0
1.6486586 148.26062 0.0263 0.0 33.0
0.0 144.07112 0.0264 47.0 33.0
0.0 148.57335 0.0264 47.0 33.0
0.0 148.57335 0.0265 1.0 34.0
-1.6486586 152.76285 0.0265 1.0 34.0
-1.6486586 152.76285 0.0266 0.0 35.0
-4.7169476 156.05763 0.0266 0.0 35.0
-1.6486586 152.76285 0.0267 0.0 35.0
-3.2973173 156.95235 0.0267 0.0 35.0
-3.2973173 156.95235 0.0268 0.0 36.0
-3.2973173 161.45457 0.0268 0.0 36.0
-3.2973173 156.95235 0.0269 0.0 36.0
-4.945976 161.14185 0.0269 0.0 36.0
0.0 148.57335 0.0270 46.0 34.0
0.0 153.07558 0.0270 46.0 34.0
0.0 153.07558 0.0271 0.0 35.0
-1.6486586 157.26508 0.0271 0.0 35.0
0.0 153.07558 0.0272 45.0 35.0
0.0 157.5778 0.0272 45.0 35.0
0.0 157.5778 0.0273 0.0 36.0
1.6486586 161.7673 0.0273 0.0 36.0
0.0 157.5778 0.0274 44.0 36.0
0.0 162.08003 0.0274 44.0 36.0
0.0 162.08003 0.0275 7.0 37.0
1.6486586 166.26953 0.0275 7.0 37.0
1.6486586 166.26953 0.0276 0.0 38.0
1.6486586 170.77176 0.0276 0.0 38.0
1.6486586 166.26953 0.0277 6.0 38.0
3.2973173 170.45903 0.0277 6.0 38.0
3.2973173 170.45903 0.0278 0.0 39.0
6.3656063 173.75381 0.0278 0.0 39.0
3.2973173 170.45903 0.0279 5.0 39.0
4.945976 174.64853 0.0279 5.0 39.0
4.945976 174.64853 0.0280 1.0 40.0
8.014265 177.94331 0.0280 1.0 40.0
8.014265 177.94331 0.0281 0.0 41.0
9.662924 182.13281 0.0281 0.0 41.0
8.014265 177.94331 0.0282 0.0 41.0
11.082554 181.2381 0.0282 0.0 41.0
11.082554 181.2381 0.0283 0.0 42.0
15.144232 183.18047 0.0283 0.0 42.0
11.082554 181.2381 0.0284 0.0 42.0
14.150843 184.53288 0.0284 0.0 42.0
4.945976 174.64853 0.0285 4.0 40.0
6.5946345 178.83803 0.0285 4.0 40.0
6.5946345 178.83803 0.0286 0.0 41.0
6.5946345 183.34026 0.0286 0.0 41.0
6.5946345 178.83803 0.0287 3.0 41.0
8.243293 183.02753 0.0287 3.0 41.0
8.243293 183.02753 0.0288 0.0 42.0
11.311582 186.32231 0.0288 0.0 42.0
8.243293 183.02753 0.0289 2.0 42.0
9.891952 187.21703 0.0289 2.0 42.0
9.891952 187.21703 0.0290 1.0 43.0
9.891952 191.71925 0.0290 1.0 43.0
9.891952 191.71925 0.0291 0.0 44.0
8.243293 195.90875 0.0291 0.0 44.0
9.891952 191.71925 0.0292 0.0 44.0
9.891952 196.22148 0.0292 0.0 44.0
9.891952 196.22148 0.0293 0.0 45.0
11.54061 200.41098 0.0293 0.0 45.0
9.891952 196.22148 0.0294 0.0 45.0
9.891952 200.72371 0.0294 0.0 45.0
9.891952 187.21703 0.0295 1.0 43.0
11.54061 191.40652 0.0295 1.0 43.0
11.54061 191.40652 0.0296 0.0 44.0
11.54061 195.90875 0.0296 0.0 44.0
11.54061 191.40652 0.0297 0.0 44.0
13.189269 195.59602 0.0297 0.0 44.0
13.189269 195.59602 0.0298 0.0 45.0
16.257557 198.89081 0.0298 0.0 45.0
13.189269 195.59602 0.0299 0.0 45.0
14.837928 199.78552 0.0299 0.0 45.0
0.0 162.08003 0.0300 43.0 37.0
0.0 166.58226 0.0300 43.0 37.0
0.0 166.58226 0.0301 0.0 38.0
-1.6486586 170.77176 0.0301 0.0 38.0
0.0 166.58226 0.0302 42.0 38.0
0.0 171.08449 0.0302 42.0 38.0
0.0 171.08449 0.0303 0.0 39.0
1.6486586 175.27399 0.0303 0.0 39.0
0.0 171.08449 0.0304 41.0 39.0
0.0 175.58672 0.0304 41.0 39.0
0.0 175.58672 0.0305 1.0 40.0
1.6486586 179.77621 0.0305 1.0 40.0
1.6486586 179.77621 0.0306 0.0 41.0
1.6486586 184.27844 0.0306 0.0 41.0
1.6486586 179.77621 0.0307 0.0 41.0
3.2973173 183.96571 0.0307 0.0 41.0
3.2973173 183.96571 0.0308 0.0 42.0
6.3656063 187.2605 0.0308 0.0 42.0
3.2973173 183.96571 0.0309 0.0 42.0
4.945976 188.15521 0.0309 0.0 42.0
0.0 175.58672 0.0310 40.0 40.0
0.0 180.08894 0.0310 40.0 40.0
0.0 180.08894 0.0311 0.0 41.0
-1.6486586 184.27844 0.0311 0.0 41.0
0.0 180.08894 0.0312 39.0 41.0
0.0 184.59117 0.0312 39.0 41.0
0.0 184.59117 0.0313 0.0 42.0
1.6486586 188.78067 0.0313 0.0 42.0
0.0 184.59117 0.0314 38.0 42.0
0.0 189.0934 0.0314 38.0 42.0
0.0 189.0934 0.0315 1.0 43.0
-1.6486586 193.2829 0.0315 1.0 43.0
-1.6486586 193.2829 0.0316 0.0 44.0
-4.7169476 196.57768 0.0316 0.0 44.0
-1.6486586 193.2829 0.0317 0.0 44.0
-3.2973173 197.4724 0.0317 0.0 44.0
-3.2973173 197.4724 0.0318 0.0 45.0
-3.2973173 201.97462 0.0318 0.0 45.0
-3.2973173 197.4724 0.0319 0.0 45.0
-4.945976 201.6619 0.0319 0.0 45.0
0.0 189.0934 0.0320 37.0 43.0
0.0 193.59563 0.0320 37.0 43.0
0.0 193.59563 0.0321 0.0 44.0
-1.6486586 197.78513 0.0321 0.0 44.0
0.0 193.59563 0.0322 36.0 44.0
0.0 198.09785 0.0322 36.0 44.0
0.0 198.09785 0.0323 0.0 45.0
1.6486586 202.28735 0.0323 0.0 45.0
0.0 198.09785 0.0324 35.0 45.0
0.0 202.60008 0.0324 35.0 45.0
0.0 202.60008 0.0325 7.0 46.0
-1.6486586 206.78958 0.0325 7.0 46.0
-1.6486586 206.78958 0.0326 0.0 47.0
-4.7169476 210.08437 0.0326 0.0 47.0
-1.6486586 206.78958 0.0327 6.0 47.0
-3.2973173 210.97908 0.0327 6.0 47.0
-3.2973173 210.97908 0.0328 0.0 48.0
-3.2973173 215.48131 0.0328 0.0 48.0
-3.2973173 210.97908 0.0329 5.0 48.0
-4.945976 215.16858 0.0329 5.0 48.0
-4.945976 215.16858 0.0330 1.0 49.0
-4.945976 219.6708 0.0330 1.0 49.0
-4.945976 219.6708 0.0331 0.0 50.0
-6.5946345 223.8603 0.0331 0.0 50.0
-4.945976 219.6708 0.0332 0.0 50.0
-4.945976 224.17303 0.0332 0.0 50.0
-4.945976 224.17303 0.0333 0.0 51.0
-3.297317 228.36253 0.0333 0.0 51.0
-4.945976 224.17303 0.0334 0.0 51.0
-4.945976 228.67526 0.0334 0.0 51.0
-4.945976 215.16858 0.0335 4.0 49.0
-6.5946345 219.35808 0.0335 4.0 49.0
-6.5946345 219.35808 0.0336 0.0 50.0
-9.662924 222.65286 0.0336 0.0 50.0
-6.5946345 219.35808 0.0337 3.0 50.0
-8.243293 223.54758 0.0337 3.0 50.0
-8.243293 223.54758 0.0338 0.0 51.0
-8.243293 228.0498 0.0338 0.0 51.0
-8.243293 223.54758 0.0339 2.0 51.0
-9.891952 227.73708 0.0339 2.0 51.0
-9.891952 227.73708 0.0340 1.0 52.0
-12.96024 231.03186 0.0340 1.0 52.0
-12.96024 231.03186 0.0341 0.0 53.0
-17.02192 232.97423 0.0341 0.0 53.0
-12.96024 231.03186 0.0342 0.0 53.0
-16.02853 234.32664 0.0342 0.0 53.0
-16.02853 234.32664 0.0343 0.0 54.0
-17.677189 238.51614 0.0343 0.0 54.0
-16.02853 234.32664 0.0344 0.0 54.0
-19.096819 237.62143 0.0344 0.0 54.0
-9.891952 227.73708 0.0345 1.0 52.0
-11.54061 231.92657 0.0345 1.0 52.0
-11.54061 231.92657 0.0346 0.0 53.0
-14.608899 235.22136 0.0346 0.0 53.0
-11.54061 231.92657 0.0347 0.0 53.0
-13.189269 236.11607 0.0347 0.0 53.0
-13.189269 236.11607 0.0348 0.0 54.0
-13.189269 240.6183 0.0348 0.0 54.0
-13.189269 236.11607 0.0349 0.0 54.0
-14.837928 240.30557 0.0349 0.0 54.0
0.0 202.60008 0.0350 34.0 46.0
0.0 207.10231 0.0350 34.0 46.0
0.0 207.10231 0.0351 0.0 47.0
-1.6486586 211.29181 0.0351 0.0 47.0
0.0 207.10231 0.0352 33.0 47.0
0.0 211.60454 0.0352 33.0 47.0
0.0 211.60454 0.0353 0.0 48.0
1.6486586 215.79404 0.0353 0.0 48.0
0.0 211.60454 0.0354 32.0 48.0
0.0 216.10677 0.0354 32.0 48.0
0.0 216.10677 0.0355 1.0 49.0
1.6486586 220.29626 0.0355 1.0 49.0
1.6486586 220.29626 0.0356 0.0 50.0
1.6486586 224.7985 0.0356 0.0 50.0
1.6486586 220.29626 0.0357 0.0 50.0
3.2973173 224.48576 0.0357 0.0 50.0
3.2973173 224.48576 0.0358 0.0 51.0
6.3656063 227.78055 0.0358 0.0 51.0
3.2973173 224.48576 0.0359 0.0 51.0
4.945976 228.67526 0.0359 0.0 51.0
0.0 216.10677 0.0360 31.0 49.0
0.0 220.609 0.0360 31.0 49.0
0.0 220.609 0.0361 0.0 50.0
-1.6486586 224.7985 0.0361 0.0 50.0
0.0 220.609 0.0362 30.0 50.0
0.0 225.11122 0.0362 30.0 50.0
0.0 225.11122 0.0363 0.0 51.0
1.6486586 229.30072 0.0363 0.0 51.0
0.0 225.11122 0.0364 29.0 51.0
0.0 229.61345 0.0364 29.0 51.0
0.0 229.61345 0.0365 1.0 52.0
-1.6486586 233.80295 0.0365 1.0 52.0
-1.6486586 233.80295 0.0366 0.0 53.0
-4.7169476 237.09773 0.0366 0.0 53.0
-1.6486586 233.80295 0.0367 0.0 53.0
-3.2973173 237.99245 0.0367 0.0 53.0
-3.2973173 237.99245 0.0368 0.0 54.0
-3.2973173 242.49467 0.0368 0.0 54.0
-3.2973173 237.99245 0.0369 0.0 54.0
-4.945976 242.18195 0.0369 0.0 54.0
0.0 229.61345 0.0370 28.0 52.0
0.0 234.11568 0.0370 28.0 52.0
0.0 234.11568 0.0371 0.0 53.0
-1.6486586 238.30518 0.0371 0.0 53.0
0.0 234.11568 0.0372 27.0 53.0
0.0 238.6179 0.0372 27.0 53.0
0.0 238.6179 0.0373 0.0 54.0
1.6486586 242.8074 0.0373 0.0 54.0
0.0 238.6179 0.0374 26.0 54.0
0.0 243.12013 0.0374 26.0 54.0
0.0 243.12013 0.0375 25.0 55.0
1.6486586 247.30963 0.0375 25.0 55.0
1.6486586 247.30963 0.0376 0.0 56.0
1.6486586 251.81186 0.0376 0.0 56.0
1.6486586 247.30963 0.0377 24.0 56.0
3.2973173 251.49913 0.0377 24.0 56.0
3.2973173 251.49913 0.0378 0.0 57.0
6.3656063 254.79391 0.0378 0.0 57.0
3.2973173 251.49913 0.0379 23.0 57.0
4.945976 255.68863 0.0379 23.0 57.0
4.945976 255.68863 0.0380 1.0 58.0
8.014265 258.98343 0.0380 1.0 58.0
8.014265 258.98343 0.0381 0.0 59.0
9.662924 263.17294 0.0381 0.0 59.0
8.014265 258.98343 0.0382 0.0 59.0
11.082554 262.27823 0.0382 0.0 59.0
11.082554 262.27823 0.0383 0.0 60.0
15.144232 264.22058 0.0383 0.0 60.0
11.082554 262.27823 0.0384 0.0 60.0
14.150843 265.57303 0.0384 0.0 60.0
4.945976 255.68863 0.0385 22.0 58.0
6.5946345 259.87814 0.0385 22.0 58.0
6.5946345 259.87814 0.0386 0.0 59.0
6.5946345 264.38037 0.0386 0.0 59.0
6.5946345 259.87814 0.0387 21.0 59.0
8.243293 264.06766 0.0387 21.0 59.0
8.243293 264.06766 0.0388 0.0 60.0
11.311582 267.36246 0.0388 0.0 60.0
8.243293 264.06766 0.0389 20.0 60.0
9.891952 268.25717 0.0389 20.0 60.0
9.891952 268.25717 0.0390 1.0 61.0
9.891952 272.7594 0.0390 1.0 61.0
9.891952 272.7594 0.0391 0.0 62.0
8.243293 276.9489 0.0391 0.0 62.0
9.891952 272.7594 0.0392 0.0 62.0
9.891952 277.26163 0.0392 0.0 62.0
9.891952 277.26163 0.0393 0.0 63.0
11.54061 281.45114 0.0393 0.0 63.0
9.891952 277.26163 0.0394 0.0 63.0
9.891952 281.76385 0.0394 0.0 63.0
9.891952 268.25717 0.0395 19.0 61.0
11.54061 272.4467 0.0395 19.0 61.0
11.54061 272.4467 0.0396 0.0 62.0
11.54061 276.9489 0.0396 0.0 62.0
11.54061 272.4467 0.0397 18.0 62.0
13.189269 276.6362 0.0397 18.0 62.0
13.189269 276.6362 0.0398 0.0 63.0
16.257557 279.931 0.0398 0.0 63.0
13.189269 276.6362 0.0399 17.0 63.0
14.837928 280.8257 0.0399 17.0 63.0
14.837928 280.8257 0.0400 7.0 64.0
17.906216 284.1205 0.0400 7.0 64.0
17.906216 284.1205 0.0401 0.0 65.0
19.554874 288.31003 0.0401 0.0 65.0
17.906216 284.1205 0.0402 6.0 65.0
20.974504 287.4153 0.0402 6.0 65.0
20.974504 287.4153 0.0403 0.0 66.0
25.036182 289.35767 0.0403 0.0 66.0
20.974504 287.4153 0.0404 5.0 66.0
24.042793 290.7101 0.0404 5.0 66.0
24.042793 290.7101 0.0405 1.0 67.0
28.104471 292.65247 0.0405 1.0 67.0
28.104471 292.65247 0.0406 0.0 68.0
31.17276 295.94727 0.0406 0.0 68.0
28.104471 292.65247 0.0407 0.0 68.0
32.16615 294.59482 0.0407 0.0 68.0
32.16615 294.59482 0.0408 0.0 69.0
36.65698 294.91492 0.0408 0.0 69.0
32.16615 294.59482 0.0409 0.0 69.0
36.22783 296.53717 0.0409 0.0 69.0
24.042793 290.7101 0.0410 4.0 67.0
27.111082 294.0049 0.0410 4.0 67.0
27.111082 294.0049 0.0411 0.0 68.0
28.75974 298.19443 0.0411 0.0 68.0
27.111082 294.0049 0.0412 3.0 68.0
30.17937 297.2997 0.0412 3.0 68.0
30.17937 297.2997 0.0413 0.0 69.0
34.24105 299.24207 0.0413 0.0 69.0
30.17937 297.2997 0.0414 2.0 69.0
33.247658 300.5945 0.0414 2.0 69.0
33.247658 300.5945 0.0415 1.0 70.0
34.896317 304.78403 0.0415 1.0 70.0
34.896317 304.78403 0.0416 0.0 71.0
34.896317 309.28625 0.0416 0.0 71.0
34.896317 304.78403 0.0417 0.0 71.0
36.544975 308.97354 0.0417 0.0 71.0
36.544975 308.97354 0.0418 0.0 72.0
39.613266 312.26834 0.0418 0.0 72.0
36.544975 308.97354 0.0419 0.0 72.0
38.193634 313.16306 0.0419 0.0 72.0
33.247658 300.5945 0.0420 1.0 70.0
36.31595 303.8893 0.0420 1.0 70.0
36.31595 303.8893 0.0421 0.0 71.0
37.964607 308.07883 0.0421 0.0 71.0
36.31595 303.8893 0.0422 0.0 71.0
39.38424 307.1841 0.0422 0.0 71.0
39.38424 307.1841 0.0423 0.0 72.0
43.44592 309.12646 0.0423 0.0 72.0
39.38424 307.1841 0.0424 0.0 72.0
42.45253 310.4789 0.0424 0.0 72.0
14.837928 280.8257 0.0425 16.0 64.0
16.486586 285.01523 0.0425 16.0 64.0
16.486586 285.01523 0.0426 0.0 65.0
16.486586 289.51746 0.0426 0.0 65.0
16.486586 285.01523 0.0427 15.0 65.0
18.135244 289.20474 0.0427 15.0 65.0
18.135244 289.20474 0.0428 0.0 66.0
21.203533 292.49954 0.0428 0.0 66.0
18.135244 289.20474 0.0429 14.0 66.0
19.783903 293.39426 0.0429 14.0 66.0
19.783903 293.39426 0.0430 1.0 67.0
22.852192 296.68906 0.0430 1.0 67.0
22.852192 296.68906 0.0431 0.0 68.0
24.50085 300.87857 0.0431 0.0 68.0
22.852192 296.68906 0.0432 0.0 68.0
25.92048 299.98386 0.0432 0.0 68.0
25.92048 299.98386 0.0433 0.0 69.0
29.982159 301.9262 0.0433 0.0 69.0
25.92048 299.98386 0.0434 0.0 69.0
28.98877 303.27866 0.0434 0.0 69.0
19.783903 293.39426 0.0435 13.0 67.0
21.432562 297.58377 0.0435 13.0 67.0
21.432562 297.58377 0.0436 0.0 68.0
21.432562 302.086 0.0436 0.0 68.0
21.432562 297.58377 0.0437 12.0 68.0
23.08122 301.7733 0.0437 12.0 68.0
23.08122 301.7733 0.0438 0.0 69.0
26.14951 305.06808 0.0438 0.0 69.0
23.08122 301.7733 0.0439 11.0 69.0
24.72988 305.9628 0.0439 11.0 69.0
24.72988 305.9628 0.0440 1.0 70.0
24.72988 310.46503 0.0440 1.0 70.0
24.72988 310.46503 0.0441 0.0 71.0
23.08122 314.65454 0.0441 0.0 71.0
24.72988 310.46503 0.0442 0.0 71.0
24.72988 314.96725 0.0442 0.0 71.0
24.72988 314.96725 0.0443 0.0 72.0
26.378538 319.15677 0.0443 0.0 72.0
24.72988 314.96725 0.0444 0.0 72.0
24.72988 319.46948 0.0444 0.0 72.0
24.72988 305.9628 0.0445 10.0 70.0
26.378538 310.1523 0.0445 10.0 70.0
26.378538 310.1523 0.0446 0.0 71.0
26.378538 314.65454 0.0446 0.0 71.0
26.378538 310.1523 0.0447 9.0 71.0
28.027197 314.34183 0.0447 9.0 71.0
28.027197 314.34183 0.0448 0.0 72.0
31.095486 317.63663 0.0448 0.0 72.0
28.027197 314.34183 0.0449 8.0 72.0
29.675856 318.53134 0.0449 8.0 72.0
29.675856 318.53134 0.0450 7.0 73.0
29.675856 323.03357 0.0450 7.0 73.0
29.675856 323.03357 0.0451 0.0 74.0
28.027197 327.22308 0.0451 0.0 74.0
29.675856 323.03357 0.0452 6.0 74.0
29.675856 327.5358 0.0452 6.0 74.0
29.675856 327.5358 0.0453 0.0 75.0
31.324514 331.7253 0.0453 0.0 75.0
29.675856 327.5358 0.0454 5.0 75.0
29.675856 332.03802 0.0454 5.0 75.0
29.675856 332.03802 0.0455 1.0 76.0
31.324514 336.22754 0.0455 1.0 76.0
31.324514 336.22754 0.0456 0.0 77.0
31.324514 340.72977 0.0456 0.0 77.0
31.324514 336.22754 0.0457 0.0 77.0
32.97317 340.41705 0.0457 0.0 77.0
32.97317 340.41705 0.0458 0.0 78.0
36.04146 343.71185 0.0458 0.0 78.0
32.97317 340.41705 0.0459 0.0 78.0
34.62183 344.60657 0.0459 0.0 78.0
29.675856 332.03802 0.0460 4.0 76.0
29.675856 336.54025 0.0460 4.0 76.0
29.675856 336.54025 0.0461 0.0 77.0
28.027197 340.72977 0.0461 0.0 77.0
29.675856 336.54025 0.0462 3.0 77.0
29.675856 341.04248 0.0462 3.0 77.0
29.675856 341.04248 0.0463 0.0 78.0
31.324514 345.232 0.0463 0.0 78.0
29.675856 341.04248 0.0464 2.0 78.0
29.675856 345.5447 0.0464 2.0 78.0
29.675856 345.5447 0.0465 1.0 79.0
28.027197 349.73422 0.0465 1.0 79.0
28.027197 349.73422 0.0466 0.0 80.0
24.958908 353.02902 0.0466 0.0 80.0
28.027197 349.73422 0.0467 0.0 80.0
26.378538 353.92374 0.0467 0.0 80.0
26.378538 353.92374 0.0468 0.0 81.0
26.378538 358.42596 0.0468 0.0 81.0
26.378538 353.92374 0.0469 0.0 81.0
24.72988 358.11325 0.0469 0.0 81.0
29.675856 345.5447 0.0470 1.0 79.0
29.675856 350.04694 0.0470 1.0 79.0
29.675856 350.04694 0.0471 0.0 80.0
28.027197 354.23645 0.0471 0.0 80.0
29.675856 350.04694 0.0472 0.0 80.0
29.675856 354.54916 0.0472 0.0 80.0
29.675856 354.54916 0.0473 0.0 81.0
31.324514 358.73868 0.0473 0.0 81.0
29.675856 354.54916 0.0474 0.0 81.0
29.675856 359.0514 0.0474 0.0 81.0
29.675856 318.53134 0.0475 7.0 73.0
31.324514 322.72086 0.0475 7.0 73.0
31.324514 322.72086 0.0476 0.0 74.0
31.324514 327.22308 0.0476 0.0 74.0
31.324514 322.72086 0.0477 6.0 74.0
32.97317 326.91037 0.0477 6.0 74.0
32.97317 326.91037 0.0478 0.0 75.0
36.04146 330.20517 0.0478 0.0 75.0
32.97317 326.91037 0.0479 5.0 75.0
34.62183 331.09988 0.0479 5.0 75.0
34.62183 331.09988 0.0480 1.0 76.0
37.690117 334.39468 0.0480 1.0 76.0
37.690117 334.39468 0.0481 0.0 77.0
39.338776 338.5842 0.0481 0.0 77.0
37.690117 334.39468 0.0482 0.0 77.0
40.758408 337.68948 0.0482 0.0 77.0
40.758408 337.68948 0.0483 0.0 78.0
44.820087 339.63184 0.0483 0.0 78.0
40.758408 337.68948 0.0484 0.0 78.0
43.8267 340.98428 0.0484 0.0 78.0
34.62183 331.09988 0.0485 4.0 76.0
36.27049 335.2894 0.0485 4.0 76.0
36.27049 335.2894 0.0486 0.0 77.0
36.27049 339.79163 0.0486 0.0 77.0
36.27049 335.2894 0.0487 3.0 77.0
37.919147 339.4789 0.0487 3.0 77.0
37.919147 339.4789 0.0488 0.0 78.0
40.987434 342.7737 0.0488 0.0 78.0
37.919147 339.4789 0.0489 2.0 78.0
39.567806 343.66843 0.0489 2.0 78.0
39.567806 343.66843 0.0490 1.0 79.0
39.567806 348.17065 0.0490 1.0 79.0
39.567806 348.17065 0.0491 0.0 80.0
37.919147 352.36017 0.0491 0.0 80.0
39.567806 348.17065 0.0492 0.0 80.0
39.567806 352.67288 0.0492 0.0 80.0
39.567806 352.67288 0.0493 0.0 81.0
41.216465 356.8624 0.0493 0.0 81.0
39.567806 352.67288 0.0494 0.0 81.0
39.567806 357.1751 0.0494 0.0 81.0
39.567806 343.66843 0.0495 1.0 79.0
41.216465 347.85794 0.0495 1.0 79.0
41.216465 347.85794 0.0496 0.0 80.0
41.216465 352.36017 0.0496 0.0 80.0
41.216465 347.85794 0.0497 0.0 80.0
42.865124 352.04745 0.0497 0.0 80.0
42.865124 352.04745 0.0498 0.0 81.0
45.93341 355.34225 0.0498 0.0 81.0
42.865124 352.04745 0.0499 0.0 81.0
44.513783 356.23697 0.0499 0.0 81.0
0.0 243.12013 0.0500 25.0 55.0
0.0 247.62236 0.0500 25.0 55.0
0.0 247.62236 0.0501 0.0 56.0
-1.6486586 251.81186 0.0501 0.0 56.0
0.0 247.62236 0.0502 24.0 56.0
0.0 252.12459 0.0502 24.0 56.0
0.0 252.12459 0.0503 0.0 57.0
1.6486586 256.3141 0.0503 0.0 57.0
0.0 252.12459 0.0504 23.0 57.0
0.0 256.6268 0.0504 23.0 57.0
0.0 256.6268 0.0505 1.0 58.0
1.6486586 260.8163 0.0505 1.0 58.0
1.6486586 260.8163 0.0506 0.0 59.0
1.6486586 265.31854 0.0506 0.0 59.0
1.6486586 260.8163 0.0507 0.0 59.0
3.2973173 265.00583 0.0507 0.0 59.0
3.2973173 265.00583 0.0508 0.0 60.0
6.3656063 268.30063 0.0508 0.0 60.0
3.2973173 265.00583 0.0509 0.0 60.0
4.945976 269.19534 0.0509 0.0 60.0
0.0 256.6268 0.0510 22.0 58.0
0.0 261.12903 0.0510 22.0 58.0
0.0 261.12903 0.0511 0.0 59.0
-1.6486586 265.31854 0.0511 0.0 59.0
0.0 261.12903 0.0512 21.0 59.0
0.0 265.63126 0.0512 21.0 59.0
0.0 265.63126 0.0513 0.0 60.0
1.6486586 269.82077 0.0513 0.0 60.0
0.0 265.63126 0.0514 20.0 60.0
0.0 270.13348 0.0514 20.0 60.0
0.0 270.13348 0.0515 1.0 61.0
-1.6486586 274.323 0.0515 1.0 61.0
-1.6486586 274.323 0.0516 0.0 62.0
-4.7169476 277.6178 0.0516 0.0 62.0
-1.6486586 274.323 0.0517 0.0 62.0
-3.2973173 278.5125 0.0517 0.0 62.0
-3.2973173 278.5125 0.0518 0.0 63.0
-3.2973173 283.01474 0.0518 0.0 63.0
-3.2973173 278.5125 0.0519 0.0 63.0
-4.945976 282.70203 0.0519 0.0 63.0
0.0 270.13348 0.0520 19.0 61.0
0.0 274.6357 0.0520 19.0 61.0
0.0 274.6357 0.0521 0.0 62.0
-1.6486586 278.82523 0.0521 0.0 62.0
0.0 274.6357 0.0522 18.0 62.0
0.0 279.13794 0.0522 18.0 62.0
0.0 279.13794 0.0523 0.0 63.0
1.6486586 283.32745 0.0523 0.0 63.0
0.0 279.13794 0.0524 17.0 63.0
0.0 283.64017 0.0524 17.0 63.0
0.0 283.64017 0.0525 7.0 64.0
1.6486586 287.82968 0.0525 7.0 64.0
1.6486586 287.82968 0.0526 0.0 65.0
1.6486586 292.3319 0.0526 0.0 65.0
1.6486586 287.82968 0.0527 6.0 65.0
3.2973173 292.0192 0.0527 6.0 65.0
3.2973173 292.0192 0.0528 0.0 66.0
6.3656063 295.314 0.0528 0.0 66.0
3.2973173 292.0192 0.0529 5.0 66.0
4.945976 296.2087 0.0529 5.0 66.0
4.945976 296.2087 0.0530 1.0 67.0
8.014265 299.5035 0.0530 1.0 67.0
8.014265 299.5035 0.0531 0.0 68.0
9.662924 303.69302 0.0531 0.0 68.0
8.014265 299.5035 0.0532 0.0 68.0
11.082554 302.7983 0.0532 0.0 68.0
11.082554 302.7983 0.0533 0.0 69.0
15.144232 304.74066 0.0533 0.0 69.0
11.082554 302.7983 0.0534 0.0 69.0
14.150843 306.0931 0.0534 0.0 69.0
4.945976 296.2087 0.0535 4.0 67.0
6.5946345 300.39822 0.0535 4.0 67.0
6.5946345 300.39822 0.0536 0.0 68.0
6.5946345 304.90045 0.0536 0.0 68.0
6.5946345 300.39822 0.0537 3.0 68.0
8.243293 304.58774 0.0537 3.0 68.0
8.243293 304.58774 0.0538 0.0 69.0
11.311582 307.88254 0.0538 0.0 69.0
8.243293 304.58774 0.0539 2.0 69.0
9.891952 308.77725 0.0539 2.0 69.0
9.891952 308.77725 0.0540 1.0 70.0
9.891952 313.27948 0.0540 1.0 70.0
9.891952 313.27948 0.0541 0.0 71.0
8.243293 317.469 0.0541 0.0 71.0
9.891952 313.27948 0.0542 0.0 71.0
9.891952 317.7817 0.0542 0.0 71.0
9.891952 317.7817 0.0543 0.0 72.0
11.54061 321.97122 0.0543 0.0 72.0
9.891952 317.7817 0.0544 0.0 72.0
9.891952 322.28394 0.0544 0.0 72.0
9.891952 308.77725 0.0545 1.0 70.0
11.54061 312.96677 0.0545 1.0 70.0
11.54061 312.96677 0.0546 0.0 71.0
11.54061 317.469 0.0546 0.0 71.0
11.54061 312.96677 0.0547 0.0 71.0
13.189269 317.15628 0.0547 0.0 71.0
13.189269 317.15628 0.0548 0.0 72.0
16.257557 320.45108 0.0548 0.0 72.0
13.189269 317.15628 0.0549 0.0 72.0
14.837928 321.3458 0.0549 0.0 72.0
0.0 283.64017 0.0550 16.0 64.0
0.0 288.1424 0.0550 16.0 64.0
0.0 288.1424 0.0551 0.0 65.0
-1.6486586 292.3319 0.0551 0.0 65.0
0.0 288.1424 0.0552 15.0 65.0
0.0 292.64462 0.0552 15.0 65.0
0.0 292.64462 0.0553 0.0 66.0
1.6486586 296.83414 0.0553 0.0 66.0
0.0 292.64462 0.0554 14.0 66.0
0.0 297.14685 0.0554 14.0 66.0
0.0 297.14685 0.0555 1.0 67.0
1.6486586 301.33636 0.0555 1.0 67.0
1.6486586 301.33636 0.0556 0.0 68.0
1.6486586 305.8386 0.0556 0.0 68.0
1.6486586 301.33636 0.0557 0.0 68.0
3.2973173 305.52588 0.0557 0.0 68.0
3.2973173 305.52588 0.0558 0.0 69.0
6.3656063 308.82068 0.0558 0.0 69.0
3.2973173 305.52588 0.0559 0.0 69.0
4.945976 309.7154 0.0559 0.0 69.0
0.0 297.14685 0.0560 13.0 67.0
0.0 301.64908 0.0560 13.0 67.0
0.0 301.64908 0.0561 0.0 68.0
-1.6486586 305.8386 0.0561 0.0 68.0
0.0 301.64908 0.0562 12.0 68.0
0.0 306.1513 0.0562 12.0 68.0
0.0 306.1513 0.0563 0.0 69.0
1.6486586 310.34082 0.0563 0.0 69.0
0.0 306.1513 0.0564 11.0 69.0
0.0 310.65353 0.0564 11.0 69.0
0.0 310.65353 0.0565 1.0 70.0
-1.6486586 314.84305 0.0565 1.0 70.0
-1.6486586 314.84305 0.0566 0.0 71.0
-4.7169476 318.13785 0.0566 0.0 71.0
-1.6486586 314.84305 0.0567 0.0 71.0
-3.2973173 319.03256 0.0567 0.0 71.0
-3.2973173 319.03256 0.0568 0.0 72.0
-3.2973173 323.5348 0.0568 0.0 72.0
-3.2973173 319.03256 0.0569 0.0 72.0
-4.945976 323.22208 0.0569 0.0 72.0
0.0 310.65353 0.0570 10.0 70.0
0.0 315.15576 0.0570 10.0 70.0
0.0 315.15576 0.0571 0.0 71.0
-1.6486586 319.34528 0.0571 0.0 71.0
0.0 315.15576 0.0572 9.0 71.0
0.0 319.658 0.0572 9.0 71.0
0.0 319.658 0.0573 0.0 72.0
1.6486586 323.8475 0.0573 0.0 72.0
0.0 319.658 0.0574 8.0 72.0
0.0 324.16022 0.0574 8.0 72.0
0.0 324.16022 0.0575 7.0 73.0
-1.6486586 328.34973 0.0575 7.0 73.0
-1.6486586 328.34973 0.0576 0.0 74.0
-4.7169476 331.64453 0.0576 0.0 74.0
-1.6486586 328.34973 0.0577 6.0 74.0
-3.2973173 332.53925 0.0577 6.0 74.0
-3.2973173 332.53925 0.0578 0.0 75.0
-3.2973173 337.04147 0.0578 0.0 75.0
-3.2973173 332.53925 0.0579 5.0 75.0
-4.945976 336.72876 0.0579 5.0 75.0
-4.945976 336.72876 0.0580 1.0 76.0
-4.945976 341.231 0.0580 1.0 76.0
-4.945976 341.231 0.0581 0.0 77.0
-6.5946345 345.4205 0.0581 0.0 77.0
-4.945976 341.231 0.0582 0.0 77.0
-4.945976 345.73322 0.0582 0.0 77.0
-4.945976 345.73322 0.0583 0.0 78.0
-3.297317 349.92273 0.0583 0.0 78.0
-4.945976 345.73322 0.0584 0.0 78.0
-4.945976 350.23544 0.0584 0.0 78.0
-4.945976 336.72876 0.0585 4.0 76.0
-6.5946345 340.91827 0.0585 4.0 76.0
-6.5946345 340.91827 0.0586 0.0 77.0
-9.662924 344.21307 0.0586 0.0 77.0
-6.5946345 340.91827 0.0587 3.0 77.0
-8.243293 345.1078 0.0587 3.0 77.0
-8.243293 345.1078 0.0588 0.0 78.0
-8.243293 349.61002 0.0588 0.0 78.0
-8.243293 345.1078 0.0589 2.0 78.0
-9.891952 349.2973 0.0589 2.0 78.0
-9.891952 349.2973 0.0590 1.0 79.0
-12.96024 352.5921 0.0590 1.0 79.0
-12.96024 352.5921 0.0591 0.0 80.0
-17.02192 354.53445 0.0591 0.0 80.0
-12.96024 352.5921 0.0592 0.0 80.0
-16.02853 355.8869 0.0592 0.0 80.0
-16.02853 355.8869 0.0593 0.0 81.0
-17.677189 360.07642 0.0593 0.0 81.0
-16.02853 355.8869 0.0594 0.0 81.0
-19.096819 359.1817 0.0594 0.0 81.0
-9.891952 349.2973 0.0595 1.0 79.0
-11.54061 353.48682 0.0595 1.0 79.0
-11.54061 353.48682 0.0596 0.0 80.0
-14.608899 356.78162 0.0596 0.0 80.0
-11.54061 353.48682 0.0597 0.0 80.0
-13.189269 357.67633 0.0597 0.0 80.0
-13.189269 357.67633 0.0598 0.0 81.0
-13.189269 362.17856 0.0598 0.0 81.0
-13.189269 357.67633 0.0599 0.0 81.0
-14.837928 361.86584 0.0599 0.0 81.0
0.0 324.16022 0.0600 7.0 73.0
0.0 328.66245 0.0600 7.0 73.0
0.0 328.66245 0.0601 0.0 74.0
-1.6486586 332.85196 0.0601 0.0 74.0
0.0 328.66245 0.0602 6.0 74.0
0.0 333.16467 0.0602 6.0 74.0
0.0 333.16467 0.0603 0.0 75.0
1.6486586 337.3542 0.0603 0.0 75.0
0.0 333.16467 0.0604 5.0 75.0
0.0 337.6669 0.0604 5.0 75.0
0.0 337.6669 0.0605 1.0 76.0
1.6486586 341.8564 0.0605 1.0 76.0
1.6486586 341.8564 0.0606 0.0 77.0
1.6486586 346.35864 0.0606 0.0 77.0
1.6486586 341.8564 0.0607 0.0 77.0
3.2973173 346.04593 0.0607 0.0 77.0
3.2973173 346.04593 0.0608 0.0 78.0
6.3656063 349.34073 0.0608 0.0 78.0
3.2973173 346.04593 0.0609 0.0 78.0
4.945976 350.23544 0.0609 0.0 78.0
0.0 337.6669 0.0610 4.0 76.0
0.0 342.16913 0.0610 4.0 76.0
0.0 342.16913 0.0611 0.0 77.0
-1.6486586 346.35864 0.0611 0.0 77.0
0.0 342.16913 0.0612 3.0 77.0
0.0 346.67136 0.0612 3.0 77.0
0.0 346.67136 0.0613 0.0 78.0
1.6486586 350.86087 0.0613 0.0 78.0
0.0 346.67136 0.0614 2.0 78.0
0.0 351.17358 0.0614 2.0 78.0
0.0 351.17358 0.0615 1.0 79.0
-1.6486586 355.3631 0.0615 1.0 79.0
-1.6486586 355.3631 0.0616 0.0 80.0
-4.7169476 358.6579 0.0616 0.0 80.0
-1.6486586 355.3631 0.0617 0.0 80.0
-3.2973173 359.5526 0.0617 0.0 80.0
-3.2973173 359.5526 0.0618 0.0 81.0
-3.2973173 364.05484 0.0618 0.0 81.0
-3.2973173 359.5526 0.0619 0.0 81.0
-4.945976 363.74213 0.0619 0.0 81.0
0.0 351.17358 0.0620 1.0 79.0
0.0 355.6758 0.0620 1.0 79.0
0.0 355.6758 0.0621 0.0 80.0
-1.6486586 359.86533 0.0621 0.0 80.0
0.0 355.6758 0.0622 0.0 80.0
0.0 360.17804 0.0622 0.0 80.0
0.0 360.17804 0.0623 0.0 81.0
1.6486586 364.36755 0.0623 0.0 81.0
0.0 360.17804 0.0624 0.0 81.0
0.0 364.68027 0.0624 0.0 81.0
