0.0 0.0 0.00 79.0 1.0
0.0 3.8342917 0.00 79.0 1.0
0.0 3.8342917 0.01 0.0 2.0
1.8338497 7.2016034 0.01 0.0 2.0
0.0 3.8342917 0.02 78.0 2.0
0.0 7.6685834 0.02 78.0 2.0
0.0 7.6685834 0.03 0.0 3.0
1.8338497 11.035895 0.03 0.0 3.0
0.0 7.6685834 0.04 77.0 3.0
0.0 11.502875 0.04 77.0 3.0
0.0 11.502875 0.05 1.0 4.0
1.8338497 14.870187 0.05 1.0 4.0
1.8338497 14.870187 0.06 0.0 5.0
5.054858 16.950306 0.06 0.0 5.0
1.8338497 14.870187 0.07 0.0 5.0
3.6676993 18.2375 0.07 0.0 5.0
3.6676993 18.2375 0.08 0.0 6.0
6.888708 20.31762 0.08 0.0 6.0
3.6676993 18.2375 0.09 0.0 6.0
5.501549 21.60481 0.09 0.0 6.0
0.0 11.502875 0.010 76.0 4.0
0.0 15.337167 0.010 76.0 4.0
0.0 15.337167 0.011 0.0 5.0
1.8338497 18.70448 0.011 0.0 5.0
0.0 15.337167 0.012 75.0 5.0
0.0 19.17146 0.012 75.0 5.0
0.0 19.17146 0.013 0.0 6.0
1.8338497 22.53877 0.013 0.0 6.0
0.0 19.17146 0.014 74.0 6.0
0.0 23.00575 0.014 74.0 6.0
0.0 23.00575 0.015 1.0 7.0
-1.8338497 26.373062 0.015 1.0 7.0
-1.8338497 26.373062 0.016 0.0 8.0
-1.8338497 30.207354 0.016 0.0 8.0
-1.8338497 26.373062 0.017 0.0 8.0
-3.6676993 29.740374 0.017 0.0 8.0
-3.6676993 29.740374 0.018 0.0 9.0
-3.6676993 33.574665 0.018 0.0 9.0
-3.6676993 29.740374 0.019 0.0 9.0
-5.501549 33.107685 0.019 0.0 9.0
0.0 23.00575 0.020 73.0 7.0
0.0 26.840042 0.020 73.0 7.0
0.0 26.840042 0.021 0.0 8.0
1.8338497 30.207354 0.021 0.0 8.0
0.0 26.840042 0.022 72.0 8.0
0.0 30.674334 0.022 72.0 8.0
0.0 30.674334 0.023 0.0 9.0
1.8338497 34.041645 0.023 0.0 9.0
0.0 30.674334 0.024 71.0 9.0
0.0 34.508625 0.024 71.0 9.0
0.0 34.508625 0.025 7.0 10.0
1.8338497 37.87594 0.025 7.0 10.0
1.8338497 37.87594 0.026 0.0 11.0
5.054858 39.95606 0.026 0.0 11.0
1.8338497 37.87594 0.027 6.0 11.0
3.6676993 41.24325 0.027 6.0 11.0
3.6676993 41.24325 0.028 0.0 12.0
6.888708 43.32337 0.028 0.0 12.0
3.6676993 41.24325 0.029 5.0 12.0
5.501549 44.610565 0.029 5.0 12.0
5.501549 44.610565 0.030 1.0 13.0
8.722557 46.690685 0.030 1.0 13.0
8.722557 46.690685 0.031 0.0 14.0
12.546149 46.976936 0.031 0.0 14.0
8.722557 46.690685 0.032 0.0 14.0
11.943565 48.770805 0.032 0.0 14.0
11.943565 48.770805 0.033 0.0 15.0
15.767158 49.057056 0.033 0.0 15.0
11.943565 48.770805 0.034 0.0 15.0
15.164574 50.850925 0.034 0.0 15.0
5.501549 44.610565 0.035 4.0 13.0
7.3353987 47.97788 0.035 4.0 13.0
7.3353987 47.97788 0.036 0.0 14.0
10.556407 50.058 0.036 0.0 14.0
7.3353987 47.97788 0.037 3.0 14.0
9.169249 51.345192 0.037 3.0 14.0
9.169249 51.345192 0.038 0.0 15.0
12.390257 53.425312 0.038 0.0 15.0
9.169249 51.345192 0.039 2.0 15.0
11.0030985 54.712505 0.039 2.0 15.0
11.0030985 54.712505 0.040 1.0 16.0
11.0030985 58.5468 0.040 1.0 16.0
11.0030985 58.5468 0.041 0.0 17.0
12.836948 61.914112 0.041 0.0 17.0
11.0030985 58.5468 0.042 0.0 17.0
11.0030985 62.381092 0.042 0.0 17.0
11.0030985 62.381092 0.043 0.0 18.0
12.836948 65.748405 0.043 0.0 18.0
11.0030985 62.381092 0.044 0.0 18.0
11.0030985 66.215385 0.044 0.0 18.0
11.0030985 54.712505 0.045 1.0 16.0
12.836948 58.07982 0.045 1.0 16.0
12.836948 58.07982 0.046 0.0 17.0
16.057957 60.15994 0.046 0.0 17.0
12.836948 58.07982 0.047 0.0 17.0
14.670798 61.447132 0.047 0.0 17.0
14.670798 61.447132 0.048 0.0 18.0
17.891808 63.527252 0.048 0.0 18.0
14.670798 61.447132 0.049 0.0 18.0
16.504648 64.814445 0.049 0.0 18.0
0.0 34.508625 0.050 70.0 10.0
0.0 38.34292 0.050 70.0 10.0
0.0 38.34292 0.051 0.0 11.0
1.8338497 41.71023 0.051 0.0 11.0
0.0 38.34292 0.052 69.0 11.0
0.0 42.17721 0.052 69.0 11.0
0.0 42.17721 0.053 0.0 12.0
1.8338497 45.544525 0.053 0.0 12.0
0.0 42.17721 0.054 68.0 12.0
0.0 46.011505 0.054 68.0 12.0
0.0 46.011505 0.055 1.0 13.0
1.8338497 49.37882 0.055 1.0 13.0
1.8338497 49.37882 0.056 0.0 14.0
5.054858 51.45894 0.056 0.0 14.0
1.8338497 49.37882 0.057 0.0 14.0
3.6676993 52.74613 0.057 0.0 14.0
3.6676993 52.74613 0.058 0.0 15.0
6.888708 54.826252 0.058 0.0 15.0
3.6676993 52.74613 0.059 0.0 15.0
5.501549 56.113445 0.059 0.0 15.0
0.0 46.011505 0.060 67.0 13.0
0.0 49.8458 0.060 67.0 13.0
0.0 49.8458 0.061 0.0 14.0
1.8338497 53.21311 0.061 0.0 14.0
0.0 49.8458 0.062 66.0 14.0
0.0 53.68009 0.062 66.0 14.0
0.0 53.68009 0.063 0.0 15.0
1.8338497 57.047405 0.063 0.0 15.0
0.0 53.68009 0.064 65.0 15.0
0.0 57.514385 0.064 65.0 15.0
0.0 57.514385 0.065 1.0 16.0
-1.8338497 60.8817 0.065 1.0 16.0
-1.8338497 60.8817 0.066 0.0 17.0
-1.8338497 64.71599 0.066 0.0 17.0
-1.8338497 60.8817 0.067 0.0 17.0
-3.6676993 64.24901 0.067 0.0 17.0
-3.6676993 64.24901 0.068 0.0 18.0
-3.6676993 68.0833 0.068 0.0 18.0
-3.6676993 64.24901 0.069 0.0 18.0
-5.501549 67.61632 0.069 0.0 18.0
0.0 57.514385 0.070 64.0 16.0
0.0 61.34868 0.070 64.0 16.0
0.0 61.34868 0.071 0.0 17.0
1.8338497 64.71599 0.071 0.0 17.0
0.0 61.34868 0.072 63.0 17.0
0.0 65.18297 0.072 63.0 17.0
0.0 65.18297 0.073 0.0 18.0
1.8338497 68.55028 0.073 0.0 18.0
0.0 65.18297 0.074 62.0 18.0
0.0 69.01726 0.074 62.0 18.0
0.0 69.01726 0.075 7.0 19.0
1.8338497 72.38457 0.075 7.0 19.0
1.8338497 72.38457 0.076 0.0 20.0
5.054858 74.46468 0.076 0.0 20.0
1.8338497 72.38457 0.077 6.0 20.0
3.6676993 75.75188 0.077 6.0 20.0
3.6676993 75.75188 0.078 0.0 21.0
6.888708 77.83199 0.078 0.0 21.0
3.6676993 75.75188 0.079 5.0 21.0
5.501549 79.11919 0.079 5.0 21.0
5.501549 79.11919 0.080 1.0 22.0
8.722557 81.1993 0.080 1.0 22.0
8.722557 81.1993 0.081 0.0 23.0
12.546149 81.48555 0.081 0.0 23.0
8.722557 81.1993 0.082 0.0 23.0
11.943565 83.27942 0.082 0.0 23.0
11.943565 83.27942 0.083 0.0 24.0
15.767158 83.56567 0.083 0.0 24.0
11.943565 83.27942 0.084 0.0 24.0
15.164574 85.359535 0.084 0.0 24.0
5.501549 79.11919 0.085 4.0 22.0
7.3353987 82.486496 0.085 4.0 22.0
7.3353987 82.486496 0.086 0.0 23.0
10.556407 84.56661 0.086 0.0 23.0
7.3353987 82.486496 0.087 3.0 23.0
9.169249 85.853806 0.087 3.0 23.0
9.169249 85.853806 0.088 0.0 24.0
12.390257 87.93392 0.088 0.0 24.0
9.169249 85.853806 0.089 2.0 24.0
11.0030985 89.221115 0.089 2.0 24.0
11.0030985 89.221115 0.090 1.0 25.0
11.0030985 93.055405 0.090 1.0 25.0
11.0030985 93.055405 0.091 0.0 26.0
12.836948 96.422714 0.091 0.0 26.0
11.0030985 93.055405 0.092 0.0 26.0
11.0030985 96.889694 0.092 0.0 26.0
11.0030985 96.889694 0.093 0.0 27.0
12.836948 100.257 0.093 0.0 27.0
11.0030985 96.889694 0.094 0.0 27.0
11.0030985 100.72398 0.094 0.0 27.0
11.0030985 89.221115 0.095 1.0 25.0
12.836948 92.588425 0.095 1.0 25.0
12.836948 92.588425 0.096 0.0 26.0
16.057957 94.66854 0.096 0.0 26.0
12.836948 92.588425 0.097 0.0 26.0
14.670798 95.955734 0.097 0.0 26.0
14.670798 95.955734 0.098 0.0 27.0
17.891808 98.03585 0.098 0.0 27.0
14.670798 95.955734 0.099 0.0 27.0
16.504648 99.323044 0.099 0.0 27.0
0.0 69.01726 0.0100 61.0 19.0
0.0 72.85155 0.0100 61.0 19.0
0.0 72.85155 0.0101 0.0 20.0
1.8338497 76.21886 0.0101 0.0 20.0
0.0 72.85155 0.0102 60.0 20.0
0.0 76.68584 0.0102 60.0 20.0
0.0 76.68584 0.0103 0.0 21.0
1.8338497 80.05315 0.0103 0.0 21.0
0.0 76.68584 0.0104 59.0 21.0
0.0 80.52013 0.0104 59.0 21.0
0.0 80.52013 0.0105 1.0 22.0
1.8338497 83.887436 0.0105 1.0 22.0
1.8338497 83.887436 0.0106 0.0 23.0
5.054858 85.96755 0.0106 0.0 23.0
1.8338497 83.887436 0.0107 0.0 23.0
3.6676993 87.254745 0.0107 0.0 23.0
3.6676993 87.254745 0.0108 0.0 24.0
6.888708 89.33486 0.0108 0.0 24.0
3.6676993 87.254745 0.0109 0.0 24.0
5.501549 90.622055 0.0109 0.0 24.0
0.0 80.52013 0.0110 58.0 22.0
0.0 84.354416 0.0110 58.0 22.0
0.0 84.354416 0.0111 0.0 23.0
1.8338497 87.721725 0.0111 0.0 23.0
0.0 84.354416 0.0112 57.0 23.0
0.0 88.188705 0.0112 57.0 23.0
0.0 88.188705 0.0113 0.0 24.0
1.8338497 91.556015 0.0113 0.0 24.0
0.0 88.188705 0.0114 56.0 24.0
0.0 92.022995 0.0114 56.0 24.0
0.0 92.022995 0.0115 1.0 25.0
-1.8338497 95.390305 0.0115 1.0 25.0
-1.8338497 95.390305 0.0116 0.0 26.0
-1.8338497 99.224594 0.0116 0.0 26.0
-1.8338497 95.390305 0.0117 0.0 26.0
-3.6676993 98.757614 0.0117 0.0 26.0
-3.6676993 98.757614 0.0118 0.0 27.0
-3.6676993 102.5919 0.0118 0.0 27.0
-3.6676993 98.757614 0.0119 0.0 27.0
-5.501549 102.12492 0.0119 0.0 27.0
0.0 92.022995 0.0120 55.0 25.0
0.0 95.857285 0.0120 55.0 25.0
0.0 95.857285 0.0121 0.0 26.0
1.8338497 99.224594 0.0121 0.0 26.0
0.0 95.857285 0.0122 54.0 26.0
0.0 99.691574 0.0122 54.0 26.0
0.0 99.691574 0.0123 0.0 27.0
1.8338497 103.05888 0.0123 0.0 27.0
0.0 99.691574 0.0124 53.0 27.0
0.0 103.52586 0.0124 53.0 27.0
0.0 103.52586 0.0125 25.0 28.0
1.8338497 106.89317 0.0125 25.0 28.0
1.8338497 106.89317 0.0126 0.0 29.0
5.054858 108.97329 0.0126 0.0 29.0
1.8338497 106.89317 0.0127 24.0 29.0
3.6676993 110.26048 0.0127 24.0 29.0
3.6676993 110.26048 0.0128 0.0 30.0
6.888708 112.3406 0.0128 0.0 30.0
3.6676993 110.26048 0.0129 23.0 30.0
5.501549 113.62779 0.0129 23.0 30.0
5.501549 113.62779 0.0130 1.0 31.0
8.722557 115.70791 0.0130 1.0 31.0
8.722557 115.70791 0.0131 0.0 32.0
12.546149 115.994156 0.0131 0.0 32.0
8.722557 115.70791 0.0132 0.0 32.0
11.943565 117.788025 0.0132 0.0 32.0
11.943565 117.788025 0.0133 0.0 33.0
15.767158 118.07427 0.0133 0.0 33.0
11.943565 117.788025 0.0134 0.0 33.0
15.164574 119.86814 0.0134 0.0 33.0
5.501549 113.62779 0.0135 22.0 31.0
7.3353987 116.9951 0.0135 22.0 31.0
7.3353987 116.9951 0.0136 0.0 32.0
10.556407 119.07522 0.0136 0.0 32.0
7.3353987 116.9951 0.0137 21.0 32.0
9.169249 120.36241 0.0137 21.0 32.0
9.169249 120.36241 0.0138 0.0 33.0
12.390257 122.44253 0.0138 0.0 33.0
9.169249 120.36241 0.0139 20.0 33.0
11.0030985 123.72972 0.0139 20.0 33.0
11.0030985 123.72972 0.0140 1.0 34.0
11.0030985 127.56401 0.0140 1.0 34.0
11.0030985 127.56401 0.0141 0.0 35.0
12.836948 130.93132 0.0141 0.0 35.0
11.0030985 127.56401 0.0142 0.0 35.0
11.0030985 131.3983 0.0142 0.0 35.0
11.0030985 131.3983 0.0143 0.0 36.0
12.836948 134.76561 0.0143 0.0 36.0
11.0030985 131.3983 0.0144 0.0 36.0
11.0030985 135.23259 0.0144 0.0 36.0
11.0030985 123.72972 0.0145 19.0 34.0
12.836948 127.09703 0.0145 19.0 34.0
12.836948 127.09703 0.0146 0.0 35.0
16.057957 129.17715 0.0146 0.0 35.0
12.836948 127.09703 0.0147 18.0 35.0
14.670798 130.46434 0.0147 18.0 35.0
14.670798 130.46434 0.0148 0.0 36.0
17.891808 132.54446 0.0148 0.0 36.0
14.670798 130.46434 0.0149 17.0 36.0
16.504648 133.83165 0.0149 17.0 36.0
16.504648 133.83165 0.0150 7.0 37.0
19.725657 135.91177 0.0150 7.0 37.0
19.725657 135.91177 0.0151 0.0 38.0
23.549248 136.19803 0.0151 0.0 38.0
19.725657 135.91177 0.0152 6.0 38.0
22.946665 137.9919 0.0152 6.0 38.0
22.946665 137.9919 0.0153 0.0 39.0
26.770256 138.27815 0.0153 0.0 39.0
22.946665 137.9919 0.0154 5.0 39.0
26.167673 140.07202 0.0154 5.0 39.0
26.167673 140.07202 0.0155 1.0 40.0
29.991264 140.35828 0.0155 1.0 40.0
29.991264 140.35828 0.0156 0.0 41.0
33.486084 138.78093 0.0156 0.0 41.0
29.991264 140.35828 0.0157 0.0 41.0
33.814857 140.64453 0.0157 0.0 41.0
33.814857 140.64453 0.0158 0.0 42.0
37.309677 139.06718 0.0158 0.0 42.0
33.814857 140.64453 0.0159 0.0 42.0
37.63845 140.93079 0.0159 0.0 42.0
26.167673 140.07202 0.0160 4.0 40.0
29.388681 142.15215 0.0160 4.0 40.0
29.388681 142.15215 0.0161 0.0 41.0
33.212273 142.4384 0.0161 0.0 41.0
29.388681 142.15215 0.0162 3.0 41.0
32.60969 144.23227 0.0162 3.0 41.0
32.60969 144.23227 0.0163 0.0 42.0
36.433285 144.51852 0.0163 0.0 42.0
32.60969 144.23227 0.0164 2.0 42.0
35.8307 146.3124 0.0164 2.0 42.0
35.8307 146.3124 0.0165 1.0 43.0
37.66455 149.6797 0.0165 1.0 43.0
37.66455 149.6797 0.0166 0.0 44.0
40.88556 151.75983 0.0166 0.0 44.0
37.66455 149.6797 0.0167 0.0 44.0
39.4984 153.04701 0.0167 0.0 44.0
39.4984 153.04701 0.0168 0.0 45.0
42.71941 155.12714 0.0168 0.0 45.0
39.4984 153.04701 0.0169 0.0 45.0
41.332253 156.41432 0.0169 0.0 45.0
35.8307 146.3124 0.0170 1.0 43.0
39.05171 148.39252 0.0170 1.0 43.0
39.05171 148.39252 0.0171 0.0 44.0
42.8753 148.67877 0.0171 0.0 44.0
39.05171 148.39252 0.0172 0.0 44.0
42.272717 150.47264 0.0172 0.0 44.0
42.272717 150.47264 0.0173 0.0 45.0
46.09631 150.7589 0.0173 0.0 45.0
42.272717 150.47264 0.0174 0.0 45.0
45.493725 152.55276 0.0174 0.0 45.0
16.504648 133.83165 0.0175 16.0 37.0
18.338497 137.19896 0.0175 16.0 37.0
18.338497 137.19896 0.0176 0.0 38.0
21.559505 139.27908 0.0176 0.0 38.0
18.338497 137.19896 0.0177 15.0 38.0
20.172346 140.56627 0.0177 15.0 38.0
20.172346 140.56627 0.0178 0.0 39.0
23.393354 142.6464 0.0178 0.0 39.0
20.172346 140.56627 0.0179 14.0 39.0
22.006195 143.93358 0.0179 14.0 39.0
22.006195 143.93358 0.0180 1.0 40.0
25.227203 146.0137 0.0180 1.0 40.0
25.227203 146.0137 0.0181 0.0 41.0
29.050795 146.29996 0.0181 0.0 41.0
25.227203 146.0137 0.0182 0.0 41.0
28.448212 148.09383 0.0182 0.0 41.0
28.448212 148.09383 0.0183 0.0 42.0
32.271805 148.38008 0.0183 0.0 42.0
28.448212 148.09383 0.0184 0.0 42.0
31.66922 150.17395 0.0184 0.0 42.0
22.006195 143.93358 0.0185 13.0 40.0
23.840044 147.30089 0.0185 13.0 40.0
23.840044 147.30089 0.0186 0.0 41.0
27.061052 149.38101 0.0186 0.0 41.0
23.840044 147.30089 0.0187 12.0 41.0
25.673893 150.6682 0.0187 12.0 41.0
25.673893 150.6682 0.0188 0.0 42.0
28.894901 152.74832 0.0188 0.0 42.0
25.673893 150.6682 0.0189 11.0 42.0
27.507742 154.0355 0.0189 11.0 42.0
27.507742 154.0355 0.0190 1.0 43.0
27.507742 157.8698 0.0190 1.0 43.0
27.507742 157.8698 0.0191 0.0 44.0
29.34159 161.2371 0.0191 0.0 44.0
27.507742 157.8698 0.0192 0.0 44.0
27.507742 161.70409 0.0192 0.0 44.0
27.507742 161.70409 0.0193 0.0 45.0
29.34159 165.0714 0.0193 0.0 45.0
27.507742 161.70409 0.0194 0.0 45.0
27.507742 165.53838 0.0194 0.0 45.0
27.507742 154.0355 0.0195 10.0 43.0
29.34159 157.40282 0.0195 10.0 43.0
29.34159 157.40282 0.0196 0.0 44.0
32.5626 159.48294 0.0196 0.0 44.0
29.34159 157.40282 0.0197 9.0 44.0
31.17544 160.77013 0.0197 9.0 44.0
31.17544 160.77013 0.0198 0.0 45.0
34.39645 162.85025 0.0198 0.0 45.0
31.17544 160.77013 0.0199 8.0 45.0
33.00929 164.13744 0.0199 8.0 45.0
33.00929 164.13744 0.0200 7.0 46.0
36.230297 166.21756 0.0200 7.0 46.0
36.230297 166.21756 0.0201 0.0 47.0
40.05389 166.50381 0.0201 0.0 47.0
36.230297 166.21756 0.0202 6.0 47.0
39.451305 168.29768 0.0202 6.0 47.0
39.451305 168.29768 0.0203 0.0 48.0
43.2749 168.58394 0.0203 0.0 48.0
39.451305 168.29768 0.0204 5.0 48.0
42.672314 170.3778 0.0204 5.0 48.0
42.672314 170.3778 0.0205 1.0 49.0
46.495907 170.66406 0.0205 1.0 49.0
46.495907 170.66406 0.0206 0.0 50.0
49.990726 169.08672 0.0206 0.0 50.0
46.495907 170.66406 0.0207 0.0 50.0
50.3195 170.95032 0.0207 0.0 50.0
50.3195 170.95032 0.0208 0.0 51.0
53.81432 169.37297 0.0208 0.0 51.0
50.3195 170.95032 0.0209 0.0 51.0
54.143093 171.23657 0.0209 0.0 51.0
42.672314 170.3778 0.0210 4.0 49.0
45.893322 172.45793 0.0210 4.0 49.0
45.893322 172.45793 0.0211 0.0 50.0
49.716915 172.74419 0.0211 0.0 50.0
45.893322 172.45793 0.0212 3.0 50.0
49.11433 174.53806 0.0212 3.0 50.0
49.11433 174.53806 0.0213 0.0 51.0
52.937923 174.82431 0.0213 0.0 51.0
49.11433 174.53806 0.0214 2.0 51.0
52.33534 176.61818 0.0214 2.0 51.0
52.33534 176.61818 0.0215 1.0 52.0
54.16919 179.98549 0.0215 1.0 52.0
54.16919 179.98549 0.0216 0.0 53.0
57.390198 182.06561 0.0216 0.0 53.0
54.16919 179.98549 0.0217 0.0 53.0
56.00304 183.3528 0.0217 0.0 53.0
56.00304 183.3528 0.0218 0.0 54.0
59.22405 185.43292 0.0218 0.0 54.0
56.00304 183.3528 0.0219 0.0 54.0
57.83689 186.72011 0.0219 0.0 54.0
52.33534 176.61818 0.0220 1.0 52.0
55.556347 178.6983 0.0220 1.0 52.0
55.556347 178.6983 0.0221 0.0 53.0
59.37994 178.98456 0.0221 0.0 53.0
55.556347 178.6983 0.0222 0.0 53.0
58.777355 180.77843 0.0222 0.0 53.0
58.777355 180.77843 0.0223 0.0 54.0
62.60095 181.06468 0.0223 0.0 54.0
58.777355 180.77843 0.0224 0.0 54.0
61.998363 182.85855 0.0224 0.0 54.0
33.00929 164.13744 0.0225 7.0 46.0
34.84314 167.50475 0.0225 7.0 46.0
34.84314 167.50475 0.0226 0.0 47.0
38.064148 169.58487 0.0226 0.0 47.0
34.84314 167.50475 0.0227 6.0 47.0
36.67699 170.87206 0.0227 6.0 47.0
36.67699 170.87206 0.0228 0.0 48.0
39.898 172.95218 0.0228 0.0 48.0
36.67699 170.87206 0.0229 5.0 48.0
38.51084 174.23936 0.0229 5.0 48.0
38.51084 174.23936 0.0230 1.0 49.0
41.73185 176.31949 0.0230 1.0 49.0
41.73185 176.31949 0.0231 0.0 50.0
45.555443 176.60574 0.0231 0.0 50.0
41.73185 176.31949 0.0232 0.0 50.0
44.952858 178.39961 0.0232 0.0 50.0
44.952858 178.39961 0.0233 0.0 51.0
48.77645 178.68587 0.0233 0.0 51.0
44.952858 178.39961 0.0234 0.0 51.0
48.173866 180.47974 0.0234 0.0 51.0
38.51084 174.23936 0.0235 4.0 49.0
40.344692 177.60667 0.0235 4.0 49.0
40.344692 177.60667 0.0236 0.0 50.0
43.5657 179.6868 0.0236 0.0 50.0
40.344692 177.60667 0.0237 3.0 50.0
42.178543 180.97398 0.0237 3.0 50.0
42.178543 180.97398 0.0238 0.0 51.0
45.39955 183.05411 0.0238 0.0 51.0
42.178543 180.97398 0.0239 2.0 51.0
44.012394 184.3413 0.0239 2.0 51.0
44.012394 184.3413 0.0240 1.0 52.0
44.012394 188.17558 0.0240 1.0 52.0
44.012394 188.17558 0.0241 0.0 53.0
45.846245 191.5429 0.0241 0.0 53.0
44.012394 188.17558 0.0242 0.0 53.0
44.012394 192.00987 0.0242 0.0 53.0
44.012394 192.00987 0.0243 0.0 54.0
45.846245 195.37718 0.0243 0.0 54.0
44.012394 192.00987 0.0244 0.0 54.0
44.012394 195.84416 0.0244 0.0 54.0
44.012394 184.3413 0.0245 1.0 52.0
45.846245 187.7086 0.0245 1.0 52.0
45.846245 187.7086 0.0246 0.0 53.0
49.067253 189.78873 0.0246 0.0 53.0
45.846245 187.7086 0.0247 0.0 53.0
47.680096 191.07591 0.0247 0.0 53.0
47.680096 191.07591 0.0248 0.0 54.0
50.901104 193.15604 0.0248 0.0 54.0
47.680096 191.07591 0.0249 0.0 54.0
49.513947 194.44322 0.0249 0.0 54.0
0.0 103.52586 0.0250 52.0 28.0
0.0 107.36015 0.0250 52.0 28.0
0.0 107.36015 0.0251 0.0 29.0
1.8338497 110.72746 0.0251 0.0 29.0
0.0 107.36015 0.0252 51.0 29.0
0.0 111.19444 0.0252 51.0 29.0
0.0 111.19444 0.0253 0.0 30.0
1.8338497 114.56175 0.0253 0.0 30.0
0.0 111.19444 0.0254 50.0 30.0
0.0 115.02873 0.0254 50.0 30.0
0.0 115.02873 0.0255 1.0 31.0
1.8338497 118.39604 0.0255 1.0 31.0
1.8338497 118.39604 0.0256 0.0 32.0
5.054858 120.47616 0.0256 0.0 32.0
1.8338497 118.39604 0.0257 0.0 32.0
3.6676993 121.76335 0.0257 0.0 32.0
3.6676993 121.76335 0.0258 0.0 33.0
6.888708 123.84347 0.0258 0.0 33.0
3.6676993 121.76335 0.0259 0.0 33.0
5.501549 125.13066 0.0259 0.0 33.0
0.0 115.02873 0.0260 49.0 31.0
0.0 118.86302 0.0260 49.0 31.0
0.0 118.86302 0.0261 0.0 32.0
1.8338497 122.23033 0.0261 0.0 32.0
0.0 118.86302 0.0262 48.0 32.0
0.0 122.69731 0.0262 48.0 32.0
0.0 122.69731 0.0263 0.0 33.0
1.8338497 126.06462 0.0263 0.0 33.0
0.0 122.69731 0.0264 47.0 33.0
0.0 126.5316 0.0264 47.0 33.0
0.0 126.5316 0.0265 1.0 34.0
-1.8338497 129.89891 0.0265 1.0 34.0
-1.8338497 129.89891 0.0266 0.0 35.0
-1.8338497 133.7332 0.0266 0.0 35.0
-1.8338497 129.89891 0.0267 0.0 35.0
-3.6676993 133.26622 0.0267 0.0 35.0
-3.6676993 133.26622 0.0268 0.0 36.0
-3.6676993 137.10051 0.0268 0.0 36.0
-3.6676993 133.26622 0.0269 0.0 36.0
-5.501549 136.63353 0.0269 0.0 36.0
0.0 126.5316 0.0270 46.0 34.0
0.0 130.36589 0.0270 46.0 34.0
0.0 130.36589 0.0271 0.0 35.0
1.8338497 133.7332 0.0271 0.0 35.0
0.0 130.36589 0.0272 45.0 35.0
0.0 134.20018 0.0272 45.0 35.0
0.0 134.20018 0.0273 0.0 36.0
1.8338497 137.56749 0.0273 0.0 36.0
0.0 134.20018 0.0274 44.0 36.0
0.0 138.03447 0.0274 44.0 36.0
0.0 138.03447 0.0275 7.0 37.0
1.8338497 141.40178 0.0275 7.0 37.0
1.8338497 141.40178 0.0276 0.0 38.0
5.054858 143.4819 0.0276 0.0 38.0
1.8338497 141.40178 0.0277 6.0 38.0
3.6676993 144.76909 0.0277 6.0 38.0
3.6676993 144.76909 0.0278 0.0 39.0
6.888708 146.84921 0.0278 0.0 39.0
3.6676993 144.76909 0.0279 5.0 39.0
5.501549 148.1364 0.0279 5.0 39.0
5.501549 148.1364 0.0280 1.0 40.0
8.722557 150.21652 0.0280 1.0 40.0
8.722557 150.21652 0.0281 0.0 41.0
12.546149 150.50278 0.0281 0.0 41.0
8.722557 150.21652 0.0282 0.0 41.0
11.943565 152.29665 0.0282 0.0 41.0
11.943565 152.29665 0.0283 0.0 42.0
15.767158 152.5829 0.0283 0.0 42.0
11.943565 152.29665 0.0284 0.0 42.0
15.164574 154.37677 0.0284 0.0 42.0
5.501549 148.1364 0.0285 4.0 40.0
7.3353987 151.50371 0.0285 4.0 40.0
7.3353987 151.50371 0.0286 0.0 41.0
10.556407 153.58383 0.0286 0.0 41.0
7.3353987 151.50371 0.0287 3.0 41.0
9.169249 154.87102 0.0287 3.0 41.0
9.169249 154.87102 0.0288 0.0 42.0
12.390257 156.95114 0.0288 0.0 42.0
9.169249 154.87102 0.0289 2.0 42.0
11.0030985 158.23833 0.0289 2.0 42.0
11.0030985 158.23833 0.0290 1.0 43.0
11.0030985 162.07262 0.0290 1.0 43.0
11.0030985 162.07262 0.0291 0.0 44.0
12.836948 165.43993 0.0291 0.0 44.0
11.0030985 162.07262 0.0292 0.0 44.0
11.0030985 165.9069 0.0292 0.0 44.0
11.0030985 165.9069 0.0293 0.0 45.0
12.836948 169.27422 0.0293 0.0 45.0
11.0030985 165.9069 0.0294 0.0 45.0
11.0030985 169.7412 0.0294 0.0 45.0
11.0030985 158.23833 0.0295 1.0 43.0
12.836948 161.60564 0.0295 1.0 43.0
12.836948 161.60564 0.0296 0.0 44.0
16.057957 163.68576 0.0296 0.0 44.0
12.836948 161.60564 0.0297 0.0 44.0
14.670798 164.97295 0.0297 0.0 44.0
14.670798 164.97295 0.0298 0.0 45.0
17.891808 167.05307 0.0298 0.0 45.0
14.670798 164.97295 0.0299 0.0 45.0
16.504648 168.34026 0.0299 0.0 45.0
0.0 138.03447 0.0300 43.0 37.0
0.0 141.86876 0.0300 43.0 37.0
0.0 141.86876 0.0301 0.0 38.0
1.8338497 145.23607 0.0301 0.0 38.0
0.0 141.86876 0.0302 42.0 38.0
0.0 145.70305 0.0302 42.0 38.0
0.0 145.70305 0.0303 0.0 39.0
1.8338497 149.07036 0.0303 0.0 39.0
0.0 145.70305 0.0304 41.0 39.0
0.0 149.53734 0.0304 41.0 39.0
0.0 149.53734 0.0305 1.0 40.0
1.8338497 152.90465 0.0305 1.0 40.0
1.8338497 152.90465 0.0306 0.0 41.0
5.054858 154.98477 0.0306 0.0 41.0
1.8338497 152.90465 0.0307 0.0 41.0
3.6676993 156.27196 0.0307 0.0 41.0
3.6676993 156.27196 0.0308 0.0 42.0
6.888708 158.35208 0.0308 0.0 42.0
3.6676993 156.27196 0.0309 0.0 42.0
5.501549 159.63927 0.0309 0.0 42.0
0.0 149.53734 0.0310 40.0 40.0
0.0 153.37163 0.0310 40.0 40.0
0.0 153.37163 0.0311 0.0 41.0
1.8338497 156.73894 0.0311 0.0 41.0
0.0 153.37163 0.0312 39.0 41.0
0.0 157.20592 0.0312 39.0 41.0
0.0 157.20592 0.0313 0.0 42.0
1.8338497 160.57323 0.0313 0.0 42.0
0.0 157.20592 0.0314 38.0 42.0
0.0 161.0402 0.0314 38.0 42.0
0.0 161.0402 0.0315 1.0 43.0
-1.8338497 164.40752 0.0315 1.0 43.0
-1.8338497 164.40752 0.0316 0.0 44.0
-1.8338497 168.2418 0.0316 0.0 44.0
-1.8338497 164.40752 0.0317 0.0 44.0
-3.6676993 167.77483 0.0317 0.0 44.0
-3.6676993 167.77483 0.0318 0.0 45.0
-3.6676993 171.60912 0.0318 0.0 45.0
-3.6676993 167.77483 0.0319 0.0 45.0
-5.501549 171.14214 0.0319 0.0 45.0
0.0 161.0402 0.0320 37.0 43.0
0.0 164.8745 0.0320 37.0 43.0
0.0 164.8745 0.0321 0.0 44.0
1.8338497 168.2418 0.0321 0.0 44.0
0.0 164.8745 0.0322 36.0 44.0
0.0 168.70879 0.0322 36.0 44.0
0.0 168.70879 0.0323 0.0 45.0
1.8338497 172.0761 0.0323 0.0 45.0
0.0 168.70879 0.0324 35.0 45.0
0.0 172.54308 0.0324 35.0 45.0
0.0 172.54308 0.0325 7.0 46.0
1.8338497 175.91039 0.0325 7.0 46.0
1.8338497 175.91039 0.0326 0.0 47.0
5.054858 177.99051 0.0326 0.0 47.0
1.8338497 175.91039 0.0327 6.0 47.0
3.6676993 179.2777 0.0327 6.0 47.0
3.6676993 179.2777 0.0328 0.0 48.0
6.888708 181.35782 0.0328 0.0 48.0
3.6676993 179.2777 0.0329 5.0 48.0
5.501549 182.645 0.0329 5.0 48.0
5.501549 182.645 0.0330 1.0 49.0
8.722557 184.72513 0.0330 1.0 49.0
8.722557 184.72513 0.0331 0.0 50.0
12.546149 185.01138 0.0331 0.0 50.0
8.722557 184.72513 0.0332 0.0 50.0
11.943565 186.80525 0.0332 0.0 50.0
11.943565 186.80525 0.0333 0.0 51.0
15.767158 187.0915 0.0333 0.0 51.0
11.943565 186.80525 0.0334 0.0 51.0
15.164574 188.88538 0.0334 0.0 51.0
5.501549 182.645 0.0335 4.0 49.0
7.3353987 186.01231 0.0335 4.0 49.0
7.3353987 186.01231 0.0336 0.0 50.0
10.556407 188.09244 0.0336 0.0 50.0
7.3353987 186.01231 0.0337 3.0 50.0
9.169249 189.37962 0.0337 3.0 50.0
9.169249 189.37962 0.0338 0.0 51.0
12.390257 191.45975 0.0338 0.0 51.0
9.169249 189.37962 0.0339 2.0 51.0
11.0030985 192.74693 0.0339 2.0 51.0
11.0030985 192.74693 0.0340 1.0 52.0
11.0030985 196.58122 0.0340 1.0 52.0
11.0030985 196.58122 0.0341 0.0 53.0
12.836948 199.94853 0.0341 0.0 53.0
11.0030985 196.58122 0.0342 0.0 53.0
11.0030985 200.41551 0.0342 0.0 53.0
11.0030985 200.41551 0.0343 0.0 54.0
12.836948 203.78282 0.0343 0.0 54.0
11.0030985 200.41551 0.0344 0.0 54.0
11.0030985 204.2498 0.0344 0.0 54.0
11.0030985 192.74693 0.0345 1.0 52.0
12.836948 196.11424 0.0345 1.0 52.0
12.836948 196.11424 0.0346 0.0 53.0
16.057957 198.19437 0.0346 0.0 53.0
12.836948 196.11424 0.0347 0.0 53.0
14.670798 199.48155 0.0347 0.0 53.0
14.670798 199.48155 0.0348 0.0 54.0
17.891808 201.56168 0.0348 0.0 54.0
14.670798 199.48155 0.0349 0.0 54.0
16.504648 202.84886 0.0349 0.0 54.0
0.0 172.54308 0.0350 34.0 46.0
0.0 176.37737 0.0350 34.0 46.0
0.0 176.37737 0.0351 0.0 47.0
1.8338497 179.74467 0.0351 0.0 47.0
0.0 176.37737 0.0352 33.0 47.0
0.0 180.21165 0.0352 33.0 47.0
0.0 180.21165 0.0353 0.0 48.0
1.8338497 183.57896 0.0353 0.0 48.0
0.0 180.21165 0.0354 32.0 48.0
0.0 184.04594 0.0354 32.0 48.0
0.0 184.04594 0.0355 1.0 49.0
1.8338497 187.41325 0.0355 1.0 49.0
1.8338497 187.41325 0.0356 0.0 50.0
5.054858 189.49338 0.0356 0.0 50.0
1.8338497 187.41325 0.0357 0.0 50.0
3.6676993 190.78056 0.0357 0.0 50.0
3.6676993 190.78056 0.0358 0.0 51.0
6.888708 192.86069 0.0358 0.0 51.0
3.6676993 190.78056 0.0359 0.0 51.0
5.501549 194.14787 0.0359 0.0 51.0
0.0 184.04594 0.0360 31.0 49.0
0.0 187.88023 0.0360 31.0 49.0
0.0 187.88023 0.0361 0.0 50.0
1.8338497 191.24754 0.0361 0.0 50.0
0.0 187.88023 0.0362 30.0 50.0
0.0 191.71452 0.0362 30.0 50.0
0.0 191.71452 0.0363 0.0 51.0
1.8338497 195.08183 0.0363 0.0 51.0
0.0 191.71452 0.0364 29.0 51.0
0.0 195.54881 0.0364 29.0 51.0
0.0 195.54881 0.0365 1.0 52.0
-1.8338497 198.91612 0.0365 1.0 52.0
-1.8338497 198.91612 0.0366 0.0 53.0
-1.8338497 202.75041 0.0366 0.0 53.0
-1.8338497 198.91612 0.0367 0.0 53.0
-3.6676993 202.28343 0.0367 0.0 53.0
-3.6676993 202.28343 0.0368 0.0 54.0
-3.6676993 206.11772 0.0368 0.0 54.0
-3.6676993 202.28343 0.0369 0.0 54.0
-5.501549 205.65074 0.0369 0.0 54.0
0.0 195.54881 0.0370 28.0 52.0
0.0 199.3831 0.0370 28.0 52.0
0.0 199.3831 0.0371 0.0 53.0
1.8338497 202.75041 0.0371 0.0 53.0
0.0 199.3831 0.0372 27.0 53.0
0.0 203.21739 0.0372 27.0 53.0
0.0 203.21739 0.0373 0.0 54.0
1.8338497 206.5847 0.0373 0.0 54.0
0.0 203.21739 0.0374 26.0 54.0
0.0 207.05168 0.0374 26.0 54.0
0.0 207.05168 0.0375 25.0 55.0
1.8338497 210.41899 0.0375 25.0 55.0
1.8338497 210.41899 0.0376 0.0 56.0
5.054858 212.49911 0.0376 0.0 56.0
1.8338497 210.41899 0.0377 24.0 56.0
3.6676993 213.7863 0.0377 24.0 56.0
3.6676993 213.7863 0.0378 0.0 57.0
6.888708 215.86642 0.0378 0.0 57.0
3.6676993 213.7863 0.0379 23.0 57.0
5.501549 217.15361 0.0379 23.0 57.0
5.501549 217.15361 0.0380 1.0 58.0
8.722557 219.23373 0.0380 1.0 58.0
8.722557 219.23373 0.0381 0.0 59.0
12.546149 219.51999 0.0381 0.0 59.0
8.722557 219.23373 0.0382 0.0 59.0
11.943565 221.31386 0.0382 0.0 59.0
11.943565 221.31386 0.0383 0.0 60.0
15.767158 221.60011 0.0383 0.0 60.0
11.943565 221.31386 0.0384 0.0 60.0
15.164574 223.39398 0.0384 0.0 60.0
5.501549 217.15361 0.0385 22.0 58.0
7.3353987 220.52092 0.0385 22.0 58.0
7.3353987 220.52092 0.0386 0.0 59.0
10.556407 222.60104 0.0386 0.0 59.0
7.3353987 220.52092 0.0387 21.0 59.0
9.169249 223.88823 0.0387 21.0 59.0
9.169249 223.88823 0.0388 0.0 60.0
12.390257 225.96835 0.0388 0.0 60.0
9.169249 223.88823 0.0389 20.0 60.0
11.0030985 227.25554 0.0389 20.0 60.0
11.0030985 227.25554 0.0390 1.0 61.0
11.0030985 231.08983 0.0390 1.0 61.0
11.0030985 231.08983 0.0391 0.0 62.0
12.836948 234.45714 0.0391 0.0 62.0
11.0030985 231.08983 0.0392 0.0 62.0
11.0030985 234.92412 0.0392 0.0 62.0
11.0030985 234.92412 0.0393 0.0 63.0
12.836948 238.29143 0.0393 0.0 63.0
11.0030985 234.92412 0.0394 0.0 63.0
11.0030985 238.7584 0.0394 0.0 63.0
11.0030985 227.25554 0.0395 19.0 61.0
12.836948 230.62285 0.0395 19.0 61.0
12.836948 230.62285 0.0396 0.0 62.0
16.057957 232.70297 0.0396 0.0 62.0
12.836948 230.62285 0.0397 18.0 62.0
14.670798 233.99016 0.0397 18.0 62.0
14.670798 233.99016 0.0398 0.0 63.0
17.891808 236.07028 0.0398 0.0 63.0
14.670798 233.99016 0.0399 17.0 63.0
16.504648 237.35747 0.0399 17.0 63.0
16.504648 237.35747 0.0400 7.0 64.0
19.725657 239.43759 0.0400 7.0 64.0
19.725657 239.43759 0.0401 0.0 65.0
23.549248 239.72385 0.0401 0.0 65.0
19.725657 239.43759 0.0402 6.0 65.0
22.946665 241.51772 0.0402 6.0 65.0
22.946665 241.51772 0.0403 0.0 66.0
26.770256 241.80397 0.0403 0.0 66.0
22.946665 241.51772 0.0404 5.0 66.0
26.167673 243.59784 0.0404 5.0 66.0
26.167673 243.59784 0.0405 1.0 67.0
29.991264 243.8841 0.0405 1.0 67.0
29.991264 243.8841 0.0406 0.0 68.0
33.486084 242.30675 0.0406 0.0 68.0
29.991264 243.8841 0.0407 0.0 68.0
33.814857 244.17035 0.0407 0.0 68.0
33.814857 244.17035 0.0408 0.0 69.0
37.309677 242.593 0.0408 0.0 69.0
33.814857 244.17035 0.0409 0.0 69.0
37.63845 244.4566 0.0409 0.0 69.0
26.167673 243.59784 0.0410 4.0 67.0
29.388681 245.67796 0.0410 4.0 67.0
29.388681 245.67796 0.0411 0.0 68.0
33.212273 245.96422 0.0411 0.0 68.0
29.388681 245.67796 0.0412 3.0 68.0
32.60969 247.75809 0.0412 3.0 68.0
32.60969 247.75809 0.0413 0.0 69.0
36.433285 248.04434 0.0413 0.0 69.0
32.60969 247.75809 0.0414 2.0 69.0
35.8307 249.83821 0.0414 2.0 69.0
35.8307 249.83821 0.0415 1.0 70.0
37.66455 253.20552 0.0415 1.0 70.0
37.66455 253.20552 0.0416 0.0 71.0
40.88556 255.28564 0.0416 0.0 71.0
37.66455 253.20552 0.0417 0.0 71.0
39.4984 256.57285 0.0417 0.0 71.0
39.4984 256.57285 0.0418 0.0 72.0
42.71941 258.65295 0.0418 0.0 72.0
39.4984 256.57285 0.0419 0.0 72.0
41.332253 259.94016 0.0419 0.0 72.0
35.8307 249.83821 0.0420 1.0 70.0
39.05171 251.91833 0.0420 1.0 70.0
39.05171 251.91833 0.0421 0.0 71.0
42.8753 252.20459 0.0421 0.0 71.0
39.05171 251.91833 0.0422 0.0 71.0
42.272717 253.99846 0.0422 0.0 71.0
42.272717 253.99846 0.0423 0.0 72.0
46.09631 254.28471 0.0423 0.0 72.0
42.272717 253.99846 0.0424 0.0 72.0
45.493725 256.07858 0.0424 0.0 72.0
16.504648 237.35747 0.0425 16.0 64.0
18.338497 240.72478 0.0425 16.0 64.0
18.338497 240.72478 0.0426 0.0 65.0
21.559505 242.8049 0.0426 0.0 65.0
18.338497 240.72478 0.0427 15.0 65.0
20.172346 244.09209 0.0427 15.0 65.0
20.172346 244.09209 0.0428 0.0 66.0
23.393354 246.17221 0.0428 0.0 66.0
20.172346 244.09209 0.0429 14.0 66.0
22.006195 247.4594 0.0429 14.0 66.0
22.006195 247.4594 0.0430 1.0 67.0
25.227203 249.53952 0.0430 1.0 67.0
25.227203 249.53952 0.0431 0.0 68.0
29.050795 249.82578 0.0431 0.0 68.0
25.227203 249.53952 0.0432 0.0 68.0
28.448212 251.61964 0.0432 0.0 68.0
28.448212 251.61964 0.0433 0.0 69.0
32.271805 251.9059 0.0433 0.0 69.0
28.448212 251.61964 0.0434 0.0 69.0
31.66922 253.69977 0.0434 0.0 69.0
22.006195 247.4594 0.0435 13.0 67.0
23.840044 250.8267 0.0435 13.0 67.0
23.840044 250.8267 0.0436 0.0 68.0
27.061052 252.90683 0.0436 0.0 68.0
23.840044 250.8267 0.0437 12.0 68.0
25.673893 254.19402 0.0437 12.0 68.0
25.673893 254.19402 0.0438 0.0 69.0
28.894901 256.27414 0.0438 0.0 69.0
25.673893 254.19402 0.0439 11.0 69.0
27.507742 257.56134 0.0439 11.0 69.0
27.507742 257.56134 0.0440 1.0 70.0
27.507742 261.39563 0.0440 1.0 70.0
27.507742 261.39563 0.0441 0.0 71.0
29.34159 264.76294 0.0441 0.0 71.0
27.507742 261.39563 0.0442 0.0 71.0
27.507742 265.22992 0.0442 0.0 71.0
27.507742 265.22992 0.0443 0.0 72.0
29.34159 268.59723 0.0443 0.0 72.0
27.507742 265.22992 0.0444 0.0 72.0
27.507742 269.0642 0.0444 0.0 72.0
27.507742 257.56134 0.0445 10.0 70.0
29.34159 260.92865 0.0445 10.0 70.0
29.34159 260.92865 0.0446 0.0 71.0
32.5626 263.00876 0.0446 0.0 71.0
29.34159 260.92865 0.0447 9.0 71.0
31.17544 264.29596 0.0447 9.0 71.0
31.17544 264.29596 0.0448 0.0 72.0
34.39645 266.37607 0.0448 0.0 72.0
31.17544 264.29596 0.0449 8.0 72.0
33.00929 267.66327 0.0449 8.0 72.0
33.00929 267.66327 0.0450 7.0 73.0
36.230297 269.74338 0.0450 7.0 73.0
36.230297 269.74338 0.0451 0.0 74.0
40.05389 270.02963 0.0451 0.0 74.0
36.230297 269.74338 0.0452 6.0 74.0
39.451305 271.8235 0.0452 6.0 74.0
39.451305 271.8235 0.0453 0.0 75.0
43.2749 272.10974 0.0453 0.0 75.0
39.451305 271.8235 0.0454 5.0 75.0
42.672314 273.9036 0.0454 5.0 75.0
42.672314 273.9036 0.0455 1.0 76.0
46.495907 274.18985 0.0455 1.0 76.0
46.495907 274.18985 0.0456 0.0 77.0
49.990726 272.61252 0.0456 0.0 77.0
46.495907 274.18985 0.0457 0.0 77.0
50.3195 274.4761 0.0457 0.0 77.0
50.3195 274.4761 0.0458 0.0 78.0
53.81432 272.89877 0.0458 0.0 78.0
50.3195 274.4761 0.0459 0.0 78.0
54.143093 274.76236 0.0459 0.0 78.0
42.672314 273.9036 0.0460 4.0 76.0
45.893322 275.9837 0.0460 4.0 76.0
45.893322 275.9837 0.0461 0.0 77.0
49.716915 276.26996 0.0461 0.0 77.0
45.893322 275.9837 0.0462 3.0 77.0
49.11433 278.0638 0.0462 3.0 77.0
49.11433 278.0638 0.0463 0.0 78.0
52.937923 278.35007 0.0463 0.0 78.0
49.11433 278.0638 0.0464 2.0 78.0
52.33534 280.14392 0.0464 2.0 78.0
52.33534 280.14392 0.0465 1.0 79.0
54.16919 283.51123 0.0465 1.0 79.0
54.16919 283.51123 0.0466 0.0 80.0
57.390198 285.59134 0.0466 0.0 80.0
54.16919 283.51123 0.0467 0.0 80.0
56.00304 286.87854 0.0467 0.0 80.0
56.00304 286.87854 0.0468 0.0 81.0
59.22405 288.95865 0.0468 0.0 81.0
56.00304 286.87854 0.0469 0.0 81.0
57.83689 290.24585 0.0469 0.0 81.0
52.33534 280.14392 0.0470 1.0 79.0
55.556347 282.22403 0.0470 1.0 79.0
55.556347 282.22403 0.0471 0.0 80.0
59.37994 282.51028 0.0471 0.0 80.0
55.556347 282.22403 0.0472 0.0 80.0
58.777355 284.30414 0.0472 0.0 80.0
58.777355 284.30414 0.0473 0.0 81.0
62.60095 284.5904 0.0473 0.0 81.0
58.777355 284.30414 0.0474 0.0 81.0
61.998363 286.38425 0.0474 0.0 81.0
33.00929 267.66327 0.0475 7.0 73.0
34.84314 271.03058 0.0475 7.0 73.0
34.84314 271.03058 0.0476 0.0 74.0
38.064148 273.1107 0.0476 0.0 74.0
34.84314 271.03058 0.0477 6.0 74.0
36.67699 274.3979 0.0477 6.0 74.0
36.67699 274.3979 0.0478 0.0 75.0
39.898 276.478 0.0478 0.0 75.0
36.67699 274.3979 0.0479 5.0 75.0
38.51084 277.7652 0.0479 5.0 75.0
38.51084 277.7652 0.0480 1.0 76.0
41.73185 279.8453 0.0480 1.0 76.0
41.73185 279.8453 0.0481 0.0 77.0
45.555443 280.13156 0.0481 0.0 77.0
41.73185 279.8453 0.0482 0.0 77.0
44.952858 281.9254 0.0482 0.0 77.0
44.952858 281.9254 0.0483 0.0 78.0
48.77645 282.21167 0.0483 0.0 78.0
44.952858 281.9254 0.0484 0.0 78.0
48.173866 284.00552 0.0484 0.0 78.0
38.51084 277.7652 0.0485 4.0 76.0
40.344692 281.1325 0.0485 4.0 76.0
40.344692 281.1325 0.0486 0.0 77.0
43.5657 283.21262 0.0486 0.0 77.0
40.344692 281.1325 0.0487 3.0 77.0
42.178543 284.49982 0.0487 3.0 77.0
42.178543 284.49982 0.0488 0.0 78.0
45.39955 286.57993 0.0488 0.0 78.0
42.178543 284.49982 0.0489 2.0 78.0
44.012394 287.86713 0.0489 2.0 78.0
44.012394 287.86713 0.0490 1.0 79.0
44.012394 291.70142 0.0490 1.0 79.0
44.012394 291.70142 0.0491 0.0 80.0
45.846245 295.06873 0.0491 0.0 80.0
44.012394 291.70142 0.0492 0.0 80.0
44.012394 295.5357 0.0492 0.0 80.0
44.012394 295.5357 0.0493 0.0 81.0
45.846245 298.903 0.0493 0.0 81.0
44.012394 295.5357 0.0494 0.0 81.0
44.012394 299.37 0.0494 0.0 81.0
44.012394 287.86713 0.0495 1.0 79.0
45.846245 291.23444 0.0495 1.0 79.0
45.846245 291.23444 0.0496 0.0 80.0
49.067253 293.31454 0.0496 0.0 80.0
45.846245 291.23444 0.0497 0.0 80.0
47.680096 294.60175 0.0497 0.0 80.0
47.680096 294.60175 0.0498 0.0 81.0
50.901104 296.68185 0.0498 0.0 81.0
47.680096 294.60175 0.0499 0.0 81.0
49.513947 297.96906 0.0499 0.0 81.0
0.0 207.05168 0.0500 25.0 55.0
0.0 210.88597 0.0500 25.0 55.0
0.0 210.88597 0.0501 0.0 56.0
1.8338497 214.25328 0.0501 0.0 56.0
0.0 210.88597 0.0502 24.0 56.0
0.0 214.72026 0.0502 24.0 56.0
0.0 214.72026 0.0503 0.0 57.0
1.8338497 218.08757 0.0503 0.0 57.0
0.0 214.72026 0.0504 23.0 57.0
0.0 218.55455 0.0504 23.0 57.0
0.0 218.55455 0.0505 1.0 58.0
1.8338497 221.92186 0.0505 1.0 58.0
1.8338497 221.92186 0.0506 0.0 59.0
5.054858 224.00198 0.0506 0.0 59.0
1.8338497 221.92186 0.0507 0.0 59.0
3.6676993 225.28917 0.0507 0.0 59.0
3.6676993 225.28917 0.0508 0.0 60.0
6.888708 227.3693 0.0508 0.0 60.0
3.6676993 225.28917 0.0509 0.0 60.0
5.501549 228.65648 0.0509 0.0 60.0
0.0 218.55455 0.0510 22.0 58.0
0.0 222.38884 0.0510 22.0 58.0
0.0 222.38884 0.0511 0.0 59.0
1.8338497 225.75615 0.0511 0.0 59.0
0.0 222.38884 0.0512 21.0 59.0
0.0 226.22313 0.0512 21.0 59.0
0.0 226.22313 0.0513 0.0 60.0
1.8338497 229.59044 0.0513 0.0 60.0
0.0 226.22313 0.0514 20.0 60.0
0.0 230.05742 0.0514 20.0 60.0
0.0 230.05742 0.0515 1.0 61.0
-1.8338497 233.42473 0.0515 1.0 61.0
-1.8338497 233.42473 0.0516 0.0 62.0
-1.8338497 237.25902 0.0516 0.0 62.0
-1.8338497 233.42473 0.0517 0.0 62.0
-3.6676993 236.79204 0.0517 0.0 62.0
-3.6676993 236.79204 0.0518 0.0 63.0
-3.6676993 240.62633 0.0518 0.0 63.0
-3.6676993 236.79204 0.0519 0.0 63.0
-5.501549 240.15935 0.0519 0.0 63.0
0.0 230.05742 0.0520 19.0 61.0
0.0 233.89171 0.0520 19.0 61.0
0.0 233.89171 0.0521 0.0 62.0
1.8338497 237.25902 0.0521 0.0 62.0
0.0 233.89171 0.0522 18.0 62.0
0.0 237.726 0.0522 18.0 62.0
0.0 237.726 0.0523 0.0 63.0
1.8338497 241.0933 0.0523 0.0 63.0
0.0 237.726 0.0524 17.0 63.0
0.0 241.56029 0.0524 17.0 63.0
0.0 241.56029 0.0525 7.0 64.0
1.8338497 244.9276 0.0525 7.0 64.0
1.8338497 244.9276 0.0526 0.0 65.0
5.054858 247.00772 0.0526 0.0 65.0
1.8338497 244.9276 0.0527 6.0 65.0
3.6676993 248.2949 0.0527 6.0 65.0
3.6676993 248.2949 0.0528 0.0 66.0
6.888708 250.37503 0.0528 0.0 66.0
3.6676993 248.2949 0.0529 5.0 66.0
5.501549 251.66222 0.0529 5.0 66.0
5.501549 251.66222 0.0530 1.0 67.0
8.722557 253.74234 0.0530 1.0 67.0
8.722557 253.74234 0.0531 0.0 68.0
12.546149 254.0286 0.0531 0.0 68.0
8.722557 253.74234 0.0532 0.0 68.0
11.943565 255.82246 0.0532 0.0 68.0
11.943565 255.82246 0.0533 0.0 69.0
15.767158 256.1087 0.0533 0.0 69.0
11.943565 255.82246 0.0534 0.0 69.0
15.164574 257.9026 0.0534 0.0 69.0
5.501549 251.66222 0.0535 4.0 67.0
7.3353987 255.02953 0.0535 4.0 67.0
7.3353987 255.02953 0.0536 0.0 68.0
10.556407 257.10965 0.0536 0.0 68.0
7.3353987 255.02953 0.0537 3.0 68.0
9.169249 258.39685 0.0537 3.0 68.0
9.169249 258.39685 0.0538 0.0 69.0
12.390257 260.47696 0.0538 0.0 69.0
9.169249 258.39685 0.0539 2.0 69.0
11.0030985 261.76416 0.0539 2.0 69.0
11.0030985 261.76416 0.0540 1.0 70.0
11.0030985 265.59845 0.0540 1.0 70.0
11.0030985 265.59845 0.0541 0.0 71.0
12.836948 268.96576 0.0541 0.0 71.0
11.0030985 265.59845 0.0542 0.0 71.0
11.0030985 269.43274 0.0542 0.0 71.0
11.0030985 269.43274 0.0543 0.0 72.0
12.836948 272.80005 0.0543 0.0 72.0
11.0030985 269.43274 0.0544 0.0 72.0
11.0030985 273.26703 0.0544 0.0 72.0
11.0030985 261.76416 0.0545 1.0 70.0
12.836948 265.13147 0.0545 1.0 70.0
12.836948 265.13147 0.0546 0.0 71.0
16.057957 267.21158 0.0546 0.0 71.0
12.836948 265.13147 0.0547 0.0 71.0
14.670798 268.49878 0.0547 0.0 71.0
14.670798 268.49878 0.0548 0.0 72.0
17.891808 270.5789 0.0548 0.0 72.0
14.670798 268.49878 0.0549 0.0 72.0
16.504648 271.8661 0.0549 0.0 72.0
0.0 241.56029 0.0550 16.0 64.0
0.0 245.39458 0.0550 16.0 64.0
0.0 245.39458 0.0551 0.0 65.0
1.8338497 248.76189 0.0551 0.0 65.0
0.0 245.39458 0.0552 15.0 65.0
0.0 249.22887 0.0552 15.0 65.0
0.0 249.22887 0.0553 0.0 66.0
1.8338497 252.59618 0.0553 0.0 66.0
0.0 249.22887 0.0554 14.0 66.0
0.0 253.06316 0.0554 14.0 66.0
0.0 253.06316 0.0555 1.0 67.0
1.8338497 256.43048 0.0555 1.0 67.0
1.8338497 256.43048 0.0556 0.0 68.0
5.054858 258.5106 0.0556 0.0 68.0
1.8338497 256.43048 0.0557 0.0 68.0
3.6676993 259.7978 0.0557 0.0 68.0
3.6676993 259.7978 0.0558 0.0 69.0
6.888708 261.8779 0.0558 0.0 69.0
3.6676993 259.7978 0.0559 0.0 69.0
5.501549 263.1651 0.0559 0.0 69.0
0.0 253.06316 0.0560 13.0 67.0
0.0 256.89746 0.0560 13.0 67.0
0.0 256.89746 0.0561 0.0 68.0
1.8338497 260.26477 0.0561 0.0 68.0
0.0 256.89746 0.0562 12.0 68.0
0.0 260.73175 0.0562 12.0 68.0
0.0 260.73175 0.0563 0.0 69.0
1.8338497 264.09906 0.0563 0.0 69.0
0.0 260.73175 0.0564 11.0 69.0
0.0 264.56604 0.0564 11.0 69.0
0.0 264.56604 0.0565 1.0 70.0
-1.8338497 267.93335 0.0565 1.0 70.0
-1.8338497 267.93335 0.0566 0.0 71.0
-1.8338497 271.76764 0.0566 0.0 71.0
-1.8338497 267.93335 0.0567 0.0 71.0
-3.6676993 271.30066 0.0567 0.0 71.0
-3.6676993 271.30066 0.0568 0.0 72.0
-3.6676993 275.13495 0.0568 0.0 72.0
-3.6676993 271.30066 0.0569 0.0 72.0
-5.501549 274.66797 0.0569 0.0 72.0
0.0 264.56604 0.0570 10.0 70.0
0.0 268.40033 0.0570 10.0 70.0
0.0 268.40033 0.0571 0.0 71.0
1.8338497 271.76764 0.0571 0.0 71.0
0.0 268.40033 0.0572 9.0 71.0
0.0 272.23462 0.0572 9.0 71.0
0.0 272.23462 0.0573 0.0 72.0
1.8338497 275.60193 0.0573 0.0 72.0
0.0 272.23462 0.0574 8.0 72.0
0.0 276.0689 0.0574 8.0 72.0
0.0 276.0689 0.0575 7.0 73.0
1.8338497 279.43622 0.0575 7.0 73.0
1.8338497 279.43622 0.0576 0.0 74.0
5.054858 281.51633 0.0576 0.0 74.0
1.8338497 279.43622 0.0577 6.0 74.0
3.6676993 282.80353 0.0577 6.0 74.0
3.6676993 282.80353 0.0578 0.0 75.0
6.888708 284.88364 0.0578 0.0 75.0
3.6676993 282.80353 0.0579 5.0 75.0
5.501549 286.17084 0.0579 5.0 75.0
5.501549 286.17084 0.0580 1.0 76.0
8.722557 288.25095 0.0580 1.0 76.0
8.722557 288.25095 0.0581 0.0 77.0
12.546149 288.5372 0.0581 0.0 77.0
8.722557 288.25095 0.0582 0.0 77.0
11.943565 290.33105 0.0582 0.0 77.0
11.943565 290.33105 0.0583 0.0 78.0
15.767158 290.6173 0.0583 0.0 78.0
11.943565 290.33105 0.0584 0.0 78.0
15.164574 292.41116 0.0584 0.0 78.0
5.501549 286.17084 0.0585 4.0 76.0
7.3353987 289.53815 0.0585 4.0 76.0
7.3353987 289.53815 0.0586 0.0 77.0
10.556407 291.61826 0.0586 0.0 77.0
7.3353987 289.53815 0.0587 3.0 77.0
9.169249 292.90546 0.0587 3.0 77.0
9.169249 292.90546 0.0588 0.0 78.0
12.390257 294.98557 0.0588 0.0 78.0
9.169249 292.90546 0.0589 2.0 78.0
11.0030985 296.27277 0.0589 2.0 78.0
11.0030985 296.27277 0.0590 1.0 79.0
11.0030985 300.10706 0.0590 1.0 79.0
11.0030985 300.10706 0.0591 0.0 80.0
12.836948 303.47437 0.0591 0.0 80.0
11.0030985 300.10706 0.0592 0.0 80.0
11.0030985 303.94135 0.0592 0.0 80.0
11.0030985 303.94135 0.0593 0.0 81.0
12.836948 307.30865 0.0593 0.0 81.0
11.0030985 303.94135 0.0594 0.0 81.0
11.0030985 307.77563 0.0594 0.0 81.0
11.0030985 296.27277 0.0595 1.0 79.0
12.836948 299.64008 0.0595 1.0 79.0
12.836948 299.64008 0.0596 0.0 80.0
16.057957 301.72018 0.0596 0.0 80.0
12.836948 299.64008 0.0597 0.0 80.0
14.670798 303.0074 0.0597 0.0 80.0
14.670798 303.0074 0.0598 0.0 81.0
17.891808 305.0875 0.0598 0.0 81.0
14.670798 303.0074 0.0599 0.0 81.0
16.504648 306.3747 0.0599 0.0 81.0
0.0 276.0689 0.0600 7.0 73.0
0.0 279.9032 0.0600 7.0 73.0
0.0 279.9032 0.0601 0.0 74.0
1.8338497 283.2705 0.0601 0.0 74.0
0.0 279.9032 0.0602 6.0 74.0
0.0 283.7375 0.0602 6.0 74.0
0.0 283.7375 0.0603 0.0 75.0
1.8338497 287.1048 0.0603 0.0 75.0
0.0 283.7375 0.0604 5.0 75.0
0.0 287.57178 0.0604 5.0 75.0
0.0 287.57178 0.0605 1.0 76.0
1.8338497 290.9391 0.0605 1.0 76.0
1.8338497 290.9391 0.0606 0.0 77.0
5.054858 293.0192 0.0606 0.0 77.0
1.8338497 290.9391 0.0607 0.0 77.0
3.6676993 294.3064 0.0607 0.0 77.0
3.6676993 294.3064 0.0608 0.0 78.0
6.888708 296.3865 0.0608 0.0 78.0
3.6676993 294.3064 0.0609 0.0 78.0
5.501549 297.6737 0.0609 0.0 78.0
0.0 287.57178 0.0610 4.0 76.0
0.0 291.40607 0.0610 4.0 76.0
0.0 291.40607 0.0611 0.0 77.0
1.8338497 294.77338 0.0611 0.0 77.0
0.0 291.40607 0.0612 3.0 77.0
0.0 295.24036 0.0612 3.0 77.0
0.0 295.24036 0.0613 0.0 78.0
1.8338497 298.60767 0.0613 0.0 78.0
0.0 295.24036 0.0614 2.0 78.0
0.0 299.07465 0.0614 2.0 78.0
0.0 299.07465 0.0615 1.0 79.0
-1.8338497 302.44196 0.0615 1.0 79.0
-1.8338497 302.44196 0.0616 0.0 80.0
-1.8338497 306.27625 0.0616 0.0 80.0
-1.8338497 302.44196 0.0617 0.0 80.0
-3.6676993 305.80927 0.0617 0.0 80.0
-3.6676993 305.80927 0.0618 0.0 81.0
-3.6676993 309.64355 0.0618 0.0 81.0
-3.6676993 305.80927 0.0619 0.0 81.0
-5.501549 309.17657 0.0619 0.0 81.0
0.0 299.07465 0.0620 1.0 79.0
0.0 302.90894 0.0620 1.0 79.0
0.0 302.90894 0.0621 0.0 80.0
1.8338497 306.27625 0.0621 0.0 80.0
0.0 302.90894 0.0622 0.0 80.0
0.0 306.74323 0.0622 0.0 80.0
0.0 306.74323 0.0623 0.0 81.0
1.8338497 310.11053 0.0623 0.0 81.0
0.0 306.74323 0.0624 0.0 81.0
0.0 310.5775 0.0624 0.0 81.0
