0.0 0.0 0.00 43.0 1.0
0.0 1.3187162 0.00 43.0 1.0
0.0 1.3187162 0.01 42.0 2.0
0.0 2.6374323 0.01 42.0 2.0
0.0 2.6374323 0.02 41.0 3.0
0.0 3.9561486 0.02 41.0 3.0
0.0 3.9561486 0.03 40.0 4.0
0.0 5.2748647 0.03 40.0 4.0
0.0 5.2748647 0.04 39.0 5.0
0.0 6.5935807 0.04 39.0 5.0
0.0 6.5935807 0.05 38.0 6.0
0.0 7.912297 0.05 38.0 6.0
0.0 7.912297 0.06 37.0 7.0
0.0 9.231013 0.06 37.0 7.0
0.0 9.231013 0.07 36.0 8.0
0.0 10.549729 0.07 36.0 8.0
0.0 10.549729 0.08 19.0 9.0
0.59283566 11.727676 0.08 19.0 9.0
0.59283566 11.727676 0.09 18.0 10.0
1.1856713 12.9056225 0.09 18.0 10.0
1.1856713 12.9056225 0.010 17.0 11.0
1.778507 14.083569 0.010 17.0 11.0
1.778507 14.083569 0.011 16.0 12.0
2.3713427 15.261515 0.011 16.0 12.0
2.3713427 15.261515 0.012 7.0 13.0
3.4304466 16.047207 0.012 7.0 13.0
3.4304466 16.047207 0.013 6.0 14.0
4.4895506 16.8329 0.013 6.0 14.0
4.4895506 16.8329 0.014 1.0 15.0
5.78881 17.058594 0.014 1.0 15.0
5.78881 17.058594 0.015 0.0 16.0
7.088069 17.284288 0.015 0.0 16.0
7.088069 17.284288 0.016 0.0 17.0
8.350098 16.901802 0.016 0.0 17.0
4.4895506 16.8329 0.017 1.0 15.0
5.7515793 16.450413 0.017 1.0 15.0
5.7515793 16.450413 0.018 0.0 16.0
7.013608 16.067926 0.018 0.0 16.0
7.013608 16.067926 0.019 0.0 17.0
7.9689703 15.158918 0.019 0.0 17.0
4.4895506 16.8329 0.020 5.0 15.0
5.5486546 17.618591 0.020 5.0 15.0
5.5486546 17.618591 0.021 4.0 16.0
6.6077585 18.404284 0.021 4.0 16.0
6.6077585 18.404284 0.022 3.0 17.0
7.9070177 18.629978 0.022 3.0 17.0
7.9070177 18.629978 0.023 2.0 18.0
9.206277 18.855673 0.023 2.0 18.0
9.206277 18.855673 0.024 1.0 19.0
10.505536 19.081367 0.024 1.0 19.0
10.505536 19.081367 0.025 0.0 20.0
11.804795 19.307062 0.025 0.0 20.0
11.804795 19.307062 0.026 0.0 21.0
13.066824 18.924576 0.026 0.0 21.0
6.6077585 18.404284 0.027 1.0 17.0
7.9070177 18.629978 0.027 1.0 17.0
7.9070177 18.629978 0.028 0.0 18.0
9.206277 18.855673 0.028 0.0 18.0
9.206277 18.855673 0.029 0.0 19.0
10.468306 18.473186 0.029 0.0 19.0
2.3713427 15.261515 0.030 7.0 13.0
2.9641783 16.43946 0.030 7.0 13.0
2.9641783 16.43946 0.031 6.0 14.0
3.557014 17.617407 0.031 6.0 14.0
3.557014 17.617407 0.032 1.0 15.0
4.616118 18.4031 0.032 1.0 15.0
4.616118 18.4031 0.033 0.0 16.0
5.675222 19.188791 0.033 0.0 16.0
5.675222 19.188791 0.034 0.0 17.0
6.9744806 19.414486 0.034 0.0 17.0
3.557014 17.617407 0.035 1.0 15.0
4.8562727 17.843102 0.035 1.0 15.0
4.8562727 17.843102 0.036 0.0 16.0
6.155532 18.068796 0.036 0.0 16.0
6.155532 18.068796 0.037 0.0 17.0
7.4175606 17.68631 0.037 0.0 17.0
3.557014 17.617407 0.038 5.0 15.0
4.14985 18.795353 0.038 5.0 15.0
4.14985 18.795353 0.039 4.0 16.0
4.7426853 19.973299 0.039 4.0 16.0
4.7426853 19.973299 0.040 3.0 17.0
5.8017893 20.758991 0.040 3.0 17.0
5.8017893 20.758991 0.041 2.0 18.0
6.8608932 21.544683 0.041 2.0 18.0
6.8608932 21.544683 0.042 1.0 19.0
7.919997 22.330376 0.042 1.0 19.0
7.919997 22.330376 0.043 0.0 20.0
8.979101 23.116068 0.043 0.0 20.0
8.979101 23.116068 0.044 0.0 21.0
10.27836 23.341763 0.044 0.0 21.0
4.7426853 19.973299 0.045 1.0 17.0
5.8017893 20.758991 0.045 1.0 17.0
5.8017893 20.758991 0.046 0.0 18.0
6.8608932 21.544683 0.046 0.0 18.0
6.8608932 21.544683 0.047 0.0 19.0
8.160152 21.770378 0.047 0.0 19.0
2.3713427 15.261515 0.048 15.0 13.0
2.9641783 16.43946 0.048 15.0 13.0
2.9641783 16.43946 0.049 14.0 14.0
3.557014 17.617407 0.049 14.0 14.0
3.557014 17.617407 0.050 13.0 15.0
4.14985 18.795353 0.050 13.0 15.0
4.14985 18.795353 0.051 12.0 16.0
4.7426853 19.973299 0.051 12.0 16.0
4.7426853 19.973299 0.052 11.0 17.0
4.7426853 21.292015 0.052 11.0 17.0
4.7426853 21.292015 0.053 10.0 18.0
4.7426853 22.610731 0.053 10.0 18.0
4.7426853 22.610731 0.054 9.0 19.0
4.7426853 23.929447 0.054 9.0 19.0
4.7426853 23.929447 0.055 8.0 20.0
4.7426853 25.248163 0.055 8.0 20.0
4.7426853 25.248163 0.056 7.0 21.0
4.7426853 26.56688 0.056 7.0 21.0
4.7426853 26.56688 0.057 6.0 22.0
4.7426853 27.885595 0.057 6.0 22.0
4.7426853 27.885595 0.058 1.0 23.0
5.3355207 29.063541 0.058 1.0 23.0
5.3355207 29.063541 0.059 0.0 24.0
5.928356 30.241488 0.059 0.0 24.0
5.928356 30.241488 0.060 0.0 25.0
6.98746 31.02718 0.060 0.0 25.0
4.7426853 27.885595 0.061 1.0 23.0
5.8017893 28.671288 0.061 1.0 23.0
5.8017893 28.671288 0.062 0.0 24.0
6.8608932 29.45698 0.062 0.0 24.0
6.8608932 29.45698 0.063 0.0 25.0
8.160152 29.682674 0.063 0.0 25.0
4.7426853 27.885595 0.064 5.0 23.0
4.7426853 29.204311 0.064 5.0 23.0
4.7426853 29.204311 0.065 4.0 24.0
4.7426853 30.523027 0.065 4.0 24.0
4.7426853 30.523027 0.066 3.0 25.0
5.3355207 31.700974 0.066 3.0 25.0
5.3355207 31.700974 0.067 2.0 26.0
5.928356 32.87892 0.067 2.0 26.0
5.928356 32.87892 0.068 1.0 27.0
6.5211916 34.05687 0.068 1.0 27.0
6.5211916 34.05687 0.069 0.0 28.0
7.114027 35.234818 0.069 0.0 28.0
7.114027 35.234818 0.070 0.0 29.0
8.173131 36.020508 0.070 0.0 29.0
4.7426853 30.523027 0.071 1.0 25.0
5.3355207 31.700974 0.071 1.0 25.0
5.3355207 31.700974 0.072 0.0 26.0
5.928356 32.87892 0.072 0.0 26.0
5.928356 32.87892 0.073 0.0 27.0
6.98746 33.66461 0.073 0.0 27.0
4.7426853 19.973299 0.074 7.0 17.0
5.8017893 20.758991 0.074 7.0 17.0
5.8017893 20.758991 0.075 6.0 18.0
6.8608932 21.544683 0.075 6.0 18.0
6.8608932 21.544683 0.076 1.0 19.0
8.160152 21.770378 0.076 1.0 19.0
8.160152 21.770378 0.077 0.0 20.0
9.459412 21.996073 0.077 0.0 20.0
9.459412 21.996073 0.078 0.0 21.0
10.72144 21.613586 0.078 0.0 21.0
6.8608932 21.544683 0.079 1.0 19.0
8.122922 21.162197 0.079 1.0 19.0
8.122922 21.162197 0.080 0.0 20.0
9.384951 20.77971 0.080 0.0 20.0
9.384951 20.77971 0.081 0.0 21.0
10.340313 19.870703 0.081 0.0 21.0
6.8608932 21.544683 0.082 5.0 19.0
7.919997 22.330376 0.082 5.0 19.0
7.919997 22.330376 0.083 4.0 20.0
8.979101 23.116068 0.083 4.0 20.0
8.979101 23.116068 0.084 3.0 21.0
10.27836 23.341763 0.084 3.0 21.0
10.27836 23.341763 0.085 2.0 22.0
11.57762 23.567457 0.085 2.0 22.0
11.57762 23.567457 0.086 1.0 23.0
12.876879 23.793152 0.086 1.0 23.0
12.876879 23.793152 0.087 0.0 24.0
14.176138 24.018847 0.087 0.0 24.0
14.176138 24.018847 0.088 0.0 25.0
15.438167 23.63636 0.088 0.0 25.0
8.979101 23.116068 0.089 1.0 21.0
10.27836 23.341763 0.089 1.0 21.0
10.27836 23.341763 0.090 0.0 22.0
11.57762 23.567457 0.090 0.0 22.0
11.57762 23.567457 0.091 0.0 23.0
12.839648 23.18497 0.091 0.0 23.0
0.0 10.549729 0.092 19.0 9.0
0.0 11.868445 0.092 19.0 9.0
0.0 11.868445 0.093 18.0 10.0
0.0 13.187161 0.093 18.0 10.0
0.0 13.187161 0.094 17.0 11.0
0.0 14.5058775 0.094 17.0 11.0
0.0 14.5058775 0.095 16.0 12.0
0.0 15.824594 0.095 16.0 12.0
0.0 15.824594 0.096 7.0 13.0
0.59283566 17.00254 0.096 7.0 13.0
0.59283566 17.00254 0.097 6.0 14.0
1.1856713 18.180487 0.097 6.0 14.0
1.1856713 18.180487 0.098 1.0 15.0
2.2447753 18.966179 0.098 1.0 15.0
2.2447753 18.966179 0.099 0.0 16.0
3.3038793 19.751871 0.099 0.0 16.0
3.3038793 19.751871 0.0100 0.0 17.0
4.603138 19.977566 0.0100 0.0 17.0
1.1856713 18.180487 0.0101 1.0 15.0
2.4849303 18.406181 0.0101 1.0 15.0
2.4849303 18.406181 0.0102 0.0 16.0
3.7841892 18.631876 0.0102 0.0 16.0
3.7841892 18.631876 0.0103 0.0 17.0
5.046218 18.24939 0.0103 0.0 17.0
1.1856713 18.180487 0.0104 5.0 15.0
1.778507 19.358433 0.0104 5.0 15.0
1.778507 19.358433 0.0105 4.0 16.0
2.3713427 20.536379 0.0105 4.0 16.0
2.3713427 20.536379 0.0106 3.0 17.0
3.4304466 21.322071 0.0106 3.0 17.0
3.4304466 21.322071 0.0107 2.0 18.0
4.4895506 22.107763 0.0107 2.0 18.0
4.4895506 22.107763 0.0108 1.0 19.0
5.5486546 22.893456 0.0108 1.0 19.0
5.5486546 22.893456 0.0109 0.0 20.0
6.6077585 23.679148 0.0109 0.0 20.0
6.6077585 23.679148 0.0110 0.0 21.0
7.9070177 23.904842 0.0110 0.0 21.0
2.3713427 20.536379 0.0111 1.0 17.0
3.4304466 21.322071 0.0111 1.0 17.0
3.4304466 21.322071 0.0112 0.0 18.0
4.4895506 22.107763 0.0112 0.0 18.0
4.4895506 22.107763 0.0113 0.0 19.0
5.78881 22.333458 0.0113 0.0 19.0
0.0 15.824594 0.0114 7.0 13.0
0.0 17.14331 0.0114 7.0 13.0
0.0 17.14331 0.0115 6.0 14.0
0.0 18.462027 0.0115 6.0 14.0
0.0 18.462027 0.0116 1.0 15.0
0.59283566 19.639973 0.0116 1.0 15.0
0.59283566 19.639973 0.0117 0.0 16.0
1.1856713 20.817919 0.0117 0.0 16.0
1.1856713 20.817919 0.0118 0.0 17.0
2.2447753 21.603611 0.0118 0.0 17.0
0.0 18.462027 0.0119 1.0 15.0
1.059104 19.247719 0.0119 1.0 15.0
1.059104 19.247719 0.0120 0.0 16.0
2.118208 20.033411 0.0120 0.0 16.0
2.118208 20.033411 0.0121 0.0 17.0
3.4174669 20.259106 0.0121 0.0 17.0
0.0 18.462027 0.0122 5.0 15.0
0.0 19.780743 0.0122 5.0 15.0
0.0 19.780743 0.0123 4.0 16.0
0.0 21.099459 0.0123 4.0 16.0
0.0 21.099459 0.0124 3.0 17.0
0.59283566 22.277405 0.0124 3.0 17.0
0.59283566 22.277405 0.0125 2.0 18.0
1.1856713 23.45535 0.0125 2.0 18.0
1.1856713 23.45535 0.0126 1.0 19.0
1.778507 24.633297 0.0126 1.0 19.0
1.778507 24.633297 0.0127 0.0 20.0
2.3713427 25.811243 0.0127 0.0 20.0
2.3713427 25.811243 0.0128 0.0 21.0
3.4304466 26.596935 0.0128 0.0 21.0
0.0 21.099459 0.0129 1.0 17.0
0.59283566 22.277405 0.0129 1.0 17.0
0.59283566 22.277405 0.0130 0.0 18.0
1.1856713 23.45535 0.0130 0.0 18.0
1.1856713 23.45535 0.0131 0.0 19.0
2.2447753 24.241043 0.0131 0.0 19.0
0.0 15.824594 0.0132 15.0 13.0
0.0 17.14331 0.0132 15.0 13.0
0.0 17.14331 0.0133 14.0 14.0
0.0 18.462027 0.0133 14.0 14.0
0.0 18.462027 0.0134 13.0 15.0
0.0 19.780743 0.0134 13.0 15.0
0.0 19.780743 0.0135 12.0 16.0
0.0 21.099459 0.0135 12.0 16.0
0.0 21.099459 0.0136 11.0 17.0
-0.59283566 22.277405 0.0136 11.0 17.0
-0.59283566 22.277405 0.0137 10.0 18.0
-1.1856713 23.45535 0.0137 10.0 18.0
-1.1856713 23.45535 0.0138 9.0 19.0
-1.778507 24.633297 0.0138 9.0 19.0
-1.778507 24.633297 0.0139 8.0 20.0
-2.3713427 25.811243 0.0139 8.0 20.0
-2.3713427 25.811243 0.0140 7.0 21.0
-2.9641783 26.98919 0.0140 7.0 21.0
-2.9641783 26.98919 0.0141 6.0 22.0
-3.557014 28.167135 0.0141 6.0 22.0
-3.557014 28.167135 0.0142 1.0 23.0
-3.557014 29.485851 0.0142 1.0 23.0
-3.557014 29.485851 0.0143 0.0 24.0
-3.557014 30.804567 0.0143 0.0 24.0
-3.557014 30.804567 0.0144 0.0 25.0
-2.9641783 31.982513 0.0144 0.0 25.0
-3.557014 28.167135 0.0145 1.0 23.0
-2.9641783 29.345081 0.0145 1.0 23.0
-2.9641783 29.345081 0.0146 0.0 24.0
-2.3713427 30.523027 0.0146 0.0 24.0
-2.3713427 30.523027 0.0147 0.0 25.0
-1.3122387 31.30872 0.0147 0.0 25.0
-3.557014 28.167135 0.0148 5.0 23.0
-4.14985 29.345081 0.0148 5.0 23.0
-4.14985 29.345081 0.0149 4.0 24.0
-4.7426853 30.523027 0.0149 4.0 24.0
-4.7426853 30.523027 0.0150 3.0 25.0
-4.7426853 31.841743 0.0150 3.0 25.0
-4.7426853 31.841743 0.0151 2.0 26.0
-4.7426853 33.16046 0.0151 2.0 26.0
-4.7426853 33.16046 0.0152 1.0 27.0
-4.7426853 34.47918 0.0152 1.0 27.0
-4.7426853 34.47918 0.0153 0.0 28.0
-4.7426853 35.797897 0.0153 0.0 28.0
-4.7426853 35.797897 0.0154 0.0 29.0
-4.14985 36.975845 0.0154 0.0 29.0
-4.7426853 30.523027 0.0155 1.0 25.0
-4.7426853 31.841743 0.0155 1.0 25.0
-4.7426853 31.841743 0.0156 0.0 26.0
-4.7426853 33.16046 0.0156 0.0 26.0
-4.7426853 33.16046 0.0157 0.0 27.0
-4.14985 34.33841 0.0157 0.0 27.0
0.0 21.099459 0.0158 7.0 17.0
0.59283566 22.277405 0.0158 7.0 17.0
0.59283566 22.277405 0.0159 6.0 18.0
1.1856713 23.45535 0.0159 6.0 18.0
1.1856713 23.45535 0.0160 1.0 19.0
2.2447753 24.241043 0.0160 1.0 19.0
2.2447753 24.241043 0.0161 0.0 20.0
3.3038793 25.026735 0.0161 0.0 20.0
3.3038793 25.026735 0.0162 0.0 21.0
4.603138 25.25243 0.0162 0.0 21.0
1.1856713 23.45535 0.0163 1.0 19.0
2.4849303 23.681046 0.0163 1.0 19.0
2.4849303 23.681046 0.0164 0.0 20.0
3.7841892 23.90674 0.0164 0.0 20.0
3.7841892 23.90674 0.0165 0.0 21.0
5.046218 23.524254 0.0165 0.0 21.0
1.1856713 23.45535 0.0166 5.0 19.0
1.778507 24.633297 0.0166 5.0 19.0
1.778507 24.633297 0.0167 4.0 20.0
2.3713427 25.811243 0.0167 4.0 20.0
2.3713427 25.811243 0.0168 3.0 21.0
3.4304466 26.596935 0.0168 3.0 21.0
3.4304466 26.596935 0.0169 2.0 22.0
4.4895506 27.382627 0.0169 2.0 22.0
4.4895506 27.382627 0.0170 1.0 23.0
5.5486546 28.16832 0.0170 1.0 23.0
5.5486546 28.16832 0.0171 0.0 24.0
6.6077585 28.954012 0.0171 0.0 24.0
6.6077585 28.954012 0.0172 0.0 25.0
7.9070177 29.179707 0.0172 0.0 25.0
2.3713427 25.811243 0.0173 1.0 21.0
3.4304466 26.596935 0.0173 1.0 21.0
3.4304466 26.596935 0.0174 0.0 22.0
4.4895506 27.382627 0.0174 0.0 22.0
4.4895506 27.382627 0.0175 0.0 23.0
5.78881 27.608322 0.0175 0.0 23.0
0.0 10.549729 0.0176 35.0 9.0
0.0 11.868445 0.0176 35.0 9.0
0.0 11.868445 0.0177 34.0 10.0
0.0 13.187161 0.0177 34.0 10.0
0.0 13.187161 0.0178 33.0 11.0
0.0 14.5058775 0.0178 33.0 11.0
0.0 14.5058775 0.0179 32.0 12.0
0.0 15.824594 0.0179 32.0 12.0
0.0 15.824594 0.0180 31.0 13.0
0.0 17.14331 0.0180 31.0 13.0
0.0 17.14331 0.0181 30.0 14.0
0.0 18.462027 0.0181 30.0 14.0
0.0 18.462027 0.0182 29.0 15.0
0.0 19.780743 0.0182 29.0 15.0
0.0 19.780743 0.0183 28.0 16.0
0.0 21.099459 0.0183 28.0 16.0
0.0 21.099459 0.0184 27.0 17.0
-0.59283566 22.277405 0.0184 27.0 17.0
-0.59283566 22.277405 0.0185 26.0 18.0
-1.1856713 23.45535 0.0185 26.0 18.0
-1.1856713 23.45535 0.0186 25.0 19.0
-1.778507 24.633297 0.0186 25.0 19.0
-1.778507 24.633297 0.0187 24.0 20.0
-2.3713427 25.811243 0.0187 24.0 20.0
-2.3713427 25.811243 0.0188 23.0 21.0
-2.9641783 26.98919 0.0188 23.0 21.0
-2.9641783 26.98919 0.0189 22.0 22.0
-3.557014 28.167135 0.0189 22.0 22.0
-3.557014 28.167135 0.0190 21.0 23.0
-4.14985 29.345081 0.0190 21.0 23.0
-4.14985 29.345081 0.0191 20.0 24.0
-4.7426853 30.523027 0.0191 20.0 24.0
-4.7426853 30.523027 0.0192 19.0 25.0
-5.3355207 31.700974 0.0192 19.0 25.0
-5.3355207 31.700974 0.0193 18.0 26.0
-5.928356 32.87892 0.0193 18.0 26.0
-5.928356 32.87892 0.0194 17.0 27.0
-6.5211916 34.05687 0.0194 17.0 27.0
-6.5211916 34.05687 0.0195 16.0 28.0
-7.114027 35.234818 0.0195 16.0 28.0
-7.114027 35.234818 0.0196 7.0 29.0
-7.114027 36.553535 0.0196 7.0 29.0
-7.114027 36.553535 0.0197 6.0 30.0
-7.114027 37.872253 0.0197 6.0 30.0
-7.114027 37.872253 0.0198 1.0 31.0
-6.5211916 39.0502 0.0198 1.0 31.0
-6.5211916 39.0502 0.0199 0.0 32.0
-5.928356 40.22815 0.0199 0.0 32.0
-5.928356 40.22815 0.0200 0.0 33.0
-4.869252 41.01384 0.0200 0.0 33.0
-7.114027 37.872253 0.0201 1.0 31.0
-6.054923 38.657944 0.0201 1.0 31.0
-6.054923 38.657944 0.0202 0.0 32.0
-4.995819 39.443634 0.0202 0.0 32.0
-4.995819 39.443634 0.0203 0.0 33.0
-3.6965601 39.66933 0.0203 0.0 33.0
-7.114027 37.872253 0.0204 5.0 31.0
-7.114027 39.19097 0.0204 5.0 31.0
-7.114027 39.19097 0.0205 4.0 32.0
-7.114027 40.50969 0.0205 4.0 32.0
-7.114027 40.50969 0.0206 3.0 33.0
-6.5211916 41.687637 0.0206 3.0 33.0
-6.5211916 41.687637 0.0207 2.0 34.0
-5.928356 42.865585 0.0207 2.0 34.0
-5.928356 42.865585 0.0208 1.0 35.0
-5.3355207 44.043533 0.0208 1.0 35.0
-5.3355207 44.043533 0.0209 0.0 36.0
-4.7426853 45.22148 0.0209 0.0 36.0
-4.7426853 45.22148 0.0210 0.0 37.0
-3.6835814 46.00717 0.0210 0.0 37.0
-7.114027 40.50969 0.0211 1.0 33.0
-6.5211916 41.687637 0.0211 1.0 33.0
-6.5211916 41.687637 0.0212 0.0 34.0
-5.928356 42.865585 0.0212 0.0 34.0
-5.928356 42.865585 0.0213 0.0 35.0
-4.869252 43.651276 0.0213 0.0 35.0
-7.114027 35.234818 0.0214 7.0 29.0
-7.7068624 36.412766 0.0214 7.0 29.0
-7.7068624 36.412766 0.0215 6.0 30.0
-8.299698 37.590714 0.0215 6.0 30.0
-8.299698 37.590714 0.0216 1.0 31.0
-8.299698 38.90943 0.0216 1.0 31.0
-8.299698 38.90943 0.0217 0.0 32.0
-8.299698 40.22815 0.0217 0.0 32.0
-8.299698 40.22815 0.0218 0.0 33.0
-7.7068624 41.406097 0.0218 0.0 33.0
-8.299698 37.590714 0.0219 1.0 31.0
-7.7068624 38.76866 0.0219 1.0 31.0
-7.7068624 38.76866 0.0220 0.0 32.0
-7.114027 39.94661 0.0220 0.0 32.0
-7.114027 39.94661 0.0221 0.0 33.0
-6.054923 40.7323 0.0221 0.0 33.0
-8.299698 37.590714 0.0222 5.0 31.0
-8.892533 38.76866 0.0222 5.0 31.0
-8.892533 38.76866 0.0223 4.0 32.0
-9.485369 39.94661 0.0223 4.0 32.0
-9.485369 39.94661 0.0224 3.0 33.0
-9.485369 41.265327 0.0224 3.0 33.0
-9.485369 41.265327 0.0225 2.0 34.0
-9.485369 42.584045 0.0225 2.0 34.0
-9.485369 42.584045 0.0226 1.0 35.0
-9.485369 43.902763 0.0226 1.0 35.0
-9.485369 43.902763 0.0227 0.0 36.0
-9.485369 45.22148 0.0227 0.0 36.0
-9.485369 45.22148 0.0228 0.0 37.0
-8.892533 46.39943 0.0228 0.0 37.0
-9.485369 39.94661 0.0229 1.0 33.0
-9.485369 41.265327 0.0229 1.0 33.0
-9.485369 41.265327 0.0230 0.0 34.0
-9.485369 42.584045 0.0230 0.0 34.0
-9.485369 42.584045 0.0231 0.0 35.0
-8.892533 43.761993 0.0231 0.0 35.0
-7.114027 35.234818 0.0232 15.0 29.0
-7.7068624 36.412766 0.0232 15.0 29.0
-7.7068624 36.412766 0.0233 14.0 30.0
-8.299698 37.590714 0.0233 14.0 30.0
-8.299698 37.590714 0.0234 13.0 31.0
-8.892533 38.76866 0.0234 13.0 31.0
-8.892533 38.76866 0.0235 12.0 32.0
-9.485369 39.94661 0.0235 12.0 32.0
-9.485369 39.94661 0.0236 11.0 33.0
-10.544473 40.7323 0.0236 11.0 33.0
-10.544473 40.7323 0.0237 10.0 34.0
-11.603577 41.51799 0.0237 10.0 34.0
-11.603577 41.51799 0.0238 9.0 35.0
-12.662681 42.30368 0.0238 9.0 35.0
-12.662681 42.30368 0.0239 8.0 36.0
-13.721785 43.08937 0.0239 8.0 36.0
-13.721785 43.08937 0.0240 7.0 37.0
-14.780889 43.87506 0.0240 7.0 37.0
-14.780889 43.87506 0.0241 6.0 38.0
-15.839993 44.66075 0.0241 6.0 38.0
-15.839993 44.66075 0.0242 1.0 39.0
-16.432829 45.8387 0.0242 1.0 39.0
-16.432829 45.8387 0.0243 0.0 40.0
-17.025665 47.016647 0.0243 0.0 40.0
-17.025665 47.016647 0.0244 0.0 41.0
-17.025665 48.335365 0.0244 0.0 41.0
-15.839993 44.66075 0.0245 1.0 39.0
-15.839993 45.97947 0.0245 1.0 39.0
-15.839993 45.97947 0.0246 0.0 40.0
-15.839993 47.298187 0.0246 0.0 40.0
-15.839993 47.298187 0.0247 0.0 41.0
-15.247157 48.476135 0.0247 0.0 41.0
-15.839993 44.66075 0.0248 5.0 39.0
-16.899097 45.44644 0.0248 5.0 39.0
-16.899097 45.44644 0.0249 4.0 40.0
-17.958202 46.232132 0.0249 4.0 40.0
-17.958202 46.232132 0.0250 3.0 41.0
-18.551039 47.41008 0.0250 3.0 41.0
-18.551039 47.41008 0.0251 2.0 42.0
-19.143875 48.588028 0.0251 2.0 42.0
-19.143875 48.588028 0.0252 1.0 43.0
-19.736712 49.765976 0.0252 1.0 43.0
-19.736712 49.765976 0.0253 0.0 44.0
-20.329548 50.943924 0.0253 0.0 44.0
-20.329548 50.943924 0.0254 0.0 45.0
-20.329548 52.26264 0.0254 0.0 45.0
-17.958202 46.232132 0.0255 1.0 41.0
-18.551039 47.41008 0.0255 1.0 41.0
-18.551039 47.41008 0.0256 0.0 42.0
-19.143875 48.588028 0.0256 0.0 42.0
-19.143875 48.588028 0.0257 0.0 43.0
-19.143875 49.906746 0.0257 0.0 43.0
-9.485369 39.94661 0.0258 7.0 33.0
-9.485369 41.265327 0.0258 7.0 33.0
-9.485369 41.265327 0.0259 6.0 34.0
-9.485369 42.584045 0.0259 6.0 34.0
-9.485369 42.584045 0.0260 1.0 35.0
-8.892533 43.761993 0.0260 1.0 35.0
-8.892533 43.761993 0.0261 0.0 36.0
-8.299698 44.93994 0.0261 0.0 36.0
-8.299698 44.93994 0.0262 0.0 37.0
-7.240594 45.72563 0.0262 0.0 37.0
-9.485369 42.584045 0.0263 1.0 35.0
-8.426265 43.369736 0.0263 1.0 35.0
-8.426265 43.369736 0.0264 0.0 36.0
-7.367161 44.155426 0.0264 0.0 36.0
-7.367161 44.155426 0.0265 0.0 37.0
-6.0679016 44.381123 0.0265 0.0 37.0
-9.485369 42.584045 0.0266 5.0 35.0
-9.485369 43.902763 0.0266 5.0 35.0
-9.485369 43.902763 0.0267 4.0 36.0
-9.485369 45.22148 0.0267 4.0 36.0
-9.485369 45.22148 0.0268 3.0 37.0
-8.892533 46.39943 0.0268 3.0 37.0
-8.892533 46.39943 0.0269 2.0 38.0
-8.299698 47.577377 0.0269 2.0 38.0
-8.299698 47.577377 0.0270 1.0 39.0
-7.7068624 48.755325 0.0270 1.0 39.0
-7.7068624 48.755325 0.0271 0.0 40.0
-7.114027 49.933273 0.0271 0.0 40.0
-7.114027 49.933273 0.0272 0.0 41.0
-6.054923 50.718964 0.0272 0.0 41.0
-9.485369 45.22148 0.0273 1.0 37.0
-8.892533 46.39943 0.0273 1.0 37.0
-8.892533 46.39943 0.0274 0.0 38.0
-8.299698 47.577377 0.0274 0.0 38.0
-8.299698 47.577377 0.0275 0.0 39.0
-7.240594 48.363068 0.0275 0.0 39.0
0.0 21.099459 0.0276 19.0 17.0
0.59283566 22.277405 0.0276 19.0 17.0
0.59283566 22.277405 0.0277 18.0 18.0
1.1856713 23.45535 0.0277 18.0 18.0
1.1856713 23.45535 0.0278 17.0 19.0
1.778507 24.633297 0.0278 17.0 19.0
1.778507 24.633297 0.0279 16.0 20.0
2.3713427 25.811243 0.0279 16.0 20.0
2.3713427 25.811243 0.0280 7.0 21.0
3.4304466 26.596935 0.0280 7.0 21.0
3.4304466 26.596935 0.0281 6.0 22.0
4.4895506 27.382627 0.0281 6.0 22.0
4.4895506 27.382627 0.0282 1.0 23.0
5.78881 27.608322 0.0282 1.0 23.0
5.78881 27.608322 0.0283 0.0 24.0
7.088069 27.834017 0.0283 0.0 24.0
7.088069 27.834017 0.0284 0.0 25.0
8.350098 27.45153 0.0284 0.0 25.0
4.4895506 27.382627 0.0285 1.0 23.0
5.7515793 27.000141 0.0285 1.0 23.0
5.7515793 27.000141 0.0286 0.0 24.0
7.013608 26.617655 0.0286 0.0 24.0
7.013608 26.617655 0.0287 0.0 25.0
7.9689703 25.708647 0.0287 0.0 25.0
4.4895506 27.382627 0.0288 5.0 23.0
5.5486546 28.16832 0.0288 5.0 23.0
5.5486546 28.16832 0.0289 4.0 24.0
6.6077585 28.954012 0.0289 4.0 24.0
6.6077585 28.954012 0.0290 3.0 25.0
7.9070177 29.179707 0.0290 3.0 25.0
7.9070177 29.179707 0.0291 2.0 26.0
9.206277 29.405401 0.0291 2.0 26.0
9.206277 29.405401 0.0292 1.0 27.0
10.505536 29.631096 0.0292 1.0 27.0
10.505536 29.631096 0.0293 0.0 28.0
11.804795 29.85679 0.0293 0.0 28.0
11.804795 29.85679 0.0294 0.0 29.0
13.066824 29.474304 0.0294 0.0 29.0
6.6077585 28.954012 0.0295 1.0 25.0
7.9070177 29.179707 0.0295 1.0 25.0
7.9070177 29.179707 0.0296 0.0 26.0
9.206277 29.405401 0.0296 0.0 26.0
9.206277 29.405401 0.0297 0.0 27.0
10.468306 29.022915 0.0297 0.0 27.0
2.3713427 25.811243 0.0298 7.0 21.0
2.9641783 26.98919 0.0298 7.0 21.0
2.9641783 26.98919 0.0299 6.0 22.0
3.557014 28.167135 0.0299 6.0 22.0
3.557014 28.167135 0.0300 1.0 23.0
4.616118 28.952827 0.0300 1.0 23.0
4.616118 28.952827 0.0301 0.0 24.0
5.675222 29.73852 0.0301 0.0 24.0
5.675222 29.73852 0.0302 0.0 25.0
6.9744806 29.964214 0.0302 0.0 25.0
3.557014 28.167135 0.0303 1.0 23.0
4.8562727 28.39283 0.0303 1.0 23.0
4.8562727 28.39283 0.0304 0.0 24.0
6.155532 28.618525 0.0304 0.0 24.0
6.155532 28.618525 0.0305 0.0 25.0
7.4175606 28.236038 0.0305 0.0 25.0
3.557014 28.167135 0.0306 5.0 23.0
4.14985 29.345081 0.0306 5.0 23.0
4.14985 29.345081 0.0307 4.0 24.0
4.7426853 30.523027 0.0307 4.0 24.0
4.7426853 30.523027 0.0308 3.0 25.0
5.8017893 31.30872 0.0308 3.0 25.0
5.8017893 31.30872 0.0309 2.0 26.0
6.8608932 32.09441 0.0309 2.0 26.0
6.8608932 32.09441 0.0310 1.0 27.0
7.919997 32.8801 0.0310 1.0 27.0
7.919997 32.8801 0.0311 0.0 28.0
8.979101 33.66579 0.0311 0.0 28.0
8.979101 33.66579 0.0312 0.0 29.0
10.27836 33.891487 0.0312 0.0 29.0
4.7426853 30.523027 0.0313 1.0 25.0
5.8017893 31.30872 0.0313 1.0 25.0
5.8017893 31.30872 0.0314 0.0 26.0
6.8608932 32.09441 0.0314 0.0 26.0
6.8608932 32.09441 0.0315 0.0 27.0
8.160152 32.320107 0.0315 0.0 27.0
2.3713427 25.811243 0.0316 15.0 21.0
2.9641783 26.98919 0.0316 15.0 21.0
2.9641783 26.98919 0.0317 14.0 22.0
3.557014 28.167135 0.0317 14.0 22.0
3.557014 28.167135 0.0318 13.0 23.0
4.14985 29.345081 0.0318 13.0 23.0
4.14985 29.345081 0.0319 12.0 24.0
4.7426853 30.523027 0.0319 12.0 24.0
4.7426853 30.523027 0.0320 11.0 25.0
4.7426853 31.841743 0.0320 11.0 25.0
4.7426853 31.841743 0.0321 10.0 26.0
4.7426853 33.16046 0.0321 10.0 26.0
4.7426853 33.16046 0.0322 9.0 27.0
4.7426853 34.47918 0.0322 9.0 27.0
4.7426853 34.47918 0.0323 8.0 28.0
4.7426853 35.797897 0.0323 8.0 28.0
4.7426853 35.797897 0.0324 7.0 29.0
4.7426853 37.116615 0.0324 7.0 29.0
4.7426853 37.116615 0.0325 6.0 30.0
4.7426853 38.435333 0.0325 6.0 30.0
4.7426853 38.435333 0.0326 1.0 31.0
5.3355207 39.61328 0.0326 1.0 31.0
5.3355207 39.61328 0.0327 0.0 32.0
5.928356 40.79123 0.0327 0.0 32.0
5.928356 40.79123 0.0328 0.0 33.0
6.98746 41.57692 0.0328 0.0 33.0
4.7426853 38.435333 0.0329 1.0 31.0
5.8017893 39.221024 0.0329 1.0 31.0
5.8017893 39.221024 0.0330 0.0 32.0
6.8608932 40.006714 0.0330 0.0 32.0
6.8608932 40.006714 0.0331 0.0 33.0
8.160152 40.23241 0.0331 0.0 33.0
4.7426853 38.435333 0.0332 5.0 31.0
4.7426853 39.75405 0.0332 5.0 31.0
4.7426853 39.75405 0.0333 4.0 32.0
4.7426853 41.07277 0.0333 4.0 32.0
4.7426853 41.07277 0.0334 3.0 33.0
5.3355207 42.250717 0.0334 3.0 33.0
5.3355207 42.250717 0.0335 2.0 34.0
5.928356 43.428665 0.0335 2.0 34.0
5.928356 43.428665 0.0336 1.0 35.0
6.5211916 44.606613 0.0336 1.0 35.0
6.5211916 44.606613 0.0337 0.0 36.0
7.114027 45.78456 0.0337 0.0 36.0
7.114027 45.78456 0.0338 0.0 37.0
8.173131 46.57025 0.0338 0.0 37.0
4.7426853 41.07277 0.0339 1.0 33.0
5.3355207 42.250717 0.0339 1.0 33.0
5.3355207 42.250717 0.0340 0.0 34.0
5.928356 43.428665 0.0340 0.0 34.0
5.928356 43.428665 0.0341 0.0 35.0
6.98746 44.214355 0.0341 0.0 35.0
4.7426853 30.523027 0.0342 7.0 25.0
5.8017893 31.30872 0.0342 7.0 25.0
5.8017893 31.30872 0.0343 6.0 26.0
6.8608932 32.09441 0.0343 6.0 26.0
6.8608932 32.09441 0.0344 1.0 27.0
8.160152 32.320107 0.0344 1.0 27.0
8.160152 32.320107 0.0345 0.0 28.0
9.459412 32.545803 0.0345 0.0 28.0
9.459412 32.545803 0.0346 0.0 29.0
10.72144 32.16332 0.0346 0.0 29.0
6.8608932 32.09441 0.0347 1.0 27.0
8.122922 31.711924 0.0347 1.0 27.0
8.122922 31.711924 0.0348 0.0 28.0
9.384951 31.329437 0.0348 0.0 28.0
9.384951 31.329437 0.0349 0.0 29.0
10.340313 30.42043 0.0349 0.0 29.0
6.8608932 32.09441 0.0350 5.0 27.0
7.919997 32.8801 0.0350 5.0 27.0
7.919997 32.8801 0.0351 4.0 28.0
8.979101 33.66579 0.0351 4.0 28.0
8.979101 33.66579 0.0352 3.0 29.0
10.27836 33.891487 0.0352 3.0 29.0
10.27836 33.891487 0.0353 2.0 30.0
11.57762 34.117184 0.0353 2.0 30.0
11.57762 34.117184 0.0354 1.0 31.0
12.876879 34.34288 0.0354 1.0 31.0
12.876879 34.34288 0.0355 0.0 32.0
14.176138 34.568577 0.0355 0.0 32.0
14.176138 34.568577 0.0356 0.0 33.0
15.438167 34.186092 0.0356 0.0 33.0
8.979101 33.66579 0.0357 1.0 29.0
10.27836 33.891487 0.0357 1.0 29.0
10.27836 33.891487 0.0358 0.0 30.0
11.57762 34.117184 0.0358 0.0 30.0
11.57762 34.117184 0.0359 0.0 31.0
12.839648 33.7347 0.0359 0.0 31.0
