0.0 0.0 0.00 79.0 1.0
0.0 3.428098 0.00 79.0 1.0
0.0 3.428098 0.01 0.0 2.0
-1.2686957 6.6127906 0.01 0.0 2.0
0.0 3.428098 0.02 78.0 2.0
0.0 6.856196 0.02 78.0 2.0
0.0 6.856196 0.03 0.0 3.0
1.2686957 10.040889 0.03 0.0 3.0
0.0 6.856196 0.04 77.0 3.0
0.0 10.284294 0.04 77.0 3.0
0.0 10.284294 0.05 1.0 4.0
1.2686957 13.4689865 0.05 1.0 4.0
1.2686957 13.4689865 0.06 0.0 5.0
1.2686957 16.897085 0.06 0.0 5.0
1.2686957 13.4689865 0.07 0.0 5.0
2.5373914 16.653679 0.07 0.0 5.0
2.5373914 16.653679 0.08 0.0 6.0
4.8946204 19.142721 0.08 0.0 6.0
2.5373914 16.653679 0.09 0.0 6.0
3.806087 19.838371 0.09 0.0 6.0
0.0 10.284294 0.010 76.0 4.0
0.0 13.712392 0.010 76.0 4.0
0.0 13.712392 0.011 0.0 5.0
-1.2686957 16.897085 0.011 0.0 5.0
0.0 13.712392 0.012 75.0 5.0
0.0 17.14049 0.012 75.0 5.0
0.0 17.14049 0.013 0.0 6.0
1.2686957 20.325182 0.013 0.0 6.0
0.0 17.14049 0.014 74.0 6.0
0.0 20.568588 0.014 74.0 6.0
0.0 20.568588 0.015 1.0 7.0
1.2686957 23.75328 0.015 1.0 7.0
1.2686957 23.75328 0.016 0.0 8.0
1.2686957 27.18138 0.016 0.0 8.0
1.2686957 23.75328 0.017 0.0 8.0
2.5373914 26.937973 0.017 0.0 8.0
2.5373914 26.937973 0.018 0.0 9.0
4.8946204 29.427015 0.018 0.0 9.0
2.5373914 26.937973 0.019 0.0 9.0
3.806087 30.122665 0.019 0.0 9.0
0.0 20.568588 0.020 73.0 7.0
0.0 23.996687 0.020 73.0 7.0
0.0 23.996687 0.021 0.0 8.0
-1.2686957 27.18138 0.021 0.0 8.0
0.0 23.996687 0.022 72.0 8.0
0.0 27.424786 0.022 72.0 8.0
0.0 27.424786 0.023 0.0 9.0
1.2686957 30.609478 0.023 0.0 9.0
0.0 27.424786 0.024 71.0 9.0
0.0 30.852884 0.024 71.0 9.0
0.0 30.852884 0.025 7.0 10.0
-1.2686957 34.03758 0.025 7.0 10.0
-1.2686957 34.03758 0.026 0.0 11.0
-3.6259246 36.52662 0.026 0.0 11.0
-1.2686957 34.03758 0.027 6.0 11.0
-2.5373914 37.22227 0.027 6.0 11.0
-2.5373914 37.22227 0.028 0.0 12.0
-2.5373914 40.650368 0.028 0.0 12.0
-2.5373914 37.22227 0.029 5.0 12.0
-3.806087 40.406963 0.029 5.0 12.0
-3.806087 40.406963 0.030 1.0 13.0
-3.806087 43.83506 0.030 1.0 13.0
-3.806087 43.83506 0.031 0.0 14.0
-5.074783 47.019753 0.031 0.0 14.0
-3.806087 43.83506 0.032 0.0 14.0
-3.806087 47.263157 0.032 0.0 14.0
-3.806087 47.263157 0.033 0.0 15.0
-2.5373912 50.44785 0.033 0.0 15.0
-3.806087 47.263157 0.034 0.0 15.0
-3.806087 50.691254 0.034 0.0 15.0
-3.806087 40.406963 0.035 4.0 13.0
-5.074783 43.591656 0.035 4.0 13.0
-5.074783 43.591656 0.036 0.0 14.0
-7.4320116 46.080696 0.036 0.0 14.0
-5.074783 43.591656 0.037 3.0 14.0
-6.3434787 46.77635 0.037 3.0 14.0
-6.3434787 46.77635 0.038 0.0 15.0
-6.3434787 50.204445 0.038 0.0 15.0
-6.3434787 46.77635 0.039 2.0 15.0
-7.6121745 49.96104 0.039 2.0 15.0
-7.6121745 49.96104 0.040 1.0 16.0
-7.6121745 53.389137 0.040 1.0 16.0
-7.6121745 53.389137 0.041 0.0 17.0
-8.88087 56.57383 0.041 0.0 17.0
-7.6121745 53.389137 0.042 0.0 17.0
-7.6121745 56.817234 0.042 0.0 17.0
-7.6121745 56.817234 0.043 0.0 18.0
-6.3434787 60.001926 0.043 0.0 18.0
-7.6121745 56.817234 0.044 0.0 18.0
-7.6121745 60.24533 0.044 0.0 18.0
-7.6121745 49.96104 0.045 1.0 16.0
-8.88087 53.145733 0.045 1.0 16.0
-8.88087 53.145733 0.046 0.0 17.0
-11.238099 55.634773 0.046 0.0 17.0
-8.88087 53.145733 0.047 0.0 17.0
-10.149566 56.330425 0.047 0.0 17.0
-10.149566 56.330425 0.048 0.0 18.0
-10.149566 59.758522 0.048 0.0 18.0
-10.149566 56.330425 0.049 0.0 18.0
-11.418262 59.515118 0.049 0.0 18.0
0.0 30.852884 0.050 70.0 10.0
0.0 34.280983 0.050 70.0 10.0
0.0 34.280983 0.051 0.0 11.0
-1.2686957 37.465675 0.051 0.0 11.0
0.0 34.280983 0.052 69.0 11.0
0.0 37.70908 0.052 69.0 11.0
0.0 37.70908 0.053 0.0 12.0
1.2686957 40.893772 0.053 0.0 12.0
0.0 37.70908 0.054 68.0 12.0
0.0 41.137177 0.054 68.0 12.0
0.0 41.137177 0.055 1.0 13.0
1.2686957 44.32187 0.055 1.0 13.0
1.2686957 44.32187 0.056 0.0 14.0
1.2686957 47.749966 0.056 0.0 14.0
1.2686957 44.32187 0.057 0.0 14.0
2.5373914 47.50656 0.057 0.0 14.0
2.5373914 47.50656 0.058 0.0 15.0
4.8946204 49.9956 0.058 0.0 15.0
2.5373914 47.50656 0.059 0.0 15.0
3.806087 50.691254 0.059 0.0 15.0
0.0 41.137177 0.060 67.0 13.0
0.0 44.565273 0.060 67.0 13.0
0.0 44.565273 0.061 0.0 14.0
-1.2686957 47.749966 0.061 0.0 14.0
0.0 44.565273 0.062 66.0 14.0
0.0 47.99337 0.062 66.0 14.0
0.0 47.99337 0.063 0.0 15.0
1.2686957 51.178062 0.063 0.0 15.0
0.0 47.99337 0.064 65.0 15.0
0.0 51.421467 0.064 65.0 15.0
0.0 51.421467 0.065 1.0 16.0
1.2686957 54.60616 0.065 1.0 16.0
1.2686957 54.60616 0.066 0.0 17.0
1.2686957 58.034256 0.066 0.0 17.0
1.2686957 54.60616 0.067 0.0 17.0
2.5373914 57.79085 0.067 0.0 17.0
2.5373914 57.79085 0.068 0.0 18.0
4.8946204 60.279892 0.068 0.0 18.0
2.5373914 57.79085 0.069 0.0 18.0
3.806087 60.975544 0.069 0.0 18.0
0.0 51.421467 0.070 64.0 16.0
0.0 54.849564 0.070 64.0 16.0
0.0 54.849564 0.071 0.0 17.0
-1.2686957 58.034256 0.071 0.0 17.0
0.0 54.849564 0.072 63.0 17.0
0.0 58.27766 0.072 63.0 17.0
0.0 58.27766 0.073 0.0 18.0
1.2686957 61.462353 0.073 0.0 18.0
0.0 58.27766 0.074 62.0 18.0
0.0 61.705757 0.074 62.0 18.0
0.0 61.705757 0.075 7.0 19.0
1.2686957 64.89045 0.075 7.0 19.0
1.2686957 64.89045 0.076 0.0 20.0
1.2686957 68.31855 0.076 0.0 20.0
1.2686957 64.89045 0.077 6.0 20.0
2.5373914 68.07514 0.077 6.0 20.0
2.5373914 68.07514 0.078 0.0 21.0
4.8946204 70.564186 0.078 0.0 21.0
2.5373914 68.07514 0.079 5.0 21.0
3.806087 71.259834 0.079 5.0 21.0
3.806087 71.259834 0.080 1.0 22.0
6.163316 73.74888 0.080 1.0 22.0
6.163316 73.74888 0.081 0.0 23.0
7.4320116 76.93357 0.081 0.0 23.0
6.163316 73.74888 0.082 0.0 23.0
8.520545 76.23792 0.082 0.0 23.0
8.520545 76.23792 0.083 0.0 24.0
11.631566 77.67786 0.083 0.0 24.0
8.520545 76.23792 0.084 0.0 24.0
10.877774 78.72697 0.084 0.0 24.0
3.806087 71.259834 0.085 4.0 22.0
5.074783 74.44453 0.085 4.0 22.0
5.074783 74.44453 0.086 0.0 23.0
5.074783 77.87263 0.086 0.0 23.0
5.074783 74.44453 0.087 3.0 23.0
6.3434787 77.62922 0.087 3.0 23.0
6.3434787 77.62922 0.088 0.0 24.0
8.700707 80.11826 0.088 0.0 24.0
6.3434787 77.62922 0.089 2.0 24.0
7.6121745 80.81391 0.089 2.0 24.0
7.6121745 80.81391 0.090 1.0 25.0
9.969403 83.302956 0.090 1.0 25.0
9.969403 83.302956 0.091 0.0 26.0
11.238099 86.48765 0.091 0.0 26.0
9.969403 83.302956 0.092 0.0 26.0
12.3266325 85.792 0.092 0.0 26.0
12.3266325 85.792 0.093 0.0 27.0
15.437654 87.23193 0.093 0.0 27.0
12.3266325 85.792 0.094 0.0 27.0
14.683862 88.281044 0.094 0.0 27.0
7.6121745 80.81391 0.095 1.0 25.0
8.88087 83.998604 0.095 1.0 25.0
8.88087 83.998604 0.096 0.0 26.0
8.88087 87.426704 0.096 0.0 26.0
8.88087 83.998604 0.097 0.0 26.0
10.149566 87.1833 0.097 0.0 26.0
10.149566 87.1833 0.098 0.0 27.0
12.506795 89.67234 0.098 0.0 27.0
10.149566 87.1833 0.099 0.0 27.0
11.418262 90.36799 0.099 0.0 27.0
0.0 61.705757 0.0100 61.0 19.0
0.0 65.13386 0.0100 61.0 19.0
0.0 65.13386 0.0101 0.0 20.0
-1.2686957 68.31855 0.0101 0.0 20.0
0.0 65.13386 0.0102 60.0 20.0
0.0 68.56196 0.0102 60.0 20.0
0.0 68.56196 0.0103 0.0 21.0
1.2686957 71.74665 0.0103 0.0 21.0
0.0 68.56196 0.0104 59.0 21.0
0.0 71.99006 0.0104 59.0 21.0
0.0 71.99006 0.0105 1.0 22.0
1.2686957 75.17475 0.0105 1.0 22.0
1.2686957 75.17475 0.0106 0.0 23.0
1.2686957 78.60285 0.0106 0.0 23.0
1.2686957 75.17475 0.0107 0.0 23.0
2.5373914 78.35944 0.0107 0.0 23.0
2.5373914 78.35944 0.0108 0.0 24.0
4.8946204 80.84849 0.0108 0.0 24.0
2.5373914 78.35944 0.0109 0.0 24.0
3.806087 81.544136 0.0109 0.0 24.0
0.0 71.99006 0.0110 58.0 22.0
0.0 75.41816 0.0110 58.0 22.0
0.0 75.41816 0.0111 0.0 23.0
-1.2686957 78.60285 0.0111 0.0 23.0
0.0 75.41816 0.0112 57.0 23.0
0.0 78.84626 0.0112 57.0 23.0
0.0 78.84626 0.0113 0.0 24.0
1.2686957 82.03095 0.0113 0.0 24.0
0.0 78.84626 0.0114 56.0 24.0
0.0 82.27436 0.0114 56.0 24.0
0.0 82.27436 0.0115 1.0 25.0
1.2686957 85.45905 0.0115 1.0 25.0
1.2686957 85.45905 0.0116 0.0 26.0
1.2686957 88.88715 0.0116 0.0 26.0
1.2686957 85.45905 0.0117 0.0 26.0
2.5373914 88.643745 0.0117 0.0 26.0
2.5373914 88.643745 0.0118 0.0 27.0
4.8946204 91.13279 0.0118 0.0 27.0
2.5373914 88.643745 0.0119 0.0 27.0
3.806087 91.82844 0.0119 0.0 27.0
0.0 82.27436 0.0120 55.0 25.0
0.0 85.70246 0.0120 55.0 25.0
0.0 85.70246 0.0121 0.0 26.0
-1.2686957 88.88715 0.0121 0.0 26.0
0.0 85.70246 0.0122 54.0 26.0
0.0 89.13056 0.0122 54.0 26.0
0.0 89.13056 0.0123 0.0 27.0
1.2686957 92.315254 0.0123 0.0 27.0
0.0 89.13056 0.0124 53.0 27.0
0.0 92.55866 0.0124 53.0 27.0
0.0 92.55866 0.0125 25.0 28.0
-1.2686957 95.743355 0.0125 25.0 28.0
-1.2686957 95.743355 0.0126 0.0 29.0
-3.6259246 98.2324 0.0126 0.0 29.0
-1.2686957 95.743355 0.0127 24.0 29.0
-2.5373914 98.92805 0.0127 24.0 29.0
-2.5373914 98.92805 0.0128 0.0 30.0
-2.5373914 102.35615 0.0128 0.0 30.0
-2.5373914 98.92805 0.0129 23.0 30.0
-3.806087 102.11274 0.0129 23.0 30.0
-3.806087 102.11274 0.0130 1.0 31.0
-3.806087 105.54084 0.0130 1.0 31.0
-3.806087 105.54084 0.0131 0.0 32.0
-5.074783 108.72553 0.0131 0.0 32.0
-3.806087 105.54084 0.0132 0.0 32.0
-3.806087 108.96894 0.0132 0.0 32.0
-3.806087 108.96894 0.0133 0.0 33.0
-2.5373912 112.15363 0.0133 0.0 33.0
-3.806087 108.96894 0.0134 0.0 33.0
-3.806087 112.39704 0.0134 0.0 33.0
-3.806087 102.11274 0.0135 22.0 31.0
-5.074783 105.29743 0.0135 22.0 31.0
-5.074783 105.29743 0.0136 0.0 32.0
-7.4320116 107.786476 0.0136 0.0 32.0
-5.074783 105.29743 0.0137 21.0 32.0
-6.3434787 108.482124 0.0137 21.0 32.0
-6.3434787 108.482124 0.0138 0.0 33.0
-6.3434787 111.910225 0.0138 0.0 33.0
-6.3434787 108.482124 0.0139 20.0 33.0
-7.6121745 111.66682 0.0139 20.0 33.0
-7.6121745 111.66682 0.0140 1.0 34.0
-7.6121745 115.09492 0.0140 1.0 34.0
-7.6121745 115.09492 0.0141 0.0 35.0
-8.88087 118.27961 0.0141 0.0 35.0
-7.6121745 115.09492 0.0142 0.0 35.0
-7.6121745 118.52302 0.0142 0.0 35.0
-7.6121745 118.52302 0.0143 0.0 36.0
-6.3434787 121.70771 0.0143 0.0 36.0
-7.6121745 118.52302 0.0144 0.0 36.0
-7.6121745 121.95112 0.0144 0.0 36.0
-7.6121745 111.66682 0.0145 19.0 34.0
-8.88087 114.85151 0.0145 19.0 34.0
-8.88087 114.85151 0.0146 0.0 35.0
-11.238099 117.34055 0.0146 0.0 35.0
-8.88087 114.85151 0.0147 18.0 35.0
-10.149566 118.0362 0.0147 18.0 35.0
-10.149566 118.0362 0.0148 0.0 36.0
-10.149566 121.4643 0.0148 0.0 36.0
-10.149566 118.0362 0.0149 17.0 36.0
-11.418262 121.220894 0.0149 17.0 36.0
-11.418262 121.220894 0.0150 7.0 37.0
-13.775491 123.70994 0.0150 7.0 37.0
-13.775491 123.70994 0.0151 0.0 38.0
-16.886513 125.14987 0.0151 0.0 38.0
-13.775491 123.70994 0.0152 6.0 38.0
-16.132719 126.19898 0.0152 6.0 38.0
-16.132719 126.19898 0.0153 0.0 39.0
-17.401415 129.38368 0.0153 0.0 39.0
-16.132719 126.19898 0.0154 5.0 39.0
-18.489948 128.68802 0.0154 5.0 39.0
-18.489948 128.68802 0.0155 1.0 40.0
-19.758644 131.87271 0.0155 1.0 40.0
-19.758644 131.87271 0.0156 0.0 41.0
-22.115873 134.36176 0.0156 0.0 41.0
-19.758644 131.87271 0.0157 0.0 41.0
-21.02734 135.0574 0.0157 0.0 41.0
-21.02734 135.0574 0.0158 0.0 42.0
-21.02734 138.4855 0.0158 0.0 42.0
-21.02734 135.0574 0.0159 0.0 42.0
-22.296036 138.2421 0.0159 0.0 42.0
-18.489948 128.68802 0.0160 4.0 40.0
-20.847178 131.17706 0.0160 4.0 40.0
-20.847178 131.17706 0.0161 0.0 41.0
-23.958199 132.61699 0.0161 0.0 41.0
-20.847178 131.17706 0.0162 3.0 41.0
-23.204407 133.6661 0.0162 3.0 41.0
-23.204407 133.6661 0.0163 0.0 42.0
-24.473103 136.8508 0.0163 0.0 42.0
-23.204407 133.6661 0.0164 2.0 42.0
-25.561636 136.15515 0.0164 2.0 42.0
-25.561636 136.15515 0.0165 1.0 43.0
-26.830332 139.33984 0.0165 1.0 43.0
-26.830332 139.33984 0.0166 0.0 44.0
-29.187561 141.82889 0.0166 0.0 44.0
-26.830332 139.33984 0.0167 0.0 44.0
-28.099028 142.52454 0.0167 0.0 44.0
-28.099028 142.52454 0.0168 0.0 45.0
-28.099028 145.95264 0.0168 0.0 45.0
-28.099028 142.52454 0.0169 0.0 45.0
-29.367723 145.70923 0.0169 0.0 45.0
-25.561636 136.15515 0.0170 1.0 43.0
-27.918865 138.6442 0.0170 1.0 43.0
-27.918865 138.6442 0.0171 0.0 44.0
-31.029886 140.08412 0.0171 0.0 44.0
-27.918865 138.6442 0.0172 0.0 44.0
-30.276094 141.13324 0.0172 0.0 44.0
-30.276094 141.13324 0.0173 0.0 45.0
-31.54479 144.31793 0.0173 0.0 45.0
-30.276094 141.13324 0.0174 0.0 45.0
-32.633324 143.62228 0.0174 0.0 45.0
-11.418262 121.220894 0.0175 16.0 37.0
-12.686957 124.40559 0.0175 16.0 37.0
-12.686957 124.40559 0.0176 0.0 38.0
-15.044187 126.89463 0.0176 0.0 38.0
-12.686957 124.40559 0.0177 15.0 38.0
-13.955653 127.59028 0.0177 15.0 38.0
-13.955653 127.59028 0.0178 0.0 39.0
-13.955653 131.01837 0.0178 0.0 39.0
-13.955653 127.59028 0.0179 14.0 39.0
-15.224349 130.77498 0.0179 14.0 39.0
-15.224349 130.77498 0.0180 1.0 40.0
-15.224349 134.20308 0.0180 1.0 40.0
-15.224349 134.20308 0.0181 0.0 41.0
-16.493044 137.38777 0.0181 0.0 41.0
-15.224349 134.20308 0.0182 0.0 41.0
-15.224349 137.63118 0.0182 0.0 41.0
-15.224349 137.63118 0.0183 0.0 42.0
-13.955653 140.81587 0.0183 0.0 42.0
-15.224349 137.63118 0.0184 0.0 42.0
-15.224349 141.05928 0.0184 0.0 42.0
-15.224349 130.77498 0.0185 13.0 40.0
-16.493044 133.95967 0.0185 13.0 40.0
-16.493044 133.95967 0.0186 0.0 41.0
-18.850273 136.44872 0.0186 0.0 41.0
-16.493044 133.95967 0.0187 12.0 41.0
-17.76174 137.14436 0.0187 12.0 41.0
-17.76174 137.14436 0.0188 0.0 42.0
-17.76174 140.57246 0.0188 0.0 42.0
-17.76174 137.14436 0.0189 11.0 42.0
-19.030436 140.32906 0.0189 11.0 42.0
-19.030436 140.32906 0.0190 1.0 43.0
-19.030436 143.75716 0.0190 1.0 43.0
-19.030436 143.75716 0.0191 0.0 44.0
-20.299131 146.94185 0.0191 0.0 44.0
-19.030436 143.75716 0.0192 0.0 44.0
-19.030436 147.18526 0.0192 0.0 44.0
-19.030436 147.18526 0.0193 0.0 45.0
-17.76174 150.36995 0.0193 0.0 45.0
-19.030436 147.18526 0.0194 0.0 45.0
-19.030436 150.61336 0.0194 0.0 45.0
-19.030436 140.32906 0.0195 10.0 43.0
-20.299131 143.51375 0.0195 10.0 43.0
-20.299131 143.51375 0.0196 0.0 44.0
-22.65636 146.00279 0.0196 0.0 44.0
-20.299131 143.51375 0.0197 9.0 44.0
-21.567827 146.69844 0.0197 9.0 44.0
-21.567827 146.69844 0.0198 0.0 45.0
-21.567827 150.12654 0.0198 0.0 45.0
-21.567827 146.69844 0.0199 8.0 45.0
-22.836523 149.88313 0.0199 8.0 45.0
-22.836523 149.88313 0.0200 7.0 46.0
-22.836523 153.31123 0.0200 7.0 46.0
-22.836523 153.31123 0.0201 0.0 47.0
-24.105219 156.49593 0.0201 0.0 47.0
-22.836523 153.31123 0.0202 6.0 47.0
-22.836523 156.73933 0.0202 6.0 47.0
-22.836523 156.73933 0.0203 0.0 48.0
-21.567827 159.92403 0.0203 0.0 48.0
-22.836523 156.73933 0.0204 5.0 48.0
-22.836523 160.16743 0.0204 5.0 48.0
-22.836523 160.16743 0.0205 1.0 49.0
-21.567827 163.35213 0.0205 1.0 49.0
-21.567827 163.35213 0.0206 0.0 50.0
-21.567827 166.78023 0.0206 0.0 50.0
-21.567827 163.35213 0.0207 0.0 50.0
-20.299131 166.53682 0.0207 0.0 50.0
-20.299131 166.53682 0.0208 0.0 51.0
-17.941902 169.02586 0.0208 0.0 51.0
-20.299131 166.53682 0.0209 0.0 51.0
-19.030436 169.72151 0.0209 0.0 51.0
-22.836523 160.16743 0.0210 4.0 49.0
-22.836523 163.59554 0.0210 4.0 49.0
-22.836523 163.59554 0.0211 0.0 50.0
-24.105219 166.78023 0.0211 0.0 50.0
-22.836523 163.59554 0.0212 3.0 50.0
-22.836523 167.02364 0.0212 3.0 50.0
-22.836523 167.02364 0.0213 0.0 51.0
-21.567827 170.20833 0.0213 0.0 51.0
-22.836523 167.02364 0.0214 2.0 51.0
-22.836523 170.45174 0.0214 2.0 51.0
-22.836523 170.45174 0.0215 1.0 52.0
-21.567827 173.63643 0.0215 1.0 52.0
-21.567827 173.63643 0.0216 0.0 53.0
-21.567827 177.06453 0.0216 0.0 53.0
-21.567827 173.63643 0.0217 0.0 53.0
-20.299131 176.82112 0.0217 0.0 53.0
-20.299131 176.82112 0.0218 0.0 54.0
-17.941902 179.31017 0.0218 0.0 54.0
-20.299131 176.82112 0.0219 0.0 54.0
-19.030436 180.00581 0.0219 0.0 54.0
-22.836523 170.45174 0.0220 1.0 52.0
-22.836523 173.87984 0.0220 1.0 52.0
-22.836523 173.87984 0.0221 0.0 53.0
-24.105219 177.06453 0.0221 0.0 53.0
-22.836523 173.87984 0.0222 0.0 53.0
-22.836523 177.30794 0.0222 0.0 53.0
-22.836523 177.30794 0.0223 0.0 54.0
-21.567827 180.49263 0.0223 0.0 54.0
-22.836523 177.30794 0.0224 0.0 54.0
-22.836523 180.73604 0.0224 0.0 54.0
-22.836523 149.88313 0.0225 7.0 46.0
-24.105219 153.06783 0.0225 7.0 46.0
-24.105219 153.06783 0.0226 0.0 47.0
-26.462448 155.55687 0.0226 0.0 47.0
-24.105219 153.06783 0.0227 6.0 47.0
-25.373915 156.25252 0.0227 6.0 47.0
-25.373915 156.25252 0.0228 0.0 48.0
-25.373915 159.68062 0.0228 0.0 48.0
-25.373915 156.25252 0.0229 5.0 48.0
-26.64261 159.43721 0.0229 5.0 48.0
-26.64261 159.43721 0.0230 1.0 49.0
-26.64261 162.86531 0.0230 1.0 49.0
-26.64261 162.86531 0.0231 0.0 50.0
-27.911306 166.05 0.0231 0.0 50.0
-26.64261 162.86531 0.0232 0.0 50.0
-26.64261 166.29341 0.0232 0.0 50.0
-26.64261 166.29341 0.0233 0.0 51.0
-25.373915 169.4781 0.0233 0.0 51.0
-26.64261 166.29341 0.0234 0.0 51.0
-26.64261 169.72151 0.0234 0.0 51.0
-26.64261 159.43721 0.0235 4.0 49.0
-27.911306 162.6219 0.0235 4.0 49.0
-27.911306 162.6219 0.0236 0.0 50.0
-30.268536 165.11095 0.0236 0.0 50.0
-27.911306 162.6219 0.0237 3.0 50.0
-29.180002 165.8066 0.0237 3.0 50.0
-29.180002 165.8066 0.0238 0.0 51.0
-29.180002 169.2347 0.0238 0.0 51.0
-29.180002 165.8066 0.0239 2.0 51.0
-30.448698 168.99129 0.0239 2.0 51.0
-30.448698 168.99129 0.0240 1.0 52.0
-30.448698 172.41939 0.0240 1.0 52.0
-30.448698 172.41939 0.0241 0.0 53.0
-31.717394 175.60408 0.0241 0.0 53.0
-30.448698 172.41939 0.0242 0.0 53.0
-30.448698 175.84749 0.0242 0.0 53.0
-30.448698 175.84749 0.0243 0.0 54.0
-29.180002 179.03218 0.0243 0.0 54.0
-30.448698 175.84749 0.0244 0.0 54.0
-30.448698 179.27559 0.0244 0.0 54.0
-30.448698 168.99129 0.0245 1.0 52.0
-31.717394 172.17598 0.0245 1.0 52.0
-31.717394 172.17598 0.0246 0.0 53.0
-34.074623 174.66502 0.0246 0.0 53.0
-31.717394 172.17598 0.0247 0.0 53.0
-32.986088 175.36067 0.0247 0.0 53.0
-32.986088 175.36067 0.0248 0.0 54.0
-32.986088 178.78877 0.0248 0.0 54.0
-32.986088 175.36067 0.0249 0.0 54.0
-34.254784 178.54536 0.0249 0.0 54.0
0.0 92.55866 0.0250 52.0 28.0
0.0 95.98676 0.0250 52.0 28.0
0.0 95.98676 0.0251 0.0 29.0
-1.2686957 99.171455 0.0251 0.0 29.0
0.0 95.98676 0.0252 51.0 29.0
0.0 99.41486 0.0252 51.0 29.0
0.0 99.41486 0.0253 0.0 30.0
1.2686957 102.599556 0.0253 0.0 30.0
0.0 99.41486 0.0254 50.0 30.0
0.0 102.842964 0.0254 50.0 30.0
0.0 102.842964 0.0255 1.0 31.0
1.2686957 106.02766 0.0255 1.0 31.0
1.2686957 106.02766 0.0256 0.0 32.0
1.2686957 109.45576 0.0256 0.0 32.0
1.2686957 106.02766 0.0257 0.0 32.0
2.5373914 109.21235 0.0257 0.0 32.0
2.5373914 109.21235 0.0258 0.0 33.0
4.8946204 111.70139 0.0258 0.0 33.0
2.5373914 109.21235 0.0259 0.0 33.0
3.806087 112.39704 0.0259 0.0 33.0
0.0 102.842964 0.0260 49.0 31.0
0.0 106.271065 0.0260 49.0 31.0
0.0 106.271065 0.0261 0.0 32.0
-1.2686957 109.45576 0.0261 0.0 32.0
0.0 106.271065 0.0262 48.0 32.0
0.0 109.699165 0.0262 48.0 32.0
0.0 109.699165 0.0263 0.0 33.0
1.2686957 112.88386 0.0263 0.0 33.0
0.0 109.699165 0.0264 47.0 33.0
0.0 113.127266 0.0264 47.0 33.0
0.0 113.127266 0.0265 1.0 34.0
1.2686957 116.31196 0.0265 1.0 34.0
1.2686957 116.31196 0.0266 0.0 35.0
1.2686957 119.74006 0.0266 0.0 35.0
1.2686957 116.31196 0.0267 0.0 35.0
2.5373914 119.49665 0.0267 0.0 35.0
2.5373914 119.49665 0.0268 0.0 36.0
4.8946204 121.985695 0.0268 0.0 36.0
2.5373914 119.49665 0.0269 0.0 36.0
3.806087 122.68134 0.0269 0.0 36.0
0.0 113.127266 0.0270 46.0 34.0
0.0 116.55537 0.0270 46.0 34.0
0.0 116.55537 0.0271 0.0 35.0
-1.2686957 119.74006 0.0271 0.0 35.0
0.0 116.55537 0.0272 45.0 35.0
0.0 119.98347 0.0272 45.0 35.0
0.0 119.98347 0.0273 0.0 36.0
1.2686957 123.16816 0.0273 0.0 36.0
0.0 119.98347 0.0274 44.0 36.0
0.0 123.41157 0.0274 44.0 36.0
0.0 123.41157 0.0275 7.0 37.0
-1.2686957 126.59626 0.0275 7.0 37.0
-1.2686957 126.59626 0.0276 0.0 38.0
-3.6259246 129.0853 0.0276 0.0 38.0
-1.2686957 126.59626 0.0277 6.0 38.0
-2.5373914 129.78096 0.0277 6.0 38.0
-2.5373914 129.78096 0.0278 0.0 39.0
-2.5373914 133.20906 0.0278 0.0 39.0
-2.5373914 129.78096 0.0279 5.0 39.0
-3.806087 132.96565 0.0279 5.0 39.0
-3.806087 132.96565 0.0280 1.0 40.0
-3.806087 136.39375 0.0280 1.0 40.0
-3.806087 136.39375 0.0281 0.0 41.0
-5.074783 139.57845 0.0281 0.0 41.0
-3.806087 136.39375 0.0282 0.0 41.0
-3.806087 139.82185 0.0282 0.0 41.0
-3.806087 139.82185 0.0283 0.0 42.0
-2.5373912 143.00655 0.0283 0.0 42.0
-3.806087 139.82185 0.0284 0.0 42.0
-3.806087 143.24995 0.0284 0.0 42.0
-3.806087 132.96565 0.0285 4.0 40.0
-5.074783 136.15034 0.0285 4.0 40.0
-5.074783 136.15034 0.0286 0.0 41.0
-7.4320116 138.63939 0.0286 0.0 41.0
-5.074783 136.15034 0.0287 3.0 41.0
-6.3434787 139.33504 0.0287 3.0 41.0
-6.3434787 139.33504 0.0288 0.0 42.0
-6.3434787 142.76314 0.0288 0.0 42.0
-6.3434787 139.33504 0.0289 2.0 42.0
-7.6121745 142.51973 0.0289 2.0 42.0
-7.6121745 142.51973 0.0290 1.0 43.0
-7.6121745 145.94783 0.0290 1.0 43.0
-7.6121745 145.94783 0.0291 0.0 44.0
-8.88087 149.13252 0.0291 0.0 44.0
-7.6121745 145.94783 0.0292 0.0 44.0
-7.6121745 149.37593 0.0292 0.0 44.0
-7.6121745 149.37593 0.0293 0.0 45.0
-6.3434787 152.56062 0.0293 0.0 45.0
-7.6121745 149.37593 0.0294 0.0 45.0
-7.6121745 152.80403 0.0294 0.0 45.0
-7.6121745 142.51973 0.0295 1.0 43.0
-8.88087 145.70442 0.0295 1.0 43.0
-8.88087 145.70442 0.0296 0.0 44.0
-11.238099 148.19347 0.0296 0.0 44.0
-8.88087 145.70442 0.0297 0.0 44.0
-10.149566 148.88911 0.0297 0.0 44.0
-10.149566 148.88911 0.0298 0.0 45.0
-10.149566 152.31721 0.0298 0.0 45.0
-10.149566 148.88911 0.0299 0.0 45.0
-11.418262 152.0738 0.0299 0.0 45.0
0.0 123.41157 0.0300 43.0 37.0
0.0 126.83967 0.0300 43.0 37.0
0.0 126.83967 0.0301 0.0 38.0
-1.2686957 130.02437 0.0301 0.0 38.0
0.0 126.83967 0.0302 42.0 38.0
0.0 130.26776 0.0302 42.0 38.0
0.0 130.26776 0.0303 0.0 39.0
1.2686957 133.45245 0.0303 0.0 39.0
0.0 130.26776 0.0304 41.0 39.0
0.0 133.69586 0.0304 41.0 39.0
0.0 133.69586 0.0305 1.0 40.0
1.2686957 136.88055 0.0305 1.0 40.0
1.2686957 136.88055 0.0306 0.0 41.0
1.2686957 140.30865 0.0306 0.0 41.0
1.2686957 136.88055 0.0307 0.0 41.0
2.5373914 140.06525 0.0307 0.0 41.0
2.5373914 140.06525 0.0308 0.0 42.0
4.8946204 142.55429 0.0308 0.0 42.0
2.5373914 140.06525 0.0309 0.0 42.0
3.806087 143.24994 0.0309 0.0 42.0
0.0 133.69586 0.0310 40.0 40.0
0.0 137.12396 0.0310 40.0 40.0
0.0 137.12396 0.0311 0.0 41.0
-1.2686957 140.30865 0.0311 0.0 41.0
0.0 137.12396 0.0312 39.0 41.0
0.0 140.55206 0.0312 39.0 41.0
0.0 140.55206 0.0313 0.0 42.0
1.2686957 143.73676 0.0313 0.0 42.0
0.0 140.55206 0.0314 38.0 42.0
0.0 143.98016 0.0314 38.0 42.0
0.0 143.98016 0.0315 1.0 43.0
1.2686957 147.16486 0.0315 1.0 43.0
1.2686957 147.16486 0.0316 0.0 44.0
1.2686957 150.59296 0.0316 0.0 44.0
1.2686957 147.16486 0.0317 0.0 44.0
2.5373914 150.34955 0.0317 0.0 44.0
2.5373914 150.34955 0.0318 0.0 45.0
4.8946204 152.8386 0.0318 0.0 45.0
2.5373914 150.34955 0.0319 0.0 45.0
3.806087 153.53424 0.0319 0.0 45.0
0.0 143.98016 0.0320 37.0 43.0
0.0 147.40826 0.0320 37.0 43.0
0.0 147.40826 0.0321 0.0 44.0
-1.2686957 150.59296 0.0321 0.0 44.0
0.0 147.40826 0.0322 36.0 44.0
0.0 150.83636 0.0322 36.0 44.0
0.0 150.83636 0.0323 0.0 45.0
1.2686957 154.02106 0.0323 0.0 45.0
0.0 150.83636 0.0324 35.0 45.0
0.0 154.26447 0.0324 35.0 45.0
0.0 154.26447 0.0325 7.0 46.0
1.2686957 157.44916 0.0325 7.0 46.0
1.2686957 157.44916 0.0326 0.0 47.0
1.2686957 160.87726 0.0326 0.0 47.0
1.2686957 157.44916 0.0327 6.0 47.0
2.5373914 160.63385 0.0327 6.0 47.0
2.5373914 160.63385 0.0328 0.0 48.0
4.8946204 163.1229 0.0328 0.0 48.0
2.5373914 160.63385 0.0329 5.0 48.0
3.806087 163.81854 0.0329 5.0 48.0
3.806087 163.81854 0.0330 1.0 49.0
6.163316 166.30759 0.0330 1.0 49.0
6.163316 166.30759 0.0331 0.0 50.0
7.4320116 169.49228 0.0331 0.0 50.0
6.163316 166.30759 0.0332 0.0 50.0
8.520545 168.79663 0.0332 0.0 50.0
8.520545 168.79663 0.0333 0.0 51.0
11.631566 170.23656 0.0333 0.0 51.0
8.520545 168.79663 0.0334 0.0 51.0
10.877774 171.28568 0.0334 0.0 51.0
3.806087 163.81854 0.0335 4.0 49.0
5.074783 167.00323 0.0335 4.0 49.0
5.074783 167.00323 0.0336 0.0 50.0
5.074783 170.43134 0.0336 0.0 50.0
5.074783 167.00323 0.0337 3.0 50.0
6.3434787 170.18793 0.0337 3.0 50.0
6.3434787 170.18793 0.0338 0.0 51.0
8.700707 172.67697 0.0338 0.0 51.0
6.3434787 170.18793 0.0339 2.0 51.0
7.6121745 173.37262 0.0339 2.0 51.0
7.6121745 173.37262 0.0340 1.0 52.0
9.969403 175.86166 0.0340 1.0 52.0
9.969403 175.86166 0.0341 0.0 53.0
11.238099 179.04636 0.0341 0.0 53.0
9.969403 175.86166 0.0342 0.0 53.0
12.3266325 178.35071 0.0342 0.0 53.0
12.3266325 178.35071 0.0343 0.0 54.0
15.437654 179.79063 0.0343 0.0 54.0
12.3266325 178.35071 0.0344 0.0 54.0
14.683862 180.83975 0.0344 0.0 54.0
7.6121745 173.37262 0.0345 1.0 52.0
8.88087 176.55731 0.0345 1.0 52.0
8.88087 176.55731 0.0346 0.0 53.0
8.88087 179.98541 0.0346 0.0 53.0
8.88087 176.55731 0.0347 0.0 53.0
10.149566 179.742 0.0347 0.0 53.0
10.149566 179.742 0.0348 0.0 54.0
12.506795 182.23105 0.0348 0.0 54.0
10.149566 179.742 0.0349 0.0 54.0
11.418262 182.9267 0.0349 0.0 54.0
0.0 154.26447 0.0350 34.0 46.0
0.0 157.69257 0.0350 34.0 46.0
0.0 157.69257 0.0351 0.0 47.0
-1.2686957 160.87726 0.0351 0.0 47.0
0.0 157.69257 0.0352 33.0 47.0
0.0 161.12067 0.0352 33.0 47.0
0.0 161.12067 0.0353 0.0 48.0
1.2686957 164.30536 0.0353 0.0 48.0
0.0 161.12067 0.0354 32.0 48.0
0.0 164.54877 0.0354 32.0 48.0
0.0 164.54877 0.0355 1.0 49.0
1.2686957 167.73346 0.0355 1.0 49.0
1.2686957 167.73346 0.0356 0.0 50.0
1.2686957 171.16156 0.0356 0.0 50.0
1.2686957 167.73346 0.0357 0.0 50.0
2.5373914 170.91815 0.0357 0.0 50.0
2.5373914 170.91815 0.0358 0.0 51.0
4.8946204 173.4072 0.0358 0.0 51.0
2.5373914 170.91815 0.0359 0.0 51.0
3.806087 174.10284 0.0359 0.0 51.0
0.0 164.54877 0.0360 31.0 49.0
0.0 167.97687 0.0360 31.0 49.0
0.0 167.97687 0.0361 0.0 50.0
-1.2686957 171.16156 0.0361 0.0 50.0
0.0 167.97687 0.0362 30.0 50.0
0.0 171.40497 0.0362 30.0 50.0
0.0 171.40497 0.0363 0.0 51.0
1.2686957 174.58966 0.0363 0.0 51.0
0.0 171.40497 0.0364 29.0 51.0
0.0 174.83307 0.0364 29.0 51.0
0.0 174.83307 0.0365 1.0 52.0
1.2686957 178.01776 0.0365 1.0 52.0
1.2686957 178.01776 0.0366 0.0 53.0
1.2686957 181.44586 0.0366 0.0 53.0
1.2686957 178.01776 0.0367 0.0 53.0
2.5373914 181.20245 0.0367 0.0 53.0
2.5373914 181.20245 0.0368 0.0 54.0
4.8946204 183.6915 0.0368 0.0 54.0
2.5373914 181.20245 0.0369 0.0 54.0
3.806087 184.38715 0.0369 0.0 54.0
0.0 174.83307 0.0370 28.0 52.0
0.0 178.26117 0.0370 28.0 52.0
0.0 178.26117 0.0371 0.0 53.0
-1.2686957 181.44586 0.0371 0.0 53.0
0.0 178.26117 0.0372 27.0 53.0
0.0 181.68927 0.0372 27.0 53.0
0.0 181.68927 0.0373 0.0 54.0
1.2686957 184.87396 0.0373 0.0 54.0
0.0 181.68927 0.0374 26.0 54.0
0.0 185.11737 0.0374 26.0 54.0
0.0 185.11737 0.0375 25.0 55.0
1.2686957 188.30206 0.0375 25.0 55.0
1.2686957 188.30206 0.0376 0.0 56.0
1.2686957 191.73016 0.0376 0.0 56.0
1.2686957 188.30206 0.0377 24.0 56.0
2.5373914 191.48676 0.0377 24.0 56.0
2.5373914 191.48676 0.0378 0.0 57.0
4.8946204 193.9758 0.0378 0.0 57.0
2.5373914 191.48676 0.0379 23.0 57.0
3.806087 194.67145 0.0379 23.0 57.0
3.806087 194.67145 0.0380 1.0 58.0
6.163316 197.16049 0.0380 1.0 58.0
6.163316 197.16049 0.0381 0.0 59.0
7.4320116 200.34518 0.0381 0.0 59.0
6.163316 197.16049 0.0382 0.0 59.0
8.520545 199.64954 0.0382 0.0 59.0
8.520545 199.64954 0.0383 0.0 60.0
11.631566 201.08946 0.0383 0.0 60.0
8.520545 199.64954 0.0384 0.0 60.0
10.877774 202.13858 0.0384 0.0 60.0
3.806087 194.67145 0.0385 22.0 58.0
5.074783 197.85614 0.0385 22.0 58.0
5.074783 197.85614 0.0386 0.0 59.0
5.074783 201.28424 0.0386 0.0 59.0
5.074783 197.85614 0.0387 21.0 59.0
6.3434787 201.04083 0.0387 21.0 59.0
6.3434787 201.04083 0.0388 0.0 60.0
8.700707 203.52988 0.0388 0.0 60.0
6.3434787 201.04083 0.0389 20.0 60.0
7.6121745 204.22552 0.0389 20.0 60.0
7.6121745 204.22552 0.0390 1.0 61.0
9.969403 206.71457 0.0390 1.0 61.0
9.969403 206.71457 0.0391 0.0 62.0
11.238099 209.89926 0.0391 0.0 62.0
9.969403 206.71457 0.0392 0.0 62.0
12.3266325 209.20361 0.0392 0.0 62.0
12.3266325 209.20361 0.0393 0.0 63.0
15.437654 210.64354 0.0393 0.0 63.0
12.3266325 209.20361 0.0394 0.0 63.0
14.683862 211.69266 0.0394 0.0 63.0
7.6121745 204.22552 0.0395 19.0 61.0
8.88087 207.41022 0.0395 19.0 61.0
8.88087 207.41022 0.0396 0.0 62.0
8.88087 210.83832 0.0396 0.0 62.0
8.88087 207.41022 0.0397 18.0 62.0
10.149566 210.59491 0.0397 18.0 62.0
10.149566 210.59491 0.0398 0.0 63.0
12.506795 213.08395 0.0398 0.0 63.0
10.149566 210.59491 0.0399 17.0 63.0
11.418262 213.7796 0.0399 17.0 63.0
11.418262 213.7796 0.0400 7.0 64.0
11.418262 217.2077 0.0400 7.0 64.0
11.418262 217.2077 0.0401 0.0 65.0
10.149566 220.3924 0.0401 0.0 65.0
11.418262 217.2077 0.0402 6.0 65.0
11.418262 220.6358 0.0402 6.0 65.0
11.418262 220.6358 0.0403 0.0 66.0
12.686957 223.8205 0.0403 0.0 66.0
11.418262 220.6358 0.0404 5.0 66.0
11.418262 224.0639 0.0404 5.0 66.0
11.418262 224.0639 0.0405 1.0 67.0
12.686957 227.2486 0.0405 1.0 67.0
12.686957 227.2486 0.0406 0.0 68.0
12.686957 230.6767 0.0406 0.0 68.0
12.686957 227.2486 0.0407 0.0 68.0
13.955653 230.43329 0.0407 0.0 68.0
13.955653 230.43329 0.0408 0.0 69.0
16.312881 232.92233 0.0408 0.0 69.0
13.955653 230.43329 0.0409 0.0 69.0
15.224349 233.61798 0.0409 0.0 69.0
11.418262 224.0639 0.0410 4.0 67.0
11.418262 227.492 0.0410 4.0 67.0
11.418262 227.492 0.0411 0.0 68.0
10.149566 230.6767 0.0411 0.0 68.0
11.418262 227.492 0.0412 3.0 68.0
11.418262 230.9201 0.0412 3.0 68.0
11.418262 230.9201 0.0413 0.0 69.0
12.686957 234.1048 0.0413 0.0 69.0
11.418262 230.9201 0.0414 2.0 69.0
11.418262 234.3482 0.0414 2.0 69.0
11.418262 234.3482 0.0415 1.0 70.0
12.686957 237.5329 0.0415 1.0 70.0
12.686957 237.5329 0.0416 0.0 71.0
12.686957 240.961 0.0416 0.0 71.0
12.686957 237.5329 0.0417 0.0 71.0
13.955653 240.71759 0.0417 0.0 71.0
13.955653 240.71759 0.0418 0.0 72.0
16.312881 243.20663 0.0418 0.0 72.0
13.955653 240.71759 0.0419 0.0 72.0
15.224349 243.90228 0.0419 0.0 72.0
11.418262 234.3482 0.0420 1.0 70.0
11.418262 237.7763 0.0420 1.0 70.0
11.418262 237.7763 0.0421 0.0 71.0
10.149566 240.961 0.0421 0.0 71.0
11.418262 237.7763 0.0422 0.0 71.0
11.418262 241.2044 0.0422 0.0 71.0
11.418262 241.2044 0.0423 0.0 72.0
12.686957 244.3891 0.0423 0.0 72.0
11.418262 241.2044 0.0424 0.0 72.0
11.418262 244.6325 0.0424 0.0 72.0
11.418262 213.7796 0.0425 16.0 64.0
12.686957 216.9643 0.0425 16.0 64.0
12.686957 216.9643 0.0426 0.0 65.0
12.686957 220.3924 0.0426 0.0 65.0
12.686957 216.9643 0.0427 15.0 65.0
13.955653 220.14899 0.0427 15.0 65.0
13.955653 220.14899 0.0428 0.0 66.0
16.312881 222.63803 0.0428 0.0 66.0
13.955653 220.14899 0.0429 14.0 66.0
15.224349 223.33368 0.0429 14.0 66.0
15.224349 223.33368 0.0430 1.0 67.0
17.581577 225.82272 0.0430 1.0 67.0
17.581577 225.82272 0.0431 0.0 68.0
18.850273 229.00742 0.0431 0.0 68.0
17.581577 225.82272 0.0432 0.0 68.0
19.938807 228.31177 0.0432 0.0 68.0
19.938807 228.31177 0.0433 0.0 69.0
23.049828 229.7517 0.0433 0.0 69.0
19.938807 228.31177 0.0434 0.0 69.0
22.296036 230.80081 0.0434 0.0 69.0
15.224349 223.33368 0.0435 13.0 67.0
16.493044 226.51837 0.0435 13.0 67.0
16.493044 226.51837 0.0436 0.0 68.0
16.493044 229.94647 0.0436 0.0 68.0
16.493044 226.51837 0.0437 12.0 68.0
17.76174 229.70306 0.0437 12.0 68.0
17.76174 229.70306 0.0438 0.0 69.0
20.118969 232.19211 0.0438 0.0 69.0
17.76174 229.70306 0.0439 11.0 69.0
19.030436 232.88776 0.0439 11.0 69.0
19.030436 232.88776 0.0440 1.0 70.0
21.387665 235.3768 0.0440 1.0 70.0
21.387665 235.3768 0.0441 0.0 71.0
22.65636 238.5615 0.0441 0.0 71.0
21.387665 235.3768 0.0442 0.0 71.0
23.744894 237.86584 0.0442 0.0 71.0
23.744894 237.86584 0.0443 0.0 72.0
26.855915 239.30577 0.0443 0.0 72.0
23.744894 237.86584 0.0444 0.0 72.0
26.102123 240.35489 0.0444 0.0 72.0
19.030436 232.88776 0.0445 10.0 70.0
20.299131 236.07245 0.0445 10.0 70.0
20.299131 236.07245 0.0446 0.0 71.0
20.299131 239.50055 0.0446 0.0 71.0
20.299131 236.07245 0.0447 9.0 71.0
21.567827 239.25714 0.0447 9.0 71.0
21.567827 239.25714 0.0448 0.0 72.0
23.925056 241.74619 0.0448 0.0 72.0
21.567827 239.25714 0.0449 8.0 72.0
22.836523 242.44183 0.0449 8.0 72.0
22.836523 242.44183 0.0450 7.0 73.0
25.193752 244.93088 0.0450 7.0 73.0
25.193752 244.93088 0.0451 0.0 74.0
26.462448 248.11557 0.0451 0.0 74.0
25.193752 244.93088 0.0452 6.0 74.0
27.550982 247.41992 0.0452 6.0 74.0
27.550982 247.41992 0.0453 0.0 75.0
30.662003 248.85985 0.0453 0.0 75.0
27.550982 247.41992 0.0454 5.0 75.0
29.90821 249.90897 0.0454 5.0 75.0
29.90821 249.90897 0.0455 1.0 76.0
33.019234 251.34889 0.0455 1.0 76.0
33.019234 251.34889 0.0456 0.0 77.0
35.37646 253.83794 0.0456 0.0 77.0
33.019234 251.34889 0.0457 0.0 77.0
36.130257 252.78882 0.0457 0.0 77.0
36.130257 252.78882 0.0458 0.0 78.0
39.553288 252.97516 0.0458 0.0 78.0
36.130257 252.78882 0.0459 0.0 78.0
39.24128 254.22874 0.0459 0.0 78.0
29.90821 249.90897 0.0460 4.0 76.0
32.265438 252.39801 0.0460 4.0 76.0
32.265438 252.39801 0.0461 0.0 77.0
33.534134 255.5827 0.0461 0.0 77.0
32.265438 252.39801 0.0462 3.0 77.0
34.622665 254.88705 0.0462 3.0 77.0
34.622665 254.88705 0.0463 0.0 78.0
37.73369 256.327 0.0463 0.0 78.0
34.622665 254.88705 0.0464 2.0 78.0
36.979893 257.3761 0.0464 2.0 78.0
36.979893 257.3761 0.0465 1.0 79.0
40.090916 258.81604 0.0465 1.0 79.0
40.090916 258.81604 0.0466 0.0 80.0
42.448143 261.30508 0.0466 0.0 80.0
40.090916 258.81604 0.0467 0.0 80.0
43.20194 260.25598 0.0467 0.0 80.0
43.20194 260.25598 0.0468 0.0 81.0
46.62497 260.44232 0.0468 0.0 81.0
43.20194 260.25598 0.0469 0.0 81.0
46.31296 261.69592 0.0469 0.0 81.0
36.979893 257.3761 0.0470 1.0 79.0
39.33712 259.86514 0.0470 1.0 79.0
39.33712 259.86514 0.0471 0.0 80.0
40.605816 263.04984 0.0471 0.0 80.0
39.33712 259.86514 0.0472 0.0 80.0
41.694347 262.3542 0.0472 0.0 80.0
41.694347 262.3542 0.0473 0.0 81.0
44.80537 263.79413 0.0473 0.0 81.0
41.694347 262.3542 0.0474 0.0 81.0
44.051575 264.84323 0.0474 0.0 81.0
22.836523 242.44183 0.0475 7.0 73.0
24.105219 245.62653 0.0475 7.0 73.0
24.105219 245.62653 0.0476 0.0 74.0
24.105219 249.05463 0.0476 0.0 74.0
24.105219 245.62653 0.0477 6.0 74.0
25.373915 248.81122 0.0477 6.0 74.0
25.373915 248.81122 0.0478 0.0 75.0
27.731144 251.30026 0.0478 0.0 75.0
25.373915 248.81122 0.0479 5.0 75.0
26.64261 251.99591 0.0479 5.0 75.0
26.64261 251.99591 0.0480 1.0 76.0
28.99984 254.48495 0.0480 1.0 76.0
28.99984 254.48495 0.0481 0.0 77.0
30.268536 257.66965 0.0481 0.0 77.0
28.99984 254.48495 0.0482 0.0 77.0
31.357069 256.974 0.0482 0.0 77.0
31.357069 256.974 0.0483 0.0 78.0
34.46809 258.41394 0.0483 0.0 78.0
31.357069 256.974 0.0484 0.0 78.0
33.7143 259.46304 0.0484 0.0 78.0
26.64261 251.99591 0.0485 4.0 76.0
27.911306 255.1806 0.0485 4.0 76.0
27.911306 255.1806 0.0486 0.0 77.0
27.911306 258.6087 0.0486 0.0 77.0
27.911306 255.1806 0.0487 3.0 77.0
29.180002 258.3653 0.0487 3.0 77.0
29.180002 258.3653 0.0488 0.0 78.0
31.537231 260.85434 0.0488 0.0 78.0
29.180002 258.3653 0.0489 2.0 78.0
30.448698 261.55 0.0489 2.0 78.0
30.448698 261.55 0.0490 1.0 79.0
32.805927 264.03903 0.0490 1.0 79.0
32.805927 264.03903 0.0491 0.0 80.0
34.074623 267.22372 0.0491 0.0 80.0
32.805927 264.03903 0.0492 0.0 80.0
35.163155 266.52808 0.0492 0.0 80.0
35.163155 266.52808 0.0493 0.0 81.0
38.274178 267.96802 0.0493 0.0 81.0
35.163155 266.52808 0.0494 0.0 81.0
37.520382 269.01712 0.0494 0.0 81.0
30.448698 261.55 0.0495 1.0 79.0
31.717394 264.73468 0.0495 1.0 79.0
31.717394 264.73468 0.0496 0.0 80.0
31.717394 268.16278 0.0496 0.0 80.0
31.717394 264.73468 0.0497 0.0 80.0
32.986088 267.91937 0.0497 0.0 80.0
32.986088 267.91937 0.0498 0.0 81.0
35.343315 270.40842 0.0498 0.0 81.0
32.986088 267.91937 0.0499 0.0 81.0
34.254784 271.10406 0.0499 0.0 81.0
0.0 185.11737 0.0500 25.0 55.0
0.0 188.54547 0.0500 25.0 55.0
0.0 188.54547 0.0501 0.0 56.0
-1.2686957 191.73016 0.0501 0.0 56.0
0.0 188.54547 0.0502 24.0 56.0
0.0 191.97357 0.0502 24.0 56.0
0.0 191.97357 0.0503 0.0 57.0
1.2686957 195.15826 0.0503 0.0 57.0
0.0 191.97357 0.0504 23.0 57.0
0.0 195.40167 0.0504 23.0 57.0
0.0 195.40167 0.0505 1.0 58.0
1.2686957 198.58636 0.0505 1.0 58.0
1.2686957 198.58636 0.0506 0.0 59.0
1.2686957 202.01447 0.0506 0.0 59.0
1.2686957 198.58636 0.0507 0.0 59.0
2.5373914 201.77106 0.0507 0.0 59.0
2.5373914 201.77106 0.0508 0.0 60.0
4.8946204 204.2601 0.0508 0.0 60.0
2.5373914 201.77106 0.0509 0.0 60.0
3.806087 204.95575 0.0509 0.0 60.0
0.0 195.40167 0.0510 22.0 58.0
0.0 198.82977 0.0510 22.0 58.0
0.0 198.82977 0.0511 0.0 59.0
-1.2686957 202.01447 0.0511 0.0 59.0
0.0 198.82977 0.0512 21.0 59.0
0.0 202.25787 0.0512 21.0 59.0
0.0 202.25787 0.0513 0.0 60.0
1.2686957 205.44257 0.0513 0.0 60.0
0.0 202.25787 0.0514 20.0 60.0
0.0 205.68597 0.0514 20.0 60.0
0.0 205.68597 0.0515 1.0 61.0
1.2686957 208.87067 0.0515 1.0 61.0
1.2686957 208.87067 0.0516 0.0 62.0
1.2686957 212.29877 0.0516 0.0 62.0
1.2686957 208.87067 0.0517 0.0 62.0
2.5373914 212.05536 0.0517 0.0 62.0
2.5373914 212.05536 0.0518 0.0 63.0
4.8946204 214.5444 0.0518 0.0 63.0
2.5373914 212.05536 0.0519 0.0 63.0
3.806087 215.24005 0.0519 0.0 63.0
0.0 205.68597 0.0520 19.0 61.0
0.0 209.11407 0.0520 19.0 61.0
0.0 209.11407 0.0521 0.0 62.0
-1.2686957 212.29877 0.0521 0.0 62.0
0.0 209.11407 0.0522 18.0 62.0
0.0 212.54218 0.0522 18.0 62.0
0.0 212.54218 0.0523 0.0 63.0
1.2686957 215.72687 0.0523 0.0 63.0
0.0 212.54218 0.0524 17.0 63.0
0.0 215.97028 0.0524 17.0 63.0
0.0 215.97028 0.0525 7.0 64.0
-1.2686957 219.15497 0.0525 7.0 64.0
-1.2686957 219.15497 0.0526 0.0 65.0
-3.6259246 221.64401 0.0526 0.0 65.0
-1.2686957 219.15497 0.0527 6.0 65.0
-2.5373914 222.33966 0.0527 6.0 65.0
-2.5373914 222.33966 0.0528 0.0 66.0
-2.5373914 225.76776 0.0528 0.0 66.0
-2.5373914 222.33966 0.0529 5.0 66.0
-3.806087 225.52435 0.0529 5.0 66.0
-3.806087 225.52435 0.0530 1.0 67.0
-3.806087 228.95245 0.0530 1.0 67.0
-3.806087 228.95245 0.0531 0.0 68.0
-5.074783 232.13715 0.0531 0.0 68.0
-3.806087 228.95245 0.0532 0.0 68.0
-3.806087 232.38055 0.0532 0.0 68.0
-3.806087 232.38055 0.0533 0.0 69.0
-2.5373912 235.56525 0.0533 0.0 69.0
-3.806087 232.38055 0.0534 0.0 69.0
-3.806087 235.80865 0.0534 0.0 69.0
-3.806087 225.52435 0.0535 4.0 67.0
-5.074783 228.70905 0.0535 4.0 67.0
-5.074783 228.70905 0.0536 0.0 68.0
-7.4320116 231.19809 0.0536 0.0 68.0
-5.074783 228.70905 0.0537 3.0 68.0
-6.3434787 231.89374 0.0537 3.0 68.0
-6.3434787 231.89374 0.0538 0.0 69.0
-6.3434787 235.32184 0.0538 0.0 69.0
-6.3434787 231.89374 0.0539 2.0 69.0
-7.6121745 235.07843 0.0539 2.0 69.0
-7.6121745 235.07843 0.0540 1.0 70.0
-7.6121745 238.50653 0.0540 1.0 70.0
-7.6121745 238.50653 0.0541 0.0 71.0
-8.88087 241.69122 0.0541 0.0 71.0
-7.6121745 238.50653 0.0542 0.0 71.0
-7.6121745 241.93463 0.0542 0.0 71.0
-7.6121745 241.93463 0.0543 0.0 72.0
-6.3434787 245.11932 0.0543 0.0 72.0
-7.6121745 241.93463 0.0544 0.0 72.0
-7.6121745 245.36273 0.0544 0.0 72.0
-7.6121745 235.07843 0.0545 1.0 70.0
-8.88087 238.26312 0.0545 1.0 70.0
-8.88087 238.26312 0.0546 0.0 71.0
-11.238099 240.75217 0.0546 0.0 71.0
-8.88087 238.26312 0.0547 0.0 71.0
-10.149566 241.44781 0.0547 0.0 71.0
-10.149566 241.44781 0.0548 0.0 72.0
-10.149566 244.87592 0.0548 0.0 72.0
-10.149566 241.44781 0.0549 0.0 72.0
-11.418262 244.6325 0.0549 0.0 72.0
0.0 215.97028 0.0550 16.0 64.0
0.0 219.39838 0.0550 16.0 64.0
0.0 219.39838 0.0551 0.0 65.0
-1.2686957 222.58307 0.0551 0.0 65.0
0.0 219.39838 0.0552 15.0 65.0
0.0 222.82648 0.0552 15.0 65.0
0.0 222.82648 0.0553 0.0 66.0
1.2686957 226.01117 0.0553 0.0 66.0
0.0 222.82648 0.0554 14.0 66.0
0.0 226.25458 0.0554 14.0 66.0
0.0 226.25458 0.0555 1.0 67.0
1.2686957 229.43927 0.0555 1.0 67.0
1.2686957 229.43927 0.0556 0.0 68.0
1.2686957 232.86737 0.0556 0.0 68.0
1.2686957 229.43927 0.0557 0.0 68.0
2.5373914 232.62396 0.0557 0.0 68.0
2.5373914 232.62396 0.0558 0.0 69.0
4.8946204 235.113 0.0558 0.0 69.0
2.5373914 232.62396 0.0559 0.0 69.0
3.806087 235.80865 0.0559 0.0 69.0
0.0 226.25458 0.0560 13.0 67.0
0.0 229.68268 0.0560 13.0 67.0
0.0 229.68268 0.0561 0.0 68.0
-1.2686957 232.86737 0.0561 0.0 68.0
0.0 229.68268 0.0562 12.0 68.0
0.0 233.11078 0.0562 12.0 68.0
0.0 233.11078 0.0563 0.0 69.0
1.2686957 236.29547 0.0563 0.0 69.0
0.0 233.11078 0.0564 11.0 69.0
0.0 236.53888 0.0564 11.0 69.0
0.0 236.53888 0.0565 1.0 70.0
1.2686957 239.72357 0.0565 1.0 70.0
1.2686957 239.72357 0.0566 0.0 71.0
1.2686957 243.15167 0.0566 0.0 71.0
1.2686957 239.72357 0.0567 0.0 71.0
2.5373914 242.90826 0.0567 0.0 71.0
2.5373914 242.90826 0.0568 0.0 72.0
4.8946204 245.39731 0.0568 0.0 72.0
2.5373914 242.90826 0.0569 0.0 72.0
3.806087 246.09296 0.0569 0.0 72.0
0.0 236.53888 0.0570 10.0 70.0
0.0 239.96698 0.0570 10.0 70.0
0.0 239.96698 0.0571 0.0 71.0
-1.2686957 243.15167 0.0571 0.0 71.0
0.0 239.96698 0.0572 9.0 71.0
0.0 243.39508 0.0572 9.0 71.0
0.0 243.39508 0.0573 0.0 72.0
1.2686957 246.57977 0.0573 0.0 72.0
0.0 243.39508 0.0574 8.0 72.0
0.0 246.82318 0.0574 8.0 72.0
0.0 246.82318 0.0575 7.0 73.0
1.2686957 250.00787 0.0575 7.0 73.0
1.2686957 250.00787 0.0576 0.0 74.0
1.2686957 253.43597 0.0576 0.0 74.0
1.2686957 250.00787 0.0577 6.0 74.0
2.5373914 253.19257 0.0577 6.0 74.0
2.5373914 253.19257 0.0578 0.0 75.0
4.8946204 255.68161 0.0578 0.0 75.0
2.5373914 253.19257 0.0579 5.0 75.0
3.806087 256.37726 0.0579 5.0 75.0
3.806087 256.37726 0.0580 1.0 76.0
6.163316 258.8663 0.0580 1.0 76.0
6.163316 258.8663 0.0581 0.0 77.0
7.4320116 262.051 0.0581 0.0 77.0
6.163316 258.8663 0.0582 0.0 77.0
8.520545 261.35535 0.0582 0.0 77.0
8.520545 261.35535 0.0583 0.0 78.0
11.631566 262.7953 0.0583 0.0 78.0
8.520545 261.35535 0.0584 0.0 78.0
10.877774 263.8444 0.0584 0.0 78.0
3.806087 256.37726 0.0585 4.0 76.0
5.074783 259.56195 0.0585 4.0 76.0
5.074783 259.56195 0.0586 0.0 77.0
5.074783 262.99005 0.0586 0.0 77.0
5.074783 259.56195 0.0587 3.0 77.0
6.3434787 262.74664 0.0587 3.0 77.0
6.3434787 262.74664 0.0588 0.0 78.0
8.700707 265.2357 0.0588 0.0 78.0
6.3434787 262.74664 0.0589 2.0 78.0
7.6121745 265.93134 0.0589 2.0 78.0
7.6121745 265.93134 0.0590 1.0 79.0
9.969403 268.42038 0.0590 1.0 79.0
9.969403 268.42038 0.0591 0.0 80.0
11.238099 271.60507 0.0591 0.0 80.0
9.969403 268.42038 0.0592 0.0 80.0
12.3266325 270.90942 0.0592 0.0 80.0
12.3266325 270.90942 0.0593 0.0 81.0
15.437654 272.34937 0.0593 0.0 81.0
12.3266325 270.90942 0.0594 0.0 81.0
14.683862 273.39847 0.0594 0.0 81.0
7.6121745 265.93134 0.0595 1.0 79.0
8.88087 269.11603 0.0595 1.0 79.0
8.88087 269.11603 0.0596 0.0 80.0
8.88087 272.54413 0.0596 0.0 80.0
8.88087 269.11603 0.0597 0.0 80.0
10.149566 272.30072 0.0597 0.0 80.0
10.149566 272.30072 0.0598 0.0 81.0
12.506795 274.78976 0.0598 0.0 81.0
10.149566 272.30072 0.0599 0.0 81.0
11.418262 275.4854 0.0599 0.0 81.0
0.0 246.82318 0.0600 7.0 73.0
0.0 250.25128 0.0600 7.0 73.0
0.0 250.25128 0.0601 0.0 74.0
-1.2686957 253.43597 0.0601 0.0 74.0
0.0 250.25128 0.0602 6.0 74.0
0.0 253.67938 0.0602 6.0 74.0
0.0 253.67938 0.0603 0.0 75.0
1.2686957 256.86407 0.0603 0.0 75.0
0.0 253.67938 0.0604 5.0 75.0
0.0 257.10748 0.0604 5.0 75.0
0.0 257.10748 0.0605 1.0 76.0
1.2686957 260.29218 0.0605 1.0 76.0
1.2686957 260.29218 0.0606 0.0 77.0
1.2686957 263.72028 0.0606 0.0 77.0
1.2686957 260.29218 0.0607 0.0 77.0
2.5373914 263.47687 0.0607 0.0 77.0
2.5373914 263.47687 0.0608 0.0 78.0
4.8946204 265.9659 0.0608 0.0 78.0
2.5373914 263.47687 0.0609 0.0 78.0
3.806087 266.66156 0.0609 0.0 78.0
0.0 257.10748 0.0610 4.0 76.0
0.0 260.53558 0.0610 4.0 76.0
0.0 260.53558 0.0611 0.0 77.0
-1.2686957 263.72028 0.0611 0.0 77.0
0.0 260.53558 0.0612 3.0 77.0
0.0 263.96368 0.0612 3.0 77.0
0.0 263.96368 0.0613 0.0 78.0
1.2686957 267.14838 0.0613 0.0 78.0
0.0 263.96368 0.0614 2.0 78.0
0.0 267.39178 0.0614 2.0 78.0
0.0 267.39178 0.0615 1.0 79.0
1.2686957 270.57648 0.0615 1.0 79.0
1.2686957 270.57648 0.0616 0.0 80.0
1.2686957 274.00458 0.0616 0.0 80.0
1.2686957 270.57648 0.0617 0.0 80.0
2.5373914 273.76117 0.0617 0.0 80.0
2.5373914 273.76117 0.0618 0.0 81.0
4.8946204 276.2502 0.0618 0.0 81.0
2.5373914 273.76117 0.0619 0.0 81.0
3.806087 276.94586 0.0619 0.0 81.0
0.0 267.39178 0.0620 1.0 79.0
0.0 270.8199 0.0620 1.0 79.0
0.0 270.8199 0.0621 0.0 80.0
-1.2686957 274.00458 0.0621 0.0 80.0
0.0 270.8199 0.0622 0.0 80.0
0.0 274.248 0.0622 0.0 80.0
0.0 274.248 0.0623 0.0 81.0
1.2686957 277.43268 0.0623 0.0 81.0
0.0 274.248 0.0624 0.0 81.0
0.0 277.6761 0.0624 0.0 81.0
