0.0 0.0 0.00 79.0 1.0
0.0 3.5583427 0.00 79.0 1.0
0.0 3.5583427 0.01 0.0 2.0
-1.2349917 6.895497 0.01 0.0 2.0
0.0 3.5583427 0.02 78.0 2.0
0.0 7.1166854 0.02 78.0 2.0
0.0 7.1166854 0.03 0.0 3.0
1.2349917 10.453839 0.03 0.0 3.0
0.0 7.1166854 0.04 77.0 3.0
0.0 10.675028 0.04 77.0 3.0
0.0 10.675028 0.05 1.0 4.0
-1.2349917 14.012182 0.05 1.0 4.0
-1.2349917 14.012182 0.06 0.0 5.0
-3.5514398 16.71327 0.06 0.0 5.0
-1.2349917 14.012182 0.07 0.0 5.0
-2.4699833 17.349337 0.07 0.0 5.0
-2.4699833 17.349337 0.08 0.0 6.0
-2.4699833 20.907679 0.08 0.0 6.0
-2.4699833 17.349337 0.09 0.0 6.0
-3.7049751 20.686491 0.09 0.0 6.0
0.0 10.675028 0.010 76.0 4.0
0.0 14.233371 0.010 76.0 4.0
0.0 14.233371 0.011 0.0 5.0
-1.2349917 17.570524 0.011 0.0 5.0
0.0 14.233371 0.012 75.0 5.0
0.0 17.791714 0.012 75.0 5.0
0.0 17.791714 0.013 0.0 6.0
1.2349917 21.128868 0.013 0.0 6.0
0.0 17.791714 0.014 74.0 6.0
0.0 21.350056 0.014 74.0 6.0
0.0 21.350056 0.015 1.0 7.0
1.2349917 24.68721 0.015 1.0 7.0
1.2349917 24.68721 0.016 0.0 8.0
1.2349917 28.245552 0.016 0.0 8.0
1.2349917 24.68721 0.017 0.0 8.0
2.4699833 28.024364 0.017 0.0 8.0
2.4699833 28.024364 0.018 0.0 9.0
4.7864313 30.725452 0.018 0.0 9.0
2.4699833 28.024364 0.019 0.0 9.0
3.7049751 31.361519 0.019 0.0 9.0
0.0 21.350056 0.020 73.0 7.0
0.0 24.908398 0.020 73.0 7.0
0.0 24.908398 0.021 0.0 8.0
-1.2349917 28.245552 0.021 0.0 8.0
0.0 24.908398 0.022 72.0 8.0
0.0 28.46674 0.022 72.0 8.0
0.0 28.46674 0.023 0.0 9.0
1.2349917 31.803894 0.023 0.0 9.0
0.0 28.46674 0.024 71.0 9.0
0.0 32.02508 0.024 71.0 9.0
0.0 32.02508 0.025 7.0 10.0
-1.2349917 35.362236 0.025 7.0 10.0
-1.2349917 35.362236 0.026 0.0 11.0
-3.5514398 38.063324 0.026 0.0 11.0
-1.2349917 35.362236 0.027 6.0 11.0
-2.4699833 38.69939 0.027 6.0 11.0
-2.4699833 38.69939 0.028 0.0 12.0
-2.4699833 42.257732 0.028 0.0 12.0
-2.4699833 38.69939 0.029 5.0 12.0
-3.7049751 42.036545 0.029 5.0 12.0
-3.7049751 42.036545 0.030 1.0 13.0
-6.0214233 44.737633 0.030 1.0 13.0
-6.0214233 44.737633 0.031 0.0 14.0
-9.131344 46.46685 0.031 0.0 14.0
-6.0214233 44.737633 0.032 0.0 14.0
-8.337872 47.43872 0.032 0.0 14.0
-8.337872 47.43872 0.033 0.0 15.0
-9.572864 50.775875 0.033 0.0 15.0
-8.337872 47.43872 0.034 0.0 15.0
-10.65432 50.13981 0.034 0.0 15.0
-3.7049751 42.036545 0.035 4.0 13.0
-4.9399667 45.3737 0.035 4.0 13.0
-4.9399667 45.3737 0.036 0.0 14.0
-7.2564144 48.074787 0.036 0.0 14.0
-4.9399667 45.3737 0.037 3.0 14.0
-6.174958 48.710854 0.037 3.0 14.0
-6.174958 48.710854 0.038 0.0 15.0
-6.174958 52.269196 0.038 0.0 15.0
-6.174958 48.710854 0.039 2.0 15.0
-7.40995 52.048008 0.039 2.0 15.0
-7.40995 52.048008 0.040 1.0 16.0
-7.40995 55.60635 0.040 1.0 16.0
-7.40995 55.60635 0.041 0.0 17.0
-8.644941 58.943504 0.041 0.0 17.0
-7.40995 55.60635 0.042 0.0 17.0
-7.40995 59.164692 0.042 0.0 17.0
-7.40995 59.164692 0.043 0.0 18.0
-6.174958 62.501846 0.043 0.0 18.0
-7.40995 59.164692 0.044 0.0 18.0
-7.40995 62.723034 0.044 0.0 18.0
-7.40995 52.048008 0.045 1.0 16.0
-8.644941 55.385162 0.045 1.0 16.0
-8.644941 55.385162 0.046 0.0 17.0
-10.96139 58.08625 0.046 0.0 17.0
-8.644941 55.385162 0.047 0.0 17.0
-9.879933 58.722317 0.047 0.0 17.0
-9.879933 58.722317 0.048 0.0 18.0
-9.879933 62.28066 0.048 0.0 18.0
-9.879933 58.722317 0.049 0.0 18.0
-11.114925 62.05947 0.049 0.0 18.0
0.0 32.02508 0.050 70.0 10.0
0.0 35.583424 0.050 70.0 10.0
0.0 35.583424 0.051 0.0 11.0
-1.2349917 38.920578 0.051 0.0 11.0
0.0 35.583424 0.052 69.0 11.0
0.0 39.141766 0.052 69.0 11.0
0.0 39.141766 0.053 0.0 12.0
1.2349917 42.47892 0.053 0.0 12.0
0.0 39.141766 0.054 68.0 12.0
0.0 42.700108 0.054 68.0 12.0
0.0 42.700108 0.055 1.0 13.0
-1.2349917 46.037262 0.055 1.0 13.0
-1.2349917 46.037262 0.056 0.0 14.0
-3.5514398 48.73835 0.056 0.0 14.0
-1.2349917 46.037262 0.057 0.0 14.0
-2.4699833 49.374416 0.057 0.0 14.0
-2.4699833 49.374416 0.058 0.0 15.0
-2.4699833 52.93276 0.058 0.0 15.0
-2.4699833 49.374416 0.059 0.0 15.0
-3.7049751 52.71157 0.059 0.0 15.0
0.0 42.700108 0.060 67.0 13.0
0.0 46.25845 0.060 67.0 13.0
0.0 46.25845 0.061 0.0 14.0
-1.2349917 49.595604 0.061 0.0 14.0
0.0 46.25845 0.062 66.0 14.0
0.0 49.81679 0.062 66.0 14.0
0.0 49.81679 0.063 0.0 15.0
1.2349917 53.153946 0.063 0.0 15.0
0.0 49.81679 0.064 65.0 15.0
0.0 53.375134 0.064 65.0 15.0
0.0 53.375134 0.065 1.0 16.0
1.2349917 56.712288 0.065 1.0 16.0
1.2349917 56.712288 0.066 0.0 17.0
1.2349917 60.27063 0.066 0.0 17.0
1.2349917 56.712288 0.067 0.0 17.0
2.4699833 60.049442 0.067 0.0 17.0
2.4699833 60.049442 0.068 0.0 18.0
4.7864313 62.75053 0.068 0.0 18.0
2.4699833 60.049442 0.069 0.0 18.0
3.7049751 63.386597 0.069 0.0 18.0
0.0 53.375134 0.070 64.0 16.0
0.0 56.933475 0.070 64.0 16.0
0.0 56.933475 0.071 0.0 17.0
-1.2349917 60.27063 0.071 0.0 17.0
0.0 56.933475 0.072 63.0 17.0
0.0 60.491817 0.072 63.0 17.0
0.0 60.491817 0.073 0.0 18.0
1.2349917 63.82897 0.073 0.0 18.0
0.0 60.491817 0.074 62.0 18.0
0.0 64.05016 0.074 62.0 18.0
0.0 64.05016 0.075 7.0 19.0
1.2349917 67.387314 0.075 7.0 19.0
1.2349917 67.387314 0.076 0.0 20.0
1.2349917 70.945656 0.076 0.0 20.0
1.2349917 67.387314 0.077 6.0 20.0
2.4699833 70.724464 0.077 6.0 20.0
2.4699833 70.724464 0.078 0.0 21.0
4.7864313 73.42555 0.078 0.0 21.0
2.4699833 70.724464 0.079 5.0 21.0
3.7049751 74.061615 0.079 5.0 21.0
3.7049751 74.061615 0.080 1.0 22.0
3.7049751 77.61996 0.080 1.0 22.0
3.7049751 77.61996 0.081 0.0 23.0
2.4699836 80.95711 0.081 0.0 23.0
3.7049751 77.61996 0.082 0.0 23.0
3.7049751 81.1783 0.082 0.0 23.0
3.7049751 81.1783 0.083 0.0 24.0
4.9399667 84.51545 0.083 0.0 24.0
3.7049751 81.1783 0.084 0.0 24.0
3.7049751 84.73664 0.084 0.0 24.0
3.7049751 74.061615 0.085 4.0 22.0
4.9399667 77.398766 0.085 4.0 22.0
4.9399667 77.398766 0.086 0.0 23.0
4.9399667 80.95711 0.086 0.0 23.0
4.9399667 77.398766 0.087 3.0 23.0
6.174958 80.735916 0.087 3.0 23.0
6.174958 80.735916 0.088 0.0 24.0
8.491406 83.437004 0.088 0.0 24.0
6.174958 80.735916 0.089 2.0 24.0
7.40995 84.07307 0.089 2.0 24.0
7.40995 84.07307 0.090 1.0 25.0
9.7263975 86.774155 0.090 1.0 25.0
9.7263975 86.774155 0.091 0.0 26.0
10.96139 90.111305 0.091 0.0 26.0
9.7263975 86.774155 0.092 0.0 26.0
12.042846 89.47524 0.092 0.0 26.0
12.042846 89.47524 0.093 0.0 27.0
15.152766 91.20446 0.093 0.0 27.0
12.042846 89.47524 0.094 0.0 27.0
14.359294 92.17633 0.094 0.0 27.0
7.40995 84.07307 0.095 1.0 25.0
8.644941 87.41022 0.095 1.0 25.0
8.644941 87.41022 0.096 0.0 26.0
8.644941 90.96856 0.096 0.0 26.0
8.644941 87.41022 0.097 0.0 26.0
9.879933 90.74737 0.097 0.0 26.0
9.879933 90.74737 0.098 0.0 27.0
12.196382 93.448456 0.098 0.0 27.0
9.879933 90.74737 0.099 0.0 27.0
11.114925 94.08452 0.099 0.0 27.0
0.0 64.05016 0.0100 61.0 19.0
0.0 67.608505 0.0100 61.0 19.0
0.0 67.608505 0.0101 0.0 20.0
-1.2349917 70.945656 0.0101 0.0 20.0
0.0 67.608505 0.0102 60.0 20.0
0.0 71.16685 0.0102 60.0 20.0
0.0 71.16685 0.0103 0.0 21.0
1.2349917 74.504 0.0103 0.0 21.0
0.0 71.16685 0.0104 59.0 21.0
0.0 74.72519 0.0104 59.0 21.0
0.0 74.72519 0.0105 1.0 22.0
-1.2349917 78.06234 0.0105 1.0 22.0
-1.2349917 78.06234 0.0106 0.0 23.0
-3.5514398 80.76343 0.0106 0.0 23.0
-1.2349917 78.06234 0.0107 0.0 23.0
-2.4699833 81.39949 0.0107 0.0 23.0
-2.4699833 81.39949 0.0108 0.0 24.0
-2.4699833 84.95783 0.0108 0.0 24.0
-2.4699833 81.39949 0.0109 0.0 24.0
-3.7049751 84.73664 0.0109 0.0 24.0
0.0 74.72519 0.0110 58.0 22.0
0.0 78.28353 0.0110 58.0 22.0
0.0 78.28353 0.0111 0.0 23.0
-1.2349917 81.62068 0.0111 0.0 23.0
0.0 78.28353 0.0112 57.0 23.0
0.0 81.84187 0.0112 57.0 23.0
0.0 81.84187 0.0113 0.0 24.0
1.2349917 85.17902 0.0113 0.0 24.0
0.0 81.84187 0.0114 56.0 24.0
0.0 85.400215 0.0114 56.0 24.0
0.0 85.400215 0.0115 1.0 25.0
1.2349917 88.737366 0.0115 1.0 25.0
1.2349917 88.737366 0.0116 0.0 26.0
1.2349917 92.29571 0.0116 0.0 26.0
1.2349917 88.737366 0.0117 0.0 26.0
2.4699833 92.07452 0.0117 0.0 26.0
2.4699833 92.07452 0.0118 0.0 27.0
4.7864313 94.775604 0.0118 0.0 27.0
2.4699833 92.07452 0.0119 0.0 27.0
3.7049751 95.41167 0.0119 0.0 27.0
0.0 85.400215 0.0120 55.0 25.0
0.0 88.95856 0.0120 55.0 25.0
0.0 88.95856 0.0121 0.0 26.0
-1.2349917 92.29571 0.0121 0.0 26.0
0.0 88.95856 0.0122 54.0 26.0
0.0 92.5169 0.0122 54.0 26.0
0.0 92.5169 0.0123 0.0 27.0
1.2349917 95.85405 0.0123 0.0 27.0
0.0 92.5169 0.0124 53.0 27.0
0.0 96.07524 0.0124 53.0 27.0
0.0 96.07524 0.0125 25.0 28.0
-1.2349917 99.41239 0.0125 25.0 28.0
-1.2349917 99.41239 0.0126 0.0 29.0
-3.5514398 102.11348 0.0126 0.0 29.0
-1.2349917 99.41239 0.0127 24.0 29.0
-2.4699833 102.74954 0.0127 24.0 29.0
-2.4699833 102.74954 0.0128 0.0 30.0
-2.4699833 106.307884 0.0128 0.0 30.0
-2.4699833 102.74954 0.0129 23.0 30.0
-3.7049751 106.08669 0.0129 23.0 30.0
-3.7049751 106.08669 0.0130 1.0 31.0
-6.0214233 108.78778 0.0130 1.0 31.0
-6.0214233 108.78778 0.0131 0.0 32.0
-9.131344 110.517 0.0131 0.0 32.0
-6.0214233 108.78778 0.0132 0.0 32.0
-8.337872 111.48887 0.0132 0.0 32.0
-8.337872 111.48887 0.0133 0.0 33.0
-9.572864 114.82602 0.0133 0.0 33.0
-8.337872 111.48887 0.0134 0.0 33.0
-10.65432 114.18996 0.0134 0.0 33.0
-3.7049751 106.08669 0.0135 22.0 31.0
-4.9399667 109.42384 0.0135 22.0 31.0
-4.9399667 109.42384 0.0136 0.0 32.0
-7.2564144 112.12493 0.0136 0.0 32.0
-4.9399667 109.42384 0.0137 21.0 32.0
-6.174958 112.760994 0.0137 21.0 32.0
-6.174958 112.760994 0.0138 0.0 33.0
-6.174958 116.319336 0.0138 0.0 33.0
-6.174958 112.760994 0.0139 20.0 33.0
-7.40995 116.098145 0.0139 20.0 33.0
-7.40995 116.098145 0.0140 1.0 34.0
-7.40995 119.65649 0.0140 1.0 34.0
-7.40995 119.65649 0.0141 0.0 35.0
-8.644941 122.99364 0.0141 0.0 35.0
-7.40995 119.65649 0.0142 0.0 35.0
-7.40995 123.21483 0.0142 0.0 35.0
-7.40995 123.21483 0.0143 0.0 36.0
-6.174958 126.55198 0.0143 0.0 36.0
-7.40995 123.21483 0.0144 0.0 36.0
-7.40995 126.77317 0.0144 0.0 36.0
-7.40995 116.098145 0.0145 19.0 34.0
-8.644941 119.435295 0.0145 19.0 34.0
-8.644941 119.435295 0.0146 0.0 35.0
-10.96139 122.13638 0.0146 0.0 35.0
-8.644941 119.435295 0.0147 18.0 35.0
-9.879933 122.772446 0.0147 18.0 35.0
-9.879933 122.772446 0.0148 0.0 36.0
-9.879933 126.33079 0.0148 0.0 36.0
-9.879933 122.772446 0.0149 17.0 36.0
-11.114925 126.1096 0.0149 17.0 36.0
-11.114925 126.1096 0.0150 7.0 37.0
-13.431374 128.81068 0.0150 7.0 37.0
-13.431374 128.81068 0.0151 0.0 38.0
-16.541294 130.5399 0.0151 0.0 38.0
-13.431374 128.81068 0.0152 6.0 38.0
-15.747822 131.51176 0.0152 6.0 38.0
-15.747822 131.51176 0.0153 0.0 39.0
-16.982813 134.84892 0.0153 0.0 39.0
-15.747822 131.51176 0.0154 5.0 39.0
-18.06427 134.21284 0.0154 5.0 39.0
-18.06427 134.21284 0.0155 1.0 40.0
-21.17419 135.94206 0.0155 1.0 40.0
-21.17419 135.94206 0.0156 0.0 41.0
-24.690956 136.48444 0.0156 0.0 41.0
-21.17419 135.94206 0.0157 0.0 41.0
-24.284111 137.67128 0.0157 0.0 41.0
-24.284111 137.67128 0.0158 0.0 42.0
-26.60056 140.37236 0.0158 0.0 42.0
-24.284111 137.67128 0.0159 0.0 42.0
-27.394032 139.4005 0.0159 0.0 42.0
-18.06427 134.21284 0.0160 4.0 40.0
-20.380718 136.91393 0.0160 4.0 40.0
-20.380718 136.91393 0.0161 0.0 41.0
-23.490639 138.64314 0.0161 0.0 41.0
-20.380718 136.91393 0.0162 3.0 41.0
-22.697166 139.615 0.0162 3.0 41.0
-22.697166 139.615 0.0163 0.0 42.0
-23.932158 142.95216 0.0163 0.0 42.0
-22.697166 139.615 0.0164 2.0 42.0
-25.013615 142.31609 0.0164 2.0 42.0
-25.013615 142.31609 0.0165 1.0 43.0
-26.248606 145.65324 0.0165 1.0 43.0
-26.248606 145.65324 0.0166 0.0 44.0
-28.565054 148.35432 0.0166 0.0 44.0
-26.248606 145.65324 0.0167 0.0 44.0
-27.483597 148.9904 0.0167 0.0 44.0
-27.483597 148.9904 0.0168 0.0 45.0
-27.483597 152.54875 0.0168 0.0 45.0
-27.483597 148.9904 0.0169 0.0 45.0
-28.718588 152.32756 0.0169 0.0 45.0
-25.013615 142.31609 0.0170 1.0 43.0
-27.330063 145.01717 0.0170 1.0 43.0
-27.330063 145.01717 0.0171 0.0 44.0
-30.439983 146.74638 0.0171 0.0 44.0
-27.330063 145.01717 0.0172 0.0 44.0
-29.646511 147.71825 0.0172 0.0 44.0
-29.646511 147.71825 0.0173 0.0 45.0
-30.881502 151.0554 0.0173 0.0 45.0
-29.646511 147.71825 0.0174 0.0 45.0
-31.96296 150.41933 0.0174 0.0 45.0
-11.114925 126.1096 0.0175 16.0 37.0
-12.349917 129.44675 0.0175 16.0 37.0
-12.349917 129.44675 0.0176 0.0 38.0
-14.666366 132.14783 0.0176 0.0 38.0
-12.349917 129.44675 0.0177 15.0 38.0
-13.584909 132.7839 0.0177 15.0 38.0
-13.584909 132.7839 0.0178 0.0 39.0
-13.584909 136.34225 0.0178 0.0 39.0
-13.584909 132.7839 0.0179 14.0 39.0
-14.819901 136.12106 0.0179 14.0 39.0
-14.819901 136.12106 0.0180 1.0 40.0
-17.136349 138.82214 0.0180 1.0 40.0
-17.136349 138.82214 0.0181 0.0 41.0
-20.24627 140.55136 0.0181 0.0 41.0
-17.136349 138.82214 0.0182 0.0 41.0
-19.452797 141.52322 0.0182 0.0 41.0
-19.452797 141.52322 0.0183 0.0 42.0
-20.687788 144.86038 0.0183 0.0 42.0
-19.452797 141.52322 0.0184 0.0 42.0
-21.769245 144.2243 0.0184 0.0 42.0
-14.819901 136.12106 0.0185 13.0 40.0
-16.054893 139.45822 0.0185 13.0 40.0
-16.054893 139.45822 0.0186 0.0 41.0
-18.371342 142.1593 0.0186 0.0 41.0
-16.054893 139.45822 0.0187 12.0 41.0
-17.289885 142.79538 0.0187 12.0 41.0
-17.289885 142.79538 0.0188 0.0 42.0
-17.289885 146.35373 0.0188 0.0 42.0
-17.289885 142.79538 0.0189 11.0 42.0
-18.524876 146.13254 0.0189 11.0 42.0
-18.524876 146.13254 0.0190 1.0 43.0
-18.524876 149.69089 0.0190 1.0 43.0
-18.524876 149.69089 0.0191 0.0 44.0
-19.759867 153.02805 0.0191 0.0 44.0
-18.524876 149.69089 0.0192 0.0 44.0
-18.524876 153.24924 0.0192 0.0 44.0
-18.524876 153.24924 0.0193 0.0 45.0
-17.289885 156.5864 0.0193 0.0 45.0
-18.524876 153.24924 0.0194 0.0 45.0
-18.524876 156.80759 0.0194 0.0 45.0
-18.524876 146.13254 0.0195 10.0 43.0
-19.759867 149.4697 0.0195 10.0 43.0
-19.759867 149.4697 0.0196 0.0 44.0
-22.076315 152.17078 0.0196 0.0 44.0
-19.759867 149.4697 0.0197 9.0 44.0
-20.994858 152.80685 0.0197 9.0 44.0
-20.994858 152.80685 0.0198 0.0 45.0
-20.994858 156.3652 0.0198 0.0 45.0
-20.994858 152.80685 0.0199 8.0 45.0
-22.229849 156.14401 0.0199 8.0 45.0
-22.229849 156.14401 0.0200 7.0 46.0
-22.229849 159.70236 0.0200 7.0 46.0
-22.229849 159.70236 0.0201 0.0 47.0
-23.46484 163.03952 0.0201 0.0 47.0
-22.229849 159.70236 0.0202 6.0 47.0
-22.229849 163.26071 0.0202 6.0 47.0
-22.229849 163.26071 0.0203 0.0 48.0
-20.994858 166.59787 0.0203 0.0 48.0
-22.229849 163.26071 0.0204 5.0 48.0
-22.229849 166.81906 0.0204 5.0 48.0
-22.229849 166.81906 0.0205 1.0 49.0
-23.46484 170.15622 0.0205 1.0 49.0
-23.46484 170.15622 0.0206 0.0 50.0
-25.781288 172.8573 0.0206 0.0 50.0
-23.46484 170.15622 0.0207 0.0 50.0
-24.699831 173.49338 0.0207 0.0 50.0
-24.699831 173.49338 0.0208 0.0 51.0
-24.699831 177.05173 0.0208 0.0 51.0
-24.699831 173.49338 0.0209 0.0 51.0
-25.934822 176.83054 0.0209 0.0 51.0
-22.229849 166.81906 0.0210 4.0 49.0
-22.229849 170.37741 0.0210 4.0 49.0
-22.229849 170.37741 0.0211 0.0 50.0
-23.46484 173.71457 0.0211 0.0 50.0
-22.229849 170.37741 0.0212 3.0 50.0
-22.229849 173.93576 0.0212 3.0 50.0
-22.229849 173.93576 0.0213 0.0 51.0
-20.994858 177.27292 0.0213 0.0 51.0
-22.229849 173.93576 0.0214 2.0 51.0
-22.229849 177.49411 0.0214 2.0 51.0
-22.229849 177.49411 0.0215 1.0 52.0
-20.994858 180.83127 0.0215 1.0 52.0
-20.994858 180.83127 0.0216 0.0 53.0
-20.994858 184.38962 0.0216 0.0 53.0
-20.994858 180.83127 0.0217 0.0 53.0
-19.759867 184.16843 0.0217 0.0 53.0
-19.759867 184.16843 0.0218 0.0 54.0
-17.443419 186.8695 0.0218 0.0 54.0
-19.759867 184.16843 0.0219 0.0 54.0
-18.524876 187.50558 0.0219 0.0 54.0
-22.229849 177.49411 0.0220 1.0 52.0
-22.229849 181.05246 0.0220 1.0 52.0
-22.229849 181.05246 0.0221 0.0 53.0
-23.46484 184.38962 0.0221 0.0 53.0
-22.229849 181.05246 0.0222 0.0 53.0
-22.229849 184.61081 0.0222 0.0 53.0
-22.229849 184.61081 0.0223 0.0 54.0
-20.994858 187.94797 0.0223 0.0 54.0
-22.229849 184.61081 0.0224 0.0 54.0
-22.229849 188.16916 0.0224 0.0 54.0
-22.229849 156.14401 0.0225 7.0 46.0
-23.46484 159.48117 0.0225 7.0 46.0
-23.46484 159.48117 0.0226 0.0 47.0
-25.781288 162.18225 0.0226 0.0 47.0
-23.46484 159.48117 0.0227 6.0 47.0
-24.699831 162.81833 0.0227 6.0 47.0
-24.699831 162.81833 0.0228 0.0 48.0
-24.699831 166.37668 0.0228 0.0 48.0
-24.699831 162.81833 0.0229 5.0 48.0
-25.934822 166.15549 0.0229 5.0 48.0
-25.934822 166.15549 0.0230 1.0 49.0
-28.25127 168.85657 0.0230 1.0 49.0
-28.25127 168.85657 0.0231 0.0 50.0
-31.36119 170.58578 0.0231 0.0 50.0
-28.25127 168.85657 0.0232 0.0 50.0
-30.567719 171.55765 0.0232 0.0 50.0
-30.567719 171.55765 0.0233 0.0 51.0
-31.80271 174.8948 0.0233 0.0 51.0
-30.567719 171.55765 0.0234 0.0 51.0
-32.884167 174.25873 0.0234 0.0 51.0
-25.934822 166.15549 0.0235 4.0 49.0
-27.169813 169.49265 0.0235 4.0 49.0
-27.169813 169.49265 0.0236 0.0 50.0
-29.486261 172.19373 0.0236 0.0 50.0
-27.169813 169.49265 0.0237 3.0 50.0
-28.404804 172.8298 0.0237 3.0 50.0
-28.404804 172.8298 0.0238 0.0 51.0
-28.404804 176.38815 0.0238 0.0 51.0
-28.404804 172.8298 0.0239 2.0 51.0
-29.639795 176.16696 0.0239 2.0 51.0
-29.639795 176.16696 0.0240 1.0 52.0
-29.639795 179.72531 0.0240 1.0 52.0
-29.639795 179.72531 0.0241 0.0 53.0
-30.874786 183.06247 0.0241 0.0 53.0
-29.639795 179.72531 0.0242 0.0 53.0
-29.639795 183.28366 0.0242 0.0 53.0
-29.639795 183.28366 0.0243 0.0 54.0
-28.404804 186.62082 0.0243 0.0 54.0
-29.639795 183.28366 0.0244 0.0 54.0
-29.639795 186.84201 0.0244 0.0 54.0
-29.639795 176.16696 0.0245 1.0 52.0
-30.874786 179.50412 0.0245 1.0 52.0
-30.874786 179.50412 0.0246 0.0 53.0
-33.191235 182.2052 0.0246 0.0 53.0
-30.874786 179.50412 0.0247 0.0 53.0
-32.10978 182.84128 0.0247 0.0 53.0
-32.10978 182.84128 0.0248 0.0 54.0
-32.10978 186.39963 0.0248 0.0 54.0
-32.10978 182.84128 0.0249 0.0 54.0
-33.344772 186.17844 0.0249 0.0 54.0
0.0 96.07524 0.0250 52.0 28.0
0.0 99.63358 0.0250 52.0 28.0
0.0 99.63358 0.0251 0.0 29.0
-1.2349917 102.97073 0.0251 0.0 29.0
0.0 99.63358 0.0252 51.0 29.0
0.0 103.191925 0.0252 51.0 29.0
0.0 103.191925 0.0253 0.0 30.0
1.2349917 106.529076 0.0253 0.0 30.0
0.0 103.191925 0.0254 50.0 30.0
0.0 106.75027 0.0254 50.0 30.0
0.0 106.75027 0.0255 1.0 31.0
-1.2349917 110.08742 0.0255 1.0 31.0
-1.2349917 110.08742 0.0256 0.0 32.0
-3.5514398 112.788506 0.0256 0.0 32.0
-1.2349917 110.08742 0.0257 0.0 32.0
-2.4699833 113.42457 0.0257 0.0 32.0
-2.4699833 113.42457 0.0258 0.0 33.0
-2.4699833 116.98291 0.0258 0.0 33.0
-2.4699833 113.42457 0.0259 0.0 33.0
-3.7049751 116.76172 0.0259 0.0 33.0
0.0 106.75027 0.0260 49.0 31.0
0.0 110.30861 0.0260 49.0 31.0
0.0 110.30861 0.0261 0.0 32.0
-1.2349917 113.64576 0.0261 0.0 32.0
0.0 110.30861 0.0262 48.0 32.0
0.0 113.86695 0.0262 48.0 32.0
0.0 113.86695 0.0263 0.0 33.0
1.2349917 117.2041 0.0263 0.0 33.0
0.0 113.86695 0.0264 47.0 33.0
0.0 117.42529 0.0264 47.0 33.0
0.0 117.42529 0.0265 1.0 34.0
1.2349917 120.76244 0.0265 1.0 34.0
1.2349917 120.76244 0.0266 0.0 35.0
1.2349917 124.320786 0.0266 0.0 35.0
1.2349917 120.76244 0.0267 0.0 35.0
2.4699833 124.099594 0.0267 0.0 35.0
2.4699833 124.099594 0.0268 0.0 36.0
4.7864313 126.80068 0.0268 0.0 36.0
2.4699833 124.099594 0.0269 0.0 36.0
3.7049751 127.436745 0.0269 0.0 36.0
0.0 117.42529 0.0270 46.0 34.0
0.0 120.983635 0.0270 46.0 34.0
0.0 120.983635 0.0271 0.0 35.0
-1.2349917 124.320786 0.0271 0.0 35.0
0.0 120.983635 0.0272 45.0 35.0
0.0 124.54198 0.0272 45.0 35.0
0.0 124.54198 0.0273 0.0 36.0
1.2349917 127.87913 0.0273 0.0 36.0
0.0 124.54198 0.0274 44.0 36.0
0.0 128.10033 0.0274 44.0 36.0
0.0 128.10033 0.0275 7.0 37.0
-1.2349917 131.43748 0.0275 7.0 37.0
-1.2349917 131.43748 0.0276 0.0 38.0
-3.5514398 134.13857 0.0276 0.0 38.0
-1.2349917 131.43748 0.0277 6.0 38.0
-2.4699833 134.77464 0.0277 6.0 38.0
-2.4699833 134.77464 0.0278 0.0 39.0
-2.4699833 138.333 0.0278 0.0 39.0
-2.4699833 134.77464 0.0279 5.0 39.0
-3.7049751 138.1118 0.0279 5.0 39.0
-3.7049751 138.1118 0.0280 1.0 40.0
-6.0214233 140.81288 0.0280 1.0 40.0
-6.0214233 140.81288 0.0281 0.0 41.0
-9.131344 142.5421 0.0281 0.0 41.0
-6.0214233 140.81288 0.0282 0.0 41.0
-8.337872 143.51396 0.0282 0.0 41.0
-8.337872 143.51396 0.0283 0.0 42.0
-9.572864 146.85112 0.0283 0.0 42.0
-8.337872 143.51396 0.0284 0.0 42.0
-10.65432 146.21504 0.0284 0.0 42.0
-3.7049751 138.1118 0.0285 4.0 40.0
-4.9399667 141.44896 0.0285 4.0 40.0
-4.9399667 141.44896 0.0286 0.0 41.0
-7.2564144 144.15004 0.0286 0.0 41.0
-4.9399667 141.44896 0.0287 3.0 41.0
-6.174958 144.78612 0.0287 3.0 41.0
-6.174958 144.78612 0.0288 0.0 42.0
-6.174958 148.34447 0.0288 0.0 42.0
-6.174958 144.78612 0.0289 2.0 42.0
-7.40995 148.12328 0.0289 2.0 42.0
-7.40995 148.12328 0.0290 1.0 43.0
-7.40995 151.68163 0.0290 1.0 43.0
-7.40995 151.68163 0.0291 0.0 44.0
-8.644941 155.01878 0.0291 0.0 44.0
-7.40995 151.68163 0.0292 0.0 44.0
-7.40995 155.23997 0.0292 0.0 44.0
-7.40995 155.23997 0.0293 0.0 45.0
-6.174958 158.57713 0.0293 0.0 45.0
-7.40995 155.23997 0.0294 0.0 45.0
-7.40995 158.79832 0.0294 0.0 45.0
-7.40995 148.12328 0.0295 1.0 43.0
-8.644941 151.46043 0.0295 1.0 43.0
-8.644941 151.46043 0.0296 0.0 44.0
-10.96139 154.16151 0.0296 0.0 44.0
-8.644941 151.46043 0.0297 0.0 44.0
-9.879933 154.79759 0.0297 0.0 44.0
-9.879933 154.79759 0.0298 0.0 45.0
-9.879933 158.35594 0.0298 0.0 45.0
-9.879933 154.79759 0.0299 0.0 45.0
-11.114925 158.13475 0.0299 0.0 45.0
0.0 128.10033 0.0300 43.0 37.0
0.0 131.65868 0.0300 43.0 37.0
0.0 131.65868 0.0301 0.0 38.0
-1.2349917 134.99583 0.0301 0.0 38.0
0.0 131.65868 0.0302 42.0 38.0
0.0 135.21703 0.0302 42.0 38.0
0.0 135.21703 0.0303 0.0 39.0
1.2349917 138.55418 0.0303 0.0 39.0
0.0 135.21703 0.0304 41.0 39.0
0.0 138.77538 0.0304 41.0 39.0
0.0 138.77538 0.0305 1.0 40.0
-1.2349917 142.11253 0.0305 1.0 40.0
-1.2349917 142.11253 0.0306 0.0 41.0
-3.5514398 144.81361 0.0306 0.0 41.0
-1.2349917 142.11253 0.0307 0.0 41.0
-2.4699833 145.44969 0.0307 0.0 41.0
-2.4699833 145.44969 0.0308 0.0 42.0
-2.4699833 149.00804 0.0308 0.0 42.0
-2.4699833 145.44969 0.0309 0.0 42.0
-3.7049751 148.78685 0.0309 0.0 42.0
0.0 138.77538 0.0310 40.0 40.0
0.0 142.33372 0.0310 40.0 40.0
0.0 142.33372 0.0311 0.0 41.0
-1.2349917 145.67088 0.0311 0.0 41.0
0.0 142.33372 0.0312 39.0 41.0
0.0 145.89207 0.0312 39.0 41.0
0.0 145.89207 0.0313 0.0 42.0
1.2349917 149.22923 0.0313 0.0 42.0
0.0 145.89207 0.0314 38.0 42.0
0.0 149.45042 0.0314 38.0 42.0
0.0 149.45042 0.0315 1.0 43.0
1.2349917 152.78758 0.0315 1.0 43.0
1.2349917 152.78758 0.0316 0.0 44.0
1.2349917 156.34593 0.0316 0.0 44.0
1.2349917 152.78758 0.0317 0.0 44.0
2.4699833 156.12474 0.0317 0.0 44.0
2.4699833 156.12474 0.0318 0.0 45.0
4.7864313 158.82582 0.0318 0.0 45.0
2.4699833 156.12474 0.0319 0.0 45.0
3.7049751 159.4619 0.0319 0.0 45.0
0.0 149.45042 0.0320 37.0 43.0
0.0 153.00877 0.0320 37.0 43.0
0.0 153.00877 0.0321 0.0 44.0
-1.2349917 156.34593 0.0321 0.0 44.0
0.0 153.00877 0.0322 36.0 44.0
0.0 156.56712 0.0322 36.0 44.0
0.0 156.56712 0.0323 0.0 45.0
1.2349917 159.90428 0.0323 0.0 45.0
0.0 156.56712 0.0324 35.0 45.0
0.0 160.12547 0.0324 35.0 45.0
0.0 160.12547 0.0325 7.0 46.0
1.2349917 163.46263 0.0325 7.0 46.0
1.2349917 163.46263 0.0326 0.0 47.0
1.2349917 167.02098 0.0326 0.0 47.0
1.2349917 163.46263 0.0327 6.0 47.0
2.4699833 166.79979 0.0327 6.0 47.0
2.4699833 166.79979 0.0328 0.0 48.0
4.7864313 169.50087 0.0328 0.0 48.0
2.4699833 166.79979 0.0329 5.0 48.0
3.7049751 170.13695 0.0329 5.0 48.0
3.7049751 170.13695 0.0330 1.0 49.0
3.7049751 173.6953 0.0330 1.0 49.0
3.7049751 173.6953 0.0331 0.0 50.0
2.4699836 177.03246 0.0331 0.0 50.0
3.7049751 173.6953 0.0332 0.0 50.0
3.7049751 177.25365 0.0332 0.0 50.0
3.7049751 177.25365 0.0333 0.0 51.0
4.9399667 180.5908 0.0333 0.0 51.0
3.7049751 177.25365 0.0334 0.0 51.0
3.7049751 180.812 0.0334 0.0 51.0
3.7049751 170.13695 0.0335 4.0 49.0
4.9399667 173.4741 0.0335 4.0 49.0
4.9399667 173.4741 0.0336 0.0 50.0
4.9399667 177.03246 0.0336 0.0 50.0
4.9399667 173.4741 0.0337 3.0 50.0
6.174958 176.81126 0.0337 3.0 50.0
6.174958 176.81126 0.0338 0.0 51.0
8.491406 179.51234 0.0338 0.0 51.0
6.174958 176.81126 0.0339 2.0 51.0
7.40995 180.14842 0.0339 2.0 51.0
7.40995 180.14842 0.0340 1.0 52.0
9.7263975 182.8495 0.0340 1.0 52.0
9.7263975 182.8495 0.0341 0.0 53.0
10.96139 186.18666 0.0341 0.0 53.0
9.7263975 182.8495 0.0342 0.0 53.0
12.042846 185.55058 0.0342 0.0 53.0
12.042846 185.55058 0.0343 0.0 54.0
15.152766 187.2798 0.0343 0.0 54.0
12.042846 185.55058 0.0344 0.0 54.0
14.359294 188.25166 0.0344 0.0 54.0
7.40995 180.14842 0.0345 1.0 52.0
8.644941 183.48558 0.0345 1.0 52.0
8.644941 183.48558 0.0346 0.0 53.0
8.644941 187.04393 0.0346 0.0 53.0
8.644941 183.48558 0.0347 0.0 53.0
9.879933 186.82274 0.0347 0.0 53.0
9.879933 186.82274 0.0348 0.0 54.0
12.196382 189.52382 0.0348 0.0 54.0
9.879933 186.82274 0.0349 0.0 54.0
11.114925 190.1599 0.0349 0.0 54.0
0.0 160.12547 0.0350 34.0 46.0
0.0 163.68382 0.0350 34.0 46.0
0.0 163.68382 0.0351 0.0 47.0
-1.2349917 167.02098 0.0351 0.0 47.0
0.0 163.68382 0.0352 33.0 47.0
0.0 167.24217 0.0352 33.0 47.0
0.0 167.24217 0.0353 0.0 48.0
1.2349917 170.57933 0.0353 0.0 48.0
0.0 167.24217 0.0354 32.0 48.0
0.0 170.80052 0.0354 32.0 48.0
0.0 170.80052 0.0355 1.0 49.0
-1.2349917 174.13768 0.0355 1.0 49.0
-1.2349917 174.13768 0.0356 0.0 50.0
-3.5514398 176.83876 0.0356 0.0 50.0
-1.2349917 174.13768 0.0357 0.0 50.0
-2.4699833 177.47484 0.0357 0.0 50.0
-2.4699833 177.47484 0.0358 0.0 51.0
-2.4699833 181.03319 0.0358 0.0 51.0
-2.4699833 177.47484 0.0359 0.0 51.0
-3.7049751 180.812 0.0359 0.0 51.0
0.0 170.80052 0.0360 31.0 49.0
0.0 174.35887 0.0360 31.0 49.0
0.0 174.35887 0.0361 0.0 50.0
-1.2349917 177.69603 0.0361 0.0 50.0
0.0 174.35887 0.0362 30.0 50.0
0.0 177.91722 0.0362 30.0 50.0
0.0 177.91722 0.0363 0.0 51.0
1.2349917 181.25438 0.0363 0.0 51.0
0.0 177.91722 0.0364 29.0 51.0
0.0 181.47557 0.0364 29.0 51.0
0.0 181.47557 0.0365 1.0 52.0
1.2349917 184.81273 0.0365 1.0 52.0
1.2349917 184.81273 0.0366 0.0 53.0
1.2349917 188.37108 0.0366 0.0 53.0
1.2349917 184.81273 0.0367 0.0 53.0
2.4699833 188.14989 0.0367 0.0 53.0
2.4699833 188.14989 0.0368 0.0 54.0
4.7864313 190.85097 0.0368 0.0 54.0
2.4699833 188.14989 0.0369 0.0 54.0
3.7049751 191.48705 0.0369 0.0 54.0
0.0 181.47557 0.0370 28.0 52.0
0.0 185.03392 0.0370 28.0 52.0
0.0 185.03392 0.0371 0.0 53.0
-1.2349917 188.37108 0.0371 0.0 53.0
0.0 185.03392 0.0372 27.0 53.0
0.0 188.59227 0.0372 27.0 53.0
0.0 188.59227 0.0373 0.0 54.0
1.2349917 191.92943 0.0373 0.0 54.0
0.0 188.59227 0.0374 26.0 54.0
0.0 192.15062 0.0374 26.0 54.0
0.0 192.15062 0.0375 25.0 55.0
1.2349917 195.48778 0.0375 25.0 55.0
1.2349917 195.48778 0.0376 0.0 56.0
1.2349917 199.04613 0.0376 0.0 56.0
1.2349917 195.48778 0.0377 24.0 56.0
2.4699833 198.82494 0.0377 24.0 56.0
2.4699833 198.82494 0.0378 0.0 57.0
4.7864313 201.52602 0.0378 0.0 57.0
2.4699833 198.82494 0.0379 23.0 57.0
3.7049751 202.1621 0.0379 23.0 57.0
3.7049751 202.1621 0.0380 1.0 58.0
3.7049751 205.72044 0.0380 1.0 58.0
3.7049751 205.72044 0.0381 0.0 59.0
2.4699836 209.0576 0.0381 0.0 59.0
3.7049751 205.72044 0.0382 0.0 59.0
3.7049751 209.2788 0.0382 0.0 59.0
3.7049751 209.2788 0.0383 0.0 60.0
4.9399667 212.61595 0.0383 0.0 60.0
3.7049751 209.2788 0.0384 0.0 60.0
3.7049751 212.83714 0.0384 0.0 60.0
3.7049751 202.1621 0.0385 22.0 58.0
4.9399667 205.49925 0.0385 22.0 58.0
4.9399667 205.49925 0.0386 0.0 59.0
4.9399667 209.0576 0.0386 0.0 59.0
4.9399667 205.49925 0.0387 21.0 59.0
6.174958 208.83641 0.0387 21.0 59.0
6.174958 208.83641 0.0388 0.0 60.0
8.491406 211.53749 0.0388 0.0 60.0
6.174958 208.83641 0.0389 20.0 60.0
7.40995 212.17357 0.0389 20.0 60.0
7.40995 212.17357 0.0390 1.0 61.0
9.7263975 214.87465 0.0390 1.0 61.0
9.7263975 214.87465 0.0391 0.0 62.0
10.96139 218.2118 0.0391 0.0 62.0
9.7263975 214.87465 0.0392 0.0 62.0
12.042846 217.57573 0.0392 0.0 62.0
12.042846 217.57573 0.0393 0.0 63.0
15.152766 219.30495 0.0393 0.0 63.0
12.042846 217.57573 0.0394 0.0 63.0
14.359294 220.27681 0.0394 0.0 63.0
7.40995 212.17357 0.0395 19.0 61.0
8.644941 215.51073 0.0395 19.0 61.0
8.644941 215.51073 0.0396 0.0 62.0
8.644941 219.06908 0.0396 0.0 62.0
8.644941 215.51073 0.0397 18.0 62.0
9.879933 218.84789 0.0397 18.0 62.0
9.879933 218.84789 0.0398 0.0 63.0
12.196382 221.54897 0.0398 0.0 63.0
9.879933 218.84789 0.0399 17.0 63.0
11.114925 222.18504 0.0399 17.0 63.0
11.114925 222.18504 0.0400 7.0 64.0
11.114925 225.7434 0.0400 7.0 64.0
11.114925 225.7434 0.0401 0.0 65.0
9.879933 229.08055 0.0401 0.0 65.0
11.114925 225.7434 0.0402 6.0 65.0
11.114925 229.30174 0.0402 6.0 65.0
11.114925 229.30174 0.0403 0.0 66.0
12.349917 232.6389 0.0403 0.0 66.0
11.114925 229.30174 0.0404 5.0 66.0
11.114925 232.86009 0.0404 5.0 66.0
11.114925 232.86009 0.0405 1.0 67.0
9.879933 236.19725 0.0405 1.0 67.0
9.879933 236.19725 0.0406 0.0 68.0
7.563485 238.89833 0.0406 0.0 68.0
9.879933 236.19725 0.0407 0.0 68.0
8.644941 239.53441 0.0407 0.0 68.0
8.644941 239.53441 0.0408 0.0 69.0
8.644941 243.09276 0.0408 0.0 69.0
8.644941 239.53441 0.0409 0.0 69.0
7.40995 242.87157 0.0409 0.0 69.0
11.114925 232.86009 0.0410 4.0 67.0
11.114925 236.41844 0.0410 4.0 67.0
11.114925 236.41844 0.0411 0.0 68.0
9.879933 239.7556 0.0411 0.0 68.0
11.114925 236.41844 0.0412 3.0 68.0
11.114925 239.97679 0.0412 3.0 68.0
11.114925 239.97679 0.0413 0.0 69.0
12.349917 243.31395 0.0413 0.0 69.0
11.114925 239.97679 0.0414 2.0 69.0
11.114925 243.53514 0.0414 2.0 69.0
11.114925 243.53514 0.0415 1.0 70.0
12.349917 246.8723 0.0415 1.0 70.0
12.349917 246.8723 0.0416 0.0 71.0
12.349917 250.43065 0.0416 0.0 71.0
12.349917 246.8723 0.0417 0.0 71.0
13.584909 250.20946 0.0417 0.0 71.0
13.584909 250.20946 0.0418 0.0 72.0
15.901358 252.91054 0.0418 0.0 72.0
13.584909 250.20946 0.0419 0.0 72.0
14.819901 253.54662 0.0419 0.0 72.0
11.114925 243.53514 0.0420 1.0 70.0
11.114925 247.09349 0.0420 1.0 70.0
11.114925 247.09349 0.0421 0.0 71.0
9.879933 250.43065 0.0421 0.0 71.0
11.114925 247.09349 0.0422 0.0 71.0
11.114925 250.65184 0.0422 0.0 71.0
11.114925 250.65184 0.0423 0.0 72.0
12.349917 253.989 0.0423 0.0 72.0
11.114925 250.65184 0.0424 0.0 72.0
11.114925 254.21019 0.0424 0.0 72.0
11.114925 222.18504 0.0425 16.0 64.0
12.349917 225.5222 0.0425 16.0 64.0
12.349917 225.5222 0.0426 0.0 65.0
12.349917 229.08055 0.0426 0.0 65.0
12.349917 225.5222 0.0427 15.0 65.0
13.584909 228.85936 0.0427 15.0 65.0
13.584909 228.85936 0.0428 0.0 66.0
15.901358 231.56044 0.0428 0.0 66.0
13.584909 228.85936 0.0429 14.0 66.0
14.819901 232.19652 0.0429 14.0 66.0
14.819901 232.19652 0.0430 1.0 67.0
14.819901 235.75487 0.0430 1.0 67.0
14.819901 235.75487 0.0431 0.0 68.0
13.584909 239.09203 0.0431 0.0 68.0
14.819901 235.75487 0.0432 0.0 68.0
14.819901 239.31322 0.0432 0.0 68.0
14.819901 239.31322 0.0433 0.0 69.0
16.054893 242.65038 0.0433 0.0 69.0
14.819901 239.31322 0.0434 0.0 69.0
14.819901 242.87157 0.0434 0.0 69.0
14.819901 232.19652 0.0435 13.0 67.0
16.054893 235.53368 0.0435 13.0 67.0
16.054893 235.53368 0.0436 0.0 68.0
16.054893 239.09203 0.0436 0.0 68.0
16.054893 235.53368 0.0437 12.0 68.0
17.289885 238.87083 0.0437 12.0 68.0
17.289885 238.87083 0.0438 0.0 69.0
19.606333 241.57191 0.0438 0.0 69.0
17.289885 238.87083 0.0439 11.0 69.0
18.524876 242.208 0.0439 11.0 69.0
18.524876 242.208 0.0440 1.0 70.0
20.841324 244.90907 0.0440 1.0 70.0
20.841324 244.90907 0.0441 0.0 71.0
22.076315 248.24623 0.0441 0.0 71.0
20.841324 244.90907 0.0442 0.0 71.0
23.157772 247.61015 0.0442 0.0 71.0
23.157772 247.61015 0.0443 0.0 72.0
26.267693 249.33937 0.0443 0.0 72.0
23.157772 247.61015 0.0444 0.0 72.0
25.47422 250.31123 0.0444 0.0 72.0
18.524876 242.208 0.0445 10.0 70.0
19.759867 245.54515 0.0445 10.0 70.0
19.759867 245.54515 0.0446 0.0 71.0
19.759867 249.1035 0.0446 0.0 71.0
19.759867 245.54515 0.0447 9.0 71.0
20.994858 248.88231 0.0447 9.0 71.0
20.994858 248.88231 0.0448 0.0 72.0
23.311306 251.58339 0.0448 0.0 72.0
20.994858 248.88231 0.0449 8.0 72.0
22.229849 252.21947 0.0449 8.0 72.0
22.229849 252.21947 0.0450 7.0 73.0
24.546297 254.92055 0.0450 7.0 73.0
24.546297 254.92055 0.0451 0.0 74.0
25.781288 258.2577 0.0451 0.0 74.0
24.546297 254.92055 0.0452 6.0 74.0
26.862745 257.62164 0.0452 6.0 74.0
26.862745 257.62164 0.0453 0.0 75.0
29.972666 259.35086 0.0453 0.0 75.0
26.862745 257.62164 0.0454 5.0 75.0
29.179193 260.32272 0.0454 5.0 75.0
29.179193 260.32272 0.0455 1.0 76.0
30.414185 263.65988 0.0455 1.0 76.0
30.414185 263.65988 0.0456 0.0 77.0
30.414185 267.21823 0.0456 0.0 77.0
30.414185 263.65988 0.0457 0.0 77.0
31.649176 266.99704 0.0457 0.0 77.0
31.649176 266.99704 0.0458 0.0 78.0
33.965622 269.69812 0.0458 0.0 78.0
31.649176 266.99704 0.0459 0.0 78.0
32.884167 270.3342 0.0459 0.0 78.0
29.179193 260.32272 0.0460 4.0 76.0
31.495642 263.0238 0.0460 4.0 76.0
31.495642 263.0238 0.0461 0.0 77.0
32.730633 266.36096 0.0461 0.0 77.0
31.495642 263.0238 0.0462 3.0 77.0
33.812088 265.72488 0.0462 3.0 77.0
33.812088 265.72488 0.0463 0.0 78.0
36.92201 267.4541 0.0463 0.0 78.0
33.812088 265.72488 0.0464 2.0 78.0
36.128536 268.42596 0.0464 2.0 78.0
36.128536 268.42596 0.0465 1.0 79.0
39.238457 270.15518 0.0465 1.0 79.0
39.238457 270.15518 0.0466 0.0 80.0
41.554905 272.85626 0.0466 0.0 80.0
39.238457 270.15518 0.0467 0.0 80.0
42.348377 271.8844 0.0467 0.0 80.0
42.348377 271.8844 0.0468 0.0 81.0
45.865143 272.42676 0.0468 0.0 81.0
42.348377 271.8844 0.0469 0.0 81.0
45.458298 273.61362 0.0469 0.0 81.0
36.128536 268.42596 0.0470 1.0 79.0
38.444984 271.12704 0.0470 1.0 79.0
38.444984 271.12704 0.0471 0.0 80.0
39.679977 274.4642 0.0471 0.0 80.0
38.444984 271.12704 0.0472 0.0 80.0
40.761433 273.82812 0.0472 0.0 80.0
40.761433 273.82812 0.0473 0.0 81.0
43.871353 275.55734 0.0473 0.0 81.0
40.761433 273.82812 0.0474 0.0 81.0
43.07788 276.5292 0.0474 0.0 81.0
22.229849 252.21947 0.0475 7.0 73.0
23.46484 255.55663 0.0475 7.0 73.0
23.46484 255.55663 0.0476 0.0 74.0
23.46484 259.11496 0.0476 0.0 74.0
23.46484 255.55663 0.0477 6.0 74.0
24.699831 258.89377 0.0477 6.0 74.0
24.699831 258.89377 0.0478 0.0 75.0
27.01628 261.59485 0.0478 0.0 75.0
24.699831 258.89377 0.0479 5.0 75.0
25.934822 262.23093 0.0479 5.0 75.0
25.934822 262.23093 0.0480 1.0 76.0
25.934822 265.78928 0.0480 1.0 76.0
25.934822 265.78928 0.0481 0.0 77.0
24.699831 269.12643 0.0481 0.0 77.0
25.934822 265.78928 0.0482 0.0 77.0
25.934822 269.34763 0.0482 0.0 77.0
25.934822 269.34763 0.0483 0.0 78.0
27.169813 272.68478 0.0483 0.0 78.0
25.934822 269.34763 0.0484 0.0 78.0
25.934822 272.90598 0.0484 0.0 78.0
25.934822 262.23093 0.0485 4.0 76.0
27.169813 265.56808 0.0485 4.0 76.0
27.169813 265.56808 0.0486 0.0 77.0
27.169813 269.12643 0.0486 0.0 77.0
27.169813 265.56808 0.0487 3.0 77.0
28.404804 268.90524 0.0487 3.0 77.0
28.404804 268.90524 0.0488 0.0 78.0
30.721252 271.60632 0.0488 0.0 78.0
28.404804 268.90524 0.0489 2.0 78.0
29.639795 272.2424 0.0489 2.0 78.0
29.639795 272.2424 0.0490 1.0 79.0
31.956244 274.94348 0.0490 1.0 79.0
31.956244 274.94348 0.0491 0.0 80.0
33.191235 278.28064 0.0491 0.0 80.0
31.956244 274.94348 0.0492 0.0 80.0
34.27269 277.64456 0.0492 0.0 80.0
34.27269 277.64456 0.0493 0.0 81.0
37.38261 279.37378 0.0493 0.0 81.0
34.27269 277.64456 0.0494 0.0 81.0
36.589138 280.34564 0.0494 0.0 81.0
29.639795 272.2424 0.0495 1.0 79.0
30.874786 275.57956 0.0495 1.0 79.0
30.874786 275.57956 0.0496 0.0 80.0
30.874786 279.1379 0.0496 0.0 80.0
30.874786 275.57956 0.0497 0.0 80.0
32.10978 278.91672 0.0497 0.0 80.0
32.10978 278.91672 0.0498 0.0 81.0
34.426228 281.6178 0.0498 0.0 81.0
32.10978 278.91672 0.0499 0.0 81.0
33.344772 282.25388 0.0499 0.0 81.0
0.0 192.15062 0.0500 25.0 55.0
0.0 195.70897 0.0500 25.0 55.0
0.0 195.70897 0.0501 0.0 56.0
-1.2349917 199.04613 0.0501 0.0 56.0
0.0 195.70897 0.0502 24.0 56.0
0.0 199.26732 0.0502 24.0 56.0
0.0 199.26732 0.0503 0.0 57.0
1.2349917 202.60448 0.0503 0.0 57.0
0.0 199.26732 0.0504 23.0 57.0
0.0 202.82567 0.0504 23.0 57.0
0.0 202.82567 0.0505 1.0 58.0
-1.2349917 206.16283 0.0505 1.0 58.0
-1.2349917 206.16283 0.0506 0.0 59.0
-3.5514398 208.8639 0.0506 0.0 59.0
-1.2349917 206.16283 0.0507 0.0 59.0
-2.4699833 209.49998 0.0507 0.0 59.0
-2.4699833 209.49998 0.0508 0.0 60.0
-2.4699833 213.05833 0.0508 0.0 60.0
-2.4699833 209.49998 0.0509 0.0 60.0
-3.7049751 212.83714 0.0509 0.0 60.0
0.0 202.82567 0.0510 22.0 58.0
0.0 206.38402 0.0510 22.0 58.0
0.0 206.38402 0.0511 0.0 59.0
-1.2349917 209.72118 0.0511 0.0 59.0
0.0 206.38402 0.0512 21.0 59.0
0.0 209.94237 0.0512 21.0 59.0
0.0 209.94237 0.0513 0.0 60.0
1.2349917 213.27953 0.0513 0.0 60.0
0.0 209.94237 0.0514 20.0 60.0
0.0 213.50072 0.0514 20.0 60.0
0.0 213.50072 0.0515 1.0 61.0
1.2349917 216.83788 0.0515 1.0 61.0
1.2349917 216.83788 0.0516 0.0 62.0
1.2349917 220.39622 0.0516 0.0 62.0
1.2349917 216.83788 0.0517 0.0 62.0
2.4699833 220.17503 0.0517 0.0 62.0
2.4699833 220.17503 0.0518 0.0 63.0
4.7864313 222.87611 0.0518 0.0 63.0
2.4699833 220.17503 0.0519 0.0 63.0
3.7049751 223.51219 0.0519 0.0 63.0
0.0 213.50072 0.0520 19.0 61.0
0.0 217.05907 0.0520 19.0 61.0
0.0 217.05907 0.0521 0.0 62.0
-1.2349917 220.39622 0.0521 0.0 62.0
0.0 217.05907 0.0522 18.0 62.0
0.0 220.61742 0.0522 18.0 62.0
0.0 220.61742 0.0523 0.0 63.0
1.2349917 223.95457 0.0523 0.0 63.0
0.0 220.61742 0.0524 17.0 63.0
0.0 224.17577 0.0524 17.0 63.0
0.0 224.17577 0.0525 7.0 64.0
-1.2349917 227.51292 0.0525 7.0 64.0
-1.2349917 227.51292 0.0526 0.0 65.0
-3.5514398 230.214 0.0526 0.0 65.0
-1.2349917 227.51292 0.0527 6.0 65.0
-2.4699833 230.85008 0.0527 6.0 65.0
-2.4699833 230.85008 0.0528 0.0 66.0
-2.4699833 234.40843 0.0528 0.0 66.0
-2.4699833 230.85008 0.0529 5.0 66.0
-3.7049751 234.18724 0.0529 5.0 66.0
-3.7049751 234.18724 0.0530 1.0 67.0
-6.0214233 236.88832 0.0530 1.0 67.0
-6.0214233 236.88832 0.0531 0.0 68.0
-9.131344 238.61754 0.0531 0.0 68.0
-6.0214233 236.88832 0.0532 0.0 68.0
-8.337872 239.5894 0.0532 0.0 68.0
-8.337872 239.5894 0.0533 0.0 69.0
-9.572864 242.92656 0.0533 0.0 69.0
-8.337872 239.5894 0.0534 0.0 69.0
-10.65432 242.29048 0.0534 0.0 69.0
-3.7049751 234.18724 0.0535 4.0 67.0
-4.9399667 237.5244 0.0535 4.0 67.0
-4.9399667 237.5244 0.0536 0.0 68.0
-7.2564144 240.22548 0.0536 0.0 68.0
-4.9399667 237.5244 0.0537 3.0 68.0
-6.174958 240.86156 0.0537 3.0 68.0
-6.174958 240.86156 0.0538 0.0 69.0
-6.174958 244.4199 0.0538 0.0 69.0
-6.174958 240.86156 0.0539 2.0 69.0
-7.40995 244.19872 0.0539 2.0 69.0
-7.40995 244.19872 0.0540 1.0 70.0
-7.40995 247.75706 0.0540 1.0 70.0
-7.40995 247.75706 0.0541 0.0 71.0
-8.644941 251.09422 0.0541 0.0 71.0
-7.40995 247.75706 0.0542 0.0 71.0
-7.40995 251.31541 0.0542 0.0 71.0
-7.40995 251.31541 0.0543 0.0 72.0
-6.174958 254.65257 0.0543 0.0 72.0
-7.40995 251.31541 0.0544 0.0 72.0
-7.40995 254.87376 0.0544 0.0 72.0
-7.40995 244.19872 0.0545 1.0 70.0
-8.644941 247.53587 0.0545 1.0 70.0
-8.644941 247.53587 0.0546 0.0 71.0
-10.96139 250.23695 0.0546 0.0 71.0
-8.644941 247.53587 0.0547 0.0 71.0
-9.879933 250.87303 0.0547 0.0 71.0
-9.879933 250.87303 0.0548 0.0 72.0
-9.879933 254.43138 0.0548 0.0 72.0
-9.879933 250.87303 0.0549 0.0 72.0
-11.114925 254.21019 0.0549 0.0 72.0
0.0 224.17577 0.0550 16.0 64.0
0.0 227.73412 0.0550 16.0 64.0
0.0 227.73412 0.0551 0.0 65.0
-1.2349917 231.07127 0.0551 0.0 65.0
0.0 227.73412 0.0552 15.0 65.0
0.0 231.29247 0.0552 15.0 65.0
0.0 231.29247 0.0553 0.0 66.0
1.2349917 234.62962 0.0553 0.0 66.0
0.0 231.29247 0.0554 14.0 66.0
0.0 234.85081 0.0554 14.0 66.0
0.0 234.85081 0.0555 1.0 67.0
-1.2349917 238.18797 0.0555 1.0 67.0
-1.2349917 238.18797 0.0556 0.0 68.0
-3.5514398 240.88905 0.0556 0.0 68.0
-1.2349917 238.18797 0.0557 0.0 68.0
-2.4699833 241.52513 0.0557 0.0 68.0
-2.4699833 241.52513 0.0558 0.0 69.0
-2.4699833 245.08348 0.0558 0.0 69.0
-2.4699833 241.52513 0.0559 0.0 69.0
-3.7049751 244.86229 0.0559 0.0 69.0
0.0 234.85081 0.0560 13.0 67.0
0.0 238.40916 0.0560 13.0 67.0
0.0 238.40916 0.0561 0.0 68.0
-1.2349917 241.74632 0.0561 0.0 68.0
0.0 238.40916 0.0562 12.0 68.0
0.0 241.96751 0.0562 12.0 68.0
0.0 241.96751 0.0563 0.0 69.0
1.2349917 245.30467 0.0563 0.0 69.0
0.0 241.96751 0.0564 11.0 69.0
0.0 245.52586 0.0564 11.0 69.0
0.0 245.52586 0.0565 1.0 70.0
1.2349917 248.86302 0.0565 1.0 70.0
1.2349917 248.86302 0.0566 0.0 71.0
1.2349917 252.42137 0.0566 0.0 71.0
1.2349917 248.86302 0.0567 0.0 71.0
2.4699833 252.20018 0.0567 0.0 71.0
2.4699833 252.20018 0.0568 0.0 72.0
4.7864313 254.90126 0.0568 0.0 72.0
2.4699833 252.20018 0.0569 0.0 72.0
3.7049751 255.53734 0.0569 0.0 72.0
0.0 245.52586 0.0570 10.0 70.0
0.0 249.08421 0.0570 10.0 70.0
0.0 249.08421 0.0571 0.0 71.0
-1.2349917 252.42137 0.0571 0.0 71.0
0.0 249.08421 0.0572 9.0 71.0
0.0 252.64256 0.0572 9.0 71.0
0.0 252.64256 0.0573 0.0 72.0
1.2349917 255.97972 0.0573 0.0 72.0
0.0 252.64256 0.0574 8.0 72.0
0.0 256.2009 0.0574 8.0 72.0
0.0 256.2009 0.0575 7.0 73.0
1.2349917 259.53806 0.0575 7.0 73.0
1.2349917 259.53806 0.0576 0.0 74.0
1.2349917 263.0964 0.0576 0.0 74.0
1.2349917 259.53806 0.0577 6.0 74.0
2.4699833 262.8752 0.0577 6.0 74.0
2.4699833 262.8752 0.0578 0.0 75.0
4.7864313 265.5763 0.0578 0.0 75.0
2.4699833 262.8752 0.0579 5.0 75.0
3.7049751 266.21237 0.0579 5.0 75.0
3.7049751 266.21237 0.0580 1.0 76.0
3.7049751 269.77072 0.0580 1.0 76.0
3.7049751 269.77072 0.0581 0.0 77.0
2.4699836 273.10788 0.0581 0.0 77.0
3.7049751 269.77072 0.0582 0.0 77.0
3.7049751 273.32907 0.0582 0.0 77.0
3.7049751 273.32907 0.0583 0.0 78.0
4.9399667 276.66623 0.0583 0.0 78.0
3.7049751 273.32907 0.0584 0.0 78.0
3.7049751 276.88742 0.0584 0.0 78.0
3.7049751 266.21237 0.0585 4.0 76.0
4.9399667 269.54953 0.0585 4.0 76.0
4.9399667 269.54953 0.0586 0.0 77.0
4.9399667 273.10788 0.0586 0.0 77.0
4.9399667 269.54953 0.0587 3.0 77.0
6.174958 272.8867 0.0587 3.0 77.0
6.174958 272.8867 0.0588 0.0 78.0
8.491406 275.58777 0.0588 0.0 78.0
6.174958 272.8867 0.0589 2.0 78.0
7.40995 276.22385 0.0589 2.0 78.0
7.40995 276.22385 0.0590 1.0 79.0
9.7263975 278.92493 0.0590 1.0 79.0
9.7263975 278.92493 0.0591 0.0 80.0
10.96139 282.2621 0.0591 0.0 80.0
9.7263975 278.92493 0.0592 0.0 80.0
12.042846 281.626 0.0592 0.0 80.0
12.042846 281.626 0.0593 0.0 81.0
15.152766 283.35522 0.0593 0.0 81.0
12.042846 281.626 0.0594 0.0 81.0
14.359294 284.3271 0.0594 0.0 81.0
7.40995 276.22385 0.0595 1.0 79.0
8.644941 279.561 0.0595 1.0 79.0
8.644941 279.561 0.0596 0.0 80.0
8.644941 283.11935 0.0596 0.0 80.0
8.644941 279.561 0.0597 0.0 80.0
9.879933 282.89816 0.0597 0.0 80.0
9.879933 282.89816 0.0598 0.0 81.0
12.196382 285.59924 0.0598 0.0 81.0
9.879933 282.89816 0.0599 0.0 81.0
11.114925 286.23532 0.0599 0.0 81.0
0.0 256.2009 0.0600 7.0 73.0
0.0 259.75925 0.0600 7.0 73.0
0.0 259.75925 0.0601 0.0 74.0
-1.2349917 263.0964 0.0601 0.0 74.0
0.0 259.75925 0.0602 6.0 74.0
0.0 263.3176 0.0602 6.0 74.0
0.0 263.3176 0.0603 0.0 75.0
1.2349917 266.65475 0.0603 0.0 75.0
0.0 263.3176 0.0604 5.0 75.0
0.0 266.87595 0.0604 5.0 75.0
0.0 266.87595 0.0605 1.0 76.0
-1.2349917 270.2131 0.0605 1.0 76.0
-1.2349917 270.2131 0.0606 0.0 77.0
-3.5514398 272.91418 0.0606 0.0 77.0
-1.2349917 270.2131 0.0607 0.0 77.0
-2.4699833 273.55026 0.0607 0.0 77.0
-2.4699833 273.55026 0.0608 0.0 78.0
-2.4699833 277.1086 0.0608 0.0 78.0
-2.4699833 273.55026 0.0609 0.0 78.0
-3.7049751 276.88742 0.0609 0.0 78.0
0.0 266.87595 0.0610 4.0 76.0
0.0 270.4343 0.0610 4.0 76.0
0.0 270.4343 0.0611 0.0 77.0
-1.2349917 273.77145 0.0611 0.0 77.0
0.0 270.4343 0.0612 3.0 77.0
0.0 273.99265 0.0612 3.0 77.0
0.0 273.99265 0.0613 0.0 78.0
1.2349917 277.3298 0.0613 0.0 78.0
0.0 273.99265 0.0614 2.0 78.0
0.0 277.551 0.0614 2.0 78.0
0.0 277.551 0.0615 1.0 79.0
1.2349917 280.88815 0.0615 1.0 79.0
1.2349917 280.88815 0.0616 0.0 80.0
1.2349917 284.4465 0.0616 0.0 80.0
1.2349917 280.88815 0.0617 0.0 80.0
2.4699833 284.2253 0.0617 0.0 80.0
2.4699833 284.2253 0.0618 0.0 81.0
4.7864313 286.9264 0.0618 0.0 81.0
2.4699833 284.2253 0.0619 0.0 81.0
3.7049751 287.56247 0.0619 0.0 81.0
0.0 277.551 0.0620 1.0 79.0
0.0 281.10934 0.0620 1.0 79.0
0.0 281.10934 0.0621 0.0 80.0
-1.2349917 284.4465 0.0621 0.0 80.0
0.0 281.10934 0.0622 0.0 80.0
0.0 284.6677 0.0622 0.0 80.0
0.0 284.6677 0.0623 0.0 81.0
1.2349917 288.00485 0.0623 0.0 81.0
0.0 284.6677 0.0624 0.0 81.0
0.0 288.22604 0.0624 0.0 81.0
