0.0 0.0 0.00 28.0 1.0
0.0 0.45320758 0.00 28.0 1.0
0.0 0.45320758 0.01 27.0 2.0
0.0 0.90641516 0.01 27.0 2.0
0.0 0.90641516 0.02 26.0 3.0
0.0 1.3596227 0.02 26.0 3.0
0.0 1.3596227 0.03 25.0 4.0
0.0 1.8128303 0.03 25.0 4.0
0.0 1.8128303 0.04 24.0 5.0
0.0 2.266038 0.04 24.0 5.0
0.0 2.266038 0.05 23.0 6.0
0.0 2.7192454 0.05 23.0 6.0
0.0 2.7192454 0.06 22.0 7.0
0.0 3.172453 0.06 22.0 7.0
0.0 3.172453 0.07 21.0 8.0
0.0 3.6256604 0.07 21.0 8.0
0.0 3.6256604 0.08 12.0 9.0
-0.15915477 4.050003 0.08 12.0 9.0
-0.15915477 4.050003 0.09 11.0 10.0
-0.31830955 4.474346 0.09 11.0 10.0
-0.31830955 4.474346 0.010 10.0 11.0
-0.47746432 4.8986893 0.010 10.0 11.0
-0.47746432 4.8986893 0.011 9.0 12.0
-0.6366191 5.3230324 0.011 9.0 12.0
-0.6366191 5.3230324 0.012 4.0 13.0
-0.93465555 5.664458 0.012 4.0 13.0
-0.93465555 5.664458 0.013 3.0 14.0
-1.232692 6.005883 0.013 3.0 14.0
-1.232692 6.005883 0.014 0.0 15.0
-1.6316464 6.2209005 0.014 0.0 15.0
-1.6316464 6.2209005 0.015 0.0 16.0
-2.0306008 6.435918 0.015 0.0 16.0
-1.232692 6.005883 0.016 0.0 15.0
-1.3918468 6.4302263 0.016 0.0 15.0
-1.3918468 6.4302263 0.017 0.0 16.0
-1.5510015 6.8545694 0.017 0.0 16.0
-1.232692 6.005883 0.018 2.0 15.0
-1.5307285 6.3473086 0.018 2.0 15.0
-1.5307285 6.3473086 0.019 1.0 16.0
-1.8287649 6.688734 0.019 1.0 16.0
-1.8287649 6.688734 0.020 0.0 17.0
-2.1268015 7.0301595 0.020 0.0 17.0
-2.1268015 7.0301595 0.021 0.0 18.0
-2.424838 7.371585 0.021 0.0 18.0
-0.6366191 5.3230324 0.022 4.0 13.0
-0.6366191 5.77624 0.022 4.0 13.0
-0.6366191 5.77624 0.023 3.0 14.0
-0.6366191 6.2294474 0.023 3.0 14.0
-0.6366191 6.2294474 0.024 0.0 15.0
-0.79577386 6.6537905 0.024 0.0 15.0
-0.79577386 6.6537905 0.025 0.0 16.0
-0.95492864 7.0781336 0.025 0.0 16.0
-0.6366191 6.2294474 0.026 0.0 15.0
-0.47746432 6.6537905 0.026 0.0 15.0
-0.47746432 6.6537905 0.027 0.0 16.0
-0.31830955 7.0781336 0.027 0.0 16.0
-0.6366191 6.2294474 0.028 2.0 15.0
-0.6366191 6.682655 0.028 2.0 15.0
-0.6366191 6.682655 0.029 1.0 16.0
-0.6366191 7.1358624 0.029 1.0 16.0
-0.6366191 7.1358624 0.030 0.0 17.0
-0.6366191 7.58907 0.030 0.0 17.0
-0.6366191 7.58907 0.031 0.0 18.0
-0.6366191 8.042277 0.031 0.0 18.0
-0.6366191 5.3230324 0.032 8.0 13.0
-0.79577386 5.7473755 0.032 8.0 13.0
-0.79577386 5.7473755 0.033 7.0 14.0
-0.95492864 6.1717186 0.033 7.0 14.0
-0.95492864 6.1717186 0.034 6.0 15.0
-1.1140834 6.5960617 0.034 6.0 15.0
-1.1140834 6.5960617 0.035 5.0 16.0
-1.2732382 7.020405 0.035 5.0 16.0
-1.2732382 7.020405 0.036 4.0 17.0
-1.432393 7.444748 0.036 4.0 17.0
-1.432393 7.444748 0.037 3.0 18.0
-1.5915477 7.869091 0.037 3.0 18.0
-1.5915477 7.869091 0.038 0.0 19.0
-1.8895842 8.210517 0.038 0.0 19.0
-1.8895842 8.210517 0.039 0.0 20.0
-2.1876206 8.551943 0.039 0.0 20.0
-1.5915477 7.869091 0.040 0.0 19.0
-1.5915477 8.322299 0.040 0.0 19.0
-1.5915477 8.322299 0.041 0.0 20.0
-1.5915477 8.775507 0.041 0.0 20.0
-1.5915477 7.869091 0.042 2.0 19.0
-1.7507025 8.293434 0.042 2.0 19.0
-1.7507025 8.293434 0.043 1.0 20.0
-1.9098573 8.717777 0.043 1.0 20.0
-1.9098573 8.717777 0.044 0.0 21.0
-2.0690122 9.14212 0.044 0.0 21.0
-2.0690122 9.14212 0.045 0.0 22.0
-2.228167 9.566463 0.045 0.0 22.0
0.0 3.6256604 0.046 12.0 9.0
0.15915477 4.050003 0.046 12.0 9.0
0.15915477 4.050003 0.047 11.0 10.0
0.31830955 4.474346 0.047 11.0 10.0
0.31830955 4.474346 0.048 10.0 11.0
0.47746432 4.8986893 0.048 10.0 11.0
0.47746432 4.8986893 0.049 9.0 12.0
0.6366191 5.3230324 0.049 9.0 12.0
0.6366191 5.3230324 0.050 4.0 13.0
0.6366191 5.77624 0.050 4.0 13.0
0.6366191 5.77624 0.051 3.0 14.0
0.6366191 6.2294474 0.051 3.0 14.0
0.6366191 6.2294474 0.052 0.0 15.0
0.47746432 6.6537905 0.052 0.0 15.0
0.47746432 6.6537905 0.053 0.0 16.0
0.31830955 7.0781336 0.053 0.0 16.0
0.6366191 6.2294474 0.054 0.0 15.0
0.79577386 6.6537905 0.054 0.0 15.0
0.79577386 6.6537905 0.055 0.0 16.0
0.95492864 7.0781336 0.055 0.0 16.0
0.6366191 6.2294474 0.056 2.0 15.0
0.6366191 6.682655 0.056 2.0 15.0
0.6366191 6.682655 0.057 1.0 16.0
0.6366191 7.1358624 0.057 1.0 16.0
0.6366191 7.1358624 0.058 0.0 17.0
0.6366191 7.58907 0.058 0.0 17.0
0.6366191 7.58907 0.059 0.0 18.0
0.6366191 8.042277 0.059 0.0 18.0
0.6366191 5.3230324 0.060 4.0 13.0
0.93465555 5.664458 0.060 4.0 13.0
0.93465555 5.664458 0.061 3.0 14.0
1.232692 6.005883 0.061 3.0 14.0
1.232692 6.005883 0.062 0.0 15.0
1.3918468 6.4302263 0.062 0.0 15.0
1.3918468 6.4302263 0.063 0.0 16.0
1.5510015 6.8545694 0.063 0.0 16.0
1.232692 6.005883 0.064 0.0 15.0
1.6316464 6.2209005 0.064 0.0 15.0
1.6316464 6.2209005 0.065 0.0 16.0
2.0306008 6.435918 0.065 0.0 16.0
1.232692 6.005883 0.066 2.0 15.0
1.5307285 6.3473086 0.066 2.0 15.0
1.5307285 6.3473086 0.067 1.0 16.0
1.8287649 6.688734 0.067 1.0 16.0
1.8287649 6.688734 0.068 0.0 17.0
2.1268015 7.0301595 0.068 0.0 17.0
2.1268015 7.0301595 0.069 0.0 18.0
2.424838 7.371585 0.069 0.0 18.0
0.6366191 5.3230324 0.070 8.0 13.0
0.79577386 5.7473755 0.070 8.0 13.0
0.79577386 5.7473755 0.071 7.0 14.0
0.95492864 6.1717186 0.071 7.0 14.0
0.95492864 6.1717186 0.072 6.0 15.0
1.1140834 6.5960617 0.072 6.0 15.0
1.1140834 6.5960617 0.073 5.0 16.0
1.2732382 7.020405 0.073 5.0 16.0
1.2732382 7.020405 0.074 4.0 17.0
1.432393 7.444748 0.074 4.0 17.0
1.432393 7.444748 0.075 3.0 18.0
1.5915477 7.869091 0.075 3.0 18.0
1.5915477 7.869091 0.076 0.0 19.0
1.5915477 8.322299 0.076 0.0 19.0
1.5915477 8.322299 0.077 0.0 20.0
1.5915477 8.775507 0.077 0.0 20.0
1.5915477 7.869091 0.078 0.0 19.0
1.8895842 8.210517 0.078 0.0 19.0
1.8895842 8.210517 0.079 0.0 20.0
2.1876206 8.551943 0.079 0.0 20.0
1.5915477 7.869091 0.080 2.0 19.0
1.7507025 8.293434 0.080 2.0 19.0
1.7507025 8.293434 0.081 1.0 20.0
1.9098573 8.717777 0.081 1.0 20.0
1.9098573 8.717777 0.082 0.0 21.0
2.0690122 9.14212 0.082 0.0 21.0
2.0690122 9.14212 0.083 0.0 22.0
2.228167 9.566463 0.083 0.0 22.0
0.0 3.6256604 0.084 20.0 9.0
0.0 4.078868 0.084 20.0 9.0
0.0 4.078868 0.085 19.0 10.0
0.0 4.5320754 0.085 19.0 10.0
0.0 4.5320754 0.086 18.0 11.0
0.0 4.985283 0.086 18.0 11.0
0.0 4.985283 0.087 17.0 12.0
0.0 5.4384904 0.087 17.0 12.0
0.0 5.4384904 0.088 16.0 13.0
0.0 5.891698 0.088 16.0 13.0
0.0 5.891698 0.089 15.0 14.0
0.0 6.3449054 0.089 15.0 14.0
0.0 6.3449054 0.090 14.0 15.0
0.0 6.798113 0.090 14.0 15.0
0.0 6.798113 0.091 13.0 16.0
0.0 7.2513204 0.091 13.0 16.0
0.0 7.2513204 0.092 12.0 17.0
0.0 7.704528 0.092 12.0 17.0
0.0 7.704528 0.093 11.0 18.0
0.0 8.157736 0.093 11.0 18.0
0.0 8.157736 0.094 10.0 19.0
0.0 8.610944 0.094 10.0 19.0
0.0 8.610944 0.095 9.0 20.0
0.0 9.064152 0.095 9.0 20.0
0.0 9.064152 0.096 4.0 21.0
-0.15915477 9.488495 0.096 4.0 21.0
-0.15915477 9.488495 0.097 3.0 22.0
-0.31830955 9.912838 0.097 3.0 22.0
-0.31830955 9.912838 0.098 0.0 23.0
-0.616346 10.254264 0.098 0.0 23.0
-0.616346 10.254264 0.099 0.0 24.0
-0.91438246 10.59569 0.099 0.0 24.0
-0.31830955 9.912838 0.0100 0.0 23.0
-0.31830955 10.366046 0.0100 0.0 23.0
-0.31830955 10.366046 0.0101 0.0 24.0
-0.31830955 10.819254 0.0101 0.0 24.0
-0.31830955 9.912838 0.0102 2.0 23.0
-0.47746432 10.337181 0.0102 2.0 23.0
-0.47746432 10.337181 0.0103 1.0 24.0
-0.6366191 10.761524 0.0103 1.0 24.0
-0.6366191 10.761524 0.0104 0.0 25.0
-0.79577386 11.185867 0.0104 0.0 25.0
-0.79577386 11.185867 0.0105 0.0 26.0
-0.95492864 11.61021 0.0105 0.0 26.0
0.0 9.064152 0.0106 4.0 21.0
0.15915477 9.488495 0.0106 4.0 21.0
0.15915477 9.488495 0.0107 3.0 22.0
0.31830955 9.912838 0.0107 3.0 22.0
0.31830955 9.912838 0.0108 0.0 23.0
0.31830955 10.366046 0.0108 0.0 23.0
0.31830955 10.366046 0.0109 0.0 24.0
0.31830955 10.819254 0.0109 0.0 24.0
0.31830955 9.912838 0.0110 0.0 23.0
0.616346 10.254264 0.0110 0.0 23.0
0.616346 10.254264 0.0111 0.0 24.0
0.91438246 10.59569 0.0111 0.0 24.0
0.31830955 9.912838 0.0112 2.0 23.0
0.47746432 10.337181 0.0112 2.0 23.0
0.47746432 10.337181 0.0113 1.0 24.0
0.6366191 10.761524 0.0113 1.0 24.0
0.6366191 10.761524 0.0114 0.0 25.0
0.79577386 11.185867 0.0114 0.0 25.0
0.79577386 11.185867 0.0115 0.0 26.0
0.95492864 11.61021 0.0115 0.0 26.0
0.0 9.064152 0.0116 8.0 21.0
0.0 9.51736 0.0116 8.0 21.0
0.0 9.51736 0.0117 7.0 22.0
0.0 9.970568 0.0117 7.0 22.0
0.0 9.970568 0.0118 6.0 23.0
0.0 10.423776 0.0118 6.0 23.0
0.0 10.423776 0.0119 5.0 24.0
0.0 10.876984 0.0119 5.0 24.0
0.0 10.876984 0.0120 4.0 25.0
0.0 11.330192 0.0120 4.0 25.0
0.0 11.330192 0.0121 3.0 26.0
0.0 11.7834 0.0121 3.0 26.0
0.0 11.7834 0.0122 0.0 27.0
-0.15915477 12.207743 0.0122 0.0 27.0
-0.15915477 12.207743 0.0123 0.0 28.0
-0.31830955 12.632086 0.0123 0.0 28.0
0.0 11.7834 0.0124 0.0 27.0
0.15915477 12.207743 0.0124 0.0 27.0
0.15915477 12.207743 0.0125 0.0 28.0
0.31830955 12.632086 0.0125 0.0 28.0
0.0 11.7834 0.0126 2.0 27.0
0.0 12.236608 0.0126 2.0 27.0
0.0 12.236608 0.0127 1.0 28.0
0.0 12.6898155 0.0127 1.0 28.0
0.0 12.6898155 0.0128 0.0 29.0
0.0 13.1430235 0.0128 0.0 29.0
0.0 13.1430235 0.0129 0.0 30.0
0.0 13.596231 0.0129 0.0 30.0
