0.0 0.0 0.00 28.0 1.0
0.0 0.63077134 0.00 28.0 1.0
0.0 0.63077134 0.01 27.0 2.0
0.0 1.2615427 0.01 27.0 2.0
0.0 1.2615427 0.02 26.0 3.0
0.0 1.892314 0.02 26.0 3.0
0.0 1.892314 0.03 25.0 4.0
0.0 2.5230854 0.03 25.0 4.0
0.0 2.5230854 0.04 24.0 5.0
0.0 3.1538568 0.04 24.0 5.0
0.0 3.1538568 0.05 23.0 6.0
0.0 3.7846282 0.05 23.0 6.0
0.0 3.7846282 0.06 22.0 7.0
0.0 4.4153996 0.06 22.0 7.0
0.0 4.4153996 0.07 21.0 8.0
0.0 5.0461707 0.07 21.0 8.0
0.0 5.0461707 0.08 12.0 9.0
-0.14296292 5.660527 0.08 12.0 9.0
-0.14296292 5.660527 0.09 11.0 10.0
-0.28592584 6.2748837 0.09 11.0 10.0
-0.28592584 6.2748837 0.010 10.0 11.0
-0.42888874 6.8892403 0.010 10.0 11.0
-0.42888874 6.8892403 0.011 9.0 12.0
-0.5718517 7.503597 0.011 9.0 12.0
-0.5718517 7.503597 0.012 4.0 13.0
-0.8503368 8.069564 0.012 4.0 13.0
-0.8503368 8.069564 0.013 3.0 14.0
-1.1288218 8.63553 0.013 3.0 14.0
-1.1288218 8.63553 0.014 0.0 15.0
-1.5283351 9.1236515 0.014 0.0 15.0
-1.5283351 9.1236515 0.015 0.0 16.0
-1.9278483 9.611773 0.015 0.0 16.0
-1.1288218 8.63553 0.016 0.0 15.0
-1.2717848 9.249887 0.016 0.0 15.0
-1.2717848 9.249887 0.017 0.0 16.0
-1.4147477 9.864244 0.017 0.0 16.0
-1.1288218 8.63553 0.018 2.0 15.0
-1.4073069 9.201497 0.018 2.0 15.0
-1.4073069 9.201497 0.019 1.0 16.0
-1.685792 9.767464 0.019 1.0 16.0
-1.685792 9.767464 0.020 0.0 17.0
-1.964277 10.33343 0.020 0.0 17.0
-1.964277 10.33343 0.021 0.0 18.0
-2.242762 10.899397 0.021 0.0 18.0
-0.5718517 7.503597 0.022 4.0 13.0
-0.5718517 8.134368 0.022 4.0 13.0
-0.5718517 8.134368 0.023 3.0 14.0
-0.5718517 8.76514 0.023 3.0 14.0
-0.5718517 8.76514 0.024 0.0 15.0
-0.7148146 9.379497 0.024 0.0 15.0
-0.7148146 9.379497 0.025 0.0 16.0
-0.85777754 9.993854 0.025 0.0 16.0
-0.5718517 8.76514 0.026 0.0 15.0
-0.42888874 9.379497 0.026 0.0 15.0
-0.42888874 9.379497 0.027 0.0 16.0
-0.2859258 9.993854 0.027 0.0 16.0
-0.5718517 8.76514 0.028 2.0 15.0
-0.5718517 9.395911 0.028 2.0 15.0
-0.5718517 9.395911 0.029 1.0 16.0
-0.5718517 10.026683 0.029 1.0 16.0
-0.5718517 10.026683 0.030 0.0 17.0
-0.5718517 10.6574545 0.030 0.0 17.0
-0.5718517 10.6574545 0.031 0.0 18.0
-0.5718517 11.288226 0.031 0.0 18.0
-0.5718517 7.503597 0.032 8.0 13.0
-0.7148146 8.117953 0.032 8.0 13.0
-0.7148146 8.117953 0.033 7.0 14.0
-0.85777754 8.73231 0.033 7.0 14.0
-0.85777754 8.73231 0.034 6.0 15.0
-1.0007404 9.346667 0.034 6.0 15.0
-1.0007404 9.346667 0.035 5.0 16.0
-1.1437033 9.961024 0.035 5.0 16.0
-1.1437033 9.961024 0.036 4.0 17.0
-1.2866663 10.575381 0.036 4.0 17.0
-1.2866663 10.575381 0.037 3.0 18.0
-1.4296292 11.189738 0.037 3.0 18.0
-1.4296292 11.189738 0.038 0.0 19.0
-1.7081144 11.755705 0.038 0.0 19.0
-1.7081144 11.755705 0.039 0.0 20.0
-1.9865994 12.3216715 0.039 0.0 20.0
-1.4296292 11.189738 0.040 0.0 19.0
-1.4296292 11.82051 0.040 0.0 19.0
-1.4296292 11.82051 0.041 0.0 20.0
-1.4296292 12.451282 0.041 0.0 20.0
-1.4296292 11.189738 0.042 2.0 19.0
-1.5725921 11.804095 0.042 2.0 19.0
-1.5725921 11.804095 0.043 1.0 20.0
-1.7155551 12.418452 0.043 1.0 20.0
-1.7155551 12.418452 0.044 0.0 21.0
-1.858518 13.032809 0.044 0.0 21.0
-1.858518 13.032809 0.045 0.0 22.0
-2.0014808 13.647166 0.045 0.0 22.0
0.0 5.0461707 0.046 12.0 9.0
0.14296292 5.660527 0.046 12.0 9.0
0.14296292 5.660527 0.047 11.0 10.0
0.28592584 6.2748837 0.047 11.0 10.0
0.28592584 6.2748837 0.048 10.0 11.0
0.42888874 6.8892403 0.048 10.0 11.0
0.42888874 6.8892403 0.049 9.0 12.0
0.5718517 7.503597 0.049 9.0 12.0
0.5718517 7.503597 0.050 4.0 13.0
0.5718517 8.134368 0.050 4.0 13.0
0.5718517 8.134368 0.051 3.0 14.0
0.5718517 8.76514 0.051 3.0 14.0
0.5718517 8.76514 0.052 0.0 15.0
0.42888874 9.379497 0.052 0.0 15.0
0.42888874 9.379497 0.053 0.0 16.0
0.2859258 9.993854 0.053 0.0 16.0
0.5718517 8.76514 0.054 0.0 15.0
0.7148146 9.379497 0.054 0.0 15.0
0.7148146 9.379497 0.055 0.0 16.0
0.85777754 9.993854 0.055 0.0 16.0
0.5718517 8.76514 0.056 2.0 15.0
0.5718517 9.395911 0.056 2.0 15.0
0.5718517 9.395911 0.057 1.0 16.0
0.5718517 10.026683 0.057 1.0 16.0
0.5718517 10.026683 0.058 0.0 17.0
0.5718517 10.6574545 0.058 0.0 17.0
0.5718517 10.6574545 0.059 0.0 18.0
0.5718517 11.288226 0.059 0.0 18.0
0.5718517 7.503597 0.060 4.0 13.0
0.8503368 8.069564 0.060 4.0 13.0
0.8503368 8.069564 0.061 3.0 14.0
1.1288218 8.63553 0.061 3.0 14.0
1.1288218 8.63553 0.062 0.0 15.0
1.2717848 9.249887 0.062 0.0 15.0
1.2717848 9.249887 0.063 0.0 16.0
1.4147477 9.864244 0.063 0.0 16.0
1.1288218 8.63553 0.064 0.0 15.0
1.5283351 9.1236515 0.064 0.0 15.0
1.5283351 9.1236515 0.065 0.0 16.0
1.9278483 9.611773 0.065 0.0 16.0
1.1288218 8.63553 0.066 2.0 15.0
1.4073069 9.201497 0.066 2.0 15.0
1.4073069 9.201497 0.067 1.0 16.0
1.685792 9.767464 0.067 1.0 16.0
1.685792 9.767464 0.068 0.0 17.0
1.964277 10.33343 0.068 0.0 17.0
1.964277 10.33343 0.069 0.0 18.0
2.242762 10.899397 0.069 0.0 18.0
0.5718517 7.503597 0.070 8.0 13.0
0.7148146 8.117953 0.070 8.0 13.0
0.7148146 8.117953 0.071 7.0 14.0
0.85777754 8.73231 0.071 7.0 14.0
0.85777754 8.73231 0.072 6.0 15.0
1.0007404 9.346667 0.072 6.0 15.0
1.0007404 9.346667 0.073 5.0 16.0
1.1437033 9.961024 0.073 5.0 16.0
1.1437033 9.961024 0.074 4.0 17.0
1.2866663 10.575381 0.074 4.0 17.0
1.2866663 10.575381 0.075 3.0 18.0
1.4296292 11.189738 0.075 3.0 18.0
1.4296292 11.189738 0.076 0.0 19.0
1.4296292 11.82051 0.076 0.0 19.0
1.4296292 11.82051 0.077 0.0 20.0
1.4296292 12.451282 0.077 0.0 20.0
1.4296292 11.189738 0.078 0.0 19.0
1.7081144 11.755705 0.078 0.0 19.0
1.7081144 11.755705 0.079 0.0 20.0
1.9865994 12.3216715 0.079 0.0 20.0
1.4296292 11.189738 0.080 2.0 19.0
1.5725921 11.804095 0.080 2.0 19.0
1.5725921 11.804095 0.081 1.0 20.0
1.7155551 12.418452 0.081 1.0 20.0
1.7155551 12.418452 0.082 0.0 21.0
1.858518 13.032809 0.082 0.0 21.0
1.858518 13.032809 0.083 0.0 22.0
2.0014808 13.647166 0.083 0.0 22.0
0.0 5.0461707 0.084 20.0 9.0
0.0 5.676942 0.084 20.0 9.0
0.0 5.676942 0.085 19.0 10.0
0.0 6.307713 0.085 19.0 10.0
0.0 6.307713 0.086 18.0 11.0
0.0 6.938484 0.086 18.0 11.0
0.0 6.938484 0.087 17.0 12.0
0.0 7.5692554 0.087 17.0 12.0
0.0 7.5692554 0.088 16.0 13.0
0.0 8.2000265 0.088 16.0 13.0
0.0 8.2000265 0.089 15.0 14.0
0.0 8.830798 0.089 15.0 14.0
0.0 8.830798 0.090 14.0 15.0
0.0 9.46157 0.090 14.0 15.0
0.0 9.46157 0.091 13.0 16.0
0.0 10.092341 0.091 13.0 16.0
0.0 10.092341 0.092 12.0 17.0
0.0 10.723113 0.092 12.0 17.0
0.0 10.723113 0.093 11.0 18.0
0.0 11.353885 0.093 11.0 18.0
0.0 11.353885 0.094 10.0 19.0
0.0 11.984656 0.094 10.0 19.0
0.0 11.984656 0.095 9.0 20.0
0.0 12.615428 0.095 9.0 20.0
0.0 12.615428 0.096 4.0 21.0
-0.14296292 13.229785 0.096 4.0 21.0
-0.14296292 13.229785 0.097 3.0 22.0
-0.28592584 13.844142 0.097 3.0 22.0
-0.28592584 13.844142 0.098 0.0 23.0
-0.5644109 14.410109 0.098 0.0 23.0
-0.5644109 14.410109 0.099 0.0 24.0
-0.84289604 14.976075 0.099 0.0 24.0
-0.28592584 13.844142 0.0100 0.0 23.0
-0.28592584 14.474914 0.0100 0.0 23.0
-0.28592584 14.474914 0.0101 0.0 24.0
-0.28592584 15.105685 0.0101 0.0 24.0
-0.28592584 13.844142 0.0102 2.0 23.0
-0.42888874 14.458499 0.0102 2.0 23.0
-0.42888874 14.458499 0.0103 1.0 24.0
-0.5718517 15.072856 0.0103 1.0 24.0
-0.5718517 15.072856 0.0104 0.0 25.0
-0.7148146 15.687213 0.0104 0.0 25.0
-0.7148146 15.687213 0.0105 0.0 26.0
-0.85777754 16.301569 0.0105 0.0 26.0
0.0 12.615428 0.0106 4.0 21.0
0.14296292 13.229785 0.0106 4.0 21.0
0.14296292 13.229785 0.0107 3.0 22.0
0.28592584 13.844142 0.0107 3.0 22.0
0.28592584 13.844142 0.0108 0.0 23.0
0.28592584 14.474914 0.0108 0.0 23.0
0.28592584 14.474914 0.0109 0.0 24.0
0.28592584 15.105685 0.0109 0.0 24.0
0.28592584 13.844142 0.0110 0.0 23.0
0.5644109 14.410109 0.0110 0.0 23.0
0.5644109 14.410109 0.0111 0.0 24.0
0.84289604 14.976075 0.0111 0.0 24.0
0.28592584 13.844142 0.0112 2.0 23.0
0.42888874 14.458499 0.0112 2.0 23.0
0.42888874 14.458499 0.0113 1.0 24.0
0.5718517 15.072856 0.0113 1.0 24.0
0.5718517 15.072856 0.0114 0.0 25.0
0.7148146 15.687213 0.0114 0.0 25.0
0.7148146 15.687213 0.0115 0.0 26.0
0.85777754 16.301569 0.0115 0.0 26.0
0.0 12.615428 0.0116 8.0 21.0
0.0 13.2462 0.0116 8.0 21.0
0.0 13.2462 0.0117 7.0 22.0
0.0 13.876971 0.0117 7.0 22.0
0.0 13.876971 0.0118 6.0 23.0
0.0 14.507743 0.0118 6.0 23.0
0.0 14.507743 0.0119 5.0 24.0
0.0 15.1385145 0.0119 5.0 24.0
0.0 15.1385145 0.0120 4.0 25.0
0.0 15.769286 0.0120 4.0 25.0
0.0 15.769286 0.0121 3.0 26.0
0.0 16.400057 0.0121 3.0 26.0
0.0 16.400057 0.0122 0.0 27.0
-0.14296292 17.014414 0.0122 0.0 27.0
-0.14296292 17.014414 0.0123 0.0 28.0
-0.28592584 17.62877 0.0123 0.0 28.0
0.0 16.400057 0.0124 0.0 27.0
0.14296292 17.014414 0.0124 0.0 27.0
0.14296292 17.014414 0.0125 0.0 28.0
0.28592584 17.62877 0.0125 0.0 28.0
0.0 16.400057 0.0126 2.0 27.0
0.0 17.030828 0.0126 2.0 27.0
0.0 17.030828 0.0127 1.0 28.0
0.0 17.6616 0.0127 1.0 28.0
0.0 17.6616 0.0128 0.0 29.0
0.0 18.292372 0.0128 0.0 29.0
0.0 18.292372 0.0129 0.0 30.0
0.0 18.923143 0.0129 0.0 30.0
