0.0 0.0 0.00 60.0 1.0
0.0 3.4419973 0.00 60.0 1.0
0.0 3.4419973 0.01 59.0 2.0
0.0 6.8839946 0.01 59.0 2.0
0.0 6.8839946 0.02 58.0 3.0
0.0 10.325992 0.02 58.0 3.0
0.0 10.325992 0.03 57.0 4.0
0.0 13.767989 0.03 57.0 4.0
0.0 13.767989 0.04 56.0 5.0
0.0 17.209986 0.04 56.0 5.0
0.0 17.209986 0.05 55.0 6.0
0.0 20.651983 0.05 55.0 6.0
0.0 20.651983 0.06 54.0 7.0
0.0 24.09398 0.06 54.0 7.0
0.0 24.09398 0.07 53.0 8.0
0.0 27.535978 0.07 53.0 8.0
0.0 27.535978 0.08 52.0 9.0
0.0 30.977976 0.08 52.0 9.0
0.0 30.977976 0.09 51.0 10.0
0.0 34.41997 0.09 51.0 10.0
0.0 34.41997 0.010 50.0 11.0
0.0 37.86197 0.010 50.0 11.0
0.0 37.86197 0.011 49.0 12.0
0.0 41.303967 0.011 49.0 12.0
0.0 41.303967 0.012 48.0 13.0
0.0 44.745964 0.012 48.0 13.0
0.0 44.745964 0.013 47.0 14.0
0.0 48.18796 0.013 47.0 14.0
0.0 48.18796 0.014 46.0 15.0
0.0 51.62996 0.014 46.0 15.0
0.0 51.62996 0.015 45.0 16.0
0.0 55.071957 0.015 45.0 16.0
0.0 55.071957 0.016 28.0 17.0
1.1972346 58.299026 0.016 28.0 17.0
1.1972346 58.299026 0.017 27.0 18.0
2.3944693 61.526096 0.017 27.0 18.0
2.3944693 61.526096 0.018 26.0 19.0
3.591704 64.75317 0.018 26.0 19.0
3.591704 64.75317 0.019 25.0 20.0
4.7889385 67.98023 0.019 25.0 20.0
4.7889385 67.98023 0.020 24.0 21.0
5.986173 71.2073 0.020 24.0 21.0
5.986173 71.2073 0.021 23.0 22.0
7.183408 74.434364 0.021 23.0 22.0
7.183408 74.434364 0.022 22.0 23.0
8.380642 77.66143 0.022 22.0 23.0
8.380642 77.66143 0.023 21.0 24.0
9.577877 80.8885 0.023 21.0 24.0
9.577877 80.8885 0.024 12.0 25.0
11.822828 83.49762 0.024 12.0 25.0
11.822828 83.49762 0.025 11.0 26.0
14.06778 86.10674 0.025 11.0 26.0
14.06778 86.10674 0.026 10.0 27.0
16.31273 88.715866 0.026 10.0 27.0
16.31273 88.715866 0.027 9.0 28.0
18.557682 91.32499 0.027 9.0 28.0
18.557682 91.32499 0.028 4.0 29.0
19.754917 94.552055 0.028 4.0 29.0
19.754917 94.552055 0.029 3.0 30.0
20.952152 97.77912 0.029 3.0 30.0
20.952152 97.77912 0.030 0.0 31.0
20.952152 101.221115 0.030 0.0 31.0
20.952152 101.221115 0.031 0.0 32.0
20.952152 104.66311 0.031 0.0 32.0
20.952152 97.77912 0.032 2.0 31.0
22.149387 101.00619 0.032 2.0 31.0
22.149387 101.00619 0.033 1.0 32.0
23.346622 104.23325 0.033 1.0 32.0
23.346622 104.23325 0.034 0.0 33.0
25.591574 106.84238 0.034 0.0 33.0
25.591574 106.84238 0.035 0.0 34.0
27.836525 109.4515 0.035 0.0 34.0
23.346622 104.23325 0.036 0.0 33.0
23.346622 107.67525 0.036 0.0 33.0
23.346622 107.67525 0.037 0.0 34.0
23.346622 111.11724 0.037 0.0 34.0
18.557682 91.32499 0.038 8.0 29.0
20.802633 93.93411 0.038 8.0 29.0
20.802633 93.93411 0.039 7.0 30.0
23.047585 96.543236 0.039 7.0 30.0
23.047585 96.543236 0.040 6.0 31.0
25.292536 99.15236 0.040 6.0 31.0
25.292536 99.15236 0.041 5.0 32.0
27.537487 101.76148 0.041 5.0 32.0
27.537487 101.76148 0.042 4.0 33.0
30.549793 103.42682 0.042 4.0 33.0
30.549793 103.42682 0.043 3.0 34.0
33.5621 105.092155 0.043 3.0 34.0
33.5621 105.092155 0.044 0.0 35.0
35.807053 107.70128 0.044 0.0 35.0
35.807053 107.70128 0.045 0.0 36.0
38.052006 110.3104 0.045 0.0 36.0
33.5621 105.092155 0.046 2.0 35.0
36.574406 106.75749 0.046 2.0 35.0
36.574406 106.75749 0.047 1.0 36.0
39.58671 108.42283 0.047 1.0 36.0
39.58671 108.42283 0.048 0.0 37.0
42.990177 108.93641 0.048 0.0 37.0
42.990177 108.93641 0.049 0.0 38.0
46.393642 109.44999 0.049 0.0 38.0
39.58671 108.42283 0.050 0.0 37.0
41.831665 111.03195 0.050 0.0 37.0
41.831665 111.03195 0.051 0.0 38.0
44.07662 113.641075 0.051 0.0 38.0
27.537487 101.76148 0.052 4.0 33.0
28.734722 104.98855 0.052 4.0 33.0
28.734722 104.98855 0.053 3.0 34.0
29.931957 108.215614 0.053 3.0 34.0
29.931957 108.215614 0.054 0.0 35.0
29.931957 111.65761 0.054 0.0 35.0
29.931957 111.65761 0.055 0.0 36.0
29.931957 115.0996 0.055 0.0 36.0
29.931957 108.215614 0.056 2.0 35.0
31.129192 111.44268 0.056 2.0 35.0
31.129192 111.44268 0.057 1.0 36.0
32.326427 114.66975 0.057 1.0 36.0
32.326427 114.66975 0.058 0.0 37.0
34.57138 117.27887 0.058 0.0 37.0
34.57138 117.27887 0.059 0.0 38.0
36.816334 119.88799 0.059 0.0 38.0
32.326427 114.66975 0.060 0.0 37.0
32.326427 118.11174 0.060 0.0 37.0
32.326427 118.11174 0.061 0.0 38.0
32.326427 121.553734 0.061 0.0 38.0
9.577877 80.8885 0.062 20.0 25.0
10.775112 84.11556 0.062 20.0 25.0
10.775112 84.11556 0.063 19.0 26.0
11.972347 87.34263 0.063 19.0 26.0
11.972347 87.34263 0.064 18.0 27.0
13.169582 90.569695 0.064 18.0 27.0
13.169582 90.569695 0.065 17.0 28.0
14.366817 93.79676 0.065 17.0 28.0
14.366817 93.79676 0.066 16.0 29.0
15.564053 97.02383 0.066 16.0 29.0
15.564053 97.02383 0.067 15.0 30.0
16.761288 100.25089 0.067 15.0 30.0
16.761288 100.25089 0.068 14.0 31.0
17.958523 103.47796 0.068 14.0 31.0
17.958523 103.47796 0.069 13.0 32.0
19.155758 106.705025 0.069 13.0 32.0
19.155758 106.705025 0.070 12.0 33.0
21.40071 109.31415 0.070 12.0 33.0
21.40071 109.31415 0.071 11.0 34.0
23.64566 111.92327 0.071 11.0 34.0
23.64566 111.92327 0.072 10.0 35.0
25.890612 114.532394 0.072 10.0 35.0
25.890612 114.532394 0.073 9.0 36.0
28.135563 117.14152 0.073 9.0 36.0
28.135563 117.14152 0.074 4.0 37.0
29.332798 120.36858 0.074 4.0 37.0
29.332798 120.36858 0.075 3.0 38.0
30.530033 123.59565 0.075 3.0 38.0
30.530033 123.59565 0.076 0.0 39.0
30.530033 127.03764 0.076 0.0 39.0
30.530033 127.03764 0.077 0.0 40.0
30.530033 130.47964 0.077 0.0 40.0
30.530033 123.59565 0.078 2.0 39.0
31.727268 126.822716 0.078 2.0 39.0
31.727268 126.822716 0.079 1.0 40.0
32.924503 130.04979 0.079 1.0 40.0
32.924503 130.04979 0.080 0.0 41.0
35.169456 132.65892 0.080 0.0 41.0
35.169456 132.65892 0.081 0.0 42.0
37.41441 135.26805 0.081 0.0 42.0
32.924503 130.04979 0.082 0.0 41.0
32.924503 133.49179 0.082 0.0 41.0
32.924503 133.49179 0.083 0.0 42.0
32.924503 136.93379 0.083 0.0 42.0
28.135563 117.14152 0.084 8.0 37.0
30.380514 119.75064 0.084 8.0 37.0
30.380514 119.75064 0.085 7.0 38.0
32.625465 122.359764 0.085 7.0 38.0
32.625465 122.359764 0.086 6.0 39.0
34.87042 124.96889 0.086 6.0 39.0
34.87042 124.96889 0.087 5.0 40.0
37.11537 127.57801 0.087 5.0 40.0
37.11537 127.57801 0.088 4.0 41.0
40.127678 129.24335 0.088 4.0 41.0
40.127678 129.24335 0.089 3.0 42.0
43.139984 130.90869 0.089 3.0 42.0
43.139984 130.90869 0.090 0.0 43.0
45.384937 133.51782 0.090 0.0 43.0
45.384937 133.51782 0.091 0.0 44.0
47.62989 136.12695 0.091 0.0 44.0
43.139984 130.90869 0.092 2.0 43.0
46.15229 132.57404 0.092 2.0 43.0
46.15229 132.57404 0.093 1.0 44.0
49.164597 134.23938 0.093 1.0 44.0
49.164597 134.23938 0.094 0.0 45.0
52.56806 134.75296 0.094 0.0 45.0
52.56806 134.75296 0.095 0.0 46.0
55.971527 135.26654 0.095 0.0 46.0
49.164597 134.23938 0.096 0.0 45.0
51.40955 136.84851 0.096 0.0 45.0
51.40955 136.84851 0.097 0.0 46.0
53.654503 139.45764 0.097 0.0 46.0
37.11537 127.57801 0.098 4.0 41.0
38.312607 130.80508 0.098 4.0 41.0
38.312607 130.80508 0.099 3.0 42.0
39.509842 134.03215 0.099 3.0 42.0
39.509842 134.03215 0.0100 0.0 43.0
39.509842 137.47415 0.0100 0.0 43.0
39.509842 137.47415 0.0101 0.0 44.0
39.509842 140.91615 0.0101 0.0 44.0
39.509842 134.03215 0.0102 2.0 43.0
40.707077 137.25922 0.0102 2.0 43.0
40.707077 137.25922 0.0103 1.0 44.0
41.904312 140.48628 0.0103 1.0 44.0
41.904312 140.48628 0.0104 0.0 45.0
44.149265 143.09541 0.0104 0.0 45.0
44.149265 143.09541 0.0105 0.0 46.0
46.39422 145.70454 0.0105 0.0 46.0
41.904312 140.48628 0.0106 0.0 45.0
41.904312 143.92828 0.0106 0.0 45.0
41.904312 143.92828 0.0107 0.0 46.0
41.904312 147.37029 0.0107 0.0 46.0
19.155758 106.705025 0.0108 12.0 33.0
19.155758 110.14702 0.0108 12.0 33.0
19.155758 110.14702 0.0109 11.0 34.0
19.155758 113.58901 0.0109 11.0 34.0
19.155758 113.58901 0.0110 10.0 35.0
19.155758 117.031006 0.0110 10.0 35.0
19.155758 117.031006 0.0111 9.0 36.0
19.155758 120.473 0.0111 9.0 36.0
19.155758 120.473 0.0112 4.0 37.0
17.958523 123.700066 0.0112 4.0 37.0
17.958523 123.700066 0.0113 3.0 38.0
16.761288 126.92713 0.0113 3.0 38.0
16.761288 126.92713 0.0114 0.0 39.0
14.516336 129.53625 0.0114 0.0 39.0
14.516336 129.53625 0.0115 0.0 40.0
12.271385 132.14539 0.0115 0.0 40.0
16.761288 126.92713 0.0116 2.0 39.0
15.564053 130.1542 0.0116 2.0 39.0
15.564053 130.1542 0.0117 1.0 40.0
14.366817 133.38127 0.0117 1.0 40.0
14.366817 133.38127 0.0118 0.0 41.0
14.366817 136.82327 0.0118 0.0 41.0
14.366817 136.82327 0.0119 0.0 42.0
14.366817 140.26527 0.0119 0.0 42.0
14.366817 133.38127 0.0120 0.0 41.0
12.121866 135.9904 0.0120 0.0 41.0
12.121866 135.9904 0.0121 0.0 42.0
9.876915 138.59953 0.0121 0.0 42.0
19.155758 120.473 0.0122 8.0 37.0
19.155758 123.91499 0.0122 8.0 37.0
19.155758 123.91499 0.0123 7.0 38.0
19.155758 127.35699 0.0123 7.0 38.0
19.155758 127.35699 0.0124 6.0 39.0
19.155758 130.79898 0.0124 6.0 39.0
19.155758 130.79898 0.0125 5.0 40.0
19.155758 134.24098 0.0125 5.0 40.0
19.155758 134.24098 0.0126 4.0 41.0
20.352993 137.46805 0.0126 4.0 41.0
20.352993 137.46805 0.0127 3.0 42.0
21.550228 140.69511 0.0127 3.0 42.0
21.550228 140.69511 0.0128 0.0 43.0
21.550228 144.13712 0.0128 0.0 43.0
21.550228 144.13712 0.0129 0.0 44.0
21.550228 147.57912 0.0129 0.0 44.0
21.550228 140.69511 0.0130 2.0 43.0
22.747463 143.92218 0.0130 2.0 43.0
22.747463 143.92218 0.0131 1.0 44.0
23.944698 147.14925 0.0131 1.0 44.0
23.944698 147.14925 0.0132 0.0 45.0
26.18965 149.75838 0.0132 0.0 45.0
26.18965 149.75838 0.0133 0.0 46.0
28.4346 152.36751 0.0133 0.0 46.0
23.944698 147.14925 0.0134 0.0 45.0
23.944698 150.59125 0.0134 0.0 45.0
23.944698 150.59125 0.0135 0.0 46.0
23.944698 154.03325 0.0135 0.0 46.0
19.155758 134.24098 0.0136 4.0 41.0
17.958523 137.46805 0.0136 4.0 41.0
17.958523 137.46805 0.0137 3.0 42.0
16.761288 140.69511 0.0137 3.0 42.0
16.761288 140.69511 0.0138 0.0 43.0
14.516336 143.30424 0.0138 0.0 43.0
14.516336 143.30424 0.0139 0.0 44.0
12.271385 145.91338 0.0139 0.0 44.0
16.761288 140.69511 0.0140 2.0 43.0
15.564053 143.92218 0.0140 2.0 43.0
15.564053 143.92218 0.0141 1.0 44.0
14.366817 147.14925 0.0141 1.0 44.0
14.366817 147.14925 0.0142 0.0 45.0
14.366817 150.59125 0.0142 0.0 45.0
14.366817 150.59125 0.0143 0.0 46.0
14.366817 154.03325 0.0143 0.0 46.0
14.366817 147.14925 0.0144 0.0 45.0
12.121866 149.75838 0.0144 0.0 45.0
12.121866 149.75838 0.0145 0.0 46.0
9.876915 152.36751 0.0145 0.0 46.0
0.0 55.071957 0.0146 44.0 17.0
0.0 58.513954 0.0146 44.0 17.0
0.0 58.513954 0.0147 43.0 18.0
0.0 61.95595 0.0147 43.0 18.0
0.0 61.95595 0.0148 42.0 19.0
0.0 65.39795 0.0148 42.0 19.0
0.0 65.39795 0.0149 41.0 20.0
0.0 68.83994 0.0149 41.0 20.0
0.0 68.83994 0.0150 40.0 21.0
0.0 72.28194 0.0150 40.0 21.0
0.0 72.28194 0.0151 39.0 22.0
0.0 75.72393 0.0151 39.0 22.0
0.0 75.72393 0.0152 38.0 23.0
0.0 79.165924 0.0152 38.0 23.0
0.0 79.165924 0.0153 37.0 24.0
0.0 82.60792 0.0153 37.0 24.0
0.0 82.60792 0.0154 36.0 25.0
0.0 86.04991 0.0154 36.0 25.0
0.0 86.04991 0.0155 35.0 26.0
0.0 89.491905 0.0155 35.0 26.0
0.0 89.491905 0.0156 34.0 27.0
0.0 92.9339 0.0156 34.0 27.0
0.0 92.9339 0.0157 33.0 28.0
0.0 96.37589 0.0157 33.0 28.0
0.0 96.37589 0.0158 32.0 29.0
0.0 99.81789 0.0158 32.0 29.0
0.0 99.81789 0.0159 31.0 30.0
0.0 103.25988 0.0159 31.0 30.0
0.0 103.25988 0.0160 30.0 31.0
0.0 106.70187 0.0160 30.0 31.0
0.0 106.70187 0.0161 29.0 32.0
0.0 110.14387 0.0161 29.0 32.0
0.0 110.14387 0.0162 28.0 33.0
1.1972346 113.37093 0.0162 28.0 33.0
1.1972346 113.37093 0.0163 27.0 34.0
2.3944693 116.598 0.0163 27.0 34.0
2.3944693 116.598 0.0164 26.0 35.0
3.591704 119.825066 0.0164 26.0 35.0
3.591704 119.825066 0.0165 25.0 36.0
4.7889385 123.05213 0.0165 25.0 36.0
4.7889385 123.05213 0.0166 24.0 37.0
5.986173 126.2792 0.0166 24.0 37.0
5.986173 126.2792 0.0167 23.0 38.0
7.183408 129.50627 0.0167 23.0 38.0
7.183408 129.50627 0.0168 22.0 39.0
8.380642 132.73334 0.0168 22.0 39.0
8.380642 132.73334 0.0169 21.0 40.0
9.577877 135.9604 0.0169 21.0 40.0
9.577877 135.9604 0.0170 12.0 41.0
11.822828 138.56953 0.0170 12.0 41.0
11.822828 138.56953 0.0171 11.0 42.0
14.06778 141.17867 0.0171 11.0 42.0
14.06778 141.17867 0.0172 10.0 43.0
16.31273 143.7878 0.0172 10.0 43.0
16.31273 143.7878 0.0173 9.0 44.0
18.557682 146.39693 0.0173 9.0 44.0
18.557682 146.39693 0.0174 4.0 45.0
19.754917 149.624 0.0174 4.0 45.0
19.754917 149.624 0.0175 3.0 46.0
20.952152 152.85106 0.0175 3.0 46.0
20.952152 152.85106 0.0176 0.0 47.0
20.952152 156.29306 0.0176 0.0 47.0
20.952152 156.29306 0.0177 0.0 48.0
20.952152 159.73506 0.0177 0.0 48.0
20.952152 152.85106 0.0178 2.0 47.0
22.149387 156.07812 0.0178 2.0 47.0
22.149387 156.07812 0.0179 1.0 48.0
23.346622 159.30519 0.0179 1.0 48.0
23.346622 159.30519 0.0180 0.0 49.0
25.591574 161.91432 0.0180 0.0 49.0
25.591574 161.91432 0.0181 0.0 50.0
27.836525 164.52345 0.0181 0.0 50.0
23.346622 159.30519 0.0182 0.0 49.0
23.346622 162.7472 0.0182 0.0 49.0
23.346622 162.7472 0.0183 0.0 50.0
23.346622 166.1892 0.0183 0.0 50.0
18.557682 146.39693 0.0184 8.0 45.0
20.802633 149.00606 0.0184 8.0 45.0
20.802633 149.00606 0.0185 7.0 46.0
23.047585 151.61519 0.0185 7.0 46.0
23.047585 151.61519 0.0186 6.0 47.0
25.292536 154.22432 0.0186 6.0 47.0
25.292536 154.22432 0.0187 5.0 48.0
27.537487 156.83345 0.0187 5.0 48.0
27.537487 156.83345 0.0188 4.0 49.0
30.549793 158.4988 0.0188 4.0 49.0
30.549793 158.4988 0.0189 3.0 50.0
33.5621 160.16414 0.0189 3.0 50.0
33.5621 160.16414 0.0190 0.0 51.0
35.807053 162.77327 0.0190 0.0 51.0
35.807053 162.77327 0.0191 0.0 52.0
38.052006 165.3824 0.0191 0.0 52.0
33.5621 160.16414 0.0192 2.0 51.0
36.574406 161.82948 0.0192 2.0 51.0
36.574406 161.82948 0.0193 1.0 52.0
39.58671 163.49483 0.0193 1.0 52.0
39.58671 163.49483 0.0194 0.0 53.0
42.990177 164.0084 0.0194 0.0 53.0
42.990177 164.0084 0.0195 0.0 54.0
46.393642 164.52199 0.0195 0.0 54.0
39.58671 163.49483 0.0196 0.0 53.0
41.831665 166.10396 0.0196 0.0 53.0
41.831665 166.10396 0.0197 0.0 54.0
44.07662 168.71309 0.0197 0.0 54.0
27.537487 156.83345 0.0198 4.0 49.0
28.734722 160.06052 0.0198 4.0 49.0
28.734722 160.06052 0.0199 3.0 50.0
29.931957 163.28758 0.0199 3.0 50.0
29.931957 163.28758 0.0200 0.0 51.0
29.931957 166.72958 0.0200 0.0 51.0
29.931957 166.72958 0.0201 0.0 52.0
29.931957 170.17159 0.0201 0.0 52.0
29.931957 163.28758 0.0202 2.0 51.0
31.129192 166.51465 0.0202 2.0 51.0
31.129192 166.51465 0.0203 1.0 52.0
32.326427 169.74171 0.0203 1.0 52.0
32.326427 169.74171 0.0204 0.0 53.0
34.57138 172.35085 0.0204 0.0 53.0
34.57138 172.35085 0.0205 0.0 54.0
36.816334 174.95998 0.0205 0.0 54.0
32.326427 169.74171 0.0206 0.0 53.0
32.326427 173.18372 0.0206 0.0 53.0
32.326427 173.18372 0.0207 0.0 54.0
32.326427 176.62572 0.0207 0.0 54.0
9.577877 135.9604 0.0208 20.0 41.0
10.775112 139.18747 0.0208 20.0 41.0
10.775112 139.18747 0.0209 19.0 42.0
11.972347 142.41454 0.0209 19.0 42.0
11.972347 142.41454 0.0210 18.0 43.0
13.169582 145.6416 0.0210 18.0 43.0
13.169582 145.6416 0.0211 17.0 44.0
14.366817 148.86867 0.0211 17.0 44.0
14.366817 148.86867 0.0212 16.0 45.0
15.564053 152.09573 0.0212 16.0 45.0
15.564053 152.09573 0.0213 15.0 46.0
16.761288 155.3228 0.0213 15.0 46.0
16.761288 155.3228 0.0214 14.0 47.0
17.958523 158.54987 0.0214 14.0 47.0
17.958523 158.54987 0.0215 13.0 48.0
19.155758 161.77693 0.0215 13.0 48.0
19.155758 161.77693 0.0216 12.0 49.0
21.40071 164.38606 0.0216 12.0 49.0
21.40071 164.38606 0.0217 11.0 50.0
23.64566 166.9952 0.0217 11.0 50.0
23.64566 166.9952 0.0218 10.0 51.0
25.890612 169.60432 0.0218 10.0 51.0
25.890612 169.60432 0.0219 9.0 52.0
28.135563 172.21346 0.0219 9.0 52.0
28.135563 172.21346 0.0220 4.0 53.0
29.332798 175.44052 0.0220 4.0 53.0
29.332798 175.44052 0.0221 3.0 54.0
30.530033 178.66759 0.0221 3.0 54.0
30.530033 178.66759 0.0222 0.0 55.0
30.530033 182.10959 0.0222 0.0 55.0
30.530033 182.10959 0.0223 0.0 56.0
30.530033 185.55159 0.0223 0.0 56.0
30.530033 178.66759 0.0224 2.0 55.0
31.727268 181.89465 0.0224 2.0 55.0
31.727268 181.89465 0.0225 1.0 56.0
32.924503 185.12172 0.0225 1.0 56.0
32.924503 185.12172 0.0226 0.0 57.0
35.169456 187.73085 0.0226 0.0 57.0
35.169456 187.73085 0.0227 0.0 58.0
37.41441 190.33998 0.0227 0.0 58.0
32.924503 185.12172 0.0228 0.0 57.0
32.924503 188.56372 0.0228 0.0 57.0
32.924503 188.56372 0.0229 0.0 58.0
32.924503 192.00572 0.0229 0.0 58.0
28.135563 172.21346 0.0230 8.0 53.0
30.380514 174.82259 0.0230 8.0 53.0
30.380514 174.82259 0.0231 7.0 54.0
32.625465 177.43172 0.0231 7.0 54.0
32.625465 177.43172 0.0232 6.0 55.0
34.87042 180.04085 0.0232 6.0 55.0
34.87042 180.04085 0.0233 5.0 56.0
37.11537 182.64998 0.0233 5.0 56.0
37.11537 182.64998 0.0234 4.0 57.0
40.127678 184.31532 0.0234 4.0 57.0
40.127678 184.31532 0.0235 3.0 58.0
43.139984 185.98067 0.0235 3.0 58.0
43.139984 185.98067 0.0236 0.0 59.0
45.384937 188.5898 0.0236 0.0 59.0
45.384937 188.5898 0.0237 0.0 60.0
47.62989 191.19893 0.0237 0.0 60.0
43.139984 185.98067 0.0238 2.0 59.0
46.15229 187.64601 0.0238 2.0 59.0
46.15229 187.64601 0.0239 1.0 60.0
49.164597 189.31136 0.0239 1.0 60.0
49.164597 189.31136 0.0240 0.0 61.0
52.56806 189.82494 0.0240 0.0 61.0
52.56806 189.82494 0.0241 0.0 62.0
55.971527 190.33852 0.0241 0.0 62.0
49.164597 189.31136 0.0242 0.0 61.0
51.40955 191.92049 0.0242 0.0 61.0
51.40955 191.92049 0.0243 0.0 62.0
53.654503 194.52962 0.0243 0.0 62.0
37.11537 182.64998 0.0244 4.0 57.0
38.312607 185.87704 0.0244 4.0 57.0
38.312607 185.87704 0.0245 3.0 58.0
39.509842 189.10411 0.0245 3.0 58.0
39.509842 189.10411 0.0246 0.0 59.0
39.509842 192.54611 0.0246 0.0 59.0
39.509842 192.54611 0.0247 0.0 60.0
39.509842 195.98811 0.0247 0.0 60.0
39.509842 189.10411 0.0248 2.0 59.0
40.707077 192.33118 0.0248 2.0 59.0
40.707077 192.33118 0.0249 1.0 60.0
41.904312 195.55824 0.0249 1.0 60.0
41.904312 195.55824 0.0250 0.0 61.0
44.149265 198.16737 0.0250 0.0 61.0
44.149265 198.16737 0.0251 0.0 62.0
46.39422 200.7765 0.0251 0.0 62.0
41.904312 195.55824 0.0252 0.0 61.0
41.904312 199.00024 0.0252 0.0 61.0
41.904312 199.00024 0.0253 0.0 62.0
41.904312 202.44225 0.0253 0.0 62.0
19.155758 161.77693 0.0254 12.0 49.0
19.155758 165.21893 0.0254 12.0 49.0
19.155758 165.21893 0.0255 11.0 50.0
19.155758 168.66093 0.0255 11.0 50.0
19.155758 168.66093 0.0256 10.0 51.0
19.155758 172.10294 0.0256 10.0 51.0
19.155758 172.10294 0.0257 9.0 52.0
19.155758 175.54494 0.0257 9.0 52.0
19.155758 175.54494 0.0258 4.0 53.0
17.958523 178.772 0.0258 4.0 53.0
17.958523 178.772 0.0259 3.0 54.0
16.761288 181.99907 0.0259 3.0 54.0
16.761288 181.99907 0.0260 0.0 55.0
14.516336 184.6082 0.0260 0.0 55.0
14.516336 184.6082 0.0261 0.0 56.0
12.271385 187.21733 0.0261 0.0 56.0
16.761288 181.99907 0.0262 2.0 55.0
15.564053 185.22614 0.0262 2.0 55.0
15.564053 185.22614 0.0263 1.0 56.0
14.366817 188.4532 0.0263 1.0 56.0
14.366817 188.4532 0.0264 0.0 57.0
14.366817 191.8952 0.0264 0.0 57.0
14.366817 191.8952 0.0265 0.0 58.0
14.366817 195.3372 0.0265 0.0 58.0
14.366817 188.4532 0.0266 0.0 57.0
12.121866 191.06233 0.0266 0.0 57.0
12.121866 191.06233 0.0267 0.0 58.0
9.876915 193.67146 0.0267 0.0 58.0
19.155758 175.54494 0.0268 8.0 53.0
19.155758 178.98694 0.0268 8.0 53.0
19.155758 178.98694 0.0269 7.0 54.0
19.155758 182.42894 0.0269 7.0 54.0
19.155758 182.42894 0.0270 6.0 55.0
19.155758 185.87094 0.0270 6.0 55.0
19.155758 185.87094 0.0271 5.0 56.0
19.155758 189.31294 0.0271 5.0 56.0
19.155758 189.31294 0.0272 4.0 57.0
20.352993 192.54001 0.0272 4.0 57.0
20.352993 192.54001 0.0273 3.0 58.0
21.550228 195.76707 0.0273 3.0 58.0
21.550228 195.76707 0.0274 0.0 59.0
21.550228 199.20908 0.0274 0.0 59.0
21.550228 199.20908 0.0275 0.0 60.0
21.550228 202.65108 0.0275 0.0 60.0
21.550228 195.76707 0.0276 2.0 59.0
22.747463 198.99414 0.0276 2.0 59.0
22.747463 198.99414 0.0277 1.0 60.0
23.944698 202.2212 0.0277 1.0 60.0
23.944698 202.2212 0.0278 0.0 61.0
26.18965 204.83034 0.0278 0.0 61.0
26.18965 204.83034 0.0279 0.0 62.0
28.4346 207.43947 0.0279 0.0 62.0
23.944698 202.2212 0.0280 0.0 61.0
23.944698 205.66321 0.0280 0.0 61.0
23.944698 205.66321 0.0281 0.0 62.0
23.944698 209.10521 0.0281 0.0 62.0
19.155758 189.31294 0.0282 4.0 57.0
17.958523 192.54001 0.0282 4.0 57.0
17.958523 192.54001 0.0283 3.0 58.0
16.761288 195.76707 0.0283 3.0 58.0
16.761288 195.76707 0.0284 0.0 59.0
14.516336 198.3762 0.0284 0.0 59.0
14.516336 198.3762 0.0285 0.0 60.0
12.271385 200.98534 0.0285 0.0 60.0
16.761288 195.76707 0.0286 2.0 59.0
15.564053 198.99414 0.0286 2.0 59.0
15.564053 198.99414 0.0287 1.0 60.0
14.366817 202.2212 0.0287 1.0 60.0
14.366817 202.2212 0.0288 0.0 61.0
14.366817 205.66321 0.0288 0.0 61.0
14.366817 205.66321 0.0289 0.0 62.0
14.366817 209.10521 0.0289 0.0 62.0
14.366817 202.2212 0.0290 0.0 61.0
12.121866 204.83034 0.0290 0.0 61.0
12.121866 204.83034 0.0291 0.0 62.0
9.876915 207.43947 0.0291 0.0 62.0
0.0 110.14387 0.0292 28.0 33.0
-1.1972346 113.37093 0.0292 28.0 33.0
-1.1972346 113.37093 0.0293 27.0 34.0
-2.3944693 116.598 0.0293 27.0 34.0
-2.3944693 116.598 0.0294 26.0 35.0
-3.591704 119.825066 0.0294 26.0 35.0
-3.591704 119.825066 0.0295 25.0 36.0
-4.7889385 123.05213 0.0295 25.0 36.0
-4.7889385 123.05213 0.0296 24.0 37.0
-5.986173 126.2792 0.0296 24.0 37.0
-5.986173 126.2792 0.0297 23.0 38.0
-7.183408 129.50627 0.0297 23.0 38.0
-7.183408 129.50627 0.0298 22.0 39.0
-8.380642 132.73334 0.0298 22.0 39.0
-8.380642 132.73334 0.0299 21.0 40.0
-9.577877 135.9604 0.0299 21.0 40.0
-9.577877 135.9604 0.0300 12.0 41.0
-9.577877 139.4024 0.0300 12.0 41.0
-9.577877 139.4024 0.0301 11.0 42.0
-9.577877 142.8444 0.0301 11.0 42.0
-9.577877 142.8444 0.0302 10.0 43.0
-9.577877 146.2864 0.0302 10.0 43.0
-9.577877 146.2864 0.0303 9.0 44.0
-9.577877 149.72841 0.0303 9.0 44.0
-9.577877 149.72841 0.0304 4.0 45.0
-10.775112 152.95547 0.0304 4.0 45.0
-10.775112 152.95547 0.0305 3.0 46.0
-11.972347 156.18254 0.0305 3.0 46.0
-11.972347 156.18254 0.0306 0.0 47.0
-14.2172985 158.79167 0.0306 0.0 47.0
-14.2172985 158.79167 0.0307 0.0 48.0
-16.46225 161.4008 0.0307 0.0 48.0
-11.972347 156.18254 0.0308 2.0 47.0
-13.169582 159.4096 0.0308 2.0 47.0
-13.169582 159.4096 0.0309 1.0 48.0
-14.366817 162.63667 0.0309 1.0 48.0
-14.366817 162.63667 0.0310 0.0 49.0
-14.366817 166.07867 0.0310 0.0 49.0
-14.366817 166.07867 0.0311 0.0 50.0
-14.366817 169.52068 0.0311 0.0 50.0
-14.366817 162.63667 0.0312 0.0 49.0
-16.611769 165.2458 0.0312 0.0 49.0
-16.611769 165.2458 0.0313 0.0 50.0
-18.85672 167.85493 0.0313 0.0 50.0
-9.577877 149.72841 0.0314 8.0 45.0
-9.577877 153.17041 0.0314 8.0 45.0
-9.577877 153.17041 0.0315 7.0 46.0
-9.577877 156.61241 0.0315 7.0 46.0
-9.577877 156.61241 0.0316 6.0 47.0
-9.577877 160.05441 0.0316 6.0 47.0
-9.577877 160.05441 0.0317 5.0 48.0
-9.577877 163.49641 0.0317 5.0 48.0
-9.577877 163.49641 0.0318 4.0 49.0
-8.380642 166.72348 0.0318 4.0 49.0
-8.380642 166.72348 0.0319 3.0 50.0
-7.1834073 169.95055 0.0319 3.0 50.0
-7.1834073 169.95055 0.0320 0.0 51.0
-7.1834073 173.39255 0.0320 0.0 51.0
-7.1834073 173.39255 0.0321 0.0 52.0
-7.1834073 176.83455 0.0321 0.0 52.0
-7.1834073 169.95055 0.0322 2.0 51.0
-5.9861727 173.17761 0.0322 2.0 51.0
-5.9861727 173.17761 0.0323 1.0 52.0
-4.788938 176.40468 0.0323 1.0 52.0
-4.788938 176.40468 0.0324 0.0 53.0
-2.5439863 179.01381 0.0324 0.0 53.0
-2.5439863 179.01381 0.0325 0.0 54.0
-0.2990346 181.62294 0.0325 0.0 54.0
-4.788938 176.40468 0.0326 0.0 53.0
-4.788938 179.84668 0.0326 0.0 53.0
-4.788938 179.84668 0.0327 0.0 54.0
-4.788938 183.28868 0.0327 0.0 54.0
-9.577877 163.49641 0.0328 4.0 49.0
-10.775112 166.72348 0.0328 4.0 49.0
-10.775112 166.72348 0.0329 3.0 50.0
-11.972347 169.95055 0.0329 3.0 50.0
-11.972347 169.95055 0.0330 0.0 51.0
-14.2172985 172.55968 0.0330 0.0 51.0
-14.2172985 172.55968 0.0331 0.0 52.0
-16.46225 175.16881 0.0331 0.0 52.0
-11.972347 169.95055 0.0332 2.0 51.0
-13.169582 173.17761 0.0332 2.0 51.0
-13.169582 173.17761 0.0333 1.0 52.0
-14.366817 176.40468 0.0333 1.0 52.0
-14.366817 176.40468 0.0334 0.0 53.0
-14.366817 179.84668 0.0334 0.0 53.0
-14.366817 179.84668 0.0335 0.0 54.0
-14.366817 183.28868 0.0335 0.0 54.0
-14.366817 176.40468 0.0336 0.0 53.0
-16.611769 179.01381 0.0336 0.0 53.0
-16.611769 179.01381 0.0337 0.0 54.0
-18.85672 181.62294 0.0337 0.0 54.0
-9.577877 135.9604 0.0338 20.0 41.0
-10.775112 139.18747 0.0338 20.0 41.0
-10.775112 139.18747 0.0339 19.0 42.0
-11.972347 142.41454 0.0339 19.0 42.0
-11.972347 142.41454 0.0340 18.0 43.0
-13.169582 145.6416 0.0340 18.0 43.0
-13.169582 145.6416 0.0341 17.0 44.0
-14.366817 148.86867 0.0341 17.0 44.0
-14.366817 148.86867 0.0342 16.0 45.0
-15.564053 152.09573 0.0342 16.0 45.0
-15.564053 152.09573 0.0343 15.0 46.0
-16.761288 155.3228 0.0343 15.0 46.0
-16.761288 155.3228 0.0344 14.0 47.0
-17.958523 158.54987 0.0344 14.0 47.0
-17.958523 158.54987 0.0345 13.0 48.0
-19.155758 161.77693 0.0345 13.0 48.0
-19.155758 161.77693 0.0346 12.0 49.0
-19.155758 165.21893 0.0346 12.0 49.0
-19.155758 165.21893 0.0347 11.0 50.0
-19.155758 168.66093 0.0347 11.0 50.0
-19.155758 168.66093 0.0348 10.0 51.0
-19.155758 172.10294 0.0348 10.0 51.0
-19.155758 172.10294 0.0349 9.0 52.0
-19.155758 175.54494 0.0349 9.0 52.0
-19.155758 175.54494 0.0350 4.0 53.0
-20.352993 178.772 0.0350 4.0 53.0
-20.352993 178.772 0.0351 3.0 54.0
-21.550228 181.99907 0.0351 3.0 54.0
-21.550228 181.99907 0.0352 0.0 55.0
-23.79518 184.6082 0.0352 0.0 55.0
-23.79518 184.6082 0.0353 0.0 56.0
-26.04013 187.21733 0.0353 0.0 56.0
-21.550228 181.99907 0.0354 2.0 55.0
-22.747463 185.22614 0.0354 2.0 55.0
-22.747463 185.22614 0.0355 1.0 56.0
-23.944698 188.4532 0.0355 1.0 56.0
-23.944698 188.4532 0.0356 0.0 57.0
-23.944698 191.8952 0.0356 0.0 57.0
-23.944698 191.8952 0.0357 0.0 58.0
-23.944698 195.3372 0.0357 0.0 58.0
-23.944698 188.4532 0.0358 0.0 57.0
-26.18965 191.06233 0.0358 0.0 57.0
-26.18965 191.06233 0.0359 0.0 58.0
-28.4346 193.67146 0.0359 0.0 58.0
-19.155758 175.54494 0.0360 8.0 53.0
-19.155758 178.98694 0.0360 8.0 53.0
-19.155758 178.98694 0.0361 7.0 54.0
-19.155758 182.42894 0.0361 7.0 54.0
-19.155758 182.42894 0.0362 6.0 55.0
-19.155758 185.87094 0.0362 6.0 55.0
-19.155758 185.87094 0.0363 5.0 56.0
-19.155758 189.31294 0.0363 5.0 56.0
-19.155758 189.31294 0.0364 4.0 57.0
-17.958523 192.54001 0.0364 4.0 57.0
-17.958523 192.54001 0.0365 3.0 58.0
-16.761288 195.76707 0.0365 3.0 58.0
-16.761288 195.76707 0.0366 0.0 59.0
-16.761288 199.20908 0.0366 0.0 59.0
-16.761288 199.20908 0.0367 0.0 60.0
-16.761288 202.65108 0.0367 0.0 60.0
-16.761288 195.76707 0.0368 2.0 59.0
-15.564053 198.99414 0.0368 2.0 59.0
-15.564053 198.99414 0.0369 1.0 60.0
-14.366817 202.2212 0.0369 1.0 60.0
-14.366817 202.2212 0.0370 0.0 61.0
-12.121866 204.83034 0.0370 0.0 61.0
-12.121866 204.83034 0.0371 0.0 62.0
-9.876915 207.43947 0.0371 0.0 62.0
-14.366817 202.2212 0.0372 0.0 61.0
-14.366817 205.66321 0.0372 0.0 61.0
-14.366817 205.66321 0.0373 0.0 62.0
-14.366817 209.10521 0.0373 0.0 62.0
-19.155758 189.31294 0.0374 4.0 57.0
-20.352993 192.54001 0.0374 4.0 57.0
-20.352993 192.54001 0.0375 3.0 58.0
-21.550228 195.76707 0.0375 3.0 58.0
-21.550228 195.76707 0.0376 0.0 59.0
-23.79518 198.3762 0.0376 0.0 59.0
-23.79518 198.3762 0.0377 0.0 60.0
-26.04013 200.98534 0.0377 0.0 60.0
-21.550228 195.76707 0.0378 2.0 59.0
-22.747463 198.99414 0.0378 2.0 59.0
-22.747463 198.99414 0.0379 1.0 60.0
-23.944698 202.2212 0.0379 1.0 60.0
-23.944698 202.2212 0.0380 0.0 61.0
-23.944698 205.66321 0.0380 0.0 61.0
-23.944698 205.66321 0.0381 0.0 62.0
-23.944698 209.10521 0.0381 0.0 62.0
-23.944698 202.2212 0.0382 0.0 61.0
-26.18965 204.83034 0.0382 0.0 61.0
-26.18965 204.83034 0.0383 0.0 62.0
-28.4346 207.43947 0.0383 0.0 62.0
-19.155758 161.77693 0.0384 12.0 49.0
-21.40071 164.38606 0.0384 12.0 49.0
-21.40071 164.38606 0.0385 11.0 50.0
-23.64566 166.9952 0.0385 11.0 50.0
-23.64566 166.9952 0.0386 10.0 51.0
-25.890612 169.60432 0.0386 10.0 51.0
-25.890612 169.60432 0.0387 9.0 52.0
-28.135563 172.21346 0.0387 9.0 52.0
-28.135563 172.21346 0.0388 4.0 53.0
-31.14787 173.8788 0.0388 4.0 53.0
-31.14787 173.8788 0.0389 3.0 54.0
-34.160175 175.54414 0.0389 3.0 54.0
-34.160175 175.54414 0.0390 0.0 55.0
-37.56364 176.05772 0.0390 0.0 55.0
-37.56364 176.05772 0.0391 0.0 56.0
-40.967106 176.5713 0.0391 0.0 56.0
-34.160175 175.54414 0.0392 2.0 55.0
-37.17248 177.20949 0.0392 2.0 55.0
-37.17248 177.20949 0.0393 1.0 56.0
-40.184788 178.87483 0.0393 1.0 56.0
-40.184788 178.87483 0.0394 0.0 57.0
-42.42974 181.48396 0.0394 0.0 57.0
-42.42974 181.48396 0.0395 0.0 58.0
-44.674694 184.0931 0.0395 0.0 58.0
-40.184788 178.87483 0.0396 0.0 57.0
-43.588253 179.38841 0.0396 0.0 57.0
-43.588253 179.38841 0.0397 0.0 58.0
-46.99172 179.902 0.0397 0.0 58.0
-28.135563 172.21346 0.0398 8.0 53.0
-30.380514 174.82259 0.0398 8.0 53.0
-30.380514 174.82259 0.0399 7.0 54.0
-32.625465 177.43172 0.0399 7.0 54.0
-32.625465 177.43172 0.0400 6.0 55.0
-34.87042 180.04085 0.0400 6.0 55.0
-34.87042 180.04085 0.0401 5.0 56.0
-37.11537 182.64998 0.0401 5.0 56.0
-37.11537 182.64998 0.0402 4.0 57.0
-38.312607 185.87704 0.0402 4.0 57.0
-38.312607 185.87704 0.0403 3.0 58.0
-39.509842 189.10411 0.0403 3.0 58.0
-39.509842 189.10411 0.0404 0.0 59.0
-41.754795 191.71324 0.0404 0.0 59.0
-41.754795 191.71324 0.0405 0.0 60.0
-43.99975 194.32237 0.0405 0.0 60.0
-39.509842 189.10411 0.0406 2.0 59.0
-40.707077 192.33118 0.0406 2.0 59.0
-40.707077 192.33118 0.0407 1.0 60.0
-41.904312 195.55824 0.0407 1.0 60.0
-41.904312 195.55824 0.0408 0.0 61.0
-41.904312 199.00024 0.0408 0.0 61.0
-41.904312 199.00024 0.0409 0.0 62.0
-41.904312 202.44225 0.0409 0.0 62.0
-41.904312 195.55824 0.0410 0.0 61.0
-44.149265 198.16737 0.0410 0.0 61.0
-44.149265 198.16737 0.0411 0.0 62.0
-46.39422 200.7765 0.0411 0.0 62.0
-37.11537 182.64998 0.0412 4.0 57.0
-40.127678 184.31532 0.0412 4.0 57.0
-40.127678 184.31532 0.0413 3.0 58.0
-43.139984 185.98067 0.0413 3.0 58.0
-43.139984 185.98067 0.0414 0.0 59.0
-46.54345 186.49425 0.0414 0.0 59.0
-46.54345 186.49425 0.0415 0.0 60.0
-49.946915 187.00783 0.0415 0.0 60.0
-43.139984 185.98067 0.0416 2.0 59.0
-46.15229 187.64601 0.0416 2.0 59.0
-46.15229 187.64601 0.0417 1.0 60.0
-49.164597 189.31136 0.0417 1.0 60.0
-49.164597 189.31136 0.0418 0.0 61.0
-51.40955 191.92049 0.0418 0.0 61.0
-51.40955 191.92049 0.0419 0.0 62.0
-53.654503 194.52962 0.0419 0.0 62.0
-49.164597 189.31136 0.0420 0.0 61.0
-52.56806 189.82494 0.0420 0.0 61.0
-52.56806 189.82494 0.0421 0.0 62.0
-55.971527 190.33852 0.0421 0.0 62.0
