0.0 0.0 0.00 79.0 1.0
0.0 3.5799677 0.00 79.0 1.0
0.0 3.5799677 0.01 0.0 2.0
1.7009662 6.730028 0.01 0.0 2.0
0.0 3.5799677 0.02 78.0 2.0
0.0 7.1599355 0.02 78.0 2.0
0.0 7.1599355 0.03 0.0 3.0
-1.7009662 10.309996 0.03 0.0 3.0
0.0 7.1599355 0.04 77.0 3.0
0.0 10.739903 0.04 77.0 3.0
0.0 10.739903 0.05 1.0 4.0
1.7009662 13.889964 0.05 1.0 4.0
1.7009662 13.889964 0.06 0.0 5.0
4.694371 15.853557 0.06 0.0 5.0
1.7009662 13.889964 0.07 0.0 5.0
3.4019325 17.040024 0.07 0.0 5.0
3.4019325 17.040024 0.08 0.0 6.0
3.4019325 20.619991 0.08 0.0 6.0
3.4019325 17.040024 0.09 0.0 6.0
5.1028986 20.190084 0.09 0.0 6.0
0.0 10.739903 0.010 76.0 4.0
0.0 14.319871 0.010 76.0 4.0
0.0 14.319871 0.011 0.0 5.0
1.7009662 17.469933 0.011 0.0 5.0
0.0 14.319871 0.012 75.0 5.0
0.0 17.89984 0.012 75.0 5.0
0.0 17.89984 0.013 0.0 6.0
-1.7009662 21.0499 0.013 0.0 6.0
0.0 17.89984 0.014 74.0 6.0
0.0 21.479807 0.014 74.0 6.0
0.0 21.479807 0.015 1.0 7.0
-1.7009662 24.629868 0.015 1.0 7.0
-1.7009662 24.629868 0.016 0.0 8.0
-1.7009662 28.209835 0.016 0.0 8.0
-1.7009662 24.629868 0.017 0.0 8.0
-3.4019325 27.779928 0.017 0.0 8.0
-3.4019325 27.779928 0.018 0.0 9.0
-6.3953376 29.74352 0.018 0.0 9.0
-3.4019325 27.779928 0.019 0.0 9.0
-5.1028986 30.929989 0.019 0.0 9.0
0.0 21.479807 0.020 73.0 7.0
0.0 25.059774 0.020 73.0 7.0
0.0 25.059774 0.021 0.0 8.0
1.7009662 28.209835 0.021 0.0 8.0
0.0 25.059774 0.022 72.0 8.0
0.0 28.639742 0.022 72.0 8.0
0.0 28.639742 0.023 0.0 9.0
-1.7009662 31.789803 0.023 0.0 9.0
0.0 28.639742 0.024 71.0 9.0
0.0 32.21971 0.024 71.0 9.0
0.0 32.21971 0.025 7.0 10.0
-1.7009662 35.369774 0.025 7.0 10.0
-1.7009662 35.369774 0.026 0.0 11.0
-1.7009662 38.94974 0.026 0.0 11.0
-1.7009662 35.369774 0.027 6.0 11.0
-3.4019325 38.519836 0.027 6.0 11.0
-3.4019325 38.519836 0.028 0.0 12.0
-6.3953376 40.48343 0.028 0.0 12.0
-3.4019325 38.519836 0.029 5.0 12.0
-5.1028986 41.6699 0.029 5.0 12.0
-5.1028986 41.6699 0.030 1.0 13.0
-5.1028986 45.249866 0.030 1.0 13.0
-5.1028986 45.249866 0.031 0.0 14.0
-3.4019322 48.399925 0.031 0.0 14.0
-5.1028986 45.249866 0.032 0.0 14.0
-5.1028986 48.829834 0.032 0.0 14.0
-5.1028986 48.829834 0.033 0.0 15.0
-6.803865 51.979897 0.033 0.0 15.0
-5.1028986 48.829834 0.034 0.0 15.0
-5.1028986 52.4098 0.034 0.0 15.0
-5.1028986 41.6699 0.035 4.0 13.0
-6.803865 44.81996 0.035 4.0 13.0
-6.803865 44.81996 0.036 0.0 14.0
-6.803865 48.39993 0.036 0.0 14.0
-6.803865 44.81996 0.037 3.0 14.0
-8.504831 47.970024 0.037 3.0 14.0
-8.504831 47.970024 0.038 0.0 15.0
-11.498237 49.933617 0.038 0.0 15.0
-8.504831 47.970024 0.039 2.0 15.0
-10.205797 51.120087 0.039 2.0 15.0
-10.205797 51.120087 0.040 1.0 16.0
-13.199203 53.08368 0.040 1.0 16.0
-13.199203 53.08368 0.041 0.0 17.0
-14.900168 56.23374 0.041 0.0 17.0
-13.199203 53.08368 0.042 0.0 17.0
-16.192608 55.04727 0.042 0.0 17.0
-16.192608 55.04727 0.043 0.0 18.0
-19.759514 55.35279 0.043 0.0 18.0
-16.192608 55.04727 0.044 0.0 18.0
-19.186012 57.010864 0.044 0.0 18.0
-10.205797 51.120087 0.045 1.0 16.0
-11.906763 54.27015 0.045 1.0 16.0
-11.906763 54.27015 0.046 0.0 17.0
-11.906763 57.850117 0.046 0.0 17.0
-11.906763 54.27015 0.047 0.0 17.0
-13.607729 57.42021 0.047 0.0 17.0
-13.607729 57.42021 0.048 0.0 18.0
-16.601133 59.383804 0.048 0.0 18.0
-13.607729 57.42021 0.049 0.0 18.0
-15.308695 60.570274 0.049 0.0 18.0
0.0 32.21971 0.050 70.0 10.0
0.0 35.79968 0.050 70.0 10.0
0.0 35.79968 0.051 0.0 11.0
1.7009662 38.949738 0.051 0.0 11.0
0.0 35.79968 0.052 69.0 11.0
0.0 39.379646 0.052 69.0 11.0
0.0 39.379646 0.053 0.0 12.0
-1.7009662 42.52971 0.053 0.0 12.0
0.0 39.379646 0.054 68.0 12.0
0.0 42.959614 0.054 68.0 12.0
0.0 42.959614 0.055 1.0 13.0
1.7009662 46.109673 0.055 1.0 13.0
1.7009662 46.109673 0.056 0.0 14.0
4.694371 48.073265 0.056 0.0 14.0
1.7009662 46.109673 0.057 0.0 14.0
3.4019325 49.259735 0.057 0.0 14.0
3.4019325 49.259735 0.058 0.0 15.0
3.4019325 52.839703 0.058 0.0 15.0
3.4019325 49.259735 0.059 0.0 15.0
5.1028986 52.409798 0.059 0.0 15.0
0.0 42.959614 0.060 67.0 13.0
0.0 46.53958 0.060 67.0 13.0
0.0 46.53958 0.061 0.0 14.0
1.7009662 49.689644 0.061 0.0 14.0
0.0 46.53958 0.062 66.0 14.0
0.0 50.11955 0.062 66.0 14.0
0.0 50.11955 0.063 0.0 15.0
-1.7009662 53.269608 0.063 0.0 15.0
0.0 50.11955 0.064 65.0 15.0
0.0 53.699516 0.064 65.0 15.0
0.0 53.699516 0.065 1.0 16.0
-1.7009662 56.84958 0.065 1.0 16.0
-1.7009662 56.84958 0.066 0.0 17.0
-1.7009662 60.429546 0.066 0.0 17.0
-1.7009662 56.84958 0.067 0.0 17.0
-3.4019325 59.99964 0.067 0.0 17.0
-3.4019325 59.99964 0.068 0.0 18.0
-6.3953376 61.963234 0.068 0.0 18.0
-3.4019325 59.99964 0.069 0.0 18.0
-5.1028986 63.149704 0.069 0.0 18.0
0.0 53.699516 0.070 64.0 16.0
0.0 57.279484 0.070 64.0 16.0
0.0 57.279484 0.071 0.0 17.0
1.7009662 60.429543 0.071 0.0 17.0
0.0 57.279484 0.072 63.0 17.0
0.0 60.85945 0.072 63.0 17.0
0.0 60.85945 0.073 0.0 18.0
-1.7009662 64.009514 0.073 0.0 18.0
0.0 60.85945 0.074 62.0 18.0
0.0 64.43942 0.074 62.0 18.0
0.0 64.43942 0.075 7.0 19.0
1.7009662 67.589485 0.075 7.0 19.0
1.7009662 67.589485 0.076 0.0 20.0
4.694371 69.55308 0.076 0.0 20.0
1.7009662 67.589485 0.077 6.0 20.0
3.4019325 70.73955 0.077 6.0 20.0
3.4019325 70.73955 0.078 0.0 21.0
3.4019325 74.31952 0.078 0.0 21.0
3.4019325 70.73955 0.079 5.0 21.0
5.1028986 73.88961 0.079 5.0 21.0
5.1028986 73.88961 0.080 1.0 22.0
8.096304 75.8532 0.080 1.0 22.0
8.096304 75.8532 0.081 0.0 23.0
11.663211 76.15872 0.081 0.0 23.0
8.096304 75.8532 0.082 0.0 23.0
11.089709 77.816795 0.082 0.0 23.0
11.089709 77.816795 0.083 0.0 24.0
12.790675 80.96686 0.083 0.0 24.0
11.089709 77.816795 0.084 0.0 24.0
14.083115 79.78039 0.084 0.0 24.0
5.1028986 73.88961 0.085 4.0 22.0
6.803865 77.03967 0.085 4.0 22.0
6.803865 77.03967 0.086 0.0 23.0
9.79727 79.003265 0.086 0.0 23.0
6.803865 77.03967 0.087 3.0 23.0
8.504831 80.189735 0.087 3.0 23.0
8.504831 80.189735 0.088 0.0 24.0
8.504831 83.76971 0.088 0.0 24.0
8.504831 80.189735 0.089 2.0 24.0
10.205797 83.3398 0.089 2.0 24.0
10.205797 83.3398 0.090 1.0 25.0
10.205797 86.91977 0.090 1.0 25.0
10.205797 86.91977 0.091 0.0 26.0
11.906763 90.06983 0.091 0.0 26.0
10.205797 86.91977 0.092 0.0 26.0
10.205797 90.49974 0.092 0.0 26.0
10.205797 90.49974 0.093 0.0 27.0
8.504831 93.6498 0.093 0.0 27.0
10.205797 90.49974 0.094 0.0 27.0
10.205797 94.07971 0.094 0.0 27.0
10.205797 83.3398 0.095 1.0 25.0
11.906763 86.48986 0.095 1.0 25.0
11.906763 86.48986 0.096 0.0 26.0
14.900168 88.45345 0.096 0.0 26.0
11.906763 86.48986 0.097 0.0 26.0
13.607729 89.63992 0.097 0.0 26.0
13.607729 89.63992 0.098 0.0 27.0
13.607729 93.219894 0.098 0.0 27.0
13.607729 89.63992 0.099 0.0 27.0
15.308695 92.789986 0.099 0.0 27.0
0.0 64.43942 0.0100 61.0 19.0
0.0 68.019394 0.0100 61.0 19.0
0.0 68.019394 0.0101 0.0 20.0
1.7009662 71.16946 0.0101 0.0 20.0
0.0 68.019394 0.0102 60.0 20.0
0.0 71.599365 0.0102 60.0 20.0
0.0 71.599365 0.0103 0.0 21.0
-1.7009662 74.74943 0.0103 0.0 21.0
0.0 71.599365 0.0104 59.0 21.0
0.0 75.17934 0.0104 59.0 21.0
0.0 75.17934 0.0105 1.0 22.0
1.7009662 78.3294 0.0105 1.0 22.0
1.7009662 78.3294 0.0106 0.0 23.0
4.694371 80.29299 0.0106 0.0 23.0
1.7009662 78.3294 0.0107 0.0 23.0
3.4019325 81.47946 0.0107 0.0 23.0
3.4019325 81.47946 0.0108 0.0 24.0
3.4019325 85.05943 0.0108 0.0 24.0
3.4019325 81.47946 0.0109 0.0 24.0
5.1028986 84.629524 0.0109 0.0 24.0
0.0 75.17934 0.0110 58.0 22.0
0.0 78.75931 0.0110 58.0 22.0
0.0 78.75931 0.0111 0.0 23.0
1.7009662 81.90937 0.0111 0.0 23.0
0.0 78.75931 0.0112 57.0 23.0
0.0 82.33928 0.0112 57.0 23.0
0.0 82.33928 0.0113 0.0 24.0
-1.7009662 85.48934 0.0113 0.0 24.0
0.0 82.33928 0.0114 56.0 24.0
0.0 85.91925 0.0114 56.0 24.0
0.0 85.91925 0.0115 1.0 25.0
-1.7009662 89.06931 0.0115 1.0 25.0
-1.7009662 89.06931 0.0116 0.0 26.0
-1.7009662 92.649284 0.0116 0.0 26.0
-1.7009662 89.06931 0.0117 0.0 26.0
-3.4019325 92.219376 0.0117 0.0 26.0
-3.4019325 92.219376 0.0118 0.0 27.0
-6.3953376 94.18297 0.0118 0.0 27.0
-3.4019325 92.219376 0.0119 0.0 27.0
-5.1028986 95.36944 0.0119 0.0 27.0
0.0 85.91925 0.0120 55.0 25.0
0.0 89.49922 0.0120 55.0 25.0
0.0 89.49922 0.0121 0.0 26.0
1.7009662 92.649284 0.0121 0.0 26.0
0.0 89.49922 0.0122 54.0 26.0
0.0 93.07919 0.0122 54.0 26.0
0.0 93.07919 0.0123 0.0 27.0
-1.7009662 96.229256 0.0123 0.0 27.0
0.0 93.07919 0.0124 53.0 27.0
0.0 96.659164 0.0124 53.0 27.0
0.0 96.659164 0.0125 25.0 28.0
-1.7009662 99.80923 0.0125 25.0 28.0
-1.7009662 99.80923 0.0126 0.0 29.0
-1.7009662 103.3892 0.0126 0.0 29.0
-1.7009662 99.80923 0.0127 24.0 29.0
-3.4019325 102.95929 0.0127 24.0 29.0
-3.4019325 102.95929 0.0128 0.0 30.0
-6.3953376 104.92288 0.0128 0.0 30.0
-3.4019325 102.95929 0.0129 23.0 30.0
-5.1028986 106.10935 0.0129 23.0 30.0
-5.1028986 106.10935 0.0130 1.0 31.0
-5.1028986 109.68932 0.0130 1.0 31.0
-5.1028986 109.68932 0.0131 0.0 32.0
-3.4019322 112.839386 0.0131 0.0 32.0
-5.1028986 109.68932 0.0132 0.0 32.0
-5.1028986 113.269295 0.0132 0.0 32.0
-5.1028986 113.269295 0.0133 0.0 33.0
-6.803865 116.41936 0.0133 0.0 33.0
-5.1028986 113.269295 0.0134 0.0 33.0
-5.1028986 116.849266 0.0134 0.0 33.0
-5.1028986 106.10935 0.0135 22.0 31.0
-6.803865 109.259415 0.0135 22.0 31.0
-6.803865 109.259415 0.0136 0.0 32.0
-6.803865 112.839386 0.0136 0.0 32.0
-6.803865 109.259415 0.0137 21.0 32.0
-8.504831 112.40948 0.0137 21.0 32.0
-8.504831 112.40948 0.0138 0.0 33.0
-11.498237 114.37307 0.0138 0.0 33.0
-8.504831 112.40948 0.0139 20.0 33.0
-10.205797 115.55954 0.0139 20.0 33.0
-10.205797 115.55954 0.0140 1.0 34.0
-13.199203 117.52313 0.0140 1.0 34.0
-13.199203 117.52313 0.0141 0.0 35.0
-14.900168 120.673195 0.0141 0.0 35.0
-13.199203 117.52313 0.0142 0.0 35.0
-16.192608 119.486725 0.0142 0.0 35.0
-16.192608 119.486725 0.0143 0.0 36.0
-19.759514 119.792244 0.0143 0.0 36.0
-16.192608 119.486725 0.0144 0.0 36.0
-19.186012 121.45032 0.0144 0.0 36.0
-10.205797 115.55954 0.0145 19.0 34.0
-11.906763 118.7096 0.0145 19.0 34.0
-11.906763 118.7096 0.0146 0.0 35.0
-11.906763 122.28957 0.0146 0.0 35.0
-11.906763 118.7096 0.0147 18.0 35.0
-13.607729 121.859665 0.0147 18.0 35.0
-13.607729 121.859665 0.0148 0.0 36.0
-16.601133 123.82326 0.0148 0.0 36.0
-13.607729 121.859665 0.0149 17.0 36.0
-15.308695 125.00973 0.0149 17.0 36.0
-15.308695 125.00973 0.0150 7.0 37.0
-18.3021 126.97332 0.0150 7.0 37.0
-18.3021 126.97332 0.0151 0.0 38.0
-20.003065 130.12338 0.0151 0.0 38.0
-18.3021 126.97332 0.0152 6.0 38.0
-21.295504 128.9369 0.0152 6.0 38.0
-21.295504 128.9369 0.0153 0.0 39.0
-24.862411 129.24243 0.0153 0.0 39.0
-21.295504 128.9369 0.0154 5.0 39.0
-24.288908 130.9005 0.0154 5.0 39.0
-24.288908 130.9005 0.0155 1.0 40.0
-25.989874 134.05055 0.0155 1.0 40.0
-25.989874 134.05055 0.0156 0.0 41.0
-25.989874 137.63052 0.0156 0.0 41.0
-25.989874 134.05055 0.0157 0.0 41.0
-27.69084 137.2006 0.0157 0.0 41.0
-27.69084 137.2006 0.0158 0.0 42.0
-30.684244 139.1642 0.0158 0.0 42.0
-27.69084 137.2006 0.0159 0.0 42.0
-29.391806 140.35066 0.0159 0.0 42.0
-24.288908 130.9005 0.0160 4.0 40.0
-27.282312 132.86409 0.0160 4.0 40.0
-27.282312 132.86409 0.0161 0.0 41.0
-28.983278 136.01414 0.0161 0.0 41.0
-27.282312 132.86409 0.0162 3.0 41.0
-30.275717 134.82768 0.0162 3.0 41.0
-30.275717 134.82768 0.0163 0.0 42.0
-33.842625 135.13321 0.0163 0.0 42.0
-30.275717 134.82768 0.0164 2.0 42.0
-33.269123 136.79128 0.0164 2.0 42.0
-33.269123 136.79128 0.0165 1.0 43.0
-36.83603 137.0968 0.0165 1.0 43.0
-36.83603 137.0968 0.0166 0.0 44.0
-39.829433 139.0604 0.0166 0.0 44.0
-36.83603 137.0968 0.0167 0.0 44.0
-40.402935 137.40233 0.0167 0.0 44.0
-40.402935 137.40233 0.0168 0.0 45.0
-43.68667 135.9764 0.0168 0.0 45.0
-40.402935 137.40233 0.0169 0.0 45.0
-43.96984 137.70786 0.0169 0.0 45.0
-33.269123 136.79128 0.0170 1.0 43.0
-36.262527 138.75487 0.0170 1.0 43.0
-36.262527 138.75487 0.0171 0.0 44.0
-37.963493 141.90492 0.0171 0.0 44.0
-36.262527 138.75487 0.0172 0.0 44.0
-39.25593 140.71846 0.0172 0.0 44.0
-39.25593 140.71846 0.0173 0.0 45.0
-42.822838 141.02399 0.0173 0.0 45.0
-39.25593 140.71846 0.0174 0.0 45.0
-42.249336 142.68205 0.0174 0.0 45.0
-15.308695 125.00973 0.0175 16.0 37.0
-17.00966 128.15979 0.0175 16.0 37.0
-17.00966 128.15979 0.0176 0.0 38.0
-17.00966 131.73976 0.0176 0.0 38.0
-17.00966 128.15979 0.0177 15.0 38.0
-18.710627 131.30984 0.0177 15.0 38.0
-18.710627 131.30984 0.0178 0.0 39.0
-21.704031 133.27344 0.0178 0.0 39.0
-18.710627 131.30984 0.0179 14.0 39.0
-20.411592 134.4599 0.0179 14.0 39.0
-20.411592 134.4599 0.0180 1.0 40.0
-20.411592 138.03987 0.0180 1.0 40.0
-20.411592 138.03987 0.0181 0.0 41.0
-18.710627 141.18993 0.0181 0.0 41.0
-20.411592 138.03987 0.0182 0.0 41.0
-20.411592 141.61984 0.0182 0.0 41.0
-20.411592 141.61984 0.0183 0.0 42.0
-22.112558 144.7699 0.0183 0.0 42.0
-20.411592 141.61984 0.0184 0.0 42.0
-20.411592 145.19981 0.0184 0.0 42.0
-20.411592 134.4599 0.0185 13.0 40.0
-22.112558 137.60995 0.0185 13.0 40.0
-22.112558 137.60995 0.0186 0.0 41.0
-22.112558 141.18993 0.0186 0.0 41.0
-22.112558 137.60995 0.0187 12.0 41.0
-23.813524 140.76001 0.0187 12.0 41.0
-23.813524 140.76001 0.0188 0.0 42.0
-26.806929 142.7236 0.0188 0.0 42.0
-23.813524 140.76001 0.0189 11.0 42.0
-25.51449 143.91006 0.0189 11.0 42.0
-25.51449 143.91006 0.0190 1.0 43.0
-28.507895 145.87366 0.0190 1.0 43.0
-28.507895 145.87366 0.0191 0.0 44.0
-30.20886 149.02371 0.0191 0.0 44.0
-28.507895 145.87366 0.0192 0.0 44.0
-31.501299 147.83725 0.0192 0.0 44.0
-31.501299 147.83725 0.0193 0.0 45.0
-35.068207 148.14278 0.0193 0.0 45.0
-31.501299 147.83725 0.0194 0.0 45.0
-34.494705 149.80084 0.0194 0.0 45.0
-25.51449 143.91006 0.0195 10.0 43.0
-27.215456 147.06012 0.0195 10.0 43.0
-27.215456 147.06012 0.0196 0.0 44.0
-27.215456 150.64009 0.0196 0.0 44.0
-27.215456 147.06012 0.0197 9.0 44.0
-28.916422 150.21017 0.0197 9.0 44.0
-28.916422 150.21017 0.0198 0.0 45.0
-31.909826 152.17377 0.0198 0.0 45.0
-28.916422 150.21017 0.0199 8.0 45.0
-30.617388 153.36023 0.0199 8.0 45.0
-30.617388 153.36023 0.0200 7.0 46.0
-30.617388 156.9402 0.0200 7.0 46.0
-30.617388 156.9402 0.0201 0.0 47.0
-28.916422 160.09026 0.0201 0.0 47.0
-30.617388 156.9402 0.0202 6.0 47.0
-30.617388 160.52017 0.0202 6.0 47.0
-30.617388 160.52017 0.0203 0.0 48.0
-32.318356 163.67023 0.0203 0.0 48.0
-30.617388 160.52017 0.0204 5.0 48.0
-30.617388 164.10014 0.0204 5.0 48.0
-30.617388 164.10014 0.0205 1.0 49.0
-28.916422 167.2502 0.0205 1.0 49.0
-28.916422 167.2502 0.0206 0.0 50.0
-25.923018 169.21379 0.0206 0.0 50.0
-28.916422 167.2502 0.0207 0.0 50.0
-27.215456 170.40025 0.0207 0.0 50.0
-27.215456 170.40025 0.0208 0.0 51.0
-27.215456 173.98022 0.0208 0.0 51.0
-27.215456 170.40025 0.0209 0.0 51.0
-25.51449 173.55031 0.0209 0.0 51.0
-30.617388 164.10014 0.0210 4.0 49.0
-30.617388 167.68011 0.0210 4.0 49.0
-30.617388 167.68011 0.0211 0.0 50.0
-28.916422 170.83017 0.0211 0.0 50.0
-30.617388 167.68011 0.0212 3.0 50.0
-30.617388 171.26009 0.0212 3.0 50.0
-30.617388 171.26009 0.0213 0.0 51.0
-32.318356 174.41014 0.0213 0.0 51.0
-30.617388 171.26009 0.0214 2.0 51.0
-30.617388 174.84006 0.0214 2.0 51.0
-30.617388 174.84006 0.0215 1.0 52.0
-32.318356 177.99011 0.0215 1.0 52.0
-32.318356 177.99011 0.0216 0.0 53.0
-32.318356 181.57008 0.0216 0.0 53.0
-32.318356 177.99011 0.0217 0.0 53.0
-34.01932 181.14017 0.0217 0.0 53.0
-34.01932 181.14017 0.0218 0.0 54.0
-37.012726 183.10376 0.0218 0.0 54.0
-34.01932 181.14017 0.0219 0.0 54.0
-35.720287 184.29022 0.0219 0.0 54.0
-30.617388 174.84006 0.0220 1.0 52.0
-30.617388 178.42003 0.0220 1.0 52.0
-30.617388 178.42003 0.0221 0.0 53.0
-28.916422 181.57008 0.0221 0.0 53.0
-30.617388 178.42003 0.0222 0.0 53.0
-30.617388 182.0 0.0222 0.0 53.0
-30.617388 182.0 0.0223 0.0 54.0
-32.318356 185.15005 0.0223 0.0 54.0
-30.617388 182.0 0.0224 0.0 54.0
-30.617388 185.57997 0.0224 0.0 54.0
-30.617388 153.36023 0.0225 7.0 46.0
-32.318356 156.51028 0.0225 7.0 46.0
-32.318356 156.51028 0.0226 0.0 47.0
-32.318356 160.09026 0.0226 0.0 47.0
-32.318356 156.51028 0.0227 6.0 47.0
-34.01932 159.66034 0.0227 6.0 47.0
-34.01932 159.66034 0.0228 0.0 48.0
-37.012726 161.62393 0.0228 0.0 48.0
-34.01932 159.66034 0.0229 5.0 48.0
-35.720287 162.8104 0.0229 5.0 48.0
-35.720287 162.8104 0.0230 1.0 49.0
-35.720287 166.39037 0.0230 1.0 49.0
-35.720287 166.39037 0.0231 0.0 50.0
-34.01932 169.54042 0.0231 0.0 50.0
-35.720287 166.39037 0.0232 0.0 50.0
-35.720287 169.97034 0.0232 0.0 50.0
-35.720287 169.97034 0.0233 0.0 51.0
-37.421253 173.12039 0.0233 0.0 51.0
-35.720287 169.97034 0.0234 0.0 51.0
-35.720287 173.55031 0.0234 0.0 51.0
-35.720287 162.8104 0.0235 4.0 49.0
-37.421253 165.96045 0.0235 4.0 49.0
-37.421253 165.96045 0.0236 0.0 50.0
-37.421253 169.54042 0.0236 0.0 50.0
-37.421253 165.96045 0.0237 3.0 50.0
-39.12222 169.1105 0.0237 3.0 50.0
-39.12222 169.1105 0.0238 0.0 51.0
-42.115623 171.0741 0.0238 0.0 51.0
-39.12222 169.1105 0.0239 2.0 51.0
-40.823185 172.26056 0.0239 2.0 51.0
-40.823185 172.26056 0.0240 1.0 52.0
-43.81659 174.22415 0.0240 1.0 52.0
-43.81659 174.22415 0.0241 0.0 53.0
-45.517555 177.3742 0.0241 0.0 53.0
-43.81659 174.22415 0.0242 0.0 53.0
-46.809994 176.18774 0.0242 0.0 53.0
-46.809994 176.18774 0.0243 0.0 54.0
-50.3769 176.49327 0.0243 0.0 54.0
-46.809994 176.18774 0.0244 0.0 54.0
-49.8034 178.15134 0.0244 0.0 54.0
-40.823185 172.26056 0.0245 1.0 52.0
-42.52415 175.41061 0.0245 1.0 52.0
-42.52415 175.41061 0.0246 0.0 53.0
-42.52415 178.99059 0.0246 0.0 53.0
-42.52415 175.41061 0.0247 0.0 53.0
-44.225117 178.56067 0.0247 0.0 53.0
-44.225117 178.56067 0.0248 0.0 54.0
-47.21852 180.52426 0.0248 0.0 54.0
-44.225117 178.56067 0.0249 0.0 54.0
-45.926083 181.71072 0.0249 0.0 54.0
0.0 96.659164 0.0250 52.0 28.0
0.0 100.239136 0.0250 52.0 28.0
0.0 100.239136 0.0251 0.0 29.0
1.7009662 103.3892 0.0251 0.0 29.0
0.0 100.239136 0.0252 51.0 29.0
0.0 103.81911 0.0252 51.0 29.0
0.0 103.81911 0.0253 0.0 30.0
-1.7009662 106.96917 0.0253 0.0 30.0
0.0 103.81911 0.0254 50.0 30.0
0.0 107.39908 0.0254 50.0 30.0
0.0 107.39908 0.0255 1.0 31.0
1.7009662 110.54914 0.0255 1.0 31.0
1.7009662 110.54914 0.0256 0.0 32.0
4.694371 112.51273 0.0256 0.0 32.0
1.7009662 110.54914 0.0257 0.0 32.0
3.4019325 113.6992 0.0257 0.0 32.0
3.4019325 113.6992 0.0258 0.0 33.0
3.4019325 117.279175 0.0258 0.0 33.0
3.4019325 113.6992 0.0259 0.0 33.0
5.1028986 116.849266 0.0259 0.0 33.0
0.0 107.39908 0.0260 49.0 31.0
0.0 110.97905 0.0260 49.0 31.0
0.0 110.97905 0.0261 0.0 32.0
1.7009662 114.12911 0.0261 0.0 32.0
0.0 110.97905 0.0262 48.0 32.0
0.0 114.55902 0.0262 48.0 32.0
0.0 114.55902 0.0263 0.0 33.0
-1.7009662 117.70908 0.0263 0.0 33.0
0.0 114.55902 0.0264 47.0 33.0
0.0 118.13899 0.0264 47.0 33.0
0.0 118.13899 0.0265 1.0 34.0
-1.7009662 121.289055 0.0265 1.0 34.0
-1.7009662 121.289055 0.0266 0.0 35.0
-1.7009662 124.869026 0.0266 0.0 35.0
-1.7009662 121.289055 0.0267 0.0 35.0
-3.4019325 124.43912 0.0267 0.0 35.0
-3.4019325 124.43912 0.0268 0.0 36.0
-6.3953376 126.40271 0.0268 0.0 36.0
-3.4019325 124.43912 0.0269 0.0 36.0
-5.1028986 127.58918 0.0269 0.0 36.0
0.0 118.13899 0.0270 46.0 34.0
0.0 121.71896 0.0270 46.0 34.0
0.0 121.71896 0.0271 0.0 35.0
1.7009662 124.869026 0.0271 0.0 35.0
0.0 121.71896 0.0272 45.0 35.0
0.0 125.298935 0.0272 45.0 35.0
0.0 125.298935 0.0273 0.0 36.0
-1.7009662 128.44899 0.0273 0.0 36.0
0.0 125.298935 0.0274 44.0 36.0
0.0 128.8789 0.0274 44.0 36.0
0.0 128.8789 0.0275 7.0 37.0
-1.7009662 132.02896 0.0275 7.0 37.0
-1.7009662 132.02896 0.0276 0.0 38.0
-1.7009662 135.60893 0.0276 0.0 38.0
-1.7009662 132.02896 0.0277 6.0 38.0
-3.4019325 135.17902 0.0277 6.0 38.0
-3.4019325 135.17902 0.0278 0.0 39.0
-6.3953376 137.14261 0.0278 0.0 39.0
-3.4019325 135.17902 0.0279 5.0 39.0
-5.1028986 138.32907 0.0279 5.0 39.0
-5.1028986 138.32907 0.0280 1.0 40.0
-5.1028986 141.90904 0.0280 1.0 40.0
-5.1028986 141.90904 0.0281 0.0 41.0
-3.4019322 145.0591 0.0281 0.0 41.0
-5.1028986 141.90904 0.0282 0.0 41.0
-5.1028986 145.48901 0.0282 0.0 41.0
-5.1028986 145.48901 0.0283 0.0 42.0
-6.803865 148.63907 0.0283 0.0 42.0
-5.1028986 145.48901 0.0284 0.0 42.0
-5.1028986 149.06898 0.0284 0.0 42.0
-5.1028986 138.32907 0.0285 4.0 40.0
-6.803865 141.47913 0.0285 4.0 40.0
-6.803865 141.47913 0.0286 0.0 41.0
-6.803865 145.0591 0.0286 0.0 41.0
-6.803865 141.47913 0.0287 3.0 41.0
-8.504831 144.62918 0.0287 3.0 41.0
-8.504831 144.62918 0.0288 0.0 42.0
-11.498237 146.59277 0.0288 0.0 42.0
-8.504831 144.62918 0.0289 2.0 42.0
-10.205797 147.77924 0.0289 2.0 42.0
-10.205797 147.77924 0.0290 1.0 43.0
-13.199203 149.74283 0.0290 1.0 43.0
-13.199203 149.74283 0.0291 0.0 44.0
-14.900168 152.89288 0.0291 0.0 44.0
-13.199203 149.74283 0.0292 0.0 44.0
-16.192608 151.70642 0.0292 0.0 44.0
-16.192608 151.70642 0.0293 0.0 45.0
-19.759514 152.01195 0.0293 0.0 45.0
-16.192608 151.70642 0.0294 0.0 45.0
-19.186012 153.67001 0.0294 0.0 45.0
-10.205797 147.77924 0.0295 1.0 43.0
-11.906763 150.92929 0.0295 1.0 43.0
-11.906763 150.92929 0.0296 0.0 44.0
-11.906763 154.50926 0.0296 0.0 44.0
-11.906763 150.92929 0.0297 0.0 44.0
-13.607729 154.07935 0.0297 0.0 44.0
-13.607729 154.07935 0.0298 0.0 45.0
-16.601133 156.04294 0.0298 0.0 45.0
-13.607729 154.07935 0.0299 0.0 45.0
-15.308695 157.2294 0.0299 0.0 45.0
0.0 128.8789 0.0300 43.0 37.0
0.0 132.45888 0.0300 43.0 37.0
0.0 132.45888 0.0301 0.0 38.0
1.7009662 135.60893 0.0301 0.0 38.0
0.0 132.45888 0.0302 42.0 38.0
0.0 136.03885 0.0302 42.0 38.0
0.0 136.03885 0.0303 0.0 39.0
-1.7009662 139.1889 0.0303 0.0 39.0
0.0 136.03885 0.0304 41.0 39.0
0.0 139.61882 0.0304 41.0 39.0
0.0 139.61882 0.0305 1.0 40.0
1.7009662 142.76888 0.0305 1.0 40.0
1.7009662 142.76888 0.0306 0.0 41.0
4.694371 144.73247 0.0306 0.0 41.0
1.7009662 142.76888 0.0307 0.0 41.0
3.4019325 145.91893 0.0307 0.0 41.0
3.4019325 145.91893 0.0308 0.0 42.0
3.4019325 149.4989 0.0308 0.0 42.0
3.4019325 145.91893 0.0309 0.0 42.0
5.1028986 149.06898 0.0309 0.0 42.0
0.0 139.61882 0.0310 40.0 40.0
0.0 143.19879 0.0310 40.0 40.0
0.0 143.19879 0.0311 0.0 41.0
1.7009662 146.34885 0.0311 0.0 41.0
0.0 143.19879 0.0312 39.0 41.0
0.0 146.77876 0.0312 39.0 41.0
0.0 146.77876 0.0313 0.0 42.0
-1.7009662 149.92882 0.0313 0.0 42.0
0.0 146.77876 0.0314 38.0 42.0
0.0 150.35873 0.0314 38.0 42.0
0.0 150.35873 0.0315 1.0 43.0
-1.7009662 153.50879 0.0315 1.0 43.0
-1.7009662 153.50879 0.0316 0.0 44.0
-1.7009662 157.08876 0.0316 0.0 44.0
-1.7009662 153.50879 0.0317 0.0 44.0
-3.4019325 156.65884 0.0317 0.0 44.0
-3.4019325 156.65884 0.0318 0.0 45.0
-6.3953376 158.62244 0.0318 0.0 45.0
-3.4019325 156.65884 0.0319 0.0 45.0
-5.1028986 159.8089 0.0319 0.0 45.0
0.0 150.35873 0.0320 37.0 43.0
0.0 153.9387 0.0320 37.0 43.0
0.0 153.9387 0.0321 0.0 44.0
1.7009662 157.08876 0.0321 0.0 44.0
0.0 153.9387 0.0322 36.0 44.0
0.0 157.51868 0.0322 36.0 44.0
0.0 157.51868 0.0323 0.0 45.0
-1.7009662 160.66873 0.0323 0.0 45.0
0.0 157.51868 0.0324 35.0 45.0
0.0 161.09865 0.0324 35.0 45.0
0.0 161.09865 0.0325 7.0 46.0
1.7009662 164.2487 0.0325 7.0 46.0
1.7009662 164.2487 0.0326 0.0 47.0
4.694371 166.2123 0.0326 0.0 47.0
1.7009662 164.2487 0.0327 6.0 47.0
3.4019325 167.39876 0.0327 6.0 47.0
3.4019325 167.39876 0.0328 0.0 48.0
3.4019325 170.97873 0.0328 0.0 48.0
3.4019325 167.39876 0.0329 5.0 48.0
5.1028986 170.54881 0.0329 5.0 48.0
5.1028986 170.54881 0.0330 1.0 49.0
8.096304 172.5124 0.0330 1.0 49.0
8.096304 172.5124 0.0331 0.0 50.0
11.663211 172.81793 0.0331 0.0 50.0
8.096304 172.5124 0.0332 0.0 50.0
11.089709 174.476 0.0332 0.0 50.0
11.089709 174.476 0.0333 0.0 51.0
12.790675 177.62605 0.0333 0.0 51.0
11.089709 174.476 0.0334 0.0 51.0
14.083115 176.43959 0.0334 0.0 51.0
5.1028986 170.54881 0.0335 4.0 49.0
6.803865 173.69887 0.0335 4.0 49.0
6.803865 173.69887 0.0336 0.0 50.0
9.79727 175.66246 0.0336 0.0 50.0
6.803865 173.69887 0.0337 3.0 50.0
8.504831 176.84892 0.0337 3.0 50.0
8.504831 176.84892 0.0338 0.0 51.0
8.504831 180.4289 0.0338 0.0 51.0
8.504831 176.84892 0.0339 2.0 51.0
10.205797 179.99898 0.0339 2.0 51.0
10.205797 179.99898 0.0340 1.0 52.0
10.205797 183.57895 0.0340 1.0 52.0
10.205797 183.57895 0.0341 0.0 53.0
11.906763 186.729 0.0341 0.0 53.0
10.205797 183.57895 0.0342 0.0 53.0
10.205797 187.15892 0.0342 0.0 53.0
10.205797 187.15892 0.0343 0.0 54.0
8.504831 190.30898 0.0343 0.0 54.0
10.205797 187.15892 0.0344 0.0 54.0
10.205797 190.73889 0.0344 0.0 54.0
10.205797 179.99898 0.0345 1.0 52.0
11.906763 183.14903 0.0345 1.0 52.0
11.906763 183.14903 0.0346 0.0 53.0
14.900168 185.11263 0.0346 0.0 53.0
11.906763 183.14903 0.0347 0.0 53.0
13.607729 186.29909 0.0347 0.0 53.0
13.607729 186.29909 0.0348 0.0 54.0
13.607729 189.87906 0.0348 0.0 54.0
13.607729 186.29909 0.0349 0.0 54.0
15.308695 189.44914 0.0349 0.0 54.0
0.0 161.09865 0.0350 34.0 46.0
0.0 164.67862 0.0350 34.0 46.0
0.0 164.67862 0.0351 0.0 47.0
1.7009662 167.82867 0.0351 0.0 47.0
0.0 164.67862 0.0352 33.0 47.0
0.0 168.25859 0.0352 33.0 47.0
0.0 168.25859 0.0353 0.0 48.0
-1.7009662 171.40865 0.0353 0.0 48.0
0.0 168.25859 0.0354 32.0 48.0
0.0 171.83856 0.0354 32.0 48.0
0.0 171.83856 0.0355 1.0 49.0
1.7009662 174.98862 0.0355 1.0 49.0
1.7009662 174.98862 0.0356 0.0 50.0
4.694371 176.95221 0.0356 0.0 50.0
1.7009662 174.98862 0.0357 0.0 50.0
3.4019325 178.13867 0.0357 0.0 50.0
3.4019325 178.13867 0.0358 0.0 51.0
3.4019325 181.71864 0.0358 0.0 51.0
3.4019325 178.13867 0.0359 0.0 51.0
5.1028986 181.28873 0.0359 0.0 51.0
0.0 171.83856 0.0360 31.0 49.0
0.0 175.41853 0.0360 31.0 49.0
0.0 175.41853 0.0361 0.0 50.0
1.7009662 178.56859 0.0361 0.0 50.0
0.0 175.41853 0.0362 30.0 50.0
0.0 178.9985 0.0362 30.0 50.0
0.0 178.9985 0.0363 0.0 51.0
-1.7009662 182.14856 0.0363 0.0 51.0
0.0 178.9985 0.0364 29.0 51.0
0.0 182.57848 0.0364 29.0 51.0
0.0 182.57848 0.0365 1.0 52.0
-1.7009662 185.72853 0.0365 1.0 52.0
-1.7009662 185.72853 0.0366 0.0 53.0
-1.7009662 189.3085 0.0366 0.0 53.0
-1.7009662 185.72853 0.0367 0.0 53.0
-3.4019325 188.87859 0.0367 0.0 53.0
-3.4019325 188.87859 0.0368 0.0 54.0
-6.3953376 190.84218 0.0368 0.0 54.0
-3.4019325 188.87859 0.0369 0.0 54.0
-5.1028986 192.02864 0.0369 0.0 54.0
0.0 182.57848 0.0370 28.0 52.0
0.0 186.15845 0.0370 28.0 52.0
0.0 186.15845 0.0371 0.0 53.0
1.7009662 189.3085 0.0371 0.0 53.0
0.0 186.15845 0.0372 27.0 53.0
0.0 189.73842 0.0372 27.0 53.0
0.0 189.73842 0.0373 0.0 54.0
-1.7009662 192.88847 0.0373 0.0 54.0
0.0 189.73842 0.0374 26.0 54.0
0.0 193.31839 0.0374 26.0 54.0
0.0 193.31839 0.0375 25.0 55.0
1.7009662 196.46844 0.0375 25.0 55.0
1.7009662 196.46844 0.0376 0.0 56.0
4.694371 198.43204 0.0376 0.0 56.0
1.7009662 196.46844 0.0377 24.0 56.0
3.4019325 199.6185 0.0377 24.0 56.0
3.4019325 199.6185 0.0378 0.0 57.0
3.4019325 203.19847 0.0378 0.0 57.0
3.4019325 199.6185 0.0379 23.0 57.0
5.1028986 202.76855 0.0379 23.0 57.0
5.1028986 202.76855 0.0380 1.0 58.0
8.096304 204.73215 0.0380 1.0 58.0
8.096304 204.73215 0.0381 0.0 59.0
11.663211 205.03767 0.0381 0.0 59.0
8.096304 204.73215 0.0382 0.0 59.0
11.089709 206.69574 0.0382 0.0 59.0
11.089709 206.69574 0.0383 0.0 60.0
12.790675 209.8458 0.0383 0.0 60.0
11.089709 206.69574 0.0384 0.0 60.0
14.083115 208.65933 0.0384 0.0 60.0
5.1028986 202.76855 0.0385 22.0 58.0
6.803865 205.91861 0.0385 22.0 58.0
6.803865 205.91861 0.0386 0.0 59.0
9.79727 207.8822 0.0386 0.0 59.0
6.803865 205.91861 0.0387 21.0 59.0
8.504831 209.06866 0.0387 21.0 59.0
8.504831 209.06866 0.0388 0.0 60.0
8.504831 212.64864 0.0388 0.0 60.0
8.504831 209.06866 0.0389 20.0 60.0
10.205797 212.21872 0.0389 20.0 60.0
10.205797 212.21872 0.0390 1.0 61.0
10.205797 215.79869 0.0390 1.0 61.0
10.205797 215.79869 0.0391 0.0 62.0
11.906763 218.94875 0.0391 0.0 62.0
10.205797 215.79869 0.0392 0.0 62.0
10.205797 219.37866 0.0392 0.0 62.0
10.205797 219.37866 0.0393 0.0 63.0
8.504831 222.52872 0.0393 0.0 63.0
10.205797 219.37866 0.0394 0.0 63.0
10.205797 222.95863 0.0394 0.0 63.0
10.205797 212.21872 0.0395 19.0 61.0
11.906763 215.36877 0.0395 19.0 61.0
11.906763 215.36877 0.0396 0.0 62.0
14.900168 217.33237 0.0396 0.0 62.0
11.906763 215.36877 0.0397 18.0 62.0
13.607729 218.51883 0.0397 18.0 62.0
13.607729 218.51883 0.0398 0.0 63.0
13.607729 222.0988 0.0398 0.0 63.0
13.607729 218.51883 0.0399 17.0 63.0
15.308695 221.66888 0.0399 17.0 63.0
15.308695 221.66888 0.0400 7.0 64.0
15.308695 225.24886 0.0400 7.0 64.0
15.308695 225.24886 0.0401 0.0 65.0
17.00966 228.39891 0.0401 0.0 65.0
15.308695 225.24886 0.0402 6.0 65.0
15.308695 228.82883 0.0402 6.0 65.0
15.308695 228.82883 0.0403 0.0 66.0
13.607729 231.97888 0.0403 0.0 66.0
15.308695 228.82883 0.0404 5.0 66.0
15.308695 232.4088 0.0404 5.0 66.0
15.308695 232.4088 0.0405 1.0 67.0
17.00966 235.55885 0.0405 1.0 67.0
17.00966 235.55885 0.0406 0.0 68.0
20.003065 237.52245 0.0406 0.0 68.0
17.00966 235.55885 0.0407 0.0 68.0
18.710627 238.70891 0.0407 0.0 68.0
18.710627 238.70891 0.0408 0.0 69.0
18.710627 242.28888 0.0408 0.0 69.0
18.710627 238.70891 0.0409 0.0 69.0
20.411592 241.85896 0.0409 0.0 69.0
15.308695 232.4088 0.0410 4.0 67.0
15.308695 235.98877 0.0410 4.0 67.0
15.308695 235.98877 0.0411 0.0 68.0
17.00966 239.13882 0.0411 0.0 68.0
15.308695 235.98877 0.0412 3.0 68.0
15.308695 239.56874 0.0412 3.0 68.0
15.308695 239.56874 0.0413 0.0 69.0
13.607729 242.7188 0.0413 0.0 69.0
15.308695 239.56874 0.0414 2.0 69.0
15.308695 243.14871 0.0414 2.0 69.0
15.308695 243.14871 0.0415 1.0 70.0
13.607729 246.29877 0.0415 1.0 70.0
13.607729 246.29877 0.0416 0.0 71.0
13.607729 249.87874 0.0416 0.0 71.0
13.607729 246.29877 0.0417 0.0 71.0
11.906763 249.44882 0.0417 0.0 71.0
11.906763 249.44882 0.0418 0.0 72.0
8.913358 251.41241 0.0418 0.0 72.0
11.906763 249.44882 0.0419 0.0 72.0
10.205797 252.59888 0.0419 0.0 72.0
15.308695 243.14871 0.0420 1.0 70.0
15.308695 246.72868 0.0420 1.0 70.0
15.308695 246.72868 0.0421 0.0 71.0
17.00966 249.87874 0.0421 0.0 71.0
15.308695 246.72868 0.0422 0.0 71.0
15.308695 250.30865 0.0422 0.0 71.0
15.308695 250.30865 0.0423 0.0 72.0
13.607729 253.45871 0.0423 0.0 72.0
15.308695 250.30865 0.0424 0.0 72.0
15.308695 253.88863 0.0424 0.0 72.0
15.308695 221.66888 0.0425 16.0 64.0
17.00966 224.81894 0.0425 16.0 64.0
17.00966 224.81894 0.0426 0.0 65.0
20.003065 226.78253 0.0426 0.0 65.0
17.00966 224.81894 0.0427 15.0 65.0
18.710627 227.969 0.0427 15.0 65.0
18.710627 227.969 0.0428 0.0 66.0
18.710627 231.54897 0.0428 0.0 66.0
18.710627 227.969 0.0429 14.0 66.0
20.411592 231.11905 0.0429 14.0 66.0
20.411592 231.11905 0.0430 1.0 67.0
23.404997 233.08264 0.0430 1.0 67.0
23.404997 233.08264 0.0431 0.0 68.0
26.971905 233.38817 0.0431 0.0 68.0
23.404997 233.08264 0.0432 0.0 68.0
26.398401 235.04623 0.0432 0.0 68.0
26.398401 235.04623 0.0433 0.0 69.0
28.099367 238.19629 0.0433 0.0 69.0
26.398401 235.04623 0.0434 0.0 69.0
29.391806 237.00983 0.0434 0.0 69.0
20.411592 231.11905 0.0435 13.0 67.0
22.112558 234.2691 0.0435 13.0 67.0
22.112558 234.2691 0.0436 0.0 68.0
25.105963 236.2327 0.0436 0.0 68.0
22.112558 234.2691 0.0437 12.0 68.0
23.813524 237.41916 0.0437 12.0 68.0
23.813524 237.41916 0.0438 0.0 69.0
23.813524 240.99913 0.0438 0.0 69.0
23.813524 237.41916 0.0439 11.0 69.0
25.51449 240.56921 0.0439 11.0 69.0
25.51449 240.56921 0.0440 1.0 70.0
25.51449 244.14919 0.0440 1.0 70.0
25.51449 244.14919 0.0441 0.0 71.0
27.215456 247.29924 0.0441 0.0 71.0
25.51449 244.14919 0.0442 0.0 71.0
25.51449 247.72916 0.0442 0.0 71.0
25.51449 247.72916 0.0443 0.0 72.0
23.813524 250.87921 0.0443 0.0 72.0
25.51449 247.72916 0.0444 0.0 72.0
25.51449 251.30913 0.0444 0.0 72.0
25.51449 240.56921 0.0445 10.0 70.0
27.215456 243.71927 0.0445 10.0 70.0
27.215456 243.71927 0.0446 0.0 71.0
30.20886 245.68286 0.0446 0.0 71.0
27.215456 243.71927 0.0447 9.0 71.0
28.916422 246.86932 0.0447 9.0 71.0
28.916422 246.86932 0.0448 0.0 72.0
28.916422 250.4493 0.0448 0.0 72.0
28.916422 246.86932 0.0449 8.0 72.0
30.617388 250.01938 0.0449 8.0 72.0
30.617388 250.01938 0.0450 7.0 73.0
33.610794 251.98297 0.0450 7.0 73.0
33.610794 251.98297 0.0451 0.0 74.0
37.1777 252.2885 0.0451 0.0 74.0
33.610794 251.98297 0.0452 6.0 74.0
36.6042 253.94656 0.0452 6.0 74.0
36.6042 253.94656 0.0453 0.0 75.0
38.305164 257.09662 0.0453 0.0 75.0
36.6042 253.94656 0.0454 5.0 75.0
39.597603 255.91016 0.0454 5.0 75.0
39.597603 255.91016 0.0455 1.0 76.0
43.16451 256.21567 0.0455 1.0 76.0
43.16451 256.21567 0.0456 0.0 77.0
46.448242 254.78973 0.0456 0.0 77.0
43.16451 256.21567 0.0457 0.0 77.0
46.731415 256.52118 0.0457 0.0 77.0
46.731415 256.52118 0.0458 0.0 78.0
49.72482 258.48477 0.0458 0.0 78.0
46.731415 256.52118 0.0459 0.0 78.0
50.29832 256.8267 0.0459 0.0 78.0
39.597603 255.91016 0.0460 4.0 76.0
42.591007 257.87375 0.0460 4.0 76.0
42.591007 257.87375 0.0461 0.0 77.0
46.157913 258.17926 0.0461 0.0 77.0
42.591007 257.87375 0.0462 3.0 77.0
45.58441 259.83734 0.0462 3.0 77.0
45.58441 259.83734 0.0463 0.0 78.0
47.285378 262.9874 0.0463 0.0 78.0
45.58441 259.83734 0.0464 2.0 78.0
48.577816 261.80093 0.0464 2.0 78.0
48.577816 261.80093 0.0465 1.0 79.0
50.27878 264.951 0.0465 1.0 79.0
50.27878 264.951 0.0466 0.0 80.0
53.272186 266.91458 0.0466 0.0 80.0
50.27878 264.951 0.0467 0.0 80.0
51.979748 268.10104 0.0467 0.0 80.0
51.979748 268.10104 0.0468 0.0 81.0
51.979748 271.681 0.0468 0.0 81.0
51.979748 268.10104 0.0469 0.0 81.0
53.680714 271.2511 0.0469 0.0 81.0
48.577816 261.80093 0.0470 1.0 79.0
51.57122 263.76453 0.0470 1.0 79.0
51.57122 263.76453 0.0471 0.0 80.0
55.138126 264.07004 0.0471 0.0 80.0
51.57122 263.76453 0.0472 0.0 80.0
54.564625 265.72812 0.0472 0.0 80.0
54.564625 265.72812 0.0473 0.0 81.0
56.26559 268.87817 0.0473 0.0 81.0
54.564625 265.72812 0.0474 0.0 81.0
57.55803 267.6917 0.0474 0.0 81.0
30.617388 250.01938 0.0475 7.0 73.0
32.318356 253.16943 0.0475 7.0 73.0
32.318356 253.16943 0.0476 0.0 74.0
35.31176 255.13303 0.0476 0.0 74.0
32.318356 253.16943 0.0477 6.0 74.0
34.01932 256.3195 0.0477 6.0 74.0
34.01932 256.3195 0.0478 0.0 75.0
34.01932 259.89944 0.0478 0.0 75.0
34.01932 256.3195 0.0479 5.0 75.0
35.720287 259.46954 0.0479 5.0 75.0
35.720287 259.46954 0.0480 1.0 76.0
38.71369 261.43314 0.0480 1.0 76.0
38.71369 261.43314 0.0481 0.0 77.0
42.280598 261.73865 0.0481 0.0 77.0
38.71369 261.43314 0.0482 0.0 77.0
41.707096 263.39673 0.0482 0.0 77.0
41.707096 263.39673 0.0483 0.0 78.0
43.408062 266.54678 0.0483 0.0 78.0
41.707096 263.39673 0.0484 0.0 78.0
44.7005 265.36032 0.0484 0.0 78.0
35.720287 259.46954 0.0485 4.0 76.0
37.421253 262.6196 0.0485 4.0 76.0
37.421253 262.6196 0.0486 0.0 77.0
40.414658 264.5832 0.0486 0.0 77.0
37.421253 262.6196 0.0487 3.0 77.0
39.12222 265.76965 0.0487 3.0 77.0
39.12222 265.76965 0.0488 0.0 78.0
39.12222 269.3496 0.0488 0.0 78.0
39.12222 265.76965 0.0489 2.0 78.0
40.823185 268.9197 0.0489 2.0 78.0
40.823185 268.9197 0.0490 1.0 79.0
40.823185 272.49966 0.0490 1.0 79.0
40.823185 272.49966 0.0491 0.0 80.0
42.52415 275.64972 0.0491 0.0 80.0
40.823185 272.49966 0.0492 0.0 80.0
40.823185 276.07962 0.0492 0.0 80.0
40.823185 276.07962 0.0493 0.0 81.0
39.12222 279.22968 0.0493 0.0 81.0
40.823185 276.07962 0.0494 0.0 81.0
40.823185 279.65958 0.0494 0.0 81.0
40.823185 268.9197 0.0495 1.0 79.0
42.52415 272.06976 0.0495 1.0 79.0
42.52415 272.06976 0.0496 0.0 80.0
45.517555 274.03336 0.0496 0.0 80.0
42.52415 272.06976 0.0497 0.0 80.0
44.225117 275.21982 0.0497 0.0 80.0
44.225117 275.21982 0.0498 0.0 81.0
44.225117 278.79977 0.0498 0.0 81.0
44.225117 275.21982 0.0499 0.0 81.0
45.926083 278.36987 0.0499 0.0 81.0
0.0 193.31839 0.0500 25.0 55.0
0.0 196.89836 0.0500 25.0 55.0
0.0 196.89836 0.0501 0.0 56.0
1.7009662 200.04842 0.0501 0.0 56.0
0.0 196.89836 0.0502 24.0 56.0
0.0 200.47833 0.0502 24.0 56.0
0.0 200.47833 0.0503 0.0 57.0
-1.7009662 203.62839 0.0503 0.0 57.0
0.0 200.47833 0.0504 23.0 57.0
0.0 204.0583 0.0504 23.0 57.0
0.0 204.0583 0.0505 1.0 58.0
1.7009662 207.20836 0.0505 1.0 58.0
1.7009662 207.20836 0.0506 0.0 59.0
4.694371 209.17195 0.0506 0.0 59.0
1.7009662 207.20836 0.0507 0.0 59.0
3.4019325 210.35841 0.0507 0.0 59.0
3.4019325 210.35841 0.0508 0.0 60.0
3.4019325 213.93839 0.0508 0.0 60.0
3.4019325 210.35841 0.0509 0.0 60.0
5.1028986 213.50847 0.0509 0.0 60.0
0.0 204.0583 0.0510 22.0 58.0
0.0 207.63828 0.0510 22.0 58.0
0.0 207.63828 0.0511 0.0 59.0
1.7009662 210.78833 0.0511 0.0 59.0
0.0 207.63828 0.0512 21.0 59.0
0.0 211.21825 0.0512 21.0 59.0
0.0 211.21825 0.0513 0.0 60.0
-1.7009662 214.3683 0.0513 0.0 60.0
0.0 211.21825 0.0514 20.0 60.0
0.0 214.79822 0.0514 20.0 60.0
0.0 214.79822 0.0515 1.0 61.0
-1.7009662 217.94827 0.0515 1.0 61.0
-1.7009662 217.94827 0.0516 0.0 62.0
-1.7009662 221.52824 0.0516 0.0 62.0
-1.7009662 217.94827 0.0517 0.0 62.0
-3.4019325 221.09833 0.0517 0.0 62.0
-3.4019325 221.09833 0.0518 0.0 63.0
-6.3953376 223.06192 0.0518 0.0 63.0
-3.4019325 221.09833 0.0519 0.0 63.0
-5.1028986 224.24838 0.0519 0.0 63.0
0.0 214.79822 0.0520 19.0 61.0
0.0 218.37819 0.0520 19.0 61.0
0.0 218.37819 0.0521 0.0 62.0
1.7009662 221.52824 0.0521 0.0 62.0
0.0 218.37819 0.0522 18.0 62.0
0.0 221.95816 0.0522 18.0 62.0
0.0 221.95816 0.0523 0.0 63.0
-1.7009662 225.10822 0.0523 0.0 63.0
0.0 221.95816 0.0524 17.0 63.0
0.0 225.53813 0.0524 17.0 63.0
0.0 225.53813 0.0525 7.0 64.0
-1.7009662 228.68819 0.0525 7.0 64.0
-1.7009662 228.68819 0.0526 0.0 65.0
-1.7009662 232.26816 0.0526 0.0 65.0
-1.7009662 228.68819 0.0527 6.0 65.0
-3.4019325 231.83824 0.0527 6.0 65.0
-3.4019325 231.83824 0.0528 0.0 66.0
-6.3953376 233.80183 0.0528 0.0 66.0
-3.4019325 231.83824 0.0529 5.0 66.0
-5.1028986 234.9883 0.0529 5.0 66.0
-5.1028986 234.9883 0.0530 1.0 67.0
-5.1028986 238.56827 0.0530 1.0 67.0
-5.1028986 238.56827 0.0531 0.0 68.0
-3.4019322 241.71832 0.0531 0.0 68.0
-5.1028986 238.56827 0.0532 0.0 68.0
-5.1028986 242.14824 0.0532 0.0 68.0
-5.1028986 242.14824 0.0533 0.0 69.0
-6.803865 245.2983 0.0533 0.0 69.0
-5.1028986 242.14824 0.0534 0.0 69.0
-5.1028986 245.72821 0.0534 0.0 69.0
-5.1028986 234.9883 0.0535 4.0 67.0
-6.803865 238.13835 0.0535 4.0 67.0
-6.803865 238.13835 0.0536 0.0 68.0
-6.803865 241.71832 0.0536 0.0 68.0
-6.803865 238.13835 0.0537 3.0 68.0
-8.504831 241.2884 0.0537 3.0 68.0
-8.504831 241.2884 0.0538 0.0 69.0
-11.498237 243.252 0.0538 0.0 69.0
-8.504831 241.2884 0.0539 2.0 69.0
-10.205797 244.43846 0.0539 2.0 69.0
-10.205797 244.43846 0.0540 1.0 70.0
-13.199203 246.40205 0.0540 1.0 70.0
-13.199203 246.40205 0.0541 0.0 71.0
-14.900168 249.55211 0.0541 0.0 71.0
-13.199203 246.40205 0.0542 0.0 71.0
-16.192608 248.36565 0.0542 0.0 71.0
-16.192608 248.36565 0.0543 0.0 72.0
-19.759514 248.67117 0.0543 0.0 72.0
-16.192608 248.36565 0.0544 0.0 72.0
-19.186012 250.32924 0.0544 0.0 72.0
-10.205797 244.43846 0.0545 1.0 70.0
-11.906763 247.58852 0.0545 1.0 70.0
-11.906763 247.58852 0.0546 0.0 71.0
-11.906763 251.16849 0.0546 0.0 71.0
-11.906763 247.58852 0.0547 0.0 71.0
-13.607729 250.73857 0.0547 0.0 71.0
-13.607729 250.73857 0.0548 0.0 72.0
-16.601133 252.70216 0.0548 0.0 72.0
-13.607729 250.73857 0.0549 0.0 72.0
-15.308695 253.88863 0.0549 0.0 72.0
0.0 225.53813 0.0550 16.0 64.0
0.0 229.1181 0.0550 16.0 64.0
0.0 229.1181 0.0551 0.0 65.0
1.7009662 232.26816 0.0551 0.0 65.0
0.0 229.1181 0.0552 15.0 65.0
0.0 232.69807 0.0552 15.0 65.0
0.0 232.69807 0.0553 0.0 66.0
-1.7009662 235.84813 0.0553 0.0 66.0
0.0 232.69807 0.0554 14.0 66.0
0.0 236.27805 0.0554 14.0 66.0
0.0 236.27805 0.0555 1.0 67.0
1.7009662 239.4281 0.0555 1.0 67.0
1.7009662 239.4281 0.0556 0.0 68.0
4.694371 241.3917 0.0556 0.0 68.0
1.7009662 239.4281 0.0557 0.0 68.0
3.4019325 242.57816 0.0557 0.0 68.0
3.4019325 242.57816 0.0558 0.0 69.0
3.4019325 246.15813 0.0558 0.0 69.0
3.4019325 242.57816 0.0559 0.0 69.0
5.1028986 245.72821 0.0559 0.0 69.0
0.0 236.27805 0.0560 13.0 67.0
0.0 239.85802 0.0560 13.0 67.0
0.0 239.85802 0.0561 0.0 68.0
1.7009662 243.00807 0.0561 0.0 68.0
0.0 239.85802 0.0562 12.0 68.0
0.0 243.43799 0.0562 12.0 68.0
0.0 243.43799 0.0563 0.0 69.0
-1.7009662 246.58804 0.0563 0.0 69.0
0.0 243.43799 0.0564 11.0 69.0
0.0 247.01796 0.0564 11.0 69.0
0.0 247.01796 0.0565 1.0 70.0
-1.7009662 250.16801 0.0565 1.0 70.0
-1.7009662 250.16801 0.0566 0.0 71.0
-1.7009662 253.74799 0.0566 0.0 71.0
-1.7009662 250.16801 0.0567 0.0 71.0
-3.4019325 253.31807 0.0567 0.0 71.0
-3.4019325 253.31807 0.0568 0.0 72.0
-6.3953376 255.28166 0.0568 0.0 72.0
-3.4019325 253.31807 0.0569 0.0 72.0
-5.1028986 256.46814 0.0569 0.0 72.0
0.0 247.01796 0.0570 10.0 70.0
0.0 250.59793 0.0570 10.0 70.0
0.0 250.59793 0.0571 0.0 71.0
1.7009662 253.74799 0.0571 0.0 71.0
0.0 250.59793 0.0572 9.0 71.0
0.0 254.1779 0.0572 9.0 71.0
0.0 254.1779 0.0573 0.0 72.0
-1.7009662 257.32797 0.0573 0.0 72.0
0.0 254.1779 0.0574 8.0 72.0
0.0 257.75787 0.0574 8.0 72.0
0.0 257.75787 0.0575 7.0 73.0
1.7009662 260.90793 0.0575 7.0 73.0
1.7009662 260.90793 0.0576 0.0 74.0
4.694371 262.87152 0.0576 0.0 74.0
1.7009662 260.90793 0.0577 6.0 74.0
3.4019325 264.05798 0.0577 6.0 74.0
3.4019325 264.05798 0.0578 0.0 75.0
3.4019325 267.63794 0.0578 0.0 75.0
3.4019325 264.05798 0.0579 5.0 75.0
5.1028986 267.20804 0.0579 5.0 75.0
5.1028986 267.20804 0.0580 1.0 76.0
8.096304 269.17163 0.0580 1.0 76.0
8.096304 269.17163 0.0581 0.0 77.0
11.663211 269.47714 0.0581 0.0 77.0
8.096304 269.17163 0.0582 0.0 77.0
11.089709 271.13522 0.0582 0.0 77.0
11.089709 271.13522 0.0583 0.0 78.0
12.790675 274.28528 0.0583 0.0 78.0
11.089709 271.13522 0.0584 0.0 78.0
14.083115 273.09882 0.0584 0.0 78.0
5.1028986 267.20804 0.0585 4.0 76.0
6.803865 270.3581 0.0585 4.0 76.0
6.803865 270.3581 0.0586 0.0 77.0
9.79727 272.3217 0.0586 0.0 77.0
6.803865 270.3581 0.0587 3.0 77.0
8.504831 273.50815 0.0587 3.0 77.0
8.504831 273.50815 0.0588 0.0 78.0
8.504831 277.0881 0.0588 0.0 78.0
8.504831 273.50815 0.0589 2.0 78.0
10.205797 276.6582 0.0589 2.0 78.0
10.205797 276.6582 0.0590 1.0 79.0
10.205797 280.23816 0.0590 1.0 79.0
10.205797 280.23816 0.0591 0.0 80.0
11.906763 283.3882 0.0591 0.0 80.0
10.205797 280.23816 0.0592 0.0 80.0
10.205797 283.8181 0.0592 0.0 80.0
10.205797 283.8181 0.0593 0.0 81.0
8.504831 286.96817 0.0593 0.0 81.0
10.205797 283.8181 0.0594 0.0 81.0
10.205797 287.39807 0.0594 0.0 81.0
10.205797 276.6582 0.0595 1.0 79.0
11.906763 279.80826 0.0595 1.0 79.0
11.906763 279.80826 0.0596 0.0 80.0
14.900168 281.77185 0.0596 0.0 80.0
11.906763 279.80826 0.0597 0.0 80.0
13.607729 282.9583 0.0597 0.0 80.0
13.607729 282.9583 0.0598 0.0 81.0
13.607729 286.53827 0.0598 0.0 81.0
13.607729 282.9583 0.0599 0.0 81.0
15.308695 286.10837 0.0599 0.0 81.0
0.0 257.75787 0.0600 7.0 73.0
0.0 261.33783 0.0600 7.0 73.0
0.0 261.33783 0.0601 0.0 74.0
1.7009662 264.48788 0.0601 0.0 74.0
0.0 261.33783 0.0602 6.0 74.0
0.0 264.9178 0.0602 6.0 74.0
0.0 264.9178 0.0603 0.0 75.0
-1.7009662 268.06784 0.0603 0.0 75.0
0.0 264.9178 0.0604 5.0 75.0
0.0 268.49774 0.0604 5.0 75.0
0.0 268.49774 0.0605 1.0 76.0
1.7009662 271.6478 0.0605 1.0 76.0
1.7009662 271.6478 0.0606 0.0 77.0
4.694371 273.6114 0.0606 0.0 77.0
1.7009662 271.6478 0.0607 0.0 77.0
3.4019325 274.79785 0.0607 0.0 77.0
3.4019325 274.79785 0.0608 0.0 78.0
3.4019325 278.3778 0.0608 0.0 78.0
3.4019325 274.79785 0.0609 0.0 78.0
5.1028986 277.9479 0.0609 0.0 78.0
0.0 268.49774 0.0610 4.0 76.0
0.0 272.0777 0.0610 4.0 76.0
0.0 272.0777 0.0611 0.0 77.0
1.7009662 275.22775 0.0611 0.0 77.0
0.0 272.0777 0.0612 3.0 77.0
0.0 275.65765 0.0612 3.0 77.0
0.0 275.65765 0.0613 0.0 78.0
-1.7009662 278.8077 0.0613 0.0 78.0
0.0 275.65765 0.0614 2.0 78.0
0.0 279.2376 0.0614 2.0 78.0
0.0 279.2376 0.0615 1.0 79.0
-1.7009662 282.38766 0.0615 1.0 79.0
-1.7009662 282.38766 0.0616 0.0 80.0
-1.7009662 285.96762 0.0616 0.0 80.0
-1.7009662 282.38766 0.0617 0.0 80.0
-3.4019325 285.53772 0.0617 0.0 80.0
-3.4019325 285.53772 0.0618 0.0 81.0
-6.3953376 287.5013 0.0618 0.0 81.0
-3.4019325 285.53772 0.0619 0.0 81.0
-5.1028986 288.68777 0.0619 0.0 81.0
0.0 279.2376 0.0620 1.0 79.0
0.0 282.81757 0.0620 1.0 79.0
0.0 282.81757 0.0621 0.0 80.0
1.7009662 285.96762 0.0621 0.0 80.0
0.0 282.81757 0.0622 0.0 80.0
0.0 286.39752 0.0622 0.0 80.0
0.0 286.39752 0.0623 0.0 81.0
-1.7009662 289.54758 0.0623 0.0 81.0
0.0 286.39752 0.0624 0.0 81.0
0.0 289.97748 0.0624 0.0 81.0
