0.0 0.0 0.00 79.0 1.0
0.0 4.143569 0.00 79.0 1.0
0.0 4.143569 0.01 0.0 2.0
-1.4847926 8.011973 0.01 0.0 2.0
0.0 4.143569 0.02 78.0 2.0
0.0 8.287138 0.02 78.0 2.0
0.0 8.287138 0.03 0.0 3.0
1.4847926 12.155542 0.03 0.0 3.0
0.0 8.287138 0.04 77.0 3.0
0.0 12.430707 0.04 77.0 3.0
0.0 12.430707 0.05 1.0 4.0
-1.4847926 16.299112 0.05 1.0 4.0
-1.4847926 16.299112 0.06 0.0 5.0
-4.257175 19.37857 0.06 0.0 5.0
-1.4847926 16.299112 0.07 0.0 5.0
-2.9695852 20.167517 0.07 0.0 5.0
-2.9695852 20.167517 0.08 0.0 6.0
-2.9695852 24.311085 0.08 0.0 6.0
-2.9695852 20.167517 0.09 0.0 6.0
-4.4543777 24.035921 0.09 0.0 6.0
0.0 12.430707 0.010 76.0 4.0
0.0 16.574276 0.010 76.0 4.0
0.0 16.574276 0.011 0.0 5.0
-1.4847926 20.44268 0.011 0.0 5.0
0.0 16.574276 0.012 75.0 5.0
0.0 20.717846 0.012 75.0 5.0
0.0 20.717846 0.013 0.0 6.0
1.4847926 24.58625 0.013 0.0 6.0
0.0 20.717846 0.014 74.0 6.0
0.0 24.861416 0.014 74.0 6.0
0.0 24.861416 0.015 1.0 7.0
1.4847926 28.72982 0.015 1.0 7.0
1.4847926 28.72982 0.016 0.0 8.0
1.4847926 32.87339 0.016 0.0 8.0
1.4847926 28.72982 0.017 0.0 8.0
2.9695852 32.598225 0.017 0.0 8.0
2.9695852 32.598225 0.018 0.0 9.0
5.741967 35.67768 0.018 0.0 9.0
2.9695852 32.598225 0.019 0.0 9.0
4.4543777 36.46663 0.019 0.0 9.0
0.0 24.861416 0.020 73.0 7.0
0.0 29.004986 0.020 73.0 7.0
0.0 29.004986 0.021 0.0 8.0
-1.4847926 32.87339 0.021 0.0 8.0
0.0 29.004986 0.022 72.0 8.0
0.0 33.148556 0.022 72.0 8.0
0.0 33.148556 0.023 0.0 9.0
1.4847926 37.01696 0.023 0.0 9.0
0.0 33.148556 0.024 71.0 9.0
0.0 37.292126 0.024 71.0 9.0
0.0 37.292126 0.025 7.0 10.0
1.4847926 41.16053 0.025 7.0 10.0
1.4847926 41.16053 0.026 0.0 11.0
1.4847926 45.3041 0.026 0.0 11.0
1.4847926 41.16053 0.027 6.0 11.0
2.9695852 45.028934 0.027 6.0 11.0
2.9695852 45.028934 0.028 0.0 12.0
5.741967 48.10839 0.028 0.0 12.0
2.9695852 45.028934 0.029 5.0 12.0
4.4543777 48.89734 0.029 5.0 12.0
4.4543777 48.89734 0.030 1.0 13.0
4.4543777 53.04091 0.030 1.0 13.0
4.4543777 53.04091 0.031 0.0 14.0
2.969585 56.909313 0.031 0.0 14.0
4.4543777 53.04091 0.032 0.0 14.0
4.4543777 57.18448 0.032 0.0 14.0
4.4543777 57.18448 0.033 0.0 15.0
5.9391704 61.052883 0.033 0.0 15.0
4.4543777 57.18448 0.034 0.0 15.0
4.4543777 61.32805 0.034 0.0 15.0
4.4543777 48.89734 0.035 4.0 13.0
5.9391704 52.765743 0.035 4.0 13.0
5.9391704 52.765743 0.036 0.0 14.0
5.9391704 56.909313 0.036 0.0 14.0
5.9391704 52.765743 0.037 3.0 14.0
7.423963 56.634148 0.037 3.0 14.0
7.423963 56.634148 0.038 0.0 15.0
10.196345 59.713604 0.038 0.0 15.0
7.423963 56.634148 0.039 2.0 15.0
8.908755 60.502552 0.039 2.0 15.0
8.908755 60.502552 0.040 1.0 16.0
11.681137 63.58201 0.040 1.0 16.0
11.681137 63.58201 0.041 0.0 17.0
13.16593 67.45042 0.041 0.0 17.0
11.681137 63.58201 0.042 0.0 17.0
14.45352 66.66147 0.042 0.0 17.0
14.45352 66.66147 0.043 0.0 18.0
18.145277 68.542984 0.043 0.0 18.0
14.45352 66.66147 0.044 0.0 18.0
17.225903 69.74093 0.044 0.0 18.0
8.908755 60.502552 0.045 1.0 16.0
10.393548 64.37096 0.045 1.0 16.0
10.393548 64.37096 0.046 0.0 17.0
10.393548 68.51453 0.046 0.0 17.0
10.393548 64.37096 0.047 0.0 17.0
11.878341 68.239365 0.047 0.0 17.0
11.878341 68.239365 0.048 0.0 18.0
14.6507225 71.318825 0.048 0.0 18.0
11.878341 68.239365 0.049 0.0 18.0
13.363133 72.10777 0.049 0.0 18.0
0.0 37.292126 0.050 70.0 10.0
0.0 41.435696 0.050 70.0 10.0
0.0 41.435696 0.051 0.0 11.0
-1.4847926 45.3041 0.051 0.0 11.0
0.0 41.435696 0.052 69.0 11.0
0.0 45.579266 0.052 69.0 11.0
0.0 45.579266 0.053 0.0 12.0
1.4847926 49.44767 0.053 0.0 12.0
0.0 45.579266 0.054 68.0 12.0
0.0 49.722836 0.054 68.0 12.0
0.0 49.722836 0.055 1.0 13.0
-1.4847926 53.59124 0.055 1.0 13.0
-1.4847926 53.59124 0.056 0.0 14.0
-4.257175 56.670696 0.056 0.0 14.0
-1.4847926 53.59124 0.057 0.0 14.0
-2.9695852 57.459644 0.057 0.0 14.0
-2.9695852 57.459644 0.058 0.0 15.0
-2.9695852 61.603214 0.058 0.0 15.0
-2.9695852 57.459644 0.059 0.0 15.0
-4.4543777 61.32805 0.059 0.0 15.0
0.0 49.722836 0.060 67.0 13.0
0.0 53.866405 0.060 67.0 13.0
0.0 53.866405 0.061 0.0 14.0
-1.4847926 57.73481 0.061 0.0 14.0
0.0 53.866405 0.062 66.0 14.0
0.0 58.009975 0.062 66.0 14.0
0.0 58.009975 0.063 0.0 15.0
1.4847926 61.87838 0.063 0.0 15.0
0.0 58.009975 0.064 65.0 15.0
0.0 62.153545 0.064 65.0 15.0
0.0 62.153545 0.065 1.0 16.0
1.4847926 66.02195 0.065 1.0 16.0
1.4847926 66.02195 0.066 0.0 17.0
1.4847926 70.16552 0.066 0.0 17.0
1.4847926 66.02195 0.067 0.0 17.0
2.9695852 69.89036 0.067 0.0 17.0
2.9695852 69.89036 0.068 0.0 18.0
5.741967 72.96982 0.068 0.0 18.0
2.9695852 69.89036 0.069 0.0 18.0
4.4543777 73.758766 0.069 0.0 18.0
0.0 62.153545 0.070 64.0 16.0
0.0 66.29711 0.070 64.0 16.0
0.0 66.29711 0.071 0.0 17.0
-1.4847926 70.16552 0.071 0.0 17.0
0.0 66.29711 0.072 63.0 17.0
0.0 70.44068 0.072 63.0 17.0
0.0 70.44068 0.073 0.0 18.0
1.4847926 74.30909 0.073 0.0 18.0
0.0 70.44068 0.074 62.0 18.0
0.0 74.58425 0.074 62.0 18.0
0.0 74.58425 0.075 7.0 19.0
1.4847926 78.45266 0.075 7.0 19.0
1.4847926 78.45266 0.076 0.0 20.0
1.4847926 82.59623 0.076 0.0 20.0
1.4847926 78.45266 0.077 6.0 20.0
2.9695852 82.32107 0.077 6.0 20.0
2.9695852 82.32107 0.078 0.0 21.0
5.741967 85.40053 0.078 0.0 21.0
2.9695852 82.32107 0.079 5.0 21.0
4.4543777 86.189476 0.079 5.0 21.0
4.4543777 86.189476 0.080 1.0 22.0
4.4543777 90.333046 0.080 1.0 22.0
4.4543777 90.333046 0.081 0.0 23.0
2.969585 94.201454 0.081 0.0 23.0
4.4543777 90.333046 0.082 0.0 23.0
4.4543777 94.476616 0.082 0.0 23.0
4.4543777 94.476616 0.083 0.0 24.0
5.9391704 98.345024 0.083 0.0 24.0
4.4543777 94.476616 0.084 0.0 24.0
4.4543777 98.620186 0.084 0.0 24.0
4.4543777 86.189476 0.085 4.0 22.0
5.9391704 90.057884 0.085 4.0 22.0
5.9391704 90.057884 0.086 0.0 23.0
5.9391704 94.201454 0.086 0.0 23.0
5.9391704 90.057884 0.087 3.0 23.0
7.423963 93.92629 0.087 3.0 23.0
7.423963 93.92629 0.088 0.0 24.0
10.196345 97.00575 0.088 0.0 24.0
7.423963 93.92629 0.089 2.0 24.0
8.908755 97.7947 0.089 2.0 24.0
8.908755 97.7947 0.090 1.0 25.0
11.681137 100.87416 0.090 1.0 25.0
11.681137 100.87416 0.091 0.0 26.0
13.16593 104.74257 0.091 0.0 26.0
11.681137 100.87416 0.092 0.0 26.0
14.45352 103.95362 0.092 0.0 26.0
14.45352 103.95362 0.093 0.0 27.0
18.145277 105.83514 0.093 0.0 27.0
14.45352 103.95362 0.094 0.0 27.0
17.225903 107.03308 0.094 0.0 27.0
8.908755 97.7947 0.095 1.0 25.0
10.393548 101.66311 0.095 1.0 25.0
10.393548 101.66311 0.096 0.0 26.0
10.393548 105.80668 0.096 0.0 26.0
10.393548 101.66311 0.097 0.0 26.0
11.878341 105.53152 0.097 0.0 26.0
11.878341 105.53152 0.098 0.0 27.0
14.6507225 108.61098 0.098 0.0 27.0
11.878341 105.53152 0.099 0.0 27.0
13.363133 109.399925 0.099 0.0 27.0
0.0 74.58425 0.0100 61.0 19.0
0.0 78.72782 0.0100 61.0 19.0
0.0 78.72782 0.0101 0.0 20.0
-1.4847926 82.59623 0.0101 0.0 20.0
0.0 78.72782 0.0102 60.0 20.0
0.0 82.87139 0.0102 60.0 20.0
0.0 82.87139 0.0103 0.0 21.0
1.4847926 86.7398 0.0103 0.0 21.0
0.0 82.87139 0.0104 59.0 21.0
0.0 87.01496 0.0104 59.0 21.0
0.0 87.01496 0.0105 1.0 22.0
-1.4847926 90.88337 0.0105 1.0 22.0
-1.4847926 90.88337 0.0106 0.0 23.0
-4.257175 93.96283 0.0106 0.0 23.0
-1.4847926 90.88337 0.0107 0.0 23.0
-2.9695852 94.75178 0.0107 0.0 23.0
-2.9695852 94.75178 0.0108 0.0 24.0
-2.9695852 98.89535 0.0108 0.0 24.0
-2.9695852 94.75178 0.0109 0.0 24.0
-4.4543777 98.620186 0.0109 0.0 24.0
0.0 87.01496 0.0110 58.0 22.0
0.0 91.15853 0.0110 58.0 22.0
0.0 91.15853 0.0111 0.0 23.0
-1.4847926 95.02694 0.0111 0.0 23.0
0.0 91.15853 0.0112 57.0 23.0
0.0 95.3021 0.0112 57.0 23.0
0.0 95.3021 0.0113 0.0 24.0
1.4847926 99.17051 0.0113 0.0 24.0
0.0 95.3021 0.0114 56.0 24.0
0.0 99.44567 0.0114 56.0 24.0
0.0 99.44567 0.0115 1.0 25.0
1.4847926 103.31408 0.0115 1.0 25.0
1.4847926 103.31408 0.0116 0.0 26.0
1.4847926 107.45765 0.0116 0.0 26.0
1.4847926 103.31408 0.0117 0.0 26.0
2.9695852 107.18249 0.0117 0.0 26.0
2.9695852 107.18249 0.0118 0.0 27.0
5.741967 110.26195 0.0118 0.0 27.0
2.9695852 107.18249 0.0119 0.0 27.0
4.4543777 111.050896 0.0119 0.0 27.0
0.0 99.44567 0.0120 55.0 25.0
0.0 103.58924 0.0120 55.0 25.0
0.0 103.58924 0.0121 0.0 26.0
-1.4847926 107.45765 0.0121 0.0 26.0
0.0 103.58924 0.0122 54.0 26.0
0.0 107.73281 0.0122 54.0 26.0
0.0 107.73281 0.0123 0.0 27.0
1.4847926 111.60122 0.0123 0.0 27.0
0.0 107.73281 0.0124 53.0 27.0
0.0 111.87638 0.0124 53.0 27.0
0.0 111.87638 0.0125 25.0 28.0
-1.4847926 115.74479 0.0125 25.0 28.0
-1.4847926 115.74479 0.0126 0.0 29.0
-4.257175 118.82425 0.0126 0.0 29.0
-1.4847926 115.74479 0.0127 24.0 29.0
-2.9695852 119.6132 0.0127 24.0 29.0
-2.9695852 119.6132 0.0128 0.0 30.0
-2.9695852 123.75677 0.0128 0.0 30.0
-2.9695852 119.6132 0.0129 23.0 30.0
-4.4543777 123.481606 0.0129 23.0 30.0
-4.4543777 123.481606 0.0130 1.0 31.0
-7.22676 126.561066 0.0130 1.0 31.0
-7.22676 126.561066 0.0131 0.0 32.0
-10.918518 128.44258 0.0131 0.0 32.0
-7.22676 126.561066 0.0132 0.0 32.0
-9.999142 129.64052 0.0132 0.0 32.0
-9.999142 129.64052 0.0133 0.0 33.0
-11.483934 133.50893 0.0133 0.0 33.0
-9.999142 129.64052 0.0134 0.0 33.0
-12.771524 132.71997 0.0134 0.0 33.0
-4.4543777 123.481606 0.0135 22.0 31.0
-5.9391704 127.35001 0.0135 22.0 31.0
-5.9391704 127.35001 0.0136 0.0 32.0
-8.711553 130.42947 0.0136 0.0 32.0
-5.9391704 127.35001 0.0137 21.0 32.0
-7.423963 131.21841 0.0137 21.0 32.0
-7.423963 131.21841 0.0138 0.0 33.0
-7.423963 135.36198 0.0138 0.0 33.0
-7.423963 131.21841 0.0139 20.0 33.0
-8.908755 135.08682 0.0139 20.0 33.0
-8.908755 135.08682 0.0140 1.0 34.0
-8.908755 139.2304 0.0140 1.0 34.0
-8.908755 139.2304 0.0141 0.0 35.0
-10.393548 143.0988 0.0141 0.0 35.0
-8.908755 139.2304 0.0142 0.0 35.0
-8.908755 143.37396 0.0142 0.0 35.0
-8.908755 143.37396 0.0143 0.0 36.0
-7.4239626 147.24237 0.0143 0.0 36.0
-8.908755 143.37396 0.0144 0.0 36.0
-8.908755 147.51753 0.0144 0.0 36.0
-8.908755 135.08682 0.0145 19.0 34.0
-10.393548 138.95523 0.0145 19.0 34.0
-10.393548 138.95523 0.0146 0.0 35.0
-13.16593 142.03468 0.0146 0.0 35.0
-10.393548 138.95523 0.0147 18.0 35.0
-11.878341 142.82364 0.0147 18.0 35.0
-11.878341 142.82364 0.0148 0.0 36.0
-11.878341 146.96721 0.0148 0.0 36.0
-11.878341 142.82364 0.0149 17.0 36.0
-13.363133 146.69205 0.0149 17.0 36.0
-13.363133 146.69205 0.0150 7.0 37.0
-13.363133 150.83562 0.0150 7.0 37.0
-13.363133 150.83562 0.0151 0.0 38.0
-14.847926 154.70403 0.0151 0.0 38.0
-13.363133 150.83562 0.0152 6.0 38.0
-13.363133 154.97919 0.0152 6.0 38.0
-13.363133 154.97919 0.0153 0.0 39.0
-11.878341 158.8476 0.0153 0.0 39.0
-13.363133 154.97919 0.0154 5.0 39.0
-13.363133 159.12276 0.0154 5.0 39.0
-13.363133 159.12276 0.0155 1.0 40.0
-14.847926 162.99117 0.0155 1.0 40.0
-14.847926 162.99117 0.0156 0.0 41.0
-17.620308 166.07062 0.0156 0.0 41.0
-14.847926 162.99117 0.0157 0.0 41.0
-16.332718 166.85957 0.0157 0.0 41.0
-16.332718 166.85957 0.0158 0.0 42.0
-16.332718 171.00314 0.0158 0.0 42.0
-16.332718 166.85957 0.0159 0.0 42.0
-17.81751 170.72798 0.0159 0.0 42.0
-13.363133 159.12276 0.0160 4.0 40.0
-13.363133 163.26633 0.0160 4.0 40.0
-13.363133 163.26633 0.0161 0.0 41.0
-14.847926 167.13474 0.0161 0.0 41.0
-13.363133 163.26633 0.0162 3.0 41.0
-13.363133 167.4099 0.0162 3.0 41.0
-13.363133 167.4099 0.0163 0.0 42.0
-11.878341 171.2783 0.0163 0.0 42.0
-13.363133 167.4099 0.0164 2.0 42.0
-13.363133 171.55347 0.0164 2.0 42.0
-13.363133 171.55347 0.0165 1.0 43.0
-11.878341 175.42188 0.0165 1.0 43.0
-11.878341 175.42188 0.0166 0.0 44.0
-11.878341 179.56544 0.0166 0.0 44.0
-11.878341 175.42188 0.0167 0.0 44.0
-10.393548 179.29028 0.0167 0.0 44.0
-10.393548 179.29028 0.0168 0.0 45.0
-7.6211658 182.36974 0.0168 0.0 45.0
-10.393548 179.29028 0.0169 0.0 45.0
-8.908755 183.15869 0.0169 0.0 45.0
-13.363133 171.55347 0.0170 1.0 43.0
-13.363133 175.69704 0.0170 1.0 43.0
-13.363133 175.69704 0.0171 0.0 44.0
-14.847926 179.56544 0.0171 0.0 44.0
-13.363133 175.69704 0.0172 0.0 44.0
-13.363133 179.8406 0.0172 0.0 44.0
-13.363133 179.8406 0.0173 0.0 45.0
-11.878341 183.70901 0.0173 0.0 45.0
-13.363133 179.8406 0.0174 0.0 45.0
-13.363133 183.98418 0.0174 0.0 45.0
-13.363133 146.69205 0.0175 16.0 37.0
-14.847926 150.56046 0.0175 16.0 37.0
-14.847926 150.56046 0.0176 0.0 38.0
-17.620308 153.63991 0.0176 0.0 38.0
-14.847926 150.56046 0.0177 15.0 38.0
-16.332718 154.42886 0.0177 15.0 38.0
-16.332718 154.42886 0.0178 0.0 39.0
-16.332718 158.57243 0.0178 0.0 39.0
-16.332718 154.42886 0.0179 14.0 39.0
-17.81751 158.29727 0.0179 14.0 39.0
-17.81751 158.29727 0.0180 1.0 40.0
-20.589893 161.37672 0.0180 1.0 40.0
-20.589893 161.37672 0.0181 0.0 41.0
-24.28165 163.25824 0.0181 0.0 41.0
-20.589893 161.37672 0.0182 0.0 41.0
-23.362276 164.45618 0.0182 0.0 41.0
-23.362276 164.45618 0.0183 0.0 42.0
-24.847069 168.32458 0.0183 0.0 42.0
-23.362276 164.45618 0.0184 0.0 42.0
-26.134659 167.53563 0.0184 0.0 42.0
-17.81751 158.29727 0.0185 13.0 40.0
-19.302303 162.16568 0.0185 13.0 40.0
-19.302303 162.16568 0.0186 0.0 41.0
-22.074686 165.24513 0.0186 0.0 41.0
-19.302303 162.16568 0.0187 12.0 41.0
-20.787096 166.03409 0.0187 12.0 41.0
-20.787096 166.03409 0.0188 0.0 42.0
-20.787096 170.17766 0.0188 0.0 42.0
-20.787096 166.03409 0.0189 11.0 42.0
-22.271889 169.9025 0.0189 11.0 42.0
-22.271889 169.9025 0.0190 1.0 43.0
-22.271889 174.04607 0.0190 1.0 43.0
-22.271889 174.04607 0.0191 0.0 44.0
-23.756681 177.91447 0.0191 0.0 44.0
-22.271889 174.04607 0.0192 0.0 44.0
-22.271889 178.18964 0.0192 0.0 44.0
-22.271889 178.18964 0.0193 0.0 45.0
-20.787096 182.05804 0.0193 0.0 45.0
-22.271889 178.18964 0.0194 0.0 45.0
-22.271889 182.3332 0.0194 0.0 45.0
-22.271889 169.9025 0.0195 10.0 43.0
-23.756681 173.7709 0.0195 10.0 43.0
-23.756681 173.7709 0.0196 0.0 44.0
-26.529064 176.85036 0.0196 0.0 44.0
-23.756681 173.7709 0.0197 9.0 44.0
-25.241474 177.63931 0.0197 9.0 44.0
-25.241474 177.63931 0.0198 0.0 45.0
-25.241474 181.78288 0.0198 0.0 45.0
-25.241474 177.63931 0.0199 8.0 45.0
-26.726267 181.50772 0.0199 8.0 45.0
-26.726267 181.50772 0.0200 7.0 46.0
-26.726267 185.65129 0.0200 7.0 46.0
-26.726267 185.65129 0.0201 0.0 47.0
-28.21106 189.5197 0.0201 0.0 47.0
-26.726267 185.65129 0.0202 6.0 47.0
-26.726267 189.79486 0.0202 6.0 47.0
-26.726267 189.79486 0.0203 0.0 48.0
-25.241474 193.66327 0.0203 0.0 48.0
-26.726267 189.79486 0.0204 5.0 48.0
-26.726267 193.93843 0.0204 5.0 48.0
-26.726267 193.93843 0.0205 1.0 49.0
-28.21106 197.80684 0.0205 1.0 49.0
-28.21106 197.80684 0.0206 0.0 50.0
-30.983442 200.88629 0.0206 0.0 50.0
-28.21106 197.80684 0.0207 0.0 50.0
-29.695852 201.67525 0.0207 0.0 50.0
-29.695852 201.67525 0.0208 0.0 51.0
-29.695852 205.81882 0.0208 0.0 51.0
-29.695852 201.67525 0.0209 0.0 51.0
-31.180645 205.54366 0.0209 0.0 51.0
-26.726267 193.93843 0.0210 4.0 49.0
-26.726267 198.082 0.0210 4.0 49.0
-26.726267 198.082 0.0211 0.0 50.0
-28.21106 201.95041 0.0211 0.0 50.0
-26.726267 198.082 0.0212 3.0 50.0
-26.726267 202.22557 0.0212 3.0 50.0
-26.726267 202.22557 0.0213 0.0 51.0
-25.241474 206.09398 0.0213 0.0 51.0
-26.726267 202.22557 0.0214 2.0 51.0
-26.726267 206.36914 0.0214 2.0 51.0
-26.726267 206.36914 0.0215 1.0 52.0
-25.241474 210.23755 0.0215 1.0 52.0
-25.241474 210.23755 0.0216 0.0 53.0
-25.241474 214.38112 0.0216 0.0 53.0
-25.241474 210.23755 0.0217 0.0 53.0
-23.756681 214.10596 0.0217 0.0 53.0
-23.756681 214.10596 0.0218 0.0 54.0
-20.984299 217.18541 0.0218 0.0 54.0
-23.756681 214.10596 0.0219 0.0 54.0
-22.271889 217.97437 0.0219 0.0 54.0
-26.726267 206.36914 0.0220 1.0 52.0
-26.726267 210.51271 0.0220 1.0 52.0
-26.726267 210.51271 0.0221 0.0 53.0
-28.21106 214.38112 0.0221 0.0 53.0
-26.726267 210.51271 0.0222 0.0 53.0
-26.726267 214.65628 0.0222 0.0 53.0
-26.726267 214.65628 0.0223 0.0 54.0
-25.241474 218.52469 0.0223 0.0 54.0
-26.726267 214.65628 0.0224 0.0 54.0
-26.726267 218.79985 0.0224 0.0 54.0
-26.726267 181.50772 0.0225 7.0 46.0
-28.21106 185.37613 0.0225 7.0 46.0
-28.21106 185.37613 0.0226 0.0 47.0
-30.983442 188.45558 0.0226 0.0 47.0
-28.21106 185.37613 0.0227 6.0 47.0
-29.695852 189.24454 0.0227 6.0 47.0
-29.695852 189.24454 0.0228 0.0 48.0
-29.695852 193.3881 0.0228 0.0 48.0
-29.695852 189.24454 0.0229 5.0 48.0
-31.180645 193.11295 0.0229 5.0 48.0
-31.180645 193.11295 0.0230 1.0 49.0
-33.953026 196.1924 0.0230 1.0 49.0
-33.953026 196.1924 0.0231 0.0 50.0
-37.644783 198.07391 0.0231 0.0 50.0
-33.953026 196.1924 0.0232 0.0 50.0
-36.725407 199.27185 0.0232 0.0 50.0
-36.725407 199.27185 0.0233 0.0 51.0
-38.210197 203.14026 0.0233 0.0 51.0
-36.725407 199.27185 0.0234 0.0 51.0
-39.497787 202.3513 0.0234 0.0 51.0
-31.180645 193.11295 0.0235 4.0 49.0
-32.665436 196.98135 0.0235 4.0 49.0
-32.665436 196.98135 0.0236 0.0 50.0
-35.437817 200.0608 0.0236 0.0 50.0
-32.665436 196.98135 0.0237 3.0 50.0
-34.150227 200.84976 0.0237 3.0 50.0
-34.150227 200.84976 0.0238 0.0 51.0
-34.150227 204.99333 0.0238 0.0 51.0
-34.150227 200.84976 0.0239 2.0 51.0
-35.635017 204.71817 0.0239 2.0 51.0
-35.635017 204.71817 0.0240 1.0 52.0
-35.635017 208.86174 0.0240 1.0 52.0
-35.635017 208.86174 0.0241 0.0 53.0
-37.11981 212.73015 0.0241 0.0 53.0
-35.635017 208.86174 0.0242 0.0 53.0
-35.635017 213.00531 0.0242 0.0 53.0
-35.635017 213.00531 0.0243 0.0 54.0
-34.150227 216.87372 0.0243 0.0 54.0
-35.635017 213.00531 0.0244 0.0 54.0
-35.635017 217.14888 0.0244 0.0 54.0
-35.635017 204.71817 0.0245 1.0 52.0
-37.11981 208.58658 0.0245 1.0 52.0
-37.11981 208.58658 0.0246 0.0 53.0
-39.89219 211.66603 0.0246 0.0 53.0
-37.11981 208.58658 0.0247 0.0 53.0
-38.6046 212.45499 0.0247 0.0 53.0
-38.6046 212.45499 0.0248 0.0 54.0
-38.6046 216.59856 0.0248 0.0 54.0
-38.6046 212.45499 0.0249 0.0 54.0
-40.08939 216.3234 0.0249 0.0 54.0
0.0 111.87638 0.0250 52.0 28.0
0.0 116.01995 0.0250 52.0 28.0
0.0 116.01995 0.0251 0.0 29.0
-1.4847926 119.88836 0.0251 0.0 29.0
0.0 116.01995 0.0252 51.0 29.0
0.0 120.16352 0.0252 51.0 29.0
0.0 120.16352 0.0253 0.0 30.0
1.4847926 124.03193 0.0253 0.0 30.0
0.0 120.16352 0.0254 50.0 30.0
0.0 124.30709 0.0254 50.0 30.0
0.0 124.30709 0.0255 1.0 31.0
-1.4847926 128.17549 0.0255 1.0 31.0
-1.4847926 128.17549 0.0256 0.0 32.0
-4.257175 131.25494 0.0256 0.0 32.0
-1.4847926 128.17549 0.0257 0.0 32.0
-2.9695852 132.0439 0.0257 0.0 32.0
-2.9695852 132.0439 0.0258 0.0 33.0
-2.9695852 136.18747 0.0258 0.0 33.0
-2.9695852 132.0439 0.0259 0.0 33.0
-4.4543777 135.91231 0.0259 0.0 33.0
0.0 124.30709 0.0260 49.0 31.0
0.0 128.45065 0.0260 49.0 31.0
0.0 128.45065 0.0261 0.0 32.0
-1.4847926 132.31906 0.0261 0.0 32.0
0.0 128.45065 0.0262 48.0 32.0
0.0 132.59422 0.0262 48.0 32.0
0.0 132.59422 0.0263 0.0 33.0
1.4847926 136.46263 0.0263 0.0 33.0
0.0 132.59422 0.0264 47.0 33.0
0.0 136.7378 0.0264 47.0 33.0
0.0 136.7378 0.0265 1.0 34.0
1.4847926 140.6062 0.0265 1.0 34.0
1.4847926 140.6062 0.0266 0.0 35.0
1.4847926 144.74977 0.0266 0.0 35.0
1.4847926 140.6062 0.0267 0.0 35.0
2.9695852 144.47461 0.0267 0.0 35.0
2.9695852 144.47461 0.0268 0.0 36.0
5.741967 147.55406 0.0268 0.0 36.0
2.9695852 144.47461 0.0269 0.0 36.0
4.4543777 148.34302 0.0269 0.0 36.0
0.0 136.7378 0.0270 46.0 34.0
0.0 140.88136 0.0270 46.0 34.0
0.0 140.88136 0.0271 0.0 35.0
-1.4847926 144.74977 0.0271 0.0 35.0
0.0 140.88136 0.0272 45.0 35.0
0.0 145.02493 0.0272 45.0 35.0
0.0 145.02493 0.0273 0.0 36.0
1.4847926 148.89334 0.0273 0.0 36.0
0.0 145.02493 0.0274 44.0 36.0
0.0 149.1685 0.0274 44.0 36.0
0.0 149.1685 0.0275 7.0 37.0
1.4847926 153.03691 0.0275 7.0 37.0
1.4847926 153.03691 0.0276 0.0 38.0
1.4847926 157.18048 0.0276 0.0 38.0
1.4847926 153.03691 0.0277 6.0 38.0
2.9695852 156.90532 0.0277 6.0 38.0
2.9695852 156.90532 0.0278 0.0 39.0
5.741967 159.98477 0.0278 0.0 39.0
2.9695852 156.90532 0.0279 5.0 39.0
4.4543777 160.77373 0.0279 5.0 39.0
4.4543777 160.77373 0.0280 1.0 40.0
4.4543777 164.9173 0.0280 1.0 40.0
4.4543777 164.9173 0.0281 0.0 41.0
2.969585 168.7857 0.0281 0.0 41.0
4.4543777 164.9173 0.0282 0.0 41.0
4.4543777 169.06087 0.0282 0.0 41.0
4.4543777 169.06087 0.0283 0.0 42.0
5.9391704 172.92928 0.0283 0.0 42.0
4.4543777 169.06087 0.0284 0.0 42.0
4.4543777 173.20444 0.0284 0.0 42.0
4.4543777 160.77373 0.0285 4.0 40.0
5.9391704 164.64214 0.0285 4.0 40.0
5.9391704 164.64214 0.0286 0.0 41.0
5.9391704 168.7857 0.0286 0.0 41.0
5.9391704 164.64214 0.0287 3.0 41.0
7.423963 168.51054 0.0287 3.0 41.0
7.423963 168.51054 0.0288 0.0 42.0
10.196345 171.59 0.0288 0.0 42.0
7.423963 168.51054 0.0289 2.0 42.0
8.908755 172.37895 0.0289 2.0 42.0
8.908755 172.37895 0.0290 1.0 43.0
11.681137 175.4584 0.0290 1.0 43.0
11.681137 175.4584 0.0291 0.0 44.0
13.16593 179.32681 0.0291 0.0 44.0
11.681137 175.4584 0.0292 0.0 44.0
14.45352 178.53786 0.0292 0.0 44.0
14.45352 178.53786 0.0293 0.0 45.0
18.145277 180.41937 0.0293 0.0 45.0
14.45352 178.53786 0.0294 0.0 45.0
17.225903 181.61731 0.0294 0.0 45.0
8.908755 172.37895 0.0295 1.0 43.0
10.393548 176.24736 0.0295 1.0 43.0
10.393548 176.24736 0.0296 0.0 44.0
10.393548 180.39093 0.0296 0.0 44.0
10.393548 176.24736 0.0297 0.0 44.0
11.878341 180.11577 0.0297 0.0 44.0
11.878341 180.11577 0.0298 0.0 45.0
14.6507225 183.19522 0.0298 0.0 45.0
11.878341 180.11577 0.0299 0.0 45.0
13.363133 183.98418 0.0299 0.0 45.0
0.0 149.1685 0.0300 43.0 37.0
0.0 153.31207 0.0300 43.0 37.0
0.0 153.31207 0.0301 0.0 38.0
-1.4847926 157.18048 0.0301 0.0 38.0
0.0 153.31207 0.0302 42.0 38.0
0.0 157.45564 0.0302 42.0 38.0
0.0 157.45564 0.0303 0.0 39.0
1.4847926 161.32405 0.0303 0.0 39.0
0.0 157.45564 0.0304 41.0 39.0
0.0 161.59921 0.0304 41.0 39.0
0.0 161.59921 0.0305 1.0 40.0
-1.4847926 165.46762 0.0305 1.0 40.0
-1.4847926 165.46762 0.0306 0.0 41.0
-4.257175 168.54707 0.0306 0.0 41.0
-1.4847926 165.46762 0.0307 0.0 41.0
-2.9695852 169.33603 0.0307 0.0 41.0
-2.9695852 169.33603 0.0308 0.0 42.0
-2.9695852 173.4796 0.0308 0.0 42.0
-2.9695852 169.33603 0.0309 0.0 42.0
-4.4543777 173.20444 0.0309 0.0 42.0
0.0 161.59921 0.0310 40.0 40.0
0.0 165.74278 0.0310 40.0 40.0
0.0 165.74278 0.0311 0.0 41.0
-1.4847926 169.61119 0.0311 0.0 41.0
0.0 165.74278 0.0312 39.0 41.0
0.0 169.88635 0.0312 39.0 41.0
0.0 169.88635 0.0313 0.0 42.0
1.4847926 173.75476 0.0313 0.0 42.0
0.0 169.88635 0.0314 38.0 42.0
0.0 174.02992 0.0314 38.0 42.0
0.0 174.02992 0.0315 1.0 43.0
1.4847926 177.89833 0.0315 1.0 43.0
1.4847926 177.89833 0.0316 0.0 44.0
1.4847926 182.0419 0.0316 0.0 44.0
1.4847926 177.89833 0.0317 0.0 44.0
2.9695852 181.76674 0.0317 0.0 44.0
2.9695852 181.76674 0.0318 0.0 45.0
5.741967 184.84619 0.0318 0.0 45.0
2.9695852 181.76674 0.0319 0.0 45.0
4.4543777 185.63515 0.0319 0.0 45.0
0.0 174.02992 0.0320 37.0 43.0
0.0 178.1735 0.0320 37.0 43.0
0.0 178.1735 0.0321 0.0 44.0
-1.4847926 182.0419 0.0321 0.0 44.0
0.0 178.1735 0.0322 36.0 44.0
0.0 182.31706 0.0322 36.0 44.0
0.0 182.31706 0.0323 0.0 45.0
1.4847926 186.18547 0.0323 0.0 45.0
0.0 182.31706 0.0324 35.0 45.0
0.0 186.46063 0.0324 35.0 45.0
0.0 186.46063 0.0325 7.0 46.0
1.4847926 190.32904 0.0325 7.0 46.0
1.4847926 190.32904 0.0326 0.0 47.0
1.4847926 194.47261 0.0326 0.0 47.0
1.4847926 190.32904 0.0327 6.0 47.0
2.9695852 194.19745 0.0327 6.0 47.0
2.9695852 194.19745 0.0328 0.0 48.0
5.741967 197.2769 0.0328 0.0 48.0
2.9695852 194.19745 0.0329 5.0 48.0
4.4543777 198.06586 0.0329 5.0 48.0
4.4543777 198.06586 0.0330 1.0 49.0
4.4543777 202.20943 0.0330 1.0 49.0
4.4543777 202.20943 0.0331 0.0 50.0
2.969585 206.07784 0.0331 0.0 50.0
4.4543777 202.20943 0.0332 0.0 50.0
4.4543777 206.353 0.0332 0.0 50.0
4.4543777 206.353 0.0333 0.0 51.0
5.9391704 210.2214 0.0333 0.0 51.0
4.4543777 206.353 0.0334 0.0 51.0
4.4543777 210.49657 0.0334 0.0 51.0
4.4543777 198.06586 0.0335 4.0 49.0
5.9391704 201.93427 0.0335 4.0 49.0
5.9391704 201.93427 0.0336 0.0 50.0
5.9391704 206.07784 0.0336 0.0 50.0
5.9391704 201.93427 0.0337 3.0 50.0
7.423963 205.80267 0.0337 3.0 50.0
7.423963 205.80267 0.0338 0.0 51.0
10.196345 208.88213 0.0338 0.0 51.0
7.423963 205.80267 0.0339 2.0 51.0
8.908755 209.67108 0.0339 2.0 51.0
8.908755 209.67108 0.0340 1.0 52.0
11.681137 212.75053 0.0340 1.0 52.0
11.681137 212.75053 0.0341 0.0 53.0
13.16593 216.61894 0.0341 0.0 53.0
11.681137 212.75053 0.0342 0.0 53.0
14.45352 215.82999 0.0342 0.0 53.0
14.45352 215.82999 0.0343 0.0 54.0
18.145277 217.7115 0.0343 0.0 54.0
14.45352 215.82999 0.0344 0.0 54.0
17.225903 218.90944 0.0344 0.0 54.0
8.908755 209.67108 0.0345 1.0 52.0
10.393548 213.53949 0.0345 1.0 52.0
10.393548 213.53949 0.0346 0.0 53.0
10.393548 217.68306 0.0346 0.0 53.0
10.393548 213.53949 0.0347 0.0 53.0
11.878341 217.4079 0.0347 0.0 53.0
11.878341 217.4079 0.0348 0.0 54.0
14.6507225 220.48735 0.0348 0.0 54.0
11.878341 217.4079 0.0349 0.0 54.0
13.363133 221.2763 0.0349 0.0 54.0
0.0 186.46063 0.0350 34.0 46.0
0.0 190.6042 0.0350 34.0 46.0
0.0 190.6042 0.0351 0.0 47.0
-1.4847926 194.47261 0.0351 0.0 47.0
0.0 190.6042 0.0352 33.0 47.0
0.0 194.74777 0.0352 33.0 47.0
0.0 194.74777 0.0353 0.0 48.0
1.4847926 198.61618 0.0353 0.0 48.0
0.0 194.74777 0.0354 32.0 48.0
0.0 198.89134 0.0354 32.0 48.0
0.0 198.89134 0.0355 1.0 49.0
-1.4847926 202.75975 0.0355 1.0 49.0
-1.4847926 202.75975 0.0356 0.0 50.0
-4.257175 205.8392 0.0356 0.0 50.0
-1.4847926 202.75975 0.0357 0.0 50.0
-2.9695852 206.62816 0.0357 0.0 50.0
-2.9695852 206.62816 0.0358 0.0 51.0
-2.9695852 210.77173 0.0358 0.0 51.0
-2.9695852 206.62816 0.0359 0.0 51.0
-4.4543777 210.49657 0.0359 0.0 51.0
0.0 198.89134 0.0360 31.0 49.0
0.0 203.03491 0.0360 31.0 49.0
0.0 203.03491 0.0361 0.0 50.0
-1.4847926 206.90332 0.0361 0.0 50.0
0.0 203.03491 0.0362 30.0 50.0
0.0 207.17848 0.0362 30.0 50.0
0.0 207.17848 0.0363 0.0 51.0
1.4847926 211.04689 0.0363 0.0 51.0
0.0 207.17848 0.0364 29.0 51.0
0.0 211.32205 0.0364 29.0 51.0
0.0 211.32205 0.0365 1.0 52.0
1.4847926 215.19046 0.0365 1.0 52.0
1.4847926 215.19046 0.0366 0.0 53.0
1.4847926 219.33403 0.0366 0.0 53.0
1.4847926 215.19046 0.0367 0.0 53.0
2.9695852 219.05887 0.0367 0.0 53.0
2.9695852 219.05887 0.0368 0.0 54.0
5.741967 222.13832 0.0368 0.0 54.0
2.9695852 219.05887 0.0369 0.0 54.0
4.4543777 222.92728 0.0369 0.0 54.0
0.0 211.32205 0.0370 28.0 52.0
0.0 215.46562 0.0370 28.0 52.0
0.0 215.46562 0.0371 0.0 53.0
-1.4847926 219.33403 0.0371 0.0 53.0
0.0 215.46562 0.0372 27.0 53.0
0.0 219.60919 0.0372 27.0 53.0
0.0 219.60919 0.0373 0.0 54.0
1.4847926 223.4776 0.0373 0.0 54.0
0.0 219.60919 0.0374 26.0 54.0
0.0 223.75276 0.0374 26.0 54.0
0.0 223.75276 0.0375 25.0 55.0
1.4847926 227.62117 0.0375 25.0 55.0
1.4847926 227.62117 0.0376 0.0 56.0
1.4847926 231.76474 0.0376 0.0 56.0
1.4847926 227.62117 0.0377 24.0 56.0
2.9695852 231.48958 0.0377 24.0 56.0
2.9695852 231.48958 0.0378 0.0 57.0
5.741967 234.56903 0.0378 0.0 57.0
2.9695852 231.48958 0.0379 23.0 57.0
4.4543777 235.35799 0.0379 23.0 57.0
4.4543777 235.35799 0.0380 1.0 58.0
4.4543777 239.50156 0.0380 1.0 58.0
4.4543777 239.50156 0.0381 0.0 59.0
2.969585 243.36996 0.0381 0.0 59.0
4.4543777 239.50156 0.0382 0.0 59.0
4.4543777 243.64513 0.0382 0.0 59.0
4.4543777 243.64513 0.0383 0.0 60.0
5.9391704 247.51353 0.0383 0.0 60.0
4.4543777 243.64513 0.0384 0.0 60.0
4.4543777 247.7887 0.0384 0.0 60.0
4.4543777 235.35799 0.0385 22.0 58.0
5.9391704 239.2264 0.0385 22.0 58.0
5.9391704 239.2264 0.0386 0.0 59.0
5.9391704 243.36996 0.0386 0.0 59.0
5.9391704 239.2264 0.0387 21.0 59.0
7.423963 243.0948 0.0387 21.0 59.0
7.423963 243.0948 0.0388 0.0 60.0
10.196345 246.17426 0.0388 0.0 60.0
7.423963 243.0948 0.0389 20.0 60.0
8.908755 246.96321 0.0389 20.0 60.0
8.908755 246.96321 0.0390 1.0 61.0
11.681137 250.04266 0.0390 1.0 61.0
11.681137 250.04266 0.0391 0.0 62.0
13.16593 253.91107 0.0391 0.0 62.0
11.681137 250.04266 0.0392 0.0 62.0
14.45352 253.12212 0.0392 0.0 62.0
14.45352 253.12212 0.0393 0.0 63.0
18.145277 255.00363 0.0393 0.0 63.0
14.45352 253.12212 0.0394 0.0 63.0
17.225903 256.20157 0.0394 0.0 63.0
8.908755 246.96321 0.0395 19.0 61.0
10.393548 250.83162 0.0395 19.0 61.0
10.393548 250.83162 0.0396 0.0 62.0
10.393548 254.97519 0.0396 0.0 62.0
10.393548 250.83162 0.0397 18.0 62.0
11.878341 254.70003 0.0397 18.0 62.0
11.878341 254.70003 0.0398 0.0 63.0
14.6507225 257.77948 0.0398 0.0 63.0
11.878341 254.70003 0.0399 17.0 63.0
13.363133 258.56842 0.0399 17.0 63.0
13.363133 258.56842 0.0400 7.0 64.0
16.135515 261.6479 0.0400 7.0 64.0
16.135515 261.6479 0.0401 0.0 65.0
17.620308 265.5163 0.0401 0.0 65.0
16.135515 261.6479 0.0402 6.0 65.0
18.907898 264.72736 0.0402 6.0 65.0
18.907898 264.72736 0.0403 0.0 66.0
22.599655 266.60886 0.0403 0.0 66.0
18.907898 264.72736 0.0404 5.0 66.0
21.68028 267.80682 0.0404 5.0 66.0
21.68028 267.80682 0.0405 1.0 67.0
23.165073 271.67523 0.0405 1.0 67.0
23.165073 271.67523 0.0406 0.0 68.0
23.165073 275.8188 0.0406 0.0 68.0
23.165073 271.67523 0.0407 0.0 68.0
24.649866 275.54364 0.0407 0.0 68.0
24.649866 275.54364 0.0408 0.0 69.0
27.422249 278.6231 0.0408 0.0 69.0
24.649866 275.54364 0.0409 0.0 69.0
26.134659 279.41205 0.0409 0.0 69.0
21.68028 267.80682 0.0410 4.0 67.0
24.452663 270.8863 0.0410 4.0 67.0
24.452663 270.8863 0.0411 0.0 68.0
25.937456 274.7547 0.0411 0.0 68.0
24.452663 270.8863 0.0412 3.0 68.0
27.225046 273.96576 0.0412 3.0 68.0
27.225046 273.96576 0.0413 0.0 69.0
30.916803 275.84726 0.0413 0.0 69.0
27.225046 273.96576 0.0414 2.0 69.0
29.997429 277.04523 0.0414 2.0 69.0
29.997429 277.04523 0.0415 1.0 70.0
33.689186 278.92673 0.0415 1.0 70.0
33.689186 278.92673 0.0416 0.0 71.0
36.461567 282.0062 0.0416 0.0 71.0
33.689186 278.92673 0.0417 0.0 71.0
37.380943 280.80823 0.0417 0.0 71.0
37.380943 280.80823 0.0418 0.0 72.0
41.501755 281.2419 0.0418 0.0 72.0
37.380943 280.80823 0.0419 0.0 72.0
41.0727 282.68973 0.0419 0.0 72.0
29.997429 277.04523 0.0420 1.0 70.0
32.76981 280.1247 0.0420 1.0 70.0
32.76981 280.1247 0.0421 0.0 71.0
34.2546 283.9931 0.0421 0.0 71.0
32.76981 280.1247 0.0422 0.0 71.0
35.54219 283.20416 0.0422 0.0 71.0
35.54219 283.20416 0.0423 0.0 72.0
39.233948 285.08566 0.0423 0.0 72.0
35.54219 283.20416 0.0424 0.0 72.0
38.31457 286.28363 0.0424 0.0 72.0
13.363133 258.56842 0.0425 16.0 64.0
14.847926 262.43683 0.0425 16.0 64.0
14.847926 262.43683 0.0426 0.0 65.0
14.847926 266.58038 0.0426 0.0 65.0
14.847926 262.43683 0.0427 15.0 65.0
16.332718 266.30524 0.0427 15.0 65.0
16.332718 266.30524 0.0428 0.0 66.0
19.1051 269.3847 0.0428 0.0 66.0
16.332718 266.30524 0.0429 14.0 66.0
17.81751 270.17365 0.0429 14.0 66.0
17.81751 270.17365 0.0430 1.0 67.0
17.81751 274.3172 0.0430 1.0 67.0
17.81751 274.3172 0.0431 0.0 68.0
16.332718 278.1856 0.0431 0.0 68.0
17.81751 274.3172 0.0432 0.0 68.0
17.81751 278.46075 0.0432 0.0 68.0
17.81751 278.46075 0.0433 0.0 69.0
19.302303 282.32916 0.0433 0.0 69.0
17.81751 278.46075 0.0434 0.0 69.0
17.81751 282.6043 0.0434 0.0 69.0
17.81751 270.17365 0.0435 13.0 67.0
19.302303 274.04205 0.0435 13.0 67.0
19.302303 274.04205 0.0436 0.0 68.0
19.302303 278.1856 0.0436 0.0 68.0
19.302303 274.04205 0.0437 12.0 68.0
20.787096 277.91046 0.0437 12.0 68.0
20.787096 277.91046 0.0438 0.0 69.0
23.559479 280.98993 0.0438 0.0 69.0
20.787096 277.91046 0.0439 11.0 69.0
22.271889 281.77887 0.0439 11.0 69.0
22.271889 281.77887 0.0440 1.0 70.0
25.044271 284.85834 0.0440 1.0 70.0
25.044271 284.85834 0.0441 0.0 71.0
26.529064 288.72675 0.0441 0.0 71.0
25.044271 284.85834 0.0442 0.0 71.0
27.816654 287.9378 0.0442 0.0 71.0
27.816654 287.9378 0.0443 0.0 72.0
31.508411 289.8193 0.0443 0.0 72.0
27.816654 287.9378 0.0444 0.0 72.0
30.589037 291.01727 0.0444 0.0 72.0
22.271889 281.77887 0.0445 10.0 70.0
23.756681 285.64728 0.0445 10.0 70.0
23.756681 285.64728 0.0446 0.0 71.0
23.756681 289.79083 0.0446 0.0 71.0
23.756681 285.64728 0.0447 9.0 71.0
25.241474 289.5157 0.0447 9.0 71.0
25.241474 289.5157 0.0448 0.0 72.0
28.013857 292.59515 0.0448 0.0 72.0
25.241474 289.5157 0.0449 8.0 72.0
26.726267 293.3841 0.0449 8.0 72.0
26.726267 293.3841 0.0450 7.0 73.0
29.49865 296.46356 0.0450 7.0 73.0
29.49865 296.46356 0.0451 0.0 74.0
30.983442 300.33197 0.0451 0.0 74.0
29.49865 296.46356 0.0452 6.0 74.0
32.27103 299.54303 0.0452 6.0 74.0
32.27103 299.54303 0.0453 0.0 75.0
35.962788 301.42453 0.0453 0.0 75.0
32.27103 299.54303 0.0454 5.0 75.0
35.04341 302.6225 0.0454 5.0 75.0
35.04341 302.6225 0.0455 1.0 76.0
36.528202 306.4909 0.0455 1.0 76.0
36.528202 306.4909 0.0456 0.0 77.0
36.528202 310.63446 0.0456 0.0 77.0
36.528202 306.4909 0.0457 0.0 77.0
38.012993 310.3593 0.0457 0.0 77.0
38.012993 310.3593 0.0458 0.0 78.0
40.785374 313.43878 0.0458 0.0 78.0
38.012993 310.3593 0.0459 0.0 78.0
39.497784 314.22772 0.0459 0.0 78.0
35.04341 302.6225 0.0460 4.0 76.0
37.815792 305.70197 0.0460 4.0 76.0
37.815792 305.70197 0.0461 0.0 77.0
39.300583 309.57037 0.0461 0.0 77.0
37.815792 305.70197 0.0462 3.0 77.0
40.588173 308.78143 0.0462 3.0 77.0
40.588173 308.78143 0.0463 0.0 78.0
44.27993 310.66293 0.0463 0.0 78.0
40.588173 308.78143 0.0464 2.0 78.0
43.360554 311.8609 0.0464 2.0 78.0
43.360554 311.8609 0.0465 1.0 79.0
47.05231 313.7424 0.0465 1.0 79.0
47.05231 313.7424 0.0466 0.0 80.0
49.82469 316.82187 0.0466 0.0 80.0
47.05231 313.7424 0.0467 0.0 80.0
50.74407 315.6239 0.0467 0.0 80.0
50.74407 315.6239 0.0468 0.0 81.0
54.86488 316.0576 0.0468 0.0 81.0
50.74407 315.6239 0.0469 0.0 81.0
54.435825 317.5054 0.0469 0.0 81.0
43.360554 311.8609 0.0470 1.0 79.0
46.132935 314.94037 0.0470 1.0 79.0
46.132935 314.94037 0.0471 0.0 80.0
47.617725 318.80878 0.0471 0.0 80.0
46.132935 314.94037 0.0472 0.0 80.0
48.905315 318.01984 0.0472 0.0 80.0
48.905315 318.01984 0.0473 0.0 81.0
52.597073 319.90134 0.0473 0.0 81.0
48.905315 318.01984 0.0474 0.0 81.0
51.677696 321.0993 0.0474 0.0 81.0
26.726267 293.3841 0.0475 7.0 73.0
28.21106 297.2525 0.0475 7.0 73.0
28.21106 297.2525 0.0476 0.0 74.0
28.21106 301.39606 0.0476 0.0 74.0
28.21106 297.2525 0.0477 6.0 74.0
29.695852 301.1209 0.0477 6.0 74.0
29.695852 301.1209 0.0478 0.0 75.0
32.468235 304.20038 0.0478 0.0 75.0
29.695852 301.1209 0.0479 5.0 75.0
31.180645 304.98932 0.0479 5.0 75.0
31.180645 304.98932 0.0480 1.0 76.0
31.180645 309.13287 0.0480 1.0 76.0
31.180645 309.13287 0.0481 0.0 77.0
29.695852 313.00128 0.0481 0.0 77.0
31.180645 309.13287 0.0482 0.0 77.0
31.180645 313.27643 0.0482 0.0 77.0
31.180645 313.27643 0.0483 0.0 78.0
32.665436 317.14484 0.0483 0.0 78.0
31.180645 313.27643 0.0484 0.0 78.0
31.180645 317.41998 0.0484 0.0 78.0
31.180645 304.98932 0.0485 4.0 76.0
32.665436 308.85773 0.0485 4.0 76.0
32.665436 308.85773 0.0486 0.0 77.0
32.665436 313.00128 0.0486 0.0 77.0
32.665436 308.85773 0.0487 3.0 77.0
34.150227 312.72614 0.0487 3.0 77.0
34.150227 312.72614 0.0488 0.0 78.0
36.922607 315.8056 0.0488 0.0 78.0
34.150227 312.72614 0.0489 2.0 78.0
35.635017 316.59454 0.0489 2.0 78.0
35.635017 316.59454 0.0490 1.0 79.0
38.4074 319.674 0.0490 1.0 79.0
38.4074 319.674 0.0491 0.0 80.0
39.89219 323.54242 0.0491 0.0 80.0
38.4074 319.674 0.0492 0.0 80.0
41.17978 322.75348 0.0492 0.0 80.0
41.17978 322.75348 0.0493 0.0 81.0
44.871536 324.63498 0.0493 0.0 81.0
41.17978 322.75348 0.0494 0.0 81.0
43.95216 325.83295 0.0494 0.0 81.0
35.635017 316.59454 0.0495 1.0 79.0
37.11981 320.46295 0.0495 1.0 79.0
37.11981 320.46295 0.0496 0.0 80.0
37.11981 324.6065 0.0496 0.0 80.0
37.11981 320.46295 0.0497 0.0 80.0
38.6046 324.33136 0.0497 0.0 80.0
38.6046 324.33136 0.0498 0.0 81.0
41.37698 327.41083 0.0498 0.0 81.0
38.6046 324.33136 0.0499 0.0 81.0
40.08939 328.19977 0.0499 0.0 81.0
0.0 223.75276 0.0500 25.0 55.0
0.0 227.89633 0.0500 25.0 55.0
0.0 227.89633 0.0501 0.0 56.0
-1.4847926 231.76474 0.0501 0.0 56.0
0.0 227.89633 0.0502 24.0 56.0
0.0 232.0399 0.0502 24.0 56.0
0.0 232.0399 0.0503 0.0 57.0
1.4847926 235.90831 0.0503 0.0 57.0
0.0 232.0399 0.0504 23.0 57.0
0.0 236.18347 0.0504 23.0 57.0
0.0 236.18347 0.0505 1.0 58.0
-1.4847926 240.05188 0.0505 1.0 58.0
-1.4847926 240.05188 0.0506 0.0 59.0
-4.257175 243.13133 0.0506 0.0 59.0
-1.4847926 240.05188 0.0507 0.0 59.0
-2.9695852 243.92029 0.0507 0.0 59.0
-2.9695852 243.92029 0.0508 0.0 60.0
-2.9695852 248.06386 0.0508 0.0 60.0
-2.9695852 243.92029 0.0509 0.0 60.0
-4.4543777 247.7887 0.0509 0.0 60.0
0.0 236.18347 0.0510 22.0 58.0
0.0 240.32704 0.0510 22.0 58.0
0.0 240.32704 0.0511 0.0 59.0
-1.4847926 244.19545 0.0511 0.0 59.0
0.0 240.32704 0.0512 21.0 59.0
0.0 244.47061 0.0512 21.0 59.0
0.0 244.47061 0.0513 0.0 60.0
1.4847926 248.33902 0.0513 0.0 60.0
0.0 244.47061 0.0514 20.0 60.0
0.0 248.61418 0.0514 20.0 60.0
0.0 248.61418 0.0515 1.0 61.0
1.4847926 252.48259 0.0515 1.0 61.0
1.4847926 252.48259 0.0516 0.0 62.0
1.4847926 256.62616 0.0516 0.0 62.0
1.4847926 252.48259 0.0517 0.0 62.0
2.9695852 256.35098 0.0517 0.0 62.0
2.9695852 256.35098 0.0518 0.0 63.0
5.741967 259.43045 0.0518 0.0 63.0
2.9695852 256.35098 0.0519 0.0 63.0
4.4543777 260.2194 0.0519 0.0 63.0
0.0 248.61418 0.0520 19.0 61.0
0.0 252.75775 0.0520 19.0 61.0
0.0 252.75775 0.0521 0.0 62.0
-1.4847926 256.62616 0.0521 0.0 62.0
0.0 252.75775 0.0522 18.0 62.0
0.0 256.9013 0.0522 18.0 62.0
0.0 256.9013 0.0523 0.0 63.0
1.4847926 260.7697 0.0523 0.0 63.0
0.0 256.9013 0.0524 17.0 63.0
0.0 261.04486 0.0524 17.0 63.0
0.0 261.04486 0.0525 7.0 64.0
1.4847926 264.91327 0.0525 7.0 64.0
1.4847926 264.91327 0.0526 0.0 65.0
1.4847926 269.05682 0.0526 0.0 65.0
1.4847926 264.91327 0.0527 6.0 65.0
2.9695852 268.78168 0.0527 6.0 65.0
2.9695852 268.78168 0.0528 0.0 66.0
5.741967 271.86115 0.0528 0.0 66.0
2.9695852 268.78168 0.0529 5.0 66.0
4.4543777 272.6501 0.0529 5.0 66.0
4.4543777 272.6501 0.0530 1.0 67.0
4.4543777 276.79364 0.0530 1.0 67.0
4.4543777 276.79364 0.0531 0.0 68.0
2.969585 280.66205 0.0531 0.0 68.0
4.4543777 276.79364 0.0532 0.0 68.0
4.4543777 280.9372 0.0532 0.0 68.0
4.4543777 280.9372 0.0533 0.0 69.0
5.9391704 284.8056 0.0533 0.0 69.0
4.4543777 280.9372 0.0534 0.0 69.0
4.4543777 285.08075 0.0534 0.0 69.0
4.4543777 272.6501 0.0535 4.0 67.0
5.9391704 276.5185 0.0535 4.0 67.0
5.9391704 276.5185 0.0536 0.0 68.0
5.9391704 280.66205 0.0536 0.0 68.0
5.9391704 276.5185 0.0537 3.0 68.0
7.423963 280.3869 0.0537 3.0 68.0
7.423963 280.3869 0.0538 0.0 69.0
10.196345 283.46637 0.0538 0.0 69.0
7.423963 280.3869 0.0539 2.0 69.0
8.908755 284.2553 0.0539 2.0 69.0
8.908755 284.2553 0.0540 1.0 70.0
11.681137 287.33478 0.0540 1.0 70.0
11.681137 287.33478 0.0541 0.0 71.0
13.16593 291.2032 0.0541 0.0 71.0
11.681137 287.33478 0.0542 0.0 71.0
14.45352 290.41425 0.0542 0.0 71.0
14.45352 290.41425 0.0543 0.0 72.0
18.145277 292.29575 0.0543 0.0 72.0
14.45352 290.41425 0.0544 0.0 72.0
17.225903 293.4937 0.0544 0.0 72.0
8.908755 284.2553 0.0545 1.0 70.0
10.393548 288.12372 0.0545 1.0 70.0
10.393548 288.12372 0.0546 0.0 71.0
10.393548 292.26727 0.0546 0.0 71.0
10.393548 288.12372 0.0547 0.0 71.0
11.878341 291.99213 0.0547 0.0 71.0
11.878341 291.99213 0.0548 0.0 72.0
14.6507225 295.0716 0.0548 0.0 72.0
11.878341 291.99213 0.0549 0.0 72.0
13.363133 295.86053 0.0549 0.0 72.0
0.0 261.04486 0.0550 16.0 64.0
0.0 265.18842 0.0550 16.0 64.0
0.0 265.18842 0.0551 0.0 65.0
-1.4847926 269.05682 0.0551 0.0 65.0
0.0 265.18842 0.0552 15.0 65.0
0.0 269.33197 0.0552 15.0 65.0
0.0 269.33197 0.0553 0.0 66.0
1.4847926 273.20038 0.0553 0.0 66.0
0.0 269.33197 0.0554 14.0 66.0
0.0 273.47552 0.0554 14.0 66.0
0.0 273.47552 0.0555 1.0 67.0
-1.4847926 277.34393 0.0555 1.0 67.0
-1.4847926 277.34393 0.0556 0.0 68.0
-4.257175 280.4234 0.0556 0.0 68.0
-1.4847926 277.34393 0.0557 0.0 68.0
-2.9695852 281.21234 0.0557 0.0 68.0
-2.9695852 281.21234 0.0558 0.0 69.0
-2.9695852 285.3559 0.0558 0.0 69.0
-2.9695852 281.21234 0.0559 0.0 69.0
-4.4543777 285.08075 0.0559 0.0 69.0
0.0 273.47552 0.0560 13.0 67.0
0.0 277.61908 0.0560 13.0 67.0
0.0 277.61908 0.0561 0.0 68.0
-1.4847926 281.4875 0.0561 0.0 68.0
0.0 277.61908 0.0562 12.0 68.0
0.0 281.76263 0.0562 12.0 68.0
0.0 281.76263 0.0563 0.0 69.0
1.4847926 285.63104 0.0563 0.0 69.0
0.0 281.76263 0.0564 11.0 69.0
0.0 285.9062 0.0564 11.0 69.0
0.0 285.9062 0.0565 1.0 70.0
1.4847926 289.7746 0.0565 1.0 70.0
1.4847926 289.7746 0.0566 0.0 71.0
1.4847926 293.91815 0.0566 0.0 71.0
1.4847926 289.7746 0.0567 0.0 71.0
2.9695852 293.643 0.0567 0.0 71.0
2.9695852 293.643 0.0568 0.0 72.0
5.741967 296.72247 0.0568 0.0 72.0
2.9695852 293.643 0.0569 0.0 72.0
4.4543777 297.5114 0.0569 0.0 72.0
0.0 285.9062 0.0570 10.0 70.0
0.0 290.04974 0.0570 10.0 70.0
0.0 290.04974 0.0571 0.0 71.0
-1.4847926 293.91815 0.0571 0.0 71.0
0.0 290.04974 0.0572 9.0 71.0
0.0 294.1933 0.0572 9.0 71.0
0.0 294.1933 0.0573 0.0 72.0
1.4847926 298.0617 0.0573 0.0 72.0
0.0 294.1933 0.0574 8.0 72.0
0.0 298.33685 0.0574 8.0 72.0
0.0 298.33685 0.0575 7.0 73.0
1.4847926 302.20526 0.0575 7.0 73.0
1.4847926 302.20526 0.0576 0.0 74.0
1.4847926 306.34882 0.0576 0.0 74.0
1.4847926 302.20526 0.0577 6.0 74.0
2.9695852 306.07367 0.0577 6.0 74.0
2.9695852 306.07367 0.0578 0.0 75.0
5.741967 309.15314 0.0578 0.0 75.0
2.9695852 306.07367 0.0579 5.0 75.0
4.4543777 309.94208 0.0579 5.0 75.0
4.4543777 309.94208 0.0580 1.0 76.0
4.4543777 314.08563 0.0580 1.0 76.0
4.4543777 314.08563 0.0581 0.0 77.0
2.969585 317.95404 0.0581 0.0 77.0
4.4543777 314.08563 0.0582 0.0 77.0
4.4543777 318.2292 0.0582 0.0 77.0
4.4543777 318.2292 0.0583 0.0 78.0
5.9391704 322.0976 0.0583 0.0 78.0
4.4543777 318.2292 0.0584 0.0 78.0
4.4543777 322.37274 0.0584 0.0 78.0
4.4543777 309.94208 0.0585 4.0 76.0
5.9391704 313.8105 0.0585 4.0 76.0
5.9391704 313.8105 0.0586 0.0 77.0
5.9391704 317.95404 0.0586 0.0 77.0
5.9391704 313.8105 0.0587 3.0 77.0
7.423963 317.6789 0.0587 3.0 77.0
7.423963 317.6789 0.0588 0.0 78.0
10.196345 320.75836 0.0588 0.0 78.0
7.423963 317.6789 0.0589 2.0 78.0
8.908755 321.5473 0.0589 2.0 78.0
8.908755 321.5473 0.0590 1.0 79.0
11.681137 324.62677 0.0590 1.0 79.0
11.681137 324.62677 0.0591 0.0 80.0
13.16593 328.49518 0.0591 0.0 80.0
11.681137 324.62677 0.0592 0.0 80.0
14.45352 327.70624 0.0592 0.0 80.0
14.45352 327.70624 0.0593 0.0 81.0
18.145277 329.58774 0.0593 0.0 81.0
14.45352 327.70624 0.0594 0.0 81.0
17.225903 330.7857 0.0594 0.0 81.0
8.908755 321.5473 0.0595 1.0 79.0
10.393548 325.4157 0.0595 1.0 79.0
10.393548 325.4157 0.0596 0.0 80.0
10.393548 329.55927 0.0596 0.0 80.0
10.393548 325.4157 0.0597 0.0 80.0
11.878341 329.28412 0.0597 0.0 80.0
11.878341 329.28412 0.0598 0.0 81.0
14.6507225 332.3636 0.0598 0.0 81.0
11.878341 329.28412 0.0599 0.0 81.0
13.363133 333.15253 0.0599 0.0 81.0
0.0 298.33685 0.0600 7.0 73.0
0.0 302.4804 0.0600 7.0 73.0
0.0 302.4804 0.0601 0.0 74.0
-1.4847926 306.34882 0.0601 0.0 74.0
0.0 302.4804 0.0602 6.0 74.0
0.0 306.62396 0.0602 6.0 74.0
0.0 306.62396 0.0603 0.0 75.0
1.4847926 310.49237 0.0603 0.0 75.0
0.0 306.62396 0.0604 5.0 75.0
0.0 310.76752 0.0604 5.0 75.0
0.0 310.76752 0.0605 1.0 76.0
-1.4847926 314.63593 0.0605 1.0 76.0
-1.4847926 314.63593 0.0606 0.0 77.0
-4.257175 317.7154 0.0606 0.0 77.0
-1.4847926 314.63593 0.0607 0.0 77.0
-2.9695852 318.50433 0.0607 0.0 77.0
-2.9695852 318.50433 0.0608 0.0 78.0
-2.9695852 322.6479 0.0608 0.0 78.0
-2.9695852 318.50433 0.0609 0.0 78.0
-4.4543777 322.37274 0.0609 0.0 78.0
0.0 310.76752 0.0610 4.0 76.0
0.0 314.91107 0.0610 4.0 76.0
0.0 314.91107 0.0611 0.0 77.0
-1.4847926 318.77948 0.0611 0.0 77.0
0.0 314.91107 0.0612 3.0 77.0
0.0 319.05463 0.0612 3.0 77.0
0.0 319.05463 0.0613 0.0 78.0
1.4847926 322.92303 0.0613 0.0 78.0
0.0 319.05463 0.0614 2.0 78.0
0.0 323.19818 0.0614 2.0 78.0
0.0 323.19818 0.0615 1.0 79.0
1.4847926 327.0666 0.0615 1.0 79.0
1.4847926 327.0666 0.0616 0.0 80.0
1.4847926 331.21014 0.0616 0.0 80.0
1.4847926 327.0666 0.0617 0.0 80.0
2.9695852 330.935 0.0617 0.0 80.0
2.9695852 330.935 0.0618 0.0 81.0
5.741967 334.01447 0.0618 0.0 81.0
2.9695852 330.935 0.0619 0.0 81.0
4.4543777 334.8034 0.0619 0.0 81.0
0.0 323.19818 0.0620 1.0 79.0
0.0 327.34174 0.0620 1.0 79.0
0.0 327.34174 0.0621 0.0 80.0
-1.4847926 331.21014 0.0621 0.0 80.0
0.0 327.34174 0.0622 0.0 80.0
0.0 331.4853 0.0622 0.0 80.0
0.0 331.4853 0.0623 0.0 81.0
1.4847926 335.3537 0.0623 0.0 81.0
0.0 331.4853 0.0624 0.0 81.0
0.0 335.62885 0.0624 0.0 81.0
