0.0 0.0 0.00 43.0 1.0
0.0 1.8396244 0.00 43.0 1.0
0.0 1.8396244 0.01 42.0 2.0
0.0 3.6792488 0.01 42.0 2.0
0.0 3.6792488 0.02 41.0 3.0
0.0 5.518873 0.02 41.0 3.0
0.0 5.518873 0.03 40.0 4.0
0.0 7.3584976 0.03 40.0 4.0
0.0 7.3584976 0.04 39.0 5.0
0.0 9.198122 0.04 39.0 5.0
0.0 9.198122 0.05 38.0 6.0
0.0 11.037746 0.05 38.0 6.0
0.0 11.037746 0.06 37.0 7.0
0.0 12.877371 0.06 37.0 7.0
0.0 12.877371 0.07 36.0 8.0
0.0 14.716995 0.07 36.0 8.0
0.0 14.716995 0.08 19.0 9.0
0.8995287 16.321697 0.08 19.0 9.0
0.8995287 16.321697 0.09 18.0 10.0
1.7990574 17.9264 0.09 18.0 10.0
1.7990574 17.9264 0.010 17.0 11.0
2.698586 19.531101 0.010 17.0 11.0
2.698586 19.531101 0.011 16.0 12.0
3.5981147 21.135803 0.011 16.0 12.0
3.5981147 21.135803 0.012 7.0 13.0
5.1674294 22.095736 0.012 7.0 13.0
5.1674294 22.095736 0.013 6.0 14.0
6.736744 23.055668 0.013 6.0 14.0
6.736744 23.055668 0.014 1.0 15.0
8.575036 23.12566 0.014 1.0 15.0
8.575036 23.12566 0.015 0.0 16.0
10.413328 23.195652 0.015 0.0 16.0
10.413328 23.195652 0.016 0.0 17.0
12.051092 22.35783 0.016 0.0 17.0
6.736744 23.055668 0.017 1.0 15.0
8.306059 24.0156 0.017 1.0 15.0
8.306059 24.0156 0.018 0.0 16.0
9.875374 24.975533 0.018 0.0 16.0
9.875374 24.975533 0.019 0.0 17.0
11.713666 25.045525 0.019 0.0 17.0
6.736744 23.055668 0.020 5.0 15.0
8.306059 24.0156 0.020 5.0 15.0
8.306059 24.0156 0.021 4.0 16.0
9.875374 24.975533 0.021 4.0 16.0
9.875374 24.975533 0.022 3.0 17.0
10.774902 26.580235 0.022 3.0 17.0
10.774902 26.580235 0.023 2.0 18.0
11.674431 28.184937 0.023 2.0 18.0
11.674431 28.184937 0.024 1.0 19.0
12.573959 29.789639 0.024 1.0 19.0
12.573959 29.789639 0.025 0.0 20.0
13.473488 31.39434 0.025 0.0 20.0
13.473488 31.39434 0.026 0.0 21.0
15.042803 32.35427 0.026 0.0 21.0
9.875374 24.975533 0.027 1.0 17.0
11.713666 25.045525 0.027 1.0 17.0
11.713666 25.045525 0.028 0.0 18.0
13.551958 25.115517 0.028 0.0 18.0
13.551958 25.115517 0.029 0.0 19.0
15.189722 24.277695 0.029 0.0 19.0
3.5981147 21.135803 0.030 7.0 13.0
5.436407 21.205795 0.030 7.0 13.0
5.436407 21.205795 0.031 6.0 14.0
7.274699 21.275787 0.031 6.0 14.0
7.274699 21.275787 0.032 1.0 15.0
8.912463 20.437965 0.032 1.0 15.0
8.912463 20.437965 0.033 0.0 16.0
10.550227 19.600143 0.033 0.0 16.0
10.550227 19.600143 0.034 0.0 17.0
11.569172 18.068487 0.034 0.0 17.0
7.274699 21.275787 0.035 1.0 15.0
9.112991 21.34578 0.035 1.0 15.0
9.112991 21.34578 0.036 0.0 16.0
10.951283 21.415771 0.036 0.0 16.0
10.951283 21.415771 0.037 0.0 17.0
12.589047 20.57795 0.037 0.0 17.0
7.274699 21.275787 0.038 5.0 15.0
9.112991 21.34578 0.038 5.0 15.0
9.112991 21.34578 0.039 4.0 16.0
10.951283 21.415771 0.039 4.0 16.0
10.951283 21.415771 0.040 3.0 17.0
12.520598 22.375704 0.040 3.0 17.0
12.520598 22.375704 0.041 2.0 18.0
14.089913 23.335636 0.041 2.0 18.0
14.089913 23.335636 0.042 1.0 19.0
15.659228 24.295568 0.042 1.0 19.0
15.659228 24.295568 0.043 0.0 20.0
17.228542 25.2555 0.043 0.0 20.0
17.228542 25.2555 0.044 0.0 21.0
19.066835 25.325493 0.044 0.0 21.0
10.951283 21.415771 0.045 1.0 17.0
12.589047 20.57795 0.045 1.0 17.0
12.589047 20.57795 0.046 0.0 18.0
14.226811 19.740128 0.046 0.0 18.0
14.226811 19.740128 0.047 0.0 19.0
15.245756 18.208471 0.047 0.0 19.0
3.5981147 21.135803 0.048 15.0 13.0
4.4976435 22.740505 0.048 15.0 13.0
4.4976435 22.740505 0.049 14.0 14.0
5.397172 24.345207 0.049 14.0 14.0
5.397172 24.345207 0.050 13.0 15.0
6.2967005 25.94991 0.050 13.0 15.0
6.2967005 25.94991 0.051 12.0 16.0
7.196229 27.554611 0.051 12.0 16.0
7.196229 27.554611 0.052 11.0 17.0
8.765544 28.514544 0.052 11.0 17.0
8.765544 28.514544 0.053 10.0 18.0
10.334859 29.474476 0.053 10.0 18.0
10.334859 29.474476 0.054 9.0 19.0
11.904174 30.434408 0.054 9.0 19.0
11.904174 30.434408 0.055 8.0 20.0
13.473489 31.39434 0.055 8.0 20.0
13.473489 31.39434 0.056 7.0 21.0
15.042804 32.35427 0.056 7.0 21.0
15.042804 32.35427 0.057 6.0 22.0
16.612118 33.3142 0.057 6.0 22.0
16.612118 33.3142 0.058 1.0 23.0
18.45041 33.384193 0.058 1.0 23.0
18.45041 33.384193 0.059 0.0 24.0
20.288704 33.454185 0.059 0.0 24.0
20.288704 33.454185 0.060 0.0 25.0
21.926468 32.616364 0.060 0.0 25.0
16.612118 33.3142 0.061 1.0 23.0
18.181433 34.27413 0.061 1.0 23.0
18.181433 34.27413 0.062 0.0 24.0
19.750748 35.234062 0.062 0.0 24.0
19.750748 35.234062 0.063 0.0 25.0
21.58904 35.304054 0.063 0.0 25.0
16.612118 33.3142 0.064 5.0 23.0
18.181433 34.27413 0.064 5.0 23.0
18.181433 34.27413 0.065 4.0 24.0
19.750748 35.234062 0.065 4.0 24.0
19.750748 35.234062 0.066 3.0 25.0
20.650276 36.838764 0.066 3.0 25.0
20.650276 36.838764 0.067 2.0 26.0
21.549805 38.443466 0.067 2.0 26.0
21.549805 38.443466 0.068 1.0 27.0
22.449333 40.04817 0.068 1.0 27.0
22.449333 40.04817 0.069 0.0 28.0
23.348862 41.65287 0.069 0.0 28.0
23.348862 41.65287 0.070 0.0 29.0
24.918177 42.6128 0.070 0.0 29.0
19.750748 35.234062 0.071 1.0 25.0
21.58904 35.304054 0.071 1.0 25.0
21.58904 35.304054 0.072 0.0 26.0
23.427334 35.374046 0.072 0.0 26.0
23.427334 35.374046 0.073 0.0 27.0
25.065098 34.536224 0.073 0.0 27.0
7.196229 27.554611 0.074 7.0 17.0
8.765544 28.514544 0.074 7.0 17.0
8.765544 28.514544 0.075 6.0 18.0
10.334859 29.474476 0.075 6.0 18.0
10.334859 29.474476 0.076 1.0 19.0
12.173151 29.544468 0.076 1.0 19.0
12.173151 29.544468 0.077 0.0 20.0
14.011443 29.61446 0.077 0.0 20.0
14.011443 29.61446 0.078 0.0 21.0
15.649207 28.776638 0.078 0.0 21.0
10.334859 29.474476 0.079 1.0 19.0
11.904174 30.434408 0.079 1.0 19.0
11.904174 30.434408 0.080 0.0 20.0
13.473489 31.39434 0.080 0.0 20.0
13.473489 31.39434 0.081 0.0 21.0
15.311781 31.464333 0.081 0.0 21.0
10.334859 29.474476 0.082 5.0 19.0
11.904174 30.434408 0.082 5.0 19.0
11.904174 30.434408 0.083 4.0 20.0
13.473489 31.39434 0.083 4.0 20.0
13.473489 31.39434 0.084 3.0 21.0
14.373017 32.999043 0.084 3.0 21.0
14.373017 32.999043 0.085 2.0 22.0
15.272546 34.603745 0.085 2.0 22.0
15.272546 34.603745 0.086 1.0 23.0
16.172075 36.208447 0.086 1.0 23.0
16.172075 36.208447 0.087 0.0 24.0
17.071604 37.81315 0.087 0.0 24.0
17.071604 37.81315 0.088 0.0 25.0
18.640919 38.77308 0.088 0.0 25.0
13.473489 31.39434 0.089 1.0 21.0
15.311781 31.464333 0.089 1.0 21.0
15.311781 31.464333 0.090 0.0 22.0
17.150074 31.534325 0.090 0.0 22.0
17.150074 31.534325 0.091 0.0 23.0
18.787838 30.696503 0.091 0.0 23.0
0.0 14.716995 0.092 19.0 9.0
0.0 16.55662 0.092 19.0 9.0
0.0 16.55662 0.093 18.0 10.0
0.0 18.396244 0.093 18.0 10.0
0.0 18.396244 0.094 17.0 11.0
0.0 20.235868 0.094 17.0 11.0
0.0 20.235868 0.095 16.0 12.0
0.0 22.075493 0.095 16.0 12.0
0.0 22.075493 0.096 7.0 13.0
0.8995287 23.680195 0.096 7.0 13.0
0.8995287 23.680195 0.097 6.0 14.0
1.7990574 25.284897 0.097 6.0 14.0
1.7990574 25.284897 0.098 1.0 15.0
3.368372 26.24483 0.098 1.0 15.0
3.368372 26.24483 0.099 0.0 16.0
4.9376864 27.204762 0.099 0.0 16.0
4.9376864 27.204762 0.0100 0.0 17.0
6.775979 27.274754 0.0100 0.0 17.0
1.7990574 25.284897 0.0101 1.0 15.0
2.698586 26.889599 0.0101 1.0 15.0
2.698586 26.889599 0.0102 0.0 16.0
3.5981147 28.4943 0.0102 0.0 16.0
3.5981147 28.4943 0.0103 0.0 17.0
5.1674294 29.454233 0.0103 0.0 17.0
1.7990574 25.284897 0.0104 5.0 15.0
2.698586 26.889599 0.0104 5.0 15.0
2.698586 26.889599 0.0105 4.0 16.0
3.5981147 28.4943 0.0105 4.0 16.0
3.5981147 28.4943 0.0106 3.0 17.0
3.5981147 30.333925 0.0106 3.0 17.0
3.5981147 30.333925 0.0107 2.0 18.0
3.5981147 32.17355 0.0107 2.0 18.0
3.5981147 32.17355 0.0108 1.0 19.0
3.5981147 34.013176 0.0108 1.0 19.0
3.5981147 34.013176 0.0109 0.0 20.0
3.5981147 35.8528 0.0109 0.0 20.0
3.5981147 35.8528 0.0110 0.0 21.0
4.4976435 37.4575 0.0110 0.0 21.0
3.5981147 28.4943 0.0111 1.0 17.0
5.1674294 29.454233 0.0111 1.0 17.0
5.1674294 29.454233 0.0112 0.0 18.0
6.736744 30.414165 0.0112 0.0 18.0
6.736744 30.414165 0.0113 0.0 19.0
8.575036 30.484158 0.0113 0.0 19.0
0.0 22.075493 0.0114 7.0 13.0
1.5693146 23.035425 0.0114 7.0 13.0
1.5693146 23.035425 0.0115 6.0 14.0
3.1386292 23.995358 0.0115 6.0 14.0
3.1386292 23.995358 0.0116 1.0 15.0
4.9769216 24.06535 0.0116 1.0 15.0
4.9769216 24.06535 0.0117 0.0 16.0
6.815214 24.135342 0.0117 0.0 16.0
6.815214 24.135342 0.0118 0.0 17.0
8.452978 23.29752 0.0118 0.0 17.0
3.1386292 23.995358 0.0119 1.0 15.0
4.707944 24.95529 0.0119 1.0 15.0
4.707944 24.95529 0.0120 0.0 16.0
6.2772584 25.915222 0.0120 0.0 16.0
6.2772584 25.915222 0.0121 0.0 17.0
8.115551 25.985214 0.0121 0.0 17.0
3.1386292 23.995358 0.0122 5.0 15.0
4.707944 24.95529 0.0122 5.0 15.0
4.707944 24.95529 0.0123 4.0 16.0
6.2772584 25.915222 0.0123 4.0 16.0
6.2772584 25.915222 0.0124 3.0 17.0
7.176787 27.519924 0.0124 3.0 17.0
7.176787 27.519924 0.0125 2.0 18.0
8.076316 29.124626 0.0125 2.0 18.0
8.076316 29.124626 0.0126 1.0 19.0
8.975844 30.729328 0.0126 1.0 19.0
8.975844 30.729328 0.0127 0.0 20.0
9.875373 32.33403 0.0127 0.0 20.0
9.875373 32.33403 0.0128 0.0 21.0
11.444688 33.29396 0.0128 0.0 21.0
6.2772584 25.915222 0.0129 1.0 17.0
8.115551 25.985214 0.0129 1.0 17.0
8.115551 25.985214 0.0130 0.0 18.0
9.953843 26.055206 0.0130 0.0 18.0
9.953843 26.055206 0.0131 0.0 19.0
11.591607 25.217384 0.0131 0.0 19.0
0.0 22.075493 0.0132 15.0 13.0
0.0 23.915117 0.0132 15.0 13.0
0.0 23.915117 0.0133 14.0 14.0
0.0 25.754742 0.0133 14.0 14.0
0.0 25.754742 0.0134 13.0 15.0
0.0 27.594366 0.0134 13.0 15.0
0.0 27.594366 0.0135 12.0 16.0
0.0 29.43399 0.0135 12.0 16.0
0.0 29.43399 0.0136 11.0 17.0
0.8995287 31.038692 0.0136 11.0 17.0
0.8995287 31.038692 0.0137 10.0 18.0
1.7990574 32.643394 0.0137 10.0 18.0
1.7990574 32.643394 0.0138 9.0 19.0
2.698586 34.248096 0.0138 9.0 19.0
2.698586 34.248096 0.0139 8.0 20.0
3.5981147 35.8528 0.0139 8.0 20.0
3.5981147 35.8528 0.0140 7.0 21.0
4.4976435 37.4575 0.0140 7.0 21.0
4.4976435 37.4575 0.0141 6.0 22.0
5.397172 39.062202 0.0141 6.0 22.0
5.397172 39.062202 0.0142 1.0 23.0
6.9664865 40.022133 0.0142 1.0 23.0
6.9664865 40.022133 0.0143 0.0 24.0
8.535801 40.982063 0.0143 0.0 24.0
8.535801 40.982063 0.0144 0.0 25.0
10.374093 41.052055 0.0144 0.0 25.0
5.397172 39.062202 0.0145 1.0 23.0
6.2967005 40.666904 0.0145 1.0 23.0
6.2967005 40.666904 0.0146 0.0 24.0
7.196229 42.271606 0.0146 0.0 24.0
7.196229 42.271606 0.0147 0.0 25.0
8.765544 43.231537 0.0147 0.0 25.0
5.397172 39.062202 0.0148 5.0 23.0
6.2967005 40.666904 0.0148 5.0 23.0
6.2967005 40.666904 0.0149 4.0 24.0
7.196229 42.271606 0.0149 4.0 24.0
7.196229 42.271606 0.0150 3.0 25.0
7.196229 44.11123 0.0150 3.0 25.0
7.196229 44.11123 0.0151 2.0 26.0
7.196229 45.95085 0.0151 2.0 26.0
7.196229 45.95085 0.0152 1.0 27.0
7.196229 47.790474 0.0152 1.0 27.0
7.196229 47.790474 0.0153 0.0 28.0
7.196229 49.630096 0.0153 0.0 28.0
7.196229 49.630096 0.0154 0.0 29.0
8.0957575 51.2348 0.0154 0.0 29.0
7.196229 42.271606 0.0155 1.0 25.0
8.765544 43.231537 0.0155 1.0 25.0
8.765544 43.231537 0.0156 0.0 26.0
10.334859 44.191467 0.0156 0.0 26.0
10.334859 44.191467 0.0157 0.0 27.0
12.173151 44.26146 0.0157 0.0 27.0
0.0 29.43399 0.0158 7.0 17.0
0.8995287 31.038692 0.0158 7.0 17.0
0.8995287 31.038692 0.0159 6.0 18.0
1.7990574 32.643394 0.0159 6.0 18.0
1.7990574 32.643394 0.0160 1.0 19.0
3.368372 33.603325 0.0160 1.0 19.0
3.368372 33.603325 0.0161 0.0 20.0
4.9376864 34.563255 0.0161 0.0 20.0
4.9376864 34.563255 0.0162 0.0 21.0
6.775979 34.633247 0.0162 0.0 21.0
1.7990574 32.643394 0.0163 1.0 19.0
2.698586 34.248096 0.0163 1.0 19.0
2.698586 34.248096 0.0164 0.0 20.0
3.5981147 35.8528 0.0164 0.0 20.0
3.5981147 35.8528 0.0165 0.0 21.0
5.1674294 36.81273 0.0165 0.0 21.0
1.7990574 32.643394 0.0166 5.0 19.0
2.698586 34.248096 0.0166 5.0 19.0
2.698586 34.248096 0.0167 4.0 20.0
3.5981147 35.8528 0.0167 4.0 20.0
3.5981147 35.8528 0.0168 3.0 21.0
3.5981147 37.69242 0.0168 3.0 21.0
3.5981147 37.69242 0.0169 2.0 22.0
3.5981147 39.532043 0.0169 2.0 22.0
3.5981147 39.532043 0.0170 1.0 23.0
3.5981147 41.371666 0.0170 1.0 23.0
3.5981147 41.371666 0.0171 0.0 24.0
3.5981147 43.21129 0.0171 0.0 24.0
3.5981147 43.21129 0.0172 0.0 25.0
4.4976435 44.81599 0.0172 0.0 25.0
3.5981147 35.8528 0.0173 1.0 21.0
5.1674294 36.81273 0.0173 1.0 21.0
5.1674294 36.81273 0.0174 0.0 22.0
6.736744 37.77266 0.0174 0.0 22.0
6.736744 37.77266 0.0175 0.0 23.0
8.575036 37.84265 0.0175 0.0 23.0
0.0 14.716995 0.0176 35.0 9.0
0.0 16.55662 0.0176 35.0 9.0
0.0 16.55662 0.0177 34.0 10.0
0.0 18.396244 0.0177 34.0 10.0
0.0 18.396244 0.0178 33.0 11.0
0.0 20.235868 0.0178 33.0 11.0
0.0 20.235868 0.0179 32.0 12.0
0.0 22.075493 0.0179 32.0 12.0
0.0 22.075493 0.0180 31.0 13.0
0.0 23.915117 0.0180 31.0 13.0
0.0 23.915117 0.0181 30.0 14.0
0.0 25.754742 0.0181 30.0 14.0
0.0 25.754742 0.0182 29.0 15.0
0.0 27.594366 0.0182 29.0 15.0
0.0 27.594366 0.0183 28.0 16.0
0.0 29.43399 0.0183 28.0 16.0
0.0 29.43399 0.0184 27.0 17.0
-0.8995287 31.038692 0.0184 27.0 17.0
-0.8995287 31.038692 0.0185 26.0 18.0
-1.7990574 32.643394 0.0185 26.0 18.0
-1.7990574 32.643394 0.0186 25.0 19.0
-2.698586 34.248096 0.0186 25.0 19.0
-2.698586 34.248096 0.0187 24.0 20.0
-3.5981147 35.8528 0.0187 24.0 20.0
-3.5981147 35.8528 0.0188 23.0 21.0
-4.4976435 37.4575 0.0188 23.0 21.0
-4.4976435 37.4575 0.0189 22.0 22.0
-5.397172 39.062202 0.0189 22.0 22.0
-5.397172 39.062202 0.0190 21.0 23.0
-6.2967005 40.666904 0.0190 21.0 23.0
-6.2967005 40.666904 0.0191 20.0 24.0
-7.196229 42.271606 0.0191 20.0 24.0
-7.196229 42.271606 0.0192 19.0 25.0
-8.0957575 43.87631 0.0192 19.0 25.0
-8.0957575 43.87631 0.0193 18.0 26.0
-8.995286 45.48101 0.0193 18.0 26.0
-8.995286 45.48101 0.0194 17.0 27.0
-9.8948145 47.085712 0.0194 17.0 27.0
-9.8948145 47.085712 0.0195 16.0 28.0
-10.794343 48.690414 0.0195 16.0 28.0
-10.794343 48.690414 0.0196 7.0 29.0
-10.794343 50.530037 0.0196 7.0 29.0
-10.794343 50.530037 0.0197 6.0 30.0
-10.794343 52.36966 0.0197 6.0 30.0
-10.794343 52.36966 0.0198 1.0 31.0
-9.8948145 53.97436 0.0198 1.0 31.0
-9.8948145 53.97436 0.0199 0.0 32.0
-8.995286 55.579063 0.0199 0.0 32.0
-8.995286 55.579063 0.0200 0.0 33.0
-7.4259715 56.538994 0.0200 0.0 33.0
-10.794343 52.36966 0.0201 1.0 31.0
-10.794343 54.209282 0.0201 1.0 31.0
-10.794343 54.209282 0.0202 0.0 32.0
-10.794343 56.048904 0.0202 0.0 32.0
-10.794343 56.048904 0.0203 0.0 33.0
-9.8948145 57.653606 0.0203 0.0 33.0
-10.794343 52.36966 0.0204 5.0 31.0
-10.794343 54.209282 0.0204 5.0 31.0
-10.794343 54.209282 0.0205 4.0 32.0
-10.794343 56.048904 0.0205 4.0 32.0
-10.794343 56.048904 0.0206 3.0 33.0
-11.6938715 57.653606 0.0206 3.0 33.0
-11.6938715 57.653606 0.0207 2.0 34.0
-12.5934 59.25831 0.0207 2.0 34.0
-12.5934 59.25831 0.0208 1.0 35.0
-13.4929285 60.86301 0.0208 1.0 35.0
-13.4929285 60.86301 0.0209 0.0 36.0
-14.392457 62.467712 0.0209 0.0 36.0
-14.392457 62.467712 0.0210 0.0 37.0
-14.392457 64.307335 0.0210 0.0 37.0
-10.794343 56.048904 0.0211 1.0 33.0
-9.8948145 57.653606 0.0211 1.0 33.0
-9.8948145 57.653606 0.0212 0.0 34.0
-8.995286 59.25831 0.0212 0.0 34.0
-8.995286 59.25831 0.0213 0.0 35.0
-7.4259715 60.21824 0.0213 0.0 35.0
-10.794343 48.690414 0.0214 7.0 29.0
-9.8948145 50.295116 0.0214 7.0 29.0
-9.8948145 50.295116 0.0215 6.0 30.0
-8.995286 51.89982 0.0215 6.0 30.0
-8.995286 51.89982 0.0216 1.0 31.0
-7.4259715 52.85975 0.0216 1.0 31.0
-7.4259715 52.85975 0.0217 0.0 32.0
-5.856657 53.81968 0.0217 0.0 32.0
-5.856657 53.81968 0.0218 0.0 33.0
-4.018365 53.88967 0.0218 0.0 33.0
-8.995286 51.89982 0.0219 1.0 31.0
-8.0957575 53.50452 0.0219 1.0 31.0
-8.0957575 53.50452 0.0220 0.0 32.0
-7.196229 55.109222 0.0220 0.0 32.0
-7.196229 55.109222 0.0221 0.0 33.0
-5.6269145 56.069153 0.0221 0.0 33.0
-8.995286 51.89982 0.0222 5.0 31.0
-8.0957575 53.50452 0.0222 5.0 31.0
-8.0957575 53.50452 0.0223 4.0 32.0
-7.196229 55.109222 0.0223 4.0 32.0
-7.196229 55.109222 0.0224 3.0 33.0
-7.196229 56.948845 0.0224 3.0 33.0
-7.196229 56.948845 0.0225 2.0 34.0
-7.196229 58.788467 0.0225 2.0 34.0
-7.196229 58.788467 0.0226 1.0 35.0
-7.196229 60.62809 0.0226 1.0 35.0
-7.196229 60.62809 0.0227 0.0 36.0
-7.196229 62.467712 0.0227 0.0 36.0
-7.196229 62.467712 0.0228 0.0 37.0
-6.2967005 64.07241 0.0228 0.0 37.0
-7.196229 55.109222 0.0229 1.0 33.0
-5.6269145 56.069153 0.0229 1.0 33.0
-5.6269145 56.069153 0.0230 0.0 34.0
-4.0576 57.029083 0.0230 0.0 34.0
-4.0576 57.029083 0.0231 0.0 35.0
-2.2193077 57.099075 0.0231 0.0 35.0
-10.794343 48.690414 0.0232 15.0 29.0
-11.6938715 50.295116 0.0232 15.0 29.0
-11.6938715 50.295116 0.0233 14.0 30.0
-12.5934 51.89982 0.0233 14.0 30.0
-12.5934 51.89982 0.0234 13.0 31.0
-13.4929285 53.50452 0.0234 13.0 31.0
-13.4929285 53.50452 0.0235 12.0 32.0
-14.392457 55.109222 0.0235 12.0 32.0
-14.392457 55.109222 0.0236 11.0 33.0
-14.392457 56.948845 0.0236 11.0 33.0
-14.392457 56.948845 0.0237 10.0 34.0
-14.392457 58.788467 0.0237 10.0 34.0
-14.392457 58.788467 0.0238 9.0 35.0
-14.392457 60.62809 0.0238 9.0 35.0
-14.392457 60.62809 0.0239 8.0 36.0
-14.392457 62.467712 0.0239 8.0 36.0
-14.392457 62.467712 0.0240 7.0 37.0
-14.392457 64.307335 0.0240 7.0 37.0
-14.392457 64.307335 0.0241 6.0 38.0
-14.392457 66.14696 0.0241 6.0 38.0
-14.392457 66.14696 0.0242 1.0 39.0
-13.4929285 67.751656 0.0242 1.0 39.0
-13.4929285 67.751656 0.0243 0.0 40.0
-12.5934 69.35635 0.0243 0.0 40.0
-12.5934 69.35635 0.0244 0.0 41.0
-11.024085 70.316284 0.0244 0.0 41.0
-14.392457 66.14696 0.0245 1.0 39.0
-14.392457 67.98658 0.0245 1.0 39.0
-14.392457 67.98658 0.0246 0.0 40.0
-14.392457 69.8262 0.0246 0.0 40.0
-14.392457 69.8262 0.0247 0.0 41.0
-13.4929285 71.4309 0.0247 0.0 41.0
-14.392457 66.14696 0.0248 5.0 39.0
-14.392457 67.98658 0.0248 5.0 39.0
-14.392457 67.98658 0.0249 4.0 40.0
-14.392457 69.8262 0.0249 4.0 40.0
-14.392457 69.8262 0.0250 3.0 41.0
-15.2919855 71.4309 0.0250 3.0 41.0
-15.2919855 71.4309 0.0251 2.0 42.0
-16.191515 73.0356 0.0251 2.0 42.0
-16.191515 73.0356 0.0252 1.0 43.0
-17.091043 74.6403 0.0252 1.0 43.0
-17.091043 74.6403 0.0253 0.0 44.0
-17.990572 76.244995 0.0253 0.0 44.0
-17.990572 76.244995 0.0254 0.0 45.0
-17.990572 78.08462 0.0254 0.0 45.0
-14.392457 69.8262 0.0255 1.0 41.0
-13.4929285 71.4309 0.0255 1.0 41.0
-13.4929285 71.4309 0.0256 0.0 42.0
-12.5934 73.0356 0.0256 0.0 42.0
-12.5934 73.0356 0.0257 0.0 43.0
-11.024085 73.99553 0.0257 0.0 43.0
-14.392457 55.109222 0.0258 7.0 33.0
-14.392457 56.948845 0.0258 7.0 33.0
-14.392457 56.948845 0.0259 6.0 34.0
-14.392457 58.788467 0.0259 6.0 34.0
-14.392457 58.788467 0.0260 1.0 35.0
-13.4929285 60.39317 0.0260 1.0 35.0
-13.4929285 60.39317 0.0261 0.0 36.0
-12.5934 61.99787 0.0261 0.0 36.0
-12.5934 61.99787 0.0262 0.0 37.0
-11.024085 62.9578 0.0262 0.0 37.0
-14.392457 58.788467 0.0263 1.0 35.0
-14.392457 60.62809 0.0263 1.0 35.0
-14.392457 60.62809 0.0264 0.0 36.0
-14.392457 62.467712 0.0264 0.0 36.0
-14.392457 62.467712 0.0265 0.0 37.0
-13.4929285 64.07241 0.0265 0.0 37.0
-14.392457 58.788467 0.0266 5.0 35.0
-14.392457 60.62809 0.0266 5.0 35.0
-14.392457 60.62809 0.0267 4.0 36.0
-14.392457 62.467712 0.0267 4.0 36.0
-14.392457 62.467712 0.0268 3.0 37.0
-15.2919855 64.07241 0.0268 3.0 37.0
-15.2919855 64.07241 0.0269 2.0 38.0
-16.191515 65.67711 0.0269 2.0 38.0
-16.191515 65.67711 0.0270 1.0 39.0
-17.091043 67.28181 0.0270 1.0 39.0
-17.091043 67.28181 0.0271 0.0 40.0
-17.990572 68.886505 0.0271 0.0 40.0
-17.990572 68.886505 0.0272 0.0 41.0
-17.990572 70.72613 0.0272 0.0 41.0
-14.392457 62.467712 0.0273 1.0 37.0
-13.4929285 64.07241 0.0273 1.0 37.0
-13.4929285 64.07241 0.0274 0.0 38.0
-12.5934 65.67711 0.0274 0.0 38.0
-12.5934 65.67711 0.0275 0.0 39.0
-11.024085 66.63704 0.0275 0.0 39.0
0.0 29.43399 0.0276 19.0 17.0
0.8995287 31.038692 0.0276 19.0 17.0
0.8995287 31.038692 0.0277 18.0 18.0
1.7990574 32.643394 0.0277 18.0 18.0
1.7990574 32.643394 0.0278 17.0 19.0
2.698586 34.248096 0.0278 17.0 19.0
2.698586 34.248096 0.0279 16.0 20.0
3.5981147 35.8528 0.0279 16.0 20.0
3.5981147 35.8528 0.0280 7.0 21.0
5.1674294 36.81273 0.0280 7.0 21.0
5.1674294 36.81273 0.0281 6.0 22.0
6.736744 37.77266 0.0281 6.0 22.0
6.736744 37.77266 0.0282 1.0 23.0
8.575036 37.84265 0.0282 1.0 23.0
8.575036 37.84265 0.0283 0.0 24.0
10.413328 37.912643 0.0283 0.0 24.0
10.413328 37.912643 0.0284 0.0 25.0
12.051092 37.07482 0.0284 0.0 25.0
6.736744 37.77266 0.0285 1.0 23.0
8.306059 38.73259 0.0285 1.0 23.0
8.306059 38.73259 0.0286 0.0 24.0
9.875374 39.69252 0.0286 0.0 24.0
9.875374 39.69252 0.0287 0.0 25.0
11.713666 39.762512 0.0287 0.0 25.0
6.736744 37.77266 0.0288 5.0 23.0
8.306059 38.73259 0.0288 5.0 23.0
8.306059 38.73259 0.0289 4.0 24.0
9.875374 39.69252 0.0289 4.0 24.0
9.875374 39.69252 0.0290 3.0 25.0
10.774902 41.297222 0.0290 3.0 25.0
10.774902 41.297222 0.0291 2.0 26.0
11.674431 42.901924 0.0291 2.0 26.0
11.674431 42.901924 0.0292 1.0 27.0
12.573959 44.506626 0.0292 1.0 27.0
12.573959 44.506626 0.0293 0.0 28.0
13.473488 46.11133 0.0293 0.0 28.0
13.473488 46.11133 0.0294 0.0 29.0
15.042803 47.07126 0.0294 0.0 29.0
9.875374 39.69252 0.0295 1.0 25.0
11.713666 39.762512 0.0295 1.0 25.0
11.713666 39.762512 0.0296 0.0 26.0
13.551958 39.832504 0.0296 0.0 26.0
13.551958 39.832504 0.0297 0.0 27.0
15.189722 38.994682 0.0297 0.0 27.0
3.5981147 35.8528 0.0298 7.0 21.0
5.436407 35.92279 0.0298 7.0 21.0
5.436407 35.92279 0.0299 6.0 22.0
7.274699 35.992783 0.0299 6.0 22.0
7.274699 35.992783 0.0300 1.0 23.0
8.912463 35.15496 0.0300 1.0 23.0
8.912463 35.15496 0.0301 0.0 24.0
10.550227 34.31714 0.0301 0.0 24.0
10.550227 34.31714 0.0302 0.0 25.0
11.569172 32.785484 0.0302 0.0 25.0
7.274699 35.992783 0.0303 1.0 23.0
9.112991 36.062775 0.0303 1.0 23.0
9.112991 36.062775 0.0304 0.0 24.0
10.951283 36.132767 0.0304 0.0 24.0
10.951283 36.132767 0.0305 0.0 25.0
12.589047 35.294945 0.0305 0.0 25.0
7.274699 35.992783 0.0306 5.0 23.0
9.112991 36.062775 0.0306 5.0 23.0
9.112991 36.062775 0.0307 4.0 24.0
10.951283 36.132767 0.0307 4.0 24.0
10.951283 36.132767 0.0308 3.0 25.0
12.520598 37.092697 0.0308 3.0 25.0
12.520598 37.092697 0.0309 2.0 26.0
14.089913 38.052628 0.0309 2.0 26.0
14.089913 38.052628 0.0310 1.0 27.0
15.659228 39.012558 0.0310 1.0 27.0
15.659228 39.012558 0.0311 0.0 28.0
17.228542 39.97249 0.0311 0.0 28.0
17.228542 39.97249 0.0312 0.0 29.0
19.066835 40.04248 0.0312 0.0 29.0
10.951283 36.132767 0.0313 1.0 25.0
12.589047 35.294945 0.0313 1.0 25.0
12.589047 35.294945 0.0314 0.0 26.0
14.226811 34.457123 0.0314 0.0 26.0
14.226811 34.457123 0.0315 0.0 27.0
15.245756 32.92547 0.0315 0.0 27.0
3.5981147 35.8528 0.0316 15.0 21.0
4.4976435 37.4575 0.0316 15.0 21.0
4.4976435 37.4575 0.0317 14.0 22.0
5.397172 39.062202 0.0317 14.0 22.0
5.397172 39.062202 0.0318 13.0 23.0
6.2967005 40.666904 0.0318 13.0 23.0
6.2967005 40.666904 0.0319 12.0 24.0
7.196229 42.271606 0.0319 12.0 24.0
7.196229 42.271606 0.0320 11.0 25.0
8.765544 43.231537 0.0320 11.0 25.0
8.765544 43.231537 0.0321 10.0 26.0
10.334859 44.191467 0.0321 10.0 26.0
10.334859 44.191467 0.0322 9.0 27.0
11.904174 45.151398 0.0322 9.0 27.0
11.904174 45.151398 0.0323 8.0 28.0
13.473489 46.11133 0.0323 8.0 28.0
13.473489 46.11133 0.0324 7.0 29.0
15.042804 47.07126 0.0324 7.0 29.0
15.042804 47.07126 0.0325 6.0 30.0
16.612118 48.03119 0.0325 6.0 30.0
16.612118 48.03119 0.0326 1.0 31.0
18.45041 48.10118 0.0326 1.0 31.0
18.45041 48.10118 0.0327 0.0 32.0
20.288704 48.171173 0.0327 0.0 32.0
20.288704 48.171173 0.0328 0.0 33.0
21.926468 47.33335 0.0328 0.0 33.0
16.612118 48.03119 0.0329 1.0 31.0
18.181433 48.99112 0.0329 1.0 31.0
18.181433 48.99112 0.0330 0.0 32.0
19.750748 49.95105 0.0330 0.0 32.0
19.750748 49.95105 0.0331 0.0 33.0
21.58904 50.02104 0.0331 0.0 33.0
16.612118 48.03119 0.0332 5.0 31.0
18.181433 48.99112 0.0332 5.0 31.0
18.181433 48.99112 0.0333 4.0 32.0
19.750748 49.95105 0.0333 4.0 32.0
19.750748 49.95105 0.0334 3.0 33.0
20.650276 51.55575 0.0334 3.0 33.0
20.650276 51.55575 0.0335 2.0 34.0
21.549805 53.160454 0.0335 2.0 34.0
21.549805 53.160454 0.0336 1.0 35.0
22.449333 54.765156 0.0336 1.0 35.0
22.449333 54.765156 0.0337 0.0 36.0
23.348862 56.369858 0.0337 0.0 36.0
23.348862 56.369858 0.0338 0.0 37.0
24.918177 57.32979 0.0338 0.0 37.0
19.750748 49.95105 0.0339 1.0 33.0
21.58904 50.02104 0.0339 1.0 33.0
21.58904 50.02104 0.0340 0.0 34.0
23.427334 50.091034 0.0340 0.0 34.0
23.427334 50.091034 0.0341 0.0 35.0
25.065098 49.253212 0.0341 0.0 35.0
7.196229 42.271606 0.0342 7.0 25.0
8.765544 43.231537 0.0342 7.0 25.0
8.765544 43.231537 0.0343 6.0 26.0
10.334859 44.191467 0.0343 6.0 26.0
10.334859 44.191467 0.0344 1.0 27.0
12.173151 44.26146 0.0344 1.0 27.0
12.173151 44.26146 0.0345 0.0 28.0
14.011443 44.33145 0.0345 0.0 28.0
14.011443 44.33145 0.0346 0.0 29.0
15.649207 43.49363 0.0346 0.0 29.0
10.334859 44.191467 0.0347 1.0 27.0
11.904174 45.151398 0.0347 1.0 27.0
11.904174 45.151398 0.0348 0.0 28.0
13.473489 46.11133 0.0348 0.0 28.0
13.473489 46.11133 0.0349 0.0 29.0
15.311781 46.18132 0.0349 0.0 29.0
10.334859 44.191467 0.0350 5.0 27.0
11.904174 45.151398 0.0350 5.0 27.0
11.904174 45.151398 0.0351 4.0 28.0
13.473489 46.11133 0.0351 4.0 28.0
13.473489 46.11133 0.0352 3.0 29.0
14.373017 47.71603 0.0352 3.0 29.0
14.373017 47.71603 0.0353 2.0 30.0
15.272546 49.320732 0.0353 2.0 30.0
15.272546 49.320732 0.0354 1.0 31.0
16.172075 50.925434 0.0354 1.0 31.0
16.172075 50.925434 0.0355 0.0 32.0
17.071604 52.530136 0.0355 0.0 32.0
17.071604 52.530136 0.0356 0.0 33.0
18.640919 53.490067 0.0356 0.0 33.0
13.473489 46.11133 0.0357 1.0 29.0
15.311781 46.18132 0.0357 1.0 29.0
15.311781 46.18132 0.0358 0.0 30.0
17.150074 46.251312 0.0358 0.0 30.0
17.150074 46.251312 0.0359 0.0 31.0
18.787838 45.41349 0.0359 0.0 31.0
