0.0 0.0 0.00 43.0 1.0
0.0 0.5419643 0.00 43.0 1.0
0.0 0.5419643 0.01 42.0 2.0
0.0 1.0839286 0.01 42.0 2.0
0.0 1.0839286 0.02 41.0 3.0
0.0 1.6258929 0.02 41.0 3.0
0.0 1.6258929 0.03 40.0 4.0
0.0 2.1678572 0.03 40.0 4.0
0.0 2.1678572 0.04 39.0 5.0
0.0 2.7098215 0.04 39.0 5.0
0.0 2.7098215 0.05 38.0 6.0
0.0 3.2517858 0.05 38.0 6.0
0.0 3.2517858 0.06 37.0 7.0
0.0 3.79375 0.06 37.0 7.0
0.0 3.79375 0.07 36.0 8.0
0.0 4.3357143 0.07 36.0 8.0
0.0 4.3357143 0.08 19.0 9.0
0.25953457 4.811495 0.08 19.0 9.0
0.25953457 4.811495 0.09 18.0 10.0
0.51906914 5.2872753 0.09 18.0 10.0
0.51906914 5.2872753 0.010 17.0 11.0
0.7786037 5.763056 0.010 17.0 11.0
0.7786037 5.763056 0.011 16.0 12.0
1.0381383 6.2388363 0.011 16.0 12.0
1.0381383 6.2388363 0.012 7.0 13.0
1.4938195 6.53223 0.012 7.0 13.0
1.4938195 6.53223 0.013 6.0 14.0
1.9495008 6.8256235 0.013 6.0 14.0
1.9495008 6.8256235 0.014 1.0 15.0
2.4900346 6.864973 0.014 1.0 15.0
2.4900346 6.864973 0.015 0.0 16.0
3.0305686 6.9043226 0.015 0.0 16.0
3.0305686 6.9043226 0.016 0.0 17.0
3.48625 7.197716 0.016 0.0 17.0
1.9495008 6.8256235 0.017 1.0 15.0
2.4428692 6.601318 0.017 1.0 15.0
2.4428692 6.601318 0.018 0.0 16.0
2.9362376 6.3770123 0.018 0.0 16.0
2.9362376 6.3770123 0.019 0.0 17.0
3.4767714 6.416362 0.019 0.0 17.0
1.9495008 6.8256235 0.020 5.0 15.0
2.4051821 7.119017 0.020 5.0 15.0
2.4051821 7.119017 0.021 4.0 16.0
2.8608634 7.4124107 0.021 4.0 16.0
2.8608634 7.4124107 0.022 3.0 17.0
3.4013972 7.4517603 0.022 3.0 17.0
3.4013972 7.4517603 0.023 2.0 18.0
3.9419312 7.49111 0.023 2.0 18.0
3.9419312 7.49111 0.024 1.0 19.0
4.4824653 7.5304594 0.024 1.0 19.0
4.4824653 7.5304594 0.025 0.0 20.0
5.0229993 7.569809 0.025 0.0 20.0
5.0229993 7.569809 0.026 0.0 21.0
5.4786806 7.8632026 0.026 0.0 21.0
2.8608634 7.4124107 0.027 1.0 17.0
3.4013972 7.4517603 0.027 1.0 17.0
3.4013972 7.4517603 0.028 0.0 18.0
3.9419312 7.49111 0.028 0.0 18.0
3.9419312 7.49111 0.029 0.0 19.0
4.3976126 7.7845035 0.029 0.0 19.0
1.0381383 6.2388363 0.030 7.0 13.0
1.5786722 6.278186 0.030 7.0 13.0
1.5786722 6.278186 0.031 6.0 14.0
2.119206 6.3175354 0.031 6.0 14.0
2.119206 6.3175354 0.032 1.0 15.0
2.6125743 6.09323 0.032 1.0 15.0
2.6125743 6.09323 0.033 0.0 16.0
3.1059427 5.868924 0.033 0.0 16.0
3.1059427 5.868924 0.034 0.0 17.0
3.6464767 5.9082737 0.034 0.0 17.0
2.119206 6.3175354 0.035 1.0 15.0
2.44491 5.8843584 0.035 1.0 15.0
2.44491 5.8843584 0.036 0.0 16.0
2.7706141 5.4511814 0.036 0.0 16.0
2.7706141 5.4511814 0.037 0.0 17.0
3.2639825 5.226876 0.037 0.0 17.0
2.119206 6.3175354 0.038 5.0 15.0
2.65974 6.356885 0.038 5.0 15.0
2.65974 6.356885 0.039 4.0 16.0
3.200274 6.3962345 0.039 4.0 16.0
3.200274 6.3962345 0.040 3.0 17.0
3.6936424 6.171929 0.040 3.0 17.0
3.6936424 6.171929 0.041 2.0 18.0
4.187011 5.9476233 0.041 2.0 18.0
4.187011 5.9476233 0.042 1.0 19.0
4.680379 5.7233176 0.042 1.0 19.0
4.680379 5.7233176 0.043 0.0 20.0
5.173747 5.499012 0.043 0.0 20.0
5.173747 5.499012 0.044 0.0 21.0
5.714281 5.5383615 0.044 0.0 21.0
3.200274 6.3962345 0.045 1.0 17.0
3.6936424 6.171929 0.045 1.0 17.0
3.6936424 6.171929 0.046 0.0 18.0
4.187011 5.9476233 0.046 0.0 18.0
4.187011 5.9476233 0.047 0.0 19.0
4.727545 5.986973 0.047 0.0 19.0
1.0381383 6.2388363 0.048 15.0 13.0
1.2976729 6.714617 0.048 15.0 13.0
1.2976729 6.714617 0.049 14.0 14.0
1.5572075 7.1903973 0.049 14.0 14.0
1.5572075 7.1903973 0.050 13.0 15.0
1.8167421 7.6661777 0.050 13.0 15.0
1.8167421 7.6661777 0.051 12.0 16.0
2.0762765 8.141958 0.051 12.0 16.0
2.0762765 8.141958 0.052 11.0 17.0
2.5319579 8.435352 0.052 11.0 17.0
2.5319579 8.435352 0.053 10.0 18.0
2.9876392 8.728746 0.053 10.0 18.0
2.9876392 8.728746 0.054 9.0 19.0
3.4433205 9.0221405 0.054 9.0 19.0
3.4433205 9.0221405 0.055 8.0 20.0
3.8990018 9.315535 0.055 8.0 20.0
3.8990018 9.315535 0.056 7.0 21.0
4.354683 9.608929 0.056 7.0 21.0
4.354683 9.608929 0.057 6.0 22.0
4.8103642 9.902323 0.057 6.0 22.0
4.8103642 9.902323 0.058 1.0 23.0
5.3508983 9.941672 0.058 1.0 23.0
5.3508983 9.941672 0.059 0.0 24.0
5.8914323 9.981022 0.059 0.0 24.0
5.8914323 9.981022 0.060 0.0 25.0
6.3471136 10.274416 0.060 0.0 25.0
4.8103642 9.902323 0.061 1.0 23.0
5.3037324 9.678018 0.061 1.0 23.0
5.3037324 9.678018 0.062 0.0 24.0
5.7971005 9.453712 0.062 0.0 24.0
5.7971005 9.453712 0.063 0.0 25.0
6.3376346 9.493062 0.063 0.0 25.0
4.8103642 9.902323 0.064 5.0 23.0
5.2660456 10.195717 0.064 5.0 23.0
5.2660456 10.195717 0.065 4.0 24.0
5.721727 10.489111 0.065 4.0 24.0
5.721727 10.489111 0.066 3.0 25.0
6.262261 10.5284605 0.066 3.0 25.0
6.262261 10.5284605 0.067 2.0 26.0
6.802795 10.56781 0.067 2.0 26.0
6.802795 10.56781 0.068 1.0 27.0
7.343329 10.60716 0.068 1.0 27.0
7.343329 10.60716 0.069 0.0 28.0
7.883863 10.646509 0.069 0.0 28.0
7.883863 10.646509 0.070 0.0 29.0
8.339544 10.939903 0.070 0.0 29.0
5.721727 10.489111 0.071 1.0 25.0
6.262261 10.5284605 0.071 1.0 25.0
6.262261 10.5284605 0.072 0.0 26.0
6.802795 10.56781 0.072 0.0 26.0
6.802795 10.56781 0.073 0.0 27.0
7.2584763 10.861204 0.073 0.0 27.0
2.0762765 8.141958 0.074 7.0 17.0
2.5319579 8.435352 0.074 7.0 17.0
2.5319579 8.435352 0.075 6.0 18.0
2.9876392 8.728746 0.075 6.0 18.0
2.9876392 8.728746 0.076 1.0 19.0
3.528173 8.768096 0.076 1.0 19.0
3.528173 8.768096 0.077 0.0 20.0
4.068707 8.807446 0.077 0.0 20.0
4.068707 8.807446 0.078 0.0 21.0
4.5243883 9.10084 0.078 0.0 21.0
2.9876392 8.728746 0.079 1.0 19.0
3.4810076 8.504441 0.079 1.0 19.0
3.4810076 8.504441 0.080 0.0 20.0
3.974376 8.280136 0.080 0.0 20.0
3.974376 8.280136 0.081 0.0 21.0
4.5149097 8.319486 0.081 0.0 21.0
2.9876392 8.728746 0.082 5.0 19.0
3.4433205 9.0221405 0.082 5.0 19.0
3.4433205 9.0221405 0.083 4.0 20.0
3.8990018 9.315535 0.083 4.0 20.0
3.8990018 9.315535 0.084 3.0 21.0
4.4395356 9.354884 0.084 3.0 21.0
4.4395356 9.354884 0.085 2.0 22.0
4.9800696 9.394234 0.085 2.0 22.0
4.9800696 9.394234 0.086 1.0 23.0
5.5206037 9.433583 0.086 1.0 23.0
5.5206037 9.433583 0.087 0.0 24.0
6.0611377 9.472933 0.087 0.0 24.0
6.0611377 9.472933 0.088 0.0 25.0
6.516819 9.766327 0.088 0.0 25.0
3.8990018 9.315535 0.089 1.0 21.0
4.4395356 9.354884 0.089 1.0 21.0
4.4395356 9.354884 0.090 0.0 22.0
4.9800696 9.394234 0.090 0.0 22.0
4.9800696 9.394234 0.091 0.0 23.0
5.435751 9.687628 0.091 0.0 23.0
0.0 4.3357143 0.092 19.0 9.0
0.45568126 4.629108 0.092 19.0 9.0
0.45568126 4.629108 0.093 18.0 10.0
0.9113625 4.9225016 0.093 18.0 10.0
0.9113625 4.9225016 0.094 17.0 11.0
1.3670437 5.215895 0.094 17.0 11.0
1.3670437 5.215895 0.095 16.0 12.0
1.822725 5.509289 0.095 16.0 12.0
1.822725 5.509289 0.096 7.0 13.0
2.3632588 5.5486383 0.096 7.0 13.0
2.3632588 5.5486383 0.097 6.0 14.0
2.9037929 5.587988 0.097 6.0 14.0
2.9037929 5.587988 0.098 1.0 15.0
3.3971612 5.3636823 0.098 1.0 15.0
3.3971612 5.3636823 0.099 0.0 16.0
3.8905296 5.1393766 0.099 0.0 16.0
3.8905296 5.1393766 0.0100 0.0 17.0
4.4310637 5.178726 0.0100 0.0 17.0
2.9037929 5.587988 0.0101 1.0 15.0
3.229497 5.154811 0.0101 1.0 15.0
3.229497 5.154811 0.0102 0.0 16.0
3.555201 4.721634 0.0102 0.0 16.0
3.555201 4.721634 0.0103 0.0 17.0
4.048569 4.4973283 0.0103 0.0 17.0
2.9037929 5.587988 0.0104 5.0 15.0
3.4443269 5.6273375 0.0104 5.0 15.0
3.4443269 5.6273375 0.0105 4.0 16.0
3.984861 5.666687 0.0105 4.0 16.0
3.984861 5.666687 0.0106 3.0 17.0
4.478229 5.4423814 0.0106 3.0 17.0
4.478229 5.4423814 0.0107 2.0 18.0
4.971597 5.2180758 0.0107 2.0 18.0
4.971597 5.2180758 0.0108 1.0 19.0
5.4649653 4.99377 0.0108 1.0 19.0
5.4649653 4.99377 0.0109 0.0 20.0
5.9583335 4.7694645 0.0109 0.0 20.0
5.9583335 4.7694645 0.0110 0.0 21.0
6.4988675 4.808814 0.0110 0.0 21.0
3.984861 5.666687 0.0111 1.0 17.0
4.478229 5.4423814 0.0111 1.0 17.0
4.478229 5.4423814 0.0112 0.0 18.0
4.971597 5.2180758 0.0112 0.0 18.0
4.971597 5.2180758 0.0113 0.0 19.0
5.512131 5.2574253 0.0113 0.0 19.0
1.822725 5.509289 0.0114 7.0 13.0
2.3160934 5.284983 0.0114 7.0 13.0
2.3160934 5.284983 0.0115 6.0 14.0
2.8094618 5.0606775 0.0115 6.0 14.0
2.8094618 5.0606775 0.0116 1.0 15.0
3.135166 4.6275005 0.0116 1.0 15.0
3.135166 4.6275005 0.0117 0.0 16.0
3.46087 4.1943235 0.0117 0.0 16.0
3.46087 4.1943235 0.0118 0.0 17.0
3.9542384 3.970018 0.0118 0.0 17.0
2.8094618 5.0606775 0.0119 1.0 15.0
2.8879528 4.5244274 0.0119 1.0 15.0
2.8879528 4.5244274 0.0120 0.0 16.0
2.9664438 3.988177 0.0120 0.0 16.0
2.9664438 3.988177 0.0121 0.0 17.0
3.2921479 3.5550003 0.0121 0.0 17.0
2.8094618 5.0606775 0.0122 5.0 15.0
3.3028302 4.836372 0.0122 5.0 15.0
3.3028302 4.836372 0.0123 4.0 16.0
3.7961986 4.6120663 0.0123 4.0 16.0
3.7961986 4.6120663 0.0124 3.0 17.0
4.121903 4.1788893 0.0124 3.0 17.0
4.121903 4.1788893 0.0125 2.0 18.0
4.447607 3.7457125 0.0125 2.0 18.0
4.447607 3.7457125 0.0126 1.0 19.0
4.773311 3.3125358 0.0126 1.0 19.0
4.773311 3.3125358 0.0127 0.0 20.0
5.099015 2.879359 0.0127 0.0 20.0
5.099015 2.879359 0.0128 0.0 21.0
5.5923834 2.6550536 0.0128 0.0 21.0
3.7961986 4.6120663 0.0129 1.0 17.0
4.121903 4.1788893 0.0129 1.0 17.0
4.121903 4.1788893 0.0130 0.0 18.0
4.447607 3.7457125 0.0130 0.0 18.0
4.447607 3.7457125 0.0131 0.0 19.0
4.940975 3.5214071 0.0131 0.0 19.0
1.822725 5.509289 0.0132 15.0 13.0
2.2784064 5.8026824 0.0132 15.0 13.0
2.2784064 5.8026824 0.0133 14.0 14.0
2.7340877 6.096076 0.0133 14.0 14.0
2.7340877 6.096076 0.0134 13.0 15.0
3.189769 6.3894696 0.0134 13.0 15.0
3.189769 6.3894696 0.0135 12.0 16.0
3.6454504 6.682863 0.0135 12.0 16.0
3.6454504 6.682863 0.0136 11.0 17.0
4.185984 6.722213 0.0136 11.0 17.0
4.185984 6.722213 0.0137 10.0 18.0
4.726518 6.7615623 0.0137 10.0 18.0
4.726518 6.7615623 0.0138 9.0 19.0
5.267052 6.800912 0.0138 9.0 19.0
5.267052 6.800912 0.0139 8.0 20.0
5.807586 6.8402615 0.0139 8.0 20.0
5.807586 6.8402615 0.0140 7.0 21.0
6.34812 6.879611 0.0140 7.0 21.0
6.34812 6.879611 0.0141 6.0 22.0
6.888654 6.9189606 0.0141 6.0 22.0
6.888654 6.9189606 0.0142 1.0 23.0
7.3820224 6.694655 0.0142 1.0 23.0
7.3820224 6.694655 0.0143 0.0 24.0
7.8753905 6.4703493 0.0143 0.0 24.0
7.8753905 6.4703493 0.0144 0.0 25.0
8.415924 6.509699 0.0144 0.0 25.0
6.888654 6.9189606 0.0145 1.0 23.0
7.2143583 6.4857836 0.0145 1.0 23.0
7.2143583 6.4857836 0.0146 0.0 24.0
7.5400624 6.0526066 0.0146 0.0 24.0
7.5400624 6.0526066 0.0147 0.0 25.0
8.033431 5.828301 0.0147 0.0 25.0
6.888654 6.9189606 0.0148 5.0 23.0
7.4291883 6.95831 0.0148 5.0 23.0
7.4291883 6.95831 0.0149 4.0 24.0
7.9697223 6.9976597 0.0149 4.0 24.0
7.9697223 6.9976597 0.0150 3.0 25.0
8.463091 6.773354 0.0150 3.0 25.0
8.463091 6.773354 0.0151 2.0 26.0
8.956459 6.5490484 0.0151 2.0 26.0
8.956459 6.5490484 0.0152 1.0 27.0
9.449827 6.324743 0.0152 1.0 27.0
9.449827 6.324743 0.0153 0.0 28.0
9.943195 6.100437 0.0153 0.0 28.0
9.943195 6.100437 0.0154 0.0 29.0
10.483729 6.1397867 0.0154 0.0 29.0
7.9697223 6.9976597 0.0155 1.0 25.0
8.463091 6.773354 0.0155 1.0 25.0
8.463091 6.773354 0.0156 0.0 26.0
8.956459 6.5490484 0.0156 0.0 26.0
8.956459 6.5490484 0.0157 0.0 27.0
9.496993 6.588398 0.0157 0.0 27.0
3.6454504 6.682863 0.0158 7.0 17.0
4.185984 6.722213 0.0158 7.0 17.0
4.185984 6.722213 0.0159 6.0 18.0
4.726518 6.7615623 0.0159 6.0 18.0
4.726518 6.7615623 0.0160 1.0 19.0
5.2198863 6.5372567 0.0160 1.0 19.0
5.2198863 6.5372567 0.0161 0.0 20.0
5.7132545 6.312951 0.0161 0.0 20.0
5.7132545 6.312951 0.0162 0.0 21.0
6.2537885 6.3523006 0.0162 0.0 21.0
4.726518 6.7615623 0.0163 1.0 19.0
5.0522223 6.3283854 0.0163 1.0 19.0
5.0522223 6.3283854 0.0164 0.0 20.0
5.3779263 5.8952084 0.0164 0.0 20.0
5.3779263 5.8952084 0.0165 0.0 21.0
5.8712945 5.6709027 0.0165 0.0 21.0
4.726518 6.7615623 0.0166 5.0 19.0
5.267052 6.800912 0.0166 5.0 19.0
5.267052 6.800912 0.0167 4.0 20.0
5.807586 6.8402615 0.0167 4.0 20.0
5.807586 6.8402615 0.0168 3.0 21.0
6.3009543 6.615956 0.0168 3.0 21.0
6.3009543 6.615956 0.0169 2.0 22.0
6.7943225 6.39165 0.0169 2.0 22.0
6.7943225 6.39165 0.0170 1.0 23.0
7.2876906 6.1673446 0.0170 1.0 23.0
7.2876906 6.1673446 0.0171 0.0 24.0
7.781059 5.943039 0.0171 0.0 24.0
7.781059 5.943039 0.0172 0.0 25.0
8.321592 5.9823885 0.0172 0.0 25.0
5.807586 6.8402615 0.0173 1.0 21.0
6.3009543 6.615956 0.0173 1.0 21.0
6.3009543 6.615956 0.0174 0.0 22.0
6.7943225 6.39165 0.0174 0.0 22.0
6.7943225 6.39165 0.0175 0.0 23.0
7.3348565 6.4309998 0.0175 0.0 23.0
0.0 4.3357143 0.0176 35.0 9.0
0.0 4.877679 0.0176 35.0 9.0
0.0 4.877679 0.0177 34.0 10.0
0.0 5.4196434 0.0177 34.0 10.0
0.0 5.4196434 0.0178 33.0 11.0
0.0 5.961608 0.0178 33.0 11.0
0.0 5.961608 0.0179 32.0 12.0
0.0 6.5035725 0.0179 32.0 12.0
0.0 6.5035725 0.0180 31.0 13.0
0.0 7.045537 0.0180 31.0 13.0
0.0 7.045537 0.0181 30.0 14.0
0.0 7.5875015 0.0181 30.0 14.0
0.0 7.5875015 0.0182 29.0 15.0
0.0 8.129466 0.0182 29.0 15.0
0.0 8.129466 0.0183 28.0 16.0
0.0 8.671431 0.0183 28.0 16.0
0.0 8.671431 0.0184 27.0 17.0
0.25953457 9.147211 0.0184 27.0 17.0
0.25953457 9.147211 0.0185 26.0 18.0
0.51906914 9.622992 0.0185 26.0 18.0
0.51906914 9.622992 0.0186 25.0 19.0
0.7786037 10.098772 0.0186 25.0 19.0
0.7786037 10.098772 0.0187 24.0 20.0
1.0381383 10.574553 0.0187 24.0 20.0
1.0381383 10.574553 0.0188 23.0 21.0
1.2976729 11.050333 0.0188 23.0 21.0
1.2976729 11.050333 0.0189 22.0 22.0
1.5572075 11.5261135 0.0189 22.0 22.0
1.5572075 11.5261135 0.0190 21.0 23.0
1.8167421 12.001894 0.0190 21.0 23.0
1.8167421 12.001894 0.0191 20.0 24.0
2.0762765 12.4776745 0.0191 20.0 24.0
2.0762765 12.4776745 0.0192 19.0 25.0
2.3358111 12.953455 0.0192 19.0 25.0
2.3358111 12.953455 0.0193 18.0 26.0
2.5953457 13.429235 0.0193 18.0 26.0
2.5953457 13.429235 0.0194 17.0 27.0
2.8548803 13.905016 0.0194 17.0 27.0
2.8548803 13.905016 0.0195 16.0 28.0
3.114415 14.380796 0.0195 16.0 28.0
3.114415 14.380796 0.0196 7.0 29.0
3.5700963 14.6741905 0.0196 7.0 29.0
3.5700963 14.6741905 0.0197 6.0 30.0
4.0257773 14.967585 0.0197 6.0 30.0
4.0257773 14.967585 0.0198 1.0 31.0
4.5663114 15.006934 0.0198 1.0 31.0
4.5663114 15.006934 0.0199 0.0 32.0
5.1068454 15.046284 0.0199 0.0 32.0
5.1068454 15.046284 0.0200 0.0 33.0
5.5625267 15.339678 0.0200 0.0 33.0
4.0257773 14.967585 0.0201 1.0 31.0
4.5191455 14.743279 0.0201 1.0 31.0
4.5191455 14.743279 0.0202 0.0 32.0
5.0125136 14.518974 0.0202 0.0 32.0
5.0125136 14.518974 0.0203 0.0 33.0
5.5530477 14.558324 0.0203 0.0 33.0
4.0257773 14.967585 0.0204 5.0 31.0
4.4814587 15.260979 0.0204 5.0 31.0
4.4814587 15.260979 0.0205 4.0 32.0
4.93714 15.554373 0.0205 4.0 32.0
4.93714 15.554373 0.0206 3.0 33.0
5.477674 15.593722 0.0206 3.0 33.0
5.477674 15.593722 0.0207 2.0 34.0
6.018208 15.633072 0.0207 2.0 34.0
6.018208 15.633072 0.0208 1.0 35.0
6.558742 15.672421 0.0208 1.0 35.0
6.558742 15.672421 0.0209 0.0 36.0
7.099276 15.711771 0.0209 0.0 36.0
7.099276 15.711771 0.0210 0.0 37.0
7.5549574 16.005165 0.0210 0.0 37.0
4.93714 15.554373 0.0211 1.0 33.0
5.477674 15.593722 0.0211 1.0 33.0
5.477674 15.593722 0.0212 0.0 34.0
6.018208 15.633072 0.0212 0.0 34.0
6.018208 15.633072 0.0213 0.0 35.0
6.4738894 15.926466 0.0213 0.0 35.0
3.114415 14.380796 0.0214 7.0 29.0
3.6549487 14.420146 0.0214 7.0 29.0
3.6549487 14.420146 0.0215 6.0 30.0
4.1954827 14.459496 0.0215 6.0 30.0
4.1954827 14.459496 0.0216 1.0 31.0
4.688851 14.23519 0.0216 1.0 31.0
4.688851 14.23519 0.0217 0.0 32.0
5.182219 14.010885 0.0217 0.0 32.0
5.182219 14.010885 0.0218 0.0 33.0
5.722753 14.050235 0.0218 0.0 33.0
4.1954827 14.459496 0.0219 1.0 31.0
4.521187 14.026319 0.0219 1.0 31.0
4.521187 14.026319 0.0220 0.0 32.0
4.846891 13.593142 0.0220 0.0 32.0
4.846891 13.593142 0.0221 0.0 33.0
5.340259 13.368836 0.0221 0.0 33.0
4.1954827 14.459496 0.0222 5.0 31.0
4.7360168 14.498845 0.0222 5.0 31.0
4.7360168 14.498845 0.0223 4.0 32.0
5.276551 14.538195 0.0223 4.0 32.0
5.276551 14.538195 0.0224 3.0 33.0
5.769919 14.3138895 0.0224 3.0 33.0
5.769919 14.3138895 0.0225 2.0 34.0
6.263287 14.089584 0.0225 2.0 34.0
6.263287 14.089584 0.0226 1.0 35.0
6.756655 13.865279 0.0226 1.0 35.0
6.756655 13.865279 0.0227 0.0 36.0
7.2500234 13.640974 0.0227 0.0 36.0
7.2500234 13.640974 0.0228 0.0 37.0
7.7905574 13.680324 0.0228 0.0 37.0
5.276551 14.538195 0.0229 1.0 33.0
5.769919 14.3138895 0.0229 1.0 33.0
5.769919 14.3138895 0.0230 0.0 34.0
6.263287 14.089584 0.0230 0.0 34.0
6.263287 14.089584 0.0231 0.0 35.0
6.803821 14.128934 0.0231 0.0 35.0
3.114415 14.380796 0.0232 15.0 29.0
3.3739495 14.856577 0.0232 15.0 29.0
3.3739495 14.856577 0.0233 14.0 30.0
3.6334841 15.332357 0.0233 14.0 30.0
3.6334841 15.332357 0.0234 13.0 31.0
3.8930187 15.808138 0.0234 13.0 31.0
3.8930187 15.808138 0.0235 12.0 32.0
4.152553 16.283918 0.0235 12.0 32.0
4.152553 16.283918 0.0236 11.0 33.0
4.6082344 16.577312 0.0236 11.0 33.0
4.6082344 16.577312 0.0237 10.0 34.0
5.0639157 16.870707 0.0237 10.0 34.0
5.0639157 16.870707 0.0238 9.0 35.0
5.519597 17.1641 0.0238 9.0 35.0
5.519597 17.1641 0.0239 8.0 36.0
5.9752784 17.457495 0.0239 8.0 36.0
5.9752784 17.457495 0.0240 7.0 37.0
6.4309597 17.750889 0.0240 7.0 37.0
6.4309597 17.750889 0.0241 6.0 38.0
6.886641 18.044283 0.0241 6.0 38.0
6.886641 18.044283 0.0242 1.0 39.0
7.427175 18.083632 0.0242 1.0 39.0
7.427175 18.083632 0.0243 0.0 40.0
7.967709 18.12298 0.0243 0.0 40.0
7.967709 18.12298 0.0244 0.0 41.0
8.42339 18.416374 0.0244 0.0 41.0
6.886641 18.044283 0.0245 1.0 39.0
7.380009 17.819977 0.0245 1.0 39.0
7.380009 17.819977 0.0246 0.0 40.0
7.8733773 17.59567 0.0246 0.0 40.0
7.8733773 17.59567 0.0247 0.0 41.0
8.413911 17.63502 0.0247 0.0 41.0
6.886641 18.044283 0.0248 5.0 39.0
7.3423223 18.337677 0.0248 5.0 39.0
7.3423223 18.337677 0.0249 4.0 40.0
7.7980037 18.631071 0.0249 4.0 40.0
7.7980037 18.631071 0.0250 3.0 41.0
8.338537 18.67042 0.0250 3.0 41.0
8.338537 18.67042 0.0251 2.0 42.0
8.879071 18.709768 0.0251 2.0 42.0
8.879071 18.709768 0.0252 1.0 43.0
9.419605 18.749117 0.0252 1.0 43.0
9.419605 18.749117 0.0253 0.0 44.0
9.960139 18.788465 0.0253 0.0 44.0
9.960139 18.788465 0.0254 0.0 45.0
10.41582 19.08186 0.0254 0.0 45.0
7.7980037 18.631071 0.0255 1.0 41.0
8.338537 18.67042 0.0255 1.0 41.0
8.338537 18.67042 0.0256 0.0 42.0
8.879071 18.709768 0.0256 0.0 42.0
8.879071 18.709768 0.0257 0.0 43.0
9.334752 19.003162 0.0257 0.0 43.0
4.152553 16.283918 0.0258 7.0 33.0
4.6082344 16.577312 0.0258 7.0 33.0
4.6082344 16.577312 0.0259 6.0 34.0
5.0639157 16.870707 0.0259 6.0 34.0
5.0639157 16.870707 0.0260 1.0 35.0
5.6044497 16.910055 0.0260 1.0 35.0
5.6044497 16.910055 0.0261 0.0 36.0
6.144984 16.949404 0.0261 0.0 36.0
6.144984 16.949404 0.0262 0.0 37.0
6.600665 17.242798 0.0262 0.0 37.0
5.0639157 16.870707 0.0263 1.0 35.0
5.557284 16.6464 0.0263 1.0 35.0
5.557284 16.6464 0.0264 0.0 36.0
6.050652 16.422094 0.0264 0.0 36.0
6.050652 16.422094 0.0265 0.0 37.0
6.591186 16.461443 0.0265 0.0 37.0
5.0639157 16.870707 0.0266 5.0 35.0
5.519597 17.1641 0.0266 5.0 35.0
5.519597 17.1641 0.0267 4.0 36.0
5.9752784 17.457495 0.0267 4.0 36.0
5.9752784 17.457495 0.0268 3.0 37.0
6.5158124 17.496843 0.0268 3.0 37.0
6.5158124 17.496843 0.0269 2.0 38.0
7.0563464 17.536192 0.0269 2.0 38.0
7.0563464 17.536192 0.0270 1.0 39.0
7.5968804 17.57554 0.0270 1.0 39.0
7.5968804 17.57554 0.0271 0.0 40.0
8.137414 17.61489 0.0271 0.0 40.0
8.137414 17.61489 0.0272 0.0 41.0
8.593095 17.908283 0.0272 0.0 41.0
5.9752784 17.457495 0.0273 1.0 37.0
6.5158124 17.496843 0.0273 1.0 37.0
6.5158124 17.496843 0.0274 0.0 38.0
7.0563464 17.536192 0.0274 0.0 38.0
7.0563464 17.536192 0.0275 0.0 39.0
7.5120277 17.829586 0.0275 0.0 39.0
0.0 8.671431 0.0276 19.0 17.0
0.25953457 9.147211 0.0276 19.0 17.0
0.25953457 9.147211 0.0277 18.0 18.0
0.51906914 9.622992 0.0277 18.0 18.0
0.51906914 9.622992 0.0278 17.0 19.0
0.7786037 10.098772 0.0278 17.0 19.0
0.7786037 10.098772 0.0279 16.0 20.0
1.0381383 10.574553 0.0279 16.0 20.0
1.0381383 10.574553 0.0280 7.0 21.0
1.4938195 10.867947 0.0280 7.0 21.0
1.4938195 10.867947 0.0281 6.0 22.0
1.9495008 11.161341 0.0281 6.0 22.0
1.9495008 11.161341 0.0282 1.0 23.0
2.4900346 11.20069 0.0282 1.0 23.0
2.4900346 11.20069 0.0283 0.0 24.0
3.0305686 11.24004 0.0283 0.0 24.0
3.0305686 11.24004 0.0284 0.0 25.0
3.48625 11.533434 0.0284 0.0 25.0
1.9495008 11.161341 0.0285 1.0 23.0
2.4428692 10.937036 0.0285 1.0 23.0
2.4428692 10.937036 0.0286 0.0 24.0
2.9362376 10.71273 0.0286 0.0 24.0
2.9362376 10.71273 0.0287 0.0 25.0
3.4767714 10.75208 0.0287 0.0 25.0
1.9495008 11.161341 0.0288 5.0 23.0
2.4051821 11.454735 0.0288 5.0 23.0
2.4051821 11.454735 0.0289 4.0 24.0
2.8608634 11.748129 0.0289 4.0 24.0
2.8608634 11.748129 0.0290 3.0 25.0
3.4013972 11.787478 0.0290 3.0 25.0
3.4013972 11.787478 0.0291 2.0 26.0
3.9419312 11.826828 0.0291 2.0 26.0
3.9419312 11.826828 0.0292 1.0 27.0
4.4824653 11.866178 0.0292 1.0 27.0
4.4824653 11.866178 0.0293 0.0 28.0
5.0229993 11.905527 0.0293 0.0 28.0
5.0229993 11.905527 0.0294 0.0 29.0
5.4786806 12.198921 0.0294 0.0 29.0
2.8608634 11.748129 0.0295 1.0 25.0
3.4013972 11.787478 0.0295 1.0 25.0
3.4013972 11.787478 0.0296 0.0 26.0
3.9419312 11.826828 0.0296 0.0 26.0
3.9419312 11.826828 0.0297 0.0 27.0
4.3976126 12.120222 0.0297 0.0 27.0
1.0381383 10.574553 0.0298 7.0 21.0
1.5786722 10.613902 0.0298 7.0 21.0
1.5786722 10.613902 0.0299 6.0 22.0
2.119206 10.653252 0.0299 6.0 22.0
2.119206 10.653252 0.0300 1.0 23.0
2.6125743 10.4289465 0.0300 1.0 23.0
2.6125743 10.4289465 0.0301 0.0 24.0
3.1059427 10.204641 0.0301 0.0 24.0
3.1059427 10.204641 0.0302 0.0 25.0
3.6464767 10.243991 0.0302 0.0 25.0
2.119206 10.653252 0.0303 1.0 23.0
2.44491 10.220075 0.0303 1.0 23.0
2.44491 10.220075 0.0304 0.0 24.0
2.7706141 9.786898 0.0304 0.0 24.0
2.7706141 9.786898 0.0305 0.0 25.0
3.2639825 9.5625925 0.0305 0.0 25.0
2.119206 10.653252 0.0306 5.0 23.0
2.65974 10.692601 0.0306 5.0 23.0
2.65974 10.692601 0.0307 4.0 24.0
3.200274 10.731951 0.0307 4.0 24.0
3.200274 10.731951 0.0308 3.0 25.0
3.6936424 10.507646 0.0308 3.0 25.0
3.6936424 10.507646 0.0309 2.0 26.0
4.187011 10.28334 0.0309 2.0 26.0
4.187011 10.28334 0.0310 1.0 27.0
4.680379 10.059035 0.0310 1.0 27.0
4.680379 10.059035 0.0311 0.0 28.0
5.173747 9.83473 0.0311 0.0 28.0
5.173747 9.83473 0.0312 0.0 29.0
5.714281 9.87408 0.0312 0.0 29.0
3.200274 10.731951 0.0313 1.0 25.0
3.6936424 10.507646 0.0313 1.0 25.0
3.6936424 10.507646 0.0314 0.0 26.0
4.187011 10.28334 0.0314 0.0 26.0
4.187011 10.28334 0.0315 0.0 27.0
4.727545 10.32269 0.0315 0.0 27.0
1.0381383 10.574553 0.0316 15.0 21.0
1.2976729 11.050333 0.0316 15.0 21.0
1.2976729 11.050333 0.0317 14.0 22.0
1.5572075 11.5261135 0.0317 14.0 22.0
1.5572075 11.5261135 0.0318 13.0 23.0
1.8167421 12.001894 0.0318 13.0 23.0
1.8167421 12.001894 0.0319 12.0 24.0
2.0762765 12.4776745 0.0319 12.0 24.0
2.0762765 12.4776745 0.0320 11.0 25.0
2.5319579 12.771069 0.0320 11.0 25.0
2.5319579 12.771069 0.0321 10.0 26.0
2.9876392 13.064463 0.0321 10.0 26.0
2.9876392 13.064463 0.0322 9.0 27.0
3.4433205 13.357857 0.0322 9.0 27.0
3.4433205 13.357857 0.0323 8.0 28.0
3.8990018 13.651251 0.0323 8.0 28.0
3.8990018 13.651251 0.0324 7.0 29.0
4.354683 13.944645 0.0324 7.0 29.0
4.354683 13.944645 0.0325 6.0 30.0
4.8103642 14.238039 0.0325 6.0 30.0
4.8103642 14.238039 0.0326 1.0 31.0
5.3508983 14.277389 0.0326 1.0 31.0
5.3508983 14.277389 0.0327 0.0 32.0
5.8914323 14.316738 0.0327 0.0 32.0
5.8914323 14.316738 0.0328 0.0 33.0
6.3471136 14.610132 0.0328 0.0 33.0
4.8103642 14.238039 0.0329 1.0 31.0
5.3037324 14.013734 0.0329 1.0 31.0
5.3037324 14.013734 0.0330 0.0 32.0
5.7971005 13.789429 0.0330 0.0 32.0
5.7971005 13.789429 0.0331 0.0 33.0
6.3376346 13.828778 0.0331 0.0 33.0
4.8103642 14.238039 0.0332 5.0 31.0
5.2660456 14.531433 0.0332 5.0 31.0
5.2660456 14.531433 0.0333 4.0 32.0
5.721727 14.824827 0.0333 4.0 32.0
5.721727 14.824827 0.0334 3.0 33.0
6.262261 14.864177 0.0334 3.0 33.0
6.262261 14.864177 0.0335 2.0 34.0
6.802795 14.903526 0.0335 2.0 34.0
6.802795 14.903526 0.0336 1.0 35.0
7.343329 14.942876 0.0336 1.0 35.0
7.343329 14.942876 0.0337 0.0 36.0
7.883863 14.982225 0.0337 0.0 36.0
7.883863 14.982225 0.0338 0.0 37.0
8.339544 15.2756195 0.0338 0.0 37.0
5.721727 14.824827 0.0339 1.0 33.0
6.262261 14.864177 0.0339 1.0 33.0
6.262261 14.864177 0.0340 0.0 34.0
6.802795 14.903526 0.0340 0.0 34.0
6.802795 14.903526 0.0341 0.0 35.0
7.2584763 15.19692 0.0341 0.0 35.0
2.0762765 12.4776745 0.0342 7.0 25.0
2.5319579 12.771069 0.0342 7.0 25.0
2.5319579 12.771069 0.0343 6.0 26.0
2.9876392 13.064463 0.0343 6.0 26.0
2.9876392 13.064463 0.0344 1.0 27.0
3.528173 13.103812 0.0344 1.0 27.0
3.528173 13.103812 0.0345 0.0 28.0
4.068707 13.143162 0.0345 0.0 28.0
4.068707 13.143162 0.0346 0.0 29.0
4.5243883 13.436556 0.0346 0.0 29.0
2.9876392 13.064463 0.0347 1.0 27.0
3.4810076 12.8401575 0.0347 1.0 27.0
3.4810076 12.8401575 0.0348 0.0 28.0
3.974376 12.615852 0.0348 0.0 28.0
3.974376 12.615852 0.0349 0.0 29.0
4.5149097 12.655202 0.0349 0.0 29.0
2.9876392 13.064463 0.0350 5.0 27.0
3.4433205 13.357857 0.0350 5.0 27.0
3.4433205 13.357857 0.0351 4.0 28.0
3.8990018 13.651251 0.0351 4.0 28.0
3.8990018 13.651251 0.0352 3.0 29.0
4.4395356 13.6906 0.0352 3.0 29.0
4.4395356 13.6906 0.0353 2.0 30.0
4.9800696 13.72995 0.0353 2.0 30.0
4.9800696 13.72995 0.0354 1.0 31.0
5.5206037 13.7692995 0.0354 1.0 31.0
5.5206037 13.7692995 0.0355 0.0 32.0
6.0611377 13.808649 0.0355 0.0 32.0
6.0611377 13.808649 0.0356 0.0 33.0
6.516819 14.102043 0.0356 0.0 33.0
3.8990018 13.651251 0.0357 1.0 29.0
4.4395356 13.6906 0.0357 1.0 29.0
4.4395356 13.6906 0.0358 0.0 30.0
4.9800696 13.72995 0.0358 0.0 30.0
4.9800696 13.72995 0.0359 0.0 31.0
5.435751 14.023344 0.0359 0.0 31.0
