0.0 0.0 0.00 60.0 1.0
0.0 3.7125988 0.00 60.0 1.0
0.0 3.7125988 0.01 59.0 2.0
0.0 7.4251976 0.01 59.0 2.0
0.0 7.4251976 0.02 58.0 3.0
0.0 11.137796 0.02 58.0 3.0
0.0 11.137796 0.03 57.0 4.0
0.0 14.850395 0.03 57.0 4.0
0.0 14.850395 0.04 56.0 5.0
0.0 18.562994 0.04 56.0 5.0
0.0 18.562994 0.05 55.0 6.0
0.0 22.275593 0.05 55.0 6.0
0.0 22.275593 0.06 54.0 7.0
0.0 25.988192 0.06 54.0 7.0
0.0 25.988192 0.07 53.0 8.0
0.0 29.70079 0.07 53.0 8.0
0.0 29.70079 0.08 52.0 9.0
0.0 33.41339 0.08 52.0 9.0
0.0 33.41339 0.09 51.0 10.0
0.0 37.12599 0.09 51.0 10.0
0.0 37.12599 0.010 50.0 11.0
0.0 40.838593 0.010 50.0 11.0
0.0 40.838593 0.011 49.0 12.0
0.0 44.551193 0.011 49.0 12.0
0.0 44.551193 0.012 48.0 13.0
0.0 48.263794 0.012 48.0 13.0
0.0 48.263794 0.013 47.0 14.0
0.0 51.976395 0.013 47.0 14.0
0.0 51.976395 0.014 46.0 15.0
0.0 55.688995 0.014 46.0 15.0
0.0 55.688995 0.015 45.0 16.0
0.0 59.401596 0.015 45.0 16.0
0.0 59.401596 0.016 28.0 17.0
0.6552092 63.05592 0.016 28.0 17.0
0.6552092 63.05592 0.017 27.0 18.0
1.3104184 66.71024 0.017 27.0 18.0
1.3104184 66.71024 0.018 26.0 19.0
1.9656276 70.36457 0.018 26.0 19.0
1.9656276 70.36457 0.019 25.0 20.0
2.6208367 74.0189 0.019 25.0 20.0
2.6208367 74.0189 0.020 24.0 21.0
3.2760458 77.673225 0.020 24.0 21.0
3.2760458 77.673225 0.021 23.0 22.0
3.9312549 81.32755 0.021 23.0 22.0
3.9312549 81.32755 0.022 22.0 23.0
4.586464 84.98188 0.022 22.0 23.0
4.586464 84.98188 0.023 21.0 24.0
5.241673 88.63621 0.023 21.0 24.0
5.241673 88.63621 0.024 12.0 25.0
5.241673 92.34881 0.024 12.0 25.0
5.241673 92.34881 0.025 11.0 26.0
5.241673 96.06141 0.025 11.0 26.0
5.241673 96.06141 0.026 10.0 27.0
5.241673 99.77401 0.026 10.0 27.0
5.241673 99.77401 0.027 9.0 28.0
5.241673 103.48661 0.027 9.0 28.0
5.241673 103.48661 0.028 4.0 29.0
4.586464 107.14094 0.028 4.0 29.0
4.586464 107.14094 0.029 3.0 30.0
3.9312549 110.795265 0.029 3.0 30.0
3.9312549 110.795265 0.030 0.0 31.0
3.9312549 114.507866 0.030 0.0 31.0
3.9312549 114.507866 0.031 0.0 32.0
3.9312549 118.22047 0.031 0.0 32.0
3.9312549 110.795265 0.032 2.0 31.0
3.2760458 114.44959 0.032 2.0 31.0
3.2760458 114.44959 0.033 1.0 32.0
2.6208367 118.10392 0.033 1.0 32.0
2.6208367 118.10392 0.034 0.0 33.0
2.6208367 121.81652 0.034 0.0 33.0
2.6208367 121.81652 0.035 0.0 34.0
2.6208367 125.52912 0.035 0.0 34.0
2.6208367 118.10392 0.036 0.0 33.0
1.3309871 121.58525 0.036 0.0 33.0
1.3309871 121.58525 0.037 0.0 34.0
0.041137457 125.06658 0.037 0.0 34.0
5.241673 103.48661 0.038 8.0 29.0
5.241673 107.19921 0.038 8.0 29.0
5.241673 107.19921 0.039 7.0 30.0
5.241673 110.91181 0.039 7.0 30.0
5.241673 110.91181 0.040 6.0 31.0
5.241673 114.62441 0.040 6.0 31.0
5.241673 114.62441 0.041 5.0 32.0
5.241673 118.33701 0.041 5.0 32.0
5.241673 118.33701 0.042 4.0 33.0
5.896882 121.99134 0.042 4.0 33.0
5.896882 121.99134 0.043 3.0 34.0
6.552091 125.64567 0.043 3.0 34.0
6.552091 125.64567 0.044 0.0 35.0
7.841941 129.127 0.044 0.0 35.0
7.841941 129.127 0.045 0.0 36.0
9.13179 132.60834 0.045 0.0 36.0
6.552091 125.64567 0.046 2.0 35.0
7.2073 129.29999 0.046 2.0 35.0
7.2073 129.29999 0.047 1.0 36.0
7.8625093 132.95432 0.047 1.0 36.0
7.8625093 132.95432 0.048 0.0 37.0
9.152359 136.43565 0.048 0.0 37.0
9.152359 136.43565 0.049 0.0 38.0
10.442208 139.91699 0.049 0.0 38.0
7.8625093 132.95432 0.050 0.0 37.0
7.8625093 136.66692 0.050 0.0 37.0
7.8625093 136.66692 0.051 0.0 38.0
7.8625093 140.37952 0.051 0.0 38.0
5.241673 118.33701 0.052 4.0 33.0
4.586464 121.99134 0.052 4.0 33.0
4.586464 121.99134 0.053 3.0 34.0
3.9312549 125.64567 0.053 3.0 34.0
3.9312549 125.64567 0.054 0.0 35.0
3.9312549 129.35826 0.054 0.0 35.0
3.9312549 129.35826 0.055 0.0 36.0
3.9312549 133.07086 0.055 0.0 36.0
3.9312549 125.64567 0.056 2.0 35.0
3.2760458 129.29999 0.056 2.0 35.0
3.2760458 129.29999 0.057 1.0 36.0
2.6208367 132.95432 0.057 1.0 36.0
2.6208367 132.95432 0.058 0.0 37.0
2.6208367 136.66692 0.058 0.0 37.0
2.6208367 136.66692 0.059 0.0 38.0
2.6208367 140.37952 0.059 0.0 38.0
2.6208367 132.95432 0.060 0.0 37.0
1.3309871 136.43565 0.060 0.0 37.0
1.3309871 136.43565 0.061 0.0 38.0
0.041137457 139.91699 0.061 0.0 38.0
5.241673 88.63621 0.062 20.0 25.0
5.896882 92.290535 0.062 20.0 25.0
5.896882 92.290535 0.063 19.0 26.0
6.552091 95.94486 0.063 19.0 26.0
6.552091 95.94486 0.064 18.0 27.0
7.2073 99.59919 0.064 18.0 27.0
7.2073 99.59919 0.065 17.0 28.0
7.8625093 103.25352 0.065 17.0 28.0
7.8625093 103.25352 0.066 16.0 29.0
8.517718 106.907845 0.066 16.0 29.0
8.517718 106.907845 0.067 15.0 30.0
9.172928 110.56217 0.067 15.0 30.0
9.172928 110.56217 0.068 14.0 31.0
9.828137 114.2165 0.068 14.0 31.0
9.828137 114.2165 0.069 13.0 32.0
10.483347 117.87083 0.069 13.0 32.0
10.483347 117.87083 0.070 12.0 33.0
11.773196 121.35216 0.070 12.0 33.0
11.773196 121.35216 0.071 11.0 34.0
13.0630455 124.83349 0.071 11.0 34.0
13.0630455 124.83349 0.072 10.0 35.0
14.352895 128.31482 0.072 10.0 35.0
14.352895 128.31482 0.073 9.0 36.0
15.642744 131.79616 0.073 9.0 36.0
15.642744 131.79616 0.074 4.0 37.0
16.297953 135.45049 0.074 4.0 37.0
16.297953 135.45049 0.075 3.0 38.0
16.953161 139.10481 0.075 3.0 38.0
16.953161 139.10481 0.076 0.0 39.0
18.243011 142.58615 0.076 0.0 39.0
18.243011 142.58615 0.077 0.0 40.0
19.532862 146.06749 0.077 0.0 40.0
16.953161 139.10481 0.078 2.0 39.0
17.60837 142.75914 0.078 2.0 39.0
17.60837 142.75914 0.079 1.0 40.0
18.263578 146.41347 0.079 1.0 40.0
18.263578 146.41347 0.080 0.0 41.0
19.553429 149.8948 0.080 0.0 41.0
19.553429 149.8948 0.081 0.0 42.0
20.843279 153.37614 0.081 0.0 42.0
18.263578 146.41347 0.082 0.0 41.0
18.263578 150.12607 0.082 0.0 41.0
18.263578 150.12607 0.083 0.0 42.0
18.263578 153.83867 0.083 0.0 42.0
15.642744 131.79616 0.084 8.0 37.0
16.932594 135.2775 0.084 8.0 37.0
16.932594 135.2775 0.085 7.0 38.0
18.222445 138.75883 0.085 7.0 38.0
18.222445 138.75883 0.086 6.0 39.0
19.512295 142.24017 0.086 6.0 39.0
19.512295 142.24017 0.087 5.0 40.0
20.802145 145.72151 0.087 5.0 40.0
20.802145 145.72151 0.088 4.0 41.0
22.686144 148.92056 0.088 4.0 41.0
22.686144 148.92056 0.089 3.0 42.0
24.570143 152.11961 0.089 3.0 42.0
24.570143 152.11961 0.090 0.0 43.0
26.989147 154.93596 0.090 0.0 43.0
26.989147 154.93596 0.091 0.0 44.0
29.408152 157.7523 0.091 0.0 44.0
24.570143 152.11961 0.092 2.0 43.0
26.454142 155.31866 0.092 2.0 43.0
26.454142 155.31866 0.093 1.0 44.0
28.33814 158.51772 0.093 1.0 44.0
28.33814 158.51772 0.094 0.0 45.0
30.757145 161.33406 0.094 0.0 45.0
30.757145 161.33406 0.095 0.0 46.0
33.176147 164.1504 0.095 0.0 46.0
28.33814 158.51772 0.096 0.0 45.0
29.62799 161.99905 0.096 0.0 45.0
29.62799 161.99905 0.097 0.0 46.0
30.917841 165.4804 0.097 0.0 46.0
20.802145 145.72151 0.098 4.0 41.0
21.457354 149.37584 0.098 4.0 41.0
21.457354 149.37584 0.099 3.0 42.0
22.112562 153.03017 0.099 3.0 42.0
22.112562 153.03017 0.0100 0.0 43.0
23.402412 156.5115 0.0100 0.0 43.0
23.402412 156.5115 0.0101 0.0 44.0
24.692263 159.99284 0.0101 0.0 44.0
22.112562 153.03017 0.0102 2.0 43.0
22.76777 156.6845 0.0102 2.0 43.0
22.76777 156.6845 0.0103 1.0 44.0
23.42298 160.33882 0.0103 1.0 44.0
23.42298 160.33882 0.0104 0.0 45.0
24.71283 163.82016 0.0104 0.0 45.0
24.71283 163.82016 0.0105 0.0 46.0
26.00268 167.3015 0.0105 0.0 46.0
23.42298 160.33882 0.0106 0.0 45.0
23.42298 164.05142 0.0106 0.0 45.0
23.42298 164.05142 0.0107 0.0 46.0
23.42298 167.76402 0.0107 0.0 46.0
10.483347 117.87083 0.0108 12.0 33.0
10.483347 121.58343 0.0108 12.0 33.0
10.483347 121.58343 0.0109 11.0 34.0
10.483347 125.29603 0.0109 11.0 34.0
10.483347 125.29603 0.0110 10.0 35.0
10.483347 129.00862 0.0110 10.0 35.0
10.483347 129.00862 0.0111 9.0 36.0
10.483347 132.72122 0.0111 9.0 36.0
10.483347 132.72122 0.0112 4.0 37.0
9.828137 136.37555 0.0112 4.0 37.0
9.828137 136.37555 0.0113 3.0 38.0
9.172928 140.02988 0.0113 3.0 38.0
9.172928 140.02988 0.0114 0.0 39.0
9.172928 143.74248 0.0114 0.0 39.0
9.172928 143.74248 0.0115 0.0 40.0
9.172928 147.45508 0.0115 0.0 40.0
9.172928 140.02988 0.0116 2.0 39.0
8.517718 143.6842 0.0116 2.0 39.0
8.517718 143.6842 0.0117 1.0 40.0
7.8625093 147.33853 0.0117 1.0 40.0
7.8625093 147.33853 0.0118 0.0 41.0
7.8625093 151.05113 0.0118 0.0 41.0
7.8625093 151.05113 0.0119 0.0 42.0
7.8625093 154.76373 0.0119 0.0 42.0
7.8625093 147.33853 0.0120 0.0 41.0
6.5726595 150.81987 0.0120 0.0 41.0
6.5726595 150.81987 0.0121 0.0 42.0
5.2828097 154.30121 0.0121 0.0 42.0
10.483347 132.72122 0.0122 8.0 37.0
10.483347 136.43382 0.0122 8.0 37.0
10.483347 136.43382 0.0123 7.0 38.0
10.483347 140.14642 0.0123 7.0 38.0
10.483347 140.14642 0.0124 6.0 39.0
10.483347 143.85902 0.0124 6.0 39.0
10.483347 143.85902 0.0125 5.0 40.0
10.483347 147.57162 0.0125 5.0 40.0
10.483347 147.57162 0.0126 4.0 41.0
11.1385565 151.22595 0.0126 4.0 41.0
11.1385565 151.22595 0.0127 3.0 42.0
11.793766 154.88028 0.0127 3.0 42.0
11.793766 154.88028 0.0128 0.0 43.0
13.083615 158.36162 0.0128 0.0 43.0
13.083615 158.36162 0.0129 0.0 44.0
14.373465 161.84296 0.0129 0.0 44.0
11.793766 154.88028 0.0130 2.0 43.0
12.448976 158.5346 0.0130 2.0 43.0
12.448976 158.5346 0.0131 1.0 44.0
13.104185 162.18893 0.0131 1.0 44.0
13.104185 162.18893 0.0132 0.0 45.0
14.394034 165.67027 0.0132 0.0 45.0
14.394034 165.67027 0.0133 0.0 46.0
15.683884 169.15161 0.0133 0.0 46.0
13.104185 162.18893 0.0134 0.0 45.0
13.104185 165.90154 0.0134 0.0 45.0
13.104185 165.90154 0.0135 0.0 46.0
13.104185 169.61414 0.0135 0.0 46.0
10.483347 147.57162 0.0136 4.0 41.0
9.828137 151.22595 0.0136 4.0 41.0
9.828137 151.22595 0.0137 3.0 42.0
9.172928 154.88028 0.0137 3.0 42.0
9.172928 154.88028 0.0138 0.0 43.0
9.172928 158.59288 0.0138 0.0 43.0
9.172928 158.59288 0.0139 0.0 44.0
9.172928 162.30548 0.0139 0.0 44.0
9.172928 154.88028 0.0140 2.0 43.0
8.517718 158.5346 0.0140 2.0 43.0
8.517718 158.5346 0.0141 1.0 44.0
7.8625093 162.18893 0.0141 1.0 44.0
7.8625093 162.18893 0.0142 0.0 45.0
7.8625093 165.90154 0.0142 0.0 45.0
7.8625093 165.90154 0.0143 0.0 46.0
7.8625093 169.61414 0.0143 0.0 46.0
7.8625093 162.18893 0.0144 0.0 45.0
6.5726595 165.67027 0.0144 0.0 45.0
6.5726595 165.67027 0.0145 0.0 46.0
5.2828097 169.15161 0.0145 0.0 46.0
0.0 59.401596 0.0146 44.0 17.0
0.0 63.114197 0.0146 44.0 17.0
0.0 63.114197 0.0147 43.0 18.0
0.0 66.8268 0.0147 43.0 18.0
0.0 66.8268 0.0148 42.0 19.0
0.0 70.5394 0.0148 42.0 19.0
0.0 70.5394 0.0149 41.0 20.0
0.0 74.252 0.0149 41.0 20.0
0.0 74.252 0.0150 40.0 21.0
0.0 77.9646 0.0150 40.0 21.0
0.0 77.9646 0.0151 39.0 22.0
0.0 81.6772 0.0151 39.0 22.0
0.0 81.6772 0.0152 38.0 23.0
0.0 85.3898 0.0152 38.0 23.0
0.0 85.3898 0.0153 37.0 24.0
0.0 89.1024 0.0153 37.0 24.0
0.0 89.1024 0.0154 36.0 25.0
0.0 92.815 0.0154 36.0 25.0
0.0 92.815 0.0155 35.0 26.0
0.0 96.5276 0.0155 35.0 26.0
0.0 96.5276 0.0156 34.0 27.0
0.0 100.240204 0.0156 34.0 27.0
0.0 100.240204 0.0157 33.0 28.0
0.0 103.952805 0.0157 33.0 28.0
0.0 103.952805 0.0158 32.0 29.0
0.0 107.665405 0.0158 32.0 29.0
0.0 107.665405 0.0159 31.0 30.0
0.0 111.378006 0.0159 31.0 30.0
0.0 111.378006 0.0160 30.0 31.0
0.0 115.09061 0.0160 30.0 31.0
0.0 115.09061 0.0161 29.0 32.0
0.0 118.80321 0.0161 29.0 32.0
0.0 118.80321 0.0162 28.0 33.0
0.6552092 122.457535 0.0162 28.0 33.0
0.6552092 122.457535 0.0163 27.0 34.0
1.3104184 126.11186 0.0163 27.0 34.0
1.3104184 126.11186 0.0164 26.0 35.0
1.9656276 129.76619 0.0164 26.0 35.0
1.9656276 129.76619 0.0165 25.0 36.0
2.6208367 133.42052 0.0165 25.0 36.0
2.6208367 133.42052 0.0166 24.0 37.0
3.2760458 137.07484 0.0166 24.0 37.0
3.2760458 137.07484 0.0167 23.0 38.0
3.9312549 140.72917 0.0167 23.0 38.0
3.9312549 140.72917 0.0168 22.0 39.0
4.586464 144.3835 0.0168 22.0 39.0
4.586464 144.3835 0.0169 21.0 40.0
5.241673 148.03783 0.0169 21.0 40.0
5.241673 148.03783 0.0170 12.0 41.0
5.241673 151.75043 0.0170 12.0 41.0
5.241673 151.75043 0.0171 11.0 42.0
5.241673 155.46303 0.0171 11.0 42.0
5.241673 155.46303 0.0172 10.0 43.0
5.241673 159.17563 0.0172 10.0 43.0
5.241673 159.17563 0.0173 9.0 44.0
5.241673 162.88823 0.0173 9.0 44.0
5.241673 162.88823 0.0174 4.0 45.0
4.586464 166.54256 0.0174 4.0 45.0
4.586464 166.54256 0.0175 3.0 46.0
3.9312549 170.19688 0.0175 3.0 46.0
3.9312549 170.19688 0.0176 0.0 47.0
3.9312549 173.90948 0.0176 0.0 47.0
3.9312549 173.90948 0.0177 0.0 48.0
3.9312549 177.62209 0.0177 0.0 48.0
3.9312549 170.19688 0.0178 2.0 47.0
3.2760458 173.85121 0.0178 2.0 47.0
3.2760458 173.85121 0.0179 1.0 48.0
2.6208367 177.50554 0.0179 1.0 48.0
2.6208367 177.50554 0.0180 0.0 49.0
2.6208367 181.21814 0.0180 0.0 49.0
2.6208367 181.21814 0.0181 0.0 50.0
2.6208367 184.93074 0.0181 0.0 50.0
2.6208367 177.50554 0.0182 0.0 49.0
1.3309871 180.98688 0.0182 0.0 49.0
1.3309871 180.98688 0.0183 0.0 50.0
0.041137457 184.46822 0.0183 0.0 50.0
5.241673 162.88823 0.0184 8.0 45.0
5.241673 166.60083 0.0184 8.0 45.0
5.241673 166.60083 0.0185 7.0 46.0
5.241673 170.31343 0.0185 7.0 46.0
5.241673 170.31343 0.0186 6.0 47.0
5.241673 174.02603 0.0186 6.0 47.0
5.241673 174.02603 0.0187 5.0 48.0
5.241673 177.73863 0.0187 5.0 48.0
5.241673 177.73863 0.0188 4.0 49.0
5.896882 181.39296 0.0188 4.0 49.0
5.896882 181.39296 0.0189 3.0 50.0
6.552091 185.04729 0.0189 3.0 50.0
6.552091 185.04729 0.0190 0.0 51.0
7.841941 188.52863 0.0190 0.0 51.0
7.841941 188.52863 0.0191 0.0 52.0
9.13179 192.00996 0.0191 0.0 52.0
6.552091 185.04729 0.0192 2.0 51.0
7.2073 188.70161 0.0192 2.0 51.0
7.2073 188.70161 0.0193 1.0 52.0
7.8625093 192.35594 0.0193 1.0 52.0
7.8625093 192.35594 0.0194 0.0 53.0
9.152359 195.83728 0.0194 0.0 53.0
9.152359 195.83728 0.0195 0.0 54.0
10.442208 199.31862 0.0195 0.0 54.0
7.8625093 192.35594 0.0196 0.0 53.0
7.8625093 196.06854 0.0196 0.0 53.0
7.8625093 196.06854 0.0197 0.0 54.0
7.8625093 199.78114 0.0197 0.0 54.0
5.241673 177.73863 0.0198 4.0 49.0
4.586464 181.39296 0.0198 4.0 49.0
4.586464 181.39296 0.0199 3.0 50.0
3.9312549 185.04729 0.0199 3.0 50.0
3.9312549 185.04729 0.0200 0.0 51.0
3.9312549 188.75989 0.0200 0.0 51.0
3.9312549 188.75989 0.0201 0.0 52.0
3.9312549 192.47249 0.0201 0.0 52.0
3.9312549 185.04729 0.0202 2.0 51.0
3.2760458 188.70161 0.0202 2.0 51.0
3.2760458 188.70161 0.0203 1.0 52.0
2.6208367 192.35594 0.0203 1.0 52.0
2.6208367 192.35594 0.0204 0.0 53.0
2.6208367 196.06854 0.0204 0.0 53.0
2.6208367 196.06854 0.0205 0.0 54.0
2.6208367 199.78114 0.0205 0.0 54.0
2.6208367 192.35594 0.0206 0.0 53.0
1.3309871 195.83728 0.0206 0.0 53.0
1.3309871 195.83728 0.0207 0.0 54.0
0.041137457 199.31862 0.0207 0.0 54.0
5.241673 148.03783 0.0208 20.0 41.0
5.896882 151.69215 0.0208 20.0 41.0
5.896882 151.69215 0.0209 19.0 42.0
6.552091 155.34648 0.0209 19.0 42.0
6.552091 155.34648 0.0210 18.0 43.0
7.2073 159.00081 0.0210 18.0 43.0
7.2073 159.00081 0.0211 17.0 44.0
7.8625093 162.65514 0.0211 17.0 44.0
7.8625093 162.65514 0.0212 16.0 45.0
8.517718 166.30946 0.0212 16.0 45.0
8.517718 166.30946 0.0213 15.0 46.0
9.172928 169.96379 0.0213 15.0 46.0
9.172928 169.96379 0.0214 14.0 47.0
9.828137 173.61812 0.0214 14.0 47.0
9.828137 173.61812 0.0215 13.0 48.0
10.483347 177.27245 0.0215 13.0 48.0
10.483347 177.27245 0.0216 12.0 49.0
11.773196 180.75378 0.0216 12.0 49.0
11.773196 180.75378 0.0217 11.0 50.0
13.0630455 184.23512 0.0217 11.0 50.0
13.0630455 184.23512 0.0218 10.0 51.0
14.352895 187.71646 0.0218 10.0 51.0
14.352895 187.71646 0.0219 9.0 52.0
15.642744 191.1978 0.0219 9.0 52.0
15.642744 191.1978 0.0220 4.0 53.0
16.297953 194.85213 0.0220 4.0 53.0
16.297953 194.85213 0.0221 3.0 54.0
16.953161 198.50645 0.0221 3.0 54.0
16.953161 198.50645 0.0222 0.0 55.0
18.243011 201.9878 0.0222 0.0 55.0
18.243011 201.9878 0.0223 0.0 56.0
19.532862 205.46913 0.0223 0.0 56.0
16.953161 198.50645 0.0224 2.0 55.0
17.60837 202.16078 0.0224 2.0 55.0
17.60837 202.16078 0.0225 1.0 56.0
18.263578 205.81511 0.0225 1.0 56.0
18.263578 205.81511 0.0226 0.0 57.0
19.553429 209.29645 0.0226 0.0 57.0
19.553429 209.29645 0.0227 0.0 58.0
20.843279 212.77779 0.0227 0.0 58.0
18.263578 205.81511 0.0228 0.0 57.0
18.263578 209.52771 0.0228 0.0 57.0
18.263578 209.52771 0.0229 0.0 58.0
18.263578 213.24031 0.0229 0.0 58.0
15.642744 191.1978 0.0230 8.0 53.0
16.932594 194.67914 0.0230 8.0 53.0
16.932594 194.67914 0.0231 7.0 54.0
18.222445 198.16048 0.0231 7.0 54.0
18.222445 198.16048 0.0232 6.0 55.0
19.512295 201.64182 0.0232 6.0 55.0
19.512295 201.64182 0.0233 5.0 56.0
20.802145 205.12315 0.0233 5.0 56.0
20.802145 205.12315 0.0234 4.0 57.0
22.686144 208.3222 0.0234 4.0 57.0
22.686144 208.3222 0.0235 3.0 58.0
24.570143 211.52126 0.0235 3.0 58.0
24.570143 211.52126 0.0236 0.0 59.0
26.989147 214.3376 0.0236 0.0 59.0
26.989147 214.3376 0.0237 0.0 60.0
29.408152 217.15395 0.0237 0.0 60.0
24.570143 211.52126 0.0238 2.0 59.0
26.454142 214.7203 0.0238 2.0 59.0
26.454142 214.7203 0.0239 1.0 60.0
28.33814 217.91936 0.0239 1.0 60.0
28.33814 217.91936 0.0240 0.0 61.0
30.757145 220.7357 0.0240 0.0 61.0
30.757145 220.7357 0.0241 0.0 62.0
33.176147 223.55205 0.0241 0.0 62.0
28.33814 217.91936 0.0242 0.0 61.0
29.62799 221.4007 0.0242 0.0 61.0
29.62799 221.4007 0.0243 0.0 62.0
30.917841 224.88203 0.0243 0.0 62.0
20.802145 205.12315 0.0244 4.0 57.0
21.457354 208.77748 0.0244 4.0 57.0
21.457354 208.77748 0.0245 3.0 58.0
22.112562 212.43181 0.0245 3.0 58.0
22.112562 212.43181 0.0246 0.0 59.0
23.402412 215.91315 0.0246 0.0 59.0
23.402412 215.91315 0.0247 0.0 60.0
24.692263 219.39449 0.0247 0.0 60.0
22.112562 212.43181 0.0248 2.0 59.0
22.76777 216.08614 0.0248 2.0 59.0
22.76777 216.08614 0.0249 1.0 60.0
23.42298 219.74046 0.0249 1.0 60.0
23.42298 219.74046 0.0250 0.0 61.0
24.71283 223.2218 0.0250 0.0 61.0
24.71283 223.2218 0.0251 0.0 62.0
26.00268 226.70314 0.0251 0.0 62.0
23.42298 219.74046 0.0252 0.0 61.0
23.42298 223.45306 0.0252 0.0 61.0
23.42298 223.45306 0.0253 0.0 62.0
23.42298 227.16566 0.0253 0.0 62.0
10.483347 177.27245 0.0254 12.0 49.0
10.483347 180.98505 0.0254 12.0 49.0
10.483347 180.98505 0.0255 11.0 50.0
10.483347 184.69765 0.0255 11.0 50.0
10.483347 184.69765 0.0256 10.0 51.0
10.483347 188.41025 0.0256 10.0 51.0
10.483347 188.41025 0.0257 9.0 52.0
10.483347 192.12285 0.0257 9.0 52.0
10.483347 192.12285 0.0258 4.0 53.0
9.828137 195.77718 0.0258 4.0 53.0
9.828137 195.77718 0.0259 3.0 54.0
9.172928 199.4315 0.0259 3.0 54.0
9.172928 199.4315 0.0260 0.0 55.0
9.172928 203.1441 0.0260 0.0 55.0
9.172928 203.1441 0.0261 0.0 56.0
9.172928 206.8567 0.0261 0.0 56.0
9.172928 199.4315 0.0262 2.0 55.0
8.517718 203.08583 0.0262 2.0 55.0
8.517718 203.08583 0.0263 1.0 56.0
7.8625093 206.74016 0.0263 1.0 56.0
7.8625093 206.74016 0.0264 0.0 57.0
7.8625093 210.45276 0.0264 0.0 57.0
7.8625093 210.45276 0.0265 0.0 58.0
7.8625093 214.16536 0.0265 0.0 58.0
7.8625093 206.74016 0.0266 0.0 57.0
6.5726595 210.2215 0.0266 0.0 57.0
6.5726595 210.2215 0.0267 0.0 58.0
5.2828097 213.70284 0.0267 0.0 58.0
10.483347 192.12285 0.0268 8.0 53.0
10.483347 195.83545 0.0268 8.0 53.0
10.483347 195.83545 0.0269 7.0 54.0
10.483347 199.54805 0.0269 7.0 54.0
10.483347 199.54805 0.0270 6.0 55.0
10.483347 203.26065 0.0270 6.0 55.0
10.483347 203.26065 0.0271 5.0 56.0
10.483347 206.97325 0.0271 5.0 56.0
10.483347 206.97325 0.0272 4.0 57.0
11.1385565 210.62758 0.0272 4.0 57.0
11.1385565 210.62758 0.0273 3.0 58.0
11.793766 214.2819 0.0273 3.0 58.0
11.793766 214.2819 0.0274 0.0 59.0
13.083615 217.76324 0.0274 0.0 59.0
13.083615 217.76324 0.0275 0.0 60.0
14.373465 221.24458 0.0275 0.0 60.0
11.793766 214.2819 0.0276 2.0 59.0
12.448976 217.93623 0.0276 2.0 59.0
12.448976 217.93623 0.0277 1.0 60.0
13.104185 221.59056 0.0277 1.0 60.0
13.104185 221.59056 0.0278 0.0 61.0
14.394034 225.0719 0.0278 0.0 61.0
14.394034 225.0719 0.0279 0.0 62.0
15.683884 228.55324 0.0279 0.0 62.0
13.104185 221.59056 0.0280 0.0 61.0
13.104185 225.30316 0.0280 0.0 61.0
13.104185 225.30316 0.0281 0.0 62.0
13.104185 229.01576 0.0281 0.0 62.0
10.483347 206.97325 0.0282 4.0 57.0
9.828137 210.62758 0.0282 4.0 57.0
9.828137 210.62758 0.0283 3.0 58.0
9.172928 214.2819 0.0283 3.0 58.0
9.172928 214.2819 0.0284 0.0 59.0
9.172928 217.9945 0.0284 0.0 59.0
9.172928 217.9945 0.0285 0.0 60.0
9.172928 221.7071 0.0285 0.0 60.0
9.172928 214.2819 0.0286 2.0 59.0
8.517718 217.93623 0.0286 2.0 59.0
8.517718 217.93623 0.0287 1.0 60.0
7.8625093 221.59056 0.0287 1.0 60.0
7.8625093 221.59056 0.0288 0.0 61.0
7.8625093 225.30316 0.0288 0.0 61.0
7.8625093 225.30316 0.0289 0.0 62.0
7.8625093 229.01576 0.0289 0.0 62.0
7.8625093 221.59056 0.0290 0.0 61.0
6.5726595 225.0719 0.0290 0.0 61.0
6.5726595 225.0719 0.0291 0.0 62.0
5.2828097 228.55324 0.0291 0.0 62.0
0.0 118.80321 0.0292 28.0 33.0
-0.6552092 122.457535 0.0292 28.0 33.0
-0.6552092 122.457535 0.0293 27.0 34.0
-1.3104184 126.11186 0.0293 27.0 34.0
-1.3104184 126.11186 0.0294 26.0 35.0
-1.9656276 129.76619 0.0294 26.0 35.0
-1.9656276 129.76619 0.0295 25.0 36.0
-2.6208367 133.42052 0.0295 25.0 36.0
-2.6208367 133.42052 0.0296 24.0 37.0
-3.2760458 137.07484 0.0296 24.0 37.0
-3.2760458 137.07484 0.0297 23.0 38.0
-3.9312549 140.72917 0.0297 23.0 38.0
-3.9312549 140.72917 0.0298 22.0 39.0
-4.586464 144.3835 0.0298 22.0 39.0
-4.586464 144.3835 0.0299 21.0 40.0
-5.241673 148.03783 0.0299 21.0 40.0
-5.241673 148.03783 0.0300 12.0 41.0
-6.5315228 151.51917 0.0300 12.0 41.0
-6.5315228 151.51917 0.0301 11.0 42.0
-7.8213725 155.0005 0.0301 11.0 42.0
-7.8213725 155.0005 0.0302 10.0 43.0
-9.111222 158.48184 0.0302 10.0 43.0
-9.111222 158.48184 0.0303 9.0 44.0
-10.401072 161.96318 0.0303 9.0 44.0
-10.401072 161.96318 0.0304 4.0 45.0
-12.28507 165.16223 0.0304 4.0 45.0
-12.28507 165.16223 0.0305 3.0 46.0
-14.169069 168.36128 0.0305 3.0 46.0
-14.169069 168.36128 0.0306 0.0 47.0
-15.45892 171.84262 0.0306 0.0 47.0
-15.45892 171.84262 0.0307 0.0 48.0
-16.74877 175.32396 0.0307 0.0 48.0
-14.169069 168.36128 0.0308 2.0 47.0
-16.053068 171.56033 0.0308 2.0 47.0
-16.053068 171.56033 0.0309 1.0 48.0
-17.937067 174.75938 0.0309 1.0 48.0
-17.937067 174.75938 0.0310 0.0 49.0
-19.226917 178.24072 0.0310 0.0 49.0
-19.226917 178.24072 0.0311 0.0 50.0
-20.516768 181.72206 0.0311 0.0 50.0
-17.937067 174.75938 0.0312 0.0 49.0
-20.356071 177.57573 0.0312 0.0 49.0
-20.356071 177.57573 0.0313 0.0 50.0
-22.775076 180.39207 0.0313 0.0 50.0
-10.401072 161.96318 0.0314 8.0 45.0
-11.690921 165.44452 0.0314 8.0 45.0
-11.690921 165.44452 0.0315 7.0 46.0
-12.98077 168.92586 0.0315 7.0 46.0
-12.98077 168.92586 0.0316 6.0 47.0
-14.270619 172.4072 0.0316 6.0 47.0
-14.270619 172.4072 0.0317 5.0 48.0
-15.560469 175.88853 0.0317 5.0 48.0
-15.560469 175.88853 0.0318 4.0 49.0
-16.215677 179.54286 0.0318 4.0 49.0
-16.215677 179.54286 0.0319 3.0 50.0
-16.870886 183.19719 0.0319 3.0 50.0
-16.870886 183.19719 0.0320 0.0 51.0
-16.870886 186.90979 0.0320 0.0 51.0
-16.870886 186.90979 0.0321 0.0 52.0
-16.870886 190.62239 0.0321 0.0 52.0
-16.870886 183.19719 0.0322 2.0 51.0
-17.526094 186.85152 0.0322 2.0 51.0
-17.526094 186.85152 0.0323 1.0 52.0
-18.181303 190.50584 0.0323 1.0 52.0
-18.181303 190.50584 0.0324 0.0 53.0
-18.181303 194.21844 0.0324 0.0 53.0
-18.181303 194.21844 0.0325 0.0 54.0
-18.181303 197.93105 0.0325 0.0 54.0
-18.181303 190.50584 0.0326 0.0 53.0
-19.471153 193.98718 0.0326 0.0 53.0
-19.471153 193.98718 0.0327 0.0 54.0
-20.761003 197.46852 0.0327 0.0 54.0
-15.560469 175.88853 0.0328 4.0 49.0
-17.444468 179.08759 0.0328 4.0 49.0
-17.444468 179.08759 0.0329 3.0 50.0
-19.328466 182.28664 0.0329 3.0 50.0
-19.328466 182.28664 0.0330 0.0 51.0
-20.618317 185.76797 0.0330 0.0 51.0
-20.618317 185.76797 0.0331 0.0 52.0
-21.908167 189.24931 0.0331 0.0 52.0
-19.328466 182.28664 0.0332 2.0 51.0
-21.212465 185.48569 0.0332 2.0 51.0
-21.212465 185.48569 0.0333 1.0 52.0
-23.096464 188.68474 0.0333 1.0 52.0
-23.096464 188.68474 0.0334 0.0 53.0
-24.386314 192.16608 0.0334 0.0 53.0
-24.386314 192.16608 0.0335 0.0 54.0
-25.676165 195.64742 0.0335 0.0 54.0
-23.096464 188.68474 0.0336 0.0 53.0
-25.515469 191.50108 0.0336 0.0 53.0
-25.515469 191.50108 0.0337 0.0 54.0
-27.934473 194.31743 0.0337 0.0 54.0
-5.241673 148.03783 0.0338 20.0 41.0
-5.896882 151.69215 0.0338 20.0 41.0
-5.896882 151.69215 0.0339 19.0 42.0
-6.552091 155.34648 0.0339 19.0 42.0
-6.552091 155.34648 0.0340 18.0 43.0
-7.2073 159.00081 0.0340 18.0 43.0
-7.2073 159.00081 0.0341 17.0 44.0
-7.8625093 162.65514 0.0341 17.0 44.0
-7.8625093 162.65514 0.0342 16.0 45.0
-8.517718 166.30946 0.0342 16.0 45.0
-8.517718 166.30946 0.0343 15.0 46.0
-9.172928 169.96379 0.0343 15.0 46.0
-9.172928 169.96379 0.0344 14.0 47.0
-9.828137 173.61812 0.0344 14.0 47.0
-9.828137 173.61812 0.0345 13.0 48.0
-10.483347 177.27245 0.0345 13.0 48.0
-10.483347 177.27245 0.0346 12.0 49.0
-10.483347 180.98505 0.0346 12.0 49.0
-10.483347 180.98505 0.0347 11.0 50.0
-10.483347 184.69765 0.0347 11.0 50.0
-10.483347 184.69765 0.0348 10.0 51.0
-10.483347 188.41025 0.0348 10.0 51.0
-10.483347 188.41025 0.0349 9.0 52.0
-10.483347 192.12285 0.0349 9.0 52.0
-10.483347 192.12285 0.0350 4.0 53.0
-11.1385565 195.77718 0.0350 4.0 53.0
-11.1385565 195.77718 0.0351 3.0 54.0
-11.793766 199.4315 0.0351 3.0 54.0
-11.793766 199.4315 0.0352 0.0 55.0
-11.793766 203.1441 0.0352 0.0 55.0
-11.793766 203.1441 0.0353 0.0 56.0
-11.793766 206.8567 0.0353 0.0 56.0
-11.793766 199.4315 0.0354 2.0 55.0
-12.448976 203.08583 0.0354 2.0 55.0
-12.448976 203.08583 0.0355 1.0 56.0
-13.104185 206.74016 0.0355 1.0 56.0
-13.104185 206.74016 0.0356 0.0 57.0
-13.104185 210.45276 0.0356 0.0 57.0
-13.104185 210.45276 0.0357 0.0 58.0
-13.104185 214.16536 0.0357 0.0 58.0
-13.104185 206.74016 0.0358 0.0 57.0
-14.394034 210.2215 0.0358 0.0 57.0
-14.394034 210.2215 0.0359 0.0 58.0
-15.683884 213.70284 0.0359 0.0 58.0
-10.483347 192.12285 0.0360 8.0 53.0
-10.483347 195.83545 0.0360 8.0 53.0
-10.483347 195.83545 0.0361 7.0 54.0
-10.483347 199.54805 0.0361 7.0 54.0
-10.483347 199.54805 0.0362 6.0 55.0
-10.483347 203.26065 0.0362 6.0 55.0
-10.483347 203.26065 0.0363 5.0 56.0
-10.483347 206.97325 0.0363 5.0 56.0
-10.483347 206.97325 0.0364 4.0 57.0
-9.828137 210.62758 0.0364 4.0 57.0
-9.828137 210.62758 0.0365 3.0 58.0
-9.172928 214.2819 0.0365 3.0 58.0
-9.172928 214.2819 0.0366 0.0 59.0
-7.883078 217.76324 0.0366 0.0 59.0
-7.883078 217.76324 0.0367 0.0 60.0
-6.5932283 221.24458 0.0367 0.0 60.0
-9.172928 214.2819 0.0368 2.0 59.0
-8.517718 217.93623 0.0368 2.0 59.0
-8.517718 217.93623 0.0369 1.0 60.0
-7.8625093 221.59056 0.0369 1.0 60.0
-7.8625093 221.59056 0.0370 0.0 61.0
-6.5726595 225.0719 0.0370 0.0 61.0
-6.5726595 225.0719 0.0371 0.0 62.0
-5.2828097 228.55324 0.0371 0.0 62.0
-7.8625093 221.59056 0.0372 0.0 61.0
-7.8625093 225.30316 0.0372 0.0 61.0
-7.8625093 225.30316 0.0373 0.0 62.0
-7.8625093 229.01576 0.0373 0.0 62.0
-10.483347 206.97325 0.0374 4.0 57.0
-11.1385565 210.62758 0.0374 4.0 57.0
-11.1385565 210.62758 0.0375 3.0 58.0
-11.793766 214.2819 0.0375 3.0 58.0
-11.793766 214.2819 0.0376 0.0 59.0
-11.793766 217.9945 0.0376 0.0 59.0
-11.793766 217.9945 0.0377 0.0 60.0
-11.793766 221.7071 0.0377 0.0 60.0
-11.793766 214.2819 0.0378 2.0 59.0
-12.448976 217.93623 0.0378 2.0 59.0
-12.448976 217.93623 0.0379 1.0 60.0
-13.104185 221.59056 0.0379 1.0 60.0
-13.104185 221.59056 0.0380 0.0 61.0
-13.104185 225.30316 0.0380 0.0 61.0
-13.104185 225.30316 0.0381 0.0 62.0
-13.104185 229.01576 0.0381 0.0 62.0
-13.104185 221.59056 0.0382 0.0 61.0
-14.394034 225.0719 0.0382 0.0 61.0
-14.394034 225.0719 0.0383 0.0 62.0
-15.683884 228.55324 0.0383 0.0 62.0
-10.483347 177.27245 0.0384 12.0 49.0
-11.773196 180.75378 0.0384 12.0 49.0
-11.773196 180.75378 0.0385 11.0 50.0
-13.0630455 184.23512 0.0385 11.0 50.0
-13.0630455 184.23512 0.0386 10.0 51.0
-14.352895 187.71646 0.0386 10.0 51.0
-14.352895 187.71646 0.0387 9.0 52.0
-15.642744 191.1978 0.0387 9.0 52.0
-15.642744 191.1978 0.0388 4.0 53.0
-17.526743 194.39685 0.0388 4.0 53.0
-17.526743 194.39685 0.0389 3.0 54.0
-19.410742 197.5959 0.0389 3.0 54.0
-19.410742 197.5959 0.0390 0.0 55.0
-20.700592 201.07724 0.0390 0.0 55.0
-20.700592 201.07724 0.0391 0.0 56.0
-21.990442 204.55858 0.0391 0.0 56.0
-19.410742 197.5959 0.0392 2.0 55.0
-21.29474 200.79495 0.0392 2.0 55.0
-21.29474 200.79495 0.0393 1.0 56.0
-23.17874 203.994 0.0393 1.0 56.0
-23.17874 203.994 0.0394 0.0 57.0
-24.46859 207.47534 0.0394 0.0 57.0
-24.46859 207.47534 0.0395 0.0 58.0
-25.75844 210.95668 0.0395 0.0 58.0
-23.17874 203.994 0.0396 0.0 57.0
-25.597744 206.81035 0.0396 0.0 57.0
-25.597744 206.81035 0.0397 0.0 58.0
-28.016748 209.6267 0.0397 0.0 58.0
-15.642744 191.1978 0.0398 8.0 53.0
-16.932594 194.67914 0.0398 8.0 53.0
-16.932594 194.67914 0.0399 7.0 54.0
-18.222445 198.16048 0.0399 7.0 54.0
-18.222445 198.16048 0.0400 6.0 55.0
-19.512295 201.64182 0.0400 6.0 55.0
-19.512295 201.64182 0.0401 5.0 56.0
-20.802145 205.12315 0.0401 5.0 56.0
-20.802145 205.12315 0.0402 4.0 57.0
-21.457354 208.77748 0.0402 4.0 57.0
-21.457354 208.77748 0.0403 3.0 58.0
-22.112562 212.43181 0.0403 3.0 58.0
-22.112562 212.43181 0.0404 0.0 59.0
-22.112562 216.14441 0.0404 0.0 59.0
-22.112562 216.14441 0.0405 0.0 60.0
-22.112562 219.85701 0.0405 0.0 60.0
-22.112562 212.43181 0.0406 2.0 59.0
-22.76777 216.08614 0.0406 2.0 59.0
-22.76777 216.08614 0.0407 1.0 60.0
-23.42298 219.74046 0.0407 1.0 60.0
-23.42298 219.74046 0.0408 0.0 61.0
-23.42298 223.45306 0.0408 0.0 61.0
-23.42298 223.45306 0.0409 0.0 62.0
-23.42298 227.16566 0.0409 0.0 62.0
-23.42298 219.74046 0.0410 0.0 61.0
-24.71283 223.2218 0.0410 0.0 61.0
-24.71283 223.2218 0.0411 0.0 62.0
-26.00268 226.70314 0.0411 0.0 62.0
-20.802145 205.12315 0.0412 4.0 57.0
-22.686144 208.3222 0.0412 4.0 57.0
-22.686144 208.3222 0.0413 3.0 58.0
-24.570143 211.52126 0.0413 3.0 58.0
-24.570143 211.52126 0.0414 0.0 59.0
-25.859993 215.0026 0.0414 0.0 59.0
-25.859993 215.0026 0.0415 0.0 60.0
-27.149843 218.48393 0.0415 0.0 60.0
-24.570143 211.52126 0.0416 2.0 59.0
-26.454142 214.7203 0.0416 2.0 59.0
-26.454142 214.7203 0.0417 1.0 60.0
-28.33814 217.91936 0.0417 1.0 60.0
-28.33814 217.91936 0.0418 0.0 61.0
-29.62799 221.4007 0.0418 0.0 61.0
-29.62799 221.4007 0.0419 0.0 62.0
-30.917841 224.88203 0.0419 0.0 62.0
-28.33814 217.91936 0.0420 0.0 61.0
-30.757145 220.7357 0.0420 0.0 61.0
-30.757145 220.7357 0.0421 0.0 62.0
-33.176147 223.55205 0.0421 0.0 62.0
