0.0 0.0 0.00 14.0 1.0
0.0 4.2682905 0.00 14.0 1.0
0.0 4.2682905 0.01 0.0 2.0
-1.2146605 8.3601 0.01 0.0 2.0
0.0 4.2682905 0.02 13.0 2.0
0.0 8.536581 0.02 13.0 2.0
0.0 8.536581 0.03 0.0 3.0
-1.2146605 12.62839 0.03 0.0 3.0
-1.2146605 12.62839 0.04 0.0 4.0
-3.5435362 16.20535 0.04 0.0 4.0
-1.2146605 12.62839 0.05 0.0 4.0
-2.429321 16.7202 0.05 0.0 4.0
0.0 8.536581 0.06 12.0 3.0
0.0 12.804872 0.06 12.0 3.0
0.0 12.804872 0.07 0.0 4.0
-1.2146605 16.89668 0.07 0.0 4.0
0.0 12.804872 0.08 11.0 4.0
0.0 17.073162 0.08 11.0 4.0
0.0 17.073162 0.09 2.0 5.0
-1.2146605 21.16497 0.09 2.0 5.0
-1.2146605 21.16497 0.010 0.0 6.0
-3.5435362 24.74193 0.010 0.0 6.0
-1.2146605 21.16497 0.011 1.0 6.0
-2.429321 25.256779 0.011 1.0 6.0
-2.429321 25.256779 0.012 0.0 7.0
-4.758197 28.833738 0.012 0.0 7.0
-4.758197 28.833738 0.013 0.0 8.0
-8.008703 31.600056 0.013 0.0 8.0
-4.758197 28.833738 0.014 0.0 8.0
-7.0870724 32.410698 0.014 0.0 8.0
-2.429321 25.256779 0.015 0.0 7.0
-3.6439815 29.348587 0.015 0.0 7.0
-3.6439815 29.348587 0.016 0.0 8.0
-5.9728575 32.92555 0.016 0.0 8.0
-3.6439815 29.348587 0.017 0.0 8.0
-4.858642 33.440395 0.017 0.0 8.0
0.0 17.073162 0.018 10.0 5.0
0.0 21.341454 0.018 10.0 5.0
0.0 21.341454 0.019 0.0 6.0
-1.2146605 25.433262 0.019 0.0 6.0
0.0 21.341454 0.020 9.0 6.0
0.0 25.609745 0.020 9.0 6.0
0.0 25.609745 0.021 0.0 7.0
-1.2146605 29.701553 0.021 0.0 7.0
-1.2146605 29.701553 0.022 0.0 8.0
-3.5435362 33.278515 0.022 0.0 8.0
-1.2146605 29.701553 0.023 0.0 8.0
-2.429321 33.79336 0.023 0.0 8.0
0.0 25.609745 0.024 8.0 7.0
0.0 29.878036 0.024 8.0 7.0
0.0 29.878036 0.025 0.0 8.0
-1.2146605 33.969845 0.025 0.0 8.0
0.0 29.878036 0.026 7.0 8.0
0.0 34.146328 0.026 7.0 8.0
0.0 34.146328 0.027 6.0 9.0
1.2146605 38.238136 0.027 6.0 9.0
1.2146605 38.238136 0.028 0.0 10.0
1.2146605 42.506428 0.028 0.0 10.0
1.2146605 38.238136 0.029 5.0 10.0
2.429321 42.329945 0.029 5.0 10.0
2.429321 42.329945 0.030 0.0 11.0
2.429321 46.598236 0.030 0.0 11.0
2.429321 46.598236 0.031 0.0 12.0
1.2146605 50.690044 0.031 0.0 12.0
2.429321 46.598236 0.032 0.0 12.0
2.429321 50.866528 0.032 0.0 12.0
2.429321 42.329945 0.033 4.0 11.0
3.6439815 46.421753 0.033 4.0 11.0
3.6439815 46.421753 0.034 0.0 12.0
3.6439815 50.690044 0.034 0.0 12.0
3.6439815 46.421753 0.035 3.0 12.0
4.858642 50.51356 0.035 3.0 12.0
4.858642 50.51356 0.036 2.0 13.0
4.858642 54.781853 0.036 2.0 13.0
4.858642 54.781853 0.037 0.0 14.0
3.6439815 58.87366 0.037 0.0 14.0
4.858642 54.781853 0.038 1.0 14.0
4.858642 59.050144 0.038 1.0 14.0
4.858642 59.050144 0.039 0.0 15.0
3.6439815 63.141953 0.039 0.0 15.0
3.6439815 63.141953 0.040 0.0 16.0
1.3151057 66.71891 0.040 0.0 16.0
3.6439815 63.141953 0.041 0.0 16.0
2.4293208 67.233765 0.041 0.0 16.0
4.858642 59.050144 0.042 0.0 15.0
4.858642 63.318436 0.042 0.0 15.0
4.858642 63.318436 0.043 0.0 16.0
3.6439815 67.41025 0.043 0.0 16.0
4.858642 63.318436 0.044 0.0 16.0
4.858642 67.58672 0.044 0.0 16.0
4.858642 50.51356 0.045 2.0 13.0
6.0733027 54.60537 0.045 2.0 13.0
6.0733027 54.60537 0.046 0.0 14.0
6.0733027 58.87366 0.046 0.0 14.0
6.0733027 54.60537 0.047 1.0 14.0
7.2879634 58.697178 0.047 1.0 14.0
7.2879634 58.697178 0.048 0.0 15.0
7.2879634 62.96547 0.048 0.0 15.0
7.2879634 62.96547 0.049 0.0 16.0
6.0733027 67.05728 0.049 0.0 16.0
7.2879634 62.96547 0.050 0.0 16.0
7.2879634 67.23376 0.050 0.0 16.0
7.2879634 58.697178 0.051 0.0 15.0
8.502624 62.788986 0.051 0.0 15.0
8.502624 62.788986 0.052 0.0 16.0
8.502624 67.057274 0.052 0.0 16.0
8.502624 62.788986 0.053 0.0 16.0
9.717284 66.8808 0.053 0.0 16.0
0.0 34.146328 0.054 6.0 9.0
0.0 38.41462 0.054 6.0 9.0
0.0 38.41462 0.055 0.0 10.0
-1.2146605 42.506428 0.055 0.0 10.0
0.0 38.41462 0.056 5.0 10.0
0.0 42.68291 0.056 5.0 10.0
0.0 42.68291 0.057 0.0 11.0
-1.2146605 46.77472 0.057 0.0 11.0
-1.2146605 46.77472 0.058 0.0 12.0
-3.5435362 50.35168 0.058 0.0 12.0
-1.2146605 46.77472 0.059 0.0 12.0
-2.429321 50.866528 0.059 0.0 12.0
0.0 42.68291 0.060 4.0 11.0
0.0 46.951202 0.060 4.0 11.0
0.0 46.951202 0.061 0.0 12.0
-1.2146605 51.04301 0.061 0.0 12.0
0.0 46.951202 0.062 3.0 12.0
0.0 51.219494 0.062 3.0 12.0
0.0 51.219494 0.063 2.0 13.0
-1.2146605 55.311302 0.063 2.0 13.0
-1.2146605 55.311302 0.064 0.0 14.0
-3.5435362 58.888264 0.064 0.0 14.0
-1.2146605 55.311302 0.065 1.0 14.0
-2.429321 59.40311 0.065 1.0 14.0
-2.429321 59.40311 0.066 0.0 15.0
-4.758197 62.980072 0.066 0.0 15.0
-4.758197 62.980072 0.067 0.0 16.0
-8.008703 65.74639 0.067 0.0 16.0
-4.758197 62.980072 0.068 0.0 16.0
-7.0870724 66.55703 0.068 0.0 16.0
-2.429321 59.40311 0.069 0.0 15.0
-3.6439815 63.49492 0.069 0.0 15.0
-3.6439815 63.49492 0.070 0.0 16.0
-5.9728575 67.07188 0.070 0.0 16.0
-3.6439815 63.49492 0.071 0.0 16.0
-4.858642 67.58673 0.071 0.0 16.0
0.0 51.219494 0.072 2.0 13.0
0.0 55.487785 0.072 2.0 13.0
0.0 55.487785 0.073 0.0 14.0
-1.2146605 59.579594 0.073 0.0 14.0
0.0 55.487785 0.074 1.0 14.0
0.0 59.756077 0.074 1.0 14.0
0.0 59.756077 0.075 0.0 15.0
-1.2146605 63.847885 0.075 0.0 15.0
-1.2146605 63.847885 0.076 0.0 16.0
-3.5435362 67.42484 0.076 0.0 16.0
-1.2146605 63.847885 0.077 0.0 16.0
-2.429321 67.9397 0.077 0.0 16.0
0.0 59.756077 0.078 0.0 15.0
0.0 64.02437 0.078 0.0 15.0
0.0 64.02437 0.079 0.0 16.0
-1.2146605 68.11618 0.079 0.0 16.0
0.0 64.02437 0.080 0.0 16.0
0.0 68.292656 0.080 0.0 16.0
