0.0 0.0 0.00 29.0 1.0
0.0 4.7415237 0.00 29.0 1.0
0.0 4.7415237 0.01 0.0 2.0
1.5895957 9.208652 0.01 0.0 2.0
0.0 4.7415237 0.02 28.0 2.0
0.0 9.4830475 0.02 28.0 2.0
0.0 9.4830475 0.03 0.0 3.0
-1.5895957 13.950175 0.03 0.0 3.0
0.0 9.4830475 0.04 0.0 3.0
0.0 14.224571 0.04 0.0 3.0
0.0 9.4830475 0.05 1.0 3.0
-1.5895957 13.950175 0.05 1.0 3.0
-1.5895957 13.950175 0.06 0.0 4.0
-1.5895957 18.6917 0.06 0.0 4.0
-1.5895957 13.950175 0.07 0.0 4.0
-3.1791914 18.417303 0.07 0.0 4.0
-3.1791914 18.417303 0.08 0.0 5.0
-6.1744003 22.093002 0.08 0.0 5.0
-3.1791914 18.417303 0.09 0.0 5.0
-4.768787 22.88443 0.09 0.0 5.0
0.0 9.4830475 0.010 27.0 3.0
0.0 14.224571 0.010 27.0 3.0
0.0 14.224571 0.011 0.0 4.0
1.5895957 18.6917 0.011 0.0 4.0
0.0 14.224571 0.012 26.0 4.0
0.0 18.966095 0.012 26.0 4.0
0.0 18.966095 0.013 0.0 5.0
-1.5895957 23.433224 0.013 0.0 5.0
0.0 18.966095 0.014 0.0 5.0
0.0 23.707619 0.014 0.0 5.0
0.0 18.966095 0.015 1.0 5.0
1.5895957 23.433224 0.015 1.0 5.0
1.5895957 23.433224 0.016 0.0 6.0
4.584805 27.108923 0.016 0.0 6.0
1.5895957 23.433224 0.017 0.0 6.0
3.1791914 27.900352 0.017 0.0 6.0
3.1791914 27.900352 0.018 0.0 7.0
3.1791914 32.641876 0.018 0.0 7.0
3.1791914 27.900352 0.019 0.0 7.0
4.768787 32.36748 0.019 0.0 7.0
0.0 18.966095 0.020 1.0 5.0
0.0 23.707619 0.020 1.0 5.0
0.0 23.707619 0.021 0.0 6.0
1.5895957 28.174747 0.021 0.0 6.0
0.0 23.707619 0.022 0.0 6.0
0.0 28.449142 0.022 0.0 6.0
0.0 28.449142 0.023 0.0 7.0
-1.5895957 32.91627 0.023 0.0 7.0
0.0 28.449142 0.024 0.0 7.0
0.0 33.190666 0.024 0.0 7.0
0.0 18.966095 0.025 5.0 5.0
1.5895957 23.433224 0.025 5.0 5.0
1.5895957 23.433224 0.026 0.0 6.0
4.584805 27.108923 0.026 0.0 6.0
1.5895957 23.433224 0.027 4.0 6.0
3.1791914 27.900352 0.027 4.0 6.0
3.1791914 27.900352 0.028 0.0 7.0
3.1791914 32.641876 0.028 0.0 7.0
3.1791914 27.900352 0.029 0.0 7.0
4.768787 32.36748 0.029 0.0 7.0
3.1791914 27.900352 0.030 1.0 7.0
3.1791914 32.641876 0.030 1.0 7.0
3.1791914 32.641876 0.031 0.0 8.0
4.768787 37.109005 0.031 0.0 8.0
3.1791914 32.641876 0.032 0.0 8.0
3.1791914 37.3834 0.032 0.0 8.0
3.1791914 37.3834 0.033 0.0 9.0
1.5895957 41.85053 0.033 0.0 9.0
3.1791914 37.3834 0.034 0.0 9.0
3.1791914 42.124924 0.034 0.0 9.0
3.1791914 27.900352 0.035 3.0 7.0
4.768787 32.36748 0.035 3.0 7.0
4.768787 32.36748 0.036 0.0 8.0
7.763996 36.043182 0.036 0.0 8.0
4.768787 32.36748 0.037 2.0 8.0
6.3583827 36.83461 0.037 2.0 8.0
6.3583827 36.83461 0.038 0.0 9.0
6.3583827 41.576134 0.038 0.0 9.0
6.3583827 36.83461 0.039 0.0 9.0
7.9479785 41.30174 0.039 0.0 9.0
6.3583827 36.83461 0.040 1.0 9.0
9.353592 40.51031 0.040 1.0 9.0
9.353592 40.51031 0.041 0.0 10.0
13.407744 42.96915 0.041 0.0 10.0
9.353592 40.51031 0.042 0.0 10.0
12.348801 44.186012 0.042 0.0 10.0
12.348801 44.186012 0.043 0.0 11.0
13.938396 48.65314 0.043 0.0 11.0
12.348801 44.186012 0.044 0.0 11.0
15.344009 47.861713 0.044 0.0 11.0
6.3583827 36.83461 0.045 1.0 9.0
7.9479785 41.30174 0.045 1.0 9.0
7.9479785 41.30174 0.046 0.0 10.0
10.943188 44.97744 0.046 0.0 10.0
7.9479785 41.30174 0.047 0.0 10.0
9.537574 45.768867 0.047 0.0 10.0
9.537574 45.768867 0.048 0.0 11.0
9.537574 50.51039 0.048 0.0 11.0
9.537574 45.768867 0.049 0.0 11.0
11.12717 50.235996 0.049 0.0 11.0
0.0 18.966095 0.050 25.0 5.0
0.0 23.707619 0.050 25.0 5.0
0.0 23.707619 0.051 0.0 6.0
1.5895957 28.174747 0.051 0.0 6.0
0.0 23.707619 0.052 24.0 6.0
0.0 28.449142 0.052 24.0 6.0
0.0 28.449142 0.053 0.0 7.0
-1.5895957 32.91627 0.053 0.0 7.0
0.0 28.449142 0.054 0.0 7.0
0.0 33.190666 0.054 0.0 7.0
0.0 28.449142 0.055 1.0 7.0
-1.5895957 32.91627 0.055 1.0 7.0
-1.5895957 32.91627 0.056 0.0 8.0
-1.5895957 37.657795 0.056 0.0 8.0
-1.5895957 32.91627 0.057 0.0 8.0
-3.1791914 37.3834 0.057 0.0 8.0
-3.1791914 37.3834 0.058 0.0 9.0
-6.1744003 41.0591 0.058 0.0 9.0
-3.1791914 37.3834 0.059 0.0 9.0
-4.768787 41.85053 0.059 0.0 9.0
0.0 28.449142 0.060 23.0 7.0
0.0 33.190666 0.060 23.0 7.0
0.0 33.190666 0.061 0.0 8.0
1.5895957 37.657795 0.061 0.0 8.0
0.0 33.190666 0.062 22.0 8.0
0.0 37.93219 0.062 22.0 8.0
0.0 37.93219 0.063 0.0 9.0
-1.5895957 42.39932 0.063 0.0 9.0
0.0 37.93219 0.064 0.0 9.0
0.0 42.673714 0.064 0.0 9.0
0.0 37.93219 0.065 1.0 9.0
1.5895957 42.39932 0.065 1.0 9.0
1.5895957 42.39932 0.066 0.0 10.0
4.584805 46.07502 0.066 0.0 10.0
1.5895957 42.39932 0.067 0.0 10.0
3.1791914 46.866447 0.067 0.0 10.0
3.1791914 46.866447 0.068 0.0 11.0
3.1791914 51.60797 0.068 0.0 11.0
3.1791914 46.866447 0.069 0.0 11.0
4.768787 51.333576 0.069 0.0 11.0
0.0 37.93219 0.070 1.0 9.0
0.0 42.673714 0.070 1.0 9.0
0.0 42.673714 0.071 0.0 10.0
1.5895957 47.140842 0.071 0.0 10.0
0.0 42.673714 0.072 0.0 10.0
0.0 47.415237 0.072 0.0 10.0
0.0 47.415237 0.073 0.0 11.0
-1.5895957 51.882366 0.073 0.0 11.0
0.0 47.415237 0.074 0.0 11.0
0.0 52.15676 0.074 0.0 11.0
0.0 37.93219 0.075 5.0 9.0
-1.5895957 42.39932 0.075 5.0 9.0
-1.5895957 42.39932 0.076 0.0 10.0
-1.5895957 47.140842 0.076 0.0 10.0
-1.5895957 42.39932 0.077 4.0 10.0
-3.1791914 46.866447 0.077 4.0 10.0
-3.1791914 46.866447 0.078 0.0 11.0
-6.1744003 50.54215 0.078 0.0 11.0
-3.1791914 46.866447 0.079 0.0 11.0
-4.768787 51.333576 0.079 0.0 11.0
-3.1791914 46.866447 0.080 1.0 11.0
-6.1744003 50.54215 0.080 1.0 11.0
-6.1744003 50.54215 0.081 0.0 12.0
-7.763996 55.009277 0.081 0.0 12.0
-6.1744003 50.54215 0.082 0.0 12.0
-9.169609 54.21785 0.082 0.0 12.0
-9.169609 54.21785 0.083 0.0 13.0
-13.223762 56.67669 0.083 0.0 13.0
-9.169609 54.21785 0.084 0.0 13.0
-12.164818 57.89355 0.084 0.0 13.0
-3.1791914 46.866447 0.085 3.0 11.0
-4.768787 51.333576 0.085 3.0 11.0
-4.768787 51.333576 0.086 0.0 12.0
-4.768787 56.0751 0.086 0.0 12.0
-4.768787 51.333576 0.087 2.0 12.0
-6.3583827 55.800705 0.087 2.0 12.0
-6.3583827 55.800705 0.088 0.0 13.0
-9.353592 59.476406 0.088 0.0 13.0
-6.3583827 55.800705 0.089 0.0 13.0
-7.9479785 60.267834 0.089 0.0 13.0
-6.3583827 55.800705 0.090 1.0 13.0
-6.3583827 60.54223 0.090 1.0 13.0
-6.3583827 60.54223 0.091 0.0 14.0
-4.768787 65.00935 0.091 0.0 14.0
-6.3583827 60.54223 0.092 0.0 14.0
-6.3583827 65.28375 0.092 0.0 14.0
-6.3583827 65.28375 0.093 0.0 15.0
-7.9479785 69.75088 0.093 0.0 15.0
-6.3583827 65.28375 0.094 0.0 15.0
-6.3583827 70.025276 0.094 0.0 15.0
-6.3583827 55.800705 0.095 1.0 13.0
-7.9479785 60.267834 0.095 1.0 13.0
-7.9479785 60.267834 0.096 0.0 14.0
-7.9479785 65.00935 0.096 0.0 14.0
-7.9479785 60.267834 0.097 0.0 14.0
-9.537574 64.73496 0.097 0.0 14.0
-9.537574 64.73496 0.098 0.0 15.0
-12.5327835 68.41066 0.098 0.0 15.0
-9.537574 64.73496 0.099 0.0 15.0
-11.12717 69.20209 0.099 0.0 15.0
0.0 37.93219 0.0100 5.0 9.0
0.0 42.673714 0.0100 5.0 9.0
0.0 42.673714 0.0101 0.0 10.0
1.5895957 47.140842 0.0101 0.0 10.0
0.0 42.673714 0.0102 4.0 10.0
0.0 47.415237 0.0102 4.0 10.0
0.0 47.415237 0.0103 0.0 11.0
-1.5895957 51.882366 0.0103 0.0 11.0
0.0 47.415237 0.0104 0.0 11.0
0.0 52.15676 0.0104 0.0 11.0
0.0 47.415237 0.0105 1.0 11.0
-1.5895957 51.882366 0.0105 1.0 11.0
-1.5895957 51.882366 0.0106 0.0 12.0
-1.5895957 56.62389 0.0106 0.0 12.0
-1.5895957 51.882366 0.0107 0.0 12.0
-3.1791914 56.349495 0.0107 0.0 12.0
-3.1791914 56.349495 0.0108 0.0 13.0
-6.1744003 60.025196 0.0108 0.0 13.0
-3.1791914 56.349495 0.0109 0.0 13.0
-4.768787 60.816624 0.0109 0.0 13.0
0.0 47.415237 0.0110 3.0 11.0
0.0 52.15676 0.0110 3.0 11.0
0.0 52.15676 0.0111 0.0 12.0
1.5895957 56.62389 0.0111 0.0 12.0
0.0 52.15676 0.0112 2.0 12.0
0.0 56.898285 0.0112 2.0 12.0
0.0 56.898285 0.0113 0.0 13.0
-1.5895957 61.365414 0.0113 0.0 13.0
0.0 56.898285 0.0114 0.0 13.0
0.0 61.63981 0.0114 0.0 13.0
0.0 56.898285 0.0115 1.0 13.0
1.5895957 61.365414 0.0115 1.0 13.0
1.5895957 61.365414 0.0116 0.0 14.0
4.584805 65.041115 0.0116 0.0 14.0
1.5895957 61.365414 0.0117 0.0 14.0
3.1791914 65.83254 0.0117 0.0 14.0
3.1791914 65.83254 0.0118 0.0 15.0
3.1791914 70.574066 0.0118 0.0 15.0
3.1791914 65.83254 0.0119 0.0 15.0
4.768787 70.29967 0.0119 0.0 15.0
0.0 56.898285 0.0120 1.0 13.0
0.0 61.63981 0.0120 1.0 13.0
0.0 61.63981 0.0121 0.0 14.0
1.5895957 66.10693 0.0121 0.0 14.0
0.0 61.63981 0.0122 0.0 14.0
0.0 66.38133 0.0122 0.0 14.0
0.0 66.38133 0.0123 0.0 15.0
-1.5895957 70.84846 0.0123 0.0 15.0
0.0 66.38133 0.0124 0.0 15.0
0.0 71.122856 0.0124 0.0 15.0
0.0 37.93219 0.0125 13.0 9.0
-1.5895957 42.39932 0.0125 13.0 9.0
-1.5895957 42.39932 0.0126 0.0 10.0
-1.5895957 47.140842 0.0126 0.0 10.0
-1.5895957 42.39932 0.0127 12.0 10.0
-3.1791914 46.866447 0.0127 12.0 10.0
-3.1791914 46.866447 0.0128 0.0 11.0
-6.1744003 50.54215 0.0128 0.0 11.0
-3.1791914 46.866447 0.0129 0.0 11.0
-4.768787 51.333576 0.0129 0.0 11.0
-3.1791914 46.866447 0.0130 1.0 11.0
-6.1744003 50.54215 0.0130 1.0 11.0
-6.1744003 50.54215 0.0131 0.0 12.0
-7.763996 55.009277 0.0131 0.0 12.0
-6.1744003 50.54215 0.0132 0.0 12.0
-9.169609 54.21785 0.0132 0.0 12.0
-9.169609 54.21785 0.0133 0.0 13.0
-13.223762 56.67669 0.0133 0.0 13.0
-9.169609 54.21785 0.0134 0.0 13.0
-12.164818 57.89355 0.0134 0.0 13.0
-3.1791914 46.866447 0.0135 11.0 11.0
-4.768787 51.333576 0.0135 11.0 11.0
-4.768787 51.333576 0.0136 0.0 12.0
-4.768787 56.0751 0.0136 0.0 12.0
-4.768787 51.333576 0.0137 10.0 12.0
-6.3583827 55.800705 0.0137 10.0 12.0
-6.3583827 55.800705 0.0138 0.0 13.0
-9.353592 59.476406 0.0138 0.0 13.0
-6.3583827 55.800705 0.0139 0.0 13.0
-7.9479785 60.267834 0.0139 0.0 13.0
-6.3583827 55.800705 0.0140 1.0 13.0
-6.3583827 60.54223 0.0140 1.0 13.0
-6.3583827 60.54223 0.0141 0.0 14.0
-4.768787 65.00935 0.0141 0.0 14.0
-6.3583827 60.54223 0.0142 0.0 14.0
-6.3583827 65.28375 0.0142 0.0 14.0
-6.3583827 65.28375 0.0143 0.0 15.0
-7.9479785 69.75088 0.0143 0.0 15.0
-6.3583827 65.28375 0.0144 0.0 15.0
-6.3583827 70.025276 0.0144 0.0 15.0
-6.3583827 55.800705 0.0145 1.0 13.0
-7.9479785 60.267834 0.0145 1.0 13.0
-7.9479785 60.267834 0.0146 0.0 14.0
-7.9479785 65.00935 0.0146 0.0 14.0
-7.9479785 60.267834 0.0147 0.0 14.0
-9.537574 64.73496 0.0147 0.0 14.0
-9.537574 64.73496 0.0148 0.0 15.0
-12.5327835 68.41066 0.0148 0.0 15.0
-9.537574 64.73496 0.0149 0.0 15.0
-11.12717 69.20209 0.0149 0.0 15.0
-6.3583827 55.800705 0.0150 5.0 13.0
-6.3583827 60.54223 0.0150 5.0 13.0
-6.3583827 60.54223 0.0151 0.0 14.0
-4.768787 65.00935 0.0151 0.0 14.0
-6.3583827 60.54223 0.0152 4.0 14.0
-6.3583827 65.28375 0.0152 4.0 14.0
-6.3583827 65.28375 0.0153 0.0 15.0
-7.9479785 69.75088 0.0153 0.0 15.0
-6.3583827 65.28375 0.0154 0.0 15.0
-6.3583827 70.025276 0.0154 0.0 15.0
-6.3583827 65.28375 0.0155 1.0 15.0
-7.9479785 69.75088 0.0155 1.0 15.0
-7.9479785 69.75088 0.0156 0.0 16.0
-7.9479785 74.4924 0.0156 0.0 16.0
-7.9479785 69.75088 0.0157 0.0 16.0
-9.537574 74.218 0.0157 0.0 16.0
-9.537574 74.218 0.0158 0.0 17.0
-12.5327835 77.8937 0.0158 0.0 17.0
-9.537574 74.218 0.0159 0.0 17.0
-11.12717 78.68513 0.0159 0.0 17.0
-6.3583827 65.28375 0.0160 3.0 15.0
-6.3583827 70.025276 0.0160 3.0 15.0
-6.3583827 70.025276 0.0161 0.0 16.0
-4.768787 74.4924 0.0161 0.0 16.0
-6.3583827 70.025276 0.0162 2.0 16.0
-6.3583827 74.7668 0.0162 2.0 16.0
-6.3583827 74.7668 0.0163 0.0 17.0
-7.9479785 79.233925 0.0163 0.0 17.0
-6.3583827 74.7668 0.0164 0.0 17.0
-6.3583827 79.50832 0.0164 0.0 17.0
-6.3583827 74.7668 0.0165 1.0 17.0
-4.768787 79.233925 0.0165 1.0 17.0
-4.768787 79.233925 0.0166 0.0 18.0
-1.7735777 82.90962 0.0166 0.0 18.0
-4.768787 79.233925 0.0167 0.0 18.0
-3.179191 83.70105 0.0167 0.0 18.0
-3.179191 83.70105 0.0168 0.0 19.0
-3.179191 88.44257 0.0168 0.0 19.0
-3.179191 83.70105 0.0169 0.0 19.0
-1.5895954 88.168175 0.0169 0.0 19.0
-6.3583827 74.7668 0.0170 1.0 17.0
-6.3583827 79.50832 0.0170 1.0 17.0
-6.3583827 79.50832 0.0171 0.0 18.0
-4.768787 83.97545 0.0171 0.0 18.0
-6.3583827 79.50832 0.0172 0.0 18.0
-6.3583827 84.24985 0.0172 0.0 18.0
-6.3583827 84.24985 0.0173 0.0 19.0
-7.9479785 88.71697 0.0173 0.0 19.0
-6.3583827 84.24985 0.0174 0.0 19.0
-6.3583827 88.99137 0.0174 0.0 19.0
-6.3583827 55.800705 0.0175 9.0 13.0
-7.9479785 60.267834 0.0175 9.0 13.0
-7.9479785 60.267834 0.0176 0.0 14.0
-7.9479785 65.00935 0.0176 0.0 14.0
-7.9479785 60.267834 0.0177 8.0 14.0
-9.537574 64.73496 0.0177 8.0 14.0
-9.537574 64.73496 0.0178 0.0 15.0
-12.5327835 68.41066 0.0178 0.0 15.0
-9.537574 64.73496 0.0179 0.0 15.0
-11.12717 69.20209 0.0179 0.0 15.0
-9.537574 64.73496 0.0180 1.0 15.0
-12.5327835 68.41066 0.0180 1.0 15.0
-12.5327835 68.41066 0.0181 0.0 16.0
-14.122379 72.877785 0.0181 0.0 16.0
-12.5327835 68.41066 0.0182 0.0 16.0
-15.527992 72.08636 0.0182 0.0 16.0
-15.527992 72.08636 0.0183 0.0 17.0
-19.582146 74.5452 0.0183 0.0 17.0
-15.527992 72.08636 0.0184 0.0 17.0
-18.523201 75.762054 0.0184 0.0 17.0
-9.537574 64.73496 0.0185 7.0 15.0
-11.12717 69.20209 0.0185 7.0 15.0
-11.12717 69.20209 0.0186 0.0 16.0
-11.12717 73.94361 0.0186 0.0 16.0
-11.12717 69.20209 0.0187 6.0 16.0
-12.716765 73.66921 0.0187 6.0 16.0
-12.716765 73.66921 0.0188 0.0 17.0
-15.711975 77.34491 0.0188 0.0 17.0
-12.716765 73.66921 0.0189 0.0 17.0
-14.306361 78.13634 0.0189 0.0 17.0
-12.716765 73.66921 0.0190 1.0 17.0
-12.716765 78.410736 0.0190 1.0 17.0
-12.716765 78.410736 0.0191 0.0 18.0
-11.12717 82.87786 0.0191 0.0 18.0
-12.716765 78.410736 0.0192 0.0 18.0
-12.716765 83.15226 0.0192 0.0 18.0
-12.716765 83.15226 0.0193 0.0 19.0
-14.306361 87.619385 0.0193 0.0 19.0
-12.716765 83.15226 0.0194 0.0 19.0
-12.716765 87.89378 0.0194 0.0 19.0
-12.716765 73.66921 0.0195 1.0 17.0
-14.306361 78.13634 0.0195 1.0 17.0
-14.306361 78.13634 0.0196 0.0 18.0
-14.306361 82.87786 0.0196 0.0 18.0
-14.306361 78.13634 0.0197 0.0 18.0
-15.895957 82.60346 0.0197 0.0 18.0
-15.895957 82.60346 0.0198 0.0 19.0
-18.891167 86.27916 0.0198 0.0 19.0
-15.895957 82.60346 0.0199 0.0 19.0
-17.485552 87.07059 0.0199 0.0 19.0
-12.716765 73.66921 0.0200 5.0 17.0
-15.711975 77.34491 0.0200 5.0 17.0
-15.711975 77.34491 0.0201 0.0 18.0
-17.30157 81.812035 0.0201 0.0 18.0
-15.711975 77.34491 0.0202 4.0 18.0
-18.707184 81.02061 0.0202 4.0 18.0
-18.707184 81.02061 0.0203 0.0 19.0
-22.761337 83.47945 0.0203 0.0 19.0
-18.707184 81.02061 0.0204 0.0 19.0
-21.702393 84.696304 0.0204 0.0 19.0
-18.707184 81.02061 0.0205 1.0 19.0
-22.761337 83.47945 0.0205 1.0 19.0
-22.761337 83.47945 0.0206 0.0 20.0
-25.756546 87.15514 0.0206 0.0 20.0
-22.761337 83.47945 0.0207 0.0 20.0
-26.81549 85.938286 0.0207 0.0 20.0
-26.81549 85.938286 0.0208 0.0 21.0
-31.459352 86.895676 0.0208 0.0 21.0
-26.81549 85.938286 0.0209 0.0 21.0
-30.869644 88.397125 0.0209 0.0 21.0
-18.707184 81.02061 0.0210 3.0 19.0
-21.702393 84.696304 0.0210 3.0 19.0
-21.702393 84.696304 0.0211 0.0 20.0
-23.291988 89.16343 0.0211 0.0 20.0
-21.702393 84.696304 0.0212 2.0 20.0
-24.697601 88.372 0.0212 2.0 20.0
-24.697601 88.372 0.0213 0.0 21.0
-28.751755 90.83084 0.0213 0.0 21.0
-24.697601 88.372 0.0214 0.0 21.0
-27.69281 92.0477 0.0214 0.0 21.0
-24.697601 88.372 0.0215 1.0 21.0
-26.287197 92.83913 0.0215 1.0 21.0
-26.287197 92.83913 0.0216 0.0 22.0
-26.287197 97.58065 0.0216 0.0 22.0
-26.287197 92.83913 0.0217 0.0 22.0
-27.876793 97.30625 0.0217 0.0 22.0
-27.876793 97.30625 0.0218 0.0 23.0
-30.872002 100.98195 0.0218 0.0 23.0
-27.876793 97.30625 0.0219 0.0 23.0
-29.466389 101.77338 0.0219 0.0 23.0
-24.697601 88.372 0.0220 1.0 21.0
-27.69281 92.0477 0.0220 1.0 21.0
-27.69281 92.0477 0.0221 0.0 22.0
-29.282406 96.514824 0.0221 0.0 22.0
-27.69281 92.0477 0.0222 0.0 22.0
-30.688019 95.7234 0.0222 0.0 22.0
-30.688019 95.7234 0.0223 0.0 23.0
-34.742172 98.182236 0.0223 0.0 23.0
-30.688019 95.7234 0.0224 0.0 23.0
-33.683228 99.39909 0.0224 0.0 23.0
-12.716765 73.66921 0.0225 5.0 17.0
-14.306361 78.13634 0.0225 5.0 17.0
-14.306361 78.13634 0.0226 0.0 18.0
-14.306361 82.87786 0.0226 0.0 18.0
-14.306361 78.13634 0.0227 4.0 18.0
-15.895957 82.60346 0.0227 4.0 18.0
-15.895957 82.60346 0.0228 0.0 19.0
-18.891167 86.27916 0.0228 0.0 19.0
-15.895957 82.60346 0.0229 0.0 19.0
-17.485552 87.07059 0.0229 0.0 19.0
-15.895957 82.60346 0.0230 1.0 19.0
-18.891167 86.27916 0.0230 1.0 19.0
-18.891167 86.27916 0.0231 0.0 20.0
-20.480762 90.746284 0.0231 0.0 20.0
-18.891167 86.27916 0.0232 0.0 20.0
-21.886375 89.95486 0.0232 0.0 20.0
-21.886375 89.95486 0.0233 0.0 21.0
-25.940529 92.4137 0.0233 0.0 21.0
-21.886375 89.95486 0.0234 0.0 21.0
-24.881584 93.630554 0.0234 0.0 21.0
-15.895957 82.60346 0.0235 3.0 19.0
-17.485552 87.07059 0.0235 3.0 19.0
-17.485552 87.07059 0.0236 0.0 20.0
-17.485552 91.81211 0.0236 0.0 20.0
-17.485552 87.07059 0.0237 2.0 20.0
-19.075148 91.53771 0.0237 2.0 20.0
-19.075148 91.53771 0.0238 0.0 21.0
-22.070356 95.21341 0.0238 0.0 21.0
-19.075148 91.53771 0.0239 0.0 21.0
-20.664743 96.00484 0.0239 0.0 21.0
-19.075148 91.53771 0.0240 1.0 21.0
-19.075148 96.279236 0.0240 1.0 21.0
-19.075148 96.279236 0.0241 0.0 22.0
-17.485552 100.74636 0.0241 0.0 22.0
-19.075148 96.279236 0.0242 0.0 22.0
-19.075148 101.02076 0.0242 0.0 22.0
-19.075148 101.02076 0.0243 0.0 23.0
-20.664743 105.487885 0.0243 0.0 23.0
-19.075148 101.02076 0.0244 0.0 23.0
-19.075148 105.76228 0.0244 0.0 23.0
-19.075148 91.53771 0.0245 1.0 21.0
-20.664743 96.00484 0.0245 1.0 21.0
-20.664743 96.00484 0.0246 0.0 22.0
-20.664743 100.74636 0.0246 0.0 22.0
-20.664743 96.00484 0.0247 0.0 22.0
-22.25434 100.47196 0.0247 0.0 22.0
-22.25434 100.47196 0.0248 0.0 23.0
-25.249548 104.14766 0.0248 0.0 23.0
-22.25434 100.47196 0.0249 0.0 23.0
-23.843935 104.93909 0.0249 0.0 23.0
0.0 37.93219 0.0250 21.0 9.0
0.0 42.673714 0.0250 21.0 9.0
0.0 42.673714 0.0251 0.0 10.0
1.5895957 47.140842 0.0251 0.0 10.0
0.0 42.673714 0.0252 20.0 10.0
0.0 47.415237 0.0252 20.0 10.0
0.0 47.415237 0.0253 0.0 11.0
-1.5895957 51.882366 0.0253 0.0 11.0
0.0 47.415237 0.0254 0.0 11.0
0.0 52.15676 0.0254 0.0 11.0
0.0 47.415237 0.0255 1.0 11.0
-1.5895957 51.882366 0.0255 1.0 11.0
-1.5895957 51.882366 0.0256 0.0 12.0
-1.5895957 56.62389 0.0256 0.0 12.0
-1.5895957 51.882366 0.0257 0.0 12.0
-3.1791914 56.349495 0.0257 0.0 12.0
-3.1791914 56.349495 0.0258 0.0 13.0
-6.1744003 60.025196 0.0258 0.0 13.0
-3.1791914 56.349495 0.0259 0.0 13.0
-4.768787 60.816624 0.0259 0.0 13.0
0.0 47.415237 0.0260 19.0 11.0
0.0 52.15676 0.0260 19.0 11.0
0.0 52.15676 0.0261 0.0 12.0
1.5895957 56.62389 0.0261 0.0 12.0
0.0 52.15676 0.0262 18.0 12.0
0.0 56.898285 0.0262 18.0 12.0
0.0 56.898285 0.0263 0.0 13.0
-1.5895957 61.365414 0.0263 0.0 13.0
0.0 56.898285 0.0264 0.0 13.0
0.0 61.63981 0.0264 0.0 13.0
0.0 56.898285 0.0265 1.0 13.0
1.5895957 61.365414 0.0265 1.0 13.0
1.5895957 61.365414 0.0266 0.0 14.0
4.584805 65.041115 0.0266 0.0 14.0
1.5895957 61.365414 0.0267 0.0 14.0
3.1791914 65.83254 0.0267 0.0 14.0
3.1791914 65.83254 0.0268 0.0 15.0
3.1791914 70.574066 0.0268 0.0 15.0
3.1791914 65.83254 0.0269 0.0 15.0
4.768787 70.29967 0.0269 0.0 15.0
0.0 56.898285 0.0270 1.0 13.0
0.0 61.63981 0.0270 1.0 13.0
0.0 61.63981 0.0271 0.0 14.0
1.5895957 66.10693 0.0271 0.0 14.0
0.0 61.63981 0.0272 0.0 14.0
0.0 66.38133 0.0272 0.0 14.0
0.0 66.38133 0.0273 0.0 15.0
-1.5895957 70.84846 0.0273 0.0 15.0
0.0 66.38133 0.0274 0.0 15.0
0.0 71.122856 0.0274 0.0 15.0
0.0 56.898285 0.0275 5.0 13.0
1.5895957 61.365414 0.0275 5.0 13.0
1.5895957 61.365414 0.0276 0.0 14.0
4.584805 65.041115 0.0276 0.0 14.0
1.5895957 61.365414 0.0277 4.0 14.0
3.1791914 65.83254 0.0277 4.0 14.0
3.1791914 65.83254 0.0278 0.0 15.0
3.1791914 70.574066 0.0278 0.0 15.0
3.1791914 65.83254 0.0279 0.0 15.0
4.768787 70.29967 0.0279 0.0 15.0
3.1791914 65.83254 0.0280 1.0 15.0
3.1791914 70.574066 0.0280 1.0 15.0
3.1791914 70.574066 0.0281 0.0 16.0
4.768787 75.04119 0.0281 0.0 16.0
3.1791914 70.574066 0.0282 0.0 16.0
3.1791914 75.31559 0.0282 0.0 16.0
3.1791914 75.31559 0.0283 0.0 17.0
1.5895957 79.782715 0.0283 0.0 17.0
3.1791914 75.31559 0.0284 0.0 17.0
3.1791914 80.05711 0.0284 0.0 17.0
3.1791914 65.83254 0.0285 3.0 15.0
4.768787 70.29967 0.0285 3.0 15.0
4.768787 70.29967 0.0286 0.0 16.0
7.763996 73.975365 0.0286 0.0 16.0
4.768787 70.29967 0.0287 2.0 16.0
6.3583827 74.76679 0.0287 2.0 16.0
6.3583827 74.76679 0.0288 0.0 17.0
6.3583827 79.508316 0.0288 0.0 17.0
6.3583827 74.76679 0.0289 0.0 17.0
7.9479785 79.23392 0.0289 0.0 17.0
6.3583827 74.76679 0.0290 1.0 17.0
9.353592 78.44249 0.0290 1.0 17.0
9.353592 78.44249 0.0291 0.0 18.0
13.407744 80.90133 0.0291 0.0 18.0
9.353592 78.44249 0.0292 0.0 18.0
12.348801 82.11819 0.0292 0.0 18.0
12.348801 82.11819 0.0293 0.0 19.0
13.938396 86.58531 0.0293 0.0 19.0
12.348801 82.11819 0.0294 0.0 19.0
15.344009 85.793884 0.0294 0.0 19.0
6.3583827 74.76679 0.0295 1.0 17.0
7.9479785 79.23392 0.0295 1.0 17.0
7.9479785 79.23392 0.0296 0.0 18.0
10.943188 82.909615 0.0296 0.0 18.0
7.9479785 79.23392 0.0297 0.0 18.0
9.537574 83.70104 0.0297 0.0 18.0
9.537574 83.70104 0.0298 0.0 19.0
9.537574 88.442566 0.0298 0.0 19.0
9.537574 83.70104 0.0299 0.0 19.0
11.12717 88.16817 0.0299 0.0 19.0
0.0 56.898285 0.0300 17.0 13.0
0.0 61.63981 0.0300 17.0 13.0
0.0 61.63981 0.0301 0.0 14.0
1.5895957 66.10693 0.0301 0.0 14.0
0.0 61.63981 0.0302 16.0 14.0
0.0 66.38133 0.0302 16.0 14.0
0.0 66.38133 0.0303 0.0 15.0
-1.5895957 70.84846 0.0303 0.0 15.0
0.0 66.38133 0.0304 0.0 15.0
0.0 71.122856 0.0304 0.0 15.0
0.0 66.38133 0.0305 1.0 15.0
-1.5895957 70.84846 0.0305 1.0 15.0
-1.5895957 70.84846 0.0306 0.0 16.0
-1.5895957 75.58998 0.0306 0.0 16.0
-1.5895957 70.84846 0.0307 0.0 16.0
-3.1791914 75.31558 0.0307 0.0 16.0
-3.1791914 75.31558 0.0308 0.0 17.0
-6.1744003 78.99128 0.0308 0.0 17.0
-3.1791914 75.31558 0.0309 0.0 17.0
-4.768787 79.78271 0.0309 0.0 17.0
0.0 66.38133 0.0310 15.0 15.0
0.0 71.122856 0.0310 15.0 15.0
0.0 71.122856 0.0311 0.0 16.0
1.5895957 75.58998 0.0311 0.0 16.0
0.0 71.122856 0.0312 14.0 16.0
0.0 75.86438 0.0312 14.0 16.0
0.0 75.86438 0.0313 0.0 17.0
-1.5895957 80.331505 0.0313 0.0 17.0
0.0 75.86438 0.0314 0.0 17.0
0.0 80.6059 0.0314 0.0 17.0
0.0 75.86438 0.0315 1.0 17.0
1.5895957 80.331505 0.0315 1.0 17.0
1.5895957 80.331505 0.0316 0.0 18.0
4.584805 84.0072 0.0316 0.0 18.0
1.5895957 80.331505 0.0317 0.0 18.0
3.1791914 84.79863 0.0317 0.0 18.0
3.1791914 84.79863 0.0318 0.0 19.0
3.1791914 89.54015 0.0318 0.0 19.0
3.1791914 84.79863 0.0319 0.0 19.0
4.768787 89.265755 0.0319 0.0 19.0
0.0 75.86438 0.0320 1.0 17.0
0.0 80.6059 0.0320 1.0 17.0
0.0 80.6059 0.0321 0.0 18.0
1.5895957 85.07303 0.0321 0.0 18.0
0.0 80.6059 0.0322 0.0 18.0
0.0 85.34743 0.0322 0.0 18.0
0.0 85.34743 0.0323 0.0 19.0
-1.5895957 89.81455 0.0323 0.0 19.0
0.0 85.34743 0.0324 0.0 19.0
0.0 90.08895 0.0324 0.0 19.0
0.0 75.86438 0.0325 5.0 17.0
-1.5895957 80.331505 0.0325 5.0 17.0
-1.5895957 80.331505 0.0326 0.0 18.0
-1.5895957 85.07303 0.0326 0.0 18.0
-1.5895957 80.331505 0.0327 4.0 18.0
-3.1791914 84.79863 0.0327 4.0 18.0
-3.1791914 84.79863 0.0328 0.0 19.0
-6.1744003 88.47433 0.0328 0.0 19.0
-3.1791914 84.79863 0.0329 0.0 19.0
-4.768787 89.265755 0.0329 0.0 19.0
-3.1791914 84.79863 0.0330 1.0 19.0
-6.1744003 88.47433 0.0330 1.0 19.0
-6.1744003 88.47433 0.0331 0.0 20.0
-7.763996 92.94145 0.0331 0.0 20.0
-6.1744003 88.47433 0.0332 0.0 20.0
-9.169609 92.150024 0.0332 0.0 20.0
-9.169609 92.150024 0.0333 0.0 21.0
-13.223762 94.608864 0.0333 0.0 21.0
-9.169609 92.150024 0.0334 0.0 21.0
-12.164818 95.82572 0.0334 0.0 21.0
-3.1791914 84.79863 0.0335 3.0 19.0
-4.768787 89.265755 0.0335 3.0 19.0
-4.768787 89.265755 0.0336 0.0 20.0
-4.768787 94.00728 0.0336 0.0 20.0
-4.768787 89.265755 0.0337 2.0 20.0
-6.3583827 93.73288 0.0337 2.0 20.0
-6.3583827 93.73288 0.0338 0.0 21.0
-9.353592 97.40858 0.0338 0.0 21.0
-6.3583827 93.73288 0.0339 0.0 21.0
-7.9479785 98.200005 0.0339 0.0 21.0
-6.3583827 93.73288 0.0340 1.0 21.0
-6.3583827 98.4744 0.0340 1.0 21.0
-6.3583827 98.4744 0.0341 0.0 22.0
-4.768787 102.94153 0.0341 0.0 22.0
-6.3583827 98.4744 0.0342 0.0 22.0
-6.3583827 103.21593 0.0342 0.0 22.0
-6.3583827 103.21593 0.0343 0.0 23.0
-7.9479785 107.68305 0.0343 0.0 23.0
-6.3583827 103.21593 0.0344 0.0 23.0
-6.3583827 107.95745 0.0344 0.0 23.0
-6.3583827 93.73288 0.0345 1.0 21.0
-7.9479785 98.200005 0.0345 1.0 21.0
-7.9479785 98.200005 0.0346 0.0 22.0
-7.9479785 102.94153 0.0346 0.0 22.0
-7.9479785 98.200005 0.0347 0.0 22.0
-9.537574 102.66713 0.0347 0.0 22.0
-9.537574 102.66713 0.0348 0.0 23.0
-12.5327835 106.34283 0.0348 0.0 23.0
-9.537574 102.66713 0.0349 0.0 23.0
-11.12717 107.134254 0.0349 0.0 23.0
0.0 75.86438 0.0350 5.0 17.0
0.0 80.6059 0.0350 5.0 17.0
0.0 80.6059 0.0351 0.0 18.0
1.5895957 85.07303 0.0351 0.0 18.0
0.0 80.6059 0.0352 4.0 18.0
0.0 85.34743 0.0352 4.0 18.0
0.0 85.34743 0.0353 0.0 19.0
-1.5895957 89.81455 0.0353 0.0 19.0
0.0 85.34743 0.0354 0.0 19.0
0.0 90.08895 0.0354 0.0 19.0
0.0 85.34743 0.0355 1.0 19.0
-1.5895957 89.81455 0.0355 1.0 19.0
-1.5895957 89.81455 0.0356 0.0 20.0
-1.5895957 94.556076 0.0356 0.0 20.0
-1.5895957 89.81455 0.0357 0.0 20.0
-3.1791914 94.28168 0.0357 0.0 20.0
-3.1791914 94.28168 0.0358 0.0 21.0
-6.1744003 97.957375 0.0358 0.0 21.0
-3.1791914 94.28168 0.0359 0.0 21.0
-4.768787 98.7488 0.0359 0.0 21.0
0.0 85.34743 0.0360 3.0 19.0
0.0 90.08895 0.0360 3.0 19.0
0.0 90.08895 0.0361 0.0 20.0
1.5895957 94.556076 0.0361 0.0 20.0
0.0 90.08895 0.0362 2.0 20.0
0.0 94.830475 0.0362 2.0 20.0
0.0 94.830475 0.0363 0.0 21.0
-1.5895957 99.2976 0.0363 0.0 21.0
0.0 94.830475 0.0364 0.0 21.0
0.0 99.572 0.0364 0.0 21.0
0.0 94.830475 0.0365 1.0 21.0
1.5895957 99.2976 0.0365 1.0 21.0
1.5895957 99.2976 0.0366 0.0 22.0
4.584805 102.9733 0.0366 0.0 22.0
1.5895957 99.2976 0.0367 0.0 22.0
3.1791914 103.764725 0.0367 0.0 22.0
3.1791914 103.764725 0.0368 0.0 23.0
3.1791914 108.50625 0.0368 0.0 23.0
3.1791914 103.764725 0.0369 0.0 23.0
4.768787 108.23185 0.0369 0.0 23.0
0.0 94.830475 0.0370 1.0 21.0
0.0 99.572 0.0370 1.0 21.0
0.0 99.572 0.0371 0.0 22.0
1.5895957 104.03912 0.0371 0.0 22.0
0.0 99.572 0.0372 0.0 22.0
0.0 104.31352 0.0372 0.0 22.0
0.0 104.31352 0.0373 0.0 23.0
-1.5895957 108.78065 0.0373 0.0 23.0
0.0 104.31352 0.0374 0.0 23.0
0.0 109.055046 0.0374 0.0 23.0
0.0 75.86438 0.0375 13.0 17.0
1.5895957 80.331505 0.0375 13.0 17.0
1.5895957 80.331505 0.0376 0.0 18.0
4.584805 84.0072 0.0376 0.0 18.0
1.5895957 80.331505 0.0377 12.0 18.0
3.1791914 84.79863 0.0377 12.0 18.0
3.1791914 84.79863 0.0378 0.0 19.0
3.1791914 89.54015 0.0378 0.0 19.0
3.1791914 84.79863 0.0379 0.0 19.0
4.768787 89.265755 0.0379 0.0 19.0
3.1791914 84.79863 0.0380 1.0 19.0
3.1791914 89.54015 0.0380 1.0 19.0
3.1791914 89.54015 0.0381 0.0 20.0
4.768787 94.00728 0.0381 0.0 20.0
3.1791914 89.54015 0.0382 0.0 20.0
3.1791914 94.28168 0.0382 0.0 20.0
3.1791914 94.28168 0.0383 0.0 21.0
1.5895957 98.7488 0.0383 0.0 21.0
3.1791914 94.28168 0.0384 0.0 21.0
3.1791914 99.0232 0.0384 0.0 21.0
3.1791914 84.79863 0.0385 11.0 19.0
4.768787 89.265755 0.0385 11.0 19.0
4.768787 89.265755 0.0386 0.0 20.0
7.763996 92.94145 0.0386 0.0 20.0
4.768787 89.265755 0.0387 10.0 20.0
6.3583827 93.73288 0.0387 10.0 20.0
6.3583827 93.73288 0.0388 0.0 21.0
6.3583827 98.4744 0.0388 0.0 21.0
6.3583827 93.73288 0.0389 0.0 21.0
7.9479785 98.200005 0.0389 0.0 21.0
6.3583827 93.73288 0.0390 1.0 21.0
9.353592 97.40858 0.0390 1.0 21.0
9.353592 97.40858 0.0391 0.0 22.0
13.407744 99.86742 0.0391 0.0 22.0
9.353592 97.40858 0.0392 0.0 22.0
12.348801 101.084274 0.0392 0.0 22.0
12.348801 101.084274 0.0393 0.0 23.0
13.938396 105.5514 0.0393 0.0 23.0
12.348801 101.084274 0.0394 0.0 23.0
15.344009 104.75997 0.0394 0.0 23.0
6.3583827 93.73288 0.0395 1.0 21.0
7.9479785 98.200005 0.0395 1.0 21.0
7.9479785 98.200005 0.0396 0.0 22.0
10.943188 101.8757 0.0396 0.0 22.0
7.9479785 98.200005 0.0397 0.0 22.0
9.537574 102.66713 0.0397 0.0 22.0
9.537574 102.66713 0.0398 0.0 23.0
9.537574 107.40865 0.0398 0.0 23.0
9.537574 102.66713 0.0399 0.0 23.0
11.12717 107.134254 0.0399 0.0 23.0
6.3583827 93.73288 0.0400 5.0 21.0
9.353592 97.40858 0.0400 5.0 21.0
9.353592 97.40858 0.0401 0.0 22.0
13.407744 99.86742 0.0401 0.0 22.0
9.353592 97.40858 0.0402 4.0 22.0
12.348801 101.084274 0.0402 4.0 22.0
12.348801 101.084274 0.0403 0.0 23.0
13.938396 105.5514 0.0403 0.0 23.0
12.348801 101.084274 0.0404 0.0 23.0
15.344009 104.75997 0.0404 0.0 23.0
12.348801 101.084274 0.0405 1.0 23.0
13.938396 105.5514 0.0405 1.0 23.0
13.938396 105.5514 0.0406 0.0 24.0
16.933605 109.2271 0.0406 0.0 24.0
13.938396 105.5514 0.0407 0.0 24.0
15.527992 110.018524 0.0407 0.0 24.0
15.527992 110.018524 0.0408 0.0 25.0
15.527992 114.76005 0.0408 0.0 25.0
15.527992 110.018524 0.0409 0.0 25.0
17.117588 114.48565 0.0409 0.0 25.0
12.348801 101.084274 0.0410 3.0 23.0
15.344009 104.75997 0.0410 3.0 23.0
15.344009 104.75997 0.0411 0.0 24.0
19.398163 107.21881 0.0411 0.0 24.0
15.344009 104.75997 0.0412 2.0 24.0
18.339218 108.43567 0.0412 2.0 24.0
18.339218 108.43567 0.0413 0.0 25.0
19.928814 112.902794 0.0413 0.0 25.0
18.339218 108.43567 0.0414 0.0 25.0
21.334427 112.11137 0.0414 0.0 25.0
18.339218 108.43567 0.0415 1.0 25.0
22.393372 110.89451 0.0415 1.0 25.0
22.393372 110.89451 0.0416 0.0 26.0
27.037233 111.8519 0.0416 0.0 26.0
22.393372 110.89451 0.0417 0.0 26.0
26.447525 113.35335 0.0417 0.0 26.0
26.447525 113.35335 0.0418 0.0 27.0
29.442734 117.029045 0.0418 0.0 27.0
26.447525 113.35335 0.0419 0.0 27.0
30.501678 115.81219 0.0419 0.0 27.0
18.339218 108.43567 0.0420 1.0 25.0
21.334427 112.11137 0.0420 1.0 25.0
21.334427 112.11137 0.0421 0.0 26.0
25.38858 114.570206 0.0421 0.0 26.0
21.334427 112.11137 0.0422 0.0 26.0
24.329636 115.78706 0.0422 0.0 26.0
24.329636 115.78706 0.0423 0.0 27.0
25.919231 120.25419 0.0423 0.0 27.0
24.329636 115.78706 0.0424 0.0 27.0
27.324844 119.46276 0.0424 0.0 27.0
6.3583827 93.73288 0.0425 9.0 21.0
7.9479785 98.200005 0.0425 9.0 21.0
7.9479785 98.200005 0.0426 0.0 22.0
10.943188 101.8757 0.0426 0.0 22.0
7.9479785 98.200005 0.0427 8.0 22.0
9.537574 102.66713 0.0427 8.0 22.0
9.537574 102.66713 0.0428 0.0 23.0
9.537574 107.40865 0.0428 0.0 23.0
9.537574 102.66713 0.0429 0.0 23.0
11.12717 107.134254 0.0429 0.0 23.0
9.537574 102.66713 0.0430 1.0 23.0
9.537574 107.40865 0.0430 1.0 23.0
9.537574 107.40865 0.0431 0.0 24.0
11.12717 111.87578 0.0431 0.0 24.0
9.537574 107.40865 0.0432 0.0 24.0
9.537574 112.15018 0.0432 0.0 24.0
9.537574 112.15018 0.0433 0.0 25.0
7.947978 116.6173 0.0433 0.0 25.0
9.537574 112.15018 0.0434 0.0 25.0
9.537574 116.8917 0.0434 0.0 25.0
9.537574 102.66713 0.0435 7.0 23.0
11.12717 107.134254 0.0435 7.0 23.0
11.12717 107.134254 0.0436 0.0 24.0
14.122379 110.80995 0.0436 0.0 24.0
11.12717 107.134254 0.0437 6.0 24.0
12.716765 111.60138 0.0437 6.0 24.0
12.716765 111.60138 0.0438 0.0 25.0
12.716765 116.3429 0.0438 0.0 25.0
12.716765 111.60138 0.0439 0.0 25.0
14.306361 116.068504 0.0439 0.0 25.0
12.716765 111.60138 0.0440 1.0 25.0
15.711975 115.27708 0.0440 1.0 25.0
15.711975 115.27708 0.0441 0.0 26.0
19.766129 117.735916 0.0441 0.0 26.0
15.711975 115.27708 0.0442 0.0 26.0
18.707184 118.952774 0.0442 0.0 26.0
18.707184 118.952774 0.0443 0.0 27.0
20.29678 123.4199 0.0443 0.0 27.0
18.707184 118.952774 0.0444 0.0 27.0
21.702393 122.62847 0.0444 0.0 27.0
12.716765 111.60138 0.0445 1.0 25.0
14.306361 116.068504 0.0445 1.0 25.0
14.306361 116.068504 0.0446 0.0 26.0
17.30157 119.7442 0.0446 0.0 26.0
14.306361 116.068504 0.0447 0.0 26.0
15.895957 120.53563 0.0447 0.0 26.0
15.895957 120.53563 0.0448 0.0 27.0
15.895957 125.27715 0.0448 0.0 27.0
15.895957 120.53563 0.0449 0.0 27.0
17.485552 125.002754 0.0449 0.0 27.0
12.716765 111.60138 0.0450 5.0 25.0
12.716765 116.3429 0.0450 5.0 25.0
12.716765 116.3429 0.0451 0.0 26.0
14.306361 120.81003 0.0451 0.0 26.0
12.716765 116.3429 0.0452 4.0 26.0
12.716765 121.08443 0.0452 4.0 26.0
12.716765 121.08443 0.0453 0.0 27.0
11.12717 125.55155 0.0453 0.0 27.0
12.716765 121.08443 0.0454 0.0 27.0
12.716765 125.82595 0.0454 0.0 27.0
12.716765 121.08443 0.0455 1.0 27.0
11.12717 125.55155 0.0455 1.0 27.0
11.12717 125.55155 0.0456 0.0 28.0
11.12717 130.29308 0.0456 0.0 28.0
11.12717 125.55155 0.0457 0.0 28.0
9.537574 130.01868 0.0457 0.0 28.0
9.537574 130.01868 0.0458 0.0 29.0
6.5423646 133.69438 0.0458 0.0 29.0
9.537574 130.01868 0.0459 0.0 29.0
7.947978 134.48581 0.0459 0.0 29.0
12.716765 121.08443 0.0460 3.0 27.0
12.716765 125.82595 0.0460 3.0 27.0
12.716765 125.82595 0.0461 0.0 28.0
14.306361 130.29308 0.0461 0.0 28.0
12.716765 125.82595 0.0462 2.0 28.0
12.716765 130.56747 0.0462 2.0 28.0
12.716765 130.56747 0.0463 0.0 29.0
11.12717 135.0346 0.0463 0.0 29.0
12.716765 130.56747 0.0464 0.0 29.0
12.716765 135.30899 0.0464 0.0 29.0
12.716765 130.56747 0.0465 1.0 29.0
14.306361 135.0346 0.0465 1.0 29.0
14.306361 135.0346 0.0466 0.0 30.0
17.30157 138.71031 0.0466 0.0 30.0
14.306361 135.0346 0.0467 0.0 30.0
15.895957 139.50174 0.0467 0.0 30.0
15.895957 139.50174 0.0468 0.0 31.0
15.895957 144.24326 0.0468 0.0 31.0
15.895957 139.50174 0.0469 0.0 31.0
17.485552 143.96887 0.0469 0.0 31.0
12.716765 130.56747 0.0470 1.0 29.0
12.716765 135.30899 0.0470 1.0 29.0
12.716765 135.30899 0.0471 0.0 30.0
14.306361 139.77612 0.0471 0.0 30.0
12.716765 135.30899 0.0472 0.0 30.0
12.716765 140.0505 0.0472 0.0 30.0
12.716765 140.0505 0.0473 0.0 31.0
11.12717 144.51764 0.0473 0.0 31.0
12.716765 140.0505 0.0474 0.0 31.0
12.716765 144.79202 0.0474 0.0 31.0
12.716765 111.60138 0.0475 5.0 25.0
14.306361 116.068504 0.0475 5.0 25.0
14.306361 116.068504 0.0476 0.0 26.0
17.30157 119.7442 0.0476 0.0 26.0
14.306361 116.068504 0.0477 4.0 26.0
15.895957 120.53563 0.0477 4.0 26.0
15.895957 120.53563 0.0478 0.0 27.0
15.895957 125.27715 0.0478 0.0 27.0
15.895957 120.53563 0.0479 0.0 27.0
17.485552 125.002754 0.0479 0.0 27.0
15.895957 120.53563 0.0480 1.0 27.0
15.895957 125.27715 0.0480 1.0 27.0
15.895957 125.27715 0.0481 0.0 28.0
17.485552 129.74428 0.0481 0.0 28.0
15.895957 125.27715 0.0482 0.0 28.0
15.895957 130.01868 0.0482 0.0 28.0
15.895957 130.01868 0.0483 0.0 29.0
14.306361 134.48581 0.0483 0.0 29.0
15.895957 130.01868 0.0484 0.0 29.0
15.895957 134.7602 0.0484 0.0 29.0
15.895957 120.53563 0.0485 3.0 27.0
17.485552 125.002754 0.0485 3.0 27.0
17.485552 125.002754 0.0486 0.0 28.0
20.48076 128.67845 0.0486 0.0 28.0
17.485552 125.002754 0.0487 2.0 28.0
19.075148 129.46988 0.0487 2.0 28.0
19.075148 129.46988 0.0488 0.0 29.0
19.075148 134.2114 0.0488 0.0 29.0
19.075148 129.46988 0.0489 0.0 29.0
20.664743 133.93701 0.0489 0.0 29.0
19.075148 129.46988 0.0490 1.0 29.0
22.070356 133.14558 0.0490 1.0 29.0
22.070356 133.14558 0.0491 0.0 30.0
26.124508 135.60443 0.0491 0.0 30.0
22.070356 133.14558 0.0492 0.0 30.0
25.065565 136.82129 0.0492 0.0 30.0
25.065565 136.82129 0.0493 0.0 31.0
26.65516 141.28842 0.0493 0.0 31.0
25.065565 136.82129 0.0494 0.0 31.0
28.060774 140.497 0.0494 0.0 31.0
19.075148 129.46988 0.0495 1.0 29.0
20.664743 133.93701 0.0495 1.0 29.0
20.664743 133.93701 0.0496 0.0 30.0
23.659952 137.61272 0.0496 0.0 30.0
20.664743 133.93701 0.0497 0.0 30.0
22.25434 138.40414 0.0497 0.0 30.0
22.25434 138.40414 0.0498 0.0 31.0
22.25434 143.14566 0.0498 0.0 31.0
22.25434 138.40414 0.0499 0.0 31.0
23.843935 142.87128 0.0499 0.0 31.0
0.0 75.86438 0.0500 13.0 17.0
0.0 80.6059 0.0500 13.0 17.0
0.0 80.6059 0.0501 0.0 18.0
1.5895957 85.07303 0.0501 0.0 18.0
0.0 80.6059 0.0502 12.0 18.0
0.0 85.34743 0.0502 12.0 18.0
0.0 85.34743 0.0503 0.0 19.0
-1.5895957 89.81455 0.0503 0.0 19.0
0.0 85.34743 0.0504 0.0 19.0
0.0 90.08895 0.0504 0.0 19.0
0.0 85.34743 0.0505 1.0 19.0
-1.5895957 89.81455 0.0505 1.0 19.0
-1.5895957 89.81455 0.0506 0.0 20.0
-1.5895957 94.556076 0.0506 0.0 20.0
-1.5895957 89.81455 0.0507 0.0 20.0
-3.1791914 94.28168 0.0507 0.0 20.0
-3.1791914 94.28168 0.0508 0.0 21.0
-6.1744003 97.957375 0.0508 0.0 21.0
-3.1791914 94.28168 0.0509 0.0 21.0
-4.768787 98.7488 0.0509 0.0 21.0
0.0 85.34743 0.0510 11.0 19.0
0.0 90.08895 0.0510 11.0 19.0
0.0 90.08895 0.0511 0.0 20.0
1.5895957 94.556076 0.0511 0.0 20.0
0.0 90.08895 0.0512 10.0 20.0
0.0 94.830475 0.0512 10.0 20.0
0.0 94.830475 0.0513 0.0 21.0
-1.5895957 99.2976 0.0513 0.0 21.0
0.0 94.830475 0.0514 0.0 21.0
0.0 99.572 0.0514 0.0 21.0
0.0 94.830475 0.0515 1.0 21.0
1.5895957 99.2976 0.0515 1.0 21.0
1.5895957 99.2976 0.0516 0.0 22.0
4.584805 102.9733 0.0516 0.0 22.0
1.5895957 99.2976 0.0517 0.0 22.0
3.1791914 103.764725 0.0517 0.0 22.0
3.1791914 103.764725 0.0518 0.0 23.0
3.1791914 108.50625 0.0518 0.0 23.0
3.1791914 103.764725 0.0519 0.0 23.0
4.768787 108.23185 0.0519 0.0 23.0
0.0 94.830475 0.0520 1.0 21.0
0.0 99.572 0.0520 1.0 21.0
0.0 99.572 0.0521 0.0 22.0
1.5895957 104.03912 0.0521 0.0 22.0
0.0 99.572 0.0522 0.0 22.0
0.0 104.31352 0.0522 0.0 22.0
0.0 104.31352 0.0523 0.0 23.0
-1.5895957 108.78065 0.0523 0.0 23.0
0.0 104.31352 0.0524 0.0 23.0
0.0 109.055046 0.0524 0.0 23.0
0.0 94.830475 0.0525 5.0 21.0
1.5895957 99.2976 0.0525 5.0 21.0
1.5895957 99.2976 0.0526 0.0 22.0
4.584805 102.9733 0.0526 0.0 22.0
1.5895957 99.2976 0.0527 4.0 22.0
3.1791914 103.764725 0.0527 4.0 22.0
3.1791914 103.764725 0.0528 0.0 23.0
3.1791914 108.50625 0.0528 0.0 23.0
3.1791914 103.764725 0.0529 0.0 23.0
4.768787 108.23185 0.0529 0.0 23.0
3.1791914 103.764725 0.0530 1.0 23.0
3.1791914 108.50625 0.0530 1.0 23.0
3.1791914 108.50625 0.0531 0.0 24.0
4.768787 112.97337 0.0531 0.0 24.0
3.1791914 108.50625 0.0532 0.0 24.0
3.1791914 113.24777 0.0532 0.0 24.0
3.1791914 113.24777 0.0533 0.0 25.0
1.5895957 117.7149 0.0533 0.0 25.0
3.1791914 113.24777 0.0534 0.0 25.0
3.1791914 117.989296 0.0534 0.0 25.0
3.1791914 103.764725 0.0535 3.0 23.0
4.768787 108.23185 0.0535 3.0 23.0
4.768787 108.23185 0.0536 0.0 24.0
7.763996 111.90755 0.0536 0.0 24.0
4.768787 108.23185 0.0537 2.0 24.0
6.3583827 112.698975 0.0537 2.0 24.0
6.3583827 112.698975 0.0538 0.0 25.0
6.3583827 117.4405 0.0538 0.0 25.0
6.3583827 112.698975 0.0539 0.0 25.0
7.9479785 117.1661 0.0539 0.0 25.0
6.3583827 112.698975 0.0540 1.0 25.0
9.353592 116.37467 0.0540 1.0 25.0
9.353592 116.37467 0.0541 0.0 26.0
13.407744 118.83351 0.0541 0.0 26.0
9.353592 116.37467 0.0542 0.0 26.0
12.348801 120.05037 0.0542 0.0 26.0
12.348801 120.05037 0.0543 0.0 27.0
13.938396 124.517494 0.0543 0.0 27.0
12.348801 120.05037 0.0544 0.0 27.0
15.344009 123.72607 0.0544 0.0 27.0
6.3583827 112.698975 0.0545 1.0 25.0
7.9479785 117.1661 0.0545 1.0 25.0
7.9479785 117.1661 0.0546 0.0 26.0
10.943188 120.8418 0.0546 0.0 26.0
7.9479785 117.1661 0.0547 0.0 26.0
9.537574 121.633224 0.0547 0.0 26.0
9.537574 121.633224 0.0548 0.0 27.0
9.537574 126.37475 0.0548 0.0 27.0
9.537574 121.633224 0.0549 0.0 27.0
11.12717 126.10035 0.0549 0.0 27.0
0.0 94.830475 0.0550 9.0 21.0
0.0 99.572 0.0550 9.0 21.0
0.0 99.572 0.0551 0.0 22.0
1.5895957 104.03912 0.0551 0.0 22.0
0.0 99.572 0.0552 8.0 22.0
0.0 104.31352 0.0552 8.0 22.0
0.0 104.31352 0.0553 0.0 23.0
-1.5895957 108.78065 0.0553 0.0 23.0
0.0 104.31352 0.0554 0.0 23.0
0.0 109.055046 0.0554 0.0 23.0
0.0 104.31352 0.0555 1.0 23.0
-1.5895957 108.78065 0.0555 1.0 23.0
-1.5895957 108.78065 0.0556 0.0 24.0
-1.5895957 113.52217 0.0556 0.0 24.0
-1.5895957 108.78065 0.0557 0.0 24.0
-3.1791914 113.24777 0.0557 0.0 24.0
-3.1791914 113.24777 0.0558 0.0 25.0
-6.1744003 116.92347 0.0558 0.0 25.0
-3.1791914 113.24777 0.0559 0.0 25.0
-4.768787 117.7149 0.0559 0.0 25.0
0.0 104.31352 0.0560 7.0 23.0
0.0 109.055046 0.0560 7.0 23.0
0.0 109.055046 0.0561 0.0 24.0
1.5895957 113.52217 0.0561 0.0 24.0
0.0 109.055046 0.0562 6.0 24.0
0.0 113.79657 0.0562 6.0 24.0
0.0 113.79657 0.0563 0.0 25.0
-1.5895957 118.263695 0.0563 0.0 25.0
0.0 113.79657 0.0564 0.0 25.0
0.0 118.53809 0.0564 0.0 25.0
0.0 113.79657 0.0565 1.0 25.0
1.5895957 118.263695 0.0565 1.0 25.0
1.5895957 118.263695 0.0566 0.0 26.0
4.584805 121.93939 0.0566 0.0 26.0
1.5895957 118.263695 0.0567 0.0 26.0
3.1791914 122.73082 0.0567 0.0 26.0
3.1791914 122.73082 0.0568 0.0 27.0
3.1791914 127.47234 0.0568 0.0 27.0
3.1791914 122.73082 0.0569 0.0 27.0
4.768787 127.197945 0.0569 0.0 27.0
0.0 113.79657 0.0570 1.0 25.0
0.0 118.53809 0.0570 1.0 25.0
0.0 118.53809 0.0571 0.0 26.0
1.5895957 123.00522 0.0571 0.0 26.0
0.0 118.53809 0.0572 0.0 26.0
0.0 123.27962 0.0572 0.0 26.0
0.0 123.27962 0.0573 0.0 27.0
-1.5895957 127.74674 0.0573 0.0 27.0
0.0 123.27962 0.0574 0.0 27.0
0.0 128.02115 0.0574 0.0 27.0
0.0 113.79657 0.0575 5.0 25.0
-1.5895957 118.263695 0.0575 5.0 25.0
-1.5895957 118.263695 0.0576 0.0 26.0
-1.5895957 123.00522 0.0576 0.0 26.0
-1.5895957 118.263695 0.0577 4.0 26.0
-3.1791914 122.73082 0.0577 4.0 26.0
-3.1791914 122.73082 0.0578 0.0 27.0
-6.1744003 126.40652 0.0578 0.0 27.0
-3.1791914 122.73082 0.0579 0.0 27.0
-4.768787 127.197945 0.0579 0.0 27.0
-3.1791914 122.73082 0.0580 1.0 27.0
-6.1744003 126.40652 0.0580 1.0 27.0
-6.1744003 126.40652 0.0581 0.0 28.0
-7.763996 130.87364 0.0581 0.0 28.0
-6.1744003 126.40652 0.0582 0.0 28.0
-9.169609 130.08221 0.0582 0.0 28.0
-9.169609 130.08221 0.0583 0.0 29.0
-13.223762 132.54106 0.0583 0.0 29.0
-9.169609 130.08221 0.0584 0.0 29.0
-12.164818 133.75792 0.0584 0.0 29.0
-3.1791914 122.73082 0.0585 3.0 27.0
-4.768787 127.197945 0.0585 3.0 27.0
-4.768787 127.197945 0.0586 0.0 28.0
-4.768787 131.93947 0.0586 0.0 28.0
-4.768787 127.197945 0.0587 2.0 28.0
-6.3583827 131.66507 0.0587 2.0 28.0
-6.3583827 131.66507 0.0588 0.0 29.0
-9.353592 135.34077 0.0588 0.0 29.0
-6.3583827 131.66507 0.0589 0.0 29.0
-7.9479785 136.1322 0.0589 0.0 29.0
-6.3583827 131.66507 0.0590 1.0 29.0
-6.3583827 136.40659 0.0590 1.0 29.0
-6.3583827 136.40659 0.0591 0.0 30.0
-4.768787 140.87372 0.0591 0.0 30.0
-6.3583827 136.40659 0.0592 0.0 30.0
-6.3583827 141.1481 0.0592 0.0 30.0
-6.3583827 141.1481 0.0593 0.0 31.0
-7.9479785 145.61523 0.0593 0.0 31.0
-6.3583827 141.1481 0.0594 0.0 31.0
-6.3583827 145.88962 0.0594 0.0 31.0
-6.3583827 131.66507 0.0595 1.0 29.0
-7.9479785 136.1322 0.0595 1.0 29.0
-7.9479785 136.1322 0.0596 0.0 30.0
-7.9479785 140.87372 0.0596 0.0 30.0
-7.9479785 136.1322 0.0597 0.0 30.0
-9.537574 140.59933 0.0597 0.0 30.0
-9.537574 140.59933 0.0598 0.0 31.0
-12.5327835 144.27504 0.0598 0.0 31.0
-9.537574 140.59933 0.0599 0.0 31.0
-11.12717 145.06647 0.0599 0.0 31.0
0.0 113.79657 0.0600 5.0 25.0
0.0 118.53809 0.0600 5.0 25.0
0.0 118.53809 0.0601 0.0 26.0
1.5895957 123.00522 0.0601 0.0 26.0
0.0 118.53809 0.0602 4.0 26.0
0.0 123.27962 0.0602 4.0 26.0
0.0 123.27962 0.0603 0.0 27.0
-1.5895957 127.74674 0.0603 0.0 27.0
0.0 123.27962 0.0604 0.0 27.0
0.0 128.02115 0.0604 0.0 27.0
0.0 123.27962 0.0605 1.0 27.0
-1.5895957 127.74674 0.0605 1.0 27.0
-1.5895957 127.74674 0.0606 0.0 28.0
-1.5895957 132.48827 0.0606 0.0 28.0
-1.5895957 127.74674 0.0607 0.0 28.0
-3.1791914 132.21387 0.0607 0.0 28.0
-3.1791914 132.21387 0.0608 0.0 29.0
-6.1744003 135.88957 0.0608 0.0 29.0
-3.1791914 132.21387 0.0609 0.0 29.0
-4.768787 136.681 0.0609 0.0 29.0
0.0 123.27962 0.0610 3.0 27.0
0.0 128.02115 0.0610 3.0 27.0
0.0 128.02115 0.0611 0.0 28.0
1.5895957 132.48828 0.0611 0.0 28.0
0.0 128.02115 0.0612 2.0 28.0
0.0 132.76266 0.0612 2.0 28.0
0.0 132.76266 0.0613 0.0 29.0
-1.5895957 137.2298 0.0613 0.0 29.0
0.0 132.76266 0.0614 0.0 29.0
0.0 137.50418 0.0614 0.0 29.0
0.0 132.76266 0.0615 1.0 29.0
1.5895957 137.2298 0.0615 1.0 29.0
1.5895957 137.2298 0.0616 0.0 30.0
4.584805 140.9055 0.0616 0.0 30.0
1.5895957 137.2298 0.0617 0.0 30.0
3.1791914 141.69693 0.0617 0.0 30.0
3.1791914 141.69693 0.0618 0.0 31.0
3.1791914 146.43845 0.0618 0.0 31.0
3.1791914 141.69693 0.0619 0.0 31.0
4.768787 146.16406 0.0619 0.0 31.0
0.0 132.76266 0.0620 1.0 29.0
0.0 137.50418 0.0620 1.0 29.0
0.0 137.50418 0.0621 0.0 30.0
1.5895957 141.97131 0.0621 0.0 30.0
0.0 137.50418 0.0622 0.0 30.0
0.0 142.2457 0.0622 0.0 30.0
0.0 142.2457 0.0623 0.0 31.0
-1.5895957 146.71283 0.0623 0.0 31.0
0.0 142.2457 0.0624 0.0 31.0
0.0 146.98721 0.0624 0.0 31.0
