0.0 0.0 0.00 43.0 1.0
0.0 2.160303 0.00 43.0 1.0
0.0 2.160303 0.01 42.0 2.0
0.0 4.320606 0.01 42.0 2.0
0.0 4.320606 0.02 41.0 3.0
0.0 6.4809093 0.02 41.0 3.0
0.0 6.4809093 0.03 40.0 4.0
0.0 8.641212 0.03 40.0 4.0
0.0 8.641212 0.04 39.0 5.0
0.0 10.801516 0.04 39.0 5.0
0.0 10.801516 0.05 38.0 6.0
0.0 12.961819 0.05 38.0 6.0
0.0 12.961819 0.06 37.0 7.0
0.0 15.122122 0.06 37.0 7.0
0.0 15.122122 0.07 36.0 8.0
0.0 17.282425 0.07 36.0 8.0
0.0 17.282425 0.08 19.0 9.0
0.93179977 19.23144 0.08 19.0 9.0
0.93179977 19.23144 0.09 18.0 10.0
1.8635995 21.180454 0.09 18.0 10.0
1.8635995 21.180454 0.010 17.0 11.0
2.7953992 23.129469 0.010 17.0 11.0
2.7953992 23.129469 0.011 16.0 12.0
3.727199 25.078484 0.011 16.0 12.0
3.727199 25.078484 0.012 7.0 13.0
5.4085293 26.434963 0.012 7.0 13.0
5.4085293 26.434963 0.013 6.0 14.0
7.0898595 27.791443 0.013 6.0 14.0
7.0898595 27.791443 0.014 1.0 15.0
9.191835 28.290047 0.014 1.0 15.0
9.191835 28.290047 0.015 0.0 16.0
11.293812 28.78865 0.015 0.0 16.0
11.293812 28.78865 0.016 0.0 17.0
12.9751425 30.14513 0.016 0.0 17.0
7.0898595 27.791443 0.017 1.0 15.0
9.201314 27.334639 0.017 1.0 15.0
9.201314 27.334639 0.018 0.0 16.0
11.312769 26.877834 0.018 0.0 16.0
11.312769 26.877834 0.019 0.0 17.0
13.414745 27.376438 0.019 0.0 17.0
7.0898595 27.791443 0.020 5.0 15.0
8.77119 29.147923 0.020 5.0 15.0
8.77119 29.147923 0.021 4.0 16.0
10.45252 30.504402 0.021 4.0 16.0
10.45252 30.504402 0.022 3.0 17.0
12.554497 31.003006 0.022 3.0 17.0
12.554497 31.003006 0.023 2.0 18.0
14.656473 31.50161 0.023 2.0 18.0
14.656473 31.50161 0.024 1.0 19.0
16.75845 32.000214 0.024 1.0 19.0
16.75845 32.000214 0.025 0.0 20.0
18.860426 32.498817 0.025 0.0 20.0
18.860426 32.498817 0.026 0.0 21.0
20.541756 33.855297 0.026 0.0 21.0
10.45252 30.504402 0.027 1.0 17.0
12.554497 31.003006 0.027 1.0 17.0
12.554497 31.003006 0.028 0.0 18.0
14.656473 31.50161 0.028 0.0 18.0
14.656473 31.50161 0.029 0.0 19.0
16.337803 32.85809 0.029 0.0 19.0
3.727199 25.078484 0.030 7.0 13.0
4.658999 27.027498 0.030 7.0 13.0
4.658999 27.027498 0.031 6.0 14.0
5.590799 28.976513 0.031 6.0 14.0
5.590799 28.976513 0.032 1.0 15.0
7.272129 30.332993 0.032 1.0 15.0
7.272129 30.332993 0.033 0.0 16.0
8.95346 31.689472 0.033 0.0 16.0
8.95346 31.689472 0.034 0.0 17.0
9.88526 33.63849 0.034 0.0 17.0
5.590799 28.976513 0.035 1.0 15.0
7.692775 29.475117 0.035 1.0 15.0
7.692775 29.475117 0.036 0.0 16.0
9.794751 29.97372 0.036 0.0 16.0
9.794751 29.97372 0.037 0.0 17.0
11.476082 31.3302 0.037 0.0 17.0
5.590799 28.976513 0.038 5.0 15.0
6.5225987 30.925528 0.038 5.0 15.0
6.5225987 30.925528 0.039 4.0 16.0
7.4543986 32.874542 0.039 4.0 16.0
7.4543986 32.874542 0.040 3.0 17.0
9.135729 34.23102 0.040 3.0 17.0
9.135729 34.23102 0.041 2.0 18.0
10.8170595 35.5875 0.041 2.0 18.0
10.8170595 35.5875 0.042 1.0 19.0
12.49839 36.94398 0.042 1.0 19.0
12.49839 36.94398 0.043 0.0 20.0
14.179721 38.30046 0.043 0.0 20.0
14.179721 38.30046 0.044 0.0 21.0
15.111521 40.249477 0.044 0.0 21.0
7.4543986 32.874542 0.045 1.0 17.0
9.135729 34.23102 0.045 1.0 17.0
9.135729 34.23102 0.046 0.0 18.0
10.8170595 35.5875 0.046 0.0 18.0
10.8170595 35.5875 0.047 0.0 19.0
11.748859 37.53652 0.047 0.0 19.0
3.727199 25.078484 0.048 15.0 13.0
4.658999 27.027498 0.048 15.0 13.0
4.658999 27.027498 0.049 14.0 14.0
5.590799 28.976513 0.049 14.0 14.0
5.590799 28.976513 0.050 13.0 15.0
6.5225987 30.925528 0.050 13.0 15.0
6.5225987 30.925528 0.051 12.0 16.0
7.4543986 32.874542 0.051 12.0 16.0
7.4543986 32.874542 0.052 11.0 17.0
7.4543986 35.034843 0.052 11.0 17.0
7.4543986 35.034843 0.053 10.0 18.0
7.4543986 37.195145 0.053 10.0 18.0
7.4543986 37.195145 0.054 9.0 19.0
7.4543986 39.355446 0.054 9.0 19.0
7.4543986 39.355446 0.055 8.0 20.0
7.4543986 41.515747 0.055 8.0 20.0
7.4543986 41.515747 0.056 7.0 21.0
7.4543986 43.67605 0.056 7.0 21.0
7.4543986 43.67605 0.057 6.0 22.0
7.4543986 45.83635 0.057 6.0 22.0
7.4543986 45.83635 0.058 1.0 23.0
8.386198 47.785366 0.058 1.0 23.0
8.386198 47.785366 0.059 0.0 24.0
9.317998 49.734383 0.059 0.0 24.0
9.317998 49.734383 0.060 0.0 25.0
9.317998 51.894684 0.060 0.0 25.0
7.4543986 45.83635 0.061 1.0 23.0
9.135729 47.19283 0.061 1.0 23.0
9.135729 47.19283 0.062 0.0 24.0
10.8170595 48.54931 0.062 0.0 24.0
10.8170595 48.54931 0.063 0.0 25.0
11.748859 50.498325 0.063 0.0 25.0
7.4543986 45.83635 0.064 5.0 23.0
7.4543986 47.99665 0.064 5.0 23.0
7.4543986 47.99665 0.065 4.0 24.0
7.4543986 50.15695 0.065 4.0 24.0
7.4543986 50.15695 0.066 3.0 25.0
8.386198 52.10597 0.066 3.0 25.0
8.386198 52.10597 0.067 2.0 26.0
9.317998 54.054985 0.067 2.0 26.0
9.317998 54.054985 0.068 1.0 27.0
10.249798 56.004 0.068 1.0 27.0
10.249798 56.004 0.069 0.0 28.0
11.181598 57.95302 0.069 0.0 28.0
11.181598 57.95302 0.070 0.0 29.0
11.181598 60.11332 0.070 0.0 29.0
7.4543986 50.15695 0.071 1.0 25.0
8.386198 52.10597 0.071 1.0 25.0
8.386198 52.10597 0.072 0.0 26.0
9.317998 54.054985 0.072 0.0 26.0
9.317998 54.054985 0.073 0.0 27.0
9.317998 56.215286 0.073 0.0 27.0
7.4543986 32.874542 0.074 7.0 17.0
9.135729 34.23102 0.074 7.0 17.0
9.135729 34.23102 0.075 6.0 18.0
10.8170595 35.5875 0.075 6.0 18.0
10.8170595 35.5875 0.076 1.0 19.0
12.919036 36.086105 0.076 1.0 19.0
12.919036 36.086105 0.077 0.0 20.0
15.021012 36.58471 0.077 0.0 20.0
15.021012 36.58471 0.078 0.0 21.0
16.702343 37.94119 0.078 0.0 21.0
10.8170595 35.5875 0.079 1.0 19.0
12.9285145 35.1307 0.079 1.0 19.0
12.9285145 35.1307 0.080 0.0 20.0
15.0399685 34.673897 0.080 0.0 20.0
15.0399685 34.673897 0.081 0.0 21.0
17.141945 35.1725 0.081 0.0 21.0
10.8170595 35.5875 0.082 5.0 19.0
12.49839 36.94398 0.082 5.0 19.0
12.49839 36.94398 0.083 4.0 20.0
14.179721 38.30046 0.083 4.0 20.0
14.179721 38.30046 0.084 3.0 21.0
16.281696 38.799065 0.084 3.0 21.0
16.281696 38.799065 0.085 2.0 22.0
18.383673 39.29767 0.085 2.0 22.0
18.383673 39.29767 0.086 1.0 23.0
20.48565 39.796272 0.086 1.0 23.0
20.48565 39.796272 0.087 0.0 24.0
22.587626 40.294876 0.087 0.0 24.0
22.587626 40.294876 0.088 0.0 25.0
24.268955 41.651356 0.088 0.0 25.0
14.179721 38.30046 0.089 1.0 21.0
16.281696 38.799065 0.089 1.0 21.0
16.281696 38.799065 0.090 0.0 22.0
18.383673 39.29767 0.090 0.0 22.0
18.383673 39.29767 0.091 0.0 23.0
20.065002 40.65415 0.091 0.0 23.0
0.0 17.282425 0.092 19.0 9.0
1.6813303 18.638905 0.092 19.0 9.0
1.6813303 18.638905 0.093 18.0 10.0
3.3626606 19.995384 0.093 18.0 10.0
3.3626606 19.995384 0.094 17.0 11.0
5.043991 21.351864 0.094 17.0 11.0
5.043991 21.351864 0.095 16.0 12.0
6.7253213 22.708344 0.095 16.0 12.0
6.7253213 22.708344 0.096 7.0 13.0
8.827297 23.206947 0.096 7.0 13.0
8.827297 23.206947 0.097 6.0 14.0
10.929274 23.705551 0.097 6.0 14.0
10.929274 23.705551 0.098 1.0 15.0
13.040728 23.248747 0.098 1.0 15.0
13.040728 23.248747 0.099 0.0 16.0
15.152182 22.791943 0.099 0.0 16.0
15.152182 22.791943 0.0100 0.0 17.0
17.254158 23.290546 0.0100 0.0 17.0
10.929274 23.705551 0.0101 1.0 15.0
12.637185 22.382694 0.0101 1.0 15.0
12.637185 22.382694 0.0102 0.0 16.0
14.345097 21.059837 0.0102 0.0 16.0
14.345097 21.059837 0.0103 0.0 17.0
16.45655 20.603033 0.0103 0.0 17.0
10.929274 23.705551 0.0104 5.0 15.0
13.03125 24.204155 0.0104 5.0 15.0
13.03125 24.204155 0.0105 4.0 16.0
15.133226 24.702759 0.0105 4.0 16.0
15.133226 24.702759 0.0106 3.0 17.0
17.24468 24.245955 0.0106 3.0 17.0
17.24468 24.245955 0.0107 2.0 18.0
19.356134 23.78915 0.0107 2.0 18.0
19.356134 23.78915 0.0108 1.0 19.0
21.467588 23.332346 0.0108 1.0 19.0
21.467588 23.332346 0.0109 0.0 20.0
23.579042 22.875542 0.0109 0.0 20.0
23.579042 22.875542 0.0110 0.0 21.0
25.681019 23.374146 0.0110 0.0 21.0
15.133226 24.702759 0.0111 1.0 17.0
17.24468 24.245955 0.0111 1.0 17.0
17.24468 24.245955 0.0112 0.0 18.0
19.356134 23.78915 0.0112 0.0 18.0
19.356134 23.78915 0.0113 0.0 19.0
21.45811 24.287754 0.0113 0.0 19.0
6.7253213 22.708344 0.0114 7.0 13.0
8.4066515 24.064823 0.0114 7.0 13.0
8.4066515 24.064823 0.0115 6.0 14.0
10.087982 25.421303 0.0115 6.0 14.0
10.087982 25.421303 0.0116 1.0 15.0
12.189959 25.919907 0.0116 1.0 15.0
12.189959 25.919907 0.0117 0.0 16.0
14.291935 26.41851 0.0117 0.0 16.0
14.291935 26.41851 0.0118 0.0 17.0
15.973266 27.77499 0.0118 0.0 17.0
10.087982 25.421303 0.0119 1.0 15.0
12.199436 24.964499 0.0119 1.0 15.0
12.199436 24.964499 0.0120 0.0 16.0
14.31089 24.507694 0.0120 0.0 16.0
14.31089 24.507694 0.0121 0.0 17.0
16.412867 25.006298 0.0121 0.0 17.0
10.087982 25.421303 0.0122 5.0 15.0
11.769313 26.777782 0.0122 5.0 15.0
11.769313 26.777782 0.0123 4.0 16.0
13.450644 28.134262 0.0123 4.0 16.0
13.450644 28.134262 0.0124 3.0 17.0
15.55262 28.632866 0.0124 3.0 17.0
15.55262 28.632866 0.0125 2.0 18.0
17.654596 29.13147 0.0125 2.0 18.0
17.654596 29.13147 0.0126 1.0 19.0
19.756573 29.630074 0.0126 1.0 19.0
19.756573 29.630074 0.0127 0.0 20.0
21.85855 30.128677 0.0127 0.0 20.0
21.85855 30.128677 0.0128 0.0 21.0
23.539879 31.485157 0.0128 0.0 21.0
13.450644 28.134262 0.0129 1.0 17.0
15.55262 28.632866 0.0129 1.0 17.0
15.55262 28.632866 0.0130 0.0 18.0
17.654596 29.13147 0.0130 0.0 18.0
17.654596 29.13147 0.0131 0.0 19.0
19.335926 30.48795 0.0131 0.0 19.0
6.7253213 22.708344 0.0132 15.0 13.0
8.4066515 24.064823 0.0132 15.0 13.0
8.4066515 24.064823 0.0133 14.0 14.0
10.087982 25.421303 0.0133 14.0 14.0
10.087982 25.421303 0.0134 13.0 15.0
11.769313 26.777782 0.0134 13.0 15.0
11.769313 26.777782 0.0135 12.0 16.0
13.450644 28.134262 0.0135 12.0 16.0
13.450644 28.134262 0.0136 11.0 17.0
14.382443 30.083277 0.0136 11.0 17.0
14.382443 30.083277 0.0137 10.0 18.0
15.314243 32.03229 0.0137 10.0 18.0
15.314243 32.03229 0.0138 9.0 19.0
16.246042 33.981308 0.0138 9.0 19.0
16.246042 33.981308 0.0139 8.0 20.0
17.177841 35.930325 0.0139 8.0 20.0
17.177841 35.930325 0.0140 7.0 21.0
18.10964 37.87934 0.0140 7.0 21.0
18.10964 37.87934 0.0141 6.0 22.0
19.04144 39.828358 0.0141 6.0 22.0
19.04144 39.828358 0.0142 1.0 23.0
20.722769 41.184837 0.0142 1.0 23.0
20.722769 41.184837 0.0143 0.0 24.0
22.404099 42.541317 0.0143 0.0 24.0
22.404099 42.541317 0.0144 0.0 25.0
23.335897 44.490334 0.0144 0.0 25.0
19.04144 39.828358 0.0145 1.0 23.0
21.143415 40.32696 0.0145 1.0 23.0
21.143415 40.32696 0.0146 0.0 24.0
23.245392 40.825565 0.0146 0.0 24.0
23.245392 40.825565 0.0147 0.0 25.0
24.926722 42.182045 0.0147 0.0 25.0
19.04144 39.828358 0.0148 5.0 23.0
19.973238 41.777374 0.0148 5.0 23.0
19.973238 41.777374 0.0149 4.0 24.0
20.905037 43.72639 0.0149 4.0 24.0
20.905037 43.72639 0.0150 3.0 25.0
22.586367 45.08287 0.0150 3.0 25.0
22.586367 45.08287 0.0151 2.0 26.0
24.267696 46.43935 0.0151 2.0 26.0
24.267696 46.43935 0.0152 1.0 27.0
25.949026 47.79583 0.0152 1.0 27.0
25.949026 47.79583 0.0153 0.0 28.0
27.630356 49.15231 0.0153 0.0 28.0
27.630356 49.15231 0.0154 0.0 29.0
28.562155 51.101326 0.0154 0.0 29.0
20.905037 43.72639 0.0155 1.0 25.0
22.586367 45.08287 0.0155 1.0 25.0
22.586367 45.08287 0.0156 0.0 26.0
24.267696 46.43935 0.0156 0.0 26.0
24.267696 46.43935 0.0157 0.0 27.0
25.199495 48.388367 0.0157 0.0 27.0
13.450644 28.134262 0.0158 7.0 17.0
15.55262 28.632866 0.0158 7.0 17.0
15.55262 28.632866 0.0159 6.0 18.0
17.654596 29.13147 0.0159 6.0 18.0
17.654596 29.13147 0.0160 1.0 19.0
19.76605 28.674665 0.0160 1.0 19.0
19.76605 28.674665 0.0161 0.0 20.0
21.877504 28.217861 0.0161 0.0 20.0
21.877504 28.217861 0.0162 0.0 21.0
23.97948 28.716465 0.0162 0.0 21.0
17.654596 29.13147 0.0163 1.0 19.0
19.362509 27.808613 0.0163 1.0 19.0
19.362509 27.808613 0.0164 0.0 20.0
21.070421 26.485756 0.0164 0.0 20.0
21.070421 26.485756 0.0165 0.0 21.0
23.181875 26.028952 0.0165 0.0 21.0
17.654596 29.13147 0.0166 5.0 19.0
19.756573 29.630074 0.0166 5.0 19.0
19.756573 29.630074 0.0167 4.0 20.0
21.85855 30.128677 0.0167 4.0 20.0
21.85855 30.128677 0.0168 3.0 21.0
23.970003 29.671873 0.0168 3.0 21.0
23.970003 29.671873 0.0169 2.0 22.0
26.081457 29.215069 0.0169 2.0 22.0
26.081457 29.215069 0.0170 1.0 23.0
28.192911 28.758265 0.0170 1.0 23.0
28.192911 28.758265 0.0171 0.0 24.0
30.304365 28.30146 0.0171 0.0 24.0
30.304365 28.30146 0.0172 0.0 25.0
32.40634 28.800064 0.0172 0.0 25.0
21.85855 30.128677 0.0173 1.0 21.0
23.970003 29.671873 0.0173 1.0 21.0
23.970003 29.671873 0.0174 0.0 22.0
26.081457 29.215069 0.0174 0.0 22.0
26.081457 29.215069 0.0175 0.0 23.0
28.183434 29.713673 0.0175 0.0 23.0
0.0 17.282425 0.0176 35.0 9.0
0.0 19.442728 0.0176 35.0 9.0
0.0 19.442728 0.0177 34.0 10.0
0.0 21.603031 0.0177 34.0 10.0
0.0 21.603031 0.0178 33.0 11.0
0.0 23.763334 0.0178 33.0 11.0
0.0 23.763334 0.0179 32.0 12.0
0.0 25.923637 0.0179 32.0 12.0
0.0 25.923637 0.0180 31.0 13.0
0.0 28.08394 0.0180 31.0 13.0
0.0 28.08394 0.0181 30.0 14.0
0.0 30.244244 0.0181 30.0 14.0
0.0 30.244244 0.0182 29.0 15.0
0.0 32.40455 0.0182 29.0 15.0
0.0 32.40455 0.0183 28.0 16.0
0.0 34.56485 0.0183 28.0 16.0
0.0 34.56485 0.0184 27.0 17.0
0.93179977 36.513866 0.0184 27.0 17.0
0.93179977 36.513866 0.0185 26.0 18.0
1.8635995 38.462883 0.0185 26.0 18.0
1.8635995 38.462883 0.0186 25.0 19.0
2.7953992 40.4119 0.0186 25.0 19.0
2.7953992 40.4119 0.0187 24.0 20.0
3.727199 42.360916 0.0187 24.0 20.0
3.727199 42.360916 0.0188 23.0 21.0
4.658999 44.309933 0.0188 23.0 21.0
4.658999 44.309933 0.0189 22.0 22.0
5.590799 46.25895 0.0189 22.0 22.0
5.590799 46.25895 0.0190 21.0 23.0
6.5225987 48.207966 0.0190 21.0 23.0
6.5225987 48.207966 0.0191 20.0 24.0
7.4543986 50.156982 0.0191 20.0 24.0
7.4543986 50.156982 0.0192 19.0 25.0
8.386198 52.106 0.0192 19.0 25.0
8.386198 52.106 0.0193 18.0 26.0
9.317998 54.055016 0.0193 18.0 26.0
9.317998 54.055016 0.0194 17.0 27.0
10.249798 56.004032 0.0194 17.0 27.0
10.249798 56.004032 0.0195 16.0 28.0
11.181598 57.95305 0.0195 16.0 28.0
11.181598 57.95305 0.0196 7.0 29.0
12.862928 59.30953 0.0196 7.0 29.0
12.862928 59.30953 0.0197 6.0 30.0
14.544259 60.666008 0.0197 6.0 30.0
14.544259 60.666008 0.0198 1.0 31.0
16.646235 61.16461 0.0198 1.0 31.0
16.646235 61.16461 0.0199 0.0 32.0
18.74821 61.663216 0.0199 0.0 32.0
18.74821 61.663216 0.0200 0.0 33.0
20.42954 63.019695 0.0200 0.0 33.0
14.544259 60.666008 0.0201 1.0 31.0
16.655714 60.209206 0.0201 1.0 31.0
16.655714 60.209206 0.0202 0.0 32.0
18.767168 59.752403 0.0202 0.0 32.0
18.767168 59.752403 0.0203 0.0 33.0
20.869144 60.251007 0.0203 0.0 33.0
14.544259 60.666008 0.0204 5.0 31.0
16.22559 62.022488 0.0204 5.0 31.0
16.22559 62.022488 0.0205 4.0 32.0
17.90692 63.378967 0.0205 4.0 32.0
17.90692 63.378967 0.0206 3.0 33.0
20.008896 63.87757 0.0206 3.0 33.0
20.008896 63.87757 0.0207 2.0 34.0
22.110872 64.376175 0.0207 2.0 34.0
22.110872 64.376175 0.0208 1.0 35.0
24.212849 64.87478 0.0208 1.0 35.0
24.212849 64.87478 0.0209 0.0 36.0
26.314825 65.37338 0.0209 0.0 36.0
26.314825 65.37338 0.0210 0.0 37.0
27.996155 66.729866 0.0210 0.0 37.0
17.90692 63.378967 0.0211 1.0 33.0
20.008896 63.87757 0.0211 1.0 33.0
20.008896 63.87757 0.0212 0.0 34.0
22.110872 64.376175 0.0212 0.0 34.0
22.110872 64.376175 0.0213 0.0 35.0
23.792202 65.73266 0.0213 0.0 35.0
11.181598 57.95305 0.0214 7.0 29.0
12.113398 59.902065 0.0214 7.0 29.0
12.113398 59.902065 0.0215 6.0 30.0
13.0451975 61.85108 0.0215 6.0 30.0
13.0451975 61.85108 0.0216 1.0 31.0
14.726528 63.20756 0.0216 1.0 31.0
14.726528 63.20756 0.0217 0.0 32.0
16.407858 64.56404 0.0217 0.0 32.0
16.407858 64.56404 0.0218 0.0 33.0
17.339657 66.513054 0.0218 0.0 33.0
13.0451975 61.85108 0.0219 1.0 31.0
15.147174 62.349686 0.0219 1.0 31.0
15.147174 62.349686 0.0220 0.0 32.0
17.24915 62.84829 0.0220 0.0 32.0
17.24915 62.84829 0.0221 0.0 33.0
18.93048 64.20477 0.0221 0.0 33.0
13.0451975 61.85108 0.0222 5.0 31.0
13.976997 63.8001 0.0222 5.0 31.0
13.976997 63.8001 0.0223 4.0 32.0
14.908797 65.749115 0.0223 4.0 32.0
14.908797 65.749115 0.0224 3.0 33.0
16.590128 67.1056 0.0224 3.0 33.0
16.590128 67.1056 0.0225 2.0 34.0
18.271458 68.46208 0.0225 2.0 34.0
18.271458 68.46208 0.0226 1.0 35.0
19.952787 69.818565 0.0226 1.0 35.0
19.952787 69.818565 0.0227 0.0 36.0
21.634117 71.17505 0.0227 0.0 36.0
21.634117 71.17505 0.0228 0.0 37.0
22.565916 73.12406 0.0228 0.0 37.0
14.908797 65.749115 0.0229 1.0 33.0
16.590128 67.1056 0.0229 1.0 33.0
16.590128 67.1056 0.0230 0.0 34.0
18.271458 68.46208 0.0230 0.0 34.0
18.271458 68.46208 0.0231 0.0 35.0
19.203257 70.411095 0.0231 0.0 35.0
11.181598 57.95305 0.0232 15.0 29.0
12.113398 59.902065 0.0232 15.0 29.0
12.113398 59.902065 0.0233 14.0 30.0
13.0451975 61.85108 0.0233 14.0 30.0
13.0451975 61.85108 0.0234 13.0 31.0
13.976997 63.8001 0.0234 13.0 31.0
13.976997 63.8001 0.0235 12.0 32.0
14.908797 65.749115 0.0235 12.0 32.0
14.908797 65.749115 0.0236 11.0 33.0
14.908797 67.90942 0.0236 11.0 33.0
14.908797 67.90942 0.0237 10.0 34.0
14.908797 70.06972 0.0237 10.0 34.0
14.908797 70.06972 0.0238 9.0 35.0
14.908797 72.23002 0.0238 9.0 35.0
14.908797 72.23002 0.0239 8.0 36.0
14.908797 74.39032 0.0239 8.0 36.0
14.908797 74.39032 0.0240 7.0 37.0
14.908797 76.55062 0.0240 7.0 37.0
14.908797 76.55062 0.0241 6.0 38.0
14.908797 78.71092 0.0241 6.0 38.0
14.908797 78.71092 0.0242 1.0 39.0
15.840597 80.659935 0.0242 1.0 39.0
15.840597 80.659935 0.0243 0.0 40.0
16.772396 82.60895 0.0243 0.0 40.0
16.772396 82.60895 0.0244 0.0 41.0
16.772396 84.76925 0.0244 0.0 41.0
14.908797 78.71092 0.0245 1.0 39.0
16.590128 80.067406 0.0245 1.0 39.0
16.590128 80.067406 0.0246 0.0 40.0
18.271458 81.42389 0.0246 0.0 40.0
18.271458 81.42389 0.0247 0.0 41.0
19.203257 83.3729 0.0247 0.0 41.0
14.908797 78.71092 0.0248 5.0 39.0
14.908797 80.87122 0.0248 5.0 39.0
14.908797 80.87122 0.0249 4.0 40.0
14.908797 83.031525 0.0249 4.0 40.0
14.908797 83.031525 0.0250 3.0 41.0
15.840597 84.98054 0.0250 3.0 41.0
15.840597 84.98054 0.0251 2.0 42.0
16.772396 86.92955 0.0251 2.0 42.0
16.772396 86.92955 0.0252 1.0 43.0
17.704195 88.87856 0.0252 1.0 43.0
17.704195 88.87856 0.0253 0.0 44.0
18.635994 90.827576 0.0253 0.0 44.0
18.635994 90.827576 0.0254 0.0 45.0
18.635994 92.98788 0.0254 0.0 45.0
14.908797 83.031525 0.0255 1.0 41.0
15.840597 84.98054 0.0255 1.0 41.0
15.840597 84.98054 0.0256 0.0 42.0
16.772396 86.92955 0.0256 0.0 42.0
16.772396 86.92955 0.0257 0.0 43.0
16.772396 89.08985 0.0257 0.0 43.0
14.908797 65.749115 0.0258 7.0 33.0
16.590128 67.1056 0.0258 7.0 33.0
16.590128 67.1056 0.0259 6.0 34.0
18.271458 68.46208 0.0259 6.0 34.0
18.271458 68.46208 0.0260 1.0 35.0
20.373434 68.960686 0.0260 1.0 35.0
20.373434 68.960686 0.0261 0.0 36.0
22.47541 69.45929 0.0261 0.0 36.0
22.47541 69.45929 0.0262 0.0 37.0
24.15674 70.81577 0.0262 0.0 37.0
18.271458 68.46208 0.0263 1.0 35.0
20.382912 68.00528 0.0263 1.0 35.0
20.382912 68.00528 0.0264 0.0 36.0
22.494366 67.54848 0.0264 0.0 36.0
22.494366 67.54848 0.0265 0.0 37.0
24.596342 68.04708 0.0265 0.0 37.0
18.271458 68.46208 0.0266 5.0 35.0
19.952787 69.818565 0.0266 5.0 35.0
19.952787 69.818565 0.0267 4.0 36.0
21.634117 71.17505 0.0267 4.0 36.0
21.634117 71.17505 0.0268 3.0 37.0
23.736094 71.67365 0.0268 3.0 37.0
23.736094 71.67365 0.0269 2.0 38.0
25.83807 72.17226 0.0269 2.0 38.0
25.83807 72.17226 0.0270 1.0 39.0
27.940046 72.67086 0.0270 1.0 39.0
27.940046 72.67086 0.0271 0.0 40.0
30.042023 73.169464 0.0271 0.0 40.0
30.042023 73.169464 0.0272 0.0 41.0
31.723352 74.52595 0.0272 0.0 41.0
21.634117 71.17505 0.0273 1.0 37.0
23.736094 71.67365 0.0273 1.0 37.0
23.736094 71.67365 0.0274 0.0 38.0
25.83807 72.17226 0.0274 0.0 38.0
25.83807 72.17226 0.0275 0.0 39.0
27.5194 73.52874 0.0275 0.0 39.0
0.0 34.56485 0.0276 19.0 17.0
0.93179977 36.513866 0.0276 19.0 17.0
0.93179977 36.513866 0.0277 18.0 18.0
1.8635995 38.462883 0.0277 18.0 18.0
1.8635995 38.462883 0.0278 17.0 19.0
2.7953992 40.4119 0.0278 17.0 19.0
2.7953992 40.4119 0.0279 16.0 20.0
3.727199 42.360916 0.0279 16.0 20.0
3.727199 42.360916 0.0280 7.0 21.0
5.4085293 43.717396 0.0280 7.0 21.0
5.4085293 43.717396 0.0281 6.0 22.0
7.0898595 45.073875 0.0281 6.0 22.0
7.0898595 45.073875 0.0282 1.0 23.0
9.191835 45.57248 0.0282 1.0 23.0
9.191835 45.57248 0.0283 0.0 24.0
11.293812 46.071083 0.0283 0.0 24.0
11.293812 46.071083 0.0284 0.0 25.0
12.9751425 47.427563 0.0284 0.0 25.0
7.0898595 45.073875 0.0285 1.0 23.0
9.201314 44.617073 0.0285 1.0 23.0
9.201314 44.617073 0.0286 0.0 24.0
11.312769 44.16027 0.0286 0.0 24.0
11.312769 44.16027 0.0287 0.0 25.0
13.414745 44.658875 0.0287 0.0 25.0
7.0898595 45.073875 0.0288 5.0 23.0
8.77119 46.430355 0.0288 5.0 23.0
8.77119 46.430355 0.0289 4.0 24.0
10.45252 47.786835 0.0289 4.0 24.0
10.45252 47.786835 0.0290 3.0 25.0
12.554497 48.28544 0.0290 3.0 25.0
12.554497 48.28544 0.0291 2.0 26.0
14.656473 48.784042 0.0291 2.0 26.0
14.656473 48.784042 0.0292 1.0 27.0
16.75845 49.282646 0.0292 1.0 27.0
16.75845 49.282646 0.0293 0.0 28.0
18.860426 49.78125 0.0293 0.0 28.0
18.860426 49.78125 0.0294 0.0 29.0
20.541756 51.13773 0.0294 0.0 29.0
10.45252 47.786835 0.0295 1.0 25.0
12.554497 48.28544 0.0295 1.0 25.0
12.554497 48.28544 0.0296 0.0 26.0
14.656473 48.784042 0.0296 0.0 26.0
14.656473 48.784042 0.0297 0.0 27.0
16.337803 50.140522 0.0297 0.0 27.0
3.727199 42.360916 0.0298 7.0 21.0
4.658999 44.309933 0.0298 7.0 21.0
4.658999 44.309933 0.0299 6.0 22.0
5.590799 46.25895 0.0299 6.0 22.0
5.590799 46.25895 0.0300 1.0 23.0
7.272129 47.61543 0.0300 1.0 23.0
7.272129 47.61543 0.0301 0.0 24.0
8.95346 48.97191 0.0301 0.0 24.0
8.95346 48.97191 0.0302 0.0 25.0
9.88526 50.920925 0.0302 0.0 25.0
5.590799 46.25895 0.0303 1.0 23.0
7.692775 46.757553 0.0303 1.0 23.0
7.692775 46.757553 0.0304 0.0 24.0
9.794751 47.256157 0.0304 0.0 24.0
9.794751 47.256157 0.0305 0.0 25.0
11.476082 48.612637 0.0305 0.0 25.0
5.590799 46.25895 0.0306 5.0 23.0
6.5225987 48.207966 0.0306 5.0 23.0
6.5225987 48.207966 0.0307 4.0 24.0
7.4543986 50.156982 0.0307 4.0 24.0
7.4543986 50.156982 0.0308 3.0 25.0
9.135729 51.513462 0.0308 3.0 25.0
9.135729 51.513462 0.0309 2.0 26.0
10.8170595 52.86994 0.0309 2.0 26.0
10.8170595 52.86994 0.0310 1.0 27.0
12.49839 54.22642 0.0310 1.0 27.0
12.49839 54.22642 0.0311 0.0 28.0
14.179721 55.5829 0.0311 0.0 28.0
14.179721 55.5829 0.0312 0.0 29.0
15.111521 57.531918 0.0312 0.0 29.0
7.4543986 50.156982 0.0313 1.0 25.0
9.135729 51.513462 0.0313 1.0 25.0
9.135729 51.513462 0.0314 0.0 26.0
10.8170595 52.86994 0.0314 0.0 26.0
10.8170595 52.86994 0.0315 0.0 27.0
11.748859 54.81896 0.0315 0.0 27.0
3.727199 42.360916 0.0316 15.0 21.0
4.658999 44.309933 0.0316 15.0 21.0
4.658999 44.309933 0.0317 14.0 22.0
5.590799 46.25895 0.0317 14.0 22.0
5.590799 46.25895 0.0318 13.0 23.0
6.5225987 48.207966 0.0318 13.0 23.0
6.5225987 48.207966 0.0319 12.0 24.0
7.4543986 50.156982 0.0319 12.0 24.0
7.4543986 50.156982 0.0320 11.0 25.0
7.4543986 52.317284 0.0320 11.0 25.0
7.4543986 52.317284 0.0321 10.0 26.0
7.4543986 54.477585 0.0321 10.0 26.0
7.4543986 54.477585 0.0322 9.0 27.0
7.4543986 56.637886 0.0322 9.0 27.0
7.4543986 56.637886 0.0323 8.0 28.0
7.4543986 58.798187 0.0323 8.0 28.0
7.4543986 58.798187 0.0324 7.0 29.0
7.4543986 60.95849 0.0324 7.0 29.0
7.4543986 60.95849 0.0325 6.0 30.0
7.4543986 63.11879 0.0325 6.0 30.0
7.4543986 63.11879 0.0326 1.0 31.0
8.386198 65.0678 0.0326 1.0 31.0
8.386198 65.0678 0.0327 0.0 32.0
9.317998 67.016815 0.0327 0.0 32.0
9.317998 67.016815 0.0328 0.0 33.0
9.317998 69.17712 0.0328 0.0 33.0
7.4543986 63.11879 0.0329 1.0 31.0
9.135729 64.47527 0.0329 1.0 31.0
9.135729 64.47527 0.0330 0.0 32.0
10.8170595 65.83176 0.0330 0.0 32.0
10.8170595 65.83176 0.0331 0.0 33.0
11.748859 67.78077 0.0331 0.0 33.0
7.4543986 63.11879 0.0332 5.0 31.0
7.4543986 65.27909 0.0332 5.0 31.0
7.4543986 65.27909 0.0333 4.0 32.0
7.4543986 67.43939 0.0333 4.0 32.0
7.4543986 67.43939 0.0334 3.0 33.0
8.386198 69.388405 0.0334 3.0 33.0
8.386198 69.388405 0.0335 2.0 34.0
9.317998 71.33742 0.0335 2.0 34.0
9.317998 71.33742 0.0336 1.0 35.0
10.249798 73.28643 0.0336 1.0 35.0
10.249798 73.28643 0.0337 0.0 36.0
11.181598 75.23544 0.0337 0.0 36.0
11.181598 75.23544 0.0338 0.0 37.0
11.181598 77.395744 0.0338 0.0 37.0
7.4543986 67.43939 0.0339 1.0 33.0
8.386198 69.388405 0.0339 1.0 33.0
8.386198 69.388405 0.0340 0.0 34.0
9.317998 71.33742 0.0340 0.0 34.0
9.317998 71.33742 0.0341 0.0 35.0
9.317998 73.49772 0.0341 0.0 35.0
7.4543986 50.156982 0.0342 7.0 25.0
9.135729 51.513462 0.0342 7.0 25.0
9.135729 51.513462 0.0343 6.0 26.0
10.8170595 52.86994 0.0343 6.0 26.0
10.8170595 52.86994 0.0344 1.0 27.0
12.919036 53.368546 0.0344 1.0 27.0
12.919036 53.368546 0.0345 0.0 28.0
15.021012 53.86715 0.0345 0.0 28.0
15.021012 53.86715 0.0346 0.0 29.0
16.702343 55.22363 0.0346 0.0 29.0
10.8170595 52.86994 0.0347 1.0 27.0
12.9285145 52.41314 0.0347 1.0 27.0
12.9285145 52.41314 0.0348 0.0 28.0
15.0399685 51.956337 0.0348 0.0 28.0
15.0399685 51.956337 0.0349 0.0 29.0
17.141945 52.45494 0.0349 0.0 29.0
10.8170595 52.86994 0.0350 5.0 27.0
12.49839 54.22642 0.0350 5.0 27.0
12.49839 54.22642 0.0351 4.0 28.0
14.179721 55.5829 0.0351 4.0 28.0
14.179721 55.5829 0.0352 3.0 29.0
16.281696 56.081505 0.0352 3.0 29.0
16.281696 56.081505 0.0353 2.0 30.0
18.383673 56.58011 0.0353 2.0 30.0
18.383673 56.58011 0.0354 1.0 31.0
20.48565 57.078712 0.0354 1.0 31.0
20.48565 57.078712 0.0355 0.0 32.0
22.587626 57.577316 0.0355 0.0 32.0
22.587626 57.577316 0.0356 0.0 33.0
24.268955 58.933796 0.0356 0.0 33.0
14.179721 55.5829 0.0357 1.0 29.0
16.281696 56.081505 0.0357 1.0 29.0
16.281696 56.081505 0.0358 0.0 30.0
18.383673 56.58011 0.0358 0.0 30.0
18.383673 56.58011 0.0359 0.0 31.0
20.065002 57.93659 0.0359 0.0 31.0
