0.0 0.0 0.00 60.0 1.0
0.0 3.1452894 0.00 60.0 1.0
0.0 3.1452894 0.01 59.0 2.0
0.0 6.290579 0.01 59.0 2.0
0.0 6.290579 0.02 58.0 3.0
0.0 9.435868 0.02 58.0 3.0
0.0 9.435868 0.03 57.0 4.0
0.0 12.581158 0.03 57.0 4.0
0.0 12.581158 0.04 56.0 5.0
0.0 15.726447 0.04 56.0 5.0
0.0 15.726447 0.05 55.0 6.0
0.0 18.871737 0.05 55.0 6.0
0.0 18.871737 0.06 54.0 7.0
0.0 22.017025 0.06 54.0 7.0
0.0 22.017025 0.07 53.0 8.0
0.0 25.162315 0.07 53.0 8.0
0.0 25.162315 0.08 52.0 9.0
0.0 28.307606 0.08 52.0 9.0
0.0 28.307606 0.09 51.0 10.0
0.0 31.452896 0.09 51.0 10.0
0.0 31.452896 0.010 50.0 11.0
0.0 34.598186 0.010 50.0 11.0
0.0 34.598186 0.011 49.0 12.0
0.0 37.743477 0.011 49.0 12.0
0.0 37.743477 0.012 48.0 13.0
0.0 40.888767 0.012 48.0 13.0
0.0 40.888767 0.013 47.0 14.0
0.0 44.034058 0.013 47.0 14.0
0.0 44.034058 0.014 46.0 15.0
0.0 47.179348 0.014 46.0 15.0
0.0 47.179348 0.015 45.0 16.0
0.0 50.32464 0.015 45.0 16.0
0.0 50.32464 0.016 28.0 17.0
-1.5709023 53.049545 0.016 28.0 17.0
-1.5709023 53.049545 0.017 27.0 18.0
-3.1418047 55.774452 0.017 27.0 18.0
-3.1418047 55.774452 0.018 26.0 19.0
-4.712707 58.49936 0.018 26.0 19.0
-4.712707 58.49936 0.019 25.0 20.0
-6.2836094 61.224266 0.019 25.0 20.0
-6.2836094 61.224266 0.020 24.0 21.0
-7.8545117 63.949173 0.020 24.0 21.0
-7.8545117 63.949173 0.021 23.0 22.0
-9.425414 66.67408 0.021 23.0 22.0
-9.425414 66.67408 0.022 22.0 23.0
-10.996317 69.39899 0.022 22.0 23.0
-10.996317 69.39899 0.023 21.0 24.0
-12.567219 72.12389 0.023 21.0 24.0
-12.567219 72.12389 0.024 12.0 25.0
-12.567219 75.26918 0.024 12.0 25.0
-12.567219 75.26918 0.025 11.0 26.0
-12.567219 78.41447 0.025 11.0 26.0
-12.567219 78.41447 0.026 10.0 27.0
-12.567219 81.55975 0.026 10.0 27.0
-12.567219 81.55975 0.027 9.0 28.0
-12.567219 84.70504 0.027 9.0 28.0
-12.567219 84.70504 0.028 4.0 29.0
-14.138121 87.42995 0.028 4.0 29.0
-14.138121 87.42995 0.029 3.0 30.0
-15.7090225 90.154854 0.029 3.0 30.0
-15.7090225 90.154854 0.030 0.0 31.0
-15.7090225 93.30014 0.030 0.0 31.0
-15.7090225 93.30014 0.031 0.0 32.0
-15.7090225 96.44543 0.031 0.0 32.0
-15.7090225 90.154854 0.032 2.0 31.0
-17.279924 92.87976 0.032 2.0 31.0
-17.279924 92.87976 0.033 1.0 32.0
-18.850826 95.60467 0.033 1.0 32.0
-18.850826 95.60467 0.034 0.0 33.0
-18.850826 98.749954 0.034 0.0 33.0
-18.850826 98.749954 0.035 0.0 34.0
-18.850826 101.89524 0.035 0.0 34.0
-18.850826 95.60467 0.036 0.0 33.0
-21.572714 97.18079 0.036 0.0 33.0
-21.572714 97.18079 0.037 0.0 34.0
-24.294601 98.75692 0.037 0.0 34.0
-12.567219 84.70504 0.038 8.0 29.0
-12.567219 87.85033 0.038 8.0 29.0
-12.567219 87.85033 0.039 7.0 30.0
-12.567219 90.99561 0.039 7.0 30.0
-12.567219 90.99561 0.040 6.0 31.0
-12.567219 94.1409 0.040 6.0 31.0
-12.567219 94.1409 0.041 5.0 32.0
-12.567219 97.28619 0.041 5.0 32.0
-12.567219 97.28619 0.042 4.0 33.0
-10.996317 100.01109 0.042 4.0 33.0
-10.996317 100.01109 0.043 3.0 34.0
-9.425415 102.736 0.043 3.0 34.0
-9.425415 102.736 0.044 0.0 35.0
-6.7035284 104.312126 0.044 0.0 35.0
-6.7035284 104.312126 0.045 0.0 36.0
-3.9816415 105.88825 0.045 0.0 36.0
-9.425415 102.736 0.046 2.0 35.0
-7.8545127 105.46091 0.046 2.0 35.0
-7.8545127 105.46091 0.047 1.0 36.0
-6.2836103 108.185814 0.047 1.0 36.0
-6.2836103 108.185814 0.048 0.0 37.0
-3.5617235 109.76194 0.048 0.0 37.0
-3.5617235 109.76194 0.049 0.0 38.0
-0.8398366 111.338066 0.049 0.0 38.0
-6.2836103 108.185814 0.050 0.0 37.0
-6.2836103 111.3311 0.050 0.0 37.0
-6.2836103 111.3311 0.051 0.0 38.0
-6.2836103 114.47639 0.051 0.0 38.0
-12.567219 97.28619 0.052 4.0 33.0
-14.138121 100.01109 0.052 4.0 33.0
-14.138121 100.01109 0.053 3.0 34.0
-15.7090225 102.736 0.053 3.0 34.0
-15.7090225 102.736 0.054 0.0 35.0
-15.7090225 105.88129 0.054 0.0 35.0
-15.7090225 105.88129 0.055 0.0 36.0
-15.7090225 109.02657 0.055 0.0 36.0
-15.7090225 102.736 0.056 2.0 35.0
-17.279924 105.46091 0.056 2.0 35.0
-17.279924 105.46091 0.057 1.0 36.0
-18.850826 108.185814 0.057 1.0 36.0
-18.850826 108.185814 0.058 0.0 37.0
-18.850826 111.3311 0.058 0.0 37.0
-18.850826 111.3311 0.059 0.0 38.0
-18.850826 114.47639 0.059 0.0 38.0
-18.850826 108.185814 0.060 0.0 37.0
-21.572714 109.76194 0.060 0.0 37.0
-21.572714 109.76194 0.061 0.0 38.0
-24.294601 111.338066 0.061 0.0 38.0
-12.567219 72.12389 0.062 20.0 25.0
-14.138121 74.8488 0.062 20.0 25.0
-14.138121 74.8488 0.063 19.0 26.0
-15.7090225 77.57371 0.063 19.0 26.0
-15.7090225 77.57371 0.064 18.0 27.0
-17.279924 80.298615 0.064 18.0 27.0
-17.279924 80.298615 0.065 17.0 28.0
-18.850826 83.02352 0.065 17.0 28.0
-18.850826 83.02352 0.066 16.0 29.0
-20.421728 85.74843 0.066 16.0 29.0
-20.421728 85.74843 0.067 15.0 30.0
-21.99263 88.473335 0.067 15.0 30.0
-21.99263 88.473335 0.068 14.0 31.0
-23.563532 91.19824 0.068 14.0 31.0
-23.563532 91.19824 0.069 13.0 32.0
-25.134434 93.92315 0.069 13.0 32.0
-25.134434 93.92315 0.070 12.0 33.0
-25.134434 97.068436 0.070 12.0 33.0
-25.134434 97.068436 0.071 11.0 34.0
-25.134434 100.21372 0.071 11.0 34.0
-25.134434 100.21372 0.072 10.0 35.0
-25.134434 103.35901 0.072 10.0 35.0
-25.134434 103.35901 0.073 9.0 36.0
-25.134434 106.504295 0.073 9.0 36.0
-25.134434 106.504295 0.074 4.0 37.0
-26.705336 109.2292 0.074 4.0 37.0
-26.705336 109.2292 0.075 3.0 38.0
-28.276237 111.95411 0.075 3.0 38.0
-28.276237 111.95411 0.076 0.0 39.0
-28.276237 115.099396 0.076 0.0 39.0
-28.276237 115.099396 0.077 0.0 40.0
-28.276237 118.24468 0.077 0.0 40.0
-28.276237 111.95411 0.078 2.0 39.0
-29.84714 114.679016 0.078 2.0 39.0
-29.84714 114.679016 0.079 1.0 40.0
-31.418041 117.40392 0.079 1.0 40.0
-31.418041 117.40392 0.080 0.0 41.0
-31.418041 120.54921 0.080 0.0 41.0
-31.418041 120.54921 0.081 0.0 42.0
-31.418041 123.694496 0.081 0.0 42.0
-31.418041 117.40392 0.082 0.0 41.0
-34.139927 118.98005 0.082 0.0 41.0
-34.139927 118.98005 0.083 0.0 42.0
-36.861813 120.556175 0.083 0.0 42.0
-25.134434 106.504295 0.084 8.0 37.0
-25.134434 109.64958 0.084 8.0 37.0
-25.134434 109.64958 0.085 7.0 38.0
-25.134434 112.79487 0.085 7.0 38.0
-25.134434 112.79487 0.086 6.0 39.0
-25.134434 115.940155 0.086 6.0 39.0
-25.134434 115.940155 0.087 5.0 40.0
-25.134434 119.08544 0.087 5.0 40.0
-25.134434 119.08544 0.088 4.0 41.0
-23.563532 121.81035 0.088 4.0 41.0
-23.563532 121.81035 0.089 3.0 42.0
-21.99263 124.535255 0.089 3.0 42.0
-21.99263 124.535255 0.090 0.0 43.0
-19.270742 126.11138 0.090 0.0 43.0
-19.270742 126.11138 0.091 0.0 44.0
-16.548855 127.68751 0.091 0.0 44.0
-21.99263 124.535255 0.092 2.0 43.0
-20.421728 127.26016 0.092 2.0 43.0
-20.421728 127.26016 0.093 1.0 44.0
-18.850826 129.98506 0.093 1.0 44.0
-18.850826 129.98506 0.094 0.0 45.0
-16.128939 131.56119 0.094 0.0 45.0
-16.128939 131.56119 0.095 0.0 46.0
-13.407052 133.13731 0.095 0.0 46.0
-18.850826 129.98506 0.096 0.0 45.0
-18.850826 133.13036 0.096 0.0 45.0
-18.850826 133.13036 0.097 0.0 46.0
-18.850826 136.27565 0.097 0.0 46.0
-25.134434 119.08544 0.098 4.0 41.0
-26.705336 121.81035 0.098 4.0 41.0
-26.705336 121.81035 0.099 3.0 42.0
-28.276237 124.535255 0.099 3.0 42.0
-28.276237 124.535255 0.0100 0.0 43.0
-28.276237 127.68054 0.0100 0.0 43.0
-28.276237 127.68054 0.0101 0.0 44.0
-28.276237 130.82584 0.0101 0.0 44.0
-28.276237 124.535255 0.0102 2.0 43.0
-29.84714 127.26016 0.0102 2.0 43.0
-29.84714 127.26016 0.0103 1.0 44.0
-31.418041 129.98506 0.0103 1.0 44.0
-31.418041 129.98506 0.0104 0.0 45.0
-31.418041 133.13036 0.0104 0.0 45.0
-31.418041 133.13036 0.0105 0.0 46.0
-31.418041 136.27565 0.0105 0.0 46.0
-31.418041 129.98506 0.0106 0.0 45.0
-34.139927 131.56119 0.0106 0.0 45.0
-34.139927 131.56119 0.0107 0.0 46.0
-36.861813 133.13731 0.0107 0.0 46.0
-25.134434 93.92315 0.0108 12.0 33.0
-27.856321 95.499275 0.0108 12.0 33.0
-27.856321 95.499275 0.0109 11.0 34.0
-30.578209 97.0754 0.0109 11.0 34.0
-30.578209 97.0754 0.0110 10.0 35.0
-33.300095 98.65153 0.0110 10.0 35.0
-33.300095 98.65153 0.0111 9.0 36.0
-36.02198 100.22765 0.0111 9.0 36.0
-36.02198 100.22765 0.0112 4.0 37.0
-39.167263 100.23369 0.0112 4.0 37.0
-39.167263 100.23369 0.0113 3.0 38.0
-42.312546 100.23972 0.0113 3.0 38.0
-42.312546 100.23972 0.0114 0.0 39.0
-45.03443 101.81585 0.0114 0.0 39.0
-45.03443 101.81585 0.0115 0.0 40.0
-47.756317 103.391975 0.0115 0.0 40.0
-42.312546 100.23972 0.0116 2.0 39.0
-45.45783 100.24576 0.0116 2.0 39.0
-45.45783 100.24576 0.0117 1.0 40.0
-48.60311 100.25179 0.0117 1.0 40.0
-48.60311 100.25179 0.0118 0.0 41.0
-51.324997 101.82792 0.0118 0.0 41.0
-51.324997 101.82792 0.0119 0.0 42.0
-54.046883 103.404045 0.0119 0.0 42.0
-48.60311 100.25179 0.0120 0.0 41.0
-51.331024 98.68612 0.0120 0.0 41.0
-51.331024 98.68612 0.0121 0.0 42.0
-54.058937 97.120445 0.0121 0.0 42.0
-36.02198 100.22765 0.0122 8.0 37.0
-38.743866 101.80378 0.0122 8.0 37.0
-38.743866 101.80378 0.0123 7.0 38.0
-41.46575 103.379906 0.0123 7.0 38.0
-41.46575 103.379906 0.0124 6.0 39.0
-44.187637 104.95603 0.0124 6.0 39.0
-44.187637 104.95603 0.0125 5.0 40.0
-46.909523 106.53216 0.0125 5.0 40.0
-46.909523 106.53216 0.0126 4.0 41.0
-48.480427 109.257065 0.0126 4.0 41.0
-48.480427 109.257065 0.0127 3.0 42.0
-50.05133 111.98197 0.0127 3.0 42.0
-50.05133 111.98197 0.0128 0.0 43.0
-50.05133 115.12726 0.0128 0.0 43.0
-50.05133 115.12726 0.0129 0.0 44.0
-50.05133 118.272545 0.0129 0.0 44.0
-50.05133 111.98197 0.0130 2.0 43.0
-51.622234 114.70688 0.0130 2.0 43.0
-51.622234 114.70688 0.0131 1.0 44.0
-53.19314 117.431786 0.0131 1.0 44.0
-53.19314 117.431786 0.0132 0.0 45.0
-53.19314 120.57707 0.0132 0.0 45.0
-53.19314 120.57707 0.0133 0.0 46.0
-53.19314 123.72236 0.0133 0.0 46.0
-53.19314 117.431786 0.0134 0.0 45.0
-55.915024 119.00791 0.0134 0.0 45.0
-55.915024 119.00791 0.0135 0.0 46.0
-58.63691 120.58404 0.0135 0.0 46.0
-46.909523 106.53216 0.0136 4.0 41.0
-50.054806 106.53819 0.0136 4.0 41.0
-50.054806 106.53819 0.0137 3.0 42.0
-53.20009 106.54423 0.0137 3.0 42.0
-53.20009 106.54423 0.0138 0.0 43.0
-55.921974 108.12035 0.0138 0.0 43.0
-55.921974 108.12035 0.0139 0.0 44.0
-58.64386 109.69648 0.0139 0.0 44.0
-53.20009 106.54423 0.0140 2.0 43.0
-56.34537 106.55026 0.0140 2.0 43.0
-56.34537 106.55026 0.0141 1.0 44.0
-59.490654 106.5563 0.0141 1.0 44.0
-59.490654 106.5563 0.0142 0.0 45.0
-62.21254 108.13242 0.0142 0.0 45.0
-62.21254 108.13242 0.0143 0.0 46.0
-64.934425 109.70855 0.0143 0.0 46.0
-59.490654 106.5563 0.0144 0.0 45.0
-62.218567 104.99062 0.0144 0.0 45.0
-62.218567 104.99062 0.0145 0.0 46.0
-64.94648 103.42495 0.0145 0.0 46.0
0.0 50.32464 0.0146 44.0 17.0
0.0 53.46993 0.0146 44.0 17.0
0.0 53.46993 0.0147 43.0 18.0
0.0 56.61522 0.0147 43.0 18.0
0.0 56.61522 0.0148 42.0 19.0
0.0 59.76051 0.0148 42.0 19.0
0.0 59.76051 0.0149 41.0 20.0
0.0 62.9058 0.0149 41.0 20.0
0.0 62.9058 0.0150 40.0 21.0
0.0 66.05109 0.0150 40.0 21.0
0.0 66.05109 0.0151 39.0 22.0
0.0 69.19637 0.0151 39.0 22.0
0.0 69.19637 0.0152 38.0 23.0
0.0 72.34166 0.0152 38.0 23.0
0.0 72.34166 0.0153 37.0 24.0
0.0 75.486946 0.0153 37.0 24.0
0.0 75.486946 0.0154 36.0 25.0
0.0 78.63223 0.0154 36.0 25.0
0.0 78.63223 0.0155 35.0 26.0
0.0 81.77752 0.0155 35.0 26.0
0.0 81.77752 0.0156 34.0 27.0
0.0 84.922806 0.0156 34.0 27.0
0.0 84.922806 0.0157 33.0 28.0
0.0 88.06809 0.0157 33.0 28.0
0.0 88.06809 0.0158 32.0 29.0
0.0 91.21338 0.0158 32.0 29.0
0.0 91.21338 0.0159 31.0 30.0
0.0 94.358665 0.0159 31.0 30.0
0.0 94.358665 0.0160 30.0 31.0
0.0 97.50395 0.0160 30.0 31.0
0.0 97.50395 0.0161 29.0 32.0
0.0 100.64924 0.0161 29.0 32.0
0.0 100.64924 0.0162 28.0 33.0
1.5709023 103.374146 0.0162 28.0 33.0
1.5709023 103.374146 0.0163 27.0 34.0
3.1418047 106.09905 0.0163 27.0 34.0
3.1418047 106.09905 0.0164 26.0 35.0
4.712707 108.82396 0.0164 26.0 35.0
4.712707 108.82396 0.0165 25.0 36.0
6.2836094 111.54887 0.0165 25.0 36.0
6.2836094 111.54887 0.0166 24.0 37.0
7.8545117 114.27377 0.0166 24.0 37.0
7.8545117 114.27377 0.0167 23.0 38.0
9.425414 116.99868 0.0167 23.0 38.0
9.425414 116.99868 0.0168 22.0 39.0
10.996317 119.72359 0.0168 22.0 39.0
10.996317 119.72359 0.0169 21.0 40.0
12.567219 122.448494 0.0169 21.0 40.0
12.567219 122.448494 0.0170 12.0 41.0
15.289105 124.02462 0.0170 12.0 41.0
15.289105 124.02462 0.0171 11.0 42.0
18.010992 125.600746 0.0171 11.0 42.0
18.010992 125.600746 0.0172 10.0 43.0
20.73288 127.17687 0.0172 10.0 43.0
20.73288 127.17687 0.0173 9.0 44.0
23.454767 128.753 0.0173 9.0 44.0
23.454767 128.753 0.0174 4.0 45.0
25.02567 131.4779 0.0174 4.0 45.0
25.02567 131.4779 0.0175 3.0 46.0
26.596571 134.2028 0.0175 3.0 46.0
26.596571 134.2028 0.0176 0.0 47.0
29.318459 135.77893 0.0176 0.0 47.0
29.318459 135.77893 0.0177 0.0 48.0
32.040344 137.35506 0.0177 0.0 48.0
26.596571 134.2028 0.0178 2.0 47.0
28.167473 136.9277 0.0178 2.0 47.0
28.167473 136.9277 0.0179 1.0 48.0
29.738375 139.6526 0.0179 1.0 48.0
29.738375 139.6526 0.0180 0.0 49.0
32.460262 141.22873 0.0180 0.0 49.0
32.460262 141.22873 0.0181 0.0 50.0
35.182148 142.80486 0.0181 0.0 50.0
29.738375 139.6526 0.0182 0.0 49.0
29.738375 142.7979 0.0182 0.0 49.0
29.738375 142.7979 0.0183 0.0 50.0
29.738375 145.94319 0.0183 0.0 50.0
23.454767 128.753 0.0184 8.0 45.0
26.176655 130.32913 0.0184 8.0 45.0
26.176655 130.32913 0.0185 7.0 46.0
28.898542 131.90526 0.0185 7.0 46.0
28.898542 131.90526 0.0186 6.0 47.0
31.62043 133.48138 0.0186 6.0 47.0
31.62043 133.48138 0.0187 5.0 48.0
34.342316 135.05751 0.0187 5.0 48.0
34.342316 135.05751 0.0188 4.0 49.0
37.4876 135.06354 0.0188 4.0 49.0
37.4876 135.06354 0.0189 3.0 50.0
40.63288 135.06956 0.0189 3.0 50.0
40.63288 135.06956 0.0190 0.0 51.0
43.360794 133.50389 0.0190 0.0 51.0
43.360794 133.50389 0.0191 0.0 52.0
46.088707 131.93822 0.0191 0.0 52.0
40.63288 135.06956 0.0192 2.0 51.0
43.778164 135.07559 0.0192 2.0 51.0
43.778164 135.07559 0.0193 1.0 52.0
46.923447 135.08162 0.0193 1.0 52.0
46.923447 135.08162 0.0194 0.0 53.0
49.65136 133.51595 0.0194 0.0 53.0
49.65136 133.51595 0.0195 0.0 54.0
52.379272 131.95027 0.0195 0.0 54.0
46.923447 135.08162 0.0196 0.0 53.0
49.645332 136.65775 0.0196 0.0 53.0
49.645332 136.65775 0.0197 0.0 54.0
52.367218 138.23387 0.0197 0.0 54.0
34.342316 135.05751 0.0198 4.0 49.0
35.91322 137.78241 0.0198 4.0 49.0
35.91322 137.78241 0.0199 3.0 50.0
37.484123 140.50731 0.0199 3.0 50.0
37.484123 140.50731 0.0200 0.0 51.0
40.20601 142.08344 0.0200 0.0 51.0
40.20601 142.08344 0.0201 0.0 52.0
42.927895 143.65956 0.0201 0.0 52.0
37.484123 140.50731 0.0202 2.0 51.0
39.055027 143.23221 0.0202 2.0 51.0
39.055027 143.23221 0.0203 1.0 52.0
40.62593 145.9571 0.0203 1.0 52.0
40.62593 145.9571 0.0204 0.0 53.0
43.347816 147.53323 0.0204 0.0 53.0
43.347816 147.53323 0.0205 0.0 54.0
46.069702 149.10936 0.0205 0.0 54.0
40.62593 145.9571 0.0206 0.0 53.0
40.62593 149.1024 0.0206 0.0 53.0
40.62593 149.1024 0.0207 0.0 54.0
40.62593 152.2477 0.0207 0.0 54.0
12.567219 122.448494 0.0208 20.0 41.0
14.138121 125.1734 0.0208 20.0 41.0
14.138121 125.1734 0.0209 19.0 42.0
15.7090225 127.89831 0.0209 19.0 42.0
15.7090225 127.89831 0.0210 18.0 43.0
17.279924 130.62321 0.0210 18.0 43.0
17.279924 130.62321 0.0211 17.0 44.0
18.850826 133.34811 0.0211 17.0 44.0
18.850826 133.34811 0.0212 16.0 45.0
20.421728 136.07301 0.0212 16.0 45.0
20.421728 136.07301 0.0213 15.0 46.0
21.99263 138.79791 0.0213 15.0 46.0
21.99263 138.79791 0.0214 14.0 47.0
23.563532 141.52281 0.0214 14.0 47.0
23.563532 141.52281 0.0215 13.0 48.0
25.134434 144.24771 0.0215 13.0 48.0
25.134434 144.24771 0.0216 12.0 49.0
27.856321 145.82384 0.0216 12.0 49.0
27.856321 145.82384 0.0217 11.0 50.0
30.578209 147.39996 0.0217 11.0 50.0
30.578209 147.39996 0.0218 10.0 51.0
33.300095 148.97609 0.0218 10.0 51.0
33.300095 148.97609 0.0219 9.0 52.0
36.02198 150.55222 0.0219 9.0 52.0
36.02198 150.55222 0.0220 4.0 53.0
37.592884 153.27711 0.0220 4.0 53.0
37.592884 153.27711 0.0221 3.0 54.0
39.163788 156.00201 0.0221 3.0 54.0
39.163788 156.00201 0.0222 0.0 55.0
41.885674 157.57814 0.0222 0.0 55.0
41.885674 157.57814 0.0223 0.0 56.0
44.60756 159.15427 0.0223 0.0 56.0
39.163788 156.00201 0.0224 2.0 55.0
40.73469 158.72691 0.0224 2.0 55.0
40.73469 158.72691 0.0225 1.0 56.0
42.305595 161.45181 0.0225 1.0 56.0
42.305595 161.45181 0.0226 0.0 57.0
45.02748 163.02794 0.0226 0.0 57.0
45.02748 163.02794 0.0227 0.0 58.0
47.749367 164.60406 0.0227 0.0 58.0
42.305595 161.45181 0.0228 0.0 57.0
42.305595 164.5971 0.0228 0.0 57.0
42.305595 164.5971 0.0229 0.0 58.0
42.305595 167.7424 0.0229 0.0 58.0
36.02198 150.55222 0.0230 8.0 53.0
38.743866 152.12834 0.0230 8.0 53.0
38.743866 152.12834 0.0231 7.0 54.0
41.46575 153.70447 0.0231 7.0 54.0
41.46575 153.70447 0.0232 6.0 55.0
44.187637 155.2806 0.0232 6.0 55.0
44.187637 155.2806 0.0233 5.0 56.0
46.909523 156.85672 0.0233 5.0 56.0
46.909523 156.85672 0.0234 4.0 57.0
50.054806 156.86275 0.0234 4.0 57.0
50.054806 156.86275 0.0235 3.0 58.0
53.20009 156.86877 0.0235 3.0 58.0
53.20009 156.86877 0.0236 0.0 59.0
55.928 155.3031 0.0236 0.0 59.0
55.928 155.3031 0.0237 0.0 60.0
58.655914 153.73743 0.0237 0.0 60.0
53.20009 156.86877 0.0238 2.0 59.0
56.34537 156.8748 0.0238 2.0 59.0
56.34537 156.8748 0.0239 1.0 60.0
59.490654 156.88083 0.0239 1.0 60.0
59.490654 156.88083 0.0240 0.0 61.0
62.218567 155.31516 0.0240 0.0 61.0
62.218567 155.31516 0.0241 0.0 62.0
64.94648 153.74948 0.0241 0.0 62.0
59.490654 156.88083 0.0242 0.0 61.0
62.21254 158.45695 0.0242 0.0 61.0
62.21254 158.45695 0.0243 0.0 62.0
64.934425 160.03308 0.0243 0.0 62.0
46.909523 156.85672 0.0244 4.0 57.0
48.480427 159.58162 0.0244 4.0 57.0
48.480427 159.58162 0.0245 3.0 58.0
50.05133 162.30652 0.0245 3.0 58.0
50.05133 162.30652 0.0246 0.0 59.0
52.773216 163.88264 0.0246 0.0 59.0
52.773216 163.88264 0.0247 0.0 60.0
55.495102 165.45877 0.0247 0.0 60.0
50.05133 162.30652 0.0248 2.0 59.0
51.622234 165.03142 0.0248 2.0 59.0
51.622234 165.03142 0.0249 1.0 60.0
53.19314 167.75632 0.0249 1.0 60.0
53.19314 167.75632 0.0250 0.0 61.0
55.915024 169.33244 0.0250 0.0 61.0
55.915024 169.33244 0.0251 0.0 62.0
58.63691 170.90857 0.0251 0.0 62.0
53.19314 167.75632 0.0252 0.0 61.0
53.19314 170.90161 0.0252 0.0 61.0
53.19314 170.90161 0.0253 0.0 62.0
53.19314 174.0469 0.0253 0.0 62.0
25.134434 144.24771 0.0254 12.0 49.0
25.134434 147.393 0.0254 12.0 49.0
25.134434 147.393 0.0255 11.0 50.0
25.134434 150.5383 0.0255 11.0 50.0
25.134434 150.5383 0.0256 10.0 51.0
25.134434 153.6836 0.0256 10.0 51.0
25.134434 153.6836 0.0257 9.0 52.0
25.134434 156.82889 0.0257 9.0 52.0
25.134434 156.82889 0.0258 4.0 53.0
23.563532 159.55379 0.0258 4.0 53.0
23.563532 159.55379 0.0259 3.0 54.0
21.99263 162.27869 0.0259 3.0 54.0
21.99263 162.27869 0.0260 0.0 55.0
21.99263 165.42398 0.0260 0.0 55.0
21.99263 165.42398 0.0261 0.0 56.0
21.99263 168.56927 0.0261 0.0 56.0
21.99263 162.27869 0.0262 2.0 55.0
20.421728 165.00359 0.0262 2.0 55.0
20.421728 165.00359 0.0263 1.0 56.0
18.850826 167.72849 0.0263 1.0 56.0
18.850826 167.72849 0.0264 0.0 57.0
18.850826 170.87378 0.0264 0.0 57.0
18.850826 170.87378 0.0265 0.0 58.0
18.850826 174.01907 0.0265 0.0 58.0
18.850826 167.72849 0.0266 0.0 57.0
16.128939 169.30461 0.0266 0.0 57.0
16.128939 169.30461 0.0267 0.0 58.0
13.407052 170.88074 0.0267 0.0 58.0
25.134434 156.82889 0.0268 8.0 53.0
25.134434 159.97418 0.0268 8.0 53.0
25.134434 159.97418 0.0269 7.0 54.0
25.134434 163.11948 0.0269 7.0 54.0
25.134434 163.11948 0.0270 6.0 55.0
25.134434 166.26477 0.0270 6.0 55.0
25.134434 166.26477 0.0271 5.0 56.0
25.134434 169.41006 0.0271 5.0 56.0
25.134434 169.41006 0.0272 4.0 57.0
26.705336 172.13496 0.0272 4.0 57.0
26.705336 172.13496 0.0273 3.0 58.0
28.276237 174.85986 0.0273 3.0 58.0
28.276237 174.85986 0.0274 0.0 59.0
30.998125 176.43599 0.0274 0.0 59.0
30.998125 176.43599 0.0275 0.0 60.0
33.720013 178.01212 0.0275 0.0 60.0
28.276237 174.85986 0.0276 2.0 59.0
29.84714 177.58476 0.0276 2.0 59.0
29.84714 177.58476 0.0277 1.0 60.0
31.418041 180.30966 0.0277 1.0 60.0
31.418041 180.30966 0.0278 0.0 61.0
34.139927 181.88579 0.0278 0.0 61.0
34.139927 181.88579 0.0279 0.0 62.0
36.861813 183.46191 0.0279 0.0 62.0
31.418041 180.30966 0.0280 0.0 61.0
31.418041 183.45496 0.0280 0.0 61.0
31.418041 183.45496 0.0281 0.0 62.0
31.418041 186.60025 0.0281 0.0 62.0
25.134434 169.41006 0.0282 4.0 57.0
23.563532 172.13496 0.0282 4.0 57.0
23.563532 172.13496 0.0283 3.0 58.0
21.99263 174.85986 0.0283 3.0 58.0
21.99263 174.85986 0.0284 0.0 59.0
21.99263 178.00516 0.0284 0.0 59.0
21.99263 178.00516 0.0285 0.0 60.0
21.99263 181.15045 0.0285 0.0 60.0
21.99263 174.85986 0.0286 2.0 59.0
20.421728 177.58476 0.0286 2.0 59.0
20.421728 177.58476 0.0287 1.0 60.0
18.850826 180.30966 0.0287 1.0 60.0
18.850826 180.30966 0.0288 0.0 61.0
18.850826 183.45496 0.0288 0.0 61.0
18.850826 183.45496 0.0289 0.0 62.0
18.850826 186.60025 0.0289 0.0 62.0
18.850826 180.30966 0.0290 0.0 61.0
16.128939 181.88579 0.0290 0.0 61.0
16.128939 181.88579 0.0291 0.0 62.0
13.407052 183.46191 0.0291 0.0 62.0
0.0 100.64924 0.0292 28.0 33.0
-1.5709023 103.374146 0.0292 28.0 33.0
-1.5709023 103.374146 0.0293 27.0 34.0
-3.1418047 106.09905 0.0293 27.0 34.0
-3.1418047 106.09905 0.0294 26.0 35.0
-4.712707 108.82396 0.0294 26.0 35.0
-4.712707 108.82396 0.0295 25.0 36.0
-6.2836094 111.54887 0.0295 25.0 36.0
-6.2836094 111.54887 0.0296 24.0 37.0
-7.8545117 114.27377 0.0296 24.0 37.0
-7.8545117 114.27377 0.0297 23.0 38.0
-9.425414 116.99868 0.0297 23.0 38.0
-9.425414 116.99868 0.0298 22.0 39.0
-10.996317 119.72359 0.0298 22.0 39.0
-10.996317 119.72359 0.0299 21.0 40.0
-12.567219 122.448494 0.0299 21.0 40.0
-12.567219 122.448494 0.0300 12.0 41.0
-12.567219 125.59378 0.0300 12.0 41.0
-12.567219 125.59378 0.0301 11.0 42.0
-12.567219 128.73907 0.0301 11.0 42.0
-12.567219 128.73907 0.0302 10.0 43.0
-12.567219 131.88437 0.0302 10.0 43.0
-12.567219 131.88437 0.0303 9.0 44.0
-12.567219 135.02966 0.0303 9.0 44.0
-12.567219 135.02966 0.0304 4.0 45.0
-14.138121 137.75456 0.0304 4.0 45.0
-14.138121 137.75456 0.0305 3.0 46.0
-15.7090225 140.47946 0.0305 3.0 46.0
-15.7090225 140.47946 0.0306 0.0 47.0
-15.7090225 143.62476 0.0306 0.0 47.0
-15.7090225 143.62476 0.0307 0.0 48.0
-15.7090225 146.77005 0.0307 0.0 48.0
-15.7090225 140.47946 0.0308 2.0 47.0
-17.279924 143.20436 0.0308 2.0 47.0
-17.279924 143.20436 0.0309 1.0 48.0
-18.850826 145.92926 0.0309 1.0 48.0
-18.850826 145.92926 0.0310 0.0 49.0
-18.850826 149.07455 0.0310 0.0 49.0
-18.850826 149.07455 0.0311 0.0 50.0
-18.850826 152.21985 0.0311 0.0 50.0
-18.850826 145.92926 0.0312 0.0 49.0
-21.572714 147.50539 0.0312 0.0 49.0
-21.572714 147.50539 0.0313 0.0 50.0
-24.294601 149.08151 0.0313 0.0 50.0
-12.567219 135.02966 0.0314 8.0 45.0
-12.567219 138.17496 0.0314 8.0 45.0
-12.567219 138.17496 0.0315 7.0 46.0
-12.567219 141.32025 0.0315 7.0 46.0
-12.567219 141.32025 0.0316 6.0 47.0
-12.567219 144.46555 0.0316 6.0 47.0
-12.567219 144.46555 0.0317 5.0 48.0
-12.567219 147.61084 0.0317 5.0 48.0
-12.567219 147.61084 0.0318 4.0 49.0
-10.996317 150.33574 0.0318 4.0 49.0
-10.996317 150.33574 0.0319 3.0 50.0
-9.425415 153.06064 0.0319 3.0 50.0
-9.425415 153.06064 0.0320 0.0 51.0
-6.7035284 154.63676 0.0320 0.0 51.0
-6.7035284 154.63676 0.0321 0.0 52.0
-3.9816415 156.21289 0.0321 0.0 52.0
-9.425415 153.06064 0.0322 2.0 51.0
-7.8545127 155.78554 0.0322 2.0 51.0
-7.8545127 155.78554 0.0323 1.0 52.0
-6.2836103 158.51044 0.0323 1.0 52.0
-6.2836103 158.51044 0.0324 0.0 53.0
-3.5617235 160.08656 0.0324 0.0 53.0
-3.5617235 160.08656 0.0325 0.0 54.0
-0.8398366 161.66269 0.0325 0.0 54.0
-6.2836103 158.51044 0.0326 0.0 53.0
-6.2836103 161.65573 0.0326 0.0 53.0
-6.2836103 161.65573 0.0327 0.0 54.0
-6.2836103 164.80103 0.0327 0.0 54.0
-12.567219 147.61084 0.0328 4.0 49.0
-14.138121 150.33574 0.0328 4.0 49.0
-14.138121 150.33574 0.0329 3.0 50.0
-15.7090225 153.06064 0.0329 3.0 50.0
-15.7090225 153.06064 0.0330 0.0 51.0
-15.7090225 156.20593 0.0330 0.0 51.0
-15.7090225 156.20593 0.0331 0.0 52.0
-15.7090225 159.35123 0.0331 0.0 52.0
-15.7090225 153.06064 0.0332 2.0 51.0
-17.279924 155.78554 0.0332 2.0 51.0
-17.279924 155.78554 0.0333 1.0 52.0
-18.850826 158.51044 0.0333 1.0 52.0
-18.850826 158.51044 0.0334 0.0 53.0
-18.850826 161.65573 0.0334 0.0 53.0
-18.850826 161.65573 0.0335 0.0 54.0
-18.850826 164.80103 0.0335 0.0 54.0
-18.850826 158.51044 0.0336 0.0 53.0
-21.572714 160.08656 0.0336 0.0 53.0
-21.572714 160.08656 0.0337 0.0 54.0
-24.294601 161.66269 0.0337 0.0 54.0
-12.567219 122.448494 0.0338 20.0 41.0
-14.138121 125.1734 0.0338 20.0 41.0
-14.138121 125.1734 0.0339 19.0 42.0
-15.7090225 127.89831 0.0339 19.0 42.0
-15.7090225 127.89831 0.0340 18.0 43.0
-17.279924 130.62321 0.0340 18.0 43.0
-17.279924 130.62321 0.0341 17.0 44.0
-18.850826 133.34811 0.0341 17.0 44.0
-18.850826 133.34811 0.0342 16.0 45.0
-20.421728 136.07301 0.0342 16.0 45.0
-20.421728 136.07301 0.0343 15.0 46.0
-21.99263 138.79791 0.0343 15.0 46.0
-21.99263 138.79791 0.0344 14.0 47.0
-23.563532 141.52281 0.0344 14.0 47.0
-23.563532 141.52281 0.0345 13.0 48.0
-25.134434 144.24771 0.0345 13.0 48.0
-25.134434 144.24771 0.0346 12.0 49.0
-25.134434 147.393 0.0346 12.0 49.0
-25.134434 147.393 0.0347 11.0 50.0
-25.134434 150.5383 0.0347 11.0 50.0
-25.134434 150.5383 0.0348 10.0 51.0
-25.134434 153.6836 0.0348 10.0 51.0
-25.134434 153.6836 0.0349 9.0 52.0
-25.134434 156.82889 0.0349 9.0 52.0
-25.134434 156.82889 0.0350 4.0 53.0
-26.705336 159.55379 0.0350 4.0 53.0
-26.705336 159.55379 0.0351 3.0 54.0
-28.276237 162.27869 0.0351 3.0 54.0
-28.276237 162.27869 0.0352 0.0 55.0
-28.276237 165.42398 0.0352 0.0 55.0
-28.276237 165.42398 0.0353 0.0 56.0
-28.276237 168.56927 0.0353 0.0 56.0
-28.276237 162.27869 0.0354 2.0 55.0
-29.84714 165.00359 0.0354 2.0 55.0
-29.84714 165.00359 0.0355 1.0 56.0
-31.418041 167.72849 0.0355 1.0 56.0
-31.418041 167.72849 0.0356 0.0 57.0
-31.418041 170.87378 0.0356 0.0 57.0
-31.418041 170.87378 0.0357 0.0 58.0
-31.418041 174.01907 0.0357 0.0 58.0
-31.418041 167.72849 0.0358 0.0 57.0
-34.139927 169.30461 0.0358 0.0 57.0
-34.139927 169.30461 0.0359 0.0 58.0
-36.861813 170.88074 0.0359 0.0 58.0
-25.134434 156.82889 0.0360 8.0 53.0
-25.134434 159.97418 0.0360 8.0 53.0
-25.134434 159.97418 0.0361 7.0 54.0
-25.134434 163.11948 0.0361 7.0 54.0
-25.134434 163.11948 0.0362 6.0 55.0
-25.134434 166.26477 0.0362 6.0 55.0
-25.134434 166.26477 0.0363 5.0 56.0
-25.134434 169.41006 0.0363 5.0 56.0
-25.134434 169.41006 0.0364 4.0 57.0
-23.563532 172.13496 0.0364 4.0 57.0
-23.563532 172.13496 0.0365 3.0 58.0
-21.99263 174.85986 0.0365 3.0 58.0
-21.99263 174.85986 0.0366 0.0 59.0
-19.270742 176.43599 0.0366 0.0 59.0
-19.270742 176.43599 0.0367 0.0 60.0
-16.548855 178.01212 0.0367 0.0 60.0
-21.99263 174.85986 0.0368 2.0 59.0
-20.421728 177.58476 0.0368 2.0 59.0
-20.421728 177.58476 0.0369 1.0 60.0
-18.850826 180.30966 0.0369 1.0 60.0
-18.850826 180.30966 0.0370 0.0 61.0
-16.128939 181.88579 0.0370 0.0 61.0
-16.128939 181.88579 0.0371 0.0 62.0
-13.407052 183.46191 0.0371 0.0 62.0
-18.850826 180.30966 0.0372 0.0 61.0
-18.850826 183.45496 0.0372 0.0 61.0
-18.850826 183.45496 0.0373 0.0 62.0
-18.850826 186.60025 0.0373 0.0 62.0
-25.134434 169.41006 0.0374 4.0 57.0
-26.705336 172.13496 0.0374 4.0 57.0
-26.705336 172.13496 0.0375 3.0 58.0
-28.276237 174.85986 0.0375 3.0 58.0
-28.276237 174.85986 0.0376 0.0 59.0
-28.276237 178.00516 0.0376 0.0 59.0
-28.276237 178.00516 0.0377 0.0 60.0
-28.276237 181.15045 0.0377 0.0 60.0
-28.276237 174.85986 0.0378 2.0 59.0
-29.84714 177.58476 0.0378 2.0 59.0
-29.84714 177.58476 0.0379 1.0 60.0
-31.418041 180.30966 0.0379 1.0 60.0
-31.418041 180.30966 0.0380 0.0 61.0
-31.418041 183.45496 0.0380 0.0 61.0
-31.418041 183.45496 0.0381 0.0 62.0
-31.418041 186.60025 0.0381 0.0 62.0
-31.418041 180.30966 0.0382 0.0 61.0
-34.139927 181.88579 0.0382 0.0 61.0
-34.139927 181.88579 0.0383 0.0 62.0
-36.861813 183.46191 0.0383 0.0 62.0
-25.134434 144.24771 0.0384 12.0 49.0
-27.856321 145.82384 0.0384 12.0 49.0
-27.856321 145.82384 0.0385 11.0 50.0
-30.578209 147.39996 0.0385 11.0 50.0
-30.578209 147.39996 0.0386 10.0 51.0
-33.300095 148.97609 0.0386 10.0 51.0
-33.300095 148.97609 0.0387 9.0 52.0
-36.02198 150.55222 0.0387 9.0 52.0
-36.02198 150.55222 0.0388 4.0 53.0
-39.167263 150.55824 0.0388 4.0 53.0
-39.167263 150.55824 0.0389 3.0 54.0
-42.312546 150.56427 0.0389 3.0 54.0
-42.312546 150.56427 0.0390 0.0 55.0
-45.03443 152.1404 0.0390 0.0 55.0
-45.03443 152.1404 0.0391 0.0 56.0
-47.756317 153.71652 0.0391 0.0 56.0
-42.312546 150.56427 0.0392 2.0 55.0
-45.45783 150.5703 0.0392 2.0 55.0
-45.45783 150.5703 0.0393 1.0 56.0
-48.60311 150.57632 0.0393 1.0 56.0
-48.60311 150.57632 0.0394 0.0 57.0
-51.324997 152.15245 0.0394 0.0 57.0
-51.324997 152.15245 0.0395 0.0 58.0
-54.046883 153.72858 0.0395 0.0 58.0
-48.60311 150.57632 0.0396 0.0 57.0
-51.331024 149.01065 0.0396 0.0 57.0
-51.331024 149.01065 0.0397 0.0 58.0
-54.058937 147.44498 0.0397 0.0 58.0
-36.02198 150.55222 0.0398 8.0 53.0
-38.743866 152.12834 0.0398 8.0 53.0
-38.743866 152.12834 0.0399 7.0 54.0
-41.46575 153.70447 0.0399 7.0 54.0
-41.46575 153.70447 0.0400 6.0 55.0
-44.187637 155.2806 0.0400 6.0 55.0
-44.187637 155.2806 0.0401 5.0 56.0
-46.909523 156.85672 0.0401 5.0 56.0
-46.909523 156.85672 0.0402 4.0 57.0
-48.480427 159.58162 0.0402 4.0 57.0
-48.480427 159.58162 0.0403 3.0 58.0
-50.05133 162.30652 0.0403 3.0 58.0
-50.05133 162.30652 0.0404 0.0 59.0
-50.05133 165.45181 0.0404 0.0 59.0
-50.05133 165.45181 0.0405 0.0 60.0
-50.05133 168.5971 0.0405 0.0 60.0
-50.05133 162.30652 0.0406 2.0 59.0
-51.622234 165.03142 0.0406 2.0 59.0
-51.622234 165.03142 0.0407 1.0 60.0
-53.19314 167.75632 0.0407 1.0 60.0
-53.19314 167.75632 0.0408 0.0 61.0
-53.19314 170.90161 0.0408 0.0 61.0
-53.19314 170.90161 0.0409 0.0 62.0
-53.19314 174.0469 0.0409 0.0 62.0
-53.19314 167.75632 0.0410 0.0 61.0
-55.915024 169.33244 0.0410 0.0 61.0
-55.915024 169.33244 0.0411 0.0 62.0
-58.63691 170.90857 0.0411 0.0 62.0
-46.909523 156.85672 0.0412 4.0 57.0
-50.054806 156.86275 0.0412 4.0 57.0
-50.054806 156.86275 0.0413 3.0 58.0
-53.20009 156.86877 0.0413 3.0 58.0
-53.20009 156.86877 0.0414 0.0 59.0
-55.921974 158.4449 0.0414 0.0 59.0
-55.921974 158.4449 0.0415 0.0 60.0
-58.64386 160.02103 0.0415 0.0 60.0
-53.20009 156.86877 0.0416 2.0 59.0
-56.34537 156.8748 0.0416 2.0 59.0
-56.34537 156.8748 0.0417 1.0 60.0
-59.490654 156.88083 0.0417 1.0 60.0
-59.490654 156.88083 0.0418 0.0 61.0
-62.21254 158.45695 0.0418 0.0 61.0
-62.21254 158.45695 0.0419 0.0 62.0
-64.934425 160.03308 0.0419 0.0 62.0
-59.490654 156.88083 0.0420 0.0 61.0
-62.218567 155.31516 0.0420 0.0 61.0
-62.218567 155.31516 0.0421 0.0 62.0
-64.94648 153.74948 0.0421 0.0 62.0
