0.0 0.0 0.00 14.0 1.0
0.0 1.5185142 0.00 14.0 1.0
0.0 1.5185142 0.01 0.0 2.0
-0.5244955 2.943572 0.01 0.0 2.0
0.0 1.5185142 0.02 13.0 2.0
0.0 3.0370283 0.02 13.0 2.0
0.0 3.0370283 0.03 0.0 3.0
0.5244955 4.462086 0.03 0.0 3.0
0.5244955 4.462086 0.04 0.0 4.0
0.5244955 5.9806004 0.04 0.0 4.0
0.5244955 4.462086 0.05 0.0 4.0
1.048991 5.887144 0.05 0.0 4.0
0.0 3.0370283 0.06 12.0 3.0
0.0 4.5555425 0.06 12.0 3.0
0.0 4.5555425 0.07 0.0 4.0
-0.5244955 5.9806004 0.07 0.0 4.0
0.0 4.5555425 0.08 11.0 4.0
0.0 6.0740566 0.08 11.0 4.0
0.0 6.0740566 0.09 2.0 5.0
0.5244955 7.4991145 0.09 2.0 5.0
0.5244955 7.4991145 0.010 0.0 6.0
0.5244955 9.017629 0.010 0.0 6.0
0.5244955 7.4991145 0.011 1.0 6.0
1.048991 8.924172 0.011 1.0 6.0
1.048991 8.924172 0.012 0.0 7.0
2.033422 10.080364 0.012 0.0 7.0
2.033422 10.080364 0.013 0.0 8.0
2.5579176 11.505422 0.013 0.0 8.0
2.033422 10.080364 0.014 0.0 8.0
3.0178533 11.236556 0.014 0.0 8.0
1.048991 8.924172 0.015 0.0 7.0
1.5734864 10.34923 0.015 0.0 7.0
1.5734864 10.34923 0.016 0.0 8.0
1.5734864 11.867744 0.016 0.0 8.0
1.5734864 10.34923 0.017 0.0 8.0
2.097982 11.774287 0.017 0.0 8.0
0.0 6.0740566 0.018 10.0 5.0
0.0 7.592571 0.018 10.0 5.0
0.0 7.592571 0.019 0.0 6.0
-0.5244955 9.017629 0.019 0.0 6.0
0.0 7.592571 0.020 9.0 6.0
0.0 9.111085 0.020 9.0 6.0
0.0 9.111085 0.021 0.0 7.0
0.5244955 10.536142 0.021 0.0 7.0
0.5244955 10.536142 0.022 0.0 8.0
0.5244955 12.054657 0.022 0.0 8.0
0.5244955 10.536142 0.023 0.0 8.0
1.048991 11.9612 0.023 0.0 8.0
0.0 9.111085 0.024 8.0 7.0
0.0 10.629599 0.024 8.0 7.0
0.0 10.629599 0.025 0.0 8.0
-0.5244955 12.054656 0.025 0.0 8.0
0.0 10.629599 0.026 7.0 8.0
0.0 12.148113 0.026 7.0 8.0
0.0 12.148113 0.027 6.0 9.0
0.5244955 13.573171 0.027 6.0 9.0
0.5244955 13.573171 0.028 0.0 10.0
0.5244955 15.091684 0.028 0.0 10.0
0.5244955 13.573171 0.029 5.0 10.0
1.048991 14.998228 0.029 5.0 10.0
1.048991 14.998228 0.030 0.0 11.0
2.033422 16.15442 0.030 0.0 11.0
2.033422 16.15442 0.031 0.0 12.0
2.5579176 17.57948 0.031 0.0 12.0
2.033422 16.15442 0.032 0.0 12.0
3.0178533 17.310614 0.032 0.0 12.0
1.048991 14.998228 0.033 4.0 11.0
1.5734864 16.423286 0.033 4.0 11.0
1.5734864 16.423286 0.034 0.0 12.0
1.5734864 17.941801 0.034 0.0 12.0
1.5734864 16.423286 0.035 3.0 12.0
2.097982 17.848345 0.035 3.0 12.0
2.097982 17.848345 0.036 2.0 13.0
3.0824132 19.004538 0.036 2.0 13.0
3.0824132 19.004538 0.037 0.0 14.0
3.6069088 20.429596 0.037 0.0 14.0
3.0824132 19.004538 0.038 1.0 14.0
4.0668445 20.16073 0.038 1.0 14.0
4.0668445 20.16073 0.039 0.0 15.0
5.3900385 20.905743 0.039 0.0 15.0
5.3900385 20.905743 0.040 0.0 16.0
6.3744698 22.061935 0.040 0.0 16.0
5.3900385 20.905743 0.041 0.0 16.0
6.7132325 21.650755 0.041 0.0 16.0
4.0668445 20.16073 0.042 0.0 15.0
5.0512757 21.316923 0.042 0.0 15.0
5.0512757 21.316923 0.043 0.0 16.0
5.5757713 22.741982 0.043 0.0 16.0
5.0512757 21.316923 0.044 0.0 16.0
6.035707 22.473116 0.044 0.0 16.0
2.097982 17.848345 0.045 2.0 13.0
2.6224775 19.273403 0.045 2.0 13.0
2.6224775 19.273403 0.046 0.0 14.0
2.6224775 20.791918 0.046 0.0 14.0
2.6224775 19.273403 0.047 1.0 14.0
3.1469731 20.698462 0.047 1.0 14.0
3.1469731 20.698462 0.048 0.0 15.0
4.1314044 21.854654 0.048 0.0 15.0
4.1314044 21.854654 0.049 0.0 16.0
4.6559 23.279713 0.049 0.0 16.0
4.1314044 21.854654 0.050 0.0 16.0
5.1158357 23.010847 0.050 0.0 16.0
3.1469731 20.698462 0.051 0.0 15.0
3.6714687 22.12352 0.051 0.0 15.0
3.6714687 22.12352 0.052 0.0 16.0
3.6714687 23.642035 0.052 0.0 16.0
3.6714687 22.12352 0.053 0.0 16.0
4.1959643 23.548578 0.053 0.0 16.0
0.0 12.148113 0.054 6.0 9.0
0.0 13.666628 0.054 6.0 9.0
0.0 13.666628 0.055 0.0 10.0
-0.5244955 15.091685 0.055 0.0 10.0
0.0 13.666628 0.056 5.0 10.0
0.0 15.1851425 0.056 5.0 10.0
0.0 15.1851425 0.057 0.0 11.0
0.5244955 16.6102 0.057 0.0 11.0
0.5244955 16.6102 0.058 0.0 12.0
0.5244955 18.128716 0.058 0.0 12.0
0.5244955 16.6102 0.059 0.0 12.0
1.048991 18.03526 0.059 0.0 12.0
0.0 15.1851425 0.060 4.0 11.0
0.0 16.703657 0.060 4.0 11.0
0.0 16.703657 0.061 0.0 12.0
-0.5244955 18.128716 0.061 0.0 12.0
0.0 16.703657 0.062 3.0 12.0
0.0 18.222172 0.062 3.0 12.0
0.0 18.222172 0.063 2.0 13.0
0.5244955 19.64723 0.063 2.0 13.0
0.5244955 19.64723 0.064 0.0 14.0
0.5244955 21.165745 0.064 0.0 14.0
0.5244955 19.64723 0.065 1.0 14.0
1.048991 21.072289 0.065 1.0 14.0
1.048991 21.072289 0.066 0.0 15.0
2.033422 22.228481 0.066 0.0 15.0
2.033422 22.228481 0.067 0.0 16.0
2.5579176 23.65354 0.067 0.0 16.0
2.033422 22.228481 0.068 0.0 16.0
3.0178533 23.384674 0.068 0.0 16.0
1.048991 21.072289 0.069 0.0 15.0
1.5734864 22.497347 0.069 0.0 15.0
1.5734864 22.497347 0.070 0.0 16.0
1.5734864 24.015862 0.070 0.0 16.0
1.5734864 22.497347 0.071 0.0 16.0
2.097982 23.922405 0.071 0.0 16.0
0.0 18.222172 0.072 2.0 13.0
0.0 19.740686 0.072 2.0 13.0
0.0 19.740686 0.073 0.0 14.0
-0.5244955 21.165745 0.073 0.0 14.0
0.0 19.740686 0.074 1.0 14.0
0.0 21.259201 0.074 1.0 14.0
0.0 21.259201 0.075 0.0 15.0
0.5244955 22.68426 0.075 0.0 15.0
0.5244955 22.68426 0.076 0.0 16.0
0.5244955 24.202774 0.076 0.0 16.0
0.5244955 22.68426 0.077 0.0 16.0
1.048991 24.109318 0.077 0.0 16.0
0.0 21.259201 0.078 0.0 15.0
0.0 22.777716 0.078 0.0 15.0
0.0 22.777716 0.079 0.0 16.0
-0.5244955 24.202774 0.079 0.0 16.0
0.0 22.777716 0.080 0.0 16.0
0.0 24.29623 0.080 0.0 16.0
