0.0 0.0 0.00 28.0 1.0
0.0 1.8835814 0.00 28.0 1.0
0.0 1.8835814 0.01 27.0 2.0
0.0 3.7671628 0.01 27.0 2.0
0.0 3.7671628 0.02 26.0 3.0
0.0 5.6507444 0.02 26.0 3.0
0.0 5.6507444 0.03 25.0 4.0
0.0 7.5343256 0.03 25.0 4.0
0.0 7.5343256 0.04 24.0 5.0
0.0 9.417907 0.04 24.0 5.0
0.0 9.417907 0.05 23.0 6.0
0.0 11.301488 0.05 23.0 6.0
0.0 11.301488 0.06 22.0 7.0
0.0 13.185069 0.06 22.0 7.0
0.0 13.185069 0.07 21.0 8.0
0.0 15.06865 0.07 21.0 8.0
0.0 15.06865 0.08 12.0 9.0
-0.5766898 16.861778 0.08 12.0 9.0
-0.5766898 16.861778 0.09 11.0 10.0
-1.1533796 18.654905 0.09 11.0 10.0
-1.1533796 18.654905 0.010 10.0 11.0
-1.7300694 20.448032 0.010 10.0 11.0
-1.7300694 20.448032 0.011 9.0 12.0
-2.306759 22.24116 0.011 9.0 12.0
-2.306759 22.24116 0.012 4.0 13.0
-3.4047513 23.771614 0.012 4.0 13.0
-3.4047513 23.771614 0.013 3.0 14.0
-4.5027432 25.302069 0.013 3.0 14.0
-4.5027432 25.302069 0.014 0.0 15.0
-6.0165815 26.42286 0.014 0.0 15.0
-6.0165815 26.42286 0.015 0.0 16.0
-7.53042 27.54365 0.015 0.0 16.0
-4.5027432 25.302069 0.016 0.0 15.0
-5.079433 27.095196 0.016 0.0 15.0
-5.079433 27.095196 0.017 0.0 16.0
-5.6561227 28.888323 0.017 0.0 16.0
-4.5027432 25.302069 0.018 2.0 15.0
-5.600735 26.832523 0.018 2.0 15.0
-5.600735 26.832523 0.019 1.0 16.0
-6.698727 28.362978 0.019 1.0 16.0
-6.698727 28.362978 0.020 0.0 17.0
-7.796719 29.893433 0.020 0.0 17.0
-7.796719 29.893433 0.021 0.0 18.0
-8.8947115 31.423887 0.021 0.0 18.0
-2.306759 22.24116 0.022 4.0 13.0
-2.306759 24.12474 0.022 4.0 13.0
-2.306759 24.12474 0.023 3.0 14.0
-2.306759 26.008322 0.023 3.0 14.0
-2.306759 26.008322 0.024 0.0 15.0
-2.8834488 27.801449 0.024 0.0 15.0
-2.8834488 27.801449 0.025 0.0 16.0
-3.4601386 29.594576 0.025 0.0 16.0
-2.306759 26.008322 0.026 0.0 15.0
-1.7300694 27.801449 0.026 0.0 15.0
-1.7300694 27.801449 0.027 0.0 16.0
-1.1533797 29.594576 0.027 0.0 16.0
-2.306759 26.008322 0.028 2.0 15.0
-2.306759 27.891903 0.028 2.0 15.0
-2.306759 27.891903 0.029 1.0 16.0
-2.306759 29.775484 0.029 1.0 16.0
-2.306759 29.775484 0.030 0.0 17.0
-2.306759 31.659065 0.030 0.0 17.0
-2.306759 31.659065 0.031 0.0 18.0
-2.306759 33.54265 0.031 0.0 18.0
-2.306759 22.24116 0.032 8.0 13.0
-2.8834488 24.034286 0.032 8.0 13.0
-2.8834488 24.034286 0.033 7.0 14.0
-3.4601386 25.827414 0.033 7.0 14.0
-3.4601386 25.827414 0.034 6.0 15.0
-4.0368285 27.62054 0.034 6.0 15.0
-4.0368285 27.62054 0.035 5.0 16.0
-4.613518 29.413668 0.035 5.0 16.0
-4.613518 29.413668 0.036 4.0 17.0
-5.190208 31.206795 0.036 4.0 17.0
-5.190208 31.206795 0.037 3.0 18.0
-5.7668977 32.999924 0.037 3.0 18.0
-5.7668977 32.999924 0.038 0.0 19.0
-6.8648896 34.53038 0.038 0.0 19.0
-6.8648896 34.53038 0.039 0.0 20.0
-7.9628816 36.060837 0.039 0.0 20.0
-5.7668977 32.999924 0.040 0.0 19.0
-5.7668977 34.883507 0.040 0.0 19.0
-5.7668977 34.883507 0.041 0.0 20.0
-5.7668977 36.76709 0.041 0.0 20.0
-5.7668977 32.999924 0.042 2.0 19.0
-6.3435874 34.793053 0.042 2.0 19.0
-6.3435874 34.793053 0.043 1.0 20.0
-6.920277 36.58618 0.043 1.0 20.0
-6.920277 36.58618 0.044 0.0 21.0
-7.496967 38.37931 0.044 0.0 21.0
-7.496967 38.37931 0.045 0.0 22.0
-8.073657 40.17244 0.045 0.0 22.0
0.0 15.06865 0.046 12.0 9.0
0.5766898 16.861778 0.046 12.0 9.0
0.5766898 16.861778 0.047 11.0 10.0
1.1533796 18.654905 0.047 11.0 10.0
1.1533796 18.654905 0.048 10.0 11.0
1.7300694 20.448032 0.048 10.0 11.0
1.7300694 20.448032 0.049 9.0 12.0
2.306759 22.24116 0.049 9.0 12.0
2.306759 22.24116 0.050 4.0 13.0
2.306759 24.12474 0.050 4.0 13.0
2.306759 24.12474 0.051 3.0 14.0
2.306759 26.008322 0.051 3.0 14.0
2.306759 26.008322 0.052 0.0 15.0
1.7300694 27.801449 0.052 0.0 15.0
1.7300694 27.801449 0.053 0.0 16.0
1.1533797 29.594576 0.053 0.0 16.0
2.306759 26.008322 0.054 0.0 15.0
2.8834488 27.801449 0.054 0.0 15.0
2.8834488 27.801449 0.055 0.0 16.0
3.4601386 29.594576 0.055 0.0 16.0
2.306759 26.008322 0.056 2.0 15.0
2.306759 27.891903 0.056 2.0 15.0
2.306759 27.891903 0.057 1.0 16.0
2.306759 29.775484 0.057 1.0 16.0
2.306759 29.775484 0.058 0.0 17.0
2.306759 31.659065 0.058 0.0 17.0
2.306759 31.659065 0.059 0.0 18.0
2.306759 33.54265 0.059 0.0 18.0
2.306759 22.24116 0.060 4.0 13.0
3.4047513 23.771614 0.060 4.0 13.0
3.4047513 23.771614 0.061 3.0 14.0
4.5027432 25.302069 0.061 3.0 14.0
4.5027432 25.302069 0.062 0.0 15.0
5.079433 27.095196 0.062 0.0 15.0
5.079433 27.095196 0.063 0.0 16.0
5.6561227 28.888323 0.063 0.0 16.0
4.5027432 25.302069 0.064 0.0 15.0
6.0165815 26.42286 0.064 0.0 15.0
6.0165815 26.42286 0.065 0.0 16.0
7.53042 27.54365 0.065 0.0 16.0
4.5027432 25.302069 0.066 2.0 15.0
5.600735 26.832523 0.066 2.0 15.0
5.600735 26.832523 0.067 1.0 16.0
6.698727 28.362978 0.067 1.0 16.0
6.698727 28.362978 0.068 0.0 17.0
7.796719 29.893433 0.068 0.0 17.0
7.796719 29.893433 0.069 0.0 18.0
8.8947115 31.423887 0.069 0.0 18.0
2.306759 22.24116 0.070 8.0 13.0
2.8834488 24.034286 0.070 8.0 13.0
2.8834488 24.034286 0.071 7.0 14.0
3.4601386 25.827414 0.071 7.0 14.0
3.4601386 25.827414 0.072 6.0 15.0
4.0368285 27.62054 0.072 6.0 15.0
4.0368285 27.62054 0.073 5.0 16.0
4.613518 29.413668 0.073 5.0 16.0
4.613518 29.413668 0.074 4.0 17.0
5.190208 31.206795 0.074 4.0 17.0
5.190208 31.206795 0.075 3.0 18.0
5.7668977 32.999924 0.075 3.0 18.0
5.7668977 32.999924 0.076 0.0 19.0
5.7668977 34.883507 0.076 0.0 19.0
5.7668977 34.883507 0.077 0.0 20.0
5.7668977 36.76709 0.077 0.0 20.0
5.7668977 32.999924 0.078 0.0 19.0
6.8648896 34.53038 0.078 0.0 19.0
6.8648896 34.53038 0.079 0.0 20.0
7.9628816 36.060837 0.079 0.0 20.0
5.7668977 32.999924 0.080 2.0 19.0
6.3435874 34.793053 0.080 2.0 19.0
6.3435874 34.793053 0.081 1.0 20.0
6.920277 36.58618 0.081 1.0 20.0
6.920277 36.58618 0.082 0.0 21.0
7.496967 38.37931 0.082 0.0 21.0
7.496967 38.37931 0.083 0.0 22.0
8.073657 40.17244 0.083 0.0 22.0
0.0 15.06865 0.084 20.0 9.0
0.0 16.952232 0.084 20.0 9.0
0.0 16.952232 0.085 19.0 10.0
0.0 18.835814 0.085 19.0 10.0
0.0 18.835814 0.086 18.0 11.0
0.0 20.719395 0.086 18.0 11.0
0.0 20.719395 0.087 17.0 12.0
0.0 22.602976 0.087 17.0 12.0
0.0 22.602976 0.088 16.0 13.0
0.0 24.486557 0.088 16.0 13.0
0.0 24.486557 0.089 15.0 14.0
0.0 26.370138 0.089 15.0 14.0
0.0 26.370138 0.090 14.0 15.0
0.0 28.25372 0.090 14.0 15.0
0.0 28.25372 0.091 13.0 16.0
0.0 30.1373 0.091 13.0 16.0
0.0 30.1373 0.092 12.0 17.0
0.0 32.02088 0.092 12.0 17.0
0.0 32.02088 0.093 11.0 18.0
0.0 33.904465 0.093 11.0 18.0
0.0 33.904465 0.094 10.0 19.0
0.0 35.788048 0.094 10.0 19.0
0.0 35.788048 0.095 9.0 20.0
0.0 37.67163 0.095 9.0 20.0
0.0 37.67163 0.096 4.0 21.0
-0.5766898 39.46476 0.096 4.0 21.0
-0.5766898 39.46476 0.097 3.0 22.0
-1.1533796 41.25789 0.097 3.0 22.0
-1.1533796 41.25789 0.098 0.0 23.0
-2.2513716 42.788345 0.098 0.0 23.0
-2.2513716 42.788345 0.099 0.0 24.0
-3.3493638 44.3188 0.099 0.0 24.0
-1.1533796 41.25789 0.0100 0.0 23.0
-1.1533796 43.14147 0.0100 0.0 23.0
-1.1533796 43.14147 0.0101 0.0 24.0
-1.1533796 45.025055 0.0101 0.0 24.0
-1.1533796 41.25789 0.0102 2.0 23.0
-1.7300694 43.051018 0.0102 2.0 23.0
-1.7300694 43.051018 0.0103 1.0 24.0
-2.306759 44.844147 0.0103 1.0 24.0
-2.306759 44.844147 0.0104 0.0 25.0
-2.8834488 46.637276 0.0104 0.0 25.0
-2.8834488 46.637276 0.0105 0.0 26.0
-3.4601386 48.430405 0.0105 0.0 26.0
0.0 37.67163 0.0106 4.0 21.0
0.5766898 39.46476 0.0106 4.0 21.0
0.5766898 39.46476 0.0107 3.0 22.0
1.1533796 41.25789 0.0107 3.0 22.0
1.1533796 41.25789 0.0108 0.0 23.0
1.1533796 43.14147 0.0108 0.0 23.0
1.1533796 43.14147 0.0109 0.0 24.0
1.1533796 45.025055 0.0109 0.0 24.0
1.1533796 41.25789 0.0110 0.0 23.0
2.2513716 42.788345 0.0110 0.0 23.0
2.2513716 42.788345 0.0111 0.0 24.0
3.3493638 44.3188 0.0111 0.0 24.0
1.1533796 41.25789 0.0112 2.0 23.0
1.7300694 43.051018 0.0112 2.0 23.0
1.7300694 43.051018 0.0113 1.0 24.0
2.306759 44.844147 0.0113 1.0 24.0
2.306759 44.844147 0.0114 0.0 25.0
2.8834488 46.637276 0.0114 0.0 25.0
2.8834488 46.637276 0.0115 0.0 26.0
3.4601386 48.430405 0.0115 0.0 26.0
0.0 37.67163 0.0116 8.0 21.0
0.0 39.555214 0.0116 8.0 21.0
0.0 39.555214 0.0117 7.0 22.0
0.0 41.438797 0.0117 7.0 22.0
0.0 41.438797 0.0118 6.0 23.0
0.0 43.32238 0.0118 6.0 23.0
0.0 43.32238 0.0119 5.0 24.0
0.0 45.205963 0.0119 5.0 24.0
0.0 45.205963 0.0120 4.0 25.0
0.0 47.089546 0.0120 4.0 25.0
0.0 47.089546 0.0121 3.0 26.0
0.0 48.97313 0.0121 3.0 26.0
0.0 48.97313 0.0122 0.0 27.0
-0.5766898 50.76626 0.0122 0.0 27.0
-0.5766898 50.76626 0.0123 0.0 28.0
-1.1533796 52.559387 0.0123 0.0 28.0
0.0 48.97313 0.0124 0.0 27.0
0.5766898 50.76626 0.0124 0.0 27.0
0.5766898 50.76626 0.0125 0.0 28.0
1.1533796 52.559387 0.0125 0.0 28.0
0.0 48.97313 0.0126 2.0 27.0
0.0 50.856712 0.0126 2.0 27.0
0.0 50.856712 0.0127 1.0 28.0
0.0 52.740295 0.0127 1.0 28.0
0.0 52.740295 0.0128 0.0 29.0
0.0 54.62388 0.0128 0.0 29.0
0.0 54.62388 0.0129 0.0 30.0
0.0 56.50746 0.0129 0.0 30.0
