0.0 0.0 0.00 43.0 1.0
0.0 3.389011 0.00 43.0 1.0
0.0 3.389011 0.01 42.0 2.0
0.0 6.778022 0.01 42.0 2.0
0.0 6.778022 0.02 41.0 3.0
0.0 10.167032 0.02 41.0 3.0
0.0 10.167032 0.03 40.0 4.0
0.0 13.556044 0.03 40.0 4.0
0.0 13.556044 0.04 39.0 5.0
0.0 16.945055 0.04 39.0 5.0
0.0 16.945055 0.05 38.0 6.0
0.0 20.334066 0.05 38.0 6.0
0.0 20.334066 0.06 37.0 7.0
0.0 23.723078 0.06 37.0 7.0
0.0 23.723078 0.07 36.0 8.0
0.0 27.11209 0.07 36.0 8.0
0.0 27.11209 0.08 19.0 9.0
1.5814699 30.10948 0.08 19.0 9.0
1.5814699 30.10948 0.09 18.0 10.0
3.1629398 33.10687 0.09 18.0 10.0
3.1629398 33.10687 0.010 17.0 11.0
4.7444096 36.10426 0.010 17.0 11.0
4.7444096 36.10426 0.011 16.0 12.0
6.3258796 39.10165 0.011 16.0 12.0
6.3258796 39.10165 0.012 7.0 13.0
9.1233225 41.014687 0.012 7.0 13.0
9.1233225 41.014687 0.013 6.0 14.0
11.920765 42.927723 0.013 6.0 14.0
11.920765 42.927723 0.014 1.0 15.0
15.287658 43.31428 0.014 1.0 15.0
15.287658 43.31428 0.015 0.0 16.0
18.65455 43.70084 0.015 0.0 16.0
18.65455 43.70084 0.016 0.0 17.0
21.451994 45.613876 0.016 0.0 17.0
11.920765 42.927723 0.017 1.0 15.0
14.718208 44.84076 0.017 1.0 15.0
14.718208 44.84076 0.018 0.0 16.0
17.515652 46.753796 0.018 0.0 16.0
17.515652 46.753796 0.019 0.0 17.0
19.097122 49.751186 0.019 0.0 17.0
11.920765 42.927723 0.020 5.0 15.0
14.718208 44.84076 0.020 5.0 15.0
14.718208 44.84076 0.021 4.0 16.0
17.515652 46.753796 0.021 4.0 16.0
17.515652 46.753796 0.022 3.0 17.0
19.097122 49.751186 0.022 3.0 17.0
19.097122 49.751186 0.023 2.0 18.0
20.678593 52.748577 0.023 2.0 18.0
20.678593 52.748577 0.024 1.0 19.0
22.260063 55.745968 0.024 1.0 19.0
22.260063 55.745968 0.025 0.0 20.0
23.841534 58.74336 0.025 0.0 20.0
23.841534 58.74336 0.026 0.0 21.0
23.841534 62.13237 0.026 0.0 21.0
17.515652 46.753796 0.027 1.0 17.0
20.882545 47.140354 0.027 1.0 17.0
20.882545 47.140354 0.028 0.0 18.0
24.24944 47.526913 0.028 0.0 18.0
24.24944 47.526913 0.029 0.0 19.0
27.046883 49.43995 0.029 0.0 19.0
6.3258796 39.10165 0.030 7.0 13.0
9.692773 39.48821 0.030 7.0 13.0
9.692773 39.48821 0.031 6.0 14.0
13.059666 39.874767 0.031 6.0 14.0
13.059666 39.874767 0.032 1.0 15.0
16.217878 38.645508 0.032 1.0 15.0
16.217878 38.645508 0.033 0.0 16.0
19.376091 37.41625 0.033 0.0 16.0
19.376091 37.41625 0.034 0.0 17.0
22.742985 37.802807 0.034 0.0 17.0
13.059666 39.874767 0.035 1.0 15.0
16.42656 40.261326 0.035 1.0 15.0
16.42656 40.261326 0.036 0.0 16.0
19.793453 40.647884 0.036 0.0 16.0
19.793453 40.647884 0.037 0.0 17.0
22.590897 42.56092 0.037 0.0 17.0
13.059666 39.874767 0.038 5.0 15.0
16.42656 40.261326 0.038 5.0 15.0
16.42656 40.261326 0.039 4.0 16.0
19.793453 40.647884 0.039 4.0 16.0
19.793453 40.647884 0.040 3.0 17.0
22.590897 42.56092 0.040 3.0 17.0
22.590897 42.56092 0.041 2.0 18.0
25.38834 44.473957 0.041 2.0 18.0
25.38834 44.473957 0.042 1.0 19.0
28.185783 46.386993 0.042 1.0 19.0
28.185783 46.386993 0.043 0.0 20.0
30.983227 48.30003 0.043 0.0 20.0
30.983227 48.30003 0.044 0.0 21.0
32.564697 51.29742 0.044 0.0 21.0
19.793453 40.647884 0.045 1.0 17.0
22.951666 39.418625 0.045 1.0 17.0
22.951666 39.418625 0.046 0.0 18.0
26.109879 38.189365 0.046 0.0 18.0
26.109879 38.189365 0.047 0.0 19.0
29.476772 38.575924 0.047 0.0 19.0
6.3258796 39.10165 0.048 15.0 13.0
7.9073496 42.09904 0.048 15.0 13.0
7.9073496 42.09904 0.049 14.0 14.0
9.488819 45.09643 0.049 14.0 14.0
9.488819 45.09643 0.050 13.0 15.0
11.070289 48.093822 0.050 13.0 15.0
11.070289 48.093822 0.051 12.0 16.0
12.651758 51.091213 0.051 12.0 16.0
12.651758 51.091213 0.052 11.0 17.0
15.449202 53.00425 0.052 11.0 17.0
15.449202 53.00425 0.053 10.0 18.0
18.246645 54.917286 0.053 10.0 18.0
18.246645 54.917286 0.054 9.0 19.0
21.044088 56.830322 0.054 9.0 19.0
21.044088 56.830322 0.055 8.0 20.0
23.841532 58.74336 0.055 8.0 20.0
23.841532 58.74336 0.056 7.0 21.0
26.638975 60.656395 0.056 7.0 21.0
26.638975 60.656395 0.057 6.0 22.0
29.436419 62.56943 0.057 6.0 22.0
29.436419 62.56943 0.058 1.0 23.0
32.80331 62.95599 0.058 1.0 23.0
32.80331 62.95599 0.059 0.0 24.0
36.170204 63.34255 0.059 0.0 24.0
36.170204 63.34255 0.060 0.0 25.0
38.967648 65.255585 0.060 0.0 25.0
29.436419 62.56943 0.061 1.0 23.0
32.23386 64.48247 0.061 1.0 23.0
32.23386 64.48247 0.062 0.0 24.0
35.031303 66.3955 0.062 0.0 24.0
35.031303 66.3955 0.063 0.0 25.0
36.612774 69.39289 0.063 0.0 25.0
29.436419 62.56943 0.064 5.0 23.0
32.23386 64.48247 0.064 5.0 23.0
32.23386 64.48247 0.065 4.0 24.0
35.031303 66.3955 0.065 4.0 24.0
35.031303 66.3955 0.066 3.0 25.0
36.612774 69.39289 0.066 3.0 25.0
36.612774 69.39289 0.067 2.0 26.0
38.194244 72.39028 0.067 2.0 26.0
38.194244 72.39028 0.068 1.0 27.0
39.775715 75.38767 0.068 1.0 27.0
39.775715 75.38767 0.069 0.0 28.0
41.357185 78.38506 0.069 0.0 28.0
41.357185 78.38506 0.070 0.0 29.0
41.357185 81.77407 0.070 0.0 29.0
35.031303 66.3955 0.071 1.0 25.0
38.398197 66.78206 0.071 1.0 25.0
38.398197 66.78206 0.072 0.0 26.0
41.76509 67.16862 0.072 0.0 26.0
41.76509 67.16862 0.073 0.0 27.0
44.562534 69.08165 0.073 0.0 27.0
12.651758 51.091213 0.074 7.0 17.0
15.449202 53.00425 0.074 7.0 17.0
15.449202 53.00425 0.075 6.0 18.0
18.246645 54.917286 0.075 6.0 18.0
18.246645 54.917286 0.076 1.0 19.0
21.613539 55.303844 0.076 1.0 19.0
21.613539 55.303844 0.077 0.0 20.0
24.980433 55.690403 0.077 0.0 20.0
24.980433 55.690403 0.078 0.0 21.0
27.777876 57.60344 0.078 0.0 21.0
18.246645 54.917286 0.079 1.0 19.0
21.044088 56.830322 0.079 1.0 19.0
21.044088 56.830322 0.080 0.0 20.0
23.841532 58.74336 0.080 0.0 20.0
23.841532 58.74336 0.081 0.0 21.0
25.423002 61.74075 0.081 0.0 21.0
18.246645 54.917286 0.082 5.0 19.0
21.044088 56.830322 0.082 5.0 19.0
21.044088 56.830322 0.083 4.0 20.0
23.841532 58.74336 0.083 4.0 20.0
23.841532 58.74336 0.084 3.0 21.0
25.423002 61.74075 0.084 3.0 21.0
25.423002 61.74075 0.085 2.0 22.0
27.004473 64.73814 0.085 2.0 22.0
27.004473 64.73814 0.086 1.0 23.0
28.585943 67.73553 0.086 1.0 23.0
28.585943 67.73553 0.087 0.0 24.0
30.167414 70.73292 0.087 0.0 24.0
30.167414 70.73292 0.088 0.0 25.0
30.167414 74.121925 0.088 0.0 25.0
23.841532 58.74336 0.089 1.0 21.0
27.208426 59.129917 0.089 1.0 21.0
27.208426 59.129917 0.090 0.0 22.0
30.57532 59.516476 0.090 0.0 22.0
30.57532 59.516476 0.091 0.0 23.0
33.37276 61.429512 0.091 0.0 23.0
0.0 27.11209 0.092 19.0 9.0
0.0 30.5011 0.092 19.0 9.0
0.0 30.5011 0.093 18.0 10.0
0.0 33.89011 0.093 18.0 10.0
0.0 33.89011 0.094 17.0 11.0
0.0 37.27912 0.094 17.0 11.0
0.0 37.27912 0.095 16.0 12.0
0.0 40.668133 0.095 16.0 12.0
0.0 40.668133 0.096 7.0 13.0
1.5814699 43.665524 0.096 7.0 13.0
1.5814699 43.665524 0.097 6.0 14.0
3.1629398 46.662914 0.097 6.0 14.0
3.1629398 46.662914 0.098 1.0 15.0
5.9603825 48.57595 0.098 1.0 15.0
5.9603825 48.57595 0.099 0.0 16.0
8.757826 50.488987 0.099 0.0 16.0
8.757826 50.488987 0.0100 0.0 17.0
10.339296 53.486378 0.0100 0.0 17.0
3.1629398 46.662914 0.0101 1.0 15.0
4.7444096 49.660305 0.0101 1.0 15.0
4.7444096 49.660305 0.0102 0.0 16.0
6.3258796 52.657696 0.0102 0.0 16.0
6.3258796 52.657696 0.0103 0.0 17.0
6.3258796 56.046707 0.0103 0.0 17.0
3.1629398 46.662914 0.0104 5.0 15.0
4.7444096 49.660305 0.0104 5.0 15.0
4.7444096 49.660305 0.0105 4.0 16.0
6.3258796 52.657696 0.0105 4.0 16.0
6.3258796 52.657696 0.0106 3.0 17.0
6.3258796 56.046707 0.0106 3.0 17.0
6.3258796 56.046707 0.0107 2.0 18.0
6.3258796 59.43572 0.0107 2.0 18.0
6.3258796 59.43572 0.0108 1.0 19.0
6.3258796 62.82473 0.0108 1.0 19.0
6.3258796 62.82473 0.0109 0.0 20.0
6.3258796 66.21374 0.0109 0.0 20.0
6.3258796 66.21374 0.0110 0.0 21.0
4.7444096 69.21113 0.0110 0.0 21.0
6.3258796 52.657696 0.0111 1.0 17.0
9.1233225 54.570732 0.0111 1.0 17.0
9.1233225 54.570732 0.0112 0.0 18.0
11.920765 56.48377 0.0112 0.0 18.0
11.920765 56.48377 0.0113 0.0 19.0
13.502235 59.48116 0.0113 0.0 19.0
0.0 40.668133 0.0114 7.0 13.0
2.797443 42.58117 0.0114 7.0 13.0
2.797443 42.58117 0.0115 6.0 14.0
5.594886 44.494205 0.0115 6.0 14.0
5.594886 44.494205 0.0116 1.0 15.0
8.961779 44.880764 0.0116 1.0 15.0
8.961779 44.880764 0.0117 0.0 16.0
12.328671 45.267323 0.0117 0.0 16.0
12.328671 45.267323 0.0118 0.0 17.0
15.126114 47.18036 0.0118 0.0 17.0
5.594886 44.494205 0.0119 1.0 15.0
8.392328 46.40724 0.0119 1.0 15.0
8.392328 46.40724 0.0120 0.0 16.0
11.189772 48.32028 0.0120 0.0 16.0
11.189772 48.32028 0.0121 0.0 17.0
12.771242 51.31767 0.0121 0.0 17.0
5.594886 44.494205 0.0122 5.0 15.0
8.392328 46.40724 0.0122 5.0 15.0
8.392328 46.40724 0.0123 4.0 16.0
11.189772 48.32028 0.0123 4.0 16.0
11.189772 48.32028 0.0124 3.0 17.0
12.771242 51.31767 0.0124 3.0 17.0
12.771242 51.31767 0.0125 2.0 18.0
14.352713 54.31506 0.0125 2.0 18.0
14.352713 54.31506 0.0126 1.0 19.0
15.934183 57.31245 0.0126 1.0 19.0
15.934183 57.31245 0.0127 0.0 20.0
17.515654 60.30984 0.0127 0.0 20.0
17.515654 60.30984 0.0128 0.0 21.0
17.515654 63.698853 0.0128 0.0 21.0
11.189772 48.32028 0.0129 1.0 17.0
14.556664 48.706837 0.0129 1.0 17.0
14.556664 48.706837 0.0130 0.0 18.0
17.923557 49.093395 0.0130 0.0 18.0
17.923557 49.093395 0.0131 0.0 19.0
20.721 51.00643 0.0131 0.0 19.0
0.0 40.668133 0.0132 15.0 13.0
0.0 44.057144 0.0132 15.0 13.0
0.0 44.057144 0.0133 14.0 14.0
0.0 47.446156 0.0133 14.0 14.0
0.0 47.446156 0.0134 13.0 15.0
0.0 50.835167 0.0134 13.0 15.0
0.0 50.835167 0.0135 12.0 16.0
0.0 54.22418 0.0135 12.0 16.0
0.0 54.22418 0.0136 11.0 17.0
1.5814699 57.22157 0.0136 11.0 17.0
1.5814699 57.22157 0.0137 10.0 18.0
3.1629398 60.21896 0.0137 10.0 18.0
3.1629398 60.21896 0.0138 9.0 19.0
4.7444096 63.21635 0.0138 9.0 19.0
4.7444096 63.21635 0.0139 8.0 20.0
6.3258796 66.21374 0.0139 8.0 20.0
6.3258796 66.21374 0.0140 7.0 21.0
7.9073496 69.21113 0.0140 7.0 21.0
7.9073496 69.21113 0.0141 6.0 22.0
9.488819 72.20852 0.0141 6.0 22.0
9.488819 72.20852 0.0142 1.0 23.0
12.2862625 74.12155 0.0142 1.0 23.0
12.2862625 74.12155 0.0143 0.0 24.0
15.083706 76.034584 0.0143 0.0 24.0
15.083706 76.034584 0.0144 0.0 25.0
16.665176 79.031975 0.0144 0.0 25.0
9.488819 72.20852 0.0145 1.0 23.0
11.070289 75.20591 0.0145 1.0 23.0
11.070289 75.20591 0.0146 0.0 24.0
12.651758 78.2033 0.0146 0.0 24.0
12.651758 78.2033 0.0147 0.0 25.0
12.651758 81.59231 0.0147 0.0 25.0
9.488819 72.20852 0.0148 5.0 23.0
11.070289 75.20591 0.0148 5.0 23.0
11.070289 75.20591 0.0149 4.0 24.0
12.651758 78.2033 0.0149 4.0 24.0
12.651758 78.2033 0.0150 3.0 25.0
12.651758 81.59231 0.0150 3.0 25.0
12.651758 81.59231 0.0151 2.0 26.0
12.651758 84.981316 0.0151 2.0 26.0
12.651758 84.981316 0.0152 1.0 27.0
12.651758 88.37032 0.0152 1.0 27.0
12.651758 88.37032 0.0153 0.0 28.0
12.651758 91.75933 0.0153 0.0 28.0
12.651758 91.75933 0.0154 0.0 29.0
11.070289 94.75672 0.0154 0.0 29.0
12.651758 78.2033 0.0155 1.0 25.0
15.449202 80.11633 0.0155 1.0 25.0
15.449202 80.11633 0.0156 0.0 26.0
18.246645 82.029366 0.0156 0.0 26.0
18.246645 82.029366 0.0157 0.0 27.0
19.828115 85.02676 0.0157 0.0 27.0
0.0 54.22418 0.0158 7.0 17.0
1.5814699 57.22157 0.0158 7.0 17.0
1.5814699 57.22157 0.0159 6.0 18.0
3.1629398 60.21896 0.0159 6.0 18.0
3.1629398 60.21896 0.0160 1.0 19.0
5.9603825 62.131996 0.0160 1.0 19.0
5.9603825 62.131996 0.0161 0.0 20.0
8.757826 64.04503 0.0161 0.0 20.0
8.757826 64.04503 0.0162 0.0 21.0
10.339296 67.04242 0.0162 0.0 21.0
3.1629398 60.21896 0.0163 1.0 19.0
4.7444096 63.21635 0.0163 1.0 19.0
4.7444096 63.21635 0.0164 0.0 20.0
6.3258796 66.21374 0.0164 0.0 20.0
6.3258796 66.21374 0.0165 0.0 21.0
6.3258796 69.602745 0.0165 0.0 21.0
3.1629398 60.21896 0.0166 5.0 19.0
4.7444096 63.21635 0.0166 5.0 19.0
4.7444096 63.21635 0.0167 4.0 20.0
6.3258796 66.21374 0.0167 4.0 20.0
6.3258796 66.21374 0.0168 3.0 21.0
6.3258796 69.602745 0.0168 3.0 21.0
6.3258796 69.602745 0.0169 2.0 22.0
6.3258796 72.99175 0.0169 2.0 22.0
6.3258796 72.99175 0.0170 1.0 23.0
6.3258796 76.38076 0.0170 1.0 23.0
6.3258796 76.38076 0.0171 0.0 24.0
6.3258796 79.76977 0.0171 0.0 24.0
6.3258796 79.76977 0.0172 0.0 25.0
4.7444096 82.76716 0.0172 0.0 25.0
6.3258796 66.21374 0.0173 1.0 21.0
9.1233225 68.12677 0.0173 1.0 21.0
9.1233225 68.12677 0.0174 0.0 22.0
11.920765 70.0398 0.0174 0.0 22.0
11.920765 70.0398 0.0175 0.0 23.0
13.502235 73.03719 0.0175 0.0 23.0
0.0 27.11209 0.0176 35.0 9.0
0.0 30.5011 0.0176 35.0 9.0
0.0 30.5011 0.0177 34.0 10.0
0.0 33.89011 0.0177 34.0 10.0
0.0 33.89011 0.0178 33.0 11.0
0.0 37.27912 0.0178 33.0 11.0
0.0 37.27912 0.0179 32.0 12.0
0.0 40.668133 0.0179 32.0 12.0
0.0 40.668133 0.0180 31.0 13.0
0.0 44.057144 0.0180 31.0 13.0
0.0 44.057144 0.0181 30.0 14.0
0.0 47.446156 0.0181 30.0 14.0
0.0 47.446156 0.0182 29.0 15.0
0.0 50.835167 0.0182 29.0 15.0
0.0 50.835167 0.0183 28.0 16.0
0.0 54.22418 0.0183 28.0 16.0
0.0 54.22418 0.0184 27.0 17.0
-1.5814699 57.22157 0.0184 27.0 17.0
-1.5814699 57.22157 0.0185 26.0 18.0
-3.1629398 60.21896 0.0185 26.0 18.0
-3.1629398 60.21896 0.0186 25.0 19.0
-4.7444096 63.21635 0.0186 25.0 19.0
-4.7444096 63.21635 0.0187 24.0 20.0
-6.3258796 66.21374 0.0187 24.0 20.0
-6.3258796 66.21374 0.0188 23.0 21.0
-7.9073496 69.21113 0.0188 23.0 21.0
-7.9073496 69.21113 0.0189 22.0 22.0
-9.488819 72.20852 0.0189 22.0 22.0
-9.488819 72.20852 0.0190 21.0 23.0
-11.070289 75.20591 0.0190 21.0 23.0
-11.070289 75.20591 0.0191 20.0 24.0
-12.651758 78.2033 0.0191 20.0 24.0
-12.651758 78.2033 0.0192 19.0 25.0
-14.233228 81.20069 0.0192 19.0 25.0
-14.233228 81.20069 0.0193 18.0 26.0
-15.814697 84.19808 0.0193 18.0 26.0
-15.814697 84.19808 0.0194 17.0 27.0
-17.396168 87.19547 0.0194 17.0 27.0
-17.396168 87.19547 0.0195 16.0 28.0
-18.977638 90.19286 0.0195 16.0 28.0
-18.977638 90.19286 0.0196 7.0 29.0
-18.977638 93.58187 0.0196 7.0 29.0
-18.977638 93.58187 0.0197 6.0 30.0
-18.977638 96.97088 0.0197 6.0 30.0
-18.977638 96.97088 0.0198 1.0 31.0
-17.396168 99.96827 0.0198 1.0 31.0
-17.396168 99.96827 0.0199 0.0 32.0
-15.814698 102.96566 0.0199 0.0 32.0
-15.814698 102.96566 0.0200 0.0 33.0
-15.814698 106.35467 0.0200 0.0 33.0
-18.977638 96.97088 0.0201 1.0 31.0
-18.977638 100.359886 0.0201 1.0 31.0
-18.977638 100.359886 0.0202 0.0 32.0
-18.977638 103.74889 0.0202 0.0 32.0
-18.977638 103.74889 0.0203 0.0 33.0
-20.559109 106.746284 0.0203 0.0 33.0
-18.977638 96.97088 0.0204 5.0 31.0
-18.977638 100.359886 0.0204 5.0 31.0
-18.977638 100.359886 0.0205 4.0 32.0
-18.977638 103.74889 0.0205 4.0 32.0
-18.977638 103.74889 0.0206 3.0 33.0
-20.559109 106.746284 0.0206 3.0 33.0
-20.559109 106.746284 0.0207 2.0 34.0
-22.14058 109.743675 0.0207 2.0 34.0
-22.14058 109.743675 0.0208 1.0 35.0
-23.72205 112.741066 0.0208 1.0 35.0
-23.72205 112.741066 0.0209 0.0 36.0
-25.30352 115.73846 0.0209 0.0 36.0
-25.30352 115.73846 0.0210 0.0 37.0
-28.100964 117.65149 0.0210 0.0 37.0
-18.977638 103.74889 0.0211 1.0 33.0
-17.396168 106.746284 0.0211 1.0 33.0
-17.396168 106.746284 0.0212 0.0 34.0
-15.814698 109.743675 0.0212 0.0 34.0
-15.814698 109.743675 0.0213 0.0 35.0
-15.814698 113.13268 0.0213 0.0 35.0
-18.977638 90.19286 0.0214 7.0 29.0
-17.396168 93.190254 0.0214 7.0 29.0
-17.396168 93.190254 0.0215 6.0 30.0
-15.814698 96.187645 0.0215 6.0 30.0
-15.814698 96.187645 0.0216 1.0 31.0
-13.017256 98.10068 0.0216 1.0 31.0
-13.017256 98.10068 0.0217 0.0 32.0
-10.219812 100.01371 0.0217 0.0 32.0
-10.219812 100.01371 0.0218 0.0 33.0
-8.638342 103.0111 0.0218 0.0 33.0
-15.814698 96.187645 0.0219 1.0 31.0
-14.233229 99.185036 0.0219 1.0 31.0
-14.233229 99.185036 0.0220 0.0 32.0
-12.651759 102.18243 0.0220 0.0 32.0
-12.651759 102.18243 0.0221 0.0 33.0
-12.651759 105.571434 0.0221 0.0 33.0
-15.814698 96.187645 0.0222 5.0 31.0
-14.233229 99.185036 0.0222 5.0 31.0
-14.233229 99.185036 0.0223 4.0 32.0
-12.651759 102.18243 0.0223 4.0 32.0
-12.651759 102.18243 0.0224 3.0 33.0
-12.651759 105.571434 0.0224 3.0 33.0
-12.651759 105.571434 0.0225 2.0 34.0
-12.651759 108.96044 0.0225 2.0 34.0
-12.651759 108.96044 0.0226 1.0 35.0
-12.651759 112.34945 0.0226 1.0 35.0
-12.651759 112.34945 0.0227 0.0 36.0
-12.651759 115.73846 0.0227 0.0 36.0
-12.651759 115.73846 0.0228 0.0 37.0
-14.233229 118.73585 0.0228 0.0 37.0
-12.651759 102.18243 0.0229 1.0 33.0
-9.854317 104.09546 0.0229 1.0 33.0
-9.854317 104.09546 0.0230 0.0 34.0
-7.056874 106.00849 0.0230 0.0 34.0
-7.056874 106.00849 0.0231 0.0 35.0
-5.475404 109.00588 0.0231 0.0 35.0
-18.977638 90.19286 0.0232 15.0 29.0
-20.559109 93.190254 0.0232 15.0 29.0
-20.559109 93.190254 0.0233 14.0 30.0
-22.14058 96.187645 0.0233 14.0 30.0
-22.14058 96.187645 0.0234 13.0 31.0
-23.72205 99.185036 0.0234 13.0 31.0
-23.72205 99.185036 0.0235 12.0 32.0
-25.30352 102.18243 0.0235 12.0 32.0
-25.30352 102.18243 0.0236 11.0 33.0
-25.30352 105.571434 0.0236 11.0 33.0
-25.30352 105.571434 0.0237 10.0 34.0
-25.30352 108.96044 0.0237 10.0 34.0
-25.30352 108.96044 0.0238 9.0 35.0
-25.30352 112.34945 0.0238 9.0 35.0
-25.30352 112.34945 0.0239 8.0 36.0
-25.30352 115.73846 0.0239 8.0 36.0
-25.30352 115.73846 0.0240 7.0 37.0
-25.30352 119.127464 0.0240 7.0 37.0
-25.30352 119.127464 0.0241 6.0 38.0
-25.30352 122.51647 0.0241 6.0 38.0
-25.30352 122.51647 0.0242 1.0 39.0
-23.72205 125.51386 0.0242 1.0 39.0
-23.72205 125.51386 0.0243 0.0 40.0
-22.14058 128.51125 0.0243 0.0 40.0
-22.14058 128.51125 0.0244 0.0 41.0
-22.14058 131.90025 0.0244 0.0 41.0
-25.30352 122.51647 0.0245 1.0 39.0
-25.30352 125.90548 0.0245 1.0 39.0
-25.30352 125.90548 0.0246 0.0 40.0
-25.30352 129.2945 0.0246 0.0 40.0
-25.30352 129.2945 0.0247 0.0 41.0
-26.88499 132.29189 0.0247 0.0 41.0
-25.30352 122.51647 0.0248 5.0 39.0
-25.30352 125.90548 0.0248 5.0 39.0
-25.30352 125.90548 0.0249 4.0 40.0
-25.30352 129.2945 0.0249 4.0 40.0
-25.30352 129.2945 0.0250 3.0 41.0
-26.88499 132.29189 0.0250 3.0 41.0
-26.88499 132.29189 0.0251 2.0 42.0
-28.466461 135.28928 0.0251 2.0 42.0
-28.466461 135.28928 0.0252 1.0 43.0
-30.047932 138.28667 0.0252 1.0 43.0
-30.047932 138.28667 0.0253 0.0 44.0
-31.629402 141.28406 0.0253 0.0 44.0
-31.629402 141.28406 0.0254 0.0 45.0
-34.426846 143.1971 0.0254 0.0 45.0
-25.30352 129.2945 0.0255 1.0 41.0
-23.72205 132.29189 0.0255 1.0 41.0
-23.72205 132.29189 0.0256 0.0 42.0
-22.14058 135.28928 0.0256 0.0 42.0
-22.14058 135.28928 0.0257 0.0 43.0
-22.14058 138.67828 0.0257 0.0 43.0
-25.30352 102.18243 0.0258 7.0 33.0
-25.30352 105.571434 0.0258 7.0 33.0
-25.30352 105.571434 0.0259 6.0 34.0
-25.30352 108.96044 0.0259 6.0 34.0
-25.30352 108.96044 0.0260 1.0 35.0
-23.72205 111.95783 0.0260 1.0 35.0
-23.72205 111.95783 0.0261 0.0 36.0
-22.14058 114.95522 0.0261 0.0 36.0
-22.14058 114.95522 0.0262 0.0 37.0
-22.14058 118.34423 0.0262 0.0 37.0
-25.30352 108.96044 0.0263 1.0 35.0
-25.30352 112.34945 0.0263 1.0 35.0
-25.30352 112.34945 0.0264 0.0 36.0
-25.30352 115.73846 0.0264 0.0 36.0
-25.30352 115.73846 0.0265 0.0 37.0
-26.88499 118.73585 0.0265 0.0 37.0
-25.30352 108.96044 0.0266 5.0 35.0
-25.30352 112.34945 0.0266 5.0 35.0
-25.30352 112.34945 0.0267 4.0 36.0
-25.30352 115.73846 0.0267 4.0 36.0
-25.30352 115.73846 0.0268 3.0 37.0
-26.88499 118.73585 0.0268 3.0 37.0
-26.88499 118.73585 0.0269 2.0 38.0
-28.466461 121.73324 0.0269 2.0 38.0
-28.466461 121.73324 0.0270 1.0 39.0
-30.047932 124.73063 0.0270 1.0 39.0
-30.047932 124.73063 0.0271 0.0 40.0
-31.629402 127.72802 0.0271 0.0 40.0
-31.629402 127.72802 0.0272 0.0 41.0
-34.426846 129.64105 0.0272 0.0 41.0
-25.30352 115.73846 0.0273 1.0 37.0
-23.72205 118.73585 0.0273 1.0 37.0
-23.72205 118.73585 0.0274 0.0 38.0
-22.14058 121.73324 0.0274 0.0 38.0
-22.14058 121.73324 0.0275 0.0 39.0
-22.14058 125.122246 0.0275 0.0 39.0
0.0 54.22418 0.0276 19.0 17.0
1.5814699 57.22157 0.0276 19.0 17.0
1.5814699 57.22157 0.0277 18.0 18.0
3.1629398 60.21896 0.0277 18.0 18.0
3.1629398 60.21896 0.0278 17.0 19.0
4.7444096 63.21635 0.0278 17.0 19.0
4.7444096 63.21635 0.0279 16.0 20.0
6.3258796 66.21374 0.0279 16.0 20.0
6.3258796 66.21374 0.0280 7.0 21.0
9.1233225 68.12677 0.0280 7.0 21.0
9.1233225 68.12677 0.0281 6.0 22.0
11.920765 70.03981 0.0281 6.0 22.0
11.920765 70.03981 0.0282 1.0 23.0
15.287658 70.42637 0.0282 1.0 23.0
15.287658 70.42637 0.0283 0.0 24.0
18.65455 70.81293 0.0283 0.0 24.0
18.65455 70.81293 0.0284 0.0 25.0
21.451994 72.72596 0.0284 0.0 25.0
11.920765 70.03981 0.0285 1.0 23.0
14.718208 71.95284 0.0285 1.0 23.0
14.718208 71.95284 0.0286 0.0 24.0
17.515652 73.865875 0.0286 0.0 24.0
17.515652 73.865875 0.0287 0.0 25.0
19.097122 76.863266 0.0287 0.0 25.0
11.920765 70.03981 0.0288 5.0 23.0
14.718208 71.95284 0.0288 5.0 23.0
14.718208 71.95284 0.0289 4.0 24.0
17.515652 73.865875 0.0289 4.0 24.0
17.515652 73.865875 0.0290 3.0 25.0
19.097122 76.863266 0.0290 3.0 25.0
19.097122 76.863266 0.0291 2.0 26.0
20.678593 79.86066 0.0291 2.0 26.0
20.678593 79.86066 0.0292 1.0 27.0
22.260063 82.85805 0.0292 1.0 27.0
22.260063 82.85805 0.0293 0.0 28.0
23.841534 85.85544 0.0293 0.0 28.0
23.841534 85.85544 0.0294 0.0 29.0
23.841534 89.244446 0.0294 0.0 29.0
17.515652 73.865875 0.0295 1.0 25.0
20.882545 74.25243 0.0295 1.0 25.0
20.882545 74.25243 0.0296 0.0 26.0
24.24944 74.63899 0.0296 0.0 26.0
24.24944 74.63899 0.0297 0.0 27.0
27.046883 76.552025 0.0297 0.0 27.0
6.3258796 66.21374 0.0298 7.0 21.0
9.692773 66.600296 0.0298 7.0 21.0
9.692773 66.600296 0.0299 6.0 22.0
13.059666 66.986855 0.0299 6.0 22.0
13.059666 66.986855 0.0300 1.0 23.0
16.217878 65.75759 0.0300 1.0 23.0
16.217878 65.75759 0.0301 0.0 24.0
19.376091 64.52833 0.0301 0.0 24.0
19.376091 64.52833 0.0302 0.0 25.0
22.742985 64.91489 0.0302 0.0 25.0
13.059666 66.986855 0.0303 1.0 23.0
16.42656 67.37341 0.0303 1.0 23.0
16.42656 67.37341 0.0304 0.0 24.0
19.793453 67.75997 0.0304 0.0 24.0
19.793453 67.75997 0.0305 0.0 25.0
22.590897 69.673004 0.0305 0.0 25.0
13.059666 66.986855 0.0306 5.0 23.0
16.42656 67.37341 0.0306 5.0 23.0
16.42656 67.37341 0.0307 4.0 24.0
19.793453 67.75997 0.0307 4.0 24.0
19.793453 67.75997 0.0308 3.0 25.0
22.590897 69.673004 0.0308 3.0 25.0
22.590897 69.673004 0.0309 2.0 26.0
25.38834 71.58604 0.0309 2.0 26.0
25.38834 71.58604 0.0310 1.0 27.0
28.185783 73.49907 0.0310 1.0 27.0
28.185783 73.49907 0.0311 0.0 28.0
30.983227 75.4121 0.0311 0.0 28.0
30.983227 75.4121 0.0312 0.0 29.0
32.564697 78.40949 0.0312 0.0 29.0
19.793453 67.75997 0.0313 1.0 25.0
22.951666 66.53071 0.0313 1.0 25.0
22.951666 66.53071 0.0314 0.0 26.0
26.109879 65.301445 0.0314 0.0 26.0
26.109879 65.301445 0.0315 0.0 27.0
29.476772 65.688 0.0315 0.0 27.0
6.3258796 66.21374 0.0316 15.0 21.0
7.9073496 69.21113 0.0316 15.0 21.0
7.9073496 69.21113 0.0317 14.0 22.0
9.488819 72.20852 0.0317 14.0 22.0
9.488819 72.20852 0.0318 13.0 23.0
11.070289 75.20591 0.0318 13.0 23.0
11.070289 75.20591 0.0319 12.0 24.0
12.651758 78.2033 0.0319 12.0 24.0
12.651758 78.2033 0.0320 11.0 25.0
15.449202 80.11633 0.0320 11.0 25.0
15.449202 80.11633 0.0321 10.0 26.0
18.246645 82.02937 0.0321 10.0 26.0
18.246645 82.02937 0.0322 9.0 27.0
21.044088 83.94241 0.0322 9.0 27.0
21.044088 83.94241 0.0323 8.0 28.0
23.841532 85.85545 0.0323 8.0 28.0
23.841532 85.85545 0.0324 7.0 29.0
26.638975 87.76849 0.0324 7.0 29.0
26.638975 87.76849 0.0325 6.0 30.0
29.436419 89.68153 0.0325 6.0 30.0
29.436419 89.68153 0.0326 1.0 31.0
32.80331 90.06809 0.0326 1.0 31.0
32.80331 90.06809 0.0327 0.0 32.0
36.170204 90.45465 0.0327 0.0 32.0
36.170204 90.45465 0.0328 0.0 33.0
38.967648 92.36768 0.0328 0.0 33.0
29.436419 89.68153 0.0329 1.0 31.0
32.23386 91.59457 0.0329 1.0 31.0
32.23386 91.59457 0.0330 0.0 32.0
35.031303 93.5076 0.0330 0.0 32.0
35.031303 93.5076 0.0331 0.0 33.0
36.612774 96.50499 0.0331 0.0 33.0
29.436419 89.68153 0.0332 5.0 31.0
32.23386 91.59457 0.0332 5.0 31.0
32.23386 91.59457 0.0333 4.0 32.0
35.031303 93.5076 0.0333 4.0 32.0
35.031303 93.5076 0.0334 3.0 33.0
36.612774 96.50499 0.0334 3.0 33.0
36.612774 96.50499 0.0335 2.0 34.0
38.194244 99.50238 0.0335 2.0 34.0
38.194244 99.50238 0.0336 1.0 35.0
39.775715 102.49977 0.0336 1.0 35.0
39.775715 102.49977 0.0337 0.0 36.0
41.357185 105.49716 0.0337 0.0 36.0
41.357185 105.49716 0.0338 0.0 37.0
41.357185 108.88617 0.0338 0.0 37.0
35.031303 93.5076 0.0339 1.0 33.0
38.398197 93.89416 0.0339 1.0 33.0
38.398197 93.89416 0.0340 0.0 34.0
41.76509 94.280716 0.0340 0.0 34.0
41.76509 94.280716 0.0341 0.0 35.0
44.562534 96.19375 0.0341 0.0 35.0
12.651758 78.2033 0.0342 7.0 25.0
15.449202 80.11633 0.0342 7.0 25.0
15.449202 80.11633 0.0343 6.0 26.0
18.246645 82.02937 0.0343 6.0 26.0
18.246645 82.02937 0.0344 1.0 27.0
21.613539 82.41593 0.0344 1.0 27.0
21.613539 82.41593 0.0345 0.0 28.0
24.980433 82.80249 0.0345 0.0 28.0
24.980433 82.80249 0.0346 0.0 29.0
27.777876 84.71552 0.0346 0.0 29.0
18.246645 82.02937 0.0347 1.0 27.0
21.044088 83.942406 0.0347 1.0 27.0
21.044088 83.942406 0.0348 0.0 28.0
23.841532 85.85544 0.0348 0.0 28.0
23.841532 85.85544 0.0349 0.0 29.0
25.423002 88.85283 0.0349 0.0 29.0
18.246645 82.02937 0.0350 5.0 27.0
21.044088 83.942406 0.0350 5.0 27.0
21.044088 83.942406 0.0351 4.0 28.0
23.841532 85.85544 0.0351 4.0 28.0
23.841532 85.85544 0.0352 3.0 29.0
25.423002 88.85283 0.0352 3.0 29.0
25.423002 88.85283 0.0353 2.0 30.0
27.004473 91.85022 0.0353 2.0 30.0
27.004473 91.85022 0.0354 1.0 31.0
28.585943 94.84761 0.0354 1.0 31.0
28.585943 94.84761 0.0355 0.0 32.0
30.167414 97.845 0.0355 0.0 32.0
30.167414 97.845 0.0356 0.0 33.0
30.167414 101.23401 0.0356 0.0 33.0
23.841532 85.85544 0.0357 1.0 29.0
27.208426 86.242 0.0357 1.0 29.0
27.208426 86.242 0.0358 0.0 30.0
30.57532 86.628555 0.0358 0.0 30.0
30.57532 86.628555 0.0359 0.0 31.0
33.37276 88.54159 0.0359 0.0 31.0
