0.0 0.0 0.00 14.0 1.0
0.0 3.9668348 0.00 14.0 1.0
0.0 3.9668348 0.01 0.0 2.0
0.94539773 7.8193665 0.01 0.0 2.0
0.0 3.9668348 0.02 13.0 2.0
0.0 7.9336696 0.02 13.0 2.0
0.0 7.9336696 0.03 0.0 3.0
0.94539773 11.7862015 0.03 0.0 3.0
0.94539773 11.7862015 0.04 0.0 4.0
2.7817106 15.302412 0.04 0.0 4.0
0.94539773 11.7862015 0.05 0.0 4.0
1.8907955 15.638733 0.05 0.0 4.0
0.0 7.9336696 0.06 12.0 3.0
0.0 11.900504 0.06 12.0 3.0
0.0 11.900504 0.07 0.0 4.0
0.94539773 15.753036 0.07 0.0 4.0
0.0 11.900504 0.08 11.0 4.0
0.0 15.867339 0.08 11.0 4.0
0.0 15.867339 0.09 2.0 5.0
0.94539773 19.719872 0.09 2.0 5.0
0.94539773 19.719872 0.010 0.0 6.0
2.7817106 23.236082 0.010 0.0 6.0
0.94539773 19.719872 0.011 1.0 6.0
1.8907955 23.572403 0.011 1.0 6.0
1.8907955 23.572403 0.012 0.0 7.0
3.7271085 27.088614 0.012 0.0 7.0
3.7271085 27.088614 0.013 0.0 8.0
6.3485107 30.065865 0.013 0.0 8.0
3.7271085 27.088614 0.014 0.0 8.0
5.5634212 30.604824 0.014 0.0 8.0
1.8907955 23.572403 0.015 0.0 7.0
2.836193 27.424934 0.015 0.0 7.0
2.836193 27.424934 0.016 0.0 8.0
4.672506 30.941145 0.016 0.0 8.0
2.836193 27.424934 0.017 0.0 8.0
3.781591 31.277466 0.017 0.0 8.0
0.0 15.867339 0.018 10.0 5.0
0.0 19.834173 0.018 10.0 5.0
0.0 19.834173 0.019 0.0 6.0
0.94539773 23.686705 0.019 0.0 6.0
0.0 19.834173 0.020 9.0 6.0
0.0 23.801008 0.020 9.0 6.0
0.0 23.801008 0.021 0.0 7.0
0.94539773 27.65354 0.021 0.0 7.0
0.94539773 27.65354 0.022 0.0 8.0
2.7817106 31.16975 0.022 0.0 8.0
0.94539773 27.65354 0.023 0.0 8.0
1.8907955 31.506071 0.023 0.0 8.0
0.0 23.801008 0.024 8.0 7.0
0.0 27.767843 0.024 8.0 7.0
0.0 27.767843 0.025 0.0 8.0
0.94539773 31.620375 0.025 0.0 8.0
0.0 27.767843 0.026 7.0 8.0
0.0 31.734678 0.026 7.0 8.0
0.0 31.734678 0.027 6.0 9.0
0.94539773 35.58721 0.027 6.0 9.0
0.94539773 35.58721 0.028 0.0 10.0
2.7817106 39.10342 0.028 0.0 10.0
0.94539773 35.58721 0.029 5.0 10.0
1.8907955 39.439743 0.029 5.0 10.0
1.8907955 39.439743 0.030 0.0 11.0
3.7271085 42.95595 0.030 0.0 11.0
3.7271085 42.95595 0.031 0.0 12.0
6.3485107 45.933205 0.031 0.0 12.0
3.7271085 42.95595 0.032 0.0 12.0
5.5634212 46.47216 0.032 0.0 12.0
1.8907955 39.439743 0.033 4.0 11.0
2.836193 43.292274 0.033 4.0 11.0
2.836193 43.292274 0.034 0.0 12.0
4.672506 46.808483 0.034 0.0 12.0
2.836193 43.292274 0.035 3.0 12.0
3.781591 47.144806 0.035 3.0 12.0
3.781591 47.144806 0.036 2.0 13.0
5.6179037 50.661015 0.036 2.0 13.0
5.6179037 50.661015 0.037 0.0 14.0
8.239306 53.638268 0.037 0.0 14.0
5.6179037 50.661015 0.038 1.0 14.0
7.4542165 54.177223 0.038 1.0 14.0
7.4542165 54.177223 0.039 0.0 15.0
10.075619 57.154476 0.039 0.0 15.0
10.075619 57.154476 0.040 0.0 16.0
13.331041 59.421192 0.040 0.0 16.0
10.075619 57.154476 0.041 0.0 16.0
12.6970215 60.13173 0.041 0.0 16.0
7.4542165 54.177223 0.042 0.0 15.0
9.290529 57.69343 0.042 0.0 15.0
9.290529 57.69343 0.043 0.0 16.0
11.911932 60.670685 0.043 0.0 16.0
9.290529 57.69343 0.044 0.0 16.0
11.1268425 61.20964 0.044 0.0 16.0
3.781591 47.144806 0.045 2.0 13.0
4.726989 50.997337 0.045 2.0 13.0
4.726989 50.997337 0.046 0.0 14.0
6.5633016 54.513546 0.046 0.0 14.0
4.726989 50.997337 0.047 1.0 14.0
5.6723866 54.84987 0.047 1.0 14.0
5.6723866 54.84987 0.048 0.0 15.0
7.5086994 58.366077 0.048 0.0 15.0
7.5086994 58.366077 0.049 0.0 16.0
10.130102 61.34333 0.049 0.0 16.0
7.5086994 58.366077 0.050 0.0 16.0
9.345013 61.882286 0.050 0.0 16.0
5.6723866 54.84987 0.051 0.0 15.0
6.6177845 58.7024 0.051 0.0 15.0
6.6177845 58.7024 0.052 0.0 16.0
8.454098 62.21861 0.052 0.0 16.0
6.6177845 58.7024 0.053 0.0 16.0
7.5631824 62.55493 0.053 0.0 16.0
0.0 31.734678 0.054 6.0 9.0
0.0 35.70151 0.054 6.0 9.0
0.0 35.70151 0.055 0.0 10.0
0.94539773 39.554043 0.055 0.0 10.0
0.0 35.70151 0.056 5.0 10.0
0.0 39.668346 0.056 5.0 10.0
0.0 39.668346 0.057 0.0 11.0
0.94539773 43.520878 0.057 0.0 11.0
0.94539773 43.520878 0.058 0.0 12.0
2.7817106 47.037086 0.058 0.0 12.0
0.94539773 43.520878 0.059 0.0 12.0
1.8907955 47.37341 0.059 0.0 12.0
0.0 39.668346 0.060 4.0 11.0
0.0 43.63518 0.060 4.0 11.0
0.0 43.63518 0.061 0.0 12.0
0.94539773 47.487713 0.061 0.0 12.0
0.0 43.63518 0.062 3.0 12.0
0.0 47.602016 0.062 3.0 12.0
0.0 47.602016 0.063 2.0 13.0
0.94539773 51.454548 0.063 2.0 13.0
0.94539773 51.454548 0.064 0.0 14.0
2.7817106 54.970757 0.064 0.0 14.0
0.94539773 51.454548 0.065 1.0 14.0
1.8907955 55.30708 0.065 1.0 14.0
1.8907955 55.30708 0.066 0.0 15.0
3.7271085 58.823288 0.066 0.0 15.0
3.7271085 58.823288 0.067 0.0 16.0
6.3485107 61.80054 0.067 0.0 16.0
3.7271085 58.823288 0.068 0.0 16.0
5.5634212 62.339497 0.068 0.0 16.0
1.8907955 55.30708 0.069 0.0 15.0
2.836193 59.15961 0.069 0.0 15.0
2.836193 59.15961 0.070 0.0 16.0
4.672506 62.67582 0.070 0.0 16.0
2.836193 59.15961 0.071 0.0 16.0
3.781591 63.012142 0.071 0.0 16.0
0.0 47.602016 0.072 2.0 13.0
0.0 51.56885 0.072 2.0 13.0
0.0 51.56885 0.073 0.0 14.0
0.94539773 55.421383 0.073 0.0 14.0
0.0 51.56885 0.074 1.0 14.0
0.0 55.535686 0.074 1.0 14.0
0.0 55.535686 0.075 0.0 15.0
0.94539773 59.388218 0.075 0.0 15.0
0.94539773 59.388218 0.076 0.0 16.0
2.7817106 62.904427 0.076 0.0 16.0
0.94539773 59.388218 0.077 0.0 16.0
1.8907955 63.24075 0.077 0.0 16.0
0.0 55.535686 0.078 0.0 15.0
0.0 59.50252 0.078 0.0 15.0
0.0 59.50252 0.079 0.0 16.0
0.94539773 63.355053 0.079 0.0 16.0
0.0 59.50252 0.080 0.0 16.0
0.0 63.469357 0.080 0.0 16.0
