0.0 0.0 0.00 60.0 1.0
0.0 3.4446712 0.00 60.0 1.0
0.0 3.4446712 0.01 59.0 2.0
0.0 6.8893423 0.01 59.0 2.0
0.0 6.8893423 0.02 58.0 3.0
0.0 10.334013 0.02 58.0 3.0
0.0 10.334013 0.03 57.0 4.0
0.0 13.778685 0.03 57.0 4.0
0.0 13.778685 0.04 56.0 5.0
0.0 17.223356 0.04 56.0 5.0
0.0 17.223356 0.05 55.0 6.0
0.0 20.668028 0.05 55.0 6.0
0.0 20.668028 0.06 54.0 7.0
0.0 24.1127 0.06 54.0 7.0
0.0 24.1127 0.07 53.0 8.0
0.0 27.557371 0.07 53.0 8.0
0.0 27.557371 0.08 52.0 9.0
0.0 31.002043 0.08 52.0 9.0
0.0 31.002043 0.09 51.0 10.0
0.0 34.446712 0.09 51.0 10.0
0.0 34.446712 0.010 50.0 11.0
0.0 37.891384 0.010 50.0 11.0
0.0 37.891384 0.011 49.0 12.0
0.0 41.336056 0.011 49.0 12.0
0.0 41.336056 0.012 48.0 13.0
0.0 44.780727 0.012 48.0 13.0
0.0 44.780727 0.013 47.0 14.0
0.0 48.2254 0.013 47.0 14.0
0.0 48.2254 0.014 46.0 15.0
0.0 51.67007 0.014 46.0 15.0
0.0 51.67007 0.015 45.0 16.0
0.0 55.114742 0.015 45.0 16.0
0.0 55.114742 0.016 28.0 17.0
-1.7141942 58.1026 0.016 28.0 17.0
-1.7141942 58.1026 0.017 27.0 18.0
-3.4283884 61.090458 0.017 27.0 18.0
-3.4283884 61.090458 0.018 26.0 19.0
-5.1425824 64.078316 0.018 26.0 19.0
-5.1425824 64.078316 0.019 25.0 20.0
-6.8567767 67.06618 0.019 25.0 20.0
-6.8567767 67.06618 0.020 24.0 21.0
-8.570971 70.05404 0.020 24.0 21.0
-8.570971 70.05404 0.021 23.0 22.0
-10.285165 73.0419 0.021 23.0 22.0
-10.285165 73.0419 0.022 22.0 23.0
-11.999359 76.02976 0.022 22.0 23.0
-11.999359 76.02976 0.023 21.0 24.0
-13.713553 79.017624 0.023 21.0 24.0
-13.713553 79.017624 0.024 12.0 25.0
-13.713553 82.462296 0.024 12.0 25.0
-13.713553 82.462296 0.025 11.0 26.0
-13.713553 85.90697 0.025 11.0 26.0
-13.713553 85.90697 0.026 10.0 27.0
-13.713553 89.35164 0.026 10.0 27.0
-13.713553 89.35164 0.027 9.0 28.0
-13.713553 92.79631 0.027 9.0 28.0
-13.713553 92.79631 0.028 4.0 29.0
-11.999359 95.78417 0.028 4.0 29.0
-11.999359 95.78417 0.029 3.0 30.0
-10.285165 98.77203 0.029 3.0 30.0
-10.285165 98.77203 0.030 0.0 31.0
-10.285165 102.216705 0.030 0.0 31.0
-10.285165 102.216705 0.031 0.0 32.0
-10.285165 105.66138 0.031 0.0 32.0
-10.285165 98.77203 0.032 2.0 31.0
-8.570971 101.759895 0.032 2.0 31.0
-8.570971 101.759895 0.033 1.0 32.0
-6.856776 104.74776 0.033 1.0 32.0
-6.856776 104.74776 0.034 0.0 33.0
-3.8830411 106.486336 0.034 0.0 33.0
-3.8830411 106.486336 0.035 0.0 34.0
-0.90930605 108.224915 0.035 0.0 34.0
-6.856776 104.74776 0.036 0.0 33.0
-6.856776 108.19243 0.036 0.0 33.0
-6.856776 108.19243 0.037 0.0 34.0
-6.856776 111.6371 0.037 0.0 34.0
-13.713553 92.79631 0.038 8.0 29.0
-13.713553 96.24098 0.038 8.0 29.0
-13.713553 96.24098 0.039 7.0 30.0
-13.713553 99.68565 0.039 7.0 30.0
-13.713553 99.68565 0.040 6.0 31.0
-13.713553 103.130325 0.040 6.0 31.0
-13.713553 103.130325 0.041 5.0 32.0
-13.713553 106.575 0.041 5.0 32.0
-13.713553 106.575 0.042 4.0 33.0
-11.999359 109.56286 0.042 4.0 33.0
-11.999359 109.56286 0.043 3.0 34.0
-10.285165 112.55072 0.043 3.0 34.0
-10.285165 112.55072 0.044 0.0 35.0
-10.285165 115.99539 0.044 0.0 35.0
-10.285165 115.99539 0.045 0.0 36.0
-10.285165 119.44006 0.045 0.0 36.0
-10.285165 112.55072 0.046 2.0 35.0
-8.570971 115.53858 0.046 2.0 35.0
-8.570971 115.53858 0.047 1.0 36.0
-6.856776 118.52644 0.047 1.0 36.0
-6.856776 118.52644 0.048 0.0 37.0
-3.8830411 120.26502 0.048 0.0 37.0
-3.8830411 120.26502 0.049 0.0 38.0
-0.90930605 122.0036 0.049 0.0 38.0
-6.856776 118.52644 0.050 0.0 37.0
-6.856776 121.971115 0.050 0.0 37.0
-6.856776 121.971115 0.051 0.0 38.0
-6.856776 125.41579 0.051 0.0 38.0
-13.713553 106.575 0.052 4.0 33.0
-15.427748 109.56286 0.052 4.0 33.0
-15.427748 109.56286 0.053 3.0 34.0
-17.141941 112.55072 0.053 3.0 34.0
-17.141941 112.55072 0.054 0.0 35.0
-20.115677 114.2893 0.054 0.0 35.0
-20.115677 114.2893 0.055 0.0 36.0
-23.089413 116.02788 0.055 0.0 36.0
-17.141941 112.55072 0.056 2.0 35.0
-18.856134 115.53858 0.056 2.0 35.0
-18.856134 115.53858 0.057 1.0 36.0
-20.570328 118.52644 0.057 1.0 36.0
-20.570328 118.52644 0.058 0.0 37.0
-20.570328 121.971115 0.058 0.0 37.0
-20.570328 121.971115 0.059 0.0 38.0
-20.570328 125.41579 0.059 0.0 38.0
-20.570328 118.52644 0.060 0.0 37.0
-23.544064 120.26502 0.060 0.0 37.0
-23.544064 120.26502 0.061 0.0 38.0
-26.5178 122.0036 0.061 0.0 38.0
-13.713553 79.017624 0.062 20.0 25.0
-15.427748 82.005486 0.062 20.0 25.0
-15.427748 82.005486 0.063 19.0 26.0
-17.141941 84.99335 0.063 19.0 26.0
-17.141941 84.99335 0.064 18.0 27.0
-18.856134 87.98121 0.064 18.0 27.0
-18.856134 87.98121 0.065 17.0 28.0
-20.570328 90.96907 0.065 17.0 28.0
-20.570328 90.96907 0.066 16.0 29.0
-22.284521 93.95693 0.066 16.0 29.0
-22.284521 93.95693 0.067 15.0 30.0
-23.998714 96.94479 0.067 15.0 30.0
-23.998714 96.94479 0.068 14.0 31.0
-25.712908 99.932655 0.068 14.0 31.0
-25.712908 99.932655 0.069 13.0 32.0
-27.427101 102.92052 0.069 13.0 32.0
-27.427101 102.92052 0.070 12.0 33.0
-27.427101 106.36519 0.070 12.0 33.0
-27.427101 106.36519 0.071 11.0 34.0
-27.427101 109.80986 0.071 11.0 34.0
-27.427101 109.80986 0.072 10.0 35.0
-27.427101 113.25453 0.072 10.0 35.0
-27.427101 113.25453 0.073 9.0 36.0
-27.427101 116.6992 0.073 9.0 36.0
-27.427101 116.6992 0.074 4.0 37.0
-25.712908 119.687065 0.074 4.0 37.0
-25.712908 119.687065 0.075 3.0 38.0
-23.998714 122.67493 0.075 3.0 38.0
-23.998714 122.67493 0.076 0.0 39.0
-23.998714 126.1196 0.076 0.0 39.0
-23.998714 126.1196 0.077 0.0 40.0
-23.998714 129.56427 0.077 0.0 40.0
-23.998714 122.67493 0.078 2.0 39.0
-22.284521 125.66279 0.078 2.0 39.0
-22.284521 125.66279 0.079 1.0 40.0
-20.570328 128.65065 0.079 1.0 40.0
-20.570328 128.65065 0.080 0.0 41.0
-17.596592 130.38924 0.080 0.0 41.0
-17.596592 130.38924 0.081 0.0 42.0
-14.622857 132.12782 0.081 0.0 42.0
-20.570328 128.65065 0.082 0.0 41.0
-20.570328 132.09532 0.082 0.0 41.0
-20.570328 132.09532 0.083 0.0 42.0
-20.570328 135.54 0.083 0.0 42.0
-27.427101 116.6992 0.084 8.0 37.0
-27.427101 120.143875 0.084 8.0 37.0
-27.427101 120.143875 0.085 7.0 38.0
-27.427101 123.58855 0.085 7.0 38.0
-27.427101 123.58855 0.086 6.0 39.0
-27.427101 127.03322 0.086 6.0 39.0
-27.427101 127.03322 0.087 5.0 40.0
-27.427101 130.47789 0.087 5.0 40.0
-27.427101 130.47789 0.088 4.0 41.0
-25.712908 133.46574 0.088 4.0 41.0
-25.712908 133.46574 0.089 3.0 42.0
-23.998714 136.4536 0.089 3.0 42.0
-23.998714 136.4536 0.090 0.0 43.0
-23.998714 139.89827 0.090 0.0 43.0
-23.998714 139.89827 0.091 0.0 44.0
-23.998714 143.34294 0.091 0.0 44.0
-23.998714 136.4536 0.092 2.0 43.0
-22.284521 139.44145 0.092 2.0 43.0
-22.284521 139.44145 0.093 1.0 44.0
-20.570328 142.4293 0.093 1.0 44.0
-20.570328 142.4293 0.094 0.0 45.0
-17.596592 144.1679 0.094 0.0 45.0
-17.596592 144.1679 0.095 0.0 46.0
-14.622857 145.90648 0.095 0.0 46.0
-20.570328 142.4293 0.096 0.0 45.0
-20.570328 145.87398 0.096 0.0 45.0
-20.570328 145.87398 0.097 0.0 46.0
-20.570328 149.31865 0.097 0.0 46.0
-27.427101 130.47789 0.098 4.0 41.0
-29.141294 133.46574 0.098 4.0 41.0
-29.141294 133.46574 0.099 3.0 42.0
-30.855488 136.4536 0.099 3.0 42.0
-30.855488 136.4536 0.0100 0.0 43.0
-33.829224 138.19218 0.0100 0.0 43.0
-33.829224 138.19218 0.0101 0.0 44.0
-36.80296 139.93077 0.0101 0.0 44.0
-30.855488 136.4536 0.0102 2.0 43.0
-32.569683 139.44145 0.0102 2.0 43.0
-32.569683 139.44145 0.0103 1.0 44.0
-34.28388 142.4293 0.0103 1.0 44.0
-34.28388 142.4293 0.0104 0.0 45.0
-34.28388 145.87398 0.0104 0.0 45.0
-34.28388 145.87398 0.0105 0.0 46.0
-34.28388 149.31865 0.0105 0.0 46.0
-34.28388 142.4293 0.0106 0.0 45.0
-37.257614 144.1679 0.0106 0.0 45.0
-37.257614 144.1679 0.0107 0.0 46.0
-40.23135 145.90648 0.0107 0.0 46.0
-27.427101 102.92052 0.0108 12.0 33.0
-30.400837 104.659096 0.0108 12.0 33.0
-30.400837 104.659096 0.0109 11.0 34.0
-33.374573 106.397675 0.0109 11.0 34.0
-33.374573 106.397675 0.0110 10.0 35.0
-36.34831 108.13625 0.0110 10.0 35.0
-36.34831 108.13625 0.0111 9.0 36.0
-39.322044 109.87483 0.0111 9.0 36.0
-39.322044 109.87483 0.0112 4.0 37.0
-41.03624 112.86269 0.0112 4.0 37.0
-41.03624 112.86269 0.0113 3.0 38.0
-42.750435 115.850555 0.0113 3.0 38.0
-42.750435 115.850555 0.0114 0.0 39.0
-45.72417 117.589134 0.0114 0.0 39.0
-45.72417 117.589134 0.0115 0.0 40.0
-48.697906 119.32771 0.0115 0.0 40.0
-42.750435 115.850555 0.0116 2.0 39.0
-44.46463 118.83842 0.0116 2.0 39.0
-44.46463 118.83842 0.0117 1.0 40.0
-46.178825 121.82628 0.0117 1.0 40.0
-46.178825 121.82628 0.0118 0.0 41.0
-46.178825 125.27095 0.0118 0.0 41.0
-46.178825 125.27095 0.0119 0.0 42.0
-46.178825 128.71562 0.0119 0.0 42.0
-46.178825 121.82628 0.0120 0.0 41.0
-49.15256 123.56486 0.0120 0.0 41.0
-49.15256 123.56486 0.0121 0.0 42.0
-52.126297 125.30344 0.0121 0.0 42.0
-39.322044 109.87483 0.0122 8.0 37.0
-42.29578 111.61341 0.0122 8.0 37.0
-42.29578 111.61341 0.0123 7.0 38.0
-45.269516 113.35199 0.0123 7.0 38.0
-45.269516 113.35199 0.0124 6.0 39.0
-48.24325 115.09057 0.0124 6.0 39.0
-48.24325 115.09057 0.0125 5.0 40.0
-51.216988 116.82915 0.0125 5.0 40.0
-51.216988 116.82915 0.0126 4.0 41.0
-52.931183 119.81701 0.0126 4.0 41.0
-52.931183 119.81701 0.0127 3.0 42.0
-54.64538 122.80487 0.0127 3.0 42.0
-54.64538 122.80487 0.0128 0.0 43.0
-57.619114 124.54345 0.0128 0.0 43.0
-57.619114 124.54345 0.0129 0.0 44.0
-60.59285 126.28203 0.0129 0.0 44.0
-54.64538 122.80487 0.0130 2.0 43.0
-56.359573 125.79273 0.0130 2.0 43.0
-56.359573 125.79273 0.0131 1.0 44.0
-58.07377 128.7806 0.0131 1.0 44.0
-58.07377 128.7806 0.0132 0.0 45.0
-58.07377 132.22527 0.0132 0.0 45.0
-58.07377 132.22527 0.0133 0.0 46.0
-58.07377 135.66994 0.0133 0.0 46.0
-58.07377 128.7806 0.0134 0.0 45.0
-61.047504 130.51918 0.0134 0.0 45.0
-61.047504 130.51918 0.0135 0.0 46.0
-64.02124 132.25777 0.0135 0.0 46.0
-51.216988 116.82915 0.0136 4.0 41.0
-54.661545 116.85733 0.0136 4.0 41.0
-54.661545 116.85733 0.0137 3.0 42.0
-58.106102 116.88551 0.0137 3.0 42.0
-58.106102 116.88551 0.0138 0.0 43.0
-61.107883 115.195816 0.0138 0.0 43.0
-61.107883 115.195816 0.0139 0.0 44.0
-64.109665 113.50612 0.0139 0.0 44.0
-58.106102 116.88551 0.0140 2.0 43.0
-61.55066 116.9137 0.0140 2.0 43.0
-61.55066 116.9137 0.0141 1.0 44.0
-64.99522 116.94188 0.0141 1.0 44.0
-64.99522 116.94188 0.0142 0.0 45.0
-67.96895 118.68046 0.0142 0.0 45.0
-67.96895 118.68046 0.0143 0.0 46.0
-70.94268 120.41904 0.0143 0.0 46.0
-64.99522 116.94188 0.0144 0.0 45.0
-67.997 115.25218 0.0144 0.0 45.0
-67.997 115.25218 0.0145 0.0 46.0
-70.99879 113.562485 0.0145 0.0 46.0
0.0 55.114742 0.0146 44.0 17.0
0.0 58.559414 0.0146 44.0 17.0
0.0 58.559414 0.0147 43.0 18.0
0.0 62.004086 0.0147 43.0 18.0
0.0 62.004086 0.0148 42.0 19.0
0.0 65.44875 0.0148 42.0 19.0
0.0 65.44875 0.0149 41.0 20.0
0.0 68.893425 0.0149 41.0 20.0
0.0 68.893425 0.0150 40.0 21.0
0.0 72.3381 0.0150 40.0 21.0
0.0 72.3381 0.0151 39.0 22.0
0.0 75.78277 0.0151 39.0 22.0
0.0 75.78277 0.0152 38.0 23.0
0.0 79.22744 0.0152 38.0 23.0
0.0 79.22744 0.0153 37.0 24.0
0.0 82.67211 0.0153 37.0 24.0
0.0 82.67211 0.0154 36.0 25.0
0.0 86.11678 0.0154 36.0 25.0
0.0 86.11678 0.0155 35.0 26.0
0.0 89.561455 0.0155 35.0 26.0
0.0 89.561455 0.0156 34.0 27.0
0.0 93.00613 0.0156 34.0 27.0
0.0 93.00613 0.0157 33.0 28.0
0.0 96.4508 0.0157 33.0 28.0
0.0 96.4508 0.0158 32.0 29.0
0.0 99.89547 0.0158 32.0 29.0
0.0 99.89547 0.0159 31.0 30.0
0.0 103.34014 0.0159 31.0 30.0
0.0 103.34014 0.0160 30.0 31.0
0.0 106.78481 0.0160 30.0 31.0
0.0 106.78481 0.0161 29.0 32.0
0.0 110.229485 0.0161 29.0 32.0
0.0 110.229485 0.0162 28.0 33.0
1.7141942 113.21735 0.0162 28.0 33.0
1.7141942 113.21735 0.0163 27.0 34.0
3.4283884 116.20521 0.0163 27.0 34.0
3.4283884 116.20521 0.0164 26.0 35.0
5.1425824 119.19307 0.0164 26.0 35.0
5.1425824 119.19307 0.0165 25.0 36.0
6.8567767 122.18093 0.0165 25.0 36.0
6.8567767 122.18093 0.0166 24.0 37.0
8.570971 125.16879 0.0166 24.0 37.0
8.570971 125.16879 0.0167 23.0 38.0
10.285165 128.15665 0.0167 23.0 38.0
10.285165 128.15665 0.0168 22.0 39.0
11.999359 131.1445 0.0168 22.0 39.0
11.999359 131.1445 0.0169 21.0 40.0
13.713553 134.13235 0.0169 21.0 40.0
13.713553 134.13235 0.0170 12.0 41.0
16.687288 135.87094 0.0170 12.0 41.0
16.687288 135.87094 0.0171 11.0 42.0
19.661024 137.60953 0.0171 11.0 42.0
19.661024 137.60953 0.0172 10.0 43.0
22.63476 139.34811 0.0172 10.0 43.0
22.63476 139.34811 0.0173 9.0 44.0
25.608496 141.0867 0.0173 9.0 44.0
25.608496 141.0867 0.0174 4.0 45.0
29.053051 141.11488 0.0174 4.0 45.0
29.053051 141.11488 0.0175 3.0 46.0
32.49761 141.14307 0.0175 3.0 46.0
32.49761 141.14307 0.0176 0.0 47.0
35.471344 142.88165 0.0176 0.0 47.0
35.471344 142.88165 0.0177 0.0 48.0
38.44508 144.62024 0.0177 0.0 48.0
32.49761 141.14307 0.0178 2.0 47.0
35.942165 141.17125 0.0178 2.0 47.0
35.942165 141.17125 0.0179 1.0 48.0
39.386723 141.19943 0.0179 1.0 48.0
39.386723 141.19943 0.0180 0.0 49.0
42.388504 139.50974 0.0180 0.0 49.0
42.388504 139.50974 0.0181 0.0 50.0
45.390285 137.82004 0.0181 0.0 50.0
39.386723 141.19943 0.0182 0.0 49.0
42.36046 142.93802 0.0182 0.0 49.0
42.36046 142.93802 0.0183 0.0 50.0
45.334194 144.6766 0.0183 0.0 50.0
25.608496 141.0867 0.0184 8.0 45.0
28.582232 142.82529 0.0184 8.0 45.0
28.582232 142.82529 0.0185 7.0 46.0
31.555967 144.56387 0.0185 7.0 46.0
31.555967 144.56387 0.0186 6.0 47.0
34.5297 146.30246 0.0186 6.0 47.0
34.5297 146.30246 0.0187 5.0 48.0
37.503437 148.04105 0.0187 5.0 48.0
37.503437 148.04105 0.0188 4.0 49.0
40.947994 148.06923 0.0188 4.0 49.0
40.947994 148.06923 0.0189 3.0 50.0
44.39255 148.09741 0.0189 3.0 50.0
44.39255 148.09741 0.0190 0.0 51.0
47.366287 149.836 0.0190 0.0 51.0
47.366287 149.836 0.0191 0.0 52.0
50.340023 151.57458 0.0191 0.0 52.0
44.39255 148.09741 0.0192 2.0 51.0
47.83711 148.1256 0.0192 2.0 51.0
47.83711 148.1256 0.0193 1.0 52.0
51.281666 148.15378 0.0193 1.0 52.0
51.281666 148.15378 0.0194 0.0 53.0
54.283447 146.46408 0.0194 0.0 53.0
54.283447 146.46408 0.0195 0.0 54.0
57.28523 144.77438 0.0195 0.0 54.0
51.281666 148.15378 0.0196 0.0 53.0
54.2554 149.89236 0.0196 0.0 53.0
54.2554 149.89236 0.0197 0.0 54.0
57.229137 151.63095 0.0197 0.0 54.0
37.503437 148.04105 0.0198 4.0 49.0
39.217632 151.0289 0.0198 4.0 49.0
39.217632 151.0289 0.0199 3.0 50.0
40.931828 154.01675 0.0199 3.0 50.0
40.931828 154.01675 0.0200 0.0 51.0
40.931828 157.46143 0.0200 0.0 51.0
40.931828 157.46143 0.0201 0.0 52.0
40.931828 160.9061 0.0201 0.0 52.0
40.931828 154.01675 0.0202 2.0 51.0
42.646023 157.00461 0.0202 2.0 51.0
42.646023 157.00461 0.0203 1.0 52.0
44.360218 159.99246 0.0203 1.0 52.0
44.360218 159.99246 0.0204 0.0 53.0
47.333954 161.73105 0.0204 0.0 53.0
47.333954 161.73105 0.0205 0.0 54.0
50.30769 163.46964 0.0205 0.0 54.0
44.360218 159.99246 0.0206 0.0 53.0
44.360218 163.43713 0.0206 0.0 53.0
44.360218 163.43713 0.0207 0.0 54.0
44.360218 166.8818 0.0207 0.0 54.0
13.713553 134.13235 0.0208 20.0 41.0
15.427748 137.12021 0.0208 20.0 41.0
15.427748 137.12021 0.0209 19.0 42.0
17.141941 140.10806 0.0209 19.0 42.0
17.141941 140.10806 0.0210 18.0 43.0
18.856134 143.09592 0.0210 18.0 43.0
18.856134 143.09592 0.0211 17.0 44.0
20.570328 146.08377 0.0211 17.0 44.0
20.570328 146.08377 0.0212 16.0 45.0
22.284521 149.07162 0.0212 16.0 45.0
22.284521 149.07162 0.0213 15.0 46.0
23.998714 152.05948 0.0213 15.0 46.0
23.998714 152.05948 0.0214 14.0 47.0
25.712908 155.04733 0.0214 14.0 47.0
25.712908 155.04733 0.0215 13.0 48.0
27.427101 158.03519 0.0215 13.0 48.0
27.427101 158.03519 0.0216 12.0 49.0
30.400837 159.77377 0.0216 12.0 49.0
30.400837 159.77377 0.0217 11.0 50.0
33.374573 161.51236 0.0217 11.0 50.0
33.374573 161.51236 0.0218 10.0 51.0
36.34831 163.25095 0.0218 10.0 51.0
36.34831 163.25095 0.0219 9.0 52.0
39.322044 164.98953 0.0219 9.0 52.0
39.322044 164.98953 0.0220 4.0 53.0
42.7666 165.01772 0.0220 4.0 53.0
42.7666 165.01772 0.0221 3.0 54.0
46.21116 165.0459 0.0221 3.0 54.0
46.21116 165.0459 0.0222 0.0 55.0
49.184895 166.78448 0.0222 0.0 55.0
49.184895 166.78448 0.0223 0.0 56.0
52.15863 168.52307 0.0223 0.0 56.0
46.21116 165.0459 0.0224 2.0 55.0
49.655716 165.07408 0.0224 2.0 55.0
49.655716 165.07408 0.0225 1.0 56.0
53.100273 165.10226 0.0225 1.0 56.0
53.100273 165.10226 0.0226 0.0 57.0
56.102055 163.41257 0.0226 0.0 57.0
56.102055 163.41257 0.0227 0.0 58.0
59.103836 161.72287 0.0227 0.0 58.0
53.100273 165.10226 0.0228 0.0 57.0
56.07401 166.84085 0.0228 0.0 57.0
56.07401 166.84085 0.0229 0.0 58.0
59.047745 168.57944 0.0229 0.0 58.0
39.322044 164.98953 0.0230 8.0 53.0
42.29578 166.72812 0.0230 8.0 53.0
42.29578 166.72812 0.0231 7.0 54.0
45.269516 168.4667 0.0231 7.0 54.0
45.269516 168.4667 0.0232 6.0 55.0
48.24325 170.20529 0.0232 6.0 55.0
48.24325 170.20529 0.0233 5.0 56.0
51.216988 171.94388 0.0233 5.0 56.0
51.216988 171.94388 0.0234 4.0 57.0
54.661545 171.97206 0.0234 4.0 57.0
54.661545 171.97206 0.0235 3.0 58.0
58.106102 172.00024 0.0235 3.0 58.0
58.106102 172.00024 0.0236 0.0 59.0
61.079838 173.73883 0.0236 0.0 59.0
61.079838 173.73883 0.0237 0.0 60.0
64.05357 175.47742 0.0237 0.0 60.0
58.106102 172.00024 0.0238 2.0 59.0
61.55066 172.02843 0.0238 2.0 59.0
61.55066 172.02843 0.0239 1.0 60.0
64.99522 172.05661 0.0239 1.0 60.0
64.99522 172.05661 0.0240 0.0 61.0
67.997 170.36691 0.0240 0.0 61.0
67.997 170.36691 0.0241 0.0 62.0
70.99879 168.67722 0.0241 0.0 62.0
64.99522 172.05661 0.0242 0.0 61.0
67.96895 173.7952 0.0242 0.0 61.0
67.96895 173.7952 0.0243 0.0 62.0
70.94268 175.53378 0.0243 0.0 62.0
51.216988 171.94388 0.0244 4.0 57.0
52.931183 174.93173 0.0244 4.0 57.0
52.931183 174.93173 0.0245 3.0 58.0
54.64538 177.91959 0.0245 3.0 58.0
54.64538 177.91959 0.0246 0.0 59.0
54.64538 181.36426 0.0246 0.0 59.0
54.64538 181.36426 0.0247 0.0 60.0
54.64538 184.80893 0.0247 0.0 60.0
54.64538 177.91959 0.0248 2.0 59.0
56.359573 180.90744 0.0248 2.0 59.0
56.359573 180.90744 0.0249 1.0 60.0
58.07377 183.8953 0.0249 1.0 60.0
58.07377 183.8953 0.0250 0.0 61.0
61.047504 185.63388 0.0250 0.0 61.0
61.047504 185.63388 0.0251 0.0 62.0
64.02124 187.37247 0.0251 0.0 62.0
58.07377 183.8953 0.0252 0.0 61.0
58.07377 187.33997 0.0252 0.0 61.0
58.07377 187.33997 0.0253 0.0 62.0
58.07377 190.78464 0.0253 0.0 62.0
27.427101 158.03519 0.0254 12.0 49.0
27.427101 161.47986 0.0254 12.0 49.0
27.427101 161.47986 0.0255 11.0 50.0
27.427101 164.92453 0.0255 11.0 50.0
27.427101 164.92453 0.0256 10.0 51.0
27.427101 168.3692 0.0256 10.0 51.0
27.427101 168.3692 0.0257 9.0 52.0
27.427101 171.81387 0.0257 9.0 52.0
27.427101 171.81387 0.0258 4.0 53.0
29.141294 174.80173 0.0258 4.0 53.0
29.141294 174.80173 0.0259 3.0 54.0
30.855488 177.78958 0.0259 3.0 54.0
30.855488 177.78958 0.0260 0.0 55.0
30.855488 181.23425 0.0260 0.0 55.0
30.855488 181.23425 0.0261 0.0 56.0
30.855488 184.67892 0.0261 0.0 56.0
30.855488 177.78958 0.0262 2.0 55.0
32.569683 180.77744 0.0262 2.0 55.0
32.569683 180.77744 0.0263 1.0 56.0
34.28388 183.76529 0.0263 1.0 56.0
34.28388 183.76529 0.0264 0.0 57.0
37.257614 185.50388 0.0264 0.0 57.0
37.257614 185.50388 0.0265 0.0 58.0
40.23135 187.24246 0.0265 0.0 58.0
34.28388 183.76529 0.0266 0.0 57.0
34.28388 187.20996 0.0266 0.0 57.0
34.28388 187.20996 0.0267 0.0 58.0
34.28388 190.65463 0.0267 0.0 58.0
27.427101 171.81387 0.0268 8.0 53.0
27.427101 175.25854 0.0268 8.0 53.0
27.427101 175.25854 0.0269 7.0 54.0
27.427101 178.70322 0.0269 7.0 54.0
27.427101 178.70322 0.0270 6.0 55.0
27.427101 182.14789 0.0270 6.0 55.0
27.427101 182.14789 0.0271 5.0 56.0
27.427101 185.59256 0.0271 5.0 56.0
27.427101 185.59256 0.0272 4.0 57.0
29.141294 188.58041 0.0272 4.0 57.0
29.141294 188.58041 0.0273 3.0 58.0
30.855488 191.56827 0.0273 3.0 58.0
30.855488 191.56827 0.0274 0.0 59.0
30.855488 195.01294 0.0274 0.0 59.0
30.855488 195.01294 0.0275 0.0 60.0
30.855488 198.45761 0.0275 0.0 60.0
30.855488 191.56827 0.0276 2.0 59.0
32.569683 194.55612 0.0276 2.0 59.0
32.569683 194.55612 0.0277 1.0 60.0
34.28388 197.54398 0.0277 1.0 60.0
34.28388 197.54398 0.0278 0.0 61.0
37.257614 199.28256 0.0278 0.0 61.0
37.257614 199.28256 0.0279 0.0 62.0
40.23135 201.02115 0.0279 0.0 62.0
34.28388 197.54398 0.0280 0.0 61.0
34.28388 200.98865 0.0280 0.0 61.0
34.28388 200.98865 0.0281 0.0 62.0
34.28388 204.43332 0.0281 0.0 62.0
27.427101 185.59256 0.0282 4.0 57.0
25.712908 188.58041 0.0282 4.0 57.0
25.712908 188.58041 0.0283 3.0 58.0
23.998714 191.56827 0.0283 3.0 58.0
23.998714 191.56827 0.0284 0.0 59.0
21.024979 193.30685 0.0284 0.0 59.0
21.024979 193.30685 0.0285 0.0 60.0
18.051243 195.04544 0.0285 0.0 60.0
23.998714 191.56827 0.0286 2.0 59.0
22.284521 194.55612 0.0286 2.0 59.0
22.284521 194.55612 0.0287 1.0 60.0
20.570328 197.54398 0.0287 1.0 60.0
20.570328 197.54398 0.0288 0.0 61.0
20.570328 200.98865 0.0288 0.0 61.0
20.570328 200.98865 0.0289 0.0 62.0
20.570328 204.43332 0.0289 0.0 62.0
20.570328 197.54398 0.0290 0.0 61.0
17.596592 199.28256 0.0290 0.0 61.0
17.596592 199.28256 0.0291 0.0 62.0
14.622857 201.02115 0.0291 0.0 62.0
0.0 110.229485 0.0292 28.0 33.0
-1.7141942 113.21735 0.0292 28.0 33.0
-1.7141942 113.21735 0.0293 27.0 34.0
-3.4283884 116.20521 0.0293 27.0 34.0
-3.4283884 116.20521 0.0294 26.0 35.0
-5.1425824 119.19307 0.0294 26.0 35.0
-5.1425824 119.19307 0.0295 25.0 36.0
-6.8567767 122.18093 0.0295 25.0 36.0
-6.8567767 122.18093 0.0296 24.0 37.0
-8.570971 125.16879 0.0296 24.0 37.0
-8.570971 125.16879 0.0297 23.0 38.0
-10.285165 128.15665 0.0297 23.0 38.0
-10.285165 128.15665 0.0298 22.0 39.0
-11.999359 131.1445 0.0298 22.0 39.0
-11.999359 131.1445 0.0299 21.0 40.0
-13.713553 134.13235 0.0299 21.0 40.0
-13.713553 134.13235 0.0300 12.0 41.0
-13.713553 137.57703 0.0300 12.0 41.0
-13.713553 137.57703 0.0301 11.0 42.0
-13.713553 141.0217 0.0301 11.0 42.0
-13.713553 141.0217 0.0302 10.0 43.0
-13.713553 144.46637 0.0302 10.0 43.0
-13.713553 144.46637 0.0303 9.0 44.0
-13.713553 147.91104 0.0303 9.0 44.0
-13.713553 147.91104 0.0304 4.0 45.0
-11.999359 150.8989 0.0304 4.0 45.0
-11.999359 150.8989 0.0305 3.0 46.0
-10.285165 153.88675 0.0305 3.0 46.0
-10.285165 153.88675 0.0306 0.0 47.0
-10.285165 157.33142 0.0306 0.0 47.0
-10.285165 157.33142 0.0307 0.0 48.0
-10.285165 160.7761 0.0307 0.0 48.0
-10.285165 153.88675 0.0308 2.0 47.0
-8.570971 156.8746 0.0308 2.0 47.0
-8.570971 156.8746 0.0309 1.0 48.0
-6.856776 159.86246 0.0309 1.0 48.0
-6.856776 159.86246 0.0310 0.0 49.0
-3.8830411 161.60104 0.0310 0.0 49.0
-3.8830411 161.60104 0.0311 0.0 50.0
-0.90930605 163.33963 0.0311 0.0 50.0
-6.856776 159.86246 0.0312 0.0 49.0
-6.856776 163.30713 0.0312 0.0 49.0
-6.856776 163.30713 0.0313 0.0 50.0
-6.856776 166.7518 0.0313 0.0 50.0
-13.713553 147.91104 0.0314 8.0 45.0
-13.713553 151.35571 0.0314 8.0 45.0
-13.713553 151.35571 0.0315 7.0 46.0
-13.713553 154.80038 0.0315 7.0 46.0
-13.713553 154.80038 0.0316 6.0 47.0
-13.713553 158.24506 0.0316 6.0 47.0
-13.713553 158.24506 0.0317 5.0 48.0
-13.713553 161.68973 0.0317 5.0 48.0
-13.713553 161.68973 0.0318 4.0 49.0
-11.999359 164.67758 0.0318 4.0 49.0
-11.999359 164.67758 0.0319 3.0 50.0
-10.285165 167.66544 0.0319 3.0 50.0
-10.285165 167.66544 0.0320 0.0 51.0
-10.285165 171.1101 0.0320 0.0 51.0
-10.285165 171.1101 0.0321 0.0 52.0
-10.285165 174.55478 0.0321 0.0 52.0
-10.285165 167.66544 0.0322 2.0 51.0
-8.570971 170.65329 0.0322 2.0 51.0
-8.570971 170.65329 0.0323 1.0 52.0
-6.856776 173.64114 0.0323 1.0 52.0
-6.856776 173.64114 0.0324 0.0 53.0
-3.8830411 175.37973 0.0324 0.0 53.0
-3.8830411 175.37973 0.0325 0.0 54.0
-0.90930605 177.11832 0.0325 0.0 54.0
-6.856776 173.64114 0.0326 0.0 53.0
-6.856776 177.08582 0.0326 0.0 53.0
-6.856776 177.08582 0.0327 0.0 54.0
-6.856776 180.53049 0.0327 0.0 54.0
-13.713553 161.68973 0.0328 4.0 49.0
-15.427748 164.67758 0.0328 4.0 49.0
-15.427748 164.67758 0.0329 3.0 50.0
-17.141941 167.66544 0.0329 3.0 50.0
-17.141941 167.66544 0.0330 0.0 51.0
-20.115677 169.40402 0.0330 0.0 51.0
-20.115677 169.40402 0.0331 0.0 52.0
-23.089413 171.14261 0.0331 0.0 52.0
-17.141941 167.66544 0.0332 2.0 51.0
-18.856134 170.65329 0.0332 2.0 51.0
-18.856134 170.65329 0.0333 1.0 52.0
-20.570328 173.64114 0.0333 1.0 52.0
-20.570328 173.64114 0.0334 0.0 53.0
-20.570328 177.08582 0.0334 0.0 53.0
-20.570328 177.08582 0.0335 0.0 54.0
-20.570328 180.53049 0.0335 0.0 54.0
-20.570328 173.64114 0.0336 0.0 53.0
-23.544064 175.37973 0.0336 0.0 53.0
-23.544064 175.37973 0.0337 0.0 54.0
-26.5178 177.11832 0.0337 0.0 54.0
-13.713553 134.13235 0.0338 20.0 41.0
-15.427748 137.12021 0.0338 20.0 41.0
-15.427748 137.12021 0.0339 19.0 42.0
-17.141941 140.10806 0.0339 19.0 42.0
-17.141941 140.10806 0.0340 18.0 43.0
-18.856134 143.09592 0.0340 18.0 43.0
-18.856134 143.09592 0.0341 17.0 44.0
-20.570328 146.08377 0.0341 17.0 44.0
-20.570328 146.08377 0.0342 16.0 45.0
-22.284521 149.07162 0.0342 16.0 45.0
-22.284521 149.07162 0.0343 15.0 46.0
-23.998714 152.05948 0.0343 15.0 46.0
-23.998714 152.05948 0.0344 14.0 47.0
-25.712908 155.04733 0.0344 14.0 47.0
-25.712908 155.04733 0.0345 13.0 48.0
-27.427101 158.03519 0.0345 13.0 48.0
-27.427101 158.03519 0.0346 12.0 49.0
-27.427101 161.47986 0.0346 12.0 49.0
-27.427101 161.47986 0.0347 11.0 50.0
-27.427101 164.92453 0.0347 11.0 50.0
-27.427101 164.92453 0.0348 10.0 51.0
-27.427101 168.3692 0.0348 10.0 51.0
-27.427101 168.3692 0.0349 9.0 52.0
-27.427101 171.81387 0.0349 9.0 52.0
-27.427101 171.81387 0.0350 4.0 53.0
-25.712908 174.80173 0.0350 4.0 53.0
-25.712908 174.80173 0.0351 3.0 54.0
-23.998714 177.78958 0.0351 3.0 54.0
-23.998714 177.78958 0.0352 0.0 55.0
-23.998714 181.23425 0.0352 0.0 55.0
-23.998714 181.23425 0.0353 0.0 56.0
-23.998714 184.67892 0.0353 0.0 56.0
-23.998714 177.78958 0.0354 2.0 55.0
-22.284521 180.77744 0.0354 2.0 55.0
-22.284521 180.77744 0.0355 1.0 56.0
-20.570328 183.76529 0.0355 1.0 56.0
-20.570328 183.76529 0.0356 0.0 57.0
-17.596592 185.50388 0.0356 0.0 57.0
-17.596592 185.50388 0.0357 0.0 58.0
-14.622857 187.24246 0.0357 0.0 58.0
-20.570328 183.76529 0.0358 0.0 57.0
-20.570328 187.20996 0.0358 0.0 57.0
-20.570328 187.20996 0.0359 0.0 58.0
-20.570328 190.65463 0.0359 0.0 58.0
-27.427101 171.81387 0.0360 8.0 53.0
-27.427101 175.25854 0.0360 8.0 53.0
-27.427101 175.25854 0.0361 7.0 54.0
-27.427101 178.70322 0.0361 7.0 54.0
-27.427101 178.70322 0.0362 6.0 55.0
-27.427101 182.14789 0.0362 6.0 55.0
-27.427101 182.14789 0.0363 5.0 56.0
-27.427101 185.59256 0.0363 5.0 56.0
-27.427101 185.59256 0.0364 4.0 57.0
-25.712908 188.58041 0.0364 4.0 57.0
-25.712908 188.58041 0.0365 3.0 58.0
-23.998714 191.56827 0.0365 3.0 58.0
-23.998714 191.56827 0.0366 0.0 59.0
-23.998714 195.01294 0.0366 0.0 59.0
-23.998714 195.01294 0.0367 0.0 60.0
-23.998714 198.45761 0.0367 0.0 60.0
-23.998714 191.56827 0.0368 2.0 59.0
-22.284521 194.55612 0.0368 2.0 59.0
-22.284521 194.55612 0.0369 1.0 60.0
-20.570328 197.54398 0.0369 1.0 60.0
-20.570328 197.54398 0.0370 0.0 61.0
-17.596592 199.28256 0.0370 0.0 61.0
-17.596592 199.28256 0.0371 0.0 62.0
-14.622857 201.02115 0.0371 0.0 62.0
-20.570328 197.54398 0.0372 0.0 61.0
-20.570328 200.98865 0.0372 0.0 61.0
-20.570328 200.98865 0.0373 0.0 62.0
-20.570328 204.43332 0.0373 0.0 62.0
-27.427101 185.59256 0.0374 4.0 57.0
-29.141294 188.58041 0.0374 4.0 57.0
-29.141294 188.58041 0.0375 3.0 58.0
-30.855488 191.56827 0.0375 3.0 58.0
-30.855488 191.56827 0.0376 0.0 59.0
-33.829224 193.30685 0.0376 0.0 59.0
-33.829224 193.30685 0.0377 0.0 60.0
-36.80296 195.04544 0.0377 0.0 60.0
-30.855488 191.56827 0.0378 2.0 59.0
-32.569683 194.55612 0.0378 2.0 59.0
-32.569683 194.55612 0.0379 1.0 60.0
-34.28388 197.54398 0.0379 1.0 60.0
-34.28388 197.54398 0.0380 0.0 61.0
-34.28388 200.98865 0.0380 0.0 61.0
-34.28388 200.98865 0.0381 0.0 62.0
-34.28388 204.43332 0.0381 0.0 62.0
-34.28388 197.54398 0.0382 0.0 61.0
-37.257614 199.28256 0.0382 0.0 61.0
-37.257614 199.28256 0.0383 0.0 62.0
-40.23135 201.02115 0.0383 0.0 62.0
-27.427101 158.03519 0.0384 12.0 49.0
-30.400837 159.77377 0.0384 12.0 49.0
-30.400837 159.77377 0.0385 11.0 50.0
-33.374573 161.51236 0.0385 11.0 50.0
-33.374573 161.51236 0.0386 10.0 51.0
-36.34831 163.25095 0.0386 10.0 51.0
-36.34831 163.25095 0.0387 9.0 52.0
-39.322044 164.98953 0.0387 9.0 52.0
-39.322044 164.98953 0.0388 4.0 53.0
-41.03624 167.97739 0.0388 4.0 53.0
-41.03624 167.97739 0.0389 3.0 54.0
-42.750435 170.96524 0.0389 3.0 54.0
-42.750435 170.96524 0.0390 0.0 55.0
-45.72417 172.70383 0.0390 0.0 55.0
-45.72417 172.70383 0.0391 0.0 56.0
-48.697906 174.44241 0.0391 0.0 56.0
-42.750435 170.96524 0.0392 2.0 55.0
-44.46463 173.9531 0.0392 2.0 55.0
-44.46463 173.9531 0.0393 1.0 56.0
-46.178825 176.94095 0.0393 1.0 56.0
-46.178825 176.94095 0.0394 0.0 57.0
-46.178825 180.38562 0.0394 0.0 57.0
-46.178825 180.38562 0.0395 0.0 58.0
-46.178825 183.83029 0.0395 0.0 58.0
-46.178825 176.94095 0.0396 0.0 57.0
-49.15256 178.67953 0.0396 0.0 57.0
-49.15256 178.67953 0.0397 0.0 58.0
-52.126297 180.41812 0.0397 0.0 58.0
-39.322044 164.98953 0.0398 8.0 53.0
-42.29578 166.72812 0.0398 8.0 53.0
-42.29578 166.72812 0.0399 7.0 54.0
-45.269516 168.4667 0.0399 7.0 54.0
-45.269516 168.4667 0.0400 6.0 55.0
-48.24325 170.20529 0.0400 6.0 55.0
-48.24325 170.20529 0.0401 5.0 56.0
-51.216988 171.94388 0.0401 5.0 56.0
-51.216988 171.94388 0.0402 4.0 57.0
-52.931183 174.93173 0.0402 4.0 57.0
-52.931183 174.93173 0.0403 3.0 58.0
-54.64538 177.91959 0.0403 3.0 58.0
-54.64538 177.91959 0.0404 0.0 59.0
-57.619114 179.65817 0.0404 0.0 59.0
-57.619114 179.65817 0.0405 0.0 60.0
-60.59285 181.39676 0.0405 0.0 60.0
-54.64538 177.91959 0.0406 2.0 59.0
-56.359573 180.90744 0.0406 2.0 59.0
-56.359573 180.90744 0.0407 1.0 60.0
-58.07377 183.8953 0.0407 1.0 60.0
-58.07377 183.8953 0.0408 0.0 61.0
-58.07377 187.33997 0.0408 0.0 61.0
-58.07377 187.33997 0.0409 0.0 62.0
-58.07377 190.78464 0.0409 0.0 62.0
-58.07377 183.8953 0.0410 0.0 61.0
-61.047504 185.63388 0.0410 0.0 61.0
-61.047504 185.63388 0.0411 0.0 62.0
-64.02124 187.37247 0.0411 0.0 62.0
-51.216988 171.94388 0.0412 4.0 57.0
-54.661545 171.97206 0.0412 4.0 57.0
-54.661545 171.97206 0.0413 3.0 58.0
-58.106102 172.00024 0.0413 3.0 58.0
-58.106102 172.00024 0.0414 0.0 59.0
-61.107883 170.31055 0.0414 0.0 59.0
-61.107883 170.31055 0.0415 0.0 60.0
-64.109665 168.62085 0.0415 0.0 60.0
-58.106102 172.00024 0.0416 2.0 59.0
-61.55066 172.02843 0.0416 2.0 59.0
-61.55066 172.02843 0.0417 1.0 60.0
-64.99522 172.05661 0.0417 1.0 60.0
-64.99522 172.05661 0.0418 0.0 61.0
-67.96895 173.7952 0.0418 0.0 61.0
-67.96895 173.7952 0.0419 0.0 62.0
-70.94268 175.53378 0.0419 0.0 62.0
-64.99522 172.05661 0.0420 0.0 61.0
-67.997 170.36691 0.0420 0.0 61.0
-67.997 170.36691 0.0421 0.0 62.0
-70.99879 168.67722 0.0421 0.0 62.0
