0.0 0.0 0.00 29.0 1.0
0.0 4.106079 0.00 29.0 1.0
0.0 4.106079 0.01 0.0 2.0
2.1388087 7.61113 0.01 0.0 2.0
0.0 4.106079 0.02 28.0 2.0
0.0 8.212158 0.02 28.0 2.0
0.0 8.212158 0.03 0.0 3.0
-2.1388087 11.717209 0.03 0.0 3.0
0.0 8.212158 0.04 0.0 3.0
0.0 12.318237 0.04 0.0 3.0
0.0 8.212158 0.05 1.0 3.0
2.1388087 11.717209 0.05 1.0 3.0
2.1388087 11.717209 0.06 0.0 4.0
5.790289 13.595127 0.06 0.0 4.0
2.1388087 11.717209 0.07 0.0 4.0
4.2776175 15.2222595 0.07 0.0 4.0
4.2776175 15.2222595 0.08 0.0 5.0
4.2776175 19.328339 0.08 0.0 5.0
4.2776175 15.2222595 0.09 0.0 5.0
6.416426 18.72731 0.09 0.0 5.0
0.0 8.212158 0.010 27.0 3.0
0.0 12.318237 0.010 27.0 3.0
0.0 12.318237 0.011 0.0 4.0
2.1388087 15.823288 0.011 0.0 4.0
0.0 12.318237 0.012 26.0 4.0
0.0 16.424316 0.012 26.0 4.0
0.0 16.424316 0.013 0.0 5.0
-2.1388087 19.929367 0.013 0.0 5.0
0.0 16.424316 0.014 0.0 5.0
0.0 20.530396 0.014 0.0 5.0
0.0 16.424316 0.015 1.0 5.0
-2.1388087 19.929367 0.015 1.0 5.0
-2.1388087 19.929367 0.016 0.0 6.0
-2.1388087 24.035446 0.016 0.0 6.0
-2.1388087 19.929367 0.017 0.0 6.0
-4.2776175 23.434418 0.017 0.0 6.0
-4.2776175 23.434418 0.018 0.0 7.0
-7.9290977 25.312336 0.018 0.0 7.0
-4.2776175 23.434418 0.019 0.0 7.0
-6.416426 26.939468 0.019 0.0 7.0
0.0 16.424316 0.020 1.0 5.0
0.0 20.530396 0.020 1.0 5.0
0.0 20.530396 0.021 0.0 6.0
2.1388087 24.035446 0.021 0.0 6.0
0.0 20.530396 0.022 0.0 6.0
0.0 24.636475 0.022 0.0 6.0
0.0 24.636475 0.023 0.0 7.0
-2.1388087 28.141525 0.023 0.0 7.0
0.0 24.636475 0.024 0.0 7.0
0.0 28.742554 0.024 0.0 7.0
0.0 16.424316 0.025 5.0 5.0
2.1388087 19.929367 0.025 5.0 5.0
2.1388087 19.929367 0.026 0.0 6.0
5.790289 21.807285 0.026 0.0 6.0
2.1388087 19.929367 0.027 4.0 6.0
4.2776175 23.434418 0.027 4.0 6.0
4.2776175 23.434418 0.028 0.0 7.0
4.2776175 27.540497 0.028 0.0 7.0
4.2776175 23.434418 0.029 0.0 7.0
6.416426 26.939468 0.029 0.0 7.0
4.2776175 23.434418 0.030 1.0 7.0
7.9290977 25.312336 0.030 1.0 7.0
7.9290977 25.312336 0.031 0.0 8.0
12.024278 25.013361 0.031 0.0 8.0
7.9290977 25.312336 0.032 0.0 8.0
11.580578 27.190254 0.032 0.0 8.0
11.580578 27.190254 0.033 0.0 9.0
13.719387 30.695305 0.033 0.0 9.0
11.580578 27.190254 0.034 0.0 9.0
15.232058 29.068172 0.034 0.0 9.0
4.2776175 23.434418 0.035 3.0 7.0
6.416426 26.939468 0.035 3.0 7.0
6.416426 26.939468 0.036 0.0 8.0
10.067906 28.817387 0.036 0.0 8.0
6.416426 26.939468 0.037 2.0 8.0
8.555235 30.444519 0.037 2.0 8.0
8.555235 30.444519 0.038 0.0 9.0
8.555235 34.5506 0.038 0.0 9.0
8.555235 30.444519 0.039 0.0 9.0
10.694044 33.94957 0.039 0.0 9.0
8.555235 30.444519 0.040 1.0 9.0
8.555235 34.5506 0.040 1.0 9.0
8.555235 34.5506 0.041 0.0 10.0
10.694044 38.05565 0.041 0.0 10.0
8.555235 34.5506 0.042 0.0 10.0
8.555235 38.656677 0.042 0.0 10.0
8.555235 38.656677 0.043 0.0 11.0
6.416426 42.161728 0.043 0.0 11.0
8.555235 38.656677 0.044 0.0 11.0
8.555235 42.762756 0.044 0.0 11.0
8.555235 30.444519 0.045 1.0 9.0
10.694044 33.94957 0.045 1.0 9.0
10.694044 33.94957 0.046 0.0 10.0
14.345524 35.827488 0.046 0.0 10.0
10.694044 33.94957 0.047 0.0 10.0
12.832853 37.45462 0.047 0.0 10.0
12.832853 37.45462 0.048 0.0 11.0
12.832853 41.5607 0.048 0.0 11.0
12.832853 37.45462 0.049 0.0 11.0
14.9716625 40.95967 0.049 0.0 11.0
0.0 16.424316 0.050 25.0 5.0
0.0 20.530396 0.050 25.0 5.0
0.0 20.530396 0.051 0.0 6.0
2.1388087 24.035446 0.051 0.0 6.0
0.0 20.530396 0.052 24.0 6.0
0.0 24.636475 0.052 24.0 6.0
0.0 24.636475 0.053 0.0 7.0
-2.1388087 28.141525 0.053 0.0 7.0
0.0 24.636475 0.054 0.0 7.0
0.0 28.742554 0.054 0.0 7.0
0.0 24.636475 0.055 1.0 7.0
2.1388087 28.141525 0.055 1.0 7.0
2.1388087 28.141525 0.056 0.0 8.0
5.790289 30.019444 0.056 0.0 8.0
2.1388087 28.141525 0.057 0.0 8.0
4.2776175 31.646576 0.057 0.0 8.0
4.2776175 31.646576 0.058 0.0 9.0
4.2776175 35.752655 0.058 0.0 9.0
4.2776175 31.646576 0.059 0.0 9.0
6.416426 35.151627 0.059 0.0 9.0
0.0 24.636475 0.060 23.0 7.0
0.0 28.742554 0.060 23.0 7.0
0.0 28.742554 0.061 0.0 8.0
2.1388087 32.247604 0.061 0.0 8.0
0.0 28.742554 0.062 22.0 8.0
0.0 32.848633 0.062 22.0 8.0
0.0 32.848633 0.063 0.0 9.0
-2.1388087 36.353683 0.063 0.0 9.0
0.0 32.848633 0.064 0.0 9.0
0.0 36.954712 0.064 0.0 9.0
0.0 32.848633 0.065 1.0 9.0
-2.1388087 36.353683 0.065 1.0 9.0
-2.1388087 36.353683 0.066 0.0 10.0
-2.1388087 40.459763 0.066 0.0 10.0
-2.1388087 36.353683 0.067 0.0 10.0
-4.2776175 39.858734 0.067 0.0 10.0
-4.2776175 39.858734 0.068 0.0 11.0
-7.9290977 41.736652 0.068 0.0 11.0
-4.2776175 39.858734 0.069 0.0 11.0
-6.416426 43.363785 0.069 0.0 11.0
0.0 32.848633 0.070 1.0 9.0
0.0 36.954712 0.070 1.0 9.0
0.0 36.954712 0.071 0.0 10.0
2.1388087 40.459763 0.071 0.0 10.0
0.0 36.954712 0.072 0.0 10.0
0.0 41.06079 0.072 0.0 10.0
0.0 41.06079 0.073 0.0 11.0
-2.1388087 44.56584 0.073 0.0 11.0
0.0 41.06079 0.074 0.0 11.0
0.0 45.16687 0.074 0.0 11.0
0.0 32.848633 0.075 5.0 9.0
2.1388087 36.353683 0.075 5.0 9.0
2.1388087 36.353683 0.076 0.0 10.0
5.790289 38.2316 0.076 0.0 10.0
2.1388087 36.353683 0.077 4.0 10.0
4.2776175 39.858734 0.077 4.0 10.0
4.2776175 39.858734 0.078 0.0 11.0
4.2776175 43.964813 0.078 0.0 11.0
4.2776175 39.858734 0.079 0.0 11.0
6.416426 43.363785 0.079 0.0 11.0
4.2776175 39.858734 0.080 1.0 11.0
7.9290977 41.736652 0.080 1.0 11.0
7.9290977 41.736652 0.081 0.0 12.0
12.024278 41.437675 0.081 0.0 12.0
7.9290977 41.736652 0.082 0.0 12.0
11.580578 43.61457 0.082 0.0 12.0
11.580578 43.61457 0.083 0.0 13.0
13.719387 47.11962 0.083 0.0 13.0
11.580578 43.61457 0.084 0.0 13.0
15.232058 45.49249 0.084 0.0 13.0
4.2776175 39.858734 0.085 3.0 11.0
6.416426 43.363785 0.085 3.0 11.0
6.416426 43.363785 0.086 0.0 12.0
10.067906 45.241703 0.086 0.0 12.0
6.416426 43.363785 0.087 2.0 12.0
8.555235 46.868835 0.087 2.0 12.0
8.555235 46.868835 0.088 0.0 13.0
8.555235 50.974915 0.088 0.0 13.0
8.555235 46.868835 0.089 0.0 13.0
10.694044 50.373886 0.089 0.0 13.0
8.555235 46.868835 0.090 1.0 13.0
8.555235 50.974915 0.090 1.0 13.0
8.555235 50.974915 0.091 0.0 14.0
10.694044 54.479965 0.091 0.0 14.0
8.555235 50.974915 0.092 0.0 14.0
8.555235 55.080994 0.092 0.0 14.0
8.555235 55.080994 0.093 0.0 15.0
6.416426 58.586044 0.093 0.0 15.0
8.555235 55.080994 0.094 0.0 15.0
8.555235 59.187073 0.094 0.0 15.0
8.555235 46.868835 0.095 1.0 13.0
10.694044 50.373886 0.095 1.0 13.0
10.694044 50.373886 0.096 0.0 14.0
14.345524 52.251804 0.096 0.0 14.0
10.694044 50.373886 0.097 0.0 14.0
12.832853 53.878937 0.097 0.0 14.0
12.832853 53.878937 0.098 0.0 15.0
12.832853 57.985016 0.098 0.0 15.0
12.832853 53.878937 0.099 0.0 15.0
14.9716625 57.383987 0.099 0.0 15.0
0.0 32.848633 0.0100 5.0 9.0
0.0 36.954712 0.0100 5.0 9.0
0.0 36.954712 0.0101 0.0 10.0
2.1388087 40.459763 0.0101 0.0 10.0
0.0 36.954712 0.0102 4.0 10.0
0.0 41.06079 0.0102 4.0 10.0
0.0 41.06079 0.0103 0.0 11.0
-2.1388087 44.56584 0.0103 0.0 11.0
0.0 41.06079 0.0104 0.0 11.0
0.0 45.16687 0.0104 0.0 11.0
0.0 41.06079 0.0105 1.0 11.0
2.1388087 44.56584 0.0105 1.0 11.0
2.1388087 44.56584 0.0106 0.0 12.0
5.790289 46.44376 0.0106 0.0 12.0
2.1388087 44.56584 0.0107 0.0 12.0
4.2776175 48.070892 0.0107 0.0 12.0
4.2776175 48.070892 0.0108 0.0 13.0
4.2776175 52.17697 0.0108 0.0 13.0
4.2776175 48.070892 0.0109 0.0 13.0
6.416426 51.575943 0.0109 0.0 13.0
0.0 41.06079 0.0110 3.0 11.0
0.0 45.16687 0.0110 3.0 11.0
0.0 45.16687 0.0111 0.0 12.0
2.1388087 48.67192 0.0111 0.0 12.0
0.0 45.16687 0.0112 2.0 12.0
0.0 49.27295 0.0112 2.0 12.0
0.0 49.27295 0.0113 0.0 13.0
-2.1388087 52.778 0.0113 0.0 13.0
0.0 49.27295 0.0114 0.0 13.0
0.0 53.37903 0.0114 0.0 13.0
0.0 49.27295 0.0115 1.0 13.0
-2.1388087 52.778 0.0115 1.0 13.0
-2.1388087 52.778 0.0116 0.0 14.0
-2.1388087 56.88408 0.0116 0.0 14.0
-2.1388087 52.778 0.0117 0.0 14.0
-4.2776175 56.28305 0.0117 0.0 14.0
-4.2776175 56.28305 0.0118 0.0 15.0
-7.9290977 58.16097 0.0118 0.0 15.0
-4.2776175 56.28305 0.0119 0.0 15.0
-6.416426 59.7881 0.0119 0.0 15.0
0.0 49.27295 0.0120 1.0 13.0
0.0 53.37903 0.0120 1.0 13.0
0.0 53.37903 0.0121 0.0 14.0
2.1388087 56.88408 0.0121 0.0 14.0
0.0 53.37903 0.0122 0.0 14.0
0.0 57.485107 0.0122 0.0 14.0
0.0 57.485107 0.0123 0.0 15.0
-2.1388087 60.990158 0.0123 0.0 15.0
0.0 57.485107 0.0124 0.0 15.0
0.0 61.591187 0.0124 0.0 15.0
0.0 32.848633 0.0125 13.0 9.0
-2.1388087 36.353683 0.0125 13.0 9.0
-2.1388087 36.353683 0.0126 0.0 10.0
-2.1388087 40.459763 0.0126 0.0 10.0
-2.1388087 36.353683 0.0127 12.0 10.0
-4.2776175 39.858734 0.0127 12.0 10.0
-4.2776175 39.858734 0.0128 0.0 11.0
-7.9290977 41.736652 0.0128 0.0 11.0
-4.2776175 39.858734 0.0129 0.0 11.0
-6.416426 43.363785 0.0129 0.0 11.0
-4.2776175 39.858734 0.0130 1.0 11.0
-4.2776175 43.964813 0.0130 1.0 11.0
-4.2776175 43.964813 0.0131 0.0 12.0
-2.1388087 47.469864 0.0131 0.0 12.0
-4.2776175 43.964813 0.0132 0.0 12.0
-4.2776175 48.070892 0.0132 0.0 12.0
-4.2776175 48.070892 0.0133 0.0 13.0
-6.416426 51.575943 0.0133 0.0 13.0
-4.2776175 48.070892 0.0134 0.0 13.0
-4.2776175 52.17697 0.0134 0.0 13.0
-4.2776175 39.858734 0.0135 11.0 11.0
-6.416426 43.363785 0.0135 11.0 11.0
-6.416426 43.363785 0.0136 0.0 12.0
-6.416426 47.469864 0.0136 0.0 12.0
-6.416426 43.363785 0.0137 10.0 12.0
-8.555235 46.868835 0.0137 10.0 12.0
-8.555235 46.868835 0.0138 0.0 13.0
-12.206715 48.746754 0.0138 0.0 13.0
-8.555235 46.868835 0.0139 0.0 13.0
-10.694044 50.373886 0.0139 0.0 13.0
-8.555235 46.868835 0.0140 1.0 13.0
-12.206715 48.746754 0.0140 1.0 13.0
-12.206715 48.746754 0.0141 0.0 14.0
-14.345524 52.251804 0.0141 0.0 14.0
-12.206715 48.746754 0.0142 0.0 14.0
-15.858194 50.624672 0.0142 0.0 14.0
-15.858194 50.624672 0.0143 0.0 15.0
-19.953375 50.325695 0.0143 0.0 15.0
-15.858194 50.624672 0.0144 0.0 15.0
-19.509674 52.50259 0.0144 0.0 15.0
-8.555235 46.868835 0.0145 1.0 13.0
-10.694044 50.373886 0.0145 1.0 13.0
-10.694044 50.373886 0.0146 0.0 14.0
-10.694044 54.479965 0.0146 0.0 14.0
-10.694044 50.373886 0.0147 0.0 14.0
-12.832853 53.878937 0.0147 0.0 14.0
-12.832853 53.878937 0.0148 0.0 15.0
-16.484333 55.756855 0.0148 0.0 15.0
-12.832853 53.878937 0.0149 0.0 15.0
-14.9716625 57.383987 0.0149 0.0 15.0
-8.555235 46.868835 0.0150 5.0 13.0
-8.555235 50.974915 0.0150 5.0 13.0
-8.555235 50.974915 0.0151 0.0 14.0
-6.416426 54.479965 0.0151 0.0 14.0
-8.555235 50.974915 0.0152 4.0 14.0
-8.555235 55.080994 0.0152 4.0 14.0
-8.555235 55.080994 0.0153 0.0 15.0
-10.694044 58.586044 0.0153 0.0 15.0
-8.555235 55.080994 0.0154 0.0 15.0
-8.555235 59.187073 0.0154 0.0 15.0
-8.555235 55.080994 0.0155 1.0 15.0
-6.416426 58.586044 0.0155 1.0 15.0
-6.416426 58.586044 0.0156 0.0 16.0
-2.764946 60.463963 0.0156 0.0 16.0
-6.416426 58.586044 0.0157 0.0 16.0
-4.2776175 62.091095 0.0157 0.0 16.0
-4.2776175 62.091095 0.0158 0.0 17.0
-4.2776175 66.197174 0.0158 0.0 17.0
-4.2776175 62.091095 0.0159 0.0 17.0
-2.1388087 65.596146 0.0159 0.0 17.0
-8.555235 55.080994 0.0160 3.0 15.0
-8.555235 59.187073 0.0160 3.0 15.0
-8.555235 59.187073 0.0161 0.0 16.0
-6.416426 62.692123 0.0161 0.0 16.0
-8.555235 59.187073 0.0162 2.0 16.0
-8.555235 63.29315 0.0162 2.0 16.0
-8.555235 63.29315 0.0163 0.0 17.0
-10.694044 66.7982 0.0163 0.0 17.0
-8.555235 63.29315 0.0164 0.0 17.0
-8.555235 67.39923 0.0164 0.0 17.0
-8.555235 63.29315 0.0165 1.0 17.0
-10.694044 66.7982 0.0165 1.0 17.0
-10.694044 66.7982 0.0166 0.0 18.0
-10.694044 70.90428 0.0166 0.0 18.0
-10.694044 66.7982 0.0167 0.0 18.0
-12.832853 70.30325 0.0167 0.0 18.0
-12.832853 70.30325 0.0168 0.0 19.0
-16.484333 72.18117 0.0168 0.0 19.0
-12.832853 70.30325 0.0169 0.0 19.0
-14.9716625 73.808304 0.0169 0.0 19.0
-8.555235 63.29315 0.0170 1.0 17.0
-8.555235 67.39923 0.0170 1.0 17.0
-8.555235 67.39923 0.0171 0.0 18.0
-6.416426 70.90428 0.0171 0.0 18.0
-8.555235 67.39923 0.0172 0.0 18.0
-8.555235 71.50531 0.0172 0.0 18.0
-8.555235 71.50531 0.0173 0.0 19.0
-10.694044 75.01036 0.0173 0.0 19.0
-8.555235 71.50531 0.0174 0.0 19.0
-8.555235 75.61139 0.0174 0.0 19.0
-8.555235 46.868835 0.0175 9.0 13.0
-10.694044 50.373886 0.0175 9.0 13.0
-10.694044 50.373886 0.0176 0.0 14.0
-10.694044 54.479965 0.0176 0.0 14.0
-10.694044 50.373886 0.0177 8.0 14.0
-12.832853 53.878937 0.0177 8.0 14.0
-12.832853 53.878937 0.0178 0.0 15.0
-16.484333 55.756855 0.0178 0.0 15.0
-12.832853 53.878937 0.0179 0.0 15.0
-14.9716625 57.383987 0.0179 0.0 15.0
-12.832853 53.878937 0.0180 1.0 15.0
-12.832853 57.985016 0.0180 1.0 15.0
-12.832853 57.985016 0.0181 0.0 16.0
-10.694044 61.490067 0.0181 0.0 16.0
-12.832853 57.985016 0.0182 0.0 16.0
-12.832853 62.091095 0.0182 0.0 16.0
-12.832853 62.091095 0.0183 0.0 17.0
-14.9716625 65.596146 0.0183 0.0 17.0
-12.832853 62.091095 0.0184 0.0 17.0
-12.832853 66.197174 0.0184 0.0 17.0
-12.832853 53.878937 0.0185 7.0 15.0
-14.9716625 57.383987 0.0185 7.0 15.0
-14.9716625 57.383987 0.0186 0.0 16.0
-14.9716625 61.490067 0.0186 0.0 16.0
-14.9716625 57.383987 0.0187 6.0 16.0
-17.110472 60.889038 0.0187 6.0 16.0
-17.110472 60.889038 0.0188 0.0 17.0
-20.761951 62.766956 0.0188 0.0 17.0
-17.110472 60.889038 0.0189 0.0 17.0
-19.24928 64.39409 0.0189 0.0 17.0
-17.110472 60.889038 0.0190 1.0 17.0
-20.761951 62.766956 0.0190 1.0 17.0
-20.761951 62.766956 0.0191 0.0 18.0
-22.90076 66.27201 0.0191 0.0 18.0
-20.761951 62.766956 0.0192 0.0 18.0
-24.413431 64.644875 0.0192 0.0 18.0
-24.413431 64.644875 0.0193 0.0 19.0
-28.508612 64.3459 0.0193 0.0 19.0
-24.413431 64.644875 0.0194 0.0 19.0
-28.06491 66.5228 0.0194 0.0 19.0
-17.110472 60.889038 0.0195 1.0 17.0
-19.24928 64.39409 0.0195 1.0 17.0
-19.24928 64.39409 0.0196 0.0 18.0
-19.24928 68.50017 0.0196 0.0 18.0
-19.24928 64.39409 0.0197 0.0 18.0
-21.38809 67.89914 0.0197 0.0 18.0
-21.38809 67.89914 0.0198 0.0 19.0
-25.03957 69.777054 0.0198 0.0 19.0
-21.38809 67.89914 0.0199 0.0 19.0
-23.5269 71.40419 0.0199 0.0 19.0
-17.110472 60.889038 0.0200 5.0 17.0
-17.110472 64.99512 0.0200 5.0 17.0
-17.110472 64.99512 0.0201 0.0 18.0
-14.9716625 68.50017 0.0201 0.0 18.0
-17.110472 64.99512 0.0202 4.0 18.0
-17.110472 69.1012 0.0202 4.0 18.0
-17.110472 69.1012 0.0203 0.0 19.0
-19.24928 72.60625 0.0203 0.0 19.0
-17.110472 69.1012 0.0204 0.0 19.0
-17.110472 73.207275 0.0204 0.0 19.0
-17.110472 69.1012 0.0205 1.0 19.0
-14.9716625 72.60625 0.0205 1.0 19.0
-14.9716625 72.60625 0.0206 0.0 20.0
-11.320183 74.48416 0.0206 0.0 20.0
-14.9716625 72.60625 0.0207 0.0 20.0
-12.832853 76.1113 0.0207 0.0 20.0
-12.832853 76.1113 0.0208 0.0 21.0
-12.832853 80.21738 0.0208 0.0 21.0
-12.832853 76.1113 0.0209 0.0 21.0
-10.694044 79.61635 0.0209 0.0 21.0
-17.110472 69.1012 0.0210 3.0 19.0
-17.110472 73.207275 0.0210 3.0 19.0
-17.110472 73.207275 0.0211 0.0 20.0
-14.9716625 76.712326 0.0211 0.0 20.0
-17.110472 73.207275 0.0212 2.0 20.0
-17.110472 77.313354 0.0212 2.0 20.0
-17.110472 77.313354 0.0213 0.0 21.0
-19.24928 80.818405 0.0213 0.0 21.0
-17.110472 77.313354 0.0214 0.0 21.0
-17.110472 81.41943 0.0214 0.0 21.0
-17.110472 77.313354 0.0215 1.0 21.0
-19.24928 80.818405 0.0215 1.0 21.0
-19.24928 80.818405 0.0216 0.0 22.0
-19.24928 84.924484 0.0216 0.0 22.0
-19.24928 80.818405 0.0217 0.0 22.0
-21.38809 84.323456 0.0217 0.0 22.0
-21.38809 84.323456 0.0218 0.0 23.0
-25.03957 86.20137 0.0218 0.0 23.0
-21.38809 84.323456 0.0219 0.0 23.0
-23.5269 87.82851 0.0219 0.0 23.0
-17.110472 77.313354 0.0220 1.0 21.0
-17.110472 81.41943 0.0220 1.0 21.0
-17.110472 81.41943 0.0221 0.0 22.0
-14.9716625 84.924484 0.0221 0.0 22.0
-17.110472 81.41943 0.0222 0.0 22.0
-17.110472 85.52551 0.0222 0.0 22.0
-17.110472 85.52551 0.0223 0.0 23.0
-19.24928 89.03056 0.0223 0.0 23.0
-17.110472 85.52551 0.0224 0.0 23.0
-17.110472 89.63159 0.0224 0.0 23.0
-17.110472 60.889038 0.0225 5.0 17.0
-19.24928 64.39409 0.0225 5.0 17.0
-19.24928 64.39409 0.0226 0.0 18.0
-19.24928 68.50017 0.0226 0.0 18.0
-19.24928 64.39409 0.0227 4.0 18.0
-21.38809 67.89914 0.0227 4.0 18.0
-21.38809 67.89914 0.0228 0.0 19.0
-25.03957 69.777054 0.0228 0.0 19.0
-21.38809 67.89914 0.0229 0.0 19.0
-23.5269 71.40419 0.0229 0.0 19.0
-21.38809 67.89914 0.0230 1.0 19.0
-21.38809 72.00522 0.0230 1.0 19.0
-21.38809 72.00522 0.0231 0.0 20.0
-19.24928 75.51027 0.0231 0.0 20.0
-21.38809 72.00522 0.0232 0.0 20.0
-21.38809 76.1113 0.0232 0.0 20.0
-21.38809 76.1113 0.0233 0.0 21.0
-23.5269 79.61635 0.0233 0.0 21.0
-21.38809 76.1113 0.0234 0.0 21.0
-21.38809 80.21738 0.0234 0.0 21.0
-21.38809 67.89914 0.0235 3.0 19.0
-23.5269 71.40419 0.0235 3.0 19.0
-23.5269 71.40419 0.0236 0.0 20.0
-23.5269 75.51027 0.0236 0.0 20.0
-23.5269 71.40419 0.0237 2.0 20.0
-25.665709 74.90924 0.0237 2.0 20.0
-25.665709 74.90924 0.0238 0.0 21.0
-29.317188 76.787155 0.0238 0.0 21.0
-25.665709 74.90924 0.0239 0.0 21.0
-27.804518 78.41429 0.0239 0.0 21.0
-25.665709 74.90924 0.0240 1.0 21.0
-29.317188 76.787155 0.0240 1.0 21.0
-29.317188 76.787155 0.0241 0.0 22.0
-31.455997 80.292206 0.0241 0.0 22.0
-29.317188 76.787155 0.0242 0.0 22.0
-32.96867 78.66507 0.0242 0.0 22.0
-32.96867 78.66507 0.0243 0.0 23.0
-37.06385 78.3661 0.0243 0.0 23.0
-32.96867 78.66507 0.0244 0.0 23.0
-36.62015 80.542984 0.0244 0.0 23.0
-25.665709 74.90924 0.0245 1.0 21.0
-27.804518 78.41429 0.0245 1.0 21.0
-27.804518 78.41429 0.0246 0.0 22.0
-27.804518 82.52037 0.0246 0.0 22.0
-27.804518 78.41429 0.0247 0.0 22.0
-29.943327 81.91934 0.0247 0.0 22.0
-29.943327 81.91934 0.0248 0.0 23.0
-33.594807 83.79726 0.0248 0.0 23.0
-29.943327 81.91934 0.0249 0.0 23.0
-32.082134 85.42439 0.0249 0.0 23.0
0.0 32.848633 0.0250 21.0 9.0
0.0 36.954712 0.0250 21.0 9.0
0.0 36.954712 0.0251 0.0 10.0
2.1388087 40.459763 0.0251 0.0 10.0
0.0 36.954712 0.0252 20.0 10.0
0.0 41.06079 0.0252 20.0 10.0
0.0 41.06079 0.0253 0.0 11.0
-2.1388087 44.56584 0.0253 0.0 11.0
0.0 41.06079 0.0254 0.0 11.0
0.0 45.16687 0.0254 0.0 11.0
0.0 41.06079 0.0255 1.0 11.0
2.1388087 44.56584 0.0255 1.0 11.0
2.1388087 44.56584 0.0256 0.0 12.0
5.790289 46.44376 0.0256 0.0 12.0
2.1388087 44.56584 0.0257 0.0 12.0
4.2776175 48.070892 0.0257 0.0 12.0
4.2776175 48.070892 0.0258 0.0 13.0
4.2776175 52.17697 0.0258 0.0 13.0
4.2776175 48.070892 0.0259 0.0 13.0
6.416426 51.575943 0.0259 0.0 13.0
0.0 41.06079 0.0260 19.0 11.0
0.0 45.16687 0.0260 19.0 11.0
0.0 45.16687 0.0261 0.0 12.0
2.1388087 48.67192 0.0261 0.0 12.0
0.0 45.16687 0.0262 18.0 12.0
0.0 49.27295 0.0262 18.0 12.0
0.0 49.27295 0.0263 0.0 13.0
-2.1388087 52.778 0.0263 0.0 13.0
0.0 49.27295 0.0264 0.0 13.0
0.0 53.37903 0.0264 0.0 13.0
0.0 49.27295 0.0265 1.0 13.0
-2.1388087 52.778 0.0265 1.0 13.0
-2.1388087 52.778 0.0266 0.0 14.0
-2.1388087 56.88408 0.0266 0.0 14.0
-2.1388087 52.778 0.0267 0.0 14.0
-4.2776175 56.28305 0.0267 0.0 14.0
-4.2776175 56.28305 0.0268 0.0 15.0
-7.9290977 58.16097 0.0268 0.0 15.0
-4.2776175 56.28305 0.0269 0.0 15.0
-6.416426 59.7881 0.0269 0.0 15.0
0.0 49.27295 0.0270 1.0 13.0
0.0 53.37903 0.0270 1.0 13.0
0.0 53.37903 0.0271 0.0 14.0
2.1388087 56.88408 0.0271 0.0 14.0
0.0 53.37903 0.0272 0.0 14.0
0.0 57.485107 0.0272 0.0 14.0
0.0 57.485107 0.0273 0.0 15.0
-2.1388087 60.990158 0.0273 0.0 15.0
0.0 57.485107 0.0274 0.0 15.0
0.0 61.591187 0.0274 0.0 15.0
0.0 49.27295 0.0275 5.0 13.0
2.1388087 52.778 0.0275 5.0 13.0
2.1388087 52.778 0.0276 0.0 14.0
5.790289 54.65592 0.0276 0.0 14.0
2.1388087 52.778 0.0277 4.0 14.0
4.2776175 56.28305 0.0277 4.0 14.0
4.2776175 56.28305 0.0278 0.0 15.0
4.2776175 60.38913 0.0278 0.0 15.0
4.2776175 56.28305 0.0279 0.0 15.0
6.416426 59.7881 0.0279 0.0 15.0
4.2776175 56.28305 0.0280 1.0 15.0
7.9290977 58.16097 0.0280 1.0 15.0
7.9290977 58.16097 0.0281 0.0 16.0
12.024278 57.86199 0.0281 0.0 16.0
7.9290977 58.16097 0.0282 0.0 16.0
11.580578 60.038887 0.0282 0.0 16.0
11.580578 60.038887 0.0283 0.0 17.0
13.719387 63.543938 0.0283 0.0 17.0
11.580578 60.038887 0.0284 0.0 17.0
15.232058 61.916805 0.0284 0.0 17.0
4.2776175 56.28305 0.0285 3.0 15.0
6.416426 59.7881 0.0285 3.0 15.0
6.416426 59.7881 0.0286 0.0 16.0
10.067906 61.66602 0.0286 0.0 16.0
6.416426 59.7881 0.0287 2.0 16.0
8.555235 63.29315 0.0287 2.0 16.0
8.555235 63.29315 0.0288 0.0 17.0
8.555235 67.39923 0.0288 0.0 17.0
8.555235 63.29315 0.0289 0.0 17.0
10.694044 66.7982 0.0289 0.0 17.0
8.555235 63.29315 0.0290 1.0 17.0
8.555235 67.39923 0.0290 1.0 17.0
8.555235 67.39923 0.0291 0.0 18.0
10.694044 70.90428 0.0291 0.0 18.0
8.555235 67.39923 0.0292 0.0 18.0
8.555235 71.50531 0.0292 0.0 18.0
8.555235 71.50531 0.0293 0.0 19.0
6.416426 75.01036 0.0293 0.0 19.0
8.555235 71.50531 0.0294 0.0 19.0
8.555235 75.61139 0.0294 0.0 19.0
8.555235 63.29315 0.0295 1.0 17.0
10.694044 66.7982 0.0295 1.0 17.0
10.694044 66.7982 0.0296 0.0 18.0
14.345524 68.67612 0.0296 0.0 18.0
10.694044 66.7982 0.0297 0.0 18.0
12.832853 70.30325 0.0297 0.0 18.0
12.832853 70.30325 0.0298 0.0 19.0
12.832853 74.40933 0.0298 0.0 19.0
12.832853 70.30325 0.0299 0.0 19.0
14.9716625 73.808304 0.0299 0.0 19.0
0.0 49.27295 0.0300 17.0 13.0
0.0 53.37903 0.0300 17.0 13.0
0.0 53.37903 0.0301 0.0 14.0
2.1388087 56.88408 0.0301 0.0 14.0
0.0 53.37903 0.0302 16.0 14.0
0.0 57.485107 0.0302 16.0 14.0
0.0 57.485107 0.0303 0.0 15.0
-2.1388087 60.990158 0.0303 0.0 15.0
0.0 57.485107 0.0304 0.0 15.0
0.0 61.591187 0.0304 0.0 15.0
0.0 57.485107 0.0305 1.0 15.0
2.1388087 60.990158 0.0305 1.0 15.0
2.1388087 60.990158 0.0306 0.0 16.0
5.790289 62.868076 0.0306 0.0 16.0
2.1388087 60.990158 0.0307 0.0 16.0
4.2776175 64.49521 0.0307 0.0 16.0
4.2776175 64.49521 0.0308 0.0 17.0
4.2776175 68.60129 0.0308 0.0 17.0
4.2776175 64.49521 0.0309 0.0 17.0
6.416426 68.00026 0.0309 0.0 17.0
0.0 57.485107 0.0310 15.0 15.0
0.0 61.591187 0.0310 15.0 15.0
0.0 61.591187 0.0311 0.0 16.0
2.1388087 65.09624 0.0311 0.0 16.0
0.0 61.591187 0.0312 14.0 16.0
0.0 65.697266 0.0312 14.0 16.0
0.0 65.697266 0.0313 0.0 17.0
-2.1388087 69.20232 0.0313 0.0 17.0
0.0 65.697266 0.0314 0.0 17.0
0.0 69.803345 0.0314 0.0 17.0
0.0 65.697266 0.0315 1.0 17.0
-2.1388087 69.20232 0.0315 1.0 17.0
-2.1388087 69.20232 0.0316 0.0 18.0
-2.1388087 73.308395 0.0316 0.0 18.0
-2.1388087 69.20232 0.0317 0.0 18.0
-4.2776175 72.70737 0.0317 0.0 18.0
-4.2776175 72.70737 0.0318 0.0 19.0
-7.9290977 74.58528 0.0318 0.0 19.0
-4.2776175 72.70737 0.0319 0.0 19.0
-6.416426 76.21242 0.0319 0.0 19.0
0.0 65.697266 0.0320 1.0 17.0
0.0 69.803345 0.0320 1.0 17.0
0.0 69.803345 0.0321 0.0 18.0
2.1388087 73.308395 0.0321 0.0 18.0
0.0 69.803345 0.0322 0.0 18.0
0.0 73.909424 0.0322 0.0 18.0
0.0 73.909424 0.0323 0.0 19.0
-2.1388087 77.414474 0.0323 0.0 19.0
0.0 73.909424 0.0324 0.0 19.0
0.0 78.0155 0.0324 0.0 19.0
0.0 65.697266 0.0325 5.0 17.0
2.1388087 69.20232 0.0325 5.0 17.0
2.1388087 69.20232 0.0326 0.0 18.0
5.790289 71.08023 0.0326 0.0 18.0
2.1388087 69.20232 0.0327 4.0 18.0
4.2776175 72.70737 0.0327 4.0 18.0
4.2776175 72.70737 0.0328 0.0 19.0
4.2776175 76.813446 0.0328 0.0 19.0
4.2776175 72.70737 0.0329 0.0 19.0
6.416426 76.21242 0.0329 0.0 19.0
4.2776175 72.70737 0.0330 1.0 19.0
7.9290977 74.58528 0.0330 1.0 19.0
7.9290977 74.58528 0.0331 0.0 20.0
12.024278 74.28631 0.0331 0.0 20.0
7.9290977 74.58528 0.0332 0.0 20.0
11.580578 76.463196 0.0332 0.0 20.0
11.580578 76.463196 0.0333 0.0 21.0
13.719387 79.96825 0.0333 0.0 21.0
11.580578 76.463196 0.0334 0.0 21.0
15.232058 78.34111 0.0334 0.0 21.0
4.2776175 72.70737 0.0335 3.0 19.0
6.416426 76.21242 0.0335 3.0 19.0
6.416426 76.21242 0.0336 0.0 20.0
10.067906 78.09033 0.0336 0.0 20.0
6.416426 76.21242 0.0337 2.0 20.0
8.555235 79.71747 0.0337 2.0 20.0
8.555235 79.71747 0.0338 0.0 21.0
8.555235 83.82355 0.0338 0.0 21.0
8.555235 79.71747 0.0339 0.0 21.0
10.694044 83.22252 0.0339 0.0 21.0
8.555235 79.71747 0.0340 1.0 21.0
8.555235 83.82355 0.0340 1.0 21.0
8.555235 83.82355 0.0341 0.0 22.0
10.694044 87.3286 0.0341 0.0 22.0
8.555235 83.82355 0.0342 0.0 22.0
8.555235 87.92963 0.0342 0.0 22.0
8.555235 87.92963 0.0343 0.0 23.0
6.416426 91.43468 0.0343 0.0 23.0
8.555235 87.92963 0.0344 0.0 23.0
8.555235 92.035706 0.0344 0.0 23.0
8.555235 79.71747 0.0345 1.0 21.0
10.694044 83.22252 0.0345 1.0 21.0
10.694044 83.22252 0.0346 0.0 22.0
14.345524 85.10043 0.0346 0.0 22.0
10.694044 83.22252 0.0347 0.0 22.0
12.832853 86.72757 0.0347 0.0 22.0
12.832853 86.72757 0.0348 0.0 23.0
12.832853 90.83365 0.0348 0.0 23.0
12.832853 86.72757 0.0349 0.0 23.0
14.9716625 90.23262 0.0349 0.0 23.0
0.0 65.697266 0.0350 5.0 17.0
0.0 69.803345 0.0350 5.0 17.0
0.0 69.803345 0.0351 0.0 18.0
2.1388087 73.308395 0.0351 0.0 18.0
0.0 69.803345 0.0352 4.0 18.0
0.0 73.909424 0.0352 4.0 18.0
0.0 73.909424 0.0353 0.0 19.0
-2.1388087 77.414474 0.0353 0.0 19.0
0.0 73.909424 0.0354 0.0 19.0
0.0 78.0155 0.0354 0.0 19.0
0.0 73.909424 0.0355 1.0 19.0
2.1388087 77.414474 0.0355 1.0 19.0
2.1388087 77.414474 0.0356 0.0 20.0
5.790289 79.29239 0.0356 0.0 20.0
2.1388087 77.414474 0.0357 0.0 20.0
4.2776175 80.919525 0.0357 0.0 20.0
4.2776175 80.919525 0.0358 0.0 21.0
4.2776175 85.025604 0.0358 0.0 21.0
4.2776175 80.919525 0.0359 0.0 21.0
6.416426 84.424576 0.0359 0.0 21.0
0.0 73.909424 0.0360 3.0 19.0
0.0 78.0155 0.0360 3.0 19.0
0.0 78.0155 0.0361 0.0 20.0
2.1388087 81.52055 0.0361 0.0 20.0
0.0 78.0155 0.0362 2.0 20.0
0.0 82.12158 0.0362 2.0 20.0
0.0 82.12158 0.0363 0.0 21.0
-2.1388087 85.62663 0.0363 0.0 21.0
0.0 82.12158 0.0364 0.0 21.0
0.0 86.22766 0.0364 0.0 21.0
0.0 82.12158 0.0365 1.0 21.0
-2.1388087 85.62663 0.0365 1.0 21.0
-2.1388087 85.62663 0.0366 0.0 22.0
-2.1388087 89.73271 0.0366 0.0 22.0
-2.1388087 85.62663 0.0367 0.0 22.0
-4.2776175 89.13168 0.0367 0.0 22.0
-4.2776175 89.13168 0.0368 0.0 23.0
-7.9290977 91.0096 0.0368 0.0 23.0
-4.2776175 89.13168 0.0369 0.0 23.0
-6.416426 92.636734 0.0369 0.0 23.0
0.0 82.12158 0.0370 1.0 21.0
0.0 86.22766 0.0370 1.0 21.0
0.0 86.22766 0.0371 0.0 22.0
2.1388087 89.73271 0.0371 0.0 22.0
0.0 86.22766 0.0372 0.0 22.0
0.0 90.33374 0.0372 0.0 22.0
0.0 90.33374 0.0373 0.0 23.0
-2.1388087 93.83879 0.0373 0.0 23.0
0.0 90.33374 0.0374 0.0 23.0
0.0 94.43982 0.0374 0.0 23.0
0.0 65.697266 0.0375 13.0 17.0
2.1388087 69.20232 0.0375 13.0 17.0
2.1388087 69.20232 0.0376 0.0 18.0
5.790289 71.08023 0.0376 0.0 18.0
2.1388087 69.20232 0.0377 12.0 18.0
4.2776175 72.70737 0.0377 12.0 18.0
4.2776175 72.70737 0.0378 0.0 19.0
4.2776175 76.813446 0.0378 0.0 19.0
4.2776175 72.70737 0.0379 0.0 19.0
6.416426 76.21242 0.0379 0.0 19.0
4.2776175 72.70737 0.0380 1.0 19.0
7.9290977 74.58528 0.0380 1.0 19.0
7.9290977 74.58528 0.0381 0.0 20.0
12.024278 74.28631 0.0381 0.0 20.0
7.9290977 74.58528 0.0382 0.0 20.0
11.580578 76.463196 0.0382 0.0 20.0
11.580578 76.463196 0.0383 0.0 21.0
13.719387 79.96825 0.0383 0.0 21.0
11.580578 76.463196 0.0384 0.0 21.0
15.232058 78.34111 0.0384 0.0 21.0
4.2776175 72.70737 0.0385 11.0 19.0
6.416426 76.21242 0.0385 11.0 19.0
6.416426 76.21242 0.0386 0.0 20.0
10.067906 78.09033 0.0386 0.0 20.0
6.416426 76.21242 0.0387 10.0 20.0
8.555235 79.71747 0.0387 10.0 20.0
8.555235 79.71747 0.0388 0.0 21.0
8.555235 83.82355 0.0388 0.0 21.0
8.555235 79.71747 0.0389 0.0 21.0
10.694044 83.22252 0.0389 0.0 21.0
8.555235 79.71747 0.0390 1.0 21.0
8.555235 83.82355 0.0390 1.0 21.0
8.555235 83.82355 0.0391 0.0 22.0
10.694044 87.3286 0.0391 0.0 22.0
8.555235 83.82355 0.0392 0.0 22.0
8.555235 87.92963 0.0392 0.0 22.0
8.555235 87.92963 0.0393 0.0 23.0
6.416426 91.43468 0.0393 0.0 23.0
8.555235 87.92963 0.0394 0.0 23.0
8.555235 92.035706 0.0394 0.0 23.0
8.555235 79.71747 0.0395 1.0 21.0
10.694044 83.22252 0.0395 1.0 21.0
10.694044 83.22252 0.0396 0.0 22.0
14.345524 85.10043 0.0396 0.0 22.0
10.694044 83.22252 0.0397 0.0 22.0
12.832853 86.72757 0.0397 0.0 22.0
12.832853 86.72757 0.0398 0.0 23.0
12.832853 90.83365 0.0398 0.0 23.0
12.832853 86.72757 0.0399 0.0 23.0
14.9716625 90.23262 0.0399 0.0 23.0
8.555235 79.71747 0.0400 5.0 21.0
12.206715 81.59538 0.0400 5.0 21.0
12.206715 81.59538 0.0401 0.0 22.0
16.301895 81.29641 0.0401 0.0 22.0
12.206715 81.59538 0.0402 4.0 22.0
15.858194 83.4733 0.0402 4.0 22.0
15.858194 83.4733 0.0403 0.0 23.0
17.997004 86.97835 0.0403 0.0 23.0
15.858194 83.4733 0.0404 0.0 23.0
19.509674 85.35121 0.0404 0.0 23.0
15.858194 83.4733 0.0405 1.0 23.0
19.953375 83.174324 0.0405 1.0 23.0
19.953375 83.174324 0.0406 0.0 24.0
23.293388 80.78598 0.0406 0.0 24.0
19.953375 83.174324 0.0407 0.0 24.0
24.048555 82.87535 0.0407 0.0 24.0
24.048555 82.87535 0.0408 0.0 25.0
27.700035 84.753265 0.0408 0.0 25.0
24.048555 82.87535 0.0409 0.0 25.0
28.143736 82.57638 0.0409 0.0 25.0
15.858194 83.4733 0.0410 3.0 23.0
19.509674 85.35121 0.0410 3.0 23.0
19.509674 85.35121 0.0411 0.0 24.0
23.604855 85.05224 0.0411 0.0 24.0
19.509674 85.35121 0.0412 2.0 24.0
23.161154 87.229126 0.0412 2.0 24.0
23.161154 87.229126 0.0413 0.0 25.0
25.299963 90.73418 0.0413 0.0 25.0
23.161154 87.229126 0.0414 0.0 25.0
26.812634 89.10704 0.0414 0.0 25.0
23.161154 87.229126 0.0415 1.0 25.0
25.299963 90.73418 0.0415 1.0 25.0
25.299963 90.73418 0.0416 0.0 26.0
28.951443 92.61209 0.0416 0.0 26.0
25.299963 90.73418 0.0417 0.0 26.0
27.438772 94.23923 0.0417 0.0 26.0
27.438772 94.23923 0.0418 0.0 27.0
27.438772 98.34531 0.0418 0.0 27.0
27.438772 94.23923 0.0419 0.0 27.0
29.577581 97.74428 0.0419 0.0 27.0
23.161154 87.229126 0.0420 1.0 25.0
26.812634 89.10704 0.0420 1.0 25.0
26.812634 89.10704 0.0421 0.0 26.0
30.907814 88.80807 0.0421 0.0 26.0
26.812634 89.10704 0.0422 0.0 26.0
30.464113 90.984955 0.0422 0.0 26.0
30.464113 90.984955 0.0423 0.0 27.0
32.60292 94.490005 0.0423 0.0 27.0
30.464113 90.984955 0.0424 0.0 27.0
34.115593 92.86287 0.0424 0.0 27.0
8.555235 79.71747 0.0425 9.0 21.0
10.694044 83.22252 0.0425 9.0 21.0
10.694044 83.22252 0.0426 0.0 22.0
14.345524 85.10043 0.0426 0.0 22.0
10.694044 83.22252 0.0427 8.0 22.0
12.832853 86.72757 0.0427 8.0 22.0
12.832853 86.72757 0.0428 0.0 23.0
12.832853 90.83365 0.0428 0.0 23.0
12.832853 86.72757 0.0429 0.0 23.0
14.9716625 90.23262 0.0429 0.0 23.0
12.832853 86.72757 0.0430 1.0 23.0
16.484333 88.605484 0.0430 1.0 23.0
16.484333 88.605484 0.0431 0.0 24.0
20.579514 88.30651 0.0431 0.0 24.0
16.484333 88.605484 0.0432 0.0 24.0
20.135813 90.4834 0.0432 0.0 24.0
20.135813 90.4834 0.0433 0.0 25.0
22.274622 93.98845 0.0433 0.0 25.0
20.135813 90.4834 0.0434 0.0 25.0
23.787292 92.36131 0.0434 0.0 25.0
12.832853 86.72757 0.0435 7.0 23.0
14.9716625 90.23262 0.0435 7.0 23.0
14.9716625 90.23262 0.0436 0.0 24.0
18.623142 92.110535 0.0436 0.0 24.0
14.9716625 90.23262 0.0437 6.0 24.0
17.110472 93.73767 0.0437 6.0 24.0
17.110472 93.73767 0.0438 0.0 25.0
17.110472 97.84375 0.0438 0.0 25.0
17.110472 93.73767 0.0439 0.0 25.0
19.24928 97.24272 0.0439 0.0 25.0
17.110472 93.73767 0.0440 1.0 25.0
17.110472 97.84375 0.0440 1.0 25.0
17.110472 97.84375 0.0441 0.0 26.0
19.24928 101.3488 0.0441 0.0 26.0
17.110472 97.84375 0.0442 0.0 26.0
17.110472 101.94983 0.0442 0.0 26.0
17.110472 101.94983 0.0443 0.0 27.0
14.9716625 105.45488 0.0443 0.0 27.0
17.110472 101.94983 0.0444 0.0 27.0
17.110472 106.05591 0.0444 0.0 27.0
17.110472 93.73767 0.0445 1.0 25.0
19.24928 97.24272 0.0445 1.0 25.0
19.24928 97.24272 0.0446 0.0 26.0
22.90076 99.120636 0.0446 0.0 26.0
19.24928 97.24272 0.0447 0.0 26.0
21.38809 100.74777 0.0447 0.0 26.0
21.38809 100.74777 0.0448 0.0 27.0
21.38809 104.85385 0.0448 0.0 27.0
21.38809 100.74777 0.0449 0.0 27.0
23.5269 104.25282 0.0449 0.0 27.0
17.110472 93.73767 0.0450 5.0 25.0
20.761951 95.615585 0.0450 5.0 25.0
20.761951 95.615585 0.0451 0.0 26.0
24.857132 95.31661 0.0451 0.0 26.0
20.761951 95.615585 0.0452 4.0 26.0
24.413431 97.4935 0.0452 4.0 26.0
24.413431 97.4935 0.0453 0.0 27.0
26.55224 100.99855 0.0453 0.0 27.0
24.413431 97.4935 0.0454 0.0 27.0
28.06491 99.371414 0.0454 0.0 27.0
24.413431 97.4935 0.0455 1.0 27.0
28.508612 97.19453 0.0455 1.0 27.0
28.508612 97.19453 0.0456 0.0 28.0
31.848625 94.80618 0.0456 0.0 28.0
28.508612 97.19453 0.0457 0.0 28.0
32.60379 96.89555 0.0457 0.0 28.0
32.60379 96.89555 0.0458 0.0 29.0
36.255272 98.77347 0.0458 0.0 29.0
32.60379 96.89555 0.0459 0.0 29.0
36.69897 96.59658 0.0459 0.0 29.0
24.413431 97.4935 0.0460 3.0 27.0
28.06491 99.371414 0.0460 3.0 27.0
28.06491 99.371414 0.0461 0.0 28.0
32.16009 99.07244 0.0461 0.0 28.0
28.06491 99.371414 0.0462 2.0 28.0
31.71639 101.24933 0.0462 2.0 28.0
31.71639 101.24933 0.0463 0.0 29.0
33.855198 104.75438 0.0463 0.0 29.0
31.71639 101.24933 0.0464 0.0 29.0
35.36787 103.12724 0.0464 0.0 29.0
31.71639 101.24933 0.0465 1.0 29.0
33.855198 104.75438 0.0465 1.0 29.0
33.855198 104.75438 0.0466 0.0 30.0
37.50668 106.63229 0.0466 0.0 30.0
33.855198 104.75438 0.0467 0.0 30.0
35.994007 108.25943 0.0467 0.0 30.0
35.994007 108.25943 0.0468 0.0 31.0
35.994007 112.36551 0.0468 0.0 31.0
35.994007 108.25943 0.0469 0.0 31.0
38.132816 111.76448 0.0469 0.0 31.0
31.71639 101.24933 0.0470 1.0 29.0
35.36787 103.12724 0.0470 1.0 29.0
35.36787 103.12724 0.0471 0.0 30.0
39.46305 102.82827 0.0471 0.0 30.0
35.36787 103.12724 0.0472 0.0 30.0
39.019352 105.00516 0.0472 0.0 30.0
39.019352 105.00516 0.0473 0.0 31.0
41.15816 108.51021 0.0473 0.0 31.0
39.019352 105.00516 0.0474 0.0 31.0
42.670834 106.88307 0.0474 0.0 31.0
17.110472 93.73767 0.0475 5.0 25.0
19.24928 97.24272 0.0475 5.0 25.0
19.24928 97.24272 0.0476 0.0 26.0
22.90076 99.120636 0.0476 0.0 26.0
19.24928 97.24272 0.0477 4.0 26.0
21.38809 100.74777 0.0477 4.0 26.0
21.38809 100.74777 0.0478 0.0 27.0
21.38809 104.85385 0.0478 0.0 27.0
21.38809 100.74777 0.0479 0.0 27.0
23.5269 104.25282 0.0479 0.0 27.0
21.38809 100.74777 0.0480 1.0 27.0
25.03957 102.62569 0.0480 1.0 27.0
25.03957 102.62569 0.0481 0.0 28.0
29.13475 102.32671 0.0481 0.0 28.0
25.03957 102.62569 0.0482 0.0 28.0
28.69105 104.5036 0.0482 0.0 28.0
28.69105 104.5036 0.0483 0.0 29.0
30.829859 108.00865 0.0483 0.0 29.0
28.69105 104.5036 0.0484 0.0 29.0
32.34253 106.381516 0.0484 0.0 29.0
21.38809 100.74777 0.0485 3.0 27.0
23.5269 104.25282 0.0485 3.0 27.0
23.5269 104.25282 0.0486 0.0 28.0
27.17838 106.13074 0.0486 0.0 28.0
23.5269 104.25282 0.0487 2.0 28.0
25.665709 107.75787 0.0487 2.0 28.0
25.665709 107.75787 0.0488 0.0 29.0
25.665709 111.86395 0.0488 0.0 29.0
25.665709 107.75787 0.0489 0.0 29.0
27.804518 111.262924 0.0489 0.0 29.0
25.665709 107.75787 0.0490 1.0 29.0
25.665709 111.86395 0.0490 1.0 29.0
25.665709 111.86395 0.0491 0.0 30.0
27.804518 115.369 0.0491 0.0 30.0
25.665709 111.86395 0.0492 0.0 30.0
25.665709 115.97003 0.0492 0.0 30.0
25.665709 115.97003 0.0493 0.0 31.0
23.5269 119.47508 0.0493 0.0 31.0
25.665709 115.97003 0.0494 0.0 31.0
25.665709 120.07611 0.0494 0.0 31.0
25.665709 107.75787 0.0495 1.0 29.0
27.804518 111.262924 0.0495 1.0 29.0
27.804518 111.262924 0.0496 0.0 30.0
31.455997 113.14084 0.0496 0.0 30.0
27.804518 111.262924 0.0497 0.0 30.0
29.943327 114.767975 0.0497 0.0 30.0
29.943327 114.767975 0.0498 0.0 31.0
29.943327 118.874054 0.0498 0.0 31.0
29.943327 114.767975 0.0499 0.0 31.0
32.082134 118.273026 0.0499 0.0 31.0
0.0 65.697266 0.0500 13.0 17.0
0.0 69.803345 0.0500 13.0 17.0
0.0 69.803345 0.0501 0.0 18.0
2.1388087 73.308395 0.0501 0.0 18.0
0.0 69.803345 0.0502 12.0 18.0
0.0 73.909424 0.0502 12.0 18.0
0.0 73.909424 0.0503 0.0 19.0
-2.1388087 77.414474 0.0503 0.0 19.0
0.0 73.909424 0.0504 0.0 19.0
0.0 78.0155 0.0504 0.0 19.0
0.0 73.909424 0.0505 1.0 19.0
2.1388087 77.414474 0.0505 1.0 19.0
2.1388087 77.414474 0.0506 0.0 20.0
5.790289 79.29239 0.0506 0.0 20.0
2.1388087 77.414474 0.0507 0.0 20.0
4.2776175 80.919525 0.0507 0.0 20.0
4.2776175 80.919525 0.0508 0.0 21.0
4.2776175 85.025604 0.0508 0.0 21.0
4.2776175 80.919525 0.0509 0.0 21.0
6.416426 84.424576 0.0509 0.0 21.0
0.0 73.909424 0.0510 11.0 19.0
0.0 78.0155 0.0510 11.0 19.0
0.0 78.0155 0.0511 0.0 20.0
2.1388087 81.52055 0.0511 0.0 20.0
0.0 78.0155 0.0512 10.0 20.0
0.0 82.12158 0.0512 10.0 20.0
0.0 82.12158 0.0513 0.0 21.0
-2.1388087 85.62663 0.0513 0.0 21.0
0.0 82.12158 0.0514 0.0 21.0
0.0 86.22766 0.0514 0.0 21.0
0.0 82.12158 0.0515 1.0 21.0
-2.1388087 85.62663 0.0515 1.0 21.0
-2.1388087 85.62663 0.0516 0.0 22.0
-2.1388087 89.73271 0.0516 0.0 22.0
-2.1388087 85.62663 0.0517 0.0 22.0
-4.2776175 89.13168 0.0517 0.0 22.0
-4.2776175 89.13168 0.0518 0.0 23.0
-7.9290977 91.0096 0.0518 0.0 23.0
-4.2776175 89.13168 0.0519 0.0 23.0
-6.416426 92.636734 0.0519 0.0 23.0
0.0 82.12158 0.0520 1.0 21.0
0.0 86.22766 0.0520 1.0 21.0
0.0 86.22766 0.0521 0.0 22.0
2.1388087 89.73271 0.0521 0.0 22.0
0.0 86.22766 0.0522 0.0 22.0
0.0 90.33374 0.0522 0.0 22.0
0.0 90.33374 0.0523 0.0 23.0
-2.1388087 93.83879 0.0523 0.0 23.0
0.0 90.33374 0.0524 0.0 23.0
0.0 94.43982 0.0524 0.0 23.0
0.0 82.12158 0.0525 5.0 21.0
2.1388087 85.62663 0.0525 5.0 21.0
2.1388087 85.62663 0.0526 0.0 22.0
5.790289 87.50455 0.0526 0.0 22.0
2.1388087 85.62663 0.0527 4.0 22.0
4.2776175 89.13168 0.0527 4.0 22.0
4.2776175 89.13168 0.0528 0.0 23.0
4.2776175 93.23776 0.0528 0.0 23.0
4.2776175 89.13168 0.0529 0.0 23.0
6.416426 92.636734 0.0529 0.0 23.0
4.2776175 89.13168 0.0530 1.0 23.0
7.9290977 91.0096 0.0530 1.0 23.0
7.9290977 91.0096 0.0531 0.0 24.0
12.024278 90.710625 0.0531 0.0 24.0
7.9290977 91.0096 0.0532 0.0 24.0
11.580578 92.88751 0.0532 0.0 24.0
11.580578 92.88751 0.0533 0.0 25.0
13.719387 96.39256 0.0533 0.0 25.0
11.580578 92.88751 0.0534 0.0 25.0
15.232058 94.76543 0.0534 0.0 25.0
4.2776175 89.13168 0.0535 3.0 23.0
6.416426 92.636734 0.0535 3.0 23.0
6.416426 92.636734 0.0536 0.0 24.0
10.067906 94.51465 0.0536 0.0 24.0
6.416426 92.636734 0.0537 2.0 24.0
8.555235 96.141785 0.0537 2.0 24.0
8.555235 96.141785 0.0538 0.0 25.0
8.555235 100.24786 0.0538 0.0 25.0
8.555235 96.141785 0.0539 0.0 25.0
10.694044 99.646835 0.0539 0.0 25.0
8.555235 96.141785 0.0540 1.0 25.0
8.555235 100.24786 0.0540 1.0 25.0
8.555235 100.24786 0.0541 0.0 26.0
10.694044 103.752914 0.0541 0.0 26.0
8.555235 100.24786 0.0542 0.0 26.0
8.555235 104.35394 0.0542 0.0 26.0
8.555235 104.35394 0.0543 0.0 27.0
6.416426 107.85899 0.0543 0.0 27.0
8.555235 104.35394 0.0544 0.0 27.0
8.555235 108.46002 0.0544 0.0 27.0
8.555235 96.141785 0.0545 1.0 25.0
10.694044 99.646835 0.0545 1.0 25.0
10.694044 99.646835 0.0546 0.0 26.0
14.345524 101.52475 0.0546 0.0 26.0
10.694044 99.646835 0.0547 0.0 26.0
12.832853 103.151886 0.0547 0.0 26.0
12.832853 103.151886 0.0548 0.0 27.0
12.832853 107.257965 0.0548 0.0 27.0
12.832853 103.151886 0.0549 0.0 27.0
14.9716625 106.65694 0.0549 0.0 27.0
0.0 82.12158 0.0550 9.0 21.0
0.0 86.22766 0.0550 9.0 21.0
0.0 86.22766 0.0551 0.0 22.0
2.1388087 89.73271 0.0551 0.0 22.0
0.0 86.22766 0.0552 8.0 22.0
0.0 90.33374 0.0552 8.0 22.0
0.0 90.33374 0.0553 0.0 23.0
-2.1388087 93.83879 0.0553 0.0 23.0
0.0 90.33374 0.0554 0.0 23.0
0.0 94.43982 0.0554 0.0 23.0
0.0 90.33374 0.0555 1.0 23.0
2.1388087 93.83879 0.0555 1.0 23.0
2.1388087 93.83879 0.0556 0.0 24.0
5.790289 95.716705 0.0556 0.0 24.0
2.1388087 93.83879 0.0557 0.0 24.0
4.2776175 97.34384 0.0557 0.0 24.0
4.2776175 97.34384 0.0558 0.0 25.0
4.2776175 101.44992 0.0558 0.0 25.0
4.2776175 97.34384 0.0559 0.0 25.0
6.416426 100.84889 0.0559 0.0 25.0
0.0 90.33374 0.0560 7.0 23.0
0.0 94.43982 0.0560 7.0 23.0
0.0 94.43982 0.0561 0.0 24.0
2.1388087 97.94487 0.0561 0.0 24.0
0.0 94.43982 0.0562 6.0 24.0
0.0 98.5459 0.0562 6.0 24.0
0.0 98.5459 0.0563 0.0 25.0
-2.1388087 102.05095 0.0563 0.0 25.0
0.0 98.5459 0.0564 0.0 25.0
0.0 102.65198 0.0564 0.0 25.0
0.0 98.5459 0.0565 1.0 25.0
-2.1388087 102.05095 0.0565 1.0 25.0
-2.1388087 102.05095 0.0566 0.0 26.0
-2.1388087 106.15703 0.0566 0.0 26.0
-2.1388087 102.05095 0.0567 0.0 26.0
-4.2776175 105.556 0.0567 0.0 26.0
-4.2776175 105.556 0.0568 0.0 27.0
-7.9290977 107.433914 0.0568 0.0 27.0
-4.2776175 105.556 0.0569 0.0 27.0
-6.416426 109.06105 0.0569 0.0 27.0
0.0 98.5459 0.0570 1.0 25.0
0.0 102.65198 0.0570 1.0 25.0
0.0 102.65198 0.0571 0.0 26.0
2.1388087 106.15703 0.0571 0.0 26.0
0.0 102.65198 0.0572 0.0 26.0
0.0 106.75806 0.0572 0.0 26.0
0.0 106.75806 0.0573 0.0 27.0
-2.1388087 110.26311 0.0573 0.0 27.0
0.0 106.75806 0.0574 0.0 27.0
0.0 110.864136 0.0574 0.0 27.0
0.0 98.5459 0.0575 5.0 25.0
2.1388087 102.05095 0.0575 5.0 25.0
2.1388087 102.05095 0.0576 0.0 26.0
5.790289 103.92886 0.0576 0.0 26.0
2.1388087 102.05095 0.0577 4.0 26.0
4.2776175 105.556 0.0577 4.0 26.0
4.2776175 105.556 0.0578 0.0 27.0
4.2776175 109.66208 0.0578 0.0 27.0
4.2776175 105.556 0.0579 0.0 27.0
6.416426 109.06105 0.0579 0.0 27.0
4.2776175 105.556 0.0580 1.0 27.0
7.9290977 107.433914 0.0580 1.0 27.0
7.9290977 107.433914 0.0581 0.0 28.0
12.024278 107.13494 0.0581 0.0 28.0
7.9290977 107.433914 0.0582 0.0 28.0
11.580578 109.31183 0.0582 0.0 28.0
11.580578 109.31183 0.0583 0.0 29.0
13.719387 112.81688 0.0583 0.0 29.0
11.580578 109.31183 0.0584 0.0 29.0
15.232058 111.18974 0.0584 0.0 29.0
4.2776175 105.556 0.0585 3.0 27.0
6.416426 109.06105 0.0585 3.0 27.0
6.416426 109.06105 0.0586 0.0 28.0
10.067906 110.938965 0.0586 0.0 28.0
6.416426 109.06105 0.0587 2.0 28.0
8.555235 112.5661 0.0587 2.0 28.0
8.555235 112.5661 0.0588 0.0 29.0
8.555235 116.67218 0.0588 0.0 29.0
8.555235 112.5661 0.0589 0.0 29.0
10.694044 116.07115 0.0589 0.0 29.0
8.555235 112.5661 0.0590 1.0 29.0
8.555235 116.67218 0.0590 1.0 29.0
8.555235 116.67218 0.0591 0.0 30.0
10.694044 120.17723 0.0591 0.0 30.0
8.555235 116.67218 0.0592 0.0 30.0
8.555235 120.77826 0.0592 0.0 30.0
8.555235 120.77826 0.0593 0.0 31.0
6.416426 124.28331 0.0593 0.0 31.0
8.555235 120.77826 0.0594 0.0 31.0
8.555235 124.88434 0.0594 0.0 31.0
8.555235 112.5661 0.0595 1.0 29.0
10.694044 116.07115 0.0595 1.0 29.0
10.694044 116.07115 0.0596 0.0 30.0
14.345524 117.949066 0.0596 0.0 30.0
10.694044 116.07115 0.0597 0.0 30.0
12.832853 119.5762 0.0597 0.0 30.0
12.832853 119.5762 0.0598 0.0 31.0
12.832853 123.68228 0.0598 0.0 31.0
12.832853 119.5762 0.0599 0.0 31.0
14.9716625 123.08125 0.0599 0.0 31.0
0.0 98.5459 0.0600 5.0 25.0
0.0 102.65198 0.0600 5.0 25.0
0.0 102.65198 0.0601 0.0 26.0
2.1388087 106.15703 0.0601 0.0 26.0
0.0 102.65198 0.0602 4.0 26.0
0.0 106.75806 0.0602 4.0 26.0
0.0 106.75806 0.0603 0.0 27.0
-2.1388087 110.26311 0.0603 0.0 27.0
0.0 106.75806 0.0604 0.0 27.0
0.0 110.864136 0.0604 0.0 27.0
0.0 106.75806 0.0605 1.0 27.0
2.1388087 110.26311 0.0605 1.0 27.0
2.1388087 110.26311 0.0606 0.0 28.0
5.790289 112.14102 0.0606 0.0 28.0
2.1388087 110.26311 0.0607 0.0 28.0
4.2776175 113.76816 0.0607 0.0 28.0
4.2776175 113.76816 0.0608 0.0 29.0
4.2776175 117.87424 0.0608 0.0 29.0
4.2776175 113.76816 0.0609 0.0 29.0
6.416426 117.27321 0.0609 0.0 29.0
0.0 106.75806 0.0610 3.0 27.0
0.0 110.864136 0.0610 3.0 27.0
0.0 110.864136 0.0611 0.0 28.0
2.1388087 114.36919 0.0611 0.0 28.0
0.0 110.864136 0.0612 2.0 28.0
0.0 114.970215 0.0612 2.0 28.0
0.0 114.970215 0.0613 0.0 29.0
-2.1388087 118.475266 0.0613 0.0 29.0
0.0 114.970215 0.0614 0.0 29.0
0.0 119.076294 0.0614 0.0 29.0
0.0 114.970215 0.0615 1.0 29.0
-2.1388087 118.475266 0.0615 1.0 29.0
-2.1388087 118.475266 0.0616 0.0 30.0
-2.1388087 122.581345 0.0616 0.0 30.0
-2.1388087 118.475266 0.0617 0.0 30.0
-4.2776175 121.980316 0.0617 0.0 30.0
-4.2776175 121.980316 0.0618 0.0 31.0
-7.9290977 123.85823 0.0618 0.0 31.0
-4.2776175 121.980316 0.0619 0.0 31.0
-6.416426 125.48537 0.0619 0.0 31.0
0.0 114.970215 0.0620 1.0 29.0
0.0 119.076294 0.0620 1.0 29.0
0.0 119.076294 0.0621 0.0 30.0
2.1388087 122.581345 0.0621 0.0 30.0
0.0 119.076294 0.0622 0.0 30.0
0.0 123.18237 0.0622 0.0 30.0
0.0 123.18237 0.0623 0.0 31.0
-2.1388087 126.68742 0.0623 0.0 31.0
0.0 123.18237 0.0624 0.0 31.0
0.0 127.28845 0.0624 0.0 31.0
