0.0 0.0 0.00 79.0 1.0
0.0 4.407446 0.00 79.0 1.0
0.0 4.407446 0.01 0.0 2.0
1.4446023 8.571423 0.01 0.0 2.0
0.0 4.407446 0.02 78.0 2.0
0.0 8.814892 0.02 78.0 2.0
0.0 8.814892 0.03 0.0 3.0
1.4446023 12.9788685 0.03 0.0 3.0
0.0 8.814892 0.04 77.0 3.0
0.0 13.222338 0.04 77.0 3.0
0.0 13.222338 0.05 1.0 4.0
1.4446023 17.386314 0.05 1.0 4.0
1.4446023 17.386314 0.06 0.0 5.0
4.174206 20.846783 0.06 0.0 5.0
1.4446023 17.386314 0.07 0.0 5.0
2.8892045 21.550291 0.07 0.0 5.0
2.8892045 21.550291 0.08 0.0 6.0
5.6188083 25.01076 0.08 0.0 6.0
2.8892045 21.550291 0.09 0.0 6.0
4.333807 25.714268 0.09 0.0 6.0
0.0 13.222338 0.010 76.0 4.0
0.0 17.629784 0.010 76.0 4.0
0.0 17.629784 0.011 0.0 5.0
1.4446023 21.79376 0.011 0.0 5.0
0.0 17.629784 0.012 75.0 5.0
0.0 22.03723 0.012 75.0 5.0
0.0 22.03723 0.013 0.0 6.0
1.4446023 26.201206 0.013 0.0 6.0
0.0 22.03723 0.014 74.0 6.0
0.0 26.444675 0.014 74.0 6.0
0.0 26.444675 0.015 1.0 7.0
-1.4446023 30.608652 0.015 1.0 7.0
-1.4446023 30.608652 0.016 0.0 8.0
-1.4446023 35.016098 0.016 0.0 8.0
-1.4446023 30.608652 0.017 0.0 8.0
-2.8892045 34.77263 0.017 0.0 8.0
-2.8892045 34.77263 0.018 0.0 9.0
-2.8892045 39.180077 0.018 0.0 9.0
-2.8892045 34.77263 0.019 0.0 9.0
-4.333807 38.936607 0.019 0.0 9.0
0.0 26.444675 0.020 73.0 7.0
0.0 30.852121 0.020 73.0 7.0
0.0 30.852121 0.021 0.0 8.0
1.4446023 35.016098 0.021 0.0 8.0
0.0 30.852121 0.022 72.0 8.0
0.0 35.259567 0.022 72.0 8.0
0.0 35.259567 0.023 0.0 9.0
1.4446023 39.423546 0.023 0.0 9.0
0.0 35.259567 0.024 71.0 9.0
0.0 39.667015 0.024 71.0 9.0
0.0 39.667015 0.025 7.0 10.0
1.4446023 43.830994 0.025 7.0 10.0
1.4446023 43.830994 0.026 0.0 11.0
4.174206 47.291462 0.026 0.0 11.0
1.4446023 43.830994 0.027 6.0 11.0
2.8892045 47.994972 0.027 6.0 11.0
2.8892045 47.994972 0.028 0.0 12.0
5.6188083 51.45544 0.028 0.0 12.0
2.8892045 47.994972 0.029 5.0 12.0
4.333807 52.15895 0.029 5.0 12.0
4.333807 52.15895 0.030 1.0 13.0
7.0634108 55.61942 0.030 1.0 13.0
7.0634108 55.61942 0.031 0.0 14.0
10.776447 57.994064 0.031 0.0 14.0
7.0634108 55.61942 0.032 0.0 14.0
9.793015 59.079887 0.032 0.0 14.0
9.793015 59.079887 0.033 0.0 15.0
13.506051 61.454533 0.033 0.0 15.0
9.793015 59.079887 0.034 0.0 15.0
12.522618 62.540356 0.034 0.0 15.0
4.333807 52.15895 0.035 4.0 13.0
5.778409 56.32293 0.035 4.0 13.0
5.778409 56.32293 0.036 0.0 14.0
8.508013 59.783398 0.036 0.0 14.0
5.778409 56.32293 0.037 3.0 14.0
7.223011 60.486908 0.037 3.0 14.0
7.223011 60.486908 0.038 0.0 15.0
9.952615 63.947376 0.038 0.0 15.0
7.223011 60.486908 0.039 2.0 15.0
8.667613 64.65089 0.039 2.0 15.0
8.667613 64.65089 0.040 1.0 16.0
8.667613 69.058334 0.040 1.0 16.0
8.667613 69.058334 0.041 0.0 17.0
10.112215 73.22231 0.041 0.0 17.0
8.667613 69.058334 0.042 0.0 17.0
8.667613 73.46578 0.042 0.0 17.0
8.667613 73.46578 0.043 0.0 18.0
10.112215 77.62976 0.043 0.0 18.0
8.667613 73.46578 0.044 0.0 18.0
8.667613 77.87323 0.044 0.0 18.0
8.667613 64.65089 0.045 1.0 16.0
10.112215 68.814865 0.045 1.0 16.0
10.112215 68.814865 0.046 0.0 17.0
12.841819 72.27534 0.046 0.0 17.0
10.112215 68.814865 0.047 0.0 17.0
11.556817 72.97884 0.047 0.0 17.0
11.556817 72.97884 0.048 0.0 18.0
14.286421 76.439316 0.048 0.0 18.0
11.556817 72.97884 0.049 0.0 18.0
13.001419 77.14282 0.049 0.0 18.0
0.0 39.667015 0.050 70.0 10.0
0.0 44.074463 0.050 70.0 10.0
0.0 44.074463 0.051 0.0 11.0
1.4446023 48.23844 0.051 0.0 11.0
0.0 44.074463 0.052 69.0 11.0
0.0 48.48191 0.052 69.0 11.0
0.0 48.48191 0.053 0.0 12.0
1.4446023 52.64589 0.053 0.0 12.0
0.0 48.48191 0.054 68.0 12.0
0.0 52.88936 0.054 68.0 12.0
0.0 52.88936 0.055 1.0 13.0
1.4446023 57.053337 0.055 1.0 13.0
1.4446023 57.053337 0.056 0.0 14.0
4.174206 60.513805 0.056 0.0 14.0
1.4446023 57.053337 0.057 0.0 14.0
2.8892045 61.217316 0.057 0.0 14.0
2.8892045 61.217316 0.058 0.0 15.0
5.6188083 64.67779 0.058 0.0 15.0
2.8892045 61.217316 0.059 0.0 15.0
4.333807 65.381294 0.059 0.0 15.0
0.0 52.88936 0.060 67.0 13.0
0.0 57.296806 0.060 67.0 13.0
0.0 57.296806 0.061 0.0 14.0
1.4446023 61.460785 0.061 0.0 14.0
0.0 57.296806 0.062 66.0 14.0
0.0 61.704254 0.062 66.0 14.0
0.0 61.704254 0.063 0.0 15.0
1.4446023 65.86823 0.063 0.0 15.0
0.0 61.704254 0.064 65.0 15.0
0.0 66.1117 0.064 65.0 15.0
0.0 66.1117 0.065 1.0 16.0
-1.4446023 70.27568 0.065 1.0 16.0
-1.4446023 70.27568 0.066 0.0 17.0
-1.4446023 74.68313 0.066 0.0 17.0
-1.4446023 70.27568 0.067 0.0 17.0
-2.8892045 74.43966 0.067 0.0 17.0
-2.8892045 74.43966 0.068 0.0 18.0
-2.8892045 78.84711 0.068 0.0 18.0
-2.8892045 74.43966 0.069 0.0 18.0
-4.333807 78.60364 0.069 0.0 18.0
0.0 66.1117 0.070 64.0 16.0
0.0 70.51915 0.070 64.0 16.0
0.0 70.51915 0.071 0.0 17.0
1.4446023 74.68313 0.071 0.0 17.0
0.0 70.51915 0.072 63.0 17.0
0.0 74.9266 0.072 63.0 17.0
0.0 74.9266 0.073 0.0 18.0
1.4446023 79.090576 0.073 0.0 18.0
0.0 74.9266 0.074 62.0 18.0
0.0 79.334045 0.074 62.0 18.0
0.0 79.334045 0.075 7.0 19.0
-1.4446023 83.498024 0.075 7.0 19.0
-1.4446023 83.498024 0.076 0.0 20.0
-1.4446023 87.90547 0.076 0.0 20.0
-1.4446023 83.498024 0.077 6.0 20.0
-2.8892045 87.662 0.077 6.0 20.0
-2.8892045 87.662 0.078 0.0 21.0
-2.8892045 92.06945 0.078 0.0 21.0
-2.8892045 87.662 0.079 5.0 21.0
-4.333807 91.82598 0.079 5.0 21.0
-4.333807 91.82598 0.080 1.0 22.0
-4.333807 96.23343 0.080 1.0 22.0
-4.333807 96.23343 0.081 0.0 23.0
-2.8892047 100.39741 0.081 0.0 23.0
-4.333807 96.23343 0.082 0.0 23.0
-4.333807 100.64088 0.082 0.0 23.0
-4.333807 100.64088 0.083 0.0 24.0
-2.8892047 104.804855 0.083 0.0 24.0
-4.333807 100.64088 0.084 0.0 24.0
-4.333807 105.048325 0.084 0.0 24.0
-4.333807 91.82598 0.085 4.0 22.0
-5.778409 95.98996 0.085 4.0 22.0
-5.778409 95.98996 0.086 0.0 23.0
-5.778409 100.39741 0.086 0.0 23.0
-5.778409 95.98996 0.087 3.0 23.0
-7.223011 100.15394 0.087 3.0 23.0
-7.223011 100.15394 0.088 0.0 24.0
-7.223011 104.561386 0.088 0.0 24.0
-7.223011 100.15394 0.089 2.0 24.0
-8.667613 104.31792 0.089 2.0 24.0
-8.667613 104.31792 0.090 1.0 25.0
-11.397217 107.77839 0.090 1.0 25.0
-11.397217 107.77839 0.091 0.0 26.0
-12.841819 111.94237 0.091 0.0 26.0
-11.397217 107.77839 0.092 0.0 26.0
-14.126821 111.23886 0.092 0.0 26.0
-14.126821 111.23886 0.093 0.0 27.0
-15.571423 115.40284 0.093 0.0 27.0
-14.126821 111.23886 0.094 0.0 27.0
-16.856424 114.69933 0.094 0.0 27.0
-8.667613 104.31792 0.095 1.0 25.0
-10.112215 108.481895 0.095 1.0 25.0
-10.112215 108.481895 0.096 0.0 26.0
-10.112215 112.88934 0.096 0.0 26.0
-10.112215 108.481895 0.097 0.0 26.0
-11.556817 112.645874 0.097 0.0 26.0
-11.556817 112.645874 0.098 0.0 27.0
-11.556817 117.05332 0.098 0.0 27.0
-11.556817 112.645874 0.099 0.0 27.0
-13.001419 116.80985 0.099 0.0 27.0
0.0 79.334045 0.0100 61.0 19.0
0.0 83.74149 0.0100 61.0 19.0
0.0 83.74149 0.0101 0.0 20.0
1.4446023 87.90547 0.0101 0.0 20.0
0.0 83.74149 0.0102 60.0 20.0
0.0 88.14894 0.0102 60.0 20.0
0.0 88.14894 0.0103 0.0 21.0
1.4446023 92.31292 0.0103 0.0 21.0
0.0 88.14894 0.0104 59.0 21.0
0.0 92.55639 0.0104 59.0 21.0
0.0 92.55639 0.0105 1.0 22.0
1.4446023 96.72037 0.0105 1.0 22.0
1.4446023 96.72037 0.0106 0.0 23.0
4.174206 100.18084 0.0106 0.0 23.0
1.4446023 96.72037 0.0107 0.0 23.0
2.8892045 100.884346 0.0107 0.0 23.0
2.8892045 100.884346 0.0108 0.0 24.0
5.6188083 104.34482 0.0108 0.0 24.0
2.8892045 100.884346 0.0109 0.0 24.0
4.333807 105.048325 0.0109 0.0 24.0
0.0 92.55639 0.0110 58.0 22.0
0.0 96.96384 0.0110 58.0 22.0
0.0 96.96384 0.0111 0.0 23.0
1.4446023 101.127815 0.0111 0.0 23.0
0.0 96.96384 0.0112 57.0 23.0
0.0 101.371284 0.0112 57.0 23.0
0.0 101.371284 0.0113 0.0 24.0
1.4446023 105.53526 0.0113 0.0 24.0
0.0 101.371284 0.0114 56.0 24.0
0.0 105.77873 0.0114 56.0 24.0
0.0 105.77873 0.0115 1.0 25.0
-1.4446023 109.94271 0.0115 1.0 25.0
-1.4446023 109.94271 0.0116 0.0 26.0
-1.4446023 114.35016 0.0116 0.0 26.0
-1.4446023 109.94271 0.0117 0.0 26.0
-2.8892045 114.10669 0.0117 0.0 26.0
-2.8892045 114.10669 0.0118 0.0 27.0
-2.8892045 118.51414 0.0118 0.0 27.0
-2.8892045 114.10669 0.0119 0.0 27.0
-4.333807 118.27067 0.0119 0.0 27.0
0.0 105.77873 0.0120 55.0 25.0
0.0 110.18618 0.0120 55.0 25.0
0.0 110.18618 0.0121 0.0 26.0
1.4446023 114.35016 0.0121 0.0 26.0
0.0 110.18618 0.0122 54.0 26.0
0.0 114.59363 0.0122 54.0 26.0
0.0 114.59363 0.0123 0.0 27.0
1.4446023 118.75761 0.0123 0.0 27.0
0.0 114.59363 0.0124 53.0 27.0
0.0 119.001076 0.0124 53.0 27.0
0.0 119.001076 0.0125 25.0 28.0
1.4446023 123.165054 0.0125 25.0 28.0
1.4446023 123.165054 0.0126 0.0 29.0
4.174206 126.62553 0.0126 0.0 29.0
1.4446023 123.165054 0.0127 24.0 29.0
2.8892045 127.32903 0.0127 24.0 29.0
2.8892045 127.32903 0.0128 0.0 30.0
5.6188083 130.7895 0.0128 0.0 30.0
2.8892045 127.32903 0.0129 23.0 30.0
4.333807 131.49301 0.0129 23.0 30.0
4.333807 131.49301 0.0130 1.0 31.0
7.0634108 134.95348 0.0130 1.0 31.0
7.0634108 134.95348 0.0131 0.0 32.0
10.776447 137.32812 0.0131 0.0 32.0
7.0634108 134.95348 0.0132 0.0 32.0
9.793015 138.41394 0.0132 0.0 32.0
9.793015 138.41394 0.0133 0.0 33.0
13.506051 140.78859 0.0133 0.0 33.0
9.793015 138.41394 0.0134 0.0 33.0
12.522618 141.8744 0.0134 0.0 33.0
4.333807 131.49301 0.0135 22.0 31.0
5.778409 135.65698 0.0135 22.0 31.0
5.778409 135.65698 0.0136 0.0 32.0
8.508013 139.11745 0.0136 0.0 32.0
5.778409 135.65698 0.0137 21.0 32.0
7.223011 139.82095 0.0137 21.0 32.0
7.223011 139.82095 0.0138 0.0 33.0
9.952615 143.28142 0.0138 0.0 33.0
7.223011 139.82095 0.0139 20.0 33.0
8.667613 143.98492 0.0139 20.0 33.0
8.667613 143.98492 0.0140 1.0 34.0
8.667613 148.39236 0.0140 1.0 34.0
8.667613 148.39236 0.0141 0.0 35.0
10.112215 152.55634 0.0141 0.0 35.0
8.667613 148.39236 0.0142 0.0 35.0
8.667613 152.7998 0.0142 0.0 35.0
8.667613 152.7998 0.0143 0.0 36.0
10.112215 156.96378 0.0143 0.0 36.0
8.667613 152.7998 0.0144 0.0 36.0
8.667613 157.20724 0.0144 0.0 36.0
8.667613 143.98492 0.0145 19.0 34.0
10.112215 148.1489 0.0145 19.0 34.0
10.112215 148.1489 0.0146 0.0 35.0
12.841819 151.60936 0.0146 0.0 35.0
10.112215 148.1489 0.0147 18.0 35.0
11.556817 152.31287 0.0147 18.0 35.0
11.556817 152.31287 0.0148 0.0 36.0
14.286421 155.77333 0.0148 0.0 36.0
11.556817 152.31287 0.0149 17.0 36.0
13.001419 156.47684 0.0149 17.0 36.0
13.001419 156.47684 0.0150 7.0 37.0
15.731023 159.9373 0.0150 7.0 37.0
15.731023 159.9373 0.0151 0.0 38.0
19.44406 162.31195 0.0151 0.0 38.0
15.731023 159.9373 0.0152 6.0 38.0
18.460627 163.39777 0.0152 6.0 38.0
18.460627 163.39777 0.0153 0.0 39.0
22.173664 165.77242 0.0153 0.0 39.0
18.460627 163.39777 0.0154 5.0 39.0
21.190231 166.85823 0.0154 5.0 39.0
21.190231 166.85823 0.0155 1.0 40.0
24.903267 169.23288 0.0155 1.0 40.0
24.903267 169.23288 0.0156 0.0 41.0
29.189518 170.25935 0.0156 0.0 41.0
24.903267 169.23288 0.0157 0.0 41.0
28.616302 171.60753 0.0157 0.0 41.0
28.616302 171.60753 0.0158 0.0 42.0
32.902554 172.634 0.0158 0.0 42.0
28.616302 171.60753 0.0159 0.0 42.0
32.329338 173.98218 0.0159 0.0 42.0
21.190231 166.85823 0.0160 4.0 40.0
23.919834 170.3187 0.0160 4.0 40.0
23.919834 170.3187 0.0161 0.0 41.0
27.63287 172.69334 0.0161 0.0 41.0
23.919834 170.3187 0.0162 3.0 41.0
26.649437 173.77916 0.0162 3.0 41.0
26.649437 173.77916 0.0163 0.0 42.0
30.362473 176.15381 0.0163 0.0 42.0
26.649437 173.77916 0.0164 2.0 42.0
29.37904 177.23962 0.0164 2.0 42.0
29.37904 177.23962 0.0165 1.0 43.0
30.823643 181.4036 0.0165 1.0 43.0
30.823643 181.4036 0.0166 0.0 44.0
33.553246 184.86406 0.0166 0.0 44.0
30.823643 181.4036 0.0167 0.0 44.0
32.268246 185.56757 0.0167 0.0 44.0
32.268246 185.56757 0.0168 0.0 45.0
34.99785 189.02803 0.0168 0.0 45.0
32.268246 185.56757 0.0169 0.0 45.0
33.71285 189.73154 0.0169 0.0 45.0
29.37904 177.23962 0.0170 1.0 43.0
32.108643 180.70009 0.0170 1.0 43.0
32.108643 180.70009 0.0171 0.0 44.0
35.82168 183.07474 0.0171 0.0 44.0
32.108643 180.70009 0.0172 0.0 44.0
34.838245 184.16055 0.0172 0.0 44.0
34.838245 184.16055 0.0173 0.0 45.0
38.55128 186.5352 0.0173 0.0 45.0
34.838245 184.16055 0.0174 0.0 45.0
37.56785 187.62102 0.0174 0.0 45.0
13.001419 156.47684 0.0175 16.0 37.0
14.446021 160.64081 0.0175 16.0 37.0
14.446021 160.64081 0.0176 0.0 38.0
17.175625 164.10127 0.0176 0.0 38.0
14.446021 160.64081 0.0177 15.0 38.0
15.890623 164.80478 0.0177 15.0 38.0
15.890623 164.80478 0.0178 0.0 39.0
18.620228 168.26524 0.0178 0.0 39.0
15.890623 164.80478 0.0179 14.0 39.0
17.335226 168.96875 0.0179 14.0 39.0
17.335226 168.96875 0.0180 1.0 40.0
20.06483 172.42921 0.0180 1.0 40.0
20.06483 172.42921 0.0181 0.0 41.0
23.777866 174.80386 0.0181 0.0 41.0
20.06483 172.42921 0.0182 0.0 41.0
22.794434 175.88968 0.0182 0.0 41.0
22.794434 175.88968 0.0183 0.0 42.0
26.50747 178.26433 0.0183 0.0 42.0
22.794434 175.88968 0.0184 0.0 42.0
25.524036 179.35014 0.0184 0.0 42.0
17.335226 168.96875 0.0185 13.0 40.0
18.779829 173.13272 0.0185 13.0 40.0
18.779829 173.13272 0.0186 0.0 41.0
21.509434 176.59319 0.0186 0.0 41.0
18.779829 173.13272 0.0187 12.0 41.0
20.224432 177.29669 0.0187 12.0 41.0
20.224432 177.29669 0.0188 0.0 42.0
22.954037 180.75716 0.0188 0.0 42.0
20.224432 177.29669 0.0189 11.0 42.0
21.669035 181.46066 0.0189 11.0 42.0
21.669035 181.46066 0.0190 1.0 43.0
21.669035 185.8681 0.0190 1.0 43.0
21.669035 185.8681 0.0191 0.0 44.0
23.113638 190.03207 0.0191 0.0 44.0
21.669035 185.8681 0.0192 0.0 44.0
21.669035 190.27554 0.0192 0.0 44.0
21.669035 190.27554 0.0193 0.0 45.0
23.113638 194.43951 0.0193 0.0 45.0
21.669035 190.27554 0.0194 0.0 45.0
21.669035 194.68298 0.0194 0.0 45.0
21.669035 181.46066 0.0195 10.0 43.0
23.113638 185.62463 0.0195 10.0 43.0
23.113638 185.62463 0.0196 0.0 44.0
25.843243 189.0851 0.0196 0.0 44.0
23.113638 185.62463 0.0197 9.0 44.0
24.55824 189.7886 0.0197 9.0 44.0
24.55824 189.7886 0.0198 0.0 45.0
27.287846 193.24907 0.0198 0.0 45.0
24.55824 189.7886 0.0199 8.0 45.0
26.002844 193.95258 0.0199 8.0 45.0
26.002844 193.95258 0.0200 7.0 46.0
26.002844 198.36002 0.0200 7.0 46.0
26.002844 198.36002 0.0201 0.0 47.0
27.447447 202.52399 0.0201 0.0 47.0
26.002844 198.36002 0.0202 6.0 47.0
26.002844 202.76746 0.0202 6.0 47.0
26.002844 202.76746 0.0203 0.0 48.0
27.447447 206.93143 0.0203 0.0 48.0
26.002844 202.76746 0.0204 5.0 48.0
26.002844 207.1749 0.0204 5.0 48.0
26.002844 207.1749 0.0205 1.0 49.0
27.447447 211.33887 0.0205 1.0 49.0
27.447447 211.33887 0.0206 0.0 50.0
30.177052 214.79933 0.0206 0.0 50.0
27.447447 211.33887 0.0207 0.0 50.0
28.89205 215.50284 0.0207 0.0 50.0
28.89205 215.50284 0.0208 0.0 51.0
31.621655 218.9633 0.0208 0.0 51.0
28.89205 215.50284 0.0209 0.0 51.0
30.336653 219.66681 0.0209 0.0 51.0
26.002844 207.1749 0.0210 4.0 49.0
26.002844 211.58234 0.0210 4.0 49.0
26.002844 211.58234 0.0211 0.0 50.0
27.447447 215.7463 0.0211 0.0 50.0
26.002844 211.58234 0.0212 3.0 50.0
26.002844 215.98978 0.0212 3.0 50.0
26.002844 215.98978 0.0213 0.0 51.0
27.447447 220.15375 0.0213 0.0 51.0
26.002844 215.98978 0.0214 2.0 51.0
26.002844 220.39722 0.0214 2.0 51.0
26.002844 220.39722 0.0215 1.0 52.0
24.55824 224.56119 0.0215 1.0 52.0
24.55824 224.56119 0.0216 0.0 53.0
24.55824 228.96863 0.0216 0.0 53.0
24.55824 224.56119 0.0217 0.0 53.0
23.113638 228.72516 0.0217 0.0 53.0
23.113638 228.72516 0.0218 0.0 54.0
23.113638 233.1326 0.0218 0.0 54.0
23.113638 228.72516 0.0219 0.0 54.0
21.669035 232.88913 0.0219 0.0 54.0
26.002844 220.39722 0.0220 1.0 52.0
26.002844 224.80466 0.0220 1.0 52.0
26.002844 224.80466 0.0221 0.0 53.0
27.447447 228.96863 0.0221 0.0 53.0
26.002844 224.80466 0.0222 0.0 53.0
26.002844 229.2121 0.0222 0.0 53.0
26.002844 229.2121 0.0223 0.0 54.0
27.447447 233.37607 0.0223 0.0 54.0
26.002844 229.2121 0.0224 0.0 54.0
26.002844 233.61954 0.0224 0.0 54.0
26.002844 193.95258 0.0225 7.0 46.0
27.447447 198.11655 0.0225 7.0 46.0
27.447447 198.11655 0.0226 0.0 47.0
30.177052 201.57701 0.0226 0.0 47.0
27.447447 198.11655 0.0227 6.0 47.0
28.89205 202.28052 0.0227 6.0 47.0
28.89205 202.28052 0.0228 0.0 48.0
31.621655 205.74098 0.0228 0.0 48.0
28.89205 202.28052 0.0229 5.0 48.0
30.336653 206.44449 0.0229 5.0 48.0
30.336653 206.44449 0.0230 1.0 49.0
33.066257 209.90495 0.0230 1.0 49.0
33.066257 209.90495 0.0231 0.0 50.0
36.779293 212.2796 0.0231 0.0 50.0
33.066257 209.90495 0.0232 0.0 50.0
35.79586 213.36542 0.0232 0.0 50.0
35.79586 213.36542 0.0233 0.0 51.0
39.508896 215.74007 0.0233 0.0 51.0
35.79586 213.36542 0.0234 0.0 51.0
38.525463 216.82588 0.0234 0.0 51.0
30.336653 206.44449 0.0235 4.0 49.0
31.781256 210.60846 0.0235 4.0 49.0
31.781256 210.60846 0.0236 0.0 50.0
34.51086 214.06892 0.0236 0.0 50.0
31.781256 210.60846 0.0237 3.0 50.0
33.225857 214.77243 0.0237 3.0 50.0
33.225857 214.77243 0.0238 0.0 51.0
35.95546 218.2329 0.0238 0.0 51.0
33.225857 214.77243 0.0239 2.0 51.0
34.67046 218.9364 0.0239 2.0 51.0
34.67046 218.9364 0.0240 1.0 52.0
34.67046 223.34384 0.0240 1.0 52.0
34.67046 223.34384 0.0241 0.0 53.0
36.115063 227.50781 0.0241 0.0 53.0
34.67046 223.34384 0.0242 0.0 53.0
34.67046 227.75128 0.0242 0.0 53.0
34.67046 227.75128 0.0243 0.0 54.0
36.115063 231.91525 0.0243 0.0 54.0
34.67046 227.75128 0.0244 0.0 54.0
34.67046 232.15872 0.0244 0.0 54.0
34.67046 218.9364 0.0245 1.0 52.0
36.115063 223.10037 0.0245 1.0 52.0
36.115063 223.10037 0.0246 0.0 53.0
38.844666 226.56084 0.0246 0.0 53.0
36.115063 223.10037 0.0247 0.0 53.0
37.559666 227.26434 0.0247 0.0 53.0
37.559666 227.26434 0.0248 0.0 54.0
40.28927 230.72481 0.0248 0.0 54.0
37.559666 227.26434 0.0249 0.0 54.0
39.00427 231.42831 0.0249 0.0 54.0
0.0 119.001076 0.0250 52.0 28.0
0.0 123.40852 0.0250 52.0 28.0
0.0 123.40852 0.0251 0.0 29.0
1.4446023 127.5725 0.0251 0.0 29.0
0.0 123.40852 0.0252 51.0 29.0
0.0 127.81597 0.0252 51.0 29.0
0.0 127.81597 0.0253 0.0 30.0
1.4446023 131.97995 0.0253 0.0 30.0
0.0 127.81597 0.0254 50.0 30.0
0.0 132.22342 0.0254 50.0 30.0
0.0 132.22342 0.0255 1.0 31.0
1.4446023 136.38739 0.0255 1.0 31.0
1.4446023 136.38739 0.0256 0.0 32.0
4.174206 139.84785 0.0256 0.0 32.0
1.4446023 136.38739 0.0257 0.0 32.0
2.8892045 140.55136 0.0257 0.0 32.0
2.8892045 140.55136 0.0258 0.0 33.0
5.6188083 144.01183 0.0258 0.0 33.0
2.8892045 140.55136 0.0259 0.0 33.0
4.333807 144.71533 0.0259 0.0 33.0
0.0 132.22342 0.0260 49.0 31.0
0.0 136.63086 0.0260 49.0 31.0
0.0 136.63086 0.0261 0.0 32.0
1.4446023 140.79483 0.0261 0.0 32.0
0.0 136.63086 0.0262 48.0 32.0
0.0 141.0383 0.0262 48.0 32.0
0.0 141.0383 0.0263 0.0 33.0
1.4446023 145.20227 0.0263 0.0 33.0
0.0 141.0383 0.0264 47.0 33.0
0.0 145.44574 0.0264 47.0 33.0
0.0 145.44574 0.0265 1.0 34.0
-1.4446023 149.60971 0.0265 1.0 34.0
-1.4446023 149.60971 0.0266 0.0 35.0
-1.4446023 154.01715 0.0266 0.0 35.0
-1.4446023 149.60971 0.0267 0.0 35.0
-2.8892045 153.77368 0.0267 0.0 35.0
-2.8892045 153.77368 0.0268 0.0 36.0
-2.8892045 158.18112 0.0268 0.0 36.0
-2.8892045 153.77368 0.0269 0.0 36.0
-4.333807 157.93765 0.0269 0.0 36.0
0.0 145.44574 0.0270 46.0 34.0
0.0 149.85318 0.0270 46.0 34.0
0.0 149.85318 0.0271 0.0 35.0
1.4446023 154.01715 0.0271 0.0 35.0
0.0 149.85318 0.0272 45.0 35.0
0.0 154.26062 0.0272 45.0 35.0
0.0 154.26062 0.0273 0.0 36.0
1.4446023 158.42459 0.0273 0.0 36.0
0.0 154.26062 0.0274 44.0 36.0
0.0 158.66806 0.0274 44.0 36.0
0.0 158.66806 0.0275 7.0 37.0
1.4446023 162.83203 0.0275 7.0 37.0
1.4446023 162.83203 0.0276 0.0 38.0
4.174206 166.2925 0.0276 0.0 38.0
1.4446023 162.83203 0.0277 6.0 38.0
2.8892045 166.996 0.0277 6.0 38.0
2.8892045 166.996 0.0278 0.0 39.0
5.6188083 170.45647 0.0278 0.0 39.0
2.8892045 166.996 0.0279 5.0 39.0
4.333807 171.15997 0.0279 5.0 39.0
4.333807 171.15997 0.0280 1.0 40.0
7.0634108 174.62044 0.0280 1.0 40.0
7.0634108 174.62044 0.0281 0.0 41.0
10.776447 176.99509 0.0281 0.0 41.0
7.0634108 174.62044 0.0282 0.0 41.0
9.793015 178.0809 0.0282 0.0 41.0
9.793015 178.0809 0.0283 0.0 42.0
13.506051 180.45555 0.0283 0.0 42.0
9.793015 178.0809 0.0284 0.0 42.0
12.522618 181.54137 0.0284 0.0 42.0
4.333807 171.15997 0.0285 4.0 40.0
5.778409 175.32394 0.0285 4.0 40.0
5.778409 175.32394 0.0286 0.0 41.0
8.508013 178.78441 0.0286 0.0 41.0
5.778409 175.32394 0.0287 3.0 41.0
7.223011 179.48792 0.0287 3.0 41.0
7.223011 179.48792 0.0288 0.0 42.0
9.952615 182.94838 0.0288 0.0 42.0
7.223011 179.48792 0.0289 2.0 42.0
8.667613 183.65189 0.0289 2.0 42.0
8.667613 183.65189 0.0290 1.0 43.0
8.667613 188.05933 0.0290 1.0 43.0
8.667613 188.05933 0.0291 0.0 44.0
10.112215 192.2233 0.0291 0.0 44.0
8.667613 188.05933 0.0292 0.0 44.0
8.667613 192.46677 0.0292 0.0 44.0
8.667613 192.46677 0.0293 0.0 45.0
10.112215 196.63074 0.0293 0.0 45.0
8.667613 192.46677 0.0294 0.0 45.0
8.667613 196.8742 0.0294 0.0 45.0
8.667613 183.65189 0.0295 1.0 43.0
10.112215 187.81586 0.0295 1.0 43.0
10.112215 187.81586 0.0296 0.0 44.0
12.841819 191.27632 0.0296 0.0 44.0
10.112215 187.81586 0.0297 0.0 44.0
11.556817 191.97983 0.0297 0.0 44.0
11.556817 191.97983 0.0298 0.0 45.0
14.286421 195.44029 0.0298 0.0 45.0
11.556817 191.97983 0.0299 0.0 45.0
13.001419 196.1438 0.0299 0.0 45.0
0.0 158.66806 0.0300 43.0 37.0
0.0 163.0755 0.0300 43.0 37.0
0.0 163.0755 0.0301 0.0 38.0
1.4446023 167.23947 0.0301 0.0 38.0
0.0 163.0755 0.0302 42.0 38.0
0.0 167.48294 0.0302 42.0 38.0
0.0 167.48294 0.0303 0.0 39.0
1.4446023 171.64691 0.0303 0.0 39.0
0.0 167.48294 0.0304 41.0 39.0
0.0 171.89038 0.0304 41.0 39.0
0.0 171.89038 0.0305 1.0 40.0
1.4446023 176.05435 0.0305 1.0 40.0
1.4446023 176.05435 0.0306 0.0 41.0
4.174206 179.51482 0.0306 0.0 41.0
1.4446023 176.05435 0.0307 0.0 41.0
2.8892045 180.21832 0.0307 0.0 41.0
2.8892045 180.21832 0.0308 0.0 42.0
5.6188083 183.67879 0.0308 0.0 42.0
2.8892045 180.21832 0.0309 0.0 42.0
4.333807 184.3823 0.0309 0.0 42.0
0.0 171.89038 0.0310 40.0 40.0
0.0 176.29782 0.0310 40.0 40.0
0.0 176.29782 0.0311 0.0 41.0
1.4446023 180.46179 0.0311 0.0 41.0
0.0 176.29782 0.0312 39.0 41.0
0.0 180.70526 0.0312 39.0 41.0
0.0 180.70526 0.0313 0.0 42.0
1.4446023 184.86923 0.0313 0.0 42.0
0.0 180.70526 0.0314 38.0 42.0
0.0 185.1127 0.0314 38.0 42.0
0.0 185.1127 0.0315 1.0 43.0
-1.4446023 189.27667 0.0315 1.0 43.0
-1.4446023 189.27667 0.0316 0.0 44.0
-1.4446023 193.68411 0.0316 0.0 44.0
-1.4446023 189.27667 0.0317 0.0 44.0
-2.8892045 193.44064 0.0317 0.0 44.0
-2.8892045 193.44064 0.0318 0.0 45.0
-2.8892045 197.84808 0.0318 0.0 45.0
-2.8892045 193.44064 0.0319 0.0 45.0
-4.333807 197.60461 0.0319 0.0 45.0
0.0 185.1127 0.0320 37.0 43.0
0.0 189.52014 0.0320 37.0 43.0
0.0 189.52014 0.0321 0.0 44.0
1.4446023 193.68411 0.0321 0.0 44.0
0.0 189.52014 0.0322 36.0 44.0
0.0 193.92758 0.0322 36.0 44.0
0.0 193.92758 0.0323 0.0 45.0
1.4446023 198.09155 0.0323 0.0 45.0
0.0 193.92758 0.0324 35.0 45.0
0.0 198.33502 0.0324 35.0 45.0
0.0 198.33502 0.0325 7.0 46.0
-1.4446023 202.499 0.0325 7.0 46.0
-1.4446023 202.499 0.0326 0.0 47.0
-1.4446023 206.90643 0.0326 0.0 47.0
-1.4446023 202.499 0.0327 6.0 47.0
-2.8892045 206.66296 0.0327 6.0 47.0
-2.8892045 206.66296 0.0328 0.0 48.0
-2.8892045 211.0704 0.0328 0.0 48.0
-2.8892045 206.66296 0.0329 5.0 48.0
-4.333807 210.82693 0.0329 5.0 48.0
-4.333807 210.82693 0.0330 1.0 49.0
-4.333807 215.23438 0.0330 1.0 49.0
-4.333807 215.23438 0.0331 0.0 50.0
-2.8892047 219.39835 0.0331 0.0 50.0
-4.333807 215.23438 0.0332 0.0 50.0
-4.333807 219.64182 0.0332 0.0 50.0
-4.333807 219.64182 0.0333 0.0 51.0
-2.8892047 223.80579 0.0333 0.0 51.0
-4.333807 219.64182 0.0334 0.0 51.0
-4.333807 224.04926 0.0334 0.0 51.0
-4.333807 210.82693 0.0335 4.0 49.0
-5.778409 214.9909 0.0335 4.0 49.0
-5.778409 214.9909 0.0336 0.0 50.0
-5.778409 219.39835 0.0336 0.0 50.0
-5.778409 214.9909 0.0337 3.0 50.0
-7.223011 219.15488 0.0337 3.0 50.0
-7.223011 219.15488 0.0338 0.0 51.0
-7.223011 223.56232 0.0338 0.0 51.0
-7.223011 219.15488 0.0339 2.0 51.0
-8.667613 223.31885 0.0339 2.0 51.0
-8.667613 223.31885 0.0340 1.0 52.0
-11.397217 226.77931 0.0340 1.0 52.0
-11.397217 226.77931 0.0341 0.0 53.0
-12.841819 230.94328 0.0341 0.0 53.0
-11.397217 226.77931 0.0342 0.0 53.0
-14.126821 230.23978 0.0342 0.0 53.0
-14.126821 230.23978 0.0343 0.0 54.0
-15.571423 234.40375 0.0343 0.0 54.0
-14.126821 230.23978 0.0344 0.0 54.0
-16.856424 233.70024 0.0344 0.0 54.0
-8.667613 223.31885 0.0345 1.0 52.0
-10.112215 227.48282 0.0345 1.0 52.0
-10.112215 227.48282 0.0346 0.0 53.0
-10.112215 231.89026 0.0346 0.0 53.0
-10.112215 227.48282 0.0347 0.0 53.0
-11.556817 231.64679 0.0347 0.0 53.0
-11.556817 231.64679 0.0348 0.0 54.0
-11.556817 236.05423 0.0348 0.0 54.0
-11.556817 231.64679 0.0349 0.0 54.0
-13.001419 235.81076 0.0349 0.0 54.0
0.0 198.33502 0.0350 34.0 46.0
0.0 202.74246 0.0350 34.0 46.0
0.0 202.74246 0.0351 0.0 47.0
1.4446023 206.90643 0.0351 0.0 47.0
0.0 202.74246 0.0352 33.0 47.0
0.0 207.1499 0.0352 33.0 47.0
0.0 207.1499 0.0353 0.0 48.0
1.4446023 211.31387 0.0353 0.0 48.0
0.0 207.1499 0.0354 32.0 48.0
0.0 211.55734 0.0354 32.0 48.0
0.0 211.55734 0.0355 1.0 49.0
1.4446023 215.72131 0.0355 1.0 49.0
1.4446023 215.72131 0.0356 0.0 50.0
4.174206 219.18178 0.0356 0.0 50.0
1.4446023 215.72131 0.0357 0.0 50.0
2.8892045 219.88528 0.0357 0.0 50.0
2.8892045 219.88528 0.0358 0.0 51.0
5.6188083 223.34575 0.0358 0.0 51.0
2.8892045 219.88528 0.0359 0.0 51.0
4.333807 224.04926 0.0359 0.0 51.0
0.0 211.55734 0.0360 31.0 49.0
0.0 215.96478 0.0360 31.0 49.0
0.0 215.96478 0.0361 0.0 50.0
1.4446023 220.12875 0.0361 0.0 50.0
0.0 215.96478 0.0362 30.0 50.0
0.0 220.37222 0.0362 30.0 50.0
0.0 220.37222 0.0363 0.0 51.0
1.4446023 224.5362 0.0363 0.0 51.0
0.0 220.37222 0.0364 29.0 51.0
0.0 224.77966 0.0364 29.0 51.0
0.0 224.77966 0.0365 1.0 52.0
-1.4446023 228.94363 0.0365 1.0 52.0
-1.4446023 228.94363 0.0366 0.0 53.0
-1.4446023 233.35107 0.0366 0.0 53.0
-1.4446023 228.94363 0.0367 0.0 53.0
-2.8892045 233.1076 0.0367 0.0 53.0
-2.8892045 233.1076 0.0368 0.0 54.0
-2.8892045 237.51505 0.0368 0.0 54.0
-2.8892045 233.1076 0.0369 0.0 54.0
-4.333807 237.27158 0.0369 0.0 54.0
0.0 224.77966 0.0370 28.0 52.0
0.0 229.1871 0.0370 28.0 52.0
0.0 229.1871 0.0371 0.0 53.0
1.4446023 233.35107 0.0371 0.0 53.0
0.0 229.1871 0.0372 27.0 53.0
0.0 233.59454 0.0372 27.0 53.0
0.0 233.59454 0.0373 0.0 54.0
1.4446023 237.75851 0.0373 0.0 54.0
0.0 233.59454 0.0374 26.0 54.0
0.0 238.00198 0.0374 26.0 54.0
0.0 238.00198 0.0375 25.0 55.0
-1.4446023 242.16595 0.0375 25.0 55.0
-1.4446023 242.16595 0.0376 0.0 56.0
-1.4446023 246.5734 0.0376 0.0 56.0
-1.4446023 242.16595 0.0377 24.0 56.0
-2.8892045 246.32993 0.0377 24.0 56.0
-2.8892045 246.32993 0.0378 0.0 57.0
-2.8892045 250.73737 0.0378 0.0 57.0
-2.8892045 246.32993 0.0379 23.0 57.0
-4.333807 250.4939 0.0379 23.0 57.0
-4.333807 250.4939 0.0380 1.0 58.0
-4.333807 254.90134 0.0380 1.0 58.0
-4.333807 254.90134 0.0381 0.0 59.0
-2.8892047 259.0653 0.0381 0.0 59.0
-4.333807 254.90134 0.0382 0.0 59.0
-4.333807 259.30878 0.0382 0.0 59.0
-4.333807 259.30878 0.0383 0.0 60.0
-2.8892047 263.47275 0.0383 0.0 60.0
-4.333807 259.30878 0.0384 0.0 60.0
-4.333807 263.71622 0.0384 0.0 60.0
-4.333807 250.4939 0.0385 22.0 58.0
-5.778409 254.65787 0.0385 22.0 58.0
-5.778409 254.65787 0.0386 0.0 59.0
-5.778409 259.0653 0.0386 0.0 59.0
-5.778409 254.65787 0.0387 21.0 59.0
-7.223011 258.82184 0.0387 21.0 59.0
-7.223011 258.82184 0.0388 0.0 60.0
-7.223011 263.22928 0.0388 0.0 60.0
-7.223011 258.82184 0.0389 20.0 60.0
-8.667613 262.9858 0.0389 20.0 60.0
-8.667613 262.9858 0.0390 1.0 61.0
-11.397217 266.4463 0.0390 1.0 61.0
-11.397217 266.4463 0.0391 0.0 62.0
-12.841819 270.61026 0.0391 0.0 62.0
-11.397217 266.4463 0.0392 0.0 62.0
-14.126821 269.90677 0.0392 0.0 62.0
-14.126821 269.90677 0.0393 0.0 63.0
-15.571423 274.07074 0.0393 0.0 63.0
-14.126821 269.90677 0.0394 0.0 63.0
-16.856424 273.36725 0.0394 0.0 63.0
-8.667613 262.9858 0.0395 19.0 61.0
-10.112215 267.14978 0.0395 19.0 61.0
-10.112215 267.14978 0.0396 0.0 62.0
-10.112215 271.55722 0.0396 0.0 62.0
-10.112215 267.14978 0.0397 18.0 62.0
-11.556817 271.31375 0.0397 18.0 62.0
-11.556817 271.31375 0.0398 0.0 63.0
-11.556817 275.7212 0.0398 0.0 63.0
-11.556817 271.31375 0.0399 17.0 63.0
-13.001419 275.47772 0.0399 17.0 63.0
-13.001419 275.47772 0.0400 7.0 64.0
-13.001419 279.88516 0.0400 7.0 64.0
-13.001419 279.88516 0.0401 0.0 65.0
-11.556817 284.04913 0.0401 0.0 65.0
-13.001419 279.88516 0.0402 6.0 65.0
-13.001419 284.2926 0.0402 6.0 65.0
-13.001419 284.2926 0.0403 0.0 66.0
-11.556817 288.45657 0.0403 0.0 66.0
-13.001419 284.2926 0.0404 5.0 66.0
-13.001419 288.70004 0.0404 5.0 66.0
-13.001419 288.70004 0.0405 1.0 67.0
-11.556817 292.864 0.0405 1.0 67.0
-11.556817 292.864 0.0406 0.0 68.0
-8.827213 296.3245 0.0406 0.0 68.0
-11.556817 292.864 0.0407 0.0 68.0
-10.112215 297.02798 0.0407 0.0 68.0
-10.112215 297.02798 0.0408 0.0 69.0
-7.3826113 300.48846 0.0408 0.0 69.0
-10.112215 297.02798 0.0409 0.0 69.0
-8.667613 301.19196 0.0409 0.0 69.0
-13.001419 288.70004 0.0410 4.0 67.0
-13.001419 293.10748 0.0410 4.0 67.0
-13.001419 293.10748 0.0411 0.0 68.0
-11.556817 297.27145 0.0411 0.0 68.0
-13.001419 293.10748 0.0412 3.0 68.0
-13.001419 297.51492 0.0412 3.0 68.0
-13.001419 297.51492 0.0413 0.0 69.0
-11.556817 301.6789 0.0413 0.0 69.0
-13.001419 297.51492 0.0414 2.0 69.0
-13.001419 301.92236 0.0414 2.0 69.0
-13.001419 301.92236 0.0415 1.0 70.0
-14.446021 306.08633 0.0415 1.0 70.0
-14.446021 306.08633 0.0416 0.0 71.0
-14.446021 310.49377 0.0416 0.0 71.0
-14.446021 306.08633 0.0417 0.0 71.0
-15.890623 310.2503 0.0417 0.0 71.0
-15.890623 310.2503 0.0418 0.0 72.0
-15.890623 314.65775 0.0418 0.0 72.0
-15.890623 310.2503 0.0419 0.0 72.0
-17.335226 314.41428 0.0419 0.0 72.0
-13.001419 301.92236 0.0420 1.0 70.0
-13.001419 306.3298 0.0420 1.0 70.0
-13.001419 306.3298 0.0421 0.0 71.0
-11.556817 310.49377 0.0421 0.0 71.0
-13.001419 306.3298 0.0422 0.0 71.0
-13.001419 310.73724 0.0422 0.0 71.0
-13.001419 310.73724 0.0423 0.0 72.0
-11.556817 314.9012 0.0423 0.0 72.0
-13.001419 310.73724 0.0424 0.0 72.0
-13.001419 315.14468 0.0424 0.0 72.0
-13.001419 275.47772 0.0425 16.0 64.0
-14.446021 279.6417 0.0425 16.0 64.0
-14.446021 279.6417 0.0426 0.0 65.0
-14.446021 284.04913 0.0426 0.0 65.0
-14.446021 279.6417 0.0427 15.0 65.0
-15.890623 283.80566 0.0427 15.0 65.0
-15.890623 283.80566 0.0428 0.0 66.0
-15.890623 288.2131 0.0428 0.0 66.0
-15.890623 283.80566 0.0429 14.0 66.0
-17.335226 287.96964 0.0429 14.0 66.0
-17.335226 287.96964 0.0430 1.0 67.0
-17.335226 292.37708 0.0430 1.0 67.0
-17.335226 292.37708 0.0431 0.0 68.0
-15.890624 296.54105 0.0431 0.0 68.0
-17.335226 292.37708 0.0432 0.0 68.0
-17.335226 296.78452 0.0432 0.0 68.0
-17.335226 296.78452 0.0433 0.0 69.0
-15.890624 300.9485 0.0433 0.0 69.0
-17.335226 296.78452 0.0434 0.0 69.0
-17.335226 301.19196 0.0434 0.0 69.0
-17.335226 287.96964 0.0435 13.0 67.0
-18.779829 292.1336 0.0435 13.0 67.0
-18.779829 292.1336 0.0436 0.0 68.0
-18.779829 296.54105 0.0436 0.0 68.0
-18.779829 292.1336 0.0437 12.0 68.0
-20.224432 296.29758 0.0437 12.0 68.0
-20.224432 296.29758 0.0438 0.0 69.0
-20.224432 300.70502 0.0438 0.0 69.0
-20.224432 296.29758 0.0439 11.0 69.0
-21.669035 300.46155 0.0439 11.0 69.0
-21.669035 300.46155 0.0440 1.0 70.0
-24.39864 303.92203 0.0440 1.0 70.0
-24.39864 303.92203 0.0441 0.0 71.0
-25.843243 308.086 0.0441 0.0 71.0
-24.39864 303.92203 0.0442 0.0 71.0
-27.128242 307.3825 0.0442 0.0 71.0
-27.128242 307.3825 0.0443 0.0 72.0
-28.572845 311.54648 0.0443 0.0 72.0
-27.128242 307.3825 0.0444 0.0 72.0
-29.857845 310.843 0.0444 0.0 72.0
-21.669035 300.46155 0.0445 10.0 70.0
-23.113638 304.62552 0.0445 10.0 70.0
-23.113638 304.62552 0.0446 0.0 71.0
-23.113638 309.03296 0.0446 0.0 71.0
-23.113638 304.62552 0.0447 9.0 71.0
-24.55824 308.7895 0.0447 9.0 71.0
-24.55824 308.7895 0.0448 0.0 72.0
-24.55824 313.19693 0.0448 0.0 72.0
-24.55824 308.7895 0.0449 8.0 72.0
-26.002844 312.95346 0.0449 8.0 72.0
-26.002844 312.95346 0.0450 7.0 73.0
-28.732449 316.41394 0.0450 7.0 73.0
-28.732449 316.41394 0.0451 0.0 74.0
-30.177052 320.5779 0.0451 0.0 74.0
-28.732449 316.41394 0.0452 6.0 74.0
-31.462051 319.87442 0.0452 6.0 74.0
-31.462051 319.87442 0.0453 0.0 75.0
-32.906654 324.0384 0.0453 0.0 75.0
-31.462051 319.87442 0.0454 5.0 75.0
-34.191654 323.3349 0.0454 5.0 75.0
-34.191654 323.3349 0.0455 1.0 76.0
-35.636257 327.49887 0.0455 1.0 76.0
-35.636257 327.49887 0.0456 0.0 77.0
-35.636257 331.9063 0.0456 0.0 77.0
-35.636257 327.49887 0.0457 0.0 77.0
-37.08086 331.66284 0.0457 0.0 77.0
-37.08086 331.66284 0.0458 0.0 78.0
-37.08086 336.07028 0.0458 0.0 78.0
-37.08086 331.66284 0.0459 0.0 78.0
-38.525463 335.8268 0.0459 0.0 78.0
-34.191654 323.3349 0.0460 4.0 76.0
-36.921257 326.79538 0.0460 4.0 76.0
-36.921257 326.79538 0.0461 0.0 77.0
-38.36586 330.95935 0.0461 0.0 77.0
-36.921257 326.79538 0.0462 3.0 77.0
-39.65086 330.25586 0.0462 3.0 77.0
-39.65086 330.25586 0.0463 0.0 78.0
-41.095463 334.41983 0.0463 0.0 78.0
-39.65086 330.25586 0.0464 2.0 78.0
-42.380463 333.71634 0.0464 2.0 78.0
-42.380463 333.71634 0.0465 1.0 79.0
-46.0935 336.09097 0.0465 1.0 79.0
-46.0935 336.09097 0.0466 0.0 80.0
-48.8231 339.55145 0.0466 0.0 80.0
-46.0935 336.09097 0.0467 0.0 80.0
-49.806534 338.4656 0.0467 0.0 80.0
-49.806534 338.4656 0.0468 0.0 81.0
-52.536137 341.9261 0.0468 0.0 81.0
-49.806534 338.4656 0.0469 0.0 81.0
-53.51957 340.84024 0.0469 0.0 81.0
-42.380463 333.71634 0.0470 1.0 79.0
-45.110065 337.17682 0.0470 1.0 79.0
-45.110065 337.17682 0.0471 0.0 80.0
-46.55467 341.3408 0.0471 0.0 80.0
-45.110065 337.17682 0.0472 0.0 80.0
-47.83967 340.6373 0.0472 0.0 80.0
-47.83967 340.6373 0.0473 0.0 81.0
-49.28427 344.80127 0.0473 0.0 81.0
-47.83967 340.6373 0.0474 0.0 81.0
-50.56927 344.09778 0.0474 0.0 81.0
-26.002844 312.95346 0.0475 7.0 73.0
-27.447447 317.11743 0.0475 7.0 73.0
-27.447447 317.11743 0.0476 0.0 74.0
-27.447447 321.52487 0.0476 0.0 74.0
-27.447447 317.11743 0.0477 6.0 74.0
-28.89205 321.2814 0.0477 6.0 74.0
-28.89205 321.2814 0.0478 0.0 75.0
-28.89205 325.68884 0.0478 0.0 75.0
-28.89205 321.2814 0.0479 5.0 75.0
-30.336653 325.44537 0.0479 5.0 75.0
-30.336653 325.44537 0.0480 1.0 76.0
-30.336653 329.8528 0.0480 1.0 76.0
-30.336653 329.8528 0.0481 0.0 77.0
-28.89205 334.01678 0.0481 0.0 77.0
-30.336653 329.8528 0.0482 0.0 77.0
-30.336653 334.26025 0.0482 0.0 77.0
-30.336653 334.26025 0.0483 0.0 78.0
-28.89205 338.42422 0.0483 0.0 78.0
-30.336653 334.26025 0.0484 0.0 78.0
-30.336653 338.6677 0.0484 0.0 78.0
-30.336653 325.44537 0.0485 4.0 76.0
-31.781256 329.60934 0.0485 4.0 76.0
-31.781256 329.60934 0.0486 0.0 77.0
-31.781256 334.01678 0.0486 0.0 77.0
-31.781256 329.60934 0.0487 3.0 77.0
-33.225857 333.77332 0.0487 3.0 77.0
-33.225857 333.77332 0.0488 0.0 78.0
-33.225857 338.18076 0.0488 0.0 78.0
-33.225857 333.77332 0.0489 2.0 78.0
-34.67046 337.9373 0.0489 2.0 78.0
-34.67046 337.9373 0.0490 1.0 79.0
-37.400063 341.39777 0.0490 1.0 79.0
-37.400063 341.39777 0.0491 0.0 80.0
-38.844666 345.56174 0.0491 0.0 80.0
-37.400063 341.39777 0.0492 0.0 80.0
-40.129665 344.85825 0.0492 0.0 80.0
-40.129665 344.85825 0.0493 0.0 81.0
-41.57427 349.02222 0.0493 0.0 81.0
-40.129665 344.85825 0.0494 0.0 81.0
-42.85927 348.31873 0.0494 0.0 81.0
-34.67046 337.9373 0.0495 1.0 79.0
-36.115063 342.10126 0.0495 1.0 79.0
-36.115063 342.10126 0.0496 0.0 80.0
-36.115063 346.5087 0.0496 0.0 80.0
-36.115063 342.10126 0.0497 0.0 80.0
-37.559666 346.26523 0.0497 0.0 80.0
-37.559666 346.26523 0.0498 0.0 81.0
-37.559666 350.67267 0.0498 0.0 81.0
-37.559666 346.26523 0.0499 0.0 81.0
-39.00427 350.4292 0.0499 0.0 81.0
0.0 238.00198 0.0500 25.0 55.0
0.0 242.40942 0.0500 25.0 55.0
0.0 242.40942 0.0501 0.0 56.0
1.4446023 246.5734 0.0501 0.0 56.0
0.0 242.40942 0.0502 24.0 56.0
0.0 246.81686 0.0502 24.0 56.0
0.0 246.81686 0.0503 0.0 57.0
1.4446023 250.98083 0.0503 0.0 57.0
0.0 246.81686 0.0504 23.0 57.0
0.0 251.2243 0.0504 23.0 57.0
0.0 251.2243 0.0505 1.0 58.0
1.4446023 255.38828 0.0505 1.0 58.0
1.4446023 255.38828 0.0506 0.0 59.0
4.174206 258.84875 0.0506 0.0 59.0
1.4446023 255.38828 0.0507 0.0 59.0
2.8892045 259.55225 0.0507 0.0 59.0
2.8892045 259.55225 0.0508 0.0 60.0
5.6188083 263.01273 0.0508 0.0 60.0
2.8892045 259.55225 0.0509 0.0 60.0
4.333807 263.71622 0.0509 0.0 60.0
0.0 251.2243 0.0510 22.0 58.0
0.0 255.63174 0.0510 22.0 58.0
0.0 255.63174 0.0511 0.0 59.0
1.4446023 259.79572 0.0511 0.0 59.0
0.0 255.63174 0.0512 21.0 59.0
0.0 260.03918 0.0512 21.0 59.0
0.0 260.03918 0.0513 0.0 60.0
1.4446023 264.20316 0.0513 0.0 60.0
0.0 260.03918 0.0514 20.0 60.0
0.0 264.44662 0.0514 20.0 60.0
0.0 264.44662 0.0515 1.0 61.0
-1.4446023 268.6106 0.0515 1.0 61.0
-1.4446023 268.6106 0.0516 0.0 62.0
-1.4446023 273.01804 0.0516 0.0 62.0
-1.4446023 268.6106 0.0517 0.0 62.0
-2.8892045 272.77457 0.0517 0.0 62.0
-2.8892045 272.77457 0.0518 0.0 63.0
-2.8892045 277.182 0.0518 0.0 63.0
-2.8892045 272.77457 0.0519 0.0 63.0
-4.333807 276.93854 0.0519 0.0 63.0
0.0 264.44662 0.0520 19.0 61.0
0.0 268.85406 0.0520 19.0 61.0
0.0 268.85406 0.0521 0.0 62.0
1.4446023 273.01804 0.0521 0.0 62.0
0.0 268.85406 0.0522 18.0 62.0
0.0 273.2615 0.0522 18.0 62.0
0.0 273.2615 0.0523 0.0 63.0
1.4446023 277.42548 0.0523 0.0 63.0
0.0 273.2615 0.0524 17.0 63.0
0.0 277.66895 0.0524 17.0 63.0
0.0 277.66895 0.0525 7.0 64.0
1.4446023 281.83292 0.0525 7.0 64.0
1.4446023 281.83292 0.0526 0.0 65.0
4.174206 285.2934 0.0526 0.0 65.0
1.4446023 281.83292 0.0527 6.0 65.0
2.8892045 285.9969 0.0527 6.0 65.0
2.8892045 285.9969 0.0528 0.0 66.0
5.6188083 289.45737 0.0528 0.0 66.0
2.8892045 285.9969 0.0529 5.0 66.0
4.333807 290.16086 0.0529 5.0 66.0
4.333807 290.16086 0.0530 1.0 67.0
7.0634108 293.62134 0.0530 1.0 67.0
7.0634108 293.62134 0.0531 0.0 68.0
10.776447 295.99597 0.0531 0.0 68.0
7.0634108 293.62134 0.0532 0.0 68.0
9.793015 297.08182 0.0532 0.0 68.0
9.793015 297.08182 0.0533 0.0 69.0
13.506051 299.45645 0.0533 0.0 69.0
9.793015 297.08182 0.0534 0.0 69.0
12.522618 300.5423 0.0534 0.0 69.0
4.333807 290.16086 0.0535 4.0 67.0
5.778409 294.32483 0.0535 4.0 67.0
5.778409 294.32483 0.0536 0.0 68.0
8.508013 297.7853 0.0536 0.0 68.0
5.778409 294.32483 0.0537 3.0 68.0
7.223011 298.4888 0.0537 3.0 68.0
7.223011 298.4888 0.0538 0.0 69.0
9.952615 301.94928 0.0538 0.0 69.0
7.223011 298.4888 0.0539 2.0 69.0
8.667613 302.65277 0.0539 2.0 69.0
8.667613 302.65277 0.0540 1.0 70.0
8.667613 307.0602 0.0540 1.0 70.0
8.667613 307.0602 0.0541 0.0 71.0
10.112215 311.22418 0.0541 0.0 71.0
8.667613 307.0602 0.0542 0.0 71.0
8.667613 311.46765 0.0542 0.0 71.0
8.667613 311.46765 0.0543 0.0 72.0
10.112215 315.63162 0.0543 0.0 72.0
8.667613 311.46765 0.0544 0.0 72.0
8.667613 315.8751 0.0544 0.0 72.0
8.667613 302.65277 0.0545 1.0 70.0
10.112215 306.81674 0.0545 1.0 70.0
10.112215 306.81674 0.0546 0.0 71.0
12.841819 310.27722 0.0546 0.0 71.0
10.112215 306.81674 0.0547 0.0 71.0
11.556817 310.9807 0.0547 0.0 71.0
11.556817 310.9807 0.0548 0.0 72.0
14.286421 314.4412 0.0548 0.0 72.0
11.556817 310.9807 0.0549 0.0 72.0
13.001419 315.14468 0.0549 0.0 72.0
0.0 277.66895 0.0550 16.0 64.0
0.0 282.0764 0.0550 16.0 64.0
0.0 282.0764 0.0551 0.0 65.0
1.4446023 286.24036 0.0551 0.0 65.0
0.0 282.0764 0.0552 15.0 65.0
0.0 286.48383 0.0552 15.0 65.0
0.0 286.48383 0.0553 0.0 66.0
1.4446023 290.6478 0.0553 0.0 66.0
0.0 286.48383 0.0554 14.0 66.0
0.0 290.89127 0.0554 14.0 66.0
0.0 290.89127 0.0555 1.0 67.0
1.4446023 295.05524 0.0555 1.0 67.0
1.4446023 295.05524 0.0556 0.0 68.0
4.174206 298.51572 0.0556 0.0 68.0
1.4446023 295.05524 0.0557 0.0 68.0
2.8892045 299.2192 0.0557 0.0 68.0
2.8892045 299.2192 0.0558 0.0 69.0
5.6188083 302.6797 0.0558 0.0 69.0
2.8892045 299.2192 0.0559 0.0 69.0
4.333807 303.38318 0.0559 0.0 69.0
0.0 290.89127 0.0560 13.0 67.0
0.0 295.2987 0.0560 13.0 67.0
0.0 295.2987 0.0561 0.0 68.0
1.4446023 299.46268 0.0561 0.0 68.0
0.0 295.2987 0.0562 12.0 68.0
0.0 299.70615 0.0562 12.0 68.0
0.0 299.70615 0.0563 0.0 69.0
1.4446023 303.87012 0.0563 0.0 69.0
0.0 299.70615 0.0564 11.0 69.0
0.0 304.1136 0.0564 11.0 69.0
0.0 304.1136 0.0565 1.0 70.0
-1.4446023 308.27756 0.0565 1.0 70.0
-1.4446023 308.27756 0.0566 0.0 71.0
-1.4446023 312.685 0.0566 0.0 71.0
-1.4446023 308.27756 0.0567 0.0 71.0
-2.8892045 312.44153 0.0567 0.0 71.0
-2.8892045 312.44153 0.0568 0.0 72.0
-2.8892045 316.84897 0.0568 0.0 72.0
-2.8892045 312.44153 0.0569 0.0 72.0
-4.333807 316.6055 0.0569 0.0 72.0
0.0 304.1136 0.0570 10.0 70.0
0.0 308.52103 0.0570 10.0 70.0
0.0 308.52103 0.0571 0.0 71.0
1.4446023 312.685 0.0571 0.0 71.0
0.0 308.52103 0.0572 9.0 71.0
0.0 312.92847 0.0572 9.0 71.0
0.0 312.92847 0.0573 0.0 72.0
1.4446023 317.09244 0.0573 0.0 72.0
0.0 312.92847 0.0574 8.0 72.0
0.0 317.3359 0.0574 8.0 72.0
0.0 317.3359 0.0575 7.0 73.0
-1.4446023 321.49988 0.0575 7.0 73.0
-1.4446023 321.49988 0.0576 0.0 74.0
-1.4446023 325.90732 0.0576 0.0 74.0
-1.4446023 321.49988 0.0577 6.0 74.0
-2.8892045 325.66385 0.0577 6.0 74.0
-2.8892045 325.66385 0.0578 0.0 75.0
-2.8892045 330.0713 0.0578 0.0 75.0
-2.8892045 325.66385 0.0579 5.0 75.0
-4.333807 329.82782 0.0579 5.0 75.0
-4.333807 329.82782 0.0580 1.0 76.0
-4.333807 334.23526 0.0580 1.0 76.0
-4.333807 334.23526 0.0581 0.0 77.0
-2.8892047 338.39923 0.0581 0.0 77.0
-4.333807 334.23526 0.0582 0.0 77.0
-4.333807 338.6427 0.0582 0.0 77.0
-4.333807 338.6427 0.0583 0.0 78.0
-2.8892047 342.80667 0.0583 0.0 78.0
-4.333807 338.6427 0.0584 0.0 78.0
-4.333807 343.05014 0.0584 0.0 78.0
-4.333807 329.82782 0.0585 4.0 76.0
-5.778409 333.9918 0.0585 4.0 76.0
-5.778409 333.9918 0.0586 0.0 77.0
-5.778409 338.39923 0.0586 0.0 77.0
-5.778409 333.9918 0.0587 3.0 77.0
-7.223011 338.15576 0.0587 3.0 77.0
-7.223011 338.15576 0.0588 0.0 78.0
-7.223011 342.5632 0.0588 0.0 78.0
-7.223011 338.15576 0.0589 2.0 78.0
-8.667613 342.31973 0.0589 2.0 78.0
-8.667613 342.31973 0.0590 1.0 79.0
-11.397217 345.7802 0.0590 1.0 79.0
-11.397217 345.7802 0.0591 0.0 80.0
-12.841819 349.94418 0.0591 0.0 80.0
-11.397217 345.7802 0.0592 0.0 80.0
-14.126821 349.2407 0.0592 0.0 80.0
-14.126821 349.2407 0.0593 0.0 81.0
-15.571423 353.40466 0.0593 0.0 81.0
-14.126821 349.2407 0.0594 0.0 81.0
-16.856424 352.70117 0.0594 0.0 81.0
-8.667613 342.31973 0.0595 1.0 79.0
-10.112215 346.4837 0.0595 1.0 79.0
-10.112215 346.4837 0.0596 0.0 80.0
-10.112215 350.89114 0.0596 0.0 80.0
-10.112215 346.4837 0.0597 0.0 80.0
-11.556817 350.64767 0.0597 0.0 80.0
-11.556817 350.64767 0.0598 0.0 81.0
-11.556817 355.0551 0.0598 0.0 81.0
-11.556817 350.64767 0.0599 0.0 81.0
-13.001419 354.81165 0.0599 0.0 81.0
0.0 317.3359 0.0600 7.0 73.0
0.0 321.74335 0.0600 7.0 73.0
0.0 321.74335 0.0601 0.0 74.0
1.4446023 325.90732 0.0601 0.0 74.0
0.0 321.74335 0.0602 6.0 74.0
0.0 326.1508 0.0602 6.0 74.0
0.0 326.1508 0.0603 0.0 75.0
1.4446023 330.31476 0.0603 0.0 75.0
0.0 326.1508 0.0604 5.0 75.0
0.0 330.55823 0.0604 5.0 75.0
0.0 330.55823 0.0605 1.0 76.0
1.4446023 334.7222 0.0605 1.0 76.0
1.4446023 334.7222 0.0606 0.0 77.0
4.174206 338.18268 0.0606 0.0 77.0
1.4446023 334.7222 0.0607 0.0 77.0
2.8892045 338.88617 0.0607 0.0 77.0
2.8892045 338.88617 0.0608 0.0 78.0
5.6188083 342.34665 0.0608 0.0 78.0
2.8892045 338.88617 0.0609 0.0 78.0
4.333807 343.05014 0.0609 0.0 78.0
0.0 330.55823 0.0610 4.0 76.0
0.0 334.96567 0.0610 4.0 76.0
0.0 334.96567 0.0611 0.0 77.0
1.4446023 339.12964 0.0611 0.0 77.0
0.0 334.96567 0.0612 3.0 77.0
0.0 339.3731 0.0612 3.0 77.0
0.0 339.3731 0.0613 0.0 78.0
1.4446023 343.53708 0.0613 0.0 78.0
0.0 339.3731 0.0614 2.0 78.0
0.0 343.78055 0.0614 2.0 78.0
0.0 343.78055 0.0615 1.0 79.0
-1.4446023 347.94452 0.0615 1.0 79.0
-1.4446023 347.94452 0.0616 0.0 80.0
-1.4446023 352.35196 0.0616 0.0 80.0
-1.4446023 347.94452 0.0617 0.0 80.0
-2.8892045 352.1085 0.0617 0.0 80.0
-2.8892045 352.1085 0.0618 0.0 81.0
-2.8892045 356.51593 0.0618 0.0 81.0
-2.8892045 352.1085 0.0619 0.0 81.0
-4.333807 356.27246 0.0619 0.0 81.0
0.0 343.78055 0.0620 1.0 79.0
0.0 348.188 0.0620 1.0 79.0
0.0 348.188 0.0621 0.0 80.0
1.4446023 352.35196 0.0621 0.0 80.0
0.0 348.188 0.0622 0.0 80.0
0.0 352.59543 0.0622 0.0 80.0
0.0 352.59543 0.0623 0.0 81.0
1.4446023 356.7594 0.0623 0.0 81.0
0.0 352.59543 0.0624 0.0 81.0
0.0 357.00287 0.0624 0.0 81.0
