0.0 0.0 0.00 14.0 1.0
0.0 3.9101105 0.00 14.0 1.0
0.0 3.9101105 0.01 0.0 2.0
2.667747 6.768797 0.01 0.0 2.0
0.0 3.9101105 0.02 13.0 2.0
0.0 7.820221 0.02 13.0 2.0
0.0 7.820221 0.03 0.0 3.0
-2.667747 10.678907 0.03 0.0 3.0
-2.667747 10.678907 0.04 0.0 4.0
-2.667747 14.589018 0.04 0.0 4.0
-2.667747 10.678907 0.05 0.0 4.0
-5.335494 13.537594 0.05 0.0 4.0
0.0 7.820221 0.06 12.0 3.0
0.0 11.730331 0.06 12.0 3.0
0.0 11.730331 0.07 0.0 4.0
2.667747 14.589018 0.07 0.0 4.0
0.0 11.730331 0.08 11.0 4.0
0.0 15.640442 0.08 11.0 4.0
0.0 15.640442 0.09 2.0 5.0
2.667747 18.499128 0.09 2.0 5.0
2.667747 18.499128 0.010 0.0 6.0
6.5685334 18.768997 0.010 0.0 6.0
2.667747 18.499128 0.011 1.0 6.0
5.335494 21.357815 0.011 1.0 6.0
5.335494 21.357815 0.012 0.0 7.0
5.335494 25.267925 0.012 0.0 7.0
5.335494 25.267925 0.013 0.0 8.0
8.003241 28.126612 0.013 0.0 8.0
5.335494 25.267925 0.014 0.0 8.0
5.335494 29.178036 0.014 0.0 8.0
5.335494 21.357815 0.015 0.0 7.0
8.003241 24.216501 0.015 0.0 7.0
8.003241 24.216501 0.016 0.0 8.0
11.904027 24.48637 0.016 0.0 8.0
8.003241 24.216501 0.017 0.0 8.0
10.670988 27.075188 0.017 0.0 8.0
0.0 15.640442 0.018 10.0 5.0
0.0 19.550552 0.018 10.0 5.0
0.0 19.550552 0.019 0.0 6.0
2.667747 22.409239 0.019 0.0 6.0
0.0 19.550552 0.020 9.0 6.0
0.0 23.460663 0.020 9.0 6.0
0.0 23.460663 0.021 0.0 7.0
-2.667747 26.31935 0.021 0.0 7.0
-2.667747 26.31935 0.022 0.0 8.0
-2.667747 30.22946 0.022 0.0 8.0
-2.667747 26.31935 0.023 0.0 8.0
-5.335494 29.178036 0.023 0.0 8.0
0.0 23.460663 0.024 8.0 7.0
0.0 27.370773 0.024 8.0 7.0
0.0 27.370773 0.025 0.0 8.0
2.667747 30.22946 0.025 0.0 8.0
0.0 27.370773 0.026 7.0 8.0
0.0 31.280884 0.026 7.0 8.0
0.0 31.280884 0.027 6.0 9.0
-2.667747 34.139572 0.027 6.0 9.0
-2.667747 34.139572 0.028 0.0 10.0
-2.667747 38.049683 0.028 0.0 10.0
-2.667747 34.139572 0.029 5.0 10.0
-5.335494 36.99826 0.029 5.0 10.0
-5.335494 36.99826 0.030 0.0 11.0
-9.23628 37.268127 0.030 0.0 11.0
-9.23628 37.268127 0.031 0.0 12.0
-11.904028 40.126816 0.031 0.0 12.0
-9.23628 37.268127 0.032 0.0 12.0
-13.137067 37.537994 0.032 0.0 12.0
-5.335494 36.99826 0.033 4.0 11.0
-8.003241 39.85695 0.033 4.0 11.0
-8.003241 39.85695 0.034 0.0 12.0
-8.003241 43.76706 0.034 0.0 12.0
-8.003241 39.85695 0.035 3.0 12.0
-10.670988 42.715637 0.035 3.0 12.0
-10.670988 42.715637 0.036 2.0 13.0
-10.670988 46.625748 0.036 2.0 13.0
-10.670988 46.625748 0.037 0.0 14.0
-8.003241 49.484436 0.037 0.0 14.0
-10.670988 46.625748 0.038 1.0 14.0
-10.670988 50.53586 0.038 1.0 14.0
-10.670988 50.53586 0.039 0.0 15.0
-13.338736 53.394547 0.039 0.0 15.0
-13.338736 53.394547 0.040 0.0 16.0
-13.338736 57.304657 0.040 0.0 16.0
-13.338736 53.394547 0.041 0.0 16.0
-16.006483 56.253235 0.041 0.0 16.0
-10.670988 50.53586 0.042 0.0 15.0
-10.670988 54.44597 0.042 0.0 15.0
-10.670988 54.44597 0.043 0.0 16.0
-8.003241 57.304657 0.043 0.0 16.0
-10.670988 54.44597 0.044 0.0 16.0
-10.670988 58.35608 0.044 0.0 16.0
-10.670988 42.715637 0.045 2.0 13.0
-13.338736 45.574326 0.045 2.0 13.0
-13.338736 45.574326 0.046 0.0 14.0
-13.338736 49.484436 0.046 0.0 14.0
-13.338736 45.574326 0.047 1.0 14.0
-16.006483 48.433014 0.047 1.0 14.0
-16.006483 48.433014 0.048 0.0 15.0
-19.907269 48.70288 0.048 0.0 15.0
-19.907269 48.70288 0.049 0.0 16.0
-22.575016 51.56157 0.049 0.0 16.0
-19.907269 48.70288 0.050 0.0 16.0
-23.808056 48.972748 0.050 0.0 16.0
-16.006483 48.433014 0.051 0.0 15.0
-18.67423 51.291702 0.051 0.0 15.0
-18.67423 51.291702 0.052 0.0 16.0
-18.67423 55.201813 0.052 0.0 16.0
-18.67423 51.291702 0.053 0.0 16.0
-21.341978 54.15039 0.053 0.0 16.0
0.0 31.280884 0.054 6.0 9.0
0.0 35.190994 0.054 6.0 9.0
0.0 35.190994 0.055 0.0 10.0
2.667747 38.049683 0.055 0.0 10.0
0.0 35.190994 0.056 5.0 10.0
0.0 39.101105 0.056 5.0 10.0
0.0 39.101105 0.057 0.0 11.0
-2.667747 41.959793 0.057 0.0 11.0
-2.667747 41.959793 0.058 0.0 12.0
-2.667747 45.869904 0.058 0.0 12.0
-2.667747 41.959793 0.059 0.0 12.0
-5.335494 44.81848 0.059 0.0 12.0
0.0 39.101105 0.060 4.0 11.0
0.0 43.011215 0.060 4.0 11.0
0.0 43.011215 0.061 0.0 12.0
2.667747 45.869904 0.061 0.0 12.0
0.0 43.011215 0.062 3.0 12.0
0.0 46.921326 0.062 3.0 12.0
0.0 46.921326 0.063 2.0 13.0
2.667747 49.780014 0.063 2.0 13.0
2.667747 49.780014 0.064 0.0 14.0
6.5685334 50.04988 0.064 0.0 14.0
2.667747 49.780014 0.065 1.0 14.0
5.335494 52.638702 0.065 1.0 14.0
5.335494 52.638702 0.066 0.0 15.0
5.335494 56.548813 0.066 0.0 15.0
5.335494 56.548813 0.067 0.0 16.0
8.003241 59.4075 0.067 0.0 16.0
5.335494 56.548813 0.068 0.0 16.0
5.335494 60.458923 0.068 0.0 16.0
5.335494 52.638702 0.069 0.0 15.0
8.003241 55.49739 0.069 0.0 15.0
8.003241 55.49739 0.070 0.0 16.0
11.904027 55.767258 0.070 0.0 16.0
8.003241 55.49739 0.071 0.0 16.0
10.670988 58.35608 0.071 0.0 16.0
0.0 46.921326 0.072 2.0 13.0
0.0 50.831436 0.072 2.0 13.0
0.0 50.831436 0.073 0.0 14.0
2.667747 53.690125 0.073 0.0 14.0
0.0 50.831436 0.074 1.0 14.0
0.0 54.741547 0.074 1.0 14.0
0.0 54.741547 0.075 0.0 15.0
-2.667747 57.600235 0.075 0.0 15.0
-2.667747 57.600235 0.076 0.0 16.0
-2.667747 61.510345 0.076 0.0 16.0
-2.667747 57.600235 0.077 0.0 16.0
-5.335494 60.458923 0.077 0.0 16.0
0.0 54.741547 0.078 0.0 15.0
0.0 58.651657 0.078 0.0 15.0
0.0 58.651657 0.079 0.0 16.0
2.667747 61.510345 0.079 0.0 16.0
0.0 58.651657 0.080 0.0 16.0
0.0 62.561768 0.080 0.0 16.0
