0.0 0.0 0.00 29.0 1.0
0.0 3.9883773 0.00 29.0 1.0
0.0 3.9883773 0.01 0.0 2.0
-2.7088687 6.915694 0.01 0.0 2.0
0.0 3.9883773 0.02 28.0 2.0
0.0 7.9767547 0.02 28.0 2.0
0.0 7.9767547 0.03 0.0 3.0
2.7088687 10.904072 0.03 0.0 3.0
0.0 7.9767547 0.04 0.0 3.0
0.0 11.965132 0.04 0.0 3.0
0.0 7.9767547 0.05 1.0 3.0
2.7088687 10.904072 0.05 1.0 3.0
2.7088687 10.904072 0.06 0.0 4.0
2.7088687 14.892449 0.06 0.0 4.0
2.7088687 10.904072 0.07 0.0 4.0
5.4177375 13.831388 0.07 0.0 4.0
5.4177375 13.831388 0.08 0.0 5.0
9.39415 14.140089 0.08 0.0 5.0
5.4177375 13.831388 0.09 0.0 5.0
8.126606 16.758705 0.09 0.0 5.0
0.0 7.9767547 0.010 27.0 3.0
0.0 11.965132 0.010 27.0 3.0
0.0 11.965132 0.011 0.0 4.0
-2.7088687 14.892448 0.011 0.0 4.0
0.0 11.965132 0.012 26.0 4.0
0.0 15.953509 0.012 26.0 4.0
0.0 15.953509 0.013 0.0 5.0
2.7088687 18.880827 0.013 0.0 5.0
0.0 15.953509 0.014 0.0 5.0
0.0 19.941887 0.014 0.0 5.0
0.0 15.953509 0.015 1.0 5.0
-2.7088687 18.880827 0.015 1.0 5.0
-2.7088687 18.880827 0.016 0.0 6.0
-6.6852813 19.189528 0.016 0.0 6.0
-2.7088687 18.880827 0.017 0.0 6.0
-5.4177375 21.808144 0.017 0.0 6.0
-5.4177375 21.808144 0.018 0.0 7.0
-5.4177375 25.79652 0.018 0.0 7.0
-5.4177375 21.808144 0.019 0.0 7.0
-8.126606 24.73546 0.019 0.0 7.0
0.0 15.953509 0.020 1.0 5.0
0.0 19.941887 0.020 1.0 5.0
0.0 19.941887 0.021 0.0 6.0
-2.7088687 22.869204 0.021 0.0 6.0
0.0 19.941887 0.022 0.0 6.0
0.0 23.930264 0.022 0.0 6.0
0.0 23.930264 0.023 0.0 7.0
2.7088687 26.85758 0.023 0.0 7.0
0.0 23.930264 0.024 0.0 7.0
0.0 27.91864 0.024 0.0 7.0
0.0 15.953509 0.025 5.0 5.0
-2.7088687 18.880827 0.025 5.0 5.0
-2.7088687 18.880827 0.026 0.0 6.0
-6.6852813 19.189528 0.026 0.0 6.0
-2.7088687 18.880827 0.027 4.0 6.0
-5.4177375 21.808144 0.027 4.0 6.0
-5.4177375 21.808144 0.028 0.0 7.0
-5.4177375 25.79652 0.028 0.0 7.0
-5.4177375 21.808144 0.029 0.0 7.0
-8.126606 24.73546 0.029 0.0 7.0
-5.4177375 21.808144 0.030 1.0 7.0
-5.4177375 25.79652 0.030 1.0 7.0
-5.4177375 25.79652 0.031 0.0 8.0
-8.126606 28.723837 0.031 0.0 8.0
-5.4177375 25.79652 0.032 0.0 8.0
-5.4177375 29.784897 0.032 0.0 8.0
-5.4177375 29.784897 0.033 0.0 9.0
-2.7088687 32.712215 0.033 0.0 9.0
-5.4177375 29.784897 0.034 0.0 9.0
-5.4177375 33.773273 0.034 0.0 9.0
-5.4177375 21.808144 0.035 3.0 7.0
-8.126606 24.73546 0.035 3.0 7.0
-8.126606 24.73546 0.036 0.0 8.0
-12.103019 25.04416 0.036 0.0 8.0
-8.126606 24.73546 0.037 2.0 8.0
-10.835475 27.662777 0.037 2.0 8.0
-10.835475 27.662777 0.038 0.0 9.0
-10.835475 31.651154 0.038 0.0 9.0
-10.835475 27.662777 0.039 0.0 9.0
-13.544344 30.590094 0.039 0.0 9.0
-10.835475 27.662777 0.040 1.0 9.0
-14.811888 27.971478 0.040 1.0 9.0
-14.811888 27.971478 0.041 0.0 10.0
-17.94009 25.497309 0.041 0.0 10.0
-14.811888 27.971478 0.042 0.0 10.0
-18.7883 28.280178 0.042 0.0 10.0
-18.7883 28.280178 0.043 0.0 11.0
-21.497168 31.207495 0.043 0.0 11.0
-18.7883 28.280178 0.044 0.0 11.0
-22.764711 28.588879 0.044 0.0 11.0
-10.835475 27.662777 0.045 1.0 9.0
-13.544344 30.590094 0.045 1.0 9.0
-13.544344 30.590094 0.046 0.0 10.0
-17.520756 30.898794 0.046 0.0 10.0
-13.544344 30.590094 0.047 0.0 10.0
-16.253212 33.51741 0.047 0.0 10.0
-16.253212 33.51741 0.048 0.0 11.0
-16.253212 37.505787 0.048 0.0 11.0
-16.253212 33.51741 0.049 0.0 11.0
-18.96208 36.44473 0.049 0.0 11.0
0.0 15.953509 0.050 25.0 5.0
0.0 19.941887 0.050 25.0 5.0
0.0 19.941887 0.051 0.0 6.0
-2.7088687 22.869204 0.051 0.0 6.0
0.0 19.941887 0.052 24.0 6.0
0.0 23.930264 0.052 24.0 6.0
0.0 23.930264 0.053 0.0 7.0
2.7088687 26.85758 0.053 0.0 7.0
0.0 23.930264 0.054 0.0 7.0
0.0 27.91864 0.054 0.0 7.0
0.0 23.930264 0.055 1.0 7.0
2.7088687 26.85758 0.055 1.0 7.0
2.7088687 26.85758 0.056 0.0 8.0
2.7088687 30.845957 0.056 0.0 8.0
2.7088687 26.85758 0.057 0.0 8.0
5.4177375 29.784897 0.057 0.0 8.0
5.4177375 29.784897 0.058 0.0 9.0
9.39415 30.093597 0.058 0.0 9.0
5.4177375 29.784897 0.059 0.0 9.0
8.126606 32.712215 0.059 0.0 9.0
0.0 23.930264 0.060 23.0 7.0
0.0 27.91864 0.060 23.0 7.0
0.0 27.91864 0.061 0.0 8.0
-2.7088687 30.845957 0.061 0.0 8.0
0.0 27.91864 0.062 22.0 8.0
0.0 31.907017 0.062 22.0 8.0
0.0 31.907017 0.063 0.0 9.0
2.7088687 34.834335 0.063 0.0 9.0
0.0 31.907017 0.064 0.0 9.0
0.0 35.895393 0.064 0.0 9.0
0.0 31.907017 0.065 1.0 9.0
-2.7088687 34.834335 0.065 1.0 9.0
-2.7088687 34.834335 0.066 0.0 10.0
-6.6852813 35.143036 0.066 0.0 10.0
-2.7088687 34.834335 0.067 0.0 10.0
-5.4177375 37.761654 0.067 0.0 10.0
-5.4177375 37.761654 0.068 0.0 11.0
-5.4177375 41.75003 0.068 0.0 11.0
-5.4177375 37.761654 0.069 0.0 11.0
-8.126606 40.688972 0.069 0.0 11.0
0.0 31.907017 0.070 1.0 9.0
0.0 35.895393 0.070 1.0 9.0
0.0 35.895393 0.071 0.0 10.0
-2.7088687 38.822712 0.071 0.0 10.0
0.0 35.895393 0.072 0.0 10.0
0.0 39.88377 0.072 0.0 10.0
0.0 39.88377 0.073 0.0 11.0
2.7088687 42.81109 0.073 0.0 11.0
0.0 39.88377 0.074 0.0 11.0
0.0 43.872147 0.074 0.0 11.0
0.0 31.907017 0.075 5.0 9.0
2.7088687 34.834335 0.075 5.0 9.0
2.7088687 34.834335 0.076 0.0 10.0
2.7088687 38.822712 0.076 0.0 10.0
2.7088687 34.834335 0.077 4.0 10.0
5.4177375 37.761654 0.077 4.0 10.0
5.4177375 37.761654 0.078 0.0 11.0
9.39415 38.070354 0.078 0.0 11.0
5.4177375 37.761654 0.079 0.0 11.0
8.126606 40.688972 0.079 0.0 11.0
5.4177375 37.761654 0.080 1.0 11.0
9.39415 38.070354 0.080 1.0 11.0
9.39415 38.070354 0.081 0.0 12.0
12.103019 40.997673 0.081 0.0 12.0
9.39415 38.070354 0.082 0.0 12.0
13.370563 38.379055 0.082 0.0 12.0
13.370563 38.379055 0.083 0.0 13.0
16.498764 35.90489 0.083 0.0 13.0
13.370563 38.379055 0.084 0.0 13.0
17.346975 38.687756 0.084 0.0 13.0
5.4177375 37.761654 0.085 3.0 11.0
8.126606 40.688972 0.085 3.0 11.0
8.126606 40.688972 0.086 0.0 12.0
8.126606 44.67735 0.086 0.0 12.0
8.126606 40.688972 0.087 2.0 12.0
10.835475 43.61629 0.087 2.0 12.0
10.835475 43.61629 0.088 0.0 13.0
14.811888 43.92499 0.088 0.0 13.0
10.835475 43.61629 0.089 0.0 13.0
13.544344 46.54361 0.089 0.0 13.0
10.835475 43.61629 0.090 1.0 13.0
10.835475 47.604668 0.090 1.0 13.0
10.835475 47.604668 0.091 0.0 14.0
8.126606 50.531986 0.091 0.0 14.0
10.835475 47.604668 0.092 0.0 14.0
10.835475 51.593044 0.092 0.0 14.0
10.835475 51.593044 0.093 0.0 15.0
13.544344 54.520363 0.093 0.0 15.0
10.835475 51.593044 0.094 0.0 15.0
10.835475 55.58142 0.094 0.0 15.0
10.835475 43.61629 0.095 1.0 13.0
13.544344 46.54361 0.095 1.0 13.0
13.544344 46.54361 0.096 0.0 14.0
13.544344 50.531986 0.096 0.0 14.0
13.544344 46.54361 0.097 0.0 14.0
16.253212 49.47093 0.097 0.0 14.0
16.253212 49.47093 0.098 0.0 15.0
20.229624 49.77963 0.098 0.0 15.0
16.253212 49.47093 0.099 0.0 15.0
18.96208 52.398247 0.099 0.0 15.0
0.0 31.907017 0.0100 5.0 9.0
0.0 35.895393 0.0100 5.0 9.0
0.0 35.895393 0.0101 0.0 10.0
-2.7088687 38.822712 0.0101 0.0 10.0
0.0 35.895393 0.0102 4.0 10.0
0.0 39.88377 0.0102 4.0 10.0
0.0 39.88377 0.0103 0.0 11.0
2.7088687 42.81109 0.0103 0.0 11.0
0.0 39.88377 0.0104 0.0 11.0
0.0 43.872147 0.0104 0.0 11.0
0.0 39.88377 0.0105 1.0 11.0
2.7088687 42.81109 0.0105 1.0 11.0
2.7088687 42.81109 0.0106 0.0 12.0
2.7088687 46.799465 0.0106 0.0 12.0
2.7088687 42.81109 0.0107 0.0 12.0
5.4177375 45.738407 0.0107 0.0 12.0
5.4177375 45.738407 0.0108 0.0 13.0
9.39415 46.047108 0.0108 0.0 13.0
5.4177375 45.738407 0.0109 0.0 13.0
8.126606 48.665726 0.0109 0.0 13.0
0.0 39.88377 0.0110 3.0 11.0
0.0 43.872147 0.0110 3.0 11.0
0.0 43.872147 0.0111 0.0 12.0
-2.7088687 46.799465 0.0111 0.0 12.0
0.0 43.872147 0.0112 2.0 12.0
0.0 47.860523 0.0112 2.0 12.0
0.0 47.860523 0.0113 0.0 13.0
2.7088687 50.78784 0.0113 0.0 13.0
0.0 47.860523 0.0114 0.0 13.0
0.0 51.8489 0.0114 0.0 13.0
0.0 47.860523 0.0115 1.0 13.0
-2.7088687 50.78784 0.0115 1.0 13.0
-2.7088687 50.78784 0.0116 0.0 14.0
-6.6852813 51.096542 0.0116 0.0 14.0
-2.7088687 50.78784 0.0117 0.0 14.0
-5.4177375 53.71516 0.0117 0.0 14.0
-5.4177375 53.71516 0.0118 0.0 15.0
-5.4177375 57.703537 0.0118 0.0 15.0
-5.4177375 53.71516 0.0119 0.0 15.0
-8.126606 56.64248 0.0119 0.0 15.0
0.0 47.860523 0.0120 1.0 13.0
0.0 51.8489 0.0120 1.0 13.0
0.0 51.8489 0.0121 0.0 14.0
-2.7088687 54.77622 0.0121 0.0 14.0
0.0 51.8489 0.0122 0.0 14.0
0.0 55.837276 0.0122 0.0 14.0
0.0 55.837276 0.0123 0.0 15.0
2.7088687 58.764595 0.0123 0.0 15.0
0.0 55.837276 0.0124 0.0 15.0
0.0 59.825653 0.0124 0.0 15.0
0.0 31.907017 0.0125 13.0 9.0
2.7088687 34.834335 0.0125 13.0 9.0
2.7088687 34.834335 0.0126 0.0 10.0
2.7088687 38.822712 0.0126 0.0 10.0
2.7088687 34.834335 0.0127 12.0 10.0
5.4177375 37.761654 0.0127 12.0 10.0
5.4177375 37.761654 0.0128 0.0 11.0
9.39415 38.070354 0.0128 0.0 11.0
5.4177375 37.761654 0.0129 0.0 11.0
8.126606 40.688972 0.0129 0.0 11.0
5.4177375 37.761654 0.0130 1.0 11.0
9.39415 38.070354 0.0130 1.0 11.0
9.39415 38.070354 0.0131 0.0 12.0
12.103019 40.997673 0.0131 0.0 12.0
9.39415 38.070354 0.0132 0.0 12.0
13.370563 38.379055 0.0132 0.0 12.0
13.370563 38.379055 0.0133 0.0 13.0
16.498764 35.90489 0.0133 0.0 13.0
13.370563 38.379055 0.0134 0.0 13.0
17.346975 38.687756 0.0134 0.0 13.0
5.4177375 37.761654 0.0135 11.0 11.0
8.126606 40.688972 0.0135 11.0 11.0
8.126606 40.688972 0.0136 0.0 12.0
8.126606 44.67735 0.0136 0.0 12.0
8.126606 40.688972 0.0137 10.0 12.0
10.835475 43.61629 0.0137 10.0 12.0
10.835475 43.61629 0.0138 0.0 13.0
14.811888 43.92499 0.0138 0.0 13.0
10.835475 43.61629 0.0139 0.0 13.0
13.544344 46.54361 0.0139 0.0 13.0
10.835475 43.61629 0.0140 1.0 13.0
10.835475 47.604668 0.0140 1.0 13.0
10.835475 47.604668 0.0141 0.0 14.0
8.126606 50.531986 0.0141 0.0 14.0
10.835475 47.604668 0.0142 0.0 14.0
10.835475 51.593044 0.0142 0.0 14.0
10.835475 51.593044 0.0143 0.0 15.0
13.544344 54.520363 0.0143 0.0 15.0
10.835475 51.593044 0.0144 0.0 15.0
10.835475 55.58142 0.0144 0.0 15.0
10.835475 43.61629 0.0145 1.0 13.0
13.544344 46.54361 0.0145 1.0 13.0
13.544344 46.54361 0.0146 0.0 14.0
13.544344 50.531986 0.0146 0.0 14.0
13.544344 46.54361 0.0147 0.0 14.0
16.253212 49.47093 0.0147 0.0 14.0
16.253212 49.47093 0.0148 0.0 15.0
20.229624 49.77963 0.0148 0.0 15.0
16.253212 49.47093 0.0149 0.0 15.0
18.96208 52.398247 0.0149 0.0 15.0
10.835475 43.61629 0.0150 5.0 13.0
10.835475 47.604668 0.0150 5.0 13.0
10.835475 47.604668 0.0151 0.0 14.0
8.126606 50.531986 0.0151 0.0 14.0
10.835475 47.604668 0.0152 4.0 14.0
10.835475 51.593044 0.0152 4.0 14.0
10.835475 51.593044 0.0153 0.0 15.0
13.544344 54.520363 0.0153 0.0 15.0
10.835475 51.593044 0.0154 0.0 15.0
10.835475 55.58142 0.0154 0.0 15.0
10.835475 51.593044 0.0155 1.0 15.0
13.544344 54.520363 0.0155 1.0 15.0
13.544344 54.520363 0.0156 0.0 16.0
13.544344 58.50874 0.0156 0.0 16.0
13.544344 54.520363 0.0157 0.0 16.0
16.253212 57.44768 0.0157 0.0 16.0
16.253212 57.44768 0.0158 0.0 17.0
20.229624 57.756382 0.0158 0.0 17.0
16.253212 57.44768 0.0159 0.0 17.0
18.96208 60.375 0.0159 0.0 17.0
10.835475 51.593044 0.0160 3.0 15.0
10.835475 55.58142 0.0160 3.0 15.0
10.835475 55.58142 0.0161 0.0 16.0
8.126606 58.50874 0.0161 0.0 16.0
10.835475 55.58142 0.0162 2.0 16.0
10.835475 59.569798 0.0162 2.0 16.0
10.835475 59.569798 0.0163 0.0 17.0
13.544344 62.497116 0.0163 0.0 17.0
10.835475 59.569798 0.0164 0.0 17.0
10.835475 63.558174 0.0164 0.0 17.0
10.835475 59.569798 0.0165 1.0 17.0
8.126606 62.497116 0.0165 1.0 17.0
8.126606 62.497116 0.0166 0.0 18.0
4.150193 62.805817 0.0166 0.0 18.0
8.126606 62.497116 0.0167 0.0 18.0
5.417737 65.42443 0.0167 0.0 18.0
5.417737 65.42443 0.0168 0.0 19.0
5.417737 69.41281 0.0168 0.0 19.0
5.417737 65.42443 0.0169 0.0 19.0
2.7088683 68.351746 0.0169 0.0 19.0
10.835475 59.569798 0.0170 1.0 17.0
10.835475 63.558174 0.0170 1.0 17.0
10.835475 63.558174 0.0171 0.0 18.0
8.126606 66.48549 0.0171 0.0 18.0
10.835475 63.558174 0.0172 0.0 18.0
10.835475 67.546555 0.0172 0.0 18.0
10.835475 67.546555 0.0173 0.0 19.0
13.544344 70.47387 0.0173 0.0 19.0
10.835475 67.546555 0.0174 0.0 19.0
10.835475 71.534935 0.0174 0.0 19.0
10.835475 43.61629 0.0175 9.0 13.0
13.544344 46.54361 0.0175 9.0 13.0
13.544344 46.54361 0.0176 0.0 14.0
13.544344 50.531986 0.0176 0.0 14.0
13.544344 46.54361 0.0177 8.0 14.0
16.253212 49.47093 0.0177 8.0 14.0
16.253212 49.47093 0.0178 0.0 15.0
20.229624 49.77963 0.0178 0.0 15.0
16.253212 49.47093 0.0179 0.0 15.0
18.96208 52.398247 0.0179 0.0 15.0
16.253212 49.47093 0.0180 1.0 15.0
20.229624 49.77963 0.0180 1.0 15.0
20.229624 49.77963 0.0181 0.0 16.0
22.938492 52.706947 0.0181 0.0 16.0
20.229624 49.77963 0.0182 0.0 16.0
24.206036 50.08833 0.0182 0.0 16.0
24.206036 50.08833 0.0183 0.0 17.0
27.334236 47.614162 0.0183 0.0 17.0
24.206036 50.08833 0.0184 0.0 17.0
28.182447 50.39703 0.0184 0.0 17.0
16.253212 49.47093 0.0185 7.0 15.0
18.96208 52.398247 0.0185 7.0 15.0
18.96208 52.398247 0.0186 0.0 16.0
18.96208 56.386623 0.0186 0.0 16.0
18.96208 52.398247 0.0187 6.0 16.0
21.670948 55.325565 0.0187 6.0 16.0
21.670948 55.325565 0.0188 0.0 17.0
25.64736 55.634266 0.0188 0.0 17.0
21.670948 55.325565 0.0189 0.0 17.0
24.379816 58.252884 0.0189 0.0 17.0
21.670948 55.325565 0.0190 1.0 17.0
21.670948 59.313942 0.0190 1.0 17.0
21.670948 59.313942 0.0191 0.0 18.0
18.96208 62.24126 0.0191 0.0 18.0
21.670948 59.313942 0.0192 0.0 18.0
21.670948 63.30232 0.0192 0.0 18.0
21.670948 63.30232 0.0193 0.0 19.0
24.379816 66.22964 0.0193 0.0 19.0
21.670948 63.30232 0.0194 0.0 19.0
21.670948 67.290695 0.0194 0.0 19.0
21.670948 55.325565 0.0195 1.0 17.0
24.379816 58.252884 0.0195 1.0 17.0
24.379816 58.252884 0.0196 0.0 18.0
24.379816 62.24126 0.0196 0.0 18.0
24.379816 58.252884 0.0197 0.0 18.0
27.088684 61.180202 0.0197 0.0 18.0
27.088684 61.180202 0.0198 0.0 19.0
31.065096 61.488903 0.0198 0.0 19.0
27.088684 61.180202 0.0199 0.0 19.0
29.797552 64.10752 0.0199 0.0 19.0
21.670948 55.325565 0.0200 5.0 17.0
25.64736 55.634266 0.0200 5.0 17.0
25.64736 55.634266 0.0201 0.0 18.0
28.356228 58.561584 0.0201 0.0 18.0
25.64736 55.634266 0.0202 4.0 18.0
29.623772 55.942966 0.0202 4.0 18.0
29.623772 55.942966 0.0203 0.0 19.0
32.751972 53.4688 0.0203 0.0 19.0
29.623772 55.942966 0.0204 0.0 19.0
33.600185 56.251667 0.0204 0.0 19.0
29.623772 55.942966 0.0205 1.0 19.0
32.751972 53.4688 0.0205 1.0 19.0
32.751972 53.4688 0.0206 0.0 20.0
36.728386 53.7775 0.0206 0.0 20.0
32.751972 53.4688 0.0207 0.0 20.0
35.880173 50.994633 0.0207 0.0 20.0
35.880173 50.994633 0.0208 0.0 21.0
36.49572 47.054043 0.0208 0.0 21.0
35.880173 50.994633 0.0209 0.0 21.0
39.008373 48.520466 0.0209 0.0 21.0
29.623772 55.942966 0.0210 3.0 19.0
33.600185 56.251667 0.0210 3.0 19.0
33.600185 56.251667 0.0211 0.0 20.0
36.309055 59.178986 0.0211 0.0 20.0
33.600185 56.251667 0.0212 2.0 20.0
37.5766 56.560368 0.0212 2.0 20.0
37.5766 56.560368 0.0213 0.0 21.0
40.7048 54.0862 0.0213 0.0 21.0
37.5766 56.560368 0.0214 0.0 21.0
41.553013 56.86907 0.0214 0.0 21.0
37.5766 56.560368 0.0215 1.0 21.0
40.28547 59.487686 0.0215 1.0 21.0
40.28547 59.487686 0.0216 0.0 22.0
40.28547 63.476063 0.0216 0.0 22.0
40.28547 59.487686 0.0217 0.0 22.0
42.99434 62.415005 0.0217 0.0 22.0
42.99434 62.415005 0.0218 0.0 23.0
46.970753 62.723705 0.0218 0.0 23.0
42.99434 62.415005 0.0219 0.0 23.0
45.70321 65.34232 0.0219 0.0 23.0
37.5766 56.560368 0.0220 1.0 21.0
41.553013 56.86907 0.0220 1.0 21.0
41.553013 56.86907 0.0221 0.0 22.0
44.261883 59.796387 0.0221 0.0 22.0
41.553013 56.86907 0.0222 0.0 22.0
45.529427 57.17777 0.0222 0.0 22.0
45.529427 57.17777 0.0223 0.0 23.0
48.657627 54.7036 0.0223 0.0 23.0
45.529427 57.17777 0.0224 0.0 23.0
49.50584 57.48647 0.0224 0.0 23.0
21.670948 55.325565 0.0225 5.0 17.0
24.379816 58.252884 0.0225 5.0 17.0
24.379816 58.252884 0.0226 0.0 18.0
24.379816 62.24126 0.0226 0.0 18.0
24.379816 58.252884 0.0227 4.0 18.0
27.088684 61.180202 0.0227 4.0 18.0
27.088684 61.180202 0.0228 0.0 19.0
31.065096 61.488903 0.0228 0.0 19.0
27.088684 61.180202 0.0229 0.0 19.0
29.797552 64.10752 0.0229 0.0 19.0
27.088684 61.180202 0.0230 1.0 19.0
31.065096 61.488903 0.0230 1.0 19.0
31.065096 61.488903 0.0231 0.0 20.0
33.773964 64.41622 0.0231 0.0 20.0
31.065096 61.488903 0.0232 0.0 20.0
35.041508 61.797604 0.0232 0.0 20.0
35.041508 61.797604 0.0233 0.0 21.0
38.16971 59.323437 0.0233 0.0 21.0
35.041508 61.797604 0.0234 0.0 21.0
39.01792 62.106304 0.0234 0.0 21.0
27.088684 61.180202 0.0235 3.0 19.0
29.797552 64.10752 0.0235 3.0 19.0
29.797552 64.10752 0.0236 0.0 20.0
29.797552 68.0959 0.0236 0.0 20.0
29.797552 64.10752 0.0237 2.0 20.0
32.50642 67.034836 0.0237 2.0 20.0
32.50642 67.034836 0.0238 0.0 21.0
36.482834 67.34354 0.0238 0.0 21.0
32.50642 67.034836 0.0239 0.0 21.0
35.21529 69.96215 0.0239 0.0 21.0
32.50642 67.034836 0.0240 1.0 21.0
32.50642 71.02322 0.0240 1.0 21.0
32.50642 71.02322 0.0241 0.0 22.0
29.797552 73.95053 0.0241 0.0 22.0
32.50642 71.02322 0.0242 0.0 22.0
32.50642 75.0116 0.0242 0.0 22.0
32.50642 75.0116 0.0243 0.0 23.0
35.21529 77.93891 0.0243 0.0 23.0
32.50642 75.0116 0.0244 0.0 23.0
32.50642 78.99998 0.0244 0.0 23.0
32.50642 67.034836 0.0245 1.0 21.0
35.21529 69.96215 0.0245 1.0 21.0
35.21529 69.96215 0.0246 0.0 22.0
35.21529 73.95053 0.0246 0.0 22.0
35.21529 69.96215 0.0247 0.0 22.0
37.92416 72.889465 0.0247 0.0 22.0
37.92416 72.889465 0.0248 0.0 23.0
41.900574 73.198166 0.0248 0.0 23.0
37.92416 72.889465 0.0249 0.0 23.0
40.63303 75.81678 0.0249 0.0 23.0
0.0 31.907017 0.0250 21.0 9.0
0.0 35.895393 0.0250 21.0 9.0
0.0 35.895393 0.0251 0.0 10.0
-2.7088687 38.822712 0.0251 0.0 10.0
0.0 35.895393 0.0252 20.0 10.0
0.0 39.88377 0.0252 20.0 10.0
0.0 39.88377 0.0253 0.0 11.0
2.7088687 42.81109 0.0253 0.0 11.0
0.0 39.88377 0.0254 0.0 11.0
0.0 43.872147 0.0254 0.0 11.0
0.0 39.88377 0.0255 1.0 11.0
2.7088687 42.81109 0.0255 1.0 11.0
2.7088687 42.81109 0.0256 0.0 12.0
2.7088687 46.799465 0.0256 0.0 12.0
2.7088687 42.81109 0.0257 0.0 12.0
5.4177375 45.738407 0.0257 0.0 12.0
5.4177375 45.738407 0.0258 0.0 13.0
9.39415 46.047108 0.0258 0.0 13.0
5.4177375 45.738407 0.0259 0.0 13.0
8.126606 48.665726 0.0259 0.0 13.0
0.0 39.88377 0.0260 19.0 11.0
0.0 43.872147 0.0260 19.0 11.0
0.0 43.872147 0.0261 0.0 12.0
-2.7088687 46.799465 0.0261 0.0 12.0
0.0 43.872147 0.0262 18.0 12.0
0.0 47.860523 0.0262 18.0 12.0
0.0 47.860523 0.0263 0.0 13.0
2.7088687 50.78784 0.0263 0.0 13.0
0.0 47.860523 0.0264 0.0 13.0
0.0 51.8489 0.0264 0.0 13.0
0.0 47.860523 0.0265 1.0 13.0
-2.7088687 50.78784 0.0265 1.0 13.0
-2.7088687 50.78784 0.0266 0.0 14.0
-6.6852813 51.096542 0.0266 0.0 14.0
-2.7088687 50.78784 0.0267 0.0 14.0
-5.4177375 53.71516 0.0267 0.0 14.0
-5.4177375 53.71516 0.0268 0.0 15.0
-5.4177375 57.703537 0.0268 0.0 15.0
-5.4177375 53.71516 0.0269 0.0 15.0
-8.126606 56.64248 0.0269 0.0 15.0
0.0 47.860523 0.0270 1.0 13.0
0.0 51.8489 0.0270 1.0 13.0
0.0 51.8489 0.0271 0.0 14.0
-2.7088687 54.77622 0.0271 0.0 14.0
0.0 51.8489 0.0272 0.0 14.0
0.0 55.837276 0.0272 0.0 14.0
0.0 55.837276 0.0273 0.0 15.0
2.7088687 58.764595 0.0273 0.0 15.0
0.0 55.837276 0.0274 0.0 15.0
0.0 59.825653 0.0274 0.0 15.0
0.0 47.860523 0.0275 5.0 13.0
-2.7088687 50.78784 0.0275 5.0 13.0
-2.7088687 50.78784 0.0276 0.0 14.0
-6.6852813 51.096542 0.0276 0.0 14.0
-2.7088687 50.78784 0.0277 4.0 14.0
-5.4177375 53.71516 0.0277 4.0 14.0
-5.4177375 53.71516 0.0278 0.0 15.0
-5.4177375 57.703537 0.0278 0.0 15.0
-5.4177375 53.71516 0.0279 0.0 15.0
-8.126606 56.64248 0.0279 0.0 15.0
-5.4177375 53.71516 0.0280 1.0 15.0
-5.4177375 57.703537 0.0280 1.0 15.0
-5.4177375 57.703537 0.0281 0.0 16.0
-8.126606 60.630856 0.0281 0.0 16.0
-5.4177375 57.703537 0.0282 0.0 16.0
-5.4177375 61.691914 0.0282 0.0 16.0
-5.4177375 61.691914 0.0283 0.0 17.0
-2.7088687 64.61923 0.0283 0.0 17.0
-5.4177375 61.691914 0.0284 0.0 17.0
-5.4177375 65.68029 0.0284 0.0 17.0
-5.4177375 53.71516 0.0285 3.0 15.0
-8.126606 56.64248 0.0285 3.0 15.0
-8.126606 56.64248 0.0286 0.0 16.0
-12.103019 56.95118 0.0286 0.0 16.0
-8.126606 56.64248 0.0287 2.0 16.0
-10.835475 59.569798 0.0287 2.0 16.0
-10.835475 59.569798 0.0288 0.0 17.0
-10.835475 63.558174 0.0288 0.0 17.0
-10.835475 59.569798 0.0289 0.0 17.0
-13.544344 62.497116 0.0289 0.0 17.0
-10.835475 59.569798 0.0290 1.0 17.0
-14.811888 59.878498 0.0290 1.0 17.0
-14.811888 59.878498 0.0291 0.0 18.0
-17.94009 57.40433 0.0291 0.0 18.0
-14.811888 59.878498 0.0292 0.0 18.0
-18.7883 60.1872 0.0292 0.0 18.0
-18.7883 60.1872 0.0293 0.0 19.0
-21.497168 63.114517 0.0293 0.0 19.0
-18.7883 60.1872 0.0294 0.0 19.0
-22.764711 60.4959 0.0294 0.0 19.0
-10.835475 59.569798 0.0295 1.0 17.0
-13.544344 62.497116 0.0295 1.0 17.0
-13.544344 62.497116 0.0296 0.0 18.0
-17.520756 62.805817 0.0296 0.0 18.0
-13.544344 62.497116 0.0297 0.0 18.0
-16.253212 65.42443 0.0297 0.0 18.0
-16.253212 65.42443 0.0298 0.0 19.0
-16.253212 69.41281 0.0298 0.0 19.0
-16.253212 65.42443 0.0299 0.0 19.0
-18.96208 68.351746 0.0299 0.0 19.0
0.0 47.860523 0.0300 17.0 13.0
0.0 51.8489 0.0300 17.0 13.0
0.0 51.8489 0.0301 0.0 14.0
-2.7088687 54.77622 0.0301 0.0 14.0
0.0 51.8489 0.0302 16.0 14.0
0.0 55.837276 0.0302 16.0 14.0
0.0 55.837276 0.0303 0.0 15.0
2.7088687 58.764595 0.0303 0.0 15.0
0.0 55.837276 0.0304 0.0 15.0
0.0 59.825653 0.0304 0.0 15.0
0.0 55.837276 0.0305 1.0 15.0
2.7088687 58.764595 0.0305 1.0 15.0
2.7088687 58.764595 0.0306 0.0 16.0
2.7088687 62.75297 0.0306 0.0 16.0
2.7088687 58.764595 0.0307 0.0 16.0
5.4177375 61.691914 0.0307 0.0 16.0
5.4177375 61.691914 0.0308 0.0 17.0
9.39415 62.000614 0.0308 0.0 17.0
5.4177375 61.691914 0.0309 0.0 17.0
8.126606 64.61923 0.0309 0.0 17.0
0.0 55.837276 0.0310 15.0 15.0
0.0 59.825653 0.0310 15.0 15.0
0.0 59.825653 0.0311 0.0 16.0
-2.7088687 62.75297 0.0311 0.0 16.0
0.0 59.825653 0.0312 14.0 16.0
0.0 63.81403 0.0312 14.0 16.0
0.0 63.81403 0.0313 0.0 17.0
2.7088687 66.74135 0.0313 0.0 17.0
0.0 63.81403 0.0314 0.0 17.0
0.0 67.80241 0.0314 0.0 17.0
0.0 63.81403 0.0315 1.0 17.0
-2.7088687 66.74135 0.0315 1.0 17.0
-2.7088687 66.74135 0.0316 0.0 18.0
-6.6852813 67.05005 0.0316 0.0 18.0
-2.7088687 66.74135 0.0317 0.0 18.0
-5.4177375 69.66866 0.0317 0.0 18.0
-5.4177375 69.66866 0.0318 0.0 19.0
-5.4177375 73.65704 0.0318 0.0 19.0
-5.4177375 69.66866 0.0319 0.0 19.0
-8.126606 72.59598 0.0319 0.0 19.0
0.0 63.81403 0.0320 1.0 17.0
0.0 67.80241 0.0320 1.0 17.0
0.0 67.80241 0.0321 0.0 18.0
-2.7088687 70.72972 0.0321 0.0 18.0
0.0 67.80241 0.0322 0.0 18.0
0.0 71.79079 0.0322 0.0 18.0
0.0 71.79079 0.0323 0.0 19.0
2.7088687 74.7181 0.0323 0.0 19.0
0.0 71.79079 0.0324 0.0 19.0
0.0 75.77917 0.0324 0.0 19.0
0.0 63.81403 0.0325 5.0 17.0
2.7088687 66.74135 0.0325 5.0 17.0
2.7088687 66.74135 0.0326 0.0 18.0
2.7088687 70.72973 0.0326 0.0 18.0
2.7088687 66.74135 0.0327 4.0 18.0
5.4177375 69.66866 0.0327 4.0 18.0
5.4177375 69.66866 0.0328 0.0 19.0
9.39415 69.97736 0.0328 0.0 19.0
5.4177375 69.66866 0.0329 0.0 19.0
8.126606 72.59598 0.0329 0.0 19.0
5.4177375 69.66866 0.0330 1.0 19.0
9.39415 69.97736 0.0330 1.0 19.0
9.39415 69.97736 0.0331 0.0 20.0
12.103019 72.90468 0.0331 0.0 20.0
9.39415 69.97736 0.0332 0.0 20.0
13.370563 70.286064 0.0332 0.0 20.0
13.370563 70.286064 0.0333 0.0 21.0
16.498764 67.8119 0.0333 0.0 21.0
13.370563 70.286064 0.0334 0.0 21.0
17.346975 70.594765 0.0334 0.0 21.0
5.4177375 69.66866 0.0335 3.0 19.0
8.126606 72.59598 0.0335 3.0 19.0
8.126606 72.59598 0.0336 0.0 20.0
8.126606 76.58436 0.0336 0.0 20.0
8.126606 72.59598 0.0337 2.0 20.0
10.835475 75.52329 0.0337 2.0 20.0
10.835475 75.52329 0.0338 0.0 21.0
14.811888 75.83199 0.0338 0.0 21.0
10.835475 75.52329 0.0339 0.0 21.0
13.544344 78.45061 0.0339 0.0 21.0
10.835475 75.52329 0.0340 1.0 21.0
10.835475 79.51167 0.0340 1.0 21.0
10.835475 79.51167 0.0341 0.0 22.0
8.126606 82.43899 0.0341 0.0 22.0
10.835475 79.51167 0.0342 0.0 22.0
10.835475 83.50005 0.0342 0.0 22.0
10.835475 83.50005 0.0343 0.0 23.0
13.544344 86.42737 0.0343 0.0 23.0
10.835475 83.50005 0.0344 0.0 23.0
10.835475 87.488434 0.0344 0.0 23.0
10.835475 75.52329 0.0345 1.0 21.0
13.544344 78.45061 0.0345 1.0 21.0
13.544344 78.45061 0.0346 0.0 22.0
13.544344 82.43899 0.0346 0.0 22.0
13.544344 78.45061 0.0347 0.0 22.0
16.253212 81.37792 0.0347 0.0 22.0
16.253212 81.37792 0.0348 0.0 23.0
20.229624 81.68662 0.0348 0.0 23.0
16.253212 81.37792 0.0349 0.0 23.0
18.96208 84.30524 0.0349 0.0 23.0
0.0 63.81403 0.0350 5.0 17.0
0.0 67.80241 0.0350 5.0 17.0
0.0 67.80241 0.0351 0.0 18.0
-2.7088687 70.72972 0.0351 0.0 18.0
0.0 67.80241 0.0352 4.0 18.0
0.0 71.79079 0.0352 4.0 18.0
0.0 71.79079 0.0353 0.0 19.0
2.7088687 74.7181 0.0353 0.0 19.0
0.0 71.79079 0.0354 0.0 19.0
0.0 75.77917 0.0354 0.0 19.0
0.0 71.79079 0.0355 1.0 19.0
2.7088687 74.7181 0.0355 1.0 19.0
2.7088687 74.7181 0.0356 0.0 20.0
2.7088687 78.70648 0.0356 0.0 20.0
2.7088687 74.7181 0.0357 0.0 20.0
5.4177375 77.64542 0.0357 0.0 20.0
5.4177375 77.64542 0.0358 0.0 21.0
9.39415 77.95412 0.0358 0.0 21.0
5.4177375 77.64542 0.0359 0.0 21.0
8.126606 80.57273 0.0359 0.0 21.0
0.0 71.79079 0.0360 3.0 19.0
0.0 75.77917 0.0360 3.0 19.0
0.0 75.77917 0.0361 0.0 20.0
-2.7088687 78.70648 0.0361 0.0 20.0
0.0 75.77917 0.0362 2.0 20.0
0.0 79.76755 0.0362 2.0 20.0
0.0 79.76755 0.0363 0.0 21.0
2.7088687 82.69486 0.0363 0.0 21.0
0.0 79.76755 0.0364 0.0 21.0
0.0 83.75593 0.0364 0.0 21.0
0.0 79.76755 0.0365 1.0 21.0
-2.7088687 82.69486 0.0365 1.0 21.0
-2.7088687 82.69486 0.0366 0.0 22.0
-6.6852813 83.00356 0.0366 0.0 22.0
-2.7088687 82.69486 0.0367 0.0 22.0
-5.4177375 85.62218 0.0367 0.0 22.0
-5.4177375 85.62218 0.0368 0.0 23.0
-5.4177375 89.61056 0.0368 0.0 23.0
-5.4177375 85.62218 0.0369 0.0 23.0
-8.126606 88.54949 0.0369 0.0 23.0
0.0 79.76755 0.0370 1.0 21.0
0.0 83.75593 0.0370 1.0 21.0
0.0 83.75593 0.0371 0.0 22.0
-2.7088687 86.68324 0.0371 0.0 22.0
0.0 83.75593 0.0372 0.0 22.0
0.0 87.74431 0.0372 0.0 22.0
0.0 87.74431 0.0373 0.0 23.0
2.7088687 90.67162 0.0373 0.0 23.0
0.0 87.74431 0.0374 0.0 23.0
0.0 91.73269 0.0374 0.0 23.0
0.0 63.81403 0.0375 13.0 17.0
2.7088687 66.74135 0.0375 13.0 17.0
2.7088687 66.74135 0.0376 0.0 18.0
2.7088687 70.72973 0.0376 0.0 18.0
2.7088687 66.74135 0.0377 12.0 18.0
5.4177375 69.66866 0.0377 12.0 18.0
5.4177375 69.66866 0.0378 0.0 19.0
9.39415 69.97736 0.0378 0.0 19.0
5.4177375 69.66866 0.0379 0.0 19.0
8.126606 72.59598 0.0379 0.0 19.0
5.4177375 69.66866 0.0380 1.0 19.0
9.39415 69.97736 0.0380 1.0 19.0
9.39415 69.97736 0.0381 0.0 20.0
12.103019 72.90468 0.0381 0.0 20.0
9.39415 69.97736 0.0382 0.0 20.0
13.370563 70.286064 0.0382 0.0 20.0
13.370563 70.286064 0.0383 0.0 21.0
16.498764 67.8119 0.0383 0.0 21.0
13.370563 70.286064 0.0384 0.0 21.0
17.346975 70.594765 0.0384 0.0 21.0
5.4177375 69.66866 0.0385 11.0 19.0
8.126606 72.59598 0.0385 11.0 19.0
8.126606 72.59598 0.0386 0.0 20.0
8.126606 76.58436 0.0386 0.0 20.0
8.126606 72.59598 0.0387 10.0 20.0
10.835475 75.52329 0.0387 10.0 20.0
10.835475 75.52329 0.0388 0.0 21.0
14.811888 75.83199 0.0388 0.0 21.0
10.835475 75.52329 0.0389 0.0 21.0
13.544344 78.45061 0.0389 0.0 21.0
10.835475 75.52329 0.0390 1.0 21.0
10.835475 79.51167 0.0390 1.0 21.0
10.835475 79.51167 0.0391 0.0 22.0
8.126606 82.43899 0.0391 0.0 22.0
10.835475 79.51167 0.0392 0.0 22.0
10.835475 83.50005 0.0392 0.0 22.0
10.835475 83.50005 0.0393 0.0 23.0
13.544344 86.42737 0.0393 0.0 23.0
10.835475 83.50005 0.0394 0.0 23.0
10.835475 87.488434 0.0394 0.0 23.0
10.835475 75.52329 0.0395 1.0 21.0
13.544344 78.45061 0.0395 1.0 21.0
13.544344 78.45061 0.0396 0.0 22.0
13.544344 82.43899 0.0396 0.0 22.0
13.544344 78.45061 0.0397 0.0 22.0
16.253212 81.37792 0.0397 0.0 22.0
16.253212 81.37792 0.0398 0.0 23.0
20.229624 81.68662 0.0398 0.0 23.0
16.253212 81.37792 0.0399 0.0 23.0
18.96208 84.30524 0.0399 0.0 23.0
10.835475 75.52329 0.0400 5.0 21.0
10.835475 79.51167 0.0400 5.0 21.0
10.835475 79.51167 0.0401 0.0 22.0
8.126606 82.43899 0.0401 0.0 22.0
10.835475 79.51167 0.0402 4.0 22.0
10.835475 83.50005 0.0402 4.0 22.0
10.835475 83.50005 0.0403 0.0 23.0
13.544344 86.42737 0.0403 0.0 23.0
10.835475 83.50005 0.0404 0.0 23.0
10.835475 87.488434 0.0404 0.0 23.0
10.835475 83.50005 0.0405 1.0 23.0
13.544344 86.42737 0.0405 1.0 23.0
13.544344 86.42737 0.0406 0.0 24.0
13.544344 90.41575 0.0406 0.0 24.0
13.544344 86.42737 0.0407 0.0 24.0
16.253212 89.35468 0.0407 0.0 24.0
16.253212 89.35468 0.0408 0.0 25.0
20.229624 89.66338 0.0408 0.0 25.0
16.253212 89.35468 0.0409 0.0 25.0
18.96208 92.282 0.0409 0.0 25.0
10.835475 83.50005 0.0410 3.0 23.0
10.835475 87.488434 0.0410 3.0 23.0
10.835475 87.488434 0.0411 0.0 24.0
8.126606 90.41575 0.0411 0.0 24.0
10.835475 87.488434 0.0412 2.0 24.0
10.835475 91.476814 0.0412 2.0 24.0
10.835475 91.476814 0.0413 0.0 25.0
13.544344 94.40413 0.0413 0.0 25.0
10.835475 91.476814 0.0414 0.0 25.0
10.835475 95.465195 0.0414 0.0 25.0
10.835475 91.476814 0.0415 1.0 25.0
8.126606 94.40413 0.0415 1.0 25.0
8.126606 94.40413 0.0416 0.0 26.0
4.150193 94.71283 0.0416 0.0 26.0
8.126606 94.40413 0.0417 0.0 26.0
5.417737 97.33144 0.0417 0.0 26.0
5.417737 97.33144 0.0418 0.0 27.0
5.417737 101.319824 0.0418 0.0 27.0
5.417737 97.33144 0.0419 0.0 27.0
2.7088683 100.25876 0.0419 0.0 27.0
10.835475 91.476814 0.0420 1.0 25.0
10.835475 95.465195 0.0420 1.0 25.0
10.835475 95.465195 0.0421 0.0 26.0
8.126606 98.39251 0.0421 0.0 26.0
10.835475 95.465195 0.0422 0.0 26.0
10.835475 99.453575 0.0422 0.0 26.0
10.835475 99.453575 0.0423 0.0 27.0
13.544344 102.38089 0.0423 0.0 27.0
10.835475 99.453575 0.0424 0.0 27.0
10.835475 103.441956 0.0424 0.0 27.0
10.835475 75.52329 0.0425 9.0 21.0
13.544344 78.45061 0.0425 9.0 21.0
13.544344 78.45061 0.0426 0.0 22.0
13.544344 82.43899 0.0426 0.0 22.0
13.544344 78.45061 0.0427 8.0 22.0
16.253212 81.37792 0.0427 8.0 22.0
16.253212 81.37792 0.0428 0.0 23.0
20.229624 81.68662 0.0428 0.0 23.0
16.253212 81.37792 0.0429 0.0 23.0
18.96208 84.30524 0.0429 0.0 23.0
16.253212 81.37792 0.0430 1.0 23.0
20.229624 81.68662 0.0430 1.0 23.0
20.229624 81.68662 0.0431 0.0 24.0
22.938492 84.61394 0.0431 0.0 24.0
20.229624 81.68662 0.0432 0.0 24.0
24.206036 81.99532 0.0432 0.0 24.0
24.206036 81.99532 0.0433 0.0 25.0
27.334236 79.52116 0.0433 0.0 25.0
24.206036 81.99532 0.0434 0.0 25.0
28.182447 82.30402 0.0434 0.0 25.0
16.253212 81.37792 0.0435 7.0 23.0
18.96208 84.30524 0.0435 7.0 23.0
18.96208 84.30524 0.0436 0.0 24.0
18.96208 88.29362 0.0436 0.0 24.0
18.96208 84.30524 0.0437 6.0 24.0
21.670948 87.23255 0.0437 6.0 24.0
21.670948 87.23255 0.0438 0.0 25.0
25.64736 87.54125 0.0438 0.0 25.0
21.670948 87.23255 0.0439 0.0 25.0
24.379816 90.15987 0.0439 0.0 25.0
21.670948 87.23255 0.0440 1.0 25.0
21.670948 91.22093 0.0440 1.0 25.0
21.670948 91.22093 0.0441 0.0 26.0
18.96208 94.14825 0.0441 0.0 26.0
21.670948 91.22093 0.0442 0.0 26.0
21.670948 95.20931 0.0442 0.0 26.0
21.670948 95.20931 0.0443 0.0 27.0
24.379816 98.13663 0.0443 0.0 27.0
21.670948 95.20931 0.0444 0.0 27.0
21.670948 99.19769 0.0444 0.0 27.0
21.670948 87.23255 0.0445 1.0 25.0
24.379816 90.15987 0.0445 1.0 25.0
24.379816 90.15987 0.0446 0.0 26.0
24.379816 94.14825 0.0446 0.0 26.0
24.379816 90.15987 0.0447 0.0 26.0
27.088684 93.08718 0.0447 0.0 26.0
27.088684 93.08718 0.0448 0.0 27.0
31.065096 93.39588 0.0448 0.0 27.0
27.088684 93.08718 0.0449 0.0 27.0
29.797552 96.014496 0.0449 0.0 27.0
21.670948 87.23255 0.0450 5.0 25.0
25.64736 87.54125 0.0450 5.0 25.0
25.64736 87.54125 0.0451 0.0 26.0
28.356228 90.46857 0.0451 0.0 26.0
25.64736 87.54125 0.0452 4.0 26.0
29.623772 87.84995 0.0452 4.0 26.0
29.623772 87.84995 0.0453 0.0 27.0
32.751972 85.375786 0.0453 0.0 27.0
29.623772 87.84995 0.0454 0.0 27.0
33.600185 88.15865 0.0454 0.0 27.0
29.623772 87.84995 0.0455 1.0 27.0
32.751972 85.375786 0.0455 1.0 27.0
32.751972 85.375786 0.0456 0.0 28.0
36.728386 85.68449 0.0456 0.0 28.0
32.751972 85.375786 0.0457 0.0 28.0
35.880173 82.90162 0.0457 0.0 28.0
35.880173 82.90162 0.0458 0.0 29.0
36.49572 78.96103 0.0458 0.0 29.0
35.880173 82.90162 0.0459 0.0 29.0
39.008373 80.42745 0.0459 0.0 29.0
29.623772 87.84995 0.0460 3.0 27.0
33.600185 88.15865 0.0460 3.0 27.0
33.600185 88.15865 0.0461 0.0 28.0
36.309055 91.08597 0.0461 0.0 28.0
33.600185 88.15865 0.0462 2.0 28.0
37.5766 88.467354 0.0462 2.0 28.0
37.5766 88.467354 0.0463 0.0 29.0
40.7048 85.99319 0.0463 0.0 29.0
37.5766 88.467354 0.0464 0.0 29.0
41.553013 88.776054 0.0464 0.0 29.0
37.5766 88.467354 0.0465 1.0 29.0
40.28547 91.39467 0.0465 1.0 29.0
40.28547 91.39467 0.0466 0.0 30.0
40.28547 95.38305 0.0466 0.0 30.0
40.28547 91.39467 0.0467 0.0 30.0
42.99434 94.32198 0.0467 0.0 30.0
42.99434 94.32198 0.0468 0.0 31.0
46.970753 94.630684 0.0468 0.0 31.0
42.99434 94.32198 0.0469 0.0 31.0
45.70321 97.2493 0.0469 0.0 31.0
37.5766 88.467354 0.0470 1.0 29.0
41.553013 88.776054 0.0470 1.0 29.0
41.553013 88.776054 0.0471 0.0 30.0
44.261883 91.70337 0.0471 0.0 30.0
41.553013 88.776054 0.0472 0.0 30.0
45.529427 89.084755 0.0472 0.0 30.0
45.529427 89.084755 0.0473 0.0 31.0
48.657627 86.61059 0.0473 0.0 31.0
45.529427 89.084755 0.0474 0.0 31.0
49.50584 89.393456 0.0474 0.0 31.0
21.670948 87.23255 0.0475 5.0 25.0
24.379816 90.15987 0.0475 5.0 25.0
24.379816 90.15987 0.0476 0.0 26.0
24.379816 94.14825 0.0476 0.0 26.0
24.379816 90.15987 0.0477 4.0 26.0
27.088684 93.08718 0.0477 4.0 26.0
27.088684 93.08718 0.0478 0.0 27.0
31.065096 93.39588 0.0478 0.0 27.0
27.088684 93.08718 0.0479 0.0 27.0
29.797552 96.014496 0.0479 0.0 27.0
27.088684 93.08718 0.0480 1.0 27.0
31.065096 93.39588 0.0480 1.0 27.0
31.065096 93.39588 0.0481 0.0 28.0
33.773964 96.3232 0.0481 0.0 28.0
31.065096 93.39588 0.0482 0.0 28.0
35.041508 93.70458 0.0482 0.0 28.0
35.041508 93.70458 0.0483 0.0 29.0
38.16971 91.230415 0.0483 0.0 29.0
35.041508 93.70458 0.0484 0.0 29.0
39.01792 94.01328 0.0484 0.0 29.0
27.088684 93.08718 0.0485 3.0 27.0
29.797552 96.014496 0.0485 3.0 27.0
29.797552 96.014496 0.0486 0.0 28.0
29.797552 100.00288 0.0486 0.0 28.0
29.797552 96.014496 0.0487 2.0 28.0
32.50642 98.94181 0.0487 2.0 28.0
32.50642 98.94181 0.0488 0.0 29.0
36.482834 99.25051 0.0488 0.0 29.0
32.50642 98.94181 0.0489 0.0 29.0
35.21529 101.869125 0.0489 0.0 29.0
32.50642 98.94181 0.0490 1.0 29.0
32.50642 102.93019 0.0490 1.0 29.0
32.50642 102.93019 0.0491 0.0 30.0
29.797552 105.857506 0.0491 0.0 30.0
32.50642 102.93019 0.0492 0.0 30.0
32.50642 106.91857 0.0492 0.0 30.0
32.50642 106.91857 0.0493 0.0 31.0
35.21529 109.84589 0.0493 0.0 31.0
32.50642 106.91857 0.0494 0.0 31.0
32.50642 110.90695 0.0494 0.0 31.0
32.50642 98.94181 0.0495 1.0 29.0
35.21529 101.869125 0.0495 1.0 29.0
35.21529 101.869125 0.0496 0.0 30.0
35.21529 105.857506 0.0496 0.0 30.0
35.21529 101.869125 0.0497 0.0 30.0
37.92416 104.79644 0.0497 0.0 30.0
37.92416 104.79644 0.0498 0.0 31.0
41.900574 105.10514 0.0498 0.0 31.0
37.92416 104.79644 0.0499 0.0 31.0
40.63303 107.723755 0.0499 0.0 31.0
0.0 63.81403 0.0500 13.0 17.0
0.0 67.80241 0.0500 13.0 17.0
0.0 67.80241 0.0501 0.0 18.0
-2.7088687 70.72972 0.0501 0.0 18.0
0.0 67.80241 0.0502 12.0 18.0
0.0 71.79079 0.0502 12.0 18.0
0.0 71.79079 0.0503 0.0 19.0
2.7088687 74.7181 0.0503 0.0 19.0
0.0 71.79079 0.0504 0.0 19.0
0.0 75.77917 0.0504 0.0 19.0
0.0 71.79079 0.0505 1.0 19.0
2.7088687 74.7181 0.0505 1.0 19.0
2.7088687 74.7181 0.0506 0.0 20.0
2.7088687 78.70648 0.0506 0.0 20.0
2.7088687 74.7181 0.0507 0.0 20.0
5.4177375 77.64542 0.0507 0.0 20.0
5.4177375 77.64542 0.0508 0.0 21.0
9.39415 77.95412 0.0508 0.0 21.0
5.4177375 77.64542 0.0509 0.0 21.0
8.126606 80.57273 0.0509 0.0 21.0
0.0 71.79079 0.0510 11.0 19.0
0.0 75.77917 0.0510 11.0 19.0
0.0 75.77917 0.0511 0.0 20.0
-2.7088687 78.70648 0.0511 0.0 20.0
0.0 75.77917 0.0512 10.0 20.0
0.0 79.76755 0.0512 10.0 20.0
0.0 79.76755 0.0513 0.0 21.0
2.7088687 82.69486 0.0513 0.0 21.0
0.0 79.76755 0.0514 0.0 21.0
0.0 83.75593 0.0514 0.0 21.0
0.0 79.76755 0.0515 1.0 21.0
-2.7088687 82.69486 0.0515 1.0 21.0
-2.7088687 82.69486 0.0516 0.0 22.0
-6.6852813 83.00356 0.0516 0.0 22.0
-2.7088687 82.69486 0.0517 0.0 22.0
-5.4177375 85.62218 0.0517 0.0 22.0
-5.4177375 85.62218 0.0518 0.0 23.0
-5.4177375 89.61056 0.0518 0.0 23.0
-5.4177375 85.62218 0.0519 0.0 23.0
-8.126606 88.54949 0.0519 0.0 23.0
0.0 79.76755 0.0520 1.0 21.0
0.0 83.75593 0.0520 1.0 21.0
0.0 83.75593 0.0521 0.0 22.0
-2.7088687 86.68324 0.0521 0.0 22.0
0.0 83.75593 0.0522 0.0 22.0
0.0 87.74431 0.0522 0.0 22.0
0.0 87.74431 0.0523 0.0 23.0
2.7088687 90.67162 0.0523 0.0 23.0
0.0 87.74431 0.0524 0.0 23.0
0.0 91.73269 0.0524 0.0 23.0
0.0 79.76755 0.0525 5.0 21.0
-2.7088687 82.69486 0.0525 5.0 21.0
-2.7088687 82.69486 0.0526 0.0 22.0
-6.6852813 83.00356 0.0526 0.0 22.0
-2.7088687 82.69486 0.0527 4.0 22.0
-5.4177375 85.62218 0.0527 4.0 22.0
-5.4177375 85.62218 0.0528 0.0 23.0
-5.4177375 89.61056 0.0528 0.0 23.0
-5.4177375 85.62218 0.0529 0.0 23.0
-8.126606 88.54949 0.0529 0.0 23.0
-5.4177375 85.62218 0.0530 1.0 23.0
-5.4177375 89.61056 0.0530 1.0 23.0
-5.4177375 89.61056 0.0531 0.0 24.0
-8.126606 92.53787 0.0531 0.0 24.0
-5.4177375 89.61056 0.0532 0.0 24.0
-5.4177375 93.59894 0.0532 0.0 24.0
-5.4177375 93.59894 0.0533 0.0 25.0
-2.7088687 96.52625 0.0533 0.0 25.0
-5.4177375 93.59894 0.0534 0.0 25.0
-5.4177375 97.58732 0.0534 0.0 25.0
-5.4177375 85.62218 0.0535 3.0 23.0
-8.126606 88.54949 0.0535 3.0 23.0
-8.126606 88.54949 0.0536 0.0 24.0
-12.103019 88.85819 0.0536 0.0 24.0
-8.126606 88.54949 0.0537 2.0 24.0
-10.835475 91.47681 0.0537 2.0 24.0
-10.835475 91.47681 0.0538 0.0 25.0
-10.835475 95.46519 0.0538 0.0 25.0
-10.835475 91.47681 0.0539 0.0 25.0
-13.544344 94.40412 0.0539 0.0 25.0
-10.835475 91.47681 0.0540 1.0 25.0
-14.811888 91.78551 0.0540 1.0 25.0
-14.811888 91.78551 0.0541 0.0 26.0
-17.94009 89.31134 0.0541 0.0 26.0
-14.811888 91.78551 0.0542 0.0 26.0
-18.7883 92.09421 0.0542 0.0 26.0
-18.7883 92.09421 0.0543 0.0 27.0
-21.497168 95.02152 0.0543 0.0 27.0
-18.7883 92.09421 0.0544 0.0 27.0
-22.764711 92.40291 0.0544 0.0 27.0
-10.835475 91.47681 0.0545 1.0 25.0
-13.544344 94.40412 0.0545 1.0 25.0
-13.544344 94.40412 0.0546 0.0 26.0
-17.520756 94.71282 0.0546 0.0 26.0
-13.544344 94.40412 0.0547 0.0 26.0
-16.253212 97.331436 0.0547 0.0 26.0
-16.253212 97.331436 0.0548 0.0 27.0
-16.253212 101.31982 0.0548 0.0 27.0
-16.253212 97.331436 0.0549 0.0 27.0
-18.96208 100.25875 0.0549 0.0 27.0
0.0 79.76755 0.0550 9.0 21.0
0.0 83.75593 0.0550 9.0 21.0
0.0 83.75593 0.0551 0.0 22.0
-2.7088687 86.68324 0.0551 0.0 22.0
0.0 83.75593 0.0552 8.0 22.0
0.0 87.74431 0.0552 8.0 22.0
0.0 87.74431 0.0553 0.0 23.0
2.7088687 90.67162 0.0553 0.0 23.0
0.0 87.74431 0.0554 0.0 23.0
0.0 91.73269 0.0554 0.0 23.0
0.0 87.74431 0.0555 1.0 23.0
2.7088687 90.67162 0.0555 1.0 23.0
2.7088687 90.67162 0.0556 0.0 24.0
2.7088687 94.66 0.0556 0.0 24.0
2.7088687 90.67162 0.0557 0.0 24.0
5.4177375 93.59894 0.0557 0.0 24.0
5.4177375 93.59894 0.0558 0.0 25.0
9.39415 93.90764 0.0558 0.0 25.0
5.4177375 93.59894 0.0559 0.0 25.0
8.126606 96.52625 0.0559 0.0 25.0
0.0 87.74431 0.0560 7.0 23.0
0.0 91.73269 0.0560 7.0 23.0
0.0 91.73269 0.0561 0.0 24.0
-2.7088687 94.66 0.0561 0.0 24.0
0.0 91.73269 0.0562 6.0 24.0
0.0 95.72107 0.0562 6.0 24.0
0.0 95.72107 0.0563 0.0 25.0
2.7088687 98.648384 0.0563 0.0 25.0
0.0 95.72107 0.0564 0.0 25.0
0.0 99.70945 0.0564 0.0 25.0
0.0 95.72107 0.0565 1.0 25.0
-2.7088687 98.648384 0.0565 1.0 25.0
-2.7088687 98.648384 0.0566 0.0 26.0
-6.6852813 98.957085 0.0566 0.0 26.0
-2.7088687 98.648384 0.0567 0.0 26.0
-5.4177375 101.5757 0.0567 0.0 26.0
-5.4177375 101.5757 0.0568 0.0 27.0
-5.4177375 105.56408 0.0568 0.0 27.0
-5.4177375 101.5757 0.0569 0.0 27.0
-8.126606 104.50301 0.0569 0.0 27.0
0.0 95.72107 0.0570 1.0 25.0
0.0 99.70945 0.0570 1.0 25.0
0.0 99.70945 0.0571 0.0 26.0
-2.7088687 102.636765 0.0571 0.0 26.0
0.0 99.70945 0.0572 0.0 26.0
0.0 103.69783 0.0572 0.0 26.0
0.0 103.69783 0.0573 0.0 27.0
2.7088687 106.625145 0.0573 0.0 27.0
0.0 103.69783 0.0574 0.0 27.0
0.0 107.68621 0.0574 0.0 27.0
0.0 95.72107 0.0575 5.0 25.0
2.7088687 98.648384 0.0575 5.0 25.0
2.7088687 98.648384 0.0576 0.0 26.0
2.7088687 102.636765 0.0576 0.0 26.0
2.7088687 98.648384 0.0577 4.0 26.0
5.4177375 101.5757 0.0577 4.0 26.0
5.4177375 101.5757 0.0578 0.0 27.0
9.39415 101.8844 0.0578 0.0 27.0
5.4177375 101.5757 0.0579 0.0 27.0
8.126606 104.50301 0.0579 0.0 27.0
5.4177375 101.5757 0.0580 1.0 27.0
9.39415 101.8844 0.0580 1.0 27.0
9.39415 101.8844 0.0581 0.0 28.0
12.103019 104.811714 0.0581 0.0 28.0
9.39415 101.8844 0.0582 0.0 28.0
13.370563 102.1931 0.0582 0.0 28.0
13.370563 102.1931 0.0583 0.0 29.0
16.498764 99.71893 0.0583 0.0 29.0
13.370563 102.1931 0.0584 0.0 29.0
17.346975 102.5018 0.0584 0.0 29.0
5.4177375 101.5757 0.0585 3.0 27.0
8.126606 104.50301 0.0585 3.0 27.0
8.126606 104.50301 0.0586 0.0 28.0
8.126606 108.491394 0.0586 0.0 28.0
8.126606 104.50301 0.0587 2.0 28.0
10.835475 107.43033 0.0587 2.0 28.0
10.835475 107.43033 0.0588 0.0 29.0
14.811888 107.73903 0.0588 0.0 29.0
10.835475 107.43033 0.0589 0.0 29.0
13.544344 110.35764 0.0589 0.0 29.0
10.835475 107.43033 0.0590 1.0 29.0
10.835475 111.41871 0.0590 1.0 29.0
10.835475 111.41871 0.0591 0.0 30.0
8.126606 114.34602 0.0591 0.0 30.0
10.835475 111.41871 0.0592 0.0 30.0
10.835475 115.40709 0.0592 0.0 30.0
10.835475 115.40709 0.0593 0.0 31.0
13.544344 118.334404 0.0593 0.0 31.0
10.835475 115.40709 0.0594 0.0 31.0
10.835475 119.39547 0.0594 0.0 31.0
10.835475 107.43033 0.0595 1.0 29.0
13.544344 110.35764 0.0595 1.0 29.0
13.544344 110.35764 0.0596 0.0 30.0
13.544344 114.34602 0.0596 0.0 30.0
13.544344 110.35764 0.0597 0.0 30.0
16.253212 113.28496 0.0597 0.0 30.0
16.253212 113.28496 0.0598 0.0 31.0
20.229624 113.59366 0.0598 0.0 31.0
16.253212 113.28496 0.0599 0.0 31.0
18.96208 116.21227 0.0599 0.0 31.0
0.0 95.72107 0.0600 5.0 25.0
0.0 99.70945 0.0600 5.0 25.0
0.0 99.70945 0.0601 0.0 26.0
-2.7088687 102.636765 0.0601 0.0 26.0
0.0 99.70945 0.0602 4.0 26.0
0.0 103.69783 0.0602 4.0 26.0
0.0 103.69783 0.0603 0.0 27.0
2.7088687 106.625145 0.0603 0.0 27.0
0.0 103.69783 0.0604 0.0 27.0
0.0 107.68621 0.0604 0.0 27.0
0.0 103.69783 0.0605 1.0 27.0
2.7088687 106.625145 0.0605 1.0 27.0
2.7088687 106.625145 0.0606 0.0 28.0
2.7088687 110.613525 0.0606 0.0 28.0
2.7088687 106.625145 0.0607 0.0 28.0
5.4177375 109.55246 0.0607 0.0 28.0
5.4177375 109.55246 0.0608 0.0 29.0
9.39415 109.86116 0.0608 0.0 29.0
5.4177375 109.55246 0.0609 0.0 29.0
8.126606 112.479774 0.0609 0.0 29.0
0.0 103.69783 0.0610 3.0 27.0
0.0 107.68621 0.0610 3.0 27.0
0.0 107.68621 0.0611 0.0 28.0
-2.7088687 110.613525 0.0611 0.0 28.0
0.0 107.68621 0.0612 2.0 28.0
0.0 111.67459 0.0612 2.0 28.0
0.0 111.67459 0.0613 0.0 29.0
2.7088687 114.601906 0.0613 0.0 29.0
0.0 111.67459 0.0614 0.0 29.0
0.0 115.66297 0.0614 0.0 29.0
0.0 111.67459 0.0615 1.0 29.0
-2.7088687 114.601906 0.0615 1.0 29.0
-2.7088687 114.601906 0.0616 0.0 30.0
-6.6852813 114.91061 0.0616 0.0 30.0
-2.7088687 114.601906 0.0617 0.0 30.0
-5.4177375 117.52922 0.0617 0.0 30.0
-5.4177375 117.52922 0.0618 0.0 31.0
-5.4177375 121.5176 0.0618 0.0 31.0
-5.4177375 117.52922 0.0619 0.0 31.0
-8.126606 120.456535 0.0619 0.0 31.0
0.0 111.67459 0.0620 1.0 29.0
0.0 115.66297 0.0620 1.0 29.0
0.0 115.66297 0.0621 0.0 30.0
-2.7088687 118.59029 0.0621 0.0 30.0
0.0 115.66297 0.0622 0.0 30.0
0.0 119.65135 0.0622 0.0 30.0
0.0 119.65135 0.0623 0.0 31.0
2.7088687 122.57867 0.0623 0.0 31.0
0.0 119.65135 0.0624 0.0 31.0
0.0 123.63973 0.0624 0.0 31.0
