0.0 0.0 0.00 79.0 1.0
0.0 3.0801048 0.00 79.0 1.0
0.0 3.0801048 0.01 0.0 2.0
-1.2752901 5.8837957 0.01 0.0 2.0
0.0 3.0801048 0.02 78.0 2.0
0.0 6.1602097 0.02 78.0 2.0
0.0 6.1602097 0.03 0.0 3.0
1.2752901 8.963901 0.03 0.0 3.0
0.0 6.1602097 0.04 77.0 3.0
0.0 9.2403145 0.04 77.0 3.0
0.0 9.2403145 0.05 1.0 4.0
1.2752901 12.044005 0.05 1.0 4.0
1.2752901 12.044005 0.06 0.0 5.0
1.2752901 15.12411 0.06 0.0 5.0
1.2752901 12.044005 0.07 0.0 5.0
2.5505803 14.847696 0.07 0.0 5.0
2.5505803 14.847696 0.08 0.0 6.0
4.872267 16.871756 0.08 0.0 6.0
2.5505803 14.847696 0.09 0.0 6.0
3.8258705 17.651386 0.09 0.0 6.0
0.0 9.2403145 0.010 76.0 4.0
0.0 12.320419 0.010 76.0 4.0
0.0 12.320419 0.011 0.0 5.0
-1.2752901 15.12411 0.011 0.0 5.0
0.0 12.320419 0.012 75.0 5.0
0.0 15.400524 0.012 75.0 5.0
0.0 15.400524 0.013 0.0 6.0
1.2752901 18.204214 0.013 0.0 6.0
0.0 15.400524 0.014 74.0 6.0
0.0 18.480629 0.014 74.0 6.0
0.0 18.480629 0.015 1.0 7.0
-1.2752901 21.284319 0.015 1.0 7.0
-1.2752901 21.284319 0.016 0.0 8.0
-3.5969768 23.308378 0.016 0.0 8.0
-1.2752901 21.284319 0.017 0.0 8.0
-2.5505803 24.088009 0.017 0.0 8.0
-2.5505803 24.088009 0.018 0.0 9.0
-2.5505803 27.168114 0.018 0.0 9.0
-2.5505803 24.088009 0.019 0.0 9.0
-3.8258705 26.891699 0.019 0.0 9.0
0.0 18.480629 0.020 73.0 7.0
0.0 21.560734 0.020 73.0 7.0
0.0 21.560734 0.021 0.0 8.0
-1.2752901 24.364424 0.021 0.0 8.0
0.0 21.560734 0.022 72.0 8.0
0.0 24.640839 0.022 72.0 8.0
0.0 24.640839 0.023 0.0 9.0
1.2752901 27.444529 0.023 0.0 9.0
0.0 24.640839 0.024 71.0 9.0
0.0 27.720943 0.024 71.0 9.0
0.0 27.720943 0.025 7.0 10.0
1.2752901 30.524633 0.025 7.0 10.0
1.2752901 30.524633 0.026 0.0 11.0
1.2752901 33.604736 0.026 0.0 11.0
1.2752901 30.524633 0.027 6.0 11.0
2.5505803 33.328323 0.027 6.0 11.0
2.5505803 33.328323 0.028 0.0 12.0
4.872267 35.352383 0.028 0.0 12.0
2.5505803 33.328323 0.029 5.0 12.0
3.8258705 36.132015 0.029 5.0 12.0
3.8258705 36.132015 0.030 1.0 13.0
6.1475573 38.156075 0.030 1.0 13.0
6.1475573 38.156075 0.031 0.0 14.0
7.4228473 40.959766 0.031 0.0 14.0
6.1475573 38.156075 0.032 0.0 14.0
8.469244 40.180134 0.032 0.0 14.0
8.469244 40.180134 0.033 0.0 15.0
11.420622 41.061275 0.033 0.0 15.0
8.469244 40.180134 0.034 0.0 15.0
10.790931 42.204193 0.034 0.0 15.0
3.8258705 36.132015 0.035 4.0 13.0
5.1011605 38.935707 0.035 4.0 13.0
5.1011605 38.935707 0.036 0.0 14.0
5.1011605 42.015812 0.036 0.0 14.0
5.1011605 38.935707 0.037 3.0 14.0
6.3764505 41.7394 0.037 3.0 14.0
6.3764505 41.7394 0.038 0.0 15.0
8.698137 43.76346 0.038 0.0 15.0
6.3764505 41.7394 0.039 2.0 15.0
7.6517406 44.54309 0.039 2.0 15.0
7.6517406 44.54309 0.040 1.0 16.0
7.6517406 47.623196 0.040 1.0 16.0
7.6517406 47.623196 0.041 0.0 17.0
6.3764505 50.426888 0.041 0.0 17.0
7.6517406 47.623196 0.042 0.0 17.0
7.6517406 50.7033 0.042 0.0 17.0
7.6517406 50.7033 0.043 0.0 18.0
8.927031 53.506992 0.043 0.0 18.0
7.6517406 50.7033 0.044 0.0 18.0
7.6517406 53.783405 0.044 0.0 18.0
7.6517406 44.54309 0.045 1.0 16.0
8.927031 47.346783 0.045 1.0 16.0
8.927031 47.346783 0.046 0.0 17.0
8.927031 50.426888 0.046 0.0 17.0
8.927031 47.346783 0.047 0.0 17.0
10.202321 50.150475 0.047 0.0 17.0
10.202321 50.150475 0.048 0.0 18.0
12.524008 52.174534 0.048 0.0 18.0
10.202321 50.150475 0.049 0.0 18.0
11.477612 52.954166 0.049 0.0 18.0
0.0 27.720943 0.050 70.0 10.0
0.0 30.801048 0.050 70.0 10.0
0.0 30.801048 0.051 0.0 11.0
-1.2752901 33.60474 0.051 0.0 11.0
0.0 30.801048 0.052 69.0 11.0
0.0 33.881153 0.052 69.0 11.0
0.0 33.881153 0.053 0.0 12.0
1.2752901 36.684845 0.053 0.0 12.0
0.0 33.881153 0.054 68.0 12.0
0.0 36.961258 0.054 68.0 12.0
0.0 36.961258 0.055 1.0 13.0
1.2752901 39.76495 0.055 1.0 13.0
1.2752901 39.76495 0.056 0.0 14.0
1.2752901 42.845055 0.056 0.0 14.0
1.2752901 39.76495 0.057 0.0 14.0
2.5505803 42.56864 0.057 0.0 14.0
2.5505803 42.56864 0.058 0.0 15.0
4.872267 44.5927 0.058 0.0 15.0
2.5505803 42.56864 0.059 0.0 15.0
3.8258705 45.372334 0.059 0.0 15.0
0.0 36.961258 0.060 67.0 13.0
0.0 40.041363 0.060 67.0 13.0
0.0 40.041363 0.061 0.0 14.0
-1.2752901 42.845055 0.061 0.0 14.0
0.0 40.041363 0.062 66.0 14.0
0.0 43.121468 0.062 66.0 14.0
0.0 43.121468 0.063 0.0 15.0
1.2752901 45.92516 0.063 0.0 15.0
0.0 43.121468 0.064 65.0 15.0
0.0 46.201572 0.064 65.0 15.0
0.0 46.201572 0.065 1.0 16.0
-1.2752901 49.005264 0.065 1.0 16.0
-1.2752901 49.005264 0.066 0.0 17.0
-3.5969768 51.029324 0.066 0.0 17.0
-1.2752901 49.005264 0.067 0.0 17.0
-2.5505803 51.808956 0.067 0.0 17.0
-2.5505803 51.808956 0.068 0.0 18.0
-2.5505803 54.88906 0.068 0.0 18.0
-2.5505803 51.808956 0.069 0.0 18.0
-3.8258705 54.612648 0.069 0.0 18.0
0.0 46.201572 0.070 64.0 16.0
0.0 49.281677 0.070 64.0 16.0
0.0 49.281677 0.071 0.0 17.0
-1.2752901 52.08537 0.071 0.0 17.0
0.0 49.281677 0.072 63.0 17.0
0.0 52.361782 0.072 63.0 17.0
0.0 52.361782 0.073 0.0 18.0
1.2752901 55.165474 0.073 0.0 18.0
0.0 52.361782 0.074 62.0 18.0
0.0 55.441887 0.074 62.0 18.0
0.0 55.441887 0.075 7.0 19.0
1.2752901 58.24558 0.075 7.0 19.0
1.2752901 58.24558 0.076 0.0 20.0
1.2752901 61.325684 0.076 0.0 20.0
1.2752901 58.24558 0.077 6.0 20.0
2.5505803 61.04927 0.077 6.0 20.0
2.5505803 61.04927 0.078 0.0 21.0
4.872267 63.07333 0.078 0.0 21.0
2.5505803 61.04927 0.079 5.0 21.0
3.8258705 63.852962 0.079 5.0 21.0
3.8258705 63.852962 0.080 1.0 22.0
6.1475573 65.87702 0.080 1.0 22.0
6.1475573 65.87702 0.081 0.0 23.0
7.4228473 68.68071 0.081 0.0 23.0
6.1475573 65.87702 0.082 0.0 23.0
8.469244 67.901085 0.082 0.0 23.0
8.469244 67.901085 0.083 0.0 24.0
11.420622 68.78223 0.083 0.0 24.0
8.469244 67.901085 0.084 0.0 24.0
10.790931 69.92515 0.084 0.0 24.0
3.8258705 63.852962 0.085 4.0 22.0
5.1011605 66.656654 0.085 4.0 22.0
5.1011605 66.656654 0.086 0.0 23.0
5.1011605 69.736755 0.086 0.0 23.0
5.1011605 66.656654 0.087 3.0 23.0
6.3764505 69.46034 0.087 3.0 23.0
6.3764505 69.46034 0.088 0.0 24.0
8.698137 71.484406 0.088 0.0 24.0
6.3764505 69.46034 0.089 2.0 24.0
7.6517406 72.26403 0.089 2.0 24.0
7.6517406 72.26403 0.090 1.0 25.0
7.6517406 75.34413 0.090 1.0 25.0
7.6517406 75.34413 0.091 0.0 26.0
6.3764505 78.14782 0.091 0.0 26.0
7.6517406 75.34413 0.092 0.0 26.0
7.6517406 78.42424 0.092 0.0 26.0
7.6517406 78.42424 0.093 0.0 27.0
8.927031 81.22793 0.093 0.0 27.0
7.6517406 78.42424 0.094 0.0 27.0
7.6517406 81.50435 0.094 0.0 27.0
7.6517406 72.26403 0.095 1.0 25.0
8.927031 75.06772 0.095 1.0 25.0
8.927031 75.06772 0.096 0.0 26.0
8.927031 78.14783 0.096 0.0 26.0
8.927031 75.06772 0.097 0.0 26.0
10.202321 77.87141 0.097 0.0 26.0
10.202321 77.87141 0.098 0.0 27.0
12.524008 79.89547 0.098 0.0 27.0
10.202321 77.87141 0.099 0.0 27.0
11.477612 80.675095 0.099 0.0 27.0
0.0 55.441887 0.0100 61.0 19.0
0.0 58.52199 0.0100 61.0 19.0
0.0 58.52199 0.0101 0.0 20.0
-1.2752901 61.325684 0.0101 0.0 20.0
0.0 58.52199 0.0102 60.0 20.0
0.0 61.602097 0.0102 60.0 20.0
0.0 61.602097 0.0103 0.0 21.0
1.2752901 64.405785 0.0103 0.0 21.0
0.0 61.602097 0.0104 59.0 21.0
0.0 64.682205 0.0104 59.0 21.0
0.0 64.682205 0.0105 1.0 22.0
1.2752901 67.48589 0.0105 1.0 22.0
1.2752901 67.48589 0.0106 0.0 23.0
1.2752901 70.565994 0.0106 0.0 23.0
1.2752901 67.48589 0.0107 0.0 23.0
2.5505803 70.28958 0.0107 0.0 23.0
2.5505803 70.28958 0.0108 0.0 24.0
4.872267 72.313644 0.0108 0.0 24.0
2.5505803 70.28958 0.0109 0.0 24.0
3.8258705 73.09327 0.0109 0.0 24.0
0.0 64.682205 0.0110 58.0 22.0
0.0 67.762314 0.0110 58.0 22.0
0.0 67.762314 0.0111 0.0 23.0
-1.2752901 70.566 0.0111 0.0 23.0
0.0 67.762314 0.0112 57.0 23.0
0.0 70.84242 0.0112 57.0 23.0
0.0 70.84242 0.0113 0.0 24.0
1.2752901 73.64611 0.0113 0.0 24.0
0.0 70.84242 0.0114 56.0 24.0
0.0 73.92253 0.0114 56.0 24.0
0.0 73.92253 0.0115 1.0 25.0
-1.2752901 76.72622 0.0115 1.0 25.0
-1.2752901 76.72622 0.0116 0.0 26.0
-3.5969768 78.75028 0.0116 0.0 26.0
-1.2752901 76.72622 0.0117 0.0 26.0
-2.5505803 79.52991 0.0117 0.0 26.0
-2.5505803 79.52991 0.0118 0.0 27.0
-2.5505803 82.610016 0.0118 0.0 27.0
-2.5505803 79.52991 0.0119 0.0 27.0
-3.8258705 82.333595 0.0119 0.0 27.0
0.0 73.92253 0.0120 55.0 25.0
0.0 77.00264 0.0120 55.0 25.0
0.0 77.00264 0.0121 0.0 26.0
-1.2752901 79.80633 0.0121 0.0 26.0
0.0 77.00264 0.0122 54.0 26.0
0.0 80.08275 0.0122 54.0 26.0
0.0 80.08275 0.0123 0.0 27.0
1.2752901 82.88644 0.0123 0.0 27.0
0.0 80.08275 0.0124 53.0 27.0
0.0 83.16286 0.0124 53.0 27.0
0.0 83.16286 0.0125 25.0 28.0
1.2752901 85.966545 0.0125 25.0 28.0
1.2752901 85.966545 0.0126 0.0 29.0
1.2752901 89.046646 0.0126 0.0 29.0
1.2752901 85.966545 0.0127 24.0 29.0
2.5505803 88.77023 0.0127 24.0 29.0
2.5505803 88.77023 0.0128 0.0 30.0
4.872267 90.7943 0.0128 0.0 30.0
2.5505803 88.77023 0.0129 23.0 30.0
3.8258705 91.57392 0.0129 23.0 30.0
3.8258705 91.57392 0.0130 1.0 31.0
6.1475573 93.597984 0.0130 1.0 31.0
6.1475573 93.597984 0.0131 0.0 32.0
7.4228473 96.40167 0.0131 0.0 32.0
6.1475573 93.597984 0.0132 0.0 32.0
8.469244 95.62205 0.0132 0.0 32.0
8.469244 95.62205 0.0133 0.0 33.0
11.420622 96.50319 0.0133 0.0 33.0
8.469244 95.62205 0.0134 0.0 33.0
10.790931 97.64611 0.0134 0.0 33.0
3.8258705 91.57392 0.0135 22.0 31.0
5.1011605 94.37761 0.0135 22.0 31.0
5.1011605 94.37761 0.0136 0.0 32.0
5.1011605 97.45772 0.0136 0.0 32.0
5.1011605 94.37761 0.0137 21.0 32.0
6.3764505 97.1813 0.0137 21.0 32.0
6.3764505 97.1813 0.0138 0.0 33.0
8.698137 99.20536 0.0138 0.0 33.0
6.3764505 97.1813 0.0139 20.0 33.0
7.6517406 99.984985 0.0139 20.0 33.0
7.6517406 99.984985 0.0140 1.0 34.0
7.6517406 103.065094 0.0140 1.0 34.0
7.6517406 103.065094 0.0141 0.0 35.0
6.3764505 105.86878 0.0141 0.0 35.0
7.6517406 103.065094 0.0142 0.0 35.0
7.6517406 106.1452 0.0142 0.0 35.0
7.6517406 106.1452 0.0143 0.0 36.0
8.927031 108.94889 0.0143 0.0 36.0
7.6517406 106.1452 0.0144 0.0 36.0
7.6517406 109.22531 0.0144 0.0 36.0
7.6517406 99.984985 0.0145 19.0 34.0
8.927031 102.78867 0.0145 19.0 34.0
8.927031 102.78867 0.0146 0.0 35.0
8.927031 105.868774 0.0146 0.0 35.0
8.927031 102.78867 0.0147 18.0 35.0
10.202321 105.59236 0.0147 18.0 35.0
10.202321 105.59236 0.0148 0.0 36.0
12.524008 107.616425 0.0148 0.0 36.0
10.202321 105.59236 0.0149 17.0 36.0
11.477612 108.39605 0.0149 17.0 36.0
11.477612 108.39605 0.0150 7.0 37.0
13.799298 110.42011 0.0150 7.0 37.0
13.799298 110.42011 0.0151 0.0 38.0
15.074589 113.2238 0.0151 0.0 38.0
13.799298 110.42011 0.0152 6.0 38.0
16.120985 112.444176 0.0152 6.0 38.0
16.120985 112.444176 0.0153 0.0 39.0
19.072363 113.32532 0.0153 0.0 39.0
16.120985 112.444176 0.0154 5.0 39.0
18.44267 114.46824 0.0154 5.0 39.0
18.44267 114.46824 0.0155 1.0 40.0
21.394049 115.34938 0.0155 1.0 40.0
21.394049 115.34938 0.0156 0.0 41.0
23.715734 117.37344 0.0156 0.0 41.0
21.394049 115.34938 0.0157 0.0 41.0
24.345427 116.23052 0.0157 0.0 41.0
24.345427 116.23052 0.0158 0.0 42.0
27.396772 115.8106 0.0158 0.0 42.0
24.345427 116.23052 0.0159 0.0 42.0
27.296804 117.111664 0.0159 0.0 42.0
18.44267 114.46824 0.0160 4.0 40.0
20.764357 116.4923 0.0160 4.0 40.0
20.764357 116.4923 0.0161 0.0 41.0
22.039646 119.29599 0.0161 0.0 41.0
20.764357 116.4923 0.0162 3.0 41.0
23.086042 118.516365 0.0162 3.0 41.0
23.086042 118.516365 0.0163 0.0 42.0
26.03742 119.39751 0.0163 0.0 42.0
23.086042 118.516365 0.0164 2.0 42.0
25.407728 120.54043 0.0164 2.0 42.0
25.407728 120.54043 0.0165 1.0 43.0
26.683018 123.34412 0.0165 1.0 43.0
26.683018 123.34412 0.0166 0.0 44.0
26.683018 126.424225 0.0166 0.0 44.0
26.683018 123.34412 0.0167 0.0 44.0
27.958307 126.147804 0.0167 0.0 44.0
27.958307 126.147804 0.0168 0.0 45.0
30.279993 128.17186 0.0168 0.0 45.0
27.958307 126.147804 0.0169 0.0 45.0
29.233597 128.95149 0.0169 0.0 45.0
25.407728 120.54043 0.0170 1.0 43.0
27.729414 122.56449 0.0170 1.0 43.0
27.729414 122.56449 0.0171 0.0 44.0
29.004704 125.36818 0.0171 0.0 44.0
27.729414 122.56449 0.0172 0.0 44.0
30.0511 124.588554 0.0172 0.0 44.0
30.0511 124.588554 0.0173 0.0 45.0
33.00248 125.469696 0.0173 0.0 45.0
30.0511 124.588554 0.0174 0.0 45.0
32.372787 126.61262 0.0174 0.0 45.0
11.477612 108.39605 0.0175 16.0 37.0
12.752902 111.19974 0.0175 16.0 37.0
12.752902 111.19974 0.0176 0.0 38.0
12.752902 114.27985 0.0176 0.0 38.0
12.752902 111.19974 0.0177 15.0 38.0
14.0281925 114.003426 0.0177 15.0 38.0
14.0281925 114.003426 0.0178 0.0 39.0
16.349878 116.02749 0.0178 0.0 39.0
14.0281925 114.003426 0.0179 14.0 39.0
15.303483 116.80711 0.0179 14.0 39.0
15.303483 116.80711 0.0180 1.0 40.0
17.62517 118.83118 0.0180 1.0 40.0
17.62517 118.83118 0.0181 0.0 41.0
18.90046 121.634865 0.0181 0.0 41.0
17.62517 118.83118 0.0182 0.0 41.0
19.946856 120.85524 0.0182 0.0 41.0
19.946856 120.85524 0.0183 0.0 42.0
22.898233 121.73638 0.0183 0.0 42.0
19.946856 120.85524 0.0184 0.0 42.0
22.268541 122.8793 0.0184 0.0 42.0
15.303483 116.80711 0.0185 13.0 40.0
16.578773 119.6108 0.0185 13.0 40.0
16.578773 119.6108 0.0186 0.0 41.0
16.578773 122.6909 0.0186 0.0 41.0
16.578773 119.6108 0.0187 12.0 41.0
17.854063 122.41449 0.0187 12.0 41.0
17.854063 122.41449 0.0188 0.0 42.0
20.175749 124.43855 0.0188 0.0 42.0
17.854063 122.41449 0.0189 11.0 42.0
19.129353 125.21818 0.0189 11.0 42.0
19.129353 125.21818 0.0190 1.0 43.0
19.129353 128.29828 0.0190 1.0 43.0
19.129353 128.29828 0.0191 0.0 44.0
17.854063 131.10197 0.0191 0.0 44.0
19.129353 128.29828 0.0192 0.0 44.0
19.129353 131.37839 0.0192 0.0 44.0
19.129353 131.37839 0.0193 0.0 45.0
20.404642 134.18208 0.0193 0.0 45.0
19.129353 131.37839 0.0194 0.0 45.0
19.129353 134.4585 0.0194 0.0 45.0
19.129353 125.21818 0.0195 10.0 43.0
20.404642 128.02187 0.0195 10.0 43.0
20.404642 128.02187 0.0196 0.0 44.0
20.404642 131.10197 0.0196 0.0 44.0
20.404642 128.02187 0.0197 9.0 44.0
21.679932 130.82556 0.0197 9.0 44.0
21.679932 130.82556 0.0198 0.0 45.0
24.001617 132.84962 0.0198 0.0 45.0
21.679932 130.82556 0.0199 8.0 45.0
22.955221 133.62926 0.0199 8.0 45.0
22.955221 133.62926 0.0200 7.0 46.0
25.276907 135.65332 0.0200 7.0 46.0
25.276907 135.65332 0.0201 0.0 47.0
26.552197 138.45702 0.0201 0.0 47.0
25.276907 135.65332 0.0202 6.0 47.0
27.598593 137.67738 0.0202 6.0 47.0
27.598593 137.67738 0.0203 0.0 48.0
30.54997 138.55853 0.0203 0.0 48.0
27.598593 137.67738 0.0204 5.0 48.0
29.920279 139.70145 0.0204 5.0 48.0
29.920279 139.70145 0.0205 1.0 49.0
32.87166 140.5826 0.0205 1.0 49.0
32.87166 140.5826 0.0206 0.0 50.0
35.193344 142.60666 0.0206 0.0 50.0
32.87166 140.5826 0.0207 0.0 50.0
35.823036 141.46375 0.0207 0.0 50.0
35.823036 141.46375 0.0208 0.0 51.0
38.874382 141.04382 0.0208 0.0 51.0
35.823036 141.46375 0.0209 0.0 51.0
38.774414 142.3449 0.0209 0.0 51.0
29.920279 139.70145 0.0210 4.0 49.0
32.241966 141.72551 0.0210 4.0 49.0
32.241966 141.72551 0.0211 0.0 50.0
33.517258 144.5292 0.0211 0.0 50.0
32.241966 141.72551 0.0212 3.0 50.0
34.563652 143.74957 0.0212 3.0 50.0
34.563652 143.74957 0.0213 0.0 51.0
37.51503 144.63072 0.0213 0.0 51.0
34.563652 143.74957 0.0214 2.0 51.0
36.885338 145.77364 0.0214 2.0 51.0
36.885338 145.77364 0.0215 1.0 52.0
38.16063 148.57733 0.0215 1.0 52.0
38.16063 148.57733 0.0216 0.0 53.0
38.16063 151.65744 0.0216 0.0 53.0
38.16063 148.57733 0.0217 0.0 53.0
39.43592 151.38103 0.0217 0.0 53.0
39.43592 151.38103 0.0218 0.0 54.0
41.757607 153.40509 0.0218 0.0 54.0
39.43592 151.38103 0.0219 0.0 54.0
40.711212 154.18472 0.0219 0.0 54.0
36.885338 145.77364 0.0220 1.0 52.0
39.207024 147.7977 0.0220 1.0 52.0
39.207024 147.7977 0.0221 0.0 53.0
40.482315 150.6014 0.0221 0.0 53.0
39.207024 147.7977 0.0222 0.0 53.0
41.52871 149.82176 0.0222 0.0 53.0
41.52871 149.82176 0.0223 0.0 54.0
44.480087 150.70291 0.0223 0.0 54.0
41.52871 149.82176 0.0224 0.0 54.0
43.850395 151.84583 0.0224 0.0 54.0
22.955221 133.62926 0.0225 7.0 46.0
24.23051 136.43295 0.0225 7.0 46.0
24.23051 136.43295 0.0226 0.0 47.0
24.23051 139.51306 0.0226 0.0 47.0
24.23051 136.43295 0.0227 6.0 47.0
25.5058 139.23665 0.0227 6.0 47.0
25.5058 139.23665 0.0228 0.0 48.0
27.827486 141.26071 0.0228 0.0 48.0
25.5058 139.23665 0.0229 5.0 48.0
26.78109 142.04034 0.0229 5.0 48.0
26.78109 142.04034 0.0230 1.0 49.0
29.102776 144.0644 0.0230 1.0 49.0
29.102776 144.0644 0.0231 0.0 50.0
30.378065 146.8681 0.0231 0.0 50.0
29.102776 144.0644 0.0232 0.0 50.0
31.424461 146.08847 0.0232 0.0 50.0
31.424461 146.08847 0.0233 0.0 51.0
34.37584 146.96962 0.0233 0.0 51.0
31.424461 146.08847 0.0234 0.0 51.0
33.746147 148.11253 0.0234 0.0 51.0
26.78109 142.04034 0.0235 4.0 49.0
28.05638 144.84404 0.0235 4.0 49.0
28.05638 144.84404 0.0236 0.0 50.0
28.05638 147.92415 0.0236 0.0 50.0
28.05638 144.84404 0.0237 3.0 50.0
29.331669 147.64774 0.0237 3.0 50.0
29.331669 147.64774 0.0238 0.0 51.0
31.653355 149.6718 0.0238 0.0 51.0
29.331669 147.64774 0.0239 2.0 51.0
30.606958 150.45143 0.0239 2.0 51.0
30.606958 150.45143 0.0240 1.0 52.0
30.606958 153.53154 0.0240 1.0 52.0
30.606958 153.53154 0.0241 0.0 53.0
29.331669 156.33524 0.0241 0.0 53.0
30.606958 153.53154 0.0242 0.0 53.0
30.606958 156.61165 0.0242 0.0 53.0
30.606958 156.61165 0.0243 0.0 54.0
31.882248 159.41534 0.0243 0.0 54.0
30.606958 156.61165 0.0244 0.0 54.0
30.606958 159.69176 0.0244 0.0 54.0
30.606958 150.45143 0.0245 1.0 52.0
31.882248 153.25513 0.0245 1.0 52.0
31.882248 153.25513 0.0246 0.0 53.0
31.882248 156.33524 0.0246 0.0 53.0
31.882248 153.25513 0.0247 0.0 53.0
33.15754 156.05882 0.0247 0.0 53.0
33.15754 156.05882 0.0248 0.0 54.0
35.479225 158.08289 0.0248 0.0 54.0
33.15754 156.05882 0.0249 0.0 54.0
34.43283 158.86252 0.0249 0.0 54.0
0.0 83.16286 0.0250 52.0 28.0
0.0 86.242966 0.0250 52.0 28.0
0.0 86.242966 0.0251 0.0 29.0
-1.2752901 89.04665 0.0251 0.0 29.0
0.0 86.242966 0.0252 51.0 29.0
0.0 89.323074 0.0252 51.0 29.0
0.0 89.323074 0.0253 0.0 30.0
1.2752901 92.12676 0.0253 0.0 30.0
0.0 89.323074 0.0254 50.0 30.0
0.0 92.40318 0.0254 50.0 30.0
0.0 92.40318 0.0255 1.0 31.0
1.2752901 95.20687 0.0255 1.0 31.0
1.2752901 95.20687 0.0256 0.0 32.0
1.2752901 98.28697 0.0256 0.0 32.0
1.2752901 95.20687 0.0257 0.0 32.0
2.5505803 98.01056 0.0257 0.0 32.0
2.5505803 98.01056 0.0258 0.0 33.0
4.872267 100.03462 0.0258 0.0 33.0
2.5505803 98.01056 0.0259 0.0 33.0
3.8258705 100.81425 0.0259 0.0 33.0
0.0 92.40318 0.0260 49.0 31.0
0.0 95.48329 0.0260 49.0 31.0
0.0 95.48329 0.0261 0.0 32.0
-1.2752901 98.28698 0.0261 0.0 32.0
0.0 95.48329 0.0262 48.0 32.0
0.0 98.5634 0.0262 48.0 32.0
0.0 98.5634 0.0263 0.0 33.0
1.2752901 101.36709 0.0263 0.0 33.0
0.0 98.5634 0.0264 47.0 33.0
0.0 101.64351 0.0264 47.0 33.0
0.0 101.64351 0.0265 1.0 34.0
-1.2752901 104.4472 0.0265 1.0 34.0
-1.2752901 104.4472 0.0266 0.0 35.0
-3.5969768 106.47126 0.0266 0.0 35.0
-1.2752901 104.4472 0.0267 0.0 35.0
-2.5505803 107.250885 0.0267 0.0 35.0
-2.5505803 107.250885 0.0268 0.0 36.0
-2.5505803 110.33099 0.0268 0.0 36.0
-2.5505803 107.250885 0.0269 0.0 36.0
-3.8258705 110.05457 0.0269 0.0 36.0
0.0 101.64351 0.0270 46.0 34.0
0.0 104.72362 0.0270 46.0 34.0
0.0 104.72362 0.0271 0.0 35.0
-1.2752901 107.527306 0.0271 0.0 35.0
0.0 104.72362 0.0272 45.0 35.0
0.0 107.80373 0.0272 45.0 35.0
0.0 107.80373 0.0273 0.0 36.0
1.2752901 110.607414 0.0273 0.0 36.0
0.0 107.80373 0.0274 44.0 36.0
0.0 110.883835 0.0274 44.0 36.0
0.0 110.883835 0.0275 7.0 37.0
1.2752901 113.68752 0.0275 7.0 37.0
1.2752901 113.68752 0.0276 0.0 38.0
1.2752901 116.767624 0.0276 0.0 38.0
1.2752901 113.68752 0.0277 6.0 38.0
2.5505803 116.49121 0.0277 6.0 38.0
2.5505803 116.49121 0.0278 0.0 39.0
4.872267 118.515274 0.0278 0.0 39.0
2.5505803 116.49121 0.0279 5.0 39.0
3.8258705 119.2949 0.0279 5.0 39.0
3.8258705 119.2949 0.0280 1.0 40.0
6.1475573 121.31896 0.0280 1.0 40.0
6.1475573 121.31896 0.0281 0.0 41.0
7.4228473 124.12265 0.0281 0.0 41.0
6.1475573 121.31896 0.0282 0.0 41.0
8.469244 123.343025 0.0282 0.0 41.0
8.469244 123.343025 0.0283 0.0 42.0
11.420622 124.22417 0.0283 0.0 42.0
8.469244 123.343025 0.0284 0.0 42.0
10.790931 125.36709 0.0284 0.0 42.0
3.8258705 119.2949 0.0285 4.0 40.0
5.1011605 122.09859 0.0285 4.0 40.0
5.1011605 122.09859 0.0286 0.0 41.0
5.1011605 125.178696 0.0286 0.0 41.0
5.1011605 122.09859 0.0287 3.0 41.0
6.3764505 124.902275 0.0287 3.0 41.0
6.3764505 124.902275 0.0288 0.0 42.0
8.698137 126.92634 0.0288 0.0 42.0
6.3764505 124.902275 0.0289 2.0 42.0
7.6517406 127.70596 0.0289 2.0 42.0
7.6517406 127.70596 0.0290 1.0 43.0
7.6517406 130.78607 0.0290 1.0 43.0
7.6517406 130.78607 0.0291 0.0 44.0
6.3764505 133.58977 0.0291 0.0 44.0
7.6517406 130.78607 0.0292 0.0 44.0
7.6517406 133.86618 0.0292 0.0 44.0
7.6517406 133.86618 0.0293 0.0 45.0
8.927031 136.66988 0.0293 0.0 45.0
7.6517406 133.86618 0.0294 0.0 45.0
7.6517406 136.94629 0.0294 0.0 45.0
7.6517406 127.70596 0.0295 1.0 43.0
8.927031 130.50966 0.0295 1.0 43.0
8.927031 130.50966 0.0296 0.0 44.0
8.927031 133.58977 0.0296 0.0 44.0
8.927031 130.50966 0.0297 0.0 44.0
10.202321 133.31335 0.0297 0.0 44.0
10.202321 133.31335 0.0298 0.0 45.0
12.524008 135.33742 0.0298 0.0 45.0
10.202321 133.31335 0.0299 0.0 45.0
11.477612 136.11705 0.0299 0.0 45.0
0.0 110.883835 0.0300 43.0 37.0
0.0 113.96394 0.0300 43.0 37.0
0.0 113.96394 0.0301 0.0 38.0
-1.2752901 116.76763 0.0301 0.0 38.0
0.0 113.96394 0.0302 42.0 38.0
0.0 117.04405 0.0302 42.0 38.0
0.0 117.04405 0.0303 0.0 39.0
1.2752901 119.84774 0.0303 0.0 39.0
0.0 117.04405 0.0304 41.0 39.0
0.0 120.12416 0.0304 41.0 39.0
0.0 120.12416 0.0305 1.0 40.0
1.2752901 122.92785 0.0305 1.0 40.0
1.2752901 122.92785 0.0306 0.0 41.0
1.2752901 126.00795 0.0306 0.0 41.0
1.2752901 122.92785 0.0307 0.0 41.0
2.5505803 125.73154 0.0307 0.0 41.0
2.5505803 125.73154 0.0308 0.0 42.0
4.872267 127.7556 0.0308 0.0 42.0
2.5505803 125.73154 0.0309 0.0 42.0
3.8258705 128.53523 0.0309 0.0 42.0
0.0 120.12416 0.0310 40.0 40.0
0.0 123.20427 0.0310 40.0 40.0
0.0 123.20427 0.0311 0.0 41.0
-1.2752901 126.00796 0.0311 0.0 41.0
0.0 123.20427 0.0312 39.0 41.0
0.0 126.28438 0.0312 39.0 41.0
0.0 126.28438 0.0313 0.0 42.0
1.2752901 129.08807 0.0313 0.0 42.0
0.0 126.28438 0.0314 38.0 42.0
0.0 129.36449 0.0314 38.0 42.0
0.0 129.36449 0.0315 1.0 43.0
-1.2752901 132.16818 0.0315 1.0 43.0
-1.2752901 132.16818 0.0316 0.0 44.0
-3.5969768 134.19225 0.0316 0.0 44.0
-1.2752901 132.16818 0.0317 0.0 44.0
-2.5505803 134.97188 0.0317 0.0 44.0
-2.5505803 134.97188 0.0318 0.0 45.0
-2.5505803 138.05199 0.0318 0.0 45.0
-2.5505803 134.97188 0.0319 0.0 45.0
-3.8258705 137.77557 0.0319 0.0 45.0
0.0 129.36449 0.0320 37.0 43.0
0.0 132.4446 0.0320 37.0 43.0
0.0 132.4446 0.0321 0.0 44.0
-1.2752901 135.24829 0.0321 0.0 44.0
0.0 132.4446 0.0322 36.0 44.0
0.0 135.5247 0.0322 36.0 44.0
0.0 135.5247 0.0323 0.0 45.0
1.2752901 138.3284 0.0323 0.0 45.0
0.0 135.5247 0.0324 35.0 45.0
0.0 138.60481 0.0324 35.0 45.0
0.0 138.60481 0.0325 7.0 46.0
1.2752901 141.40851 0.0325 7.0 46.0
1.2752901 141.40851 0.0326 0.0 47.0
1.2752901 144.48862 0.0326 0.0 47.0
1.2752901 141.40851 0.0327 6.0 47.0
2.5505803 144.2122 0.0327 6.0 47.0
2.5505803 144.2122 0.0328 0.0 48.0
4.872267 146.23627 0.0328 0.0 48.0
2.5505803 144.2122 0.0329 5.0 48.0
3.8258705 147.0159 0.0329 5.0 48.0
3.8258705 147.0159 0.0330 1.0 49.0
6.1475573 149.03996 0.0330 1.0 49.0
6.1475573 149.03996 0.0331 0.0 50.0
7.4228473 151.84366 0.0331 0.0 50.0
6.1475573 149.03996 0.0332 0.0 50.0
8.469244 151.06403 0.0332 0.0 50.0
8.469244 151.06403 0.0333 0.0 51.0
11.420622 151.94518 0.0333 0.0 51.0
8.469244 151.06403 0.0334 0.0 51.0
10.790931 153.08809 0.0334 0.0 51.0
3.8258705 147.0159 0.0335 4.0 49.0
5.1011605 149.8196 0.0335 4.0 49.0
5.1011605 149.8196 0.0336 0.0 50.0
5.1011605 152.8997 0.0336 0.0 50.0
5.1011605 149.8196 0.0337 3.0 50.0
6.3764505 152.62329 0.0337 3.0 50.0
6.3764505 152.62329 0.0338 0.0 51.0
8.698137 154.64735 0.0338 0.0 51.0
6.3764505 152.62329 0.0339 2.0 51.0
7.6517406 155.42699 0.0339 2.0 51.0
7.6517406 155.42699 0.0340 1.0 52.0
7.6517406 158.5071 0.0340 1.0 52.0
7.6517406 158.5071 0.0341 0.0 53.0
6.3764505 161.31079 0.0341 0.0 53.0
7.6517406 158.5071 0.0342 0.0 53.0
7.6517406 161.5872 0.0342 0.0 53.0
7.6517406 161.5872 0.0343 0.0 54.0
8.927031 164.3909 0.0343 0.0 54.0
7.6517406 161.5872 0.0344 0.0 54.0
7.6517406 164.66731 0.0344 0.0 54.0
7.6517406 155.42699 0.0345 1.0 52.0
8.927031 158.23068 0.0345 1.0 52.0
8.927031 158.23068 0.0346 0.0 53.0
8.927031 161.31079 0.0346 0.0 53.0
8.927031 158.23068 0.0347 0.0 53.0
10.202321 161.03438 0.0347 0.0 53.0
10.202321 161.03438 0.0348 0.0 54.0
12.524008 163.05844 0.0348 0.0 54.0
10.202321 161.03438 0.0349 0.0 54.0
11.477612 163.83807 0.0349 0.0 54.0
0.0 138.60481 0.0350 34.0 46.0
0.0 141.68492 0.0350 34.0 46.0
0.0 141.68492 0.0351 0.0 47.0
-1.2752901 144.48862 0.0351 0.0 47.0
0.0 141.68492 0.0352 33.0 47.0
0.0 144.76503 0.0352 33.0 47.0
0.0 144.76503 0.0353 0.0 48.0
1.2752901 147.56873 0.0353 0.0 48.0
0.0 144.76503 0.0354 32.0 48.0
0.0 147.84514 0.0354 32.0 48.0
0.0 147.84514 0.0355 1.0 49.0
1.2752901 150.64883 0.0355 1.0 49.0
1.2752901 150.64883 0.0356 0.0 50.0
1.2752901 153.72894 0.0356 0.0 50.0
1.2752901 150.64883 0.0357 0.0 50.0
2.5505803 153.45253 0.0357 0.0 50.0
2.5505803 153.45253 0.0358 0.0 51.0
4.872267 155.4766 0.0358 0.0 51.0
2.5505803 153.45253 0.0359 0.0 51.0
3.8258705 156.25623 0.0359 0.0 51.0
0.0 147.84514 0.0360 31.0 49.0
0.0 150.92525 0.0360 31.0 49.0
0.0 150.92525 0.0361 0.0 50.0
-1.2752901 153.72894 0.0361 0.0 50.0
0.0 150.92525 0.0362 30.0 50.0
0.0 154.00536 0.0362 30.0 50.0
0.0 154.00536 0.0363 0.0 51.0
1.2752901 156.80905 0.0363 0.0 51.0
0.0 154.00536 0.0364 29.0 51.0
0.0 157.08546 0.0364 29.0 51.0
0.0 157.08546 0.0365 1.0 52.0
-1.2752901 159.88916 0.0365 1.0 52.0
-1.2752901 159.88916 0.0366 0.0 53.0
-3.5969768 161.91322 0.0366 0.0 53.0
-1.2752901 159.88916 0.0367 0.0 53.0
-2.5505803 162.69286 0.0367 0.0 53.0
-2.5505803 162.69286 0.0368 0.0 54.0
-2.5505803 165.77296 0.0368 0.0 54.0
-2.5505803 162.69286 0.0369 0.0 54.0
-3.8258705 165.49655 0.0369 0.0 54.0
0.0 157.08546 0.0370 28.0 52.0
0.0 160.16557 0.0370 28.0 52.0
0.0 160.16557 0.0371 0.0 53.0
-1.2752901 162.96927 0.0371 0.0 53.0
0.0 160.16557 0.0372 27.0 53.0
0.0 163.24568 0.0372 27.0 53.0
0.0 163.24568 0.0373 0.0 54.0
1.2752901 166.04938 0.0373 0.0 54.0
0.0 163.24568 0.0374 26.0 54.0
0.0 166.32579 0.0374 26.0 54.0
0.0 166.32579 0.0375 25.0 55.0
-1.2752901 169.12949 0.0375 25.0 55.0
-1.2752901 169.12949 0.0376 0.0 56.0
-3.5969768 171.15355 0.0376 0.0 56.0
-1.2752901 169.12949 0.0377 24.0 56.0
-2.5505803 171.93318 0.0377 24.0 56.0
-2.5505803 171.93318 0.0378 0.0 57.0
-2.5505803 175.01329 0.0378 0.0 57.0
-2.5505803 171.93318 0.0379 23.0 57.0
-3.8258705 174.73688 0.0379 23.0 57.0
-3.8258705 174.73688 0.0380 1.0 58.0
-3.8258705 177.81699 0.0380 1.0 58.0
-3.8258705 177.81699 0.0381 0.0 59.0
-5.1011605 180.62068 0.0381 0.0 59.0
-3.8258705 177.81699 0.0382 0.0 59.0
-3.8258705 180.8971 0.0382 0.0 59.0
-3.8258705 180.8971 0.0383 0.0 60.0
-2.5505805 183.70079 0.0383 0.0 60.0
-3.8258705 180.8971 0.0384 0.0 60.0
-3.8258705 183.9772 0.0384 0.0 60.0
-3.8258705 174.73688 0.0385 22.0 58.0
-5.1011605 177.54057 0.0385 22.0 58.0
-5.1011605 177.54057 0.0386 0.0 59.0
-7.422847 179.56464 0.0386 0.0 59.0
-5.1011605 177.54057 0.0387 21.0 59.0
-6.3764505 180.34427 0.0387 21.0 59.0
-6.3764505 180.34427 0.0388 0.0 60.0
-6.3764505 183.42438 0.0388 0.0 60.0
-6.3764505 180.34427 0.0389 20.0 60.0
-7.6517406 183.14796 0.0389 20.0 60.0
-7.6517406 183.14796 0.0390 1.0 61.0
-9.973427 185.17203 0.0390 1.0 61.0
-9.973427 185.17203 0.0391 0.0 62.0
-12.924805 186.05318 0.0391 0.0 62.0
-9.973427 185.17203 0.0392 0.0 62.0
-12.295114 187.19609 0.0392 0.0 62.0
-12.295114 187.19609 0.0393 0.0 63.0
-13.570404 189.99979 0.0393 0.0 63.0
-12.295114 187.19609 0.0394 0.0 63.0
-14.6168 189.22015 0.0394 0.0 63.0
-7.6517406 183.14796 0.0395 19.0 61.0
-8.927031 185.95166 0.0395 19.0 61.0
-8.927031 185.95166 0.0396 0.0 62.0
-11.248717 187.97572 0.0396 0.0 62.0
-8.927031 185.95166 0.0397 18.0 62.0
-10.202321 188.75536 0.0397 18.0 62.0
-10.202321 188.75536 0.0398 0.0 63.0
-10.202321 191.83546 0.0398 0.0 63.0
-10.202321 188.75536 0.0399 17.0 63.0
-11.477612 191.55905 0.0399 17.0 63.0
-11.477612 191.55905 0.0400 7.0 64.0
-11.477612 194.63916 0.0400 7.0 64.0
-11.477612 194.63916 0.0401 0.0 65.0
-12.752902 197.44286 0.0401 0.0 65.0
-11.477612 194.63916 0.0402 6.0 65.0
-11.477612 197.71927 0.0402 6.0 65.0
-11.477612 197.71927 0.0403 0.0 66.0
-10.202321 200.52296 0.0403 0.0 66.0
-11.477612 197.71927 0.0404 5.0 66.0
-11.477612 200.79938 0.0404 5.0 66.0
-11.477612 200.79938 0.0405 1.0 67.0
-10.202321 203.60307 0.0405 1.0 67.0
-10.202321 203.60307 0.0406 0.0 68.0
-10.202321 206.68318 0.0406 0.0 68.0
-10.202321 203.60307 0.0407 0.0 68.0
-8.927031 206.40677 0.0407 0.0 68.0
-8.927031 206.40677 0.0408 0.0 69.0
-6.605344 208.43083 0.0408 0.0 69.0
-8.927031 206.40677 0.0409 0.0 69.0
-7.6517406 209.21046 0.0409 0.0 69.0
-11.477612 200.79938 0.0410 4.0 67.0
-11.477612 203.87949 0.0410 4.0 67.0
-11.477612 203.87949 0.0411 0.0 68.0
-12.752902 206.68318 0.0411 0.0 68.0
-11.477612 203.87949 0.0412 3.0 68.0
-11.477612 206.9596 0.0412 3.0 68.0
-11.477612 206.9596 0.0413 0.0 69.0
-10.202321 209.76329 0.0413 0.0 69.0
-11.477612 206.9596 0.0414 2.0 69.0
-11.477612 210.0397 0.0414 2.0 69.0
-11.477612 210.0397 0.0415 1.0 70.0
-12.752902 212.8434 0.0415 1.0 70.0
-12.752902 212.8434 0.0416 0.0 71.0
-15.074589 214.86746 0.0416 0.0 71.0
-12.752902 212.8434 0.0417 0.0 71.0
-14.0281925 215.6471 0.0417 0.0 71.0
-14.0281925 215.6471 0.0418 0.0 72.0
-14.0281925 218.7272 0.0418 0.0 72.0
-14.0281925 215.6471 0.0419 0.0 72.0
-15.303483 218.45079 0.0419 0.0 72.0
-11.477612 210.0397 0.0420 1.0 70.0
-11.477612 213.11981 0.0420 1.0 70.0
-11.477612 213.11981 0.0421 0.0 71.0
-12.752902 215.92351 0.0421 0.0 71.0
-11.477612 213.11981 0.0422 0.0 71.0
-11.477612 216.19992 0.0422 0.0 71.0
-11.477612 216.19992 0.0423 0.0 72.0
-10.202321 219.00362 0.0423 0.0 72.0
-11.477612 216.19992 0.0424 0.0 72.0
-11.477612 219.28003 0.0424 0.0 72.0
-11.477612 191.55905 0.0425 16.0 64.0
-12.752902 194.36275 0.0425 16.0 64.0
-12.752902 194.36275 0.0426 0.0 65.0
-15.074589 196.38681 0.0426 0.0 65.0
-12.752902 194.36275 0.0427 15.0 65.0
-14.0281925 197.16644 0.0427 15.0 65.0
-14.0281925 197.16644 0.0428 0.0 66.0
-14.0281925 200.24655 0.0428 0.0 66.0
-14.0281925 197.16644 0.0429 14.0 66.0
-15.303483 199.97014 0.0429 14.0 66.0
-15.303483 199.97014 0.0430 1.0 67.0
-15.303483 203.05025 0.0430 1.0 67.0
-15.303483 203.05025 0.0431 0.0 68.0
-16.578773 205.85394 0.0431 0.0 68.0
-15.303483 203.05025 0.0432 0.0 68.0
-15.303483 206.13036 0.0432 0.0 68.0
-15.303483 206.13036 0.0433 0.0 69.0
-14.0281925 208.93405 0.0433 0.0 69.0
-15.303483 206.13036 0.0434 0.0 69.0
-15.303483 209.21046 0.0434 0.0 69.0
-15.303483 199.97014 0.0435 13.0 67.0
-16.578773 202.77383 0.0435 13.0 67.0
-16.578773 202.77383 0.0436 0.0 68.0
-18.90046 204.7979 0.0436 0.0 68.0
-16.578773 202.77383 0.0437 12.0 68.0
-17.854063 205.57753 0.0437 12.0 68.0
-17.854063 205.57753 0.0438 0.0 69.0
-17.854063 208.65764 0.0438 0.0 69.0
-17.854063 205.57753 0.0439 11.0 69.0
-19.129353 208.38123 0.0439 11.0 69.0
-19.129353 208.38123 0.0440 1.0 70.0
-21.451038 210.40529 0.0440 1.0 70.0
-21.451038 210.40529 0.0441 0.0 71.0
-24.402416 211.28644 0.0441 0.0 71.0
-21.451038 210.40529 0.0442 0.0 71.0
-23.772724 212.42935 0.0442 0.0 71.0
-23.772724 212.42935 0.0443 0.0 72.0
-25.048014 215.23305 0.0443 0.0 72.0
-23.772724 212.42935 0.0444 0.0 72.0
-26.09441 214.45341 0.0444 0.0 72.0
-19.129353 208.38123 0.0445 10.0 70.0
-20.404642 211.18492 0.0445 10.0 70.0
-20.404642 211.18492 0.0446 0.0 71.0
-22.726328 213.20898 0.0446 0.0 71.0
-20.404642 211.18492 0.0447 9.0 71.0
-21.679932 213.98862 0.0447 9.0 71.0
-21.679932 213.98862 0.0448 0.0 72.0
-21.679932 217.06873 0.0448 0.0 72.0
-21.679932 213.98862 0.0449 8.0 72.0
-22.955221 216.79231 0.0449 8.0 72.0
-22.955221 216.79231 0.0450 7.0 73.0
-22.955221 219.87242 0.0450 7.0 73.0
-22.955221 219.87242 0.0451 0.0 74.0
-24.23051 222.67612 0.0451 0.0 74.0
-22.955221 219.87242 0.0452 6.0 74.0
-22.955221 222.95253 0.0452 6.0 74.0
-22.955221 222.95253 0.0453 0.0 75.0
-21.679932 225.75623 0.0453 0.0 75.0
-22.955221 222.95253 0.0454 5.0 75.0
-22.955221 226.03264 0.0454 5.0 75.0
-22.955221 226.03264 0.0455 1.0 76.0
-21.679932 228.83633 0.0455 1.0 76.0
-21.679932 228.83633 0.0456 0.0 77.0
-21.679932 231.91644 0.0456 0.0 77.0
-21.679932 228.83633 0.0457 0.0 77.0
-20.404642 231.64003 0.0457 0.0 77.0
-20.404642 231.64003 0.0458 0.0 78.0
-18.082956 233.6641 0.0458 0.0 78.0
-20.404642 231.64003 0.0459 0.0 78.0
-19.129353 234.44373 0.0459 0.0 78.0
-22.955221 226.03264 0.0460 4.0 76.0
-22.955221 229.11275 0.0460 4.0 76.0
-22.955221 229.11275 0.0461 0.0 77.0
-24.23051 231.91644 0.0461 0.0 77.0
-22.955221 229.11275 0.0462 3.0 77.0
-22.955221 232.19286 0.0462 3.0 77.0
-22.955221 232.19286 0.0463 0.0 78.0
-21.679932 234.99655 0.0463 0.0 78.0
-22.955221 232.19286 0.0464 2.0 78.0
-22.955221 235.27296 0.0464 2.0 78.0
-22.955221 235.27296 0.0465 1.0 79.0
-24.23051 238.07666 0.0465 1.0 79.0
-24.23051 238.07666 0.0466 0.0 80.0
-26.552197 240.10072 0.0466 0.0 80.0
-24.23051 238.07666 0.0467 0.0 80.0
-25.5058 240.88036 0.0467 0.0 80.0
-25.5058 240.88036 0.0468 0.0 81.0
-25.5058 243.96046 0.0468 0.0 81.0
-25.5058 240.88036 0.0469 0.0 81.0
-26.78109 243.68405 0.0469 0.0 81.0
-22.955221 235.27296 0.0470 1.0 79.0
-22.955221 238.35307 0.0470 1.0 79.0
-22.955221 238.35307 0.0471 0.0 80.0
-24.23051 241.15677 0.0471 0.0 80.0
-22.955221 238.35307 0.0472 0.0 80.0
-22.955221 241.43318 0.0472 0.0 80.0
-22.955221 241.43318 0.0473 0.0 81.0
-21.679932 244.23688 0.0473 0.0 81.0
-22.955221 241.43318 0.0474 0.0 81.0
-22.955221 244.51329 0.0474 0.0 81.0
-22.955221 216.79231 0.0475 7.0 73.0
-24.23051 219.59601 0.0475 7.0 73.0
-24.23051 219.59601 0.0476 0.0 74.0
-26.552197 221.62007 0.0476 0.0 74.0
-24.23051 219.59601 0.0477 6.0 74.0
-25.5058 222.3997 0.0477 6.0 74.0
-25.5058 222.3997 0.0478 0.0 75.0
-25.5058 225.47981 0.0478 0.0 75.0
-25.5058 222.3997 0.0479 5.0 75.0
-26.78109 225.2034 0.0479 5.0 75.0
-26.78109 225.2034 0.0480 1.0 76.0
-26.78109 228.28351 0.0480 1.0 76.0
-26.78109 228.28351 0.0481 0.0 77.0
-28.05638 231.0872 0.0481 0.0 77.0
-26.78109 228.28351 0.0482 0.0 77.0
-26.78109 231.36362 0.0482 0.0 77.0
-26.78109 231.36362 0.0483 0.0 78.0
-25.5058 234.16731 0.0483 0.0 78.0
-26.78109 231.36362 0.0484 0.0 78.0
-26.78109 234.44373 0.0484 0.0 78.0
-26.78109 225.2034 0.0485 4.0 76.0
-28.05638 228.0071 0.0485 4.0 76.0
-28.05638 228.0071 0.0486 0.0 77.0
-30.378065 230.03116 0.0486 0.0 77.0
-28.05638 228.0071 0.0487 3.0 77.0
-29.331669 230.81079 0.0487 3.0 77.0
-29.331669 230.81079 0.0488 0.0 78.0
-29.331669 233.8909 0.0488 0.0 78.0
-29.331669 230.81079 0.0489 2.0 78.0
-30.606958 233.61449 0.0489 2.0 78.0
-30.606958 233.61449 0.0490 1.0 79.0
-32.928646 235.63855 0.0490 1.0 79.0
-32.928646 235.63855 0.0491 0.0 80.0
-35.880024 236.5197 0.0491 0.0 80.0
-32.928646 235.63855 0.0492 0.0 80.0
-35.25033 237.66261 0.0492 0.0 80.0
-35.25033 237.66261 0.0493 0.0 81.0
-36.525623 240.46631 0.0493 0.0 81.0
-35.25033 237.66261 0.0494 0.0 81.0
-37.572018 239.68668 0.0494 0.0 81.0
-30.606958 233.61449 0.0495 1.0 79.0
-31.882248 236.41818 0.0495 1.0 79.0
-31.882248 236.41818 0.0496 0.0 80.0
-34.203934 238.44225 0.0496 0.0 80.0
-31.882248 236.41818 0.0497 0.0 80.0
-33.15754 239.22188 0.0497 0.0 80.0
-33.15754 239.22188 0.0498 0.0 81.0
-33.15754 242.30199 0.0498 0.0 81.0
-33.15754 239.22188 0.0499 0.0 81.0
-34.43283 242.02557 0.0499 0.0 81.0
0.0 166.32579 0.0500 25.0 55.0
0.0 169.4059 0.0500 25.0 55.0
0.0 169.4059 0.0501 0.0 56.0
-1.2752901 172.2096 0.0501 0.0 56.0
0.0 169.4059 0.0502 24.0 56.0
0.0 172.48601 0.0502 24.0 56.0
0.0 172.48601 0.0503 0.0 57.0
1.2752901 175.2897 0.0503 0.0 57.0
0.0 172.48601 0.0504 23.0 57.0
0.0 175.56612 0.0504 23.0 57.0
0.0 175.56612 0.0505 1.0 58.0
1.2752901 178.36981 0.0505 1.0 58.0
1.2752901 178.36981 0.0506 0.0 59.0
1.2752901 181.44992 0.0506 0.0 59.0
1.2752901 178.36981 0.0507 0.0 59.0
2.5505803 181.17351 0.0507 0.0 59.0
2.5505803 181.17351 0.0508 0.0 60.0
4.872267 183.19757 0.0508 0.0 60.0
2.5505803 181.17351 0.0509 0.0 60.0
3.8258705 183.9772 0.0509 0.0 60.0
0.0 175.56612 0.0510 22.0 58.0
0.0 178.64622 0.0510 22.0 58.0
0.0 178.64622 0.0511 0.0 59.0
-1.2752901 181.44992 0.0511 0.0 59.0
0.0 178.64622 0.0512 21.0 59.0
0.0 181.72633 0.0512 21.0 59.0
0.0 181.72633 0.0513 0.0 60.0
1.2752901 184.53003 0.0513 0.0 60.0
0.0 181.72633 0.0514 20.0 60.0
0.0 184.80644 0.0514 20.0 60.0
0.0 184.80644 0.0515 1.0 61.0
-1.2752901 187.61014 0.0515 1.0 61.0
-1.2752901 187.61014 0.0516 0.0 62.0
-3.5969768 189.6342 0.0516 0.0 62.0
-1.2752901 187.61014 0.0517 0.0 62.0
-2.5505803 190.41383 0.0517 0.0 62.0
-2.5505803 190.41383 0.0518 0.0 63.0
-2.5505803 193.49394 0.0518 0.0 63.0
-2.5505803 190.41383 0.0519 0.0 63.0
-3.8258705 193.21753 0.0519 0.0 63.0
0.0 184.80644 0.0520 19.0 61.0
0.0 187.88655 0.0520 19.0 61.0
0.0 187.88655 0.0521 0.0 62.0
-1.2752901 190.69025 0.0521 0.0 62.0
0.0 187.88655 0.0522 18.0 62.0
0.0 190.96666 0.0522 18.0 62.0
0.0 190.96666 0.0523 0.0 63.0
1.2752901 193.77036 0.0523 0.0 63.0
0.0 190.96666 0.0524 17.0 63.0
0.0 194.04677 0.0524 17.0 63.0
0.0 194.04677 0.0525 7.0 64.0
1.2752901 196.85046 0.0525 7.0 64.0
1.2752901 196.85046 0.0526 0.0 65.0
1.2752901 199.93057 0.0526 0.0 65.0
1.2752901 196.85046 0.0527 6.0 65.0
2.5505803 199.65416 0.0527 6.0 65.0
2.5505803 199.65416 0.0528 0.0 66.0
4.872267 201.67822 0.0528 0.0 66.0
2.5505803 199.65416 0.0529 5.0 66.0
3.8258705 202.45786 0.0529 5.0 66.0
3.8258705 202.45786 0.0530 1.0 67.0
6.1475573 204.48192 0.0530 1.0 67.0
6.1475573 204.48192 0.0531 0.0 68.0
7.4228473 207.28561 0.0531 0.0 68.0
6.1475573 204.48192 0.0532 0.0 68.0
8.469244 206.50598 0.0532 0.0 68.0
8.469244 206.50598 0.0533 0.0 69.0
11.420622 207.38713 0.0533 0.0 69.0
8.469244 206.50598 0.0534 0.0 69.0
10.790931 208.53004 0.0534 0.0 69.0
3.8258705 202.45786 0.0535 4.0 67.0
5.1011605 205.26155 0.0535 4.0 67.0
5.1011605 205.26155 0.0536 0.0 68.0
5.1011605 208.34166 0.0536 0.0 68.0
5.1011605 205.26155 0.0537 3.0 68.0
6.3764505 208.06525 0.0537 3.0 68.0
6.3764505 208.06525 0.0538 0.0 69.0
8.698137 210.08931 0.0538 0.0 69.0
6.3764505 208.06525 0.0539 2.0 69.0
7.6517406 210.86894 0.0539 2.0 69.0
7.6517406 210.86894 0.0540 1.0 70.0
7.6517406 213.94905 0.0540 1.0 70.0
7.6517406 213.94905 0.0541 0.0 71.0
6.3764505 216.75275 0.0541 0.0 71.0
7.6517406 213.94905 0.0542 0.0 71.0
7.6517406 217.02916 0.0542 0.0 71.0
7.6517406 217.02916 0.0543 0.0 72.0
8.927031 219.83286 0.0543 0.0 72.0
7.6517406 217.02916 0.0544 0.0 72.0
7.6517406 220.10927 0.0544 0.0 72.0
7.6517406 210.86894 0.0545 1.0 70.0
8.927031 213.67264 0.0545 1.0 70.0
8.927031 213.67264 0.0546 0.0 71.0
8.927031 216.75275 0.0546 0.0 71.0
8.927031 213.67264 0.0547 0.0 71.0
10.202321 216.47633 0.0547 0.0 71.0
10.202321 216.47633 0.0548 0.0 72.0
12.524008 218.5004 0.0548 0.0 72.0
10.202321 216.47633 0.0549 0.0 72.0
11.477612 219.28003 0.0549 0.0 72.0
0.0 194.04677 0.0550 16.0 64.0
0.0 197.12688 0.0550 16.0 64.0
0.0 197.12688 0.0551 0.0 65.0
-1.2752901 199.93057 0.0551 0.0 65.0
0.0 197.12688 0.0552 15.0 65.0
0.0 200.20699 0.0552 15.0 65.0
0.0 200.20699 0.0553 0.0 66.0
1.2752901 203.01068 0.0553 0.0 66.0
0.0 200.20699 0.0554 14.0 66.0
0.0 203.2871 0.0554 14.0 66.0
0.0 203.2871 0.0555 1.0 67.0
1.2752901 206.09079 0.0555 1.0 67.0
1.2752901 206.09079 0.0556 0.0 68.0
1.2752901 209.1709 0.0556 0.0 68.0
1.2752901 206.09079 0.0557 0.0 68.0
2.5505803 208.89449 0.0557 0.0 68.0
2.5505803 208.89449 0.0558 0.0 69.0
4.872267 210.91855 0.0558 0.0 69.0
2.5505803 208.89449 0.0559 0.0 69.0
3.8258705 211.69818 0.0559 0.0 69.0
0.0 203.2871 0.0560 13.0 67.0
0.0 206.3672 0.0560 13.0 67.0
0.0 206.3672 0.0561 0.0 68.0
-1.2752901 209.1709 0.0561 0.0 68.0
0.0 206.3672 0.0562 12.0 68.0
0.0 209.44731 0.0562 12.0 68.0
0.0 209.44731 0.0563 0.0 69.0
1.2752901 212.251 0.0563 0.0 69.0
0.0 209.44731 0.0564 11.0 69.0
0.0 212.52742 0.0564 11.0 69.0
0.0 212.52742 0.0565 1.0 70.0
-1.2752901 215.33112 0.0565 1.0 70.0
-1.2752901 215.33112 0.0566 0.0 71.0
-3.5969768 217.35518 0.0566 0.0 71.0
-1.2752901 215.33112 0.0567 0.0 71.0
-2.5505803 218.13481 0.0567 0.0 71.0
-2.5505803 218.13481 0.0568 0.0 72.0
-2.5505803 221.21492 0.0568 0.0 72.0
-2.5505803 218.13481 0.0569 0.0 72.0
-3.8258705 220.9385 0.0569 0.0 72.0
0.0 212.52742 0.0570 10.0 70.0
0.0 215.60753 0.0570 10.0 70.0
0.0 215.60753 0.0571 0.0 71.0
-1.2752901 218.41122 0.0571 0.0 71.0
0.0 215.60753 0.0572 9.0 71.0
0.0 218.68764 0.0572 9.0 71.0
0.0 218.68764 0.0573 0.0 72.0
1.2752901 221.49133 0.0573 0.0 72.0
0.0 218.68764 0.0574 8.0 72.0
0.0 221.76775 0.0574 8.0 72.0
0.0 221.76775 0.0575 7.0 73.0
1.2752901 224.57144 0.0575 7.0 73.0
1.2752901 224.57144 0.0576 0.0 74.0
1.2752901 227.65155 0.0576 0.0 74.0
1.2752901 224.57144 0.0577 6.0 74.0
2.5505803 227.37514 0.0577 6.0 74.0
2.5505803 227.37514 0.0578 0.0 75.0
4.872267 229.3992 0.0578 0.0 75.0
2.5505803 227.37514 0.0579 5.0 75.0
3.8258705 230.17883 0.0579 5.0 75.0
3.8258705 230.17883 0.0580 1.0 76.0
6.1475573 232.2029 0.0580 1.0 76.0
6.1475573 232.2029 0.0581 0.0 77.0
7.4228473 235.00659 0.0581 0.0 77.0
6.1475573 232.2029 0.0582 0.0 77.0
8.469244 234.22696 0.0582 0.0 77.0
8.469244 234.22696 0.0583 0.0 78.0
11.420622 235.10811 0.0583 0.0 78.0
8.469244 234.22696 0.0584 0.0 78.0
10.790931 236.25102 0.0584 0.0 78.0
3.8258705 230.17883 0.0585 4.0 76.0
5.1011605 232.98253 0.0585 4.0 76.0
5.1011605 232.98253 0.0586 0.0 77.0
5.1011605 236.06264 0.0586 0.0 77.0
5.1011605 232.98253 0.0587 3.0 77.0
6.3764505 235.78622 0.0587 3.0 77.0
6.3764505 235.78622 0.0588 0.0 78.0
8.698137 237.81029 0.0588 0.0 78.0
6.3764505 235.78622 0.0589 2.0 78.0
7.6517406 238.58992 0.0589 2.0 78.0
7.6517406 238.58992 0.0590 1.0 79.0
7.6517406 241.67003 0.0590 1.0 79.0
7.6517406 241.67003 0.0591 0.0 80.0
6.3764505 244.47372 0.0591 0.0 80.0
7.6517406 241.67003 0.0592 0.0 80.0
7.6517406 244.75014 0.0592 0.0 80.0
7.6517406 244.75014 0.0593 0.0 81.0
8.927031 247.55383 0.0593 0.0 81.0
7.6517406 244.75014 0.0594 0.0 81.0
7.6517406 247.83025 0.0594 0.0 81.0
7.6517406 238.58992 0.0595 1.0 79.0
8.927031 241.39362 0.0595 1.0 79.0
8.927031 241.39362 0.0596 0.0 80.0
8.927031 244.47372 0.0596 0.0 80.0
8.927031 241.39362 0.0597 0.0 80.0
10.202321 244.19731 0.0597 0.0 80.0
10.202321 244.19731 0.0598 0.0 81.0
12.524008 246.22137 0.0598 0.0 81.0
10.202321 244.19731 0.0599 0.0 81.0
11.477612 247.001 0.0599 0.0 81.0
0.0 221.76775 0.0600 7.0 73.0
0.0 224.84785 0.0600 7.0 73.0
0.0 224.84785 0.0601 0.0 74.0
-1.2752901 227.65155 0.0601 0.0 74.0
0.0 224.84785 0.0602 6.0 74.0
0.0 227.92796 0.0602 6.0 74.0
0.0 227.92796 0.0603 0.0 75.0
1.2752901 230.73166 0.0603 0.0 75.0
0.0 227.92796 0.0604 5.0 75.0
0.0 231.00807 0.0604 5.0 75.0
0.0 231.00807 0.0605 1.0 76.0
1.2752901 233.81177 0.0605 1.0 76.0
1.2752901 233.81177 0.0606 0.0 77.0
1.2752901 236.89188 0.0606 0.0 77.0
1.2752901 233.81177 0.0607 0.0 77.0
2.5505803 236.61546 0.0607 0.0 77.0
2.5505803 236.61546 0.0608 0.0 78.0
4.872267 238.63953 0.0608 0.0 78.0
2.5505803 236.61546 0.0609 0.0 78.0
3.8258705 239.41916 0.0609 0.0 78.0
0.0 231.00807 0.0610 4.0 76.0
0.0 234.08818 0.0610 4.0 76.0
0.0 234.08818 0.0611 0.0 77.0
-1.2752901 236.89188 0.0611 0.0 77.0
0.0 234.08818 0.0612 3.0 77.0
0.0 237.16829 0.0612 3.0 77.0
0.0 237.16829 0.0613 0.0 78.0
1.2752901 239.97198 0.0613 0.0 78.0
0.0 237.16829 0.0614 2.0 78.0
0.0 240.2484 0.0614 2.0 78.0
0.0 240.2484 0.0615 1.0 79.0
-1.2752901 243.0521 0.0615 1.0 79.0
-1.2752901 243.0521 0.0616 0.0 80.0
-3.5969768 245.07616 0.0616 0.0 80.0
-1.2752901 243.0521 0.0617 0.0 80.0
-2.5505803 245.85579 0.0617 0.0 80.0
-2.5505803 245.85579 0.0618 0.0 81.0
-2.5505803 248.9359 0.0618 0.0 81.0
-2.5505803 245.85579 0.0619 0.0 81.0
-3.8258705 248.65948 0.0619 0.0 81.0
0.0 240.2484 0.0620 1.0 79.0
0.0 243.3285 0.0620 1.0 79.0
0.0 243.3285 0.0621 0.0 80.0
-1.2752901 246.1322 0.0621 0.0 80.0
0.0 243.3285 0.0622 0.0 80.0
0.0 246.40862 0.0622 0.0 80.0
0.0 246.40862 0.0623 0.0 81.0
1.2752901 249.21231 0.0623 0.0 81.0
0.0 246.40862 0.0624 0.0 81.0
0.0 249.48872 0.0624 0.0 81.0
