0.0 0.0 0.00 79.0 1.0
0.0 4.868841 0.00 79.0 1.0
0.0 4.868841 0.01 0.0 2.0
2.461826 9.069439 0.01 0.0 2.0
0.0 4.868841 0.02 78.0 2.0
0.0 9.737682 0.02 78.0 2.0
0.0 9.737682 0.03 0.0 3.0
-2.461826 13.93828 0.03 0.0 3.0
0.0 9.737682 0.04 77.0 3.0
0.0 14.6065235 0.04 77.0 3.0
0.0 14.6065235 0.05 1.0 4.0
2.461826 18.807121 0.05 1.0 4.0
2.461826 18.807121 0.06 0.0 5.0
6.709713 21.186422 0.06 0.0 5.0
2.461826 18.807121 0.07 0.0 5.0
4.923652 23.007719 0.07 0.0 5.0
4.923652 23.007719 0.08 0.0 6.0
4.923652 27.87656 0.08 0.0 6.0
4.923652 23.007719 0.09 0.0 6.0
7.385478 27.208317 0.09 0.0 6.0
0.0 14.6065235 0.010 76.0 4.0
0.0 19.475365 0.010 76.0 4.0
0.0 19.475365 0.011 0.0 5.0
2.461826 23.675962 0.011 0.0 5.0
0.0 19.475365 0.012 75.0 5.0
0.0 24.344206 0.012 75.0 5.0
0.0 24.344206 0.013 0.0 6.0
-2.461826 28.544804 0.013 0.0 6.0
0.0 24.344206 0.014 74.0 6.0
0.0 29.213047 0.014 74.0 6.0
0.0 29.213047 0.015 1.0 7.0
-2.461826 33.413647 0.015 1.0 7.0
-2.461826 33.413647 0.016 0.0 8.0
-2.461826 38.282486 0.016 0.0 8.0
-2.461826 33.413647 0.017 0.0 8.0
-4.923652 37.614246 0.017 0.0 8.0
-4.923652 37.614246 0.018 0.0 9.0
-9.171539 39.993546 0.018 0.0 9.0
-4.923652 37.614246 0.019 0.0 9.0
-7.385478 41.814846 0.019 0.0 9.0
0.0 29.213047 0.020 73.0 7.0
0.0 34.081886 0.020 73.0 7.0
0.0 34.081886 0.021 0.0 8.0
2.461826 38.282486 0.021 0.0 8.0
0.0 34.081886 0.022 72.0 8.0
0.0 38.95073 0.022 72.0 8.0
0.0 38.95073 0.023 0.0 9.0
-2.461826 43.15133 0.023 0.0 9.0
0.0 38.95073 0.024 71.0 9.0
0.0 43.819572 0.024 71.0 9.0
0.0 43.819572 0.025 7.0 10.0
2.461826 48.020172 0.025 7.0 10.0
2.461826 48.020172 0.026 0.0 11.0
6.709713 50.399475 0.026 0.0 11.0
2.461826 48.020172 0.027 6.0 11.0
4.923652 52.22077 0.027 6.0 11.0
4.923652 52.22077 0.028 0.0 12.0
4.923652 57.089615 0.028 0.0 12.0
4.923652 52.22077 0.029 5.0 12.0
7.385478 56.42137 0.029 5.0 12.0
7.385478 56.42137 0.030 1.0 13.0
11.633365 58.800674 0.030 1.0 13.0
11.633365 58.800674 0.031 0.0 14.0
16.501278 58.705566 0.031 0.0 14.0
11.633365 58.800674 0.032 0.0 14.0
15.881251 61.179977 0.032 0.0 14.0
15.881251 61.179977 0.033 0.0 15.0
18.343077 65.38058 0.033 0.0 15.0
15.881251 61.179977 0.034 0.0 15.0
20.129139 63.55928 0.034 0.0 15.0
7.385478 56.42137 0.035 4.0 13.0
9.847304 60.62197 0.035 4.0 13.0
9.847304 60.62197 0.036 0.0 14.0
14.095191 63.001274 0.036 0.0 14.0
9.847304 60.62197 0.037 3.0 14.0
12.309131 64.82257 0.037 3.0 14.0
12.309131 64.82257 0.038 0.0 15.0
12.309131 69.691414 0.038 0.0 15.0
12.309131 64.82257 0.039 2.0 15.0
14.770957 69.02317 0.039 2.0 15.0
14.770957 69.02317 0.040 1.0 16.0
14.770957 73.89201 0.040 1.0 16.0
14.770957 73.89201 0.041 0.0 17.0
17.232782 78.09261 0.041 0.0 17.0
14.770957 73.89201 0.042 0.0 17.0
14.770957 78.76086 0.042 0.0 17.0
14.770957 78.76086 0.043 0.0 18.0
12.309131 82.96146 0.043 0.0 18.0
14.770957 78.76086 0.044 0.0 18.0
14.770957 83.6297 0.044 0.0 18.0
14.770957 69.02317 0.045 1.0 16.0
17.232782 73.22377 0.045 1.0 16.0
17.232782 73.22377 0.046 0.0 17.0
21.480669 75.60307 0.046 0.0 17.0
17.232782 73.22377 0.047 0.0 17.0
19.694609 77.42437 0.047 0.0 17.0
19.694609 77.42437 0.048 0.0 18.0
19.694609 82.29321 0.048 0.0 18.0
19.694609 77.42437 0.049 0.0 18.0
22.156435 81.62497 0.049 0.0 18.0
0.0 43.819572 0.050 70.0 10.0
0.0 48.688416 0.050 70.0 10.0
0.0 48.688416 0.051 0.0 11.0
2.461826 52.889015 0.051 0.0 11.0
0.0 48.688416 0.052 69.0 11.0
0.0 53.55726 0.052 69.0 11.0
0.0 53.55726 0.053 0.0 12.0
-2.461826 57.75786 0.053 0.0 12.0
0.0 53.55726 0.054 68.0 12.0
0.0 58.4261 0.054 68.0 12.0
0.0 58.4261 0.055 1.0 13.0
2.461826 62.6267 0.055 1.0 13.0
2.461826 62.6267 0.056 0.0 14.0
6.709713 65.006004 0.056 0.0 14.0
2.461826 62.6267 0.057 0.0 14.0
4.923652 66.8273 0.057 0.0 14.0
4.923652 66.8273 0.058 0.0 15.0
4.923652 71.696144 0.058 0.0 15.0
4.923652 66.8273 0.059 0.0 15.0
7.385478 71.0279 0.059 0.0 15.0
0.0 58.4261 0.060 67.0 13.0
0.0 63.294945 0.060 67.0 13.0
0.0 63.294945 0.061 0.0 14.0
2.461826 67.495544 0.061 0.0 14.0
0.0 63.294945 0.062 66.0 14.0
0.0 68.16379 0.062 66.0 14.0
0.0 68.16379 0.063 0.0 15.0
-2.461826 72.36439 0.063 0.0 15.0
0.0 68.16379 0.064 65.0 15.0
0.0 73.03263 0.064 65.0 15.0
0.0 73.03263 0.065 1.0 16.0
-2.461826 77.23323 0.065 1.0 16.0
-2.461826 77.23323 0.066 0.0 17.0
-2.461826 82.10207 0.066 0.0 17.0
-2.461826 77.23323 0.067 0.0 17.0
-4.923652 81.43383 0.067 0.0 17.0
-4.923652 81.43383 0.068 0.0 18.0
-9.171539 83.81313 0.068 0.0 18.0
-4.923652 81.43383 0.069 0.0 18.0
-7.385478 85.63443 0.069 0.0 18.0
0.0 73.03263 0.070 64.0 16.0
0.0 77.901474 0.070 64.0 16.0
0.0 77.901474 0.071 0.0 17.0
2.461826 82.10207 0.071 0.0 17.0
0.0 77.901474 0.072 63.0 17.0
0.0 82.77032 0.072 63.0 17.0
0.0 82.77032 0.073 0.0 18.0
-2.461826 86.97092 0.073 0.0 18.0
0.0 82.77032 0.074 62.0 18.0
0.0 87.63916 0.074 62.0 18.0
0.0 87.63916 0.075 7.0 19.0
-2.461826 91.83976 0.075 7.0 19.0
-2.461826 91.83976 0.076 0.0 20.0
-2.461826 96.7086 0.076 0.0 20.0
-2.461826 91.83976 0.077 6.0 20.0
-4.923652 96.04036 0.077 6.0 20.0
-4.923652 96.04036 0.078 0.0 21.0
-9.171539 98.41966 0.078 0.0 21.0
-4.923652 96.04036 0.079 5.0 21.0
-7.385478 100.24096 0.079 5.0 21.0
-7.385478 100.24096 0.080 1.0 22.0
-7.385478 105.1098 0.080 1.0 22.0
-7.385478 105.1098 0.081 0.0 23.0
-4.9236517 109.3104 0.081 0.0 23.0
-7.385478 105.1098 0.082 0.0 23.0
-7.385478 109.978645 0.082 0.0 23.0
-7.385478 109.978645 0.083 0.0 24.0
-9.847304 114.179245 0.083 0.0 24.0
-7.385478 109.978645 0.084 0.0 24.0
-7.385478 114.84749 0.084 0.0 24.0
-7.385478 100.24096 0.085 4.0 22.0
-9.847304 104.44156 0.085 4.0 22.0
-9.847304 104.44156 0.086 0.0 23.0
-9.847304 109.3104 0.086 0.0 23.0
-9.847304 104.44156 0.087 3.0 23.0
-12.309131 108.64216 0.087 3.0 23.0
-12.309131 108.64216 0.088 0.0 24.0
-16.557018 111.02146 0.088 0.0 24.0
-12.309131 108.64216 0.089 2.0 24.0
-14.770957 112.84276 0.089 2.0 24.0
-14.770957 112.84276 0.090 1.0 25.0
-19.018845 115.22206 0.090 1.0 25.0
-19.018845 115.22206 0.091 0.0 26.0
-21.48067 119.42266 0.091 0.0 26.0
-19.018845 115.22206 0.092 0.0 26.0
-23.266731 117.601364 0.092 0.0 26.0
-23.266731 117.601364 0.093 0.0 27.0
-28.134644 117.506256 0.093 0.0 27.0
-23.266731 117.601364 0.094 0.0 27.0
-27.514618 119.98067 0.094 0.0 27.0
-14.770957 112.84276 0.095 1.0 25.0
-17.232782 117.04336 0.095 1.0 25.0
-17.232782 117.04336 0.096 0.0 26.0
-17.232782 121.9122 0.096 0.0 26.0
-17.232782 117.04336 0.097 0.0 26.0
-19.694609 121.24396 0.097 0.0 26.0
-19.694609 121.24396 0.098 0.0 27.0
-23.942495 123.62326 0.098 0.0 27.0
-19.694609 121.24396 0.099 0.0 27.0
-22.156435 125.44456 0.099 0.0 27.0
0.0 87.63916 0.0100 61.0 19.0
0.0 92.508 0.0100 61.0 19.0
0.0 92.508 0.0101 0.0 20.0
2.461826 96.7086 0.0101 0.0 20.0
0.0 92.508 0.0102 60.0 20.0
0.0 97.37685 0.0102 60.0 20.0
0.0 97.37685 0.0103 0.0 21.0
-2.461826 101.577446 0.0103 0.0 21.0
0.0 97.37685 0.0104 59.0 21.0
0.0 102.24569 0.0104 59.0 21.0
0.0 102.24569 0.0105 1.0 22.0
2.461826 106.44629 0.0105 1.0 22.0
2.461826 106.44629 0.0106 0.0 23.0
6.709713 108.82559 0.0106 0.0 23.0
2.461826 106.44629 0.0107 0.0 23.0
4.923652 110.64689 0.0107 0.0 23.0
4.923652 110.64689 0.0108 0.0 24.0
4.923652 115.51573 0.0108 0.0 24.0
4.923652 110.64689 0.0109 0.0 24.0
7.385478 114.84749 0.0109 0.0 24.0
0.0 102.24569 0.0110 58.0 22.0
0.0 107.11453 0.0110 58.0 22.0
0.0 107.11453 0.0111 0.0 23.0
2.461826 111.31513 0.0111 0.0 23.0
0.0 107.11453 0.0112 57.0 23.0
0.0 111.983376 0.0112 57.0 23.0
0.0 111.983376 0.0113 0.0 24.0
-2.461826 116.183975 0.0113 0.0 24.0
0.0 111.983376 0.0114 56.0 24.0
0.0 116.85222 0.0114 56.0 24.0
0.0 116.85222 0.0115 1.0 25.0
-2.461826 121.05282 0.0115 1.0 25.0
-2.461826 121.05282 0.0116 0.0 26.0
-2.461826 125.92166 0.0116 0.0 26.0
-2.461826 121.05282 0.0117 0.0 26.0
-4.923652 125.25342 0.0117 0.0 26.0
-4.923652 125.25342 0.0118 0.0 27.0
-9.171539 127.63272 0.0118 0.0 27.0
-4.923652 125.25342 0.0119 0.0 27.0
-7.385478 129.45401 0.0119 0.0 27.0
0.0 116.85222 0.0120 55.0 25.0
0.0 121.72106 0.0120 55.0 25.0
0.0 121.72106 0.0121 0.0 26.0
2.461826 125.92166 0.0121 0.0 26.0
0.0 121.72106 0.0122 54.0 26.0
0.0 126.589905 0.0122 54.0 26.0
0.0 126.589905 0.0123 0.0 27.0
-2.461826 130.7905 0.0123 0.0 27.0
0.0 126.589905 0.0124 53.0 27.0
0.0 131.45874 0.0124 53.0 27.0
0.0 131.45874 0.0125 25.0 28.0
2.461826 135.65933 0.0125 25.0 28.0
2.461826 135.65933 0.0126 0.0 29.0
6.709713 138.03864 0.0126 0.0 29.0
2.461826 135.65933 0.0127 24.0 29.0
4.923652 139.85992 0.0127 24.0 29.0
4.923652 139.85992 0.0128 0.0 30.0
4.923652 144.72876 0.0128 0.0 30.0
4.923652 139.85992 0.0129 23.0 30.0
7.385478 144.06052 0.0129 23.0 30.0
7.385478 144.06052 0.0130 1.0 31.0
11.633365 146.43982 0.0130 1.0 31.0
11.633365 146.43982 0.0131 0.0 32.0
16.501278 146.34471 0.0131 0.0 32.0
11.633365 146.43982 0.0132 0.0 32.0
15.881251 148.81912 0.0132 0.0 32.0
15.881251 148.81912 0.0133 0.0 33.0
18.343077 153.01971 0.0133 0.0 33.0
15.881251 148.81912 0.0134 0.0 33.0
20.129139 151.19843 0.0134 0.0 33.0
7.385478 144.06052 0.0135 22.0 31.0
9.847304 148.26111 0.0135 22.0 31.0
9.847304 148.26111 0.0136 0.0 32.0
14.095191 150.64041 0.0136 0.0 32.0
9.847304 148.26111 0.0137 21.0 32.0
12.309131 152.4617 0.0137 21.0 32.0
12.309131 152.4617 0.0138 0.0 33.0
12.309131 157.33054 0.0138 0.0 33.0
12.309131 152.4617 0.0139 20.0 33.0
14.770957 156.6623 0.0139 20.0 33.0
14.770957 156.6623 0.0140 1.0 34.0
14.770957 161.53113 0.0140 1.0 34.0
14.770957 161.53113 0.0141 0.0 35.0
17.232782 165.73172 0.0141 0.0 35.0
14.770957 161.53113 0.0142 0.0 35.0
14.770957 166.39996 0.0142 0.0 35.0
14.770957 166.39996 0.0143 0.0 36.0
12.309131 170.60056 0.0143 0.0 36.0
14.770957 166.39996 0.0144 0.0 36.0
14.770957 171.2688 0.0144 0.0 36.0
14.770957 156.6623 0.0145 19.0 34.0
17.232782 160.86288 0.0145 19.0 34.0
17.232782 160.86288 0.0146 0.0 35.0
21.480669 163.24219 0.0146 0.0 35.0
17.232782 160.86288 0.0147 18.0 35.0
19.694609 165.06348 0.0147 18.0 35.0
19.694609 165.06348 0.0148 0.0 36.0
19.694609 169.93231 0.0148 0.0 36.0
19.694609 165.06348 0.0149 17.0 36.0
22.156435 169.26407 0.0149 17.0 36.0
22.156435 169.26407 0.0150 7.0 37.0
26.404322 171.64337 0.0150 7.0 37.0
26.404322 171.64337 0.0151 0.0 38.0
31.272234 171.54826 0.0151 0.0 38.0
26.404322 171.64337 0.0152 6.0 38.0
30.652208 174.02267 0.0152 6.0 38.0
30.652208 174.02267 0.0153 0.0 39.0
33.114033 178.22327 0.0153 0.0 39.0
30.652208 174.02267 0.0154 5.0 39.0
34.900093 176.40198 0.0154 5.0 39.0
34.900093 176.40198 0.0155 1.0 40.0
39.768005 176.30687 0.0155 1.0 40.0
39.768005 176.30687 0.0156 0.0 41.0
43.919712 173.76346 0.0156 0.0 41.0
39.768005 176.30687 0.0157 0.0 41.0
44.635918 176.21176 0.0157 0.0 41.0
44.635918 176.21176 0.0158 0.0 42.0
48.883804 178.59106 0.0158 0.0 42.0
44.635918 176.21176 0.0159 0.0 42.0
49.50383 176.11665 0.0159 0.0 42.0
34.900093 176.40198 0.0160 4.0 40.0
39.14798 178.78128 0.0160 4.0 40.0
39.14798 178.78128 0.0161 0.0 41.0
44.015892 178.68617 0.0161 0.0 41.0
39.14798 178.78128 0.0162 3.0 41.0
43.395866 181.16058 0.0162 3.0 41.0
43.395866 181.16058 0.0163 0.0 42.0
45.857693 185.36118 0.0163 0.0 42.0
43.395866 181.16058 0.0164 2.0 42.0
47.643753 183.53989 0.0164 2.0 42.0
47.643753 183.53989 0.0165 1.0 43.0
50.10558 187.74048 0.0165 1.0 43.0
50.10558 187.74048 0.0166 0.0 44.0
54.353466 190.11978 0.0166 0.0 44.0
50.10558 187.74048 0.0167 0.0 44.0
52.567406 191.94107 0.0167 0.0 44.0
52.567406 191.94107 0.0168 0.0 45.0
52.567406 196.8099 0.0168 0.0 45.0
52.567406 191.94107 0.0169 0.0 45.0
55.029232 196.14166 0.0169 0.0 45.0
47.643753 183.53989 0.0170 1.0 43.0
51.89164 185.91919 0.0170 1.0 43.0
51.89164 185.91919 0.0171 0.0 44.0
56.759552 185.82408 0.0171 0.0 44.0
51.89164 185.91919 0.0172 0.0 44.0
56.139526 188.2985 0.0172 0.0 44.0
56.139526 188.2985 0.0173 0.0 45.0
58.601353 192.49908 0.0173 0.0 45.0
56.139526 188.2985 0.0174 0.0 45.0
60.387413 190.6778 0.0174 0.0 45.0
22.156435 169.26407 0.0175 16.0 37.0
24.618261 173.46466 0.0175 16.0 37.0
24.618261 173.46466 0.0176 0.0 38.0
28.866148 175.84396 0.0176 0.0 38.0
24.618261 173.46466 0.0177 15.0 38.0
27.080088 177.66525 0.0177 15.0 38.0
27.080088 177.66525 0.0178 0.0 39.0
27.080088 182.53409 0.0178 0.0 39.0
27.080088 177.66525 0.0179 14.0 39.0
29.541914 181.86584 0.0179 14.0 39.0
29.541914 181.86584 0.0180 1.0 40.0
33.789803 184.24515 0.0180 1.0 40.0
33.789803 184.24515 0.0181 0.0 41.0
38.657715 184.15004 0.0181 0.0 41.0
33.789803 184.24515 0.0182 0.0 41.0
38.03769 186.62445 0.0182 0.0 41.0
38.03769 186.62445 0.0183 0.0 42.0
40.499516 190.82504 0.0183 0.0 42.0
38.03769 186.62445 0.0184 0.0 42.0
42.285576 189.00375 0.0184 0.0 42.0
29.541914 181.86584 0.0185 13.0 40.0
32.00374 186.06644 0.0185 13.0 40.0
32.00374 186.06644 0.0186 0.0 41.0
36.251625 188.44574 0.0186 0.0 41.0
32.00374 186.06644 0.0187 12.0 41.0
34.465565 190.26703 0.0187 12.0 41.0
34.465565 190.26703 0.0188 0.0 42.0
34.465565 195.13586 0.0188 0.0 42.0
34.465565 190.26703 0.0189 11.0 42.0
36.92739 194.46762 0.0189 11.0 42.0
36.92739 194.46762 0.0190 1.0 43.0
36.92739 199.33646 0.0190 1.0 43.0
36.92739 199.33646 0.0191 0.0 44.0
39.389217 203.53705 0.0191 0.0 44.0
36.92739 199.33646 0.0192 0.0 44.0
36.92739 204.20529 0.0192 0.0 44.0
36.92739 204.20529 0.0193 0.0 45.0
34.465565 208.40588 0.0193 0.0 45.0
36.92739 204.20529 0.0194 0.0 45.0
36.92739 209.07413 0.0194 0.0 45.0
36.92739 194.46762 0.0195 10.0 43.0
39.389217 198.66821 0.0195 10.0 43.0
39.389217 198.66821 0.0196 0.0 44.0
43.637104 201.04752 0.0196 0.0 44.0
39.389217 198.66821 0.0197 9.0 44.0
41.851044 202.8688 0.0197 9.0 44.0
41.851044 202.8688 0.0198 0.0 45.0
41.851044 207.73764 0.0198 0.0 45.0
41.851044 202.8688 0.0199 8.0 45.0
44.31287 207.0694 0.0199 8.0 45.0
44.31287 207.0694 0.0200 7.0 46.0
44.31287 211.93823 0.0200 7.0 46.0
44.31287 211.93823 0.0201 0.0 47.0
46.774696 216.13882 0.0201 0.0 47.0
44.31287 211.93823 0.0202 6.0 47.0
44.31287 216.80707 0.0202 6.0 47.0
44.31287 216.80707 0.0203 0.0 48.0
41.851044 221.00766 0.0203 0.0 48.0
44.31287 216.80707 0.0204 5.0 48.0
44.31287 221.6759 0.0204 5.0 48.0
44.31287 221.6759 0.0205 1.0 49.0
46.774696 225.8765 0.0205 1.0 49.0
46.774696 225.8765 0.0206 0.0 50.0
51.022583 228.2558 0.0206 0.0 50.0
46.774696 225.8765 0.0207 0.0 50.0
49.236523 230.07709 0.0207 0.0 50.0
49.236523 230.07709 0.0208 0.0 51.0
49.236523 234.94592 0.0208 0.0 51.0
49.236523 230.07709 0.0209 0.0 51.0
51.69835 234.27768 0.0209 0.0 51.0
44.31287 221.6759 0.0210 4.0 49.0
44.31287 226.54474 0.0210 4.0 49.0
44.31287 226.54474 0.0211 0.0 50.0
46.774696 230.74533 0.0211 0.0 50.0
44.31287 226.54474 0.0212 3.0 50.0
44.31287 231.41357 0.0212 3.0 50.0
44.31287 231.41357 0.0213 0.0 51.0
41.851044 235.61417 0.0213 0.0 51.0
44.31287 231.41357 0.0214 2.0 51.0
44.31287 236.28241 0.0214 2.0 51.0
44.31287 236.28241 0.0215 1.0 52.0
41.851044 240.483 0.0215 1.0 52.0
41.851044 240.483 0.0216 0.0 53.0
41.851044 245.35184 0.0216 0.0 53.0
41.851044 240.483 0.0217 0.0 53.0
39.389217 244.6836 0.0217 0.0 53.0
39.389217 244.6836 0.0218 0.0 54.0
35.14133 247.0629 0.0218 0.0 54.0
39.389217 244.6836 0.0219 0.0 54.0
36.92739 248.88419 0.0219 0.0 54.0
44.31287 236.28241 0.0220 1.0 52.0
44.31287 241.15125 0.0220 1.0 52.0
44.31287 241.15125 0.0221 0.0 53.0
46.774696 245.35184 0.0221 0.0 53.0
44.31287 241.15125 0.0222 0.0 53.0
44.31287 246.02008 0.0222 0.0 53.0
44.31287 246.02008 0.0223 0.0 54.0
41.851044 250.22067 0.0223 0.0 54.0
44.31287 246.02008 0.0224 0.0 54.0
44.31287 250.88892 0.0224 0.0 54.0
44.31287 207.0694 0.0225 7.0 46.0
46.774696 211.26999 0.0225 7.0 46.0
46.774696 211.26999 0.0226 0.0 47.0
51.022583 213.64929 0.0226 0.0 47.0
46.774696 211.26999 0.0227 6.0 47.0
49.236523 215.47058 0.0227 6.0 47.0
49.236523 215.47058 0.0228 0.0 48.0
49.236523 220.33942 0.0228 0.0 48.0
49.236523 215.47058 0.0229 5.0 48.0
51.69835 219.67117 0.0229 5.0 48.0
51.69835 219.67117 0.0230 1.0 49.0
55.946236 222.05048 0.0230 1.0 49.0
55.946236 222.05048 0.0231 0.0 50.0
60.814148 221.95537 0.0231 0.0 50.0
55.946236 222.05048 0.0232 0.0 50.0
60.194122 224.42978 0.0232 0.0 50.0
60.194122 224.42978 0.0233 0.0 51.0
62.65595 228.63037 0.0233 0.0 51.0
60.194122 224.42978 0.0234 0.0 51.0
64.44201 226.80908 0.0234 0.0 51.0
51.69835 219.67117 0.0235 4.0 49.0
54.160175 223.87177 0.0235 4.0 49.0
54.160175 223.87177 0.0236 0.0 50.0
58.408062 226.25107 0.0236 0.0 50.0
54.160175 223.87177 0.0237 3.0 50.0
56.622 228.07236 0.0237 3.0 50.0
56.622 228.07236 0.0238 0.0 51.0
56.622 232.9412 0.0238 0.0 51.0
56.622 228.07236 0.0239 2.0 51.0
59.083828 232.27295 0.0239 2.0 51.0
59.083828 232.27295 0.0240 1.0 52.0
59.083828 237.14178 0.0240 1.0 52.0
59.083828 237.14178 0.0241 0.0 53.0
61.545654 241.34238 0.0241 0.0 53.0
59.083828 237.14178 0.0242 0.0 53.0
59.083828 242.01062 0.0242 0.0 53.0
59.083828 242.01062 0.0243 0.0 54.0
56.622 246.21121 0.0243 0.0 54.0
59.083828 242.01062 0.0244 0.0 54.0
59.083828 246.87946 0.0244 0.0 54.0
59.083828 232.27295 0.0245 1.0 52.0
61.545654 236.47354 0.0245 1.0 52.0
61.545654 236.47354 0.0246 0.0 53.0
65.79354 238.85284 0.0246 0.0 53.0
61.545654 236.47354 0.0247 0.0 53.0
64.00748 240.67413 0.0247 0.0 53.0
64.00748 240.67413 0.0248 0.0 54.0
64.00748 245.54297 0.0248 0.0 54.0
64.00748 240.67413 0.0249 0.0 54.0
66.4693 244.87473 0.0249 0.0 54.0
0.0 131.45874 0.0250 52.0 28.0
0.0 136.32758 0.0250 52.0 28.0
0.0 136.32758 0.0251 0.0 29.0
2.461826 140.52817 0.0251 0.0 29.0
0.0 136.32758 0.0252 51.0 29.0
0.0 141.19641 0.0252 51.0 29.0
0.0 141.19641 0.0253 0.0 30.0
-2.461826 145.397 0.0253 0.0 30.0
0.0 141.19641 0.0254 50.0 30.0
0.0 146.06525 0.0254 50.0 30.0
0.0 146.06525 0.0255 1.0 31.0
2.461826 150.26584 0.0255 1.0 31.0
2.461826 150.26584 0.0256 0.0 32.0
6.709713 152.64514 0.0256 0.0 32.0
2.461826 150.26584 0.0257 0.0 32.0
4.923652 154.46643 0.0257 0.0 32.0
4.923652 154.46643 0.0258 0.0 33.0
4.923652 159.33527 0.0258 0.0 33.0
4.923652 154.46643 0.0259 0.0 33.0
7.385478 158.66702 0.0259 0.0 33.0
0.0 146.06525 0.0260 49.0 31.0
0.0 150.93408 0.0260 49.0 31.0
0.0 150.93408 0.0261 0.0 32.0
2.461826 155.13467 0.0261 0.0 32.0
0.0 150.93408 0.0262 48.0 32.0
0.0 155.80292 0.0262 48.0 32.0
0.0 155.80292 0.0263 0.0 33.0
-2.461826 160.00351 0.0263 0.0 33.0
0.0 155.80292 0.0264 47.0 33.0
0.0 160.67175 0.0264 47.0 33.0
0.0 160.67175 0.0265 1.0 34.0
-2.461826 164.87234 0.0265 1.0 34.0
-2.461826 164.87234 0.0266 0.0 35.0
-2.461826 169.74118 0.0266 0.0 35.0
-2.461826 164.87234 0.0267 0.0 35.0
-4.923652 169.07294 0.0267 0.0 35.0
-4.923652 169.07294 0.0268 0.0 36.0
-9.171539 171.45224 0.0268 0.0 36.0
-4.923652 169.07294 0.0269 0.0 36.0
-7.385478 173.27353 0.0269 0.0 36.0
0.0 160.67175 0.0270 46.0 34.0
0.0 165.54059 0.0270 46.0 34.0
0.0 165.54059 0.0271 0.0 35.0
2.461826 169.74118 0.0271 0.0 35.0
0.0 165.54059 0.0272 45.0 35.0
0.0 170.40942 0.0272 45.0 35.0
0.0 170.40942 0.0273 0.0 36.0
-2.461826 174.61002 0.0273 0.0 36.0
0.0 170.40942 0.0274 44.0 36.0
0.0 175.27826 0.0274 44.0 36.0
0.0 175.27826 0.0275 7.0 37.0
2.461826 179.47885 0.0275 7.0 37.0
2.461826 179.47885 0.0276 0.0 38.0
6.709713 181.85815 0.0276 0.0 38.0
2.461826 179.47885 0.0277 6.0 38.0
4.923652 183.67944 0.0277 6.0 38.0
4.923652 183.67944 0.0278 0.0 39.0
4.923652 188.54828 0.0278 0.0 39.0
4.923652 183.67944 0.0279 5.0 39.0
7.385478 187.88004 0.0279 5.0 39.0
7.385478 187.88004 0.0280 1.0 40.0
11.633365 190.25934 0.0280 1.0 40.0
11.633365 190.25934 0.0281 0.0 41.0
16.501278 190.16423 0.0281 0.0 41.0
11.633365 190.25934 0.0282 0.0 41.0
15.881251 192.63864 0.0282 0.0 41.0
15.881251 192.63864 0.0283 0.0 42.0
18.343077 196.83923 0.0283 0.0 42.0
15.881251 192.63864 0.0284 0.0 42.0
20.129139 195.01794 0.0284 0.0 42.0
7.385478 187.88004 0.0285 4.0 40.0
9.847304 192.08063 0.0285 4.0 40.0
9.847304 192.08063 0.0286 0.0 41.0
14.095191 194.45993 0.0286 0.0 41.0
9.847304 192.08063 0.0287 3.0 41.0
12.309131 196.28122 0.0287 3.0 41.0
12.309131 196.28122 0.0288 0.0 42.0
12.309131 201.15005 0.0288 0.0 42.0
12.309131 196.28122 0.0289 2.0 42.0
14.770957 200.48181 0.0289 2.0 42.0
14.770957 200.48181 0.0290 1.0 43.0
14.770957 205.35065 0.0290 1.0 43.0
14.770957 205.35065 0.0291 0.0 44.0
17.232782 209.55124 0.0291 0.0 44.0
14.770957 205.35065 0.0292 0.0 44.0
14.770957 210.21948 0.0292 0.0 44.0
14.770957 210.21948 0.0293 0.0 45.0
12.309131 214.42007 0.0293 0.0 45.0
14.770957 210.21948 0.0294 0.0 45.0
14.770957 215.08832 0.0294 0.0 45.0
14.770957 200.48181 0.0295 1.0 43.0
17.232782 204.6824 0.0295 1.0 43.0
17.232782 204.6824 0.0296 0.0 44.0
21.480669 207.0617 0.0296 0.0 44.0
17.232782 204.6824 0.0297 0.0 44.0
19.694609 208.883 0.0297 0.0 44.0
19.694609 208.883 0.0298 0.0 45.0
19.694609 213.75183 0.0298 0.0 45.0
19.694609 208.883 0.0299 0.0 45.0
22.156435 213.08359 0.0299 0.0 45.0
0.0 175.27826 0.0300 43.0 37.0
0.0 180.1471 0.0300 43.0 37.0
0.0 180.1471 0.0301 0.0 38.0
2.461826 184.34769 0.0301 0.0 38.0
0.0 180.1471 0.0302 42.0 38.0
0.0 185.01593 0.0302 42.0 38.0
0.0 185.01593 0.0303 0.0 39.0
-2.461826 189.21652 0.0303 0.0 39.0
0.0 185.01593 0.0304 41.0 39.0
0.0 189.88477 0.0304 41.0 39.0
0.0 189.88477 0.0305 1.0 40.0
2.461826 194.08536 0.0305 1.0 40.0
2.461826 194.08536 0.0306 0.0 41.0
6.709713 196.46466 0.0306 0.0 41.0
2.461826 194.08536 0.0307 0.0 41.0
4.923652 198.28595 0.0307 0.0 41.0
4.923652 198.28595 0.0308 0.0 42.0
4.923652 203.15479 0.0308 0.0 42.0
4.923652 198.28595 0.0309 0.0 42.0
7.385478 202.48654 0.0309 0.0 42.0
0.0 189.88477 0.0310 40.0 40.0
0.0 194.7536 0.0310 40.0 40.0
0.0 194.7536 0.0311 0.0 41.0
2.461826 198.9542 0.0311 0.0 41.0
0.0 194.7536 0.0312 39.0 41.0
0.0 199.62244 0.0312 39.0 41.0
0.0 199.62244 0.0313 0.0 42.0
-2.461826 203.82303 0.0313 0.0 42.0
0.0 199.62244 0.0314 38.0 42.0
0.0 204.49127 0.0314 38.0 42.0
0.0 204.49127 0.0315 1.0 43.0
-2.461826 208.69186 0.0315 1.0 43.0
-2.461826 208.69186 0.0316 0.0 44.0
-2.461826 213.5607 0.0316 0.0 44.0
-2.461826 208.69186 0.0317 0.0 44.0
-4.923652 212.89246 0.0317 0.0 44.0
-4.923652 212.89246 0.0318 0.0 45.0
-9.171539 215.27176 0.0318 0.0 45.0
-4.923652 212.89246 0.0319 0.0 45.0
-7.385478 217.09305 0.0319 0.0 45.0
0.0 204.49127 0.0320 37.0 43.0
0.0 209.3601 0.0320 37.0 43.0
0.0 209.3601 0.0321 0.0 44.0
2.461826 213.5607 0.0321 0.0 44.0
0.0 209.3601 0.0322 36.0 44.0
0.0 214.22894 0.0322 36.0 44.0
0.0 214.22894 0.0323 0.0 45.0
-2.461826 218.42953 0.0323 0.0 45.0
0.0 214.22894 0.0324 35.0 45.0
0.0 219.09778 0.0324 35.0 45.0
0.0 219.09778 0.0325 7.0 46.0
-2.461826 223.29837 0.0325 7.0 46.0
-2.461826 223.29837 0.0326 0.0 47.0
-2.461826 228.1672 0.0326 0.0 47.0
-2.461826 223.29837 0.0327 6.0 47.0
-4.923652 227.49896 0.0327 6.0 47.0
-4.923652 227.49896 0.0328 0.0 48.0
-9.171539 229.87827 0.0328 0.0 48.0
-4.923652 227.49896 0.0329 5.0 48.0
-7.385478 231.69955 0.0329 5.0 48.0
-7.385478 231.69955 0.0330 1.0 49.0
-7.385478 236.56839 0.0330 1.0 49.0
-7.385478 236.56839 0.0331 0.0 50.0
-4.9236517 240.76898 0.0331 0.0 50.0
-7.385478 236.56839 0.0332 0.0 50.0
-7.385478 241.43723 0.0332 0.0 50.0
-7.385478 241.43723 0.0333 0.0 51.0
-9.847304 245.63782 0.0333 0.0 51.0
-7.385478 241.43723 0.0334 0.0 51.0
-7.385478 246.30606 0.0334 0.0 51.0
-7.385478 231.69955 0.0335 4.0 49.0
-9.847304 235.90015 0.0335 4.0 49.0
-9.847304 235.90015 0.0336 0.0 50.0
-9.847304 240.76898 0.0336 0.0 50.0
-9.847304 235.90015 0.0337 3.0 50.0
-12.309131 240.10074 0.0337 3.0 50.0
-12.309131 240.10074 0.0338 0.0 51.0
-16.557018 242.48004 0.0338 0.0 51.0
-12.309131 240.10074 0.0339 2.0 51.0
-14.770957 244.30133 0.0339 2.0 51.0
-14.770957 244.30133 0.0340 1.0 52.0
-19.018845 246.68063 0.0340 1.0 52.0
-19.018845 246.68063 0.0341 0.0 53.0
-21.48067 250.88123 0.0341 0.0 53.0
-19.018845 246.68063 0.0342 0.0 53.0
-23.266731 249.05994 0.0342 0.0 53.0
-23.266731 249.05994 0.0343 0.0 54.0
-28.134644 248.96483 0.0343 0.0 54.0
-23.266731 249.05994 0.0344 0.0 54.0
-27.514618 251.43924 0.0344 0.0 54.0
-14.770957 244.30133 0.0345 1.0 52.0
-17.232782 248.50192 0.0345 1.0 52.0
-17.232782 248.50192 0.0346 0.0 53.0
-17.232782 253.37076 0.0346 0.0 53.0
-17.232782 248.50192 0.0347 0.0 53.0
-19.694609 252.70251 0.0347 0.0 53.0
-19.694609 252.70251 0.0348 0.0 54.0
-23.942495 255.08182 0.0348 0.0 54.0
-19.694609 252.70251 0.0349 0.0 54.0
-22.156435 256.9031 0.0349 0.0 54.0
0.0 219.09778 0.0350 34.0 46.0
0.0 223.96661 0.0350 34.0 46.0
0.0 223.96661 0.0351 0.0 47.0
2.461826 228.1672 0.0351 0.0 47.0
0.0 223.96661 0.0352 33.0 47.0
0.0 228.83545 0.0352 33.0 47.0
0.0 228.83545 0.0353 0.0 48.0
-2.461826 233.03604 0.0353 0.0 48.0
0.0 228.83545 0.0354 32.0 48.0
0.0 233.70428 0.0354 32.0 48.0
0.0 233.70428 0.0355 1.0 49.0
2.461826 237.90488 0.0355 1.0 49.0
2.461826 237.90488 0.0356 0.0 50.0
6.709713 240.28418 0.0356 0.0 50.0
2.461826 237.90488 0.0357 0.0 50.0
4.923652 242.10547 0.0357 0.0 50.0
4.923652 242.10547 0.0358 0.0 51.0
4.923652 246.9743 0.0358 0.0 51.0
4.923652 242.10547 0.0359 0.0 51.0
7.385478 246.30606 0.0359 0.0 51.0
0.0 233.70428 0.0360 31.0 49.0
0.0 238.57312 0.0360 31.0 49.0
0.0 238.57312 0.0361 0.0 50.0
2.461826 242.77371 0.0361 0.0 50.0
0.0 238.57312 0.0362 30.0 50.0
0.0 243.44196 0.0362 30.0 50.0
0.0 243.44196 0.0363 0.0 51.0
-2.461826 247.64255 0.0363 0.0 51.0
0.0 243.44196 0.0364 29.0 51.0
0.0 248.31079 0.0364 29.0 51.0
0.0 248.31079 0.0365 1.0 52.0
-2.461826 252.51138 0.0365 1.0 52.0
-2.461826 252.51138 0.0366 0.0 53.0
-2.461826 257.38022 0.0366 0.0 53.0
-2.461826 252.51138 0.0367 0.0 53.0
-4.923652 256.71198 0.0367 0.0 53.0
-4.923652 256.71198 0.0368 0.0 54.0
-9.171539 259.09128 0.0368 0.0 54.0
-4.923652 256.71198 0.0369 0.0 54.0
-7.385478 260.91257 0.0369 0.0 54.0
0.0 248.31079 0.0370 28.0 52.0
0.0 253.17963 0.0370 28.0 52.0
0.0 253.17963 0.0371 0.0 53.0
2.461826 257.38022 0.0371 0.0 53.0
0.0 253.17963 0.0372 27.0 53.0
0.0 258.04846 0.0372 27.0 53.0
0.0 258.04846 0.0373 0.0 54.0
-2.461826 262.24905 0.0373 0.0 54.0
0.0 258.04846 0.0374 26.0 54.0
0.0 262.9173 0.0374 26.0 54.0
0.0 262.9173 0.0375 25.0 55.0
-2.461826 267.1179 0.0375 25.0 55.0
-2.461826 267.1179 0.0376 0.0 56.0
-2.461826 271.98672 0.0376 0.0 56.0
-2.461826 267.1179 0.0377 24.0 56.0
-4.923652 271.31848 0.0377 24.0 56.0
-4.923652 271.31848 0.0378 0.0 57.0
-9.171539 273.69778 0.0378 0.0 57.0
-4.923652 271.31848 0.0379 23.0 57.0
-7.385478 275.51907 0.0379 23.0 57.0
-7.385478 275.51907 0.0380 1.0 58.0
-7.385478 280.3879 0.0380 1.0 58.0
-7.385478 280.3879 0.0381 0.0 59.0
-4.9236517 284.5885 0.0381 0.0 59.0
-7.385478 280.3879 0.0382 0.0 59.0
-7.385478 285.25674 0.0382 0.0 59.0
-7.385478 285.25674 0.0383 0.0 60.0
-9.847304 289.45734 0.0383 0.0 60.0
-7.385478 285.25674 0.0384 0.0 60.0
-7.385478 290.12558 0.0384 0.0 60.0
-7.385478 275.51907 0.0385 22.0 58.0
-9.847304 279.71967 0.0385 22.0 58.0
-9.847304 279.71967 0.0386 0.0 59.0
-9.847304 284.5885 0.0386 0.0 59.0
-9.847304 279.71967 0.0387 21.0 59.0
-12.309131 283.92026 0.0387 21.0 59.0
-12.309131 283.92026 0.0388 0.0 60.0
-16.557018 286.29956 0.0388 0.0 60.0
-12.309131 283.92026 0.0389 20.0 60.0
-14.770957 288.12085 0.0389 20.0 60.0
-14.770957 288.12085 0.0390 1.0 61.0
-19.018845 290.50015 0.0390 1.0 61.0
-19.018845 290.50015 0.0391 0.0 62.0
-21.48067 294.70074 0.0391 0.0 62.0
-19.018845 290.50015 0.0392 0.0 62.0
-23.266731 292.87946 0.0392 0.0 62.0
-23.266731 292.87946 0.0393 0.0 63.0
-28.134644 292.78433 0.0393 0.0 63.0
-23.266731 292.87946 0.0394 0.0 63.0
-27.514618 295.25876 0.0394 0.0 63.0
-14.770957 288.12085 0.0395 19.0 61.0
-17.232782 292.32144 0.0395 19.0 61.0
-17.232782 292.32144 0.0396 0.0 62.0
-17.232782 297.19028 0.0396 0.0 62.0
-17.232782 292.32144 0.0397 18.0 62.0
-19.694609 296.52203 0.0397 18.0 62.0
-19.694609 296.52203 0.0398 0.0 63.0
-23.942495 298.90134 0.0398 0.0 63.0
-19.694609 296.52203 0.0399 17.0 63.0
-22.156435 300.72263 0.0399 17.0 63.0
-22.156435 300.72263 0.0400 7.0 64.0
-22.156435 305.59146 0.0400 7.0 64.0
-22.156435 305.59146 0.0401 0.0 65.0
-19.694609 309.79205 0.0401 0.0 65.0
-22.156435 305.59146 0.0402 6.0 65.0
-22.156435 310.4603 0.0402 6.0 65.0
-22.156435 310.4603 0.0403 0.0 66.0
-24.618261 314.6609 0.0403 0.0 66.0
-22.156435 310.4603 0.0404 5.0 66.0
-22.156435 315.32913 0.0404 5.0 66.0
-22.156435 315.32913 0.0405 1.0 67.0
-19.694609 319.52972 0.0405 1.0 67.0
-19.694609 319.52972 0.0406 0.0 68.0
-15.446722 321.90903 0.0406 0.0 68.0
-19.694609 319.52972 0.0407 0.0 68.0
-17.232782 323.73032 0.0407 0.0 68.0
-17.232782 323.73032 0.0408 0.0 69.0
-17.232782 328.59915 0.0408 0.0 69.0
-17.232782 323.73032 0.0409 0.0 69.0
-14.770956 327.9309 0.0409 0.0 69.0
-22.156435 315.32913 0.0410 4.0 67.0
-22.156435 320.19797 0.0410 4.0 67.0
-22.156435 320.19797 0.0411 0.0 68.0
-19.694609 324.39856 0.0411 0.0 68.0
-22.156435 320.19797 0.0412 3.0 68.0
-22.156435 325.0668 0.0412 3.0 68.0
-22.156435 325.0668 0.0413 0.0 69.0
-24.618261 329.2674 0.0413 0.0 69.0
-22.156435 325.0668 0.0414 2.0 69.0
-22.156435 329.93564 0.0414 2.0 69.0
-22.156435 329.93564 0.0415 1.0 70.0
-24.618261 334.13623 0.0415 1.0 70.0
-24.618261 334.13623 0.0416 0.0 71.0
-24.618261 339.00507 0.0416 0.0 71.0
-24.618261 334.13623 0.0417 0.0 71.0
-27.080088 338.33682 0.0417 0.0 71.0
-27.080088 338.33682 0.0418 0.0 72.0
-31.327974 340.71613 0.0418 0.0 72.0
-27.080088 338.33682 0.0419 0.0 72.0
-29.541914 342.5374 0.0419 0.0 72.0
-22.156435 329.93564 0.0420 1.0 70.0
-22.156435 334.80447 0.0420 1.0 70.0
-22.156435 334.80447 0.0421 0.0 71.0
-19.694609 339.00507 0.0421 0.0 71.0
-22.156435 334.80447 0.0422 0.0 71.0
-22.156435 339.6733 0.0422 0.0 71.0
-22.156435 339.6733 0.0423 0.0 72.0
-24.618261 343.8739 0.0423 0.0 72.0
-22.156435 339.6733 0.0424 0.0 72.0
-22.156435 344.54214 0.0424 0.0 72.0
-22.156435 300.72263 0.0425 16.0 64.0
-24.618261 304.92322 0.0425 16.0 64.0
-24.618261 304.92322 0.0426 0.0 65.0
-24.618261 309.79205 0.0426 0.0 65.0
-24.618261 304.92322 0.0427 15.0 65.0
-27.080088 309.1238 0.0427 15.0 65.0
-27.080088 309.1238 0.0428 0.0 66.0
-31.327974 311.5031 0.0428 0.0 66.0
-27.080088 309.1238 0.0429 14.0 66.0
-29.541914 313.3244 0.0429 14.0 66.0
-29.541914 313.3244 0.0430 1.0 67.0
-29.541914 318.19324 0.0430 1.0 67.0
-29.541914 318.19324 0.0431 0.0 68.0
-27.080088 322.39383 0.0431 0.0 68.0
-29.541914 318.19324 0.0432 0.0 68.0
-29.541914 323.06207 0.0432 0.0 68.0
-29.541914 323.06207 0.0433 0.0 69.0
-32.00374 327.26266 0.0433 0.0 69.0
-29.541914 323.06207 0.0434 0.0 69.0
-29.541914 327.9309 0.0434 0.0 69.0
-29.541914 313.3244 0.0435 13.0 67.0
-32.00374 317.525 0.0435 13.0 67.0
-32.00374 317.525 0.0436 0.0 68.0
-32.00374 322.39383 0.0436 0.0 68.0
-32.00374 317.525 0.0437 12.0 68.0
-34.465565 321.7256 0.0437 12.0 68.0
-34.465565 321.7256 0.0438 0.0 69.0
-38.71345 324.1049 0.0438 0.0 69.0
-34.465565 321.7256 0.0439 11.0 69.0
-36.92739 325.92618 0.0439 11.0 69.0
-36.92739 325.92618 0.0440 1.0 70.0
-41.175278 328.30548 0.0440 1.0 70.0
-41.175278 328.30548 0.0441 0.0 71.0
-43.637104 332.50607 0.0441 0.0 71.0
-41.175278 328.30548 0.0442 0.0 71.0
-45.423164 330.68478 0.0442 0.0 71.0
-45.423164 330.68478 0.0443 0.0 72.0
-50.291077 330.58966 0.0443 0.0 72.0
-45.423164 330.68478 0.0444 0.0 72.0
-49.67105 333.0641 0.0444 0.0 72.0
-36.92739 325.92618 0.0445 10.0 70.0
-39.389217 330.12677 0.0445 10.0 70.0
-39.389217 330.12677 0.0446 0.0 71.0
-39.389217 334.9956 0.0446 0.0 71.0
-39.389217 330.12677 0.0447 9.0 71.0
-41.851044 334.32736 0.0447 9.0 71.0
-41.851044 334.32736 0.0448 0.0 72.0
-46.09893 336.70667 0.0448 0.0 72.0
-41.851044 334.32736 0.0449 8.0 72.0
-44.31287 338.52795 0.0449 8.0 72.0
-44.31287 338.52795 0.0450 7.0 73.0
-48.560757 340.90726 0.0450 7.0 73.0
-48.560757 340.90726 0.0451 0.0 74.0
-51.022583 345.10785 0.0451 0.0 74.0
-48.560757 340.90726 0.0452 6.0 74.0
-52.808643 343.28656 0.0452 6.0 74.0
-52.808643 343.28656 0.0453 0.0 75.0
-57.676556 343.19144 0.0453 0.0 75.0
-52.808643 343.28656 0.0454 5.0 75.0
-57.05653 345.66586 0.0454 5.0 75.0
-57.05653 345.66586 0.0455 1.0 76.0
-59.518356 349.86646 0.0455 1.0 76.0
-59.518356 349.86646 0.0456 0.0 77.0
-59.518356 354.7353 0.0456 0.0 77.0
-59.518356 349.86646 0.0457 0.0 77.0
-61.980183 354.06705 0.0457 0.0 77.0
-61.980183 354.06705 0.0458 0.0 78.0
-66.22807 356.44635 0.0458 0.0 78.0
-61.980183 354.06705 0.0459 0.0 78.0
-64.44201 358.26764 0.0459 0.0 78.0
-57.05653 345.66586 0.0460 4.0 76.0
-61.304417 348.04517 0.0460 4.0 76.0
-61.304417 348.04517 0.0461 0.0 77.0
-63.766243 352.24576 0.0461 0.0 77.0
-61.304417 348.04517 0.0462 3.0 77.0
-65.55231 350.42447 0.0462 3.0 77.0
-65.55231 350.42447 0.0463 0.0 78.0
-70.42022 350.32935 0.0463 0.0 78.0
-65.55231 350.42447 0.0464 2.0 78.0
-69.80019 352.80377 0.0464 2.0 78.0
-69.80019 352.80377 0.0465 1.0 79.0
-74.668106 352.70865 0.0465 1.0 79.0
-74.668106 352.70865 0.0466 0.0 80.0
-78.91599 355.08795 0.0466 0.0 80.0
-74.668106 352.70865 0.0467 0.0 80.0
-79.53602 352.61353 0.0467 0.0 80.0
-79.53602 352.61353 0.0468 0.0 81.0
-83.68773 350.0701 0.0468 0.0 81.0
-79.53602 352.61353 0.0469 0.0 81.0
-84.40393 352.5184 0.0469 0.0 81.0
-69.80019 352.80377 0.0470 1.0 79.0
-74.04808 355.18307 0.0470 1.0 79.0
-74.04808 355.18307 0.0471 0.0 80.0
-76.5099 359.38367 0.0471 0.0 80.0
-74.04808 355.18307 0.0472 0.0 80.0
-78.29597 357.56238 0.0472 0.0 80.0
-78.29597 357.56238 0.0473 0.0 81.0
-83.16388 357.46725 0.0473 0.0 81.0
-78.29597 357.56238 0.0474 0.0 81.0
-82.54385 359.94168 0.0474 0.0 81.0
-44.31287 338.52795 0.0475 7.0 73.0
-46.774696 342.72855 0.0475 7.0 73.0
-46.774696 342.72855 0.0476 0.0 74.0
-46.774696 347.59738 0.0476 0.0 74.0
-46.774696 342.72855 0.0477 6.0 74.0
-49.236523 346.92914 0.0477 6.0 74.0
-49.236523 346.92914 0.0478 0.0 75.0
-53.48441 349.30844 0.0478 0.0 75.0
-49.236523 346.92914 0.0479 5.0 75.0
-51.69835 351.12973 0.0479 5.0 75.0
-51.69835 351.12973 0.0480 1.0 76.0
-51.69835 355.99857 0.0480 1.0 76.0
-51.69835 355.99857 0.0481 0.0 77.0
-49.236523 360.19916 0.0481 0.0 77.0
-51.69835 355.99857 0.0482 0.0 77.0
-51.69835 360.8674 0.0482 0.0 77.0
-51.69835 360.8674 0.0483 0.0 78.0
-54.160175 365.068 0.0483 0.0 78.0
-51.69835 360.8674 0.0484 0.0 78.0
-51.69835 365.73624 0.0484 0.0 78.0
-51.69835 351.12973 0.0485 4.0 76.0
-54.160175 355.33032 0.0485 4.0 76.0
-54.160175 355.33032 0.0486 0.0 77.0
-54.160175 360.19916 0.0486 0.0 77.0
-54.160175 355.33032 0.0487 3.0 77.0
-56.622 359.5309 0.0487 3.0 77.0
-56.622 359.5309 0.0488 0.0 78.0
-60.86989 361.91022 0.0488 0.0 78.0
-56.622 359.5309 0.0489 2.0 78.0
-59.083828 363.7315 0.0489 2.0 78.0
-59.083828 363.7315 0.0490 1.0 79.0
-63.331715 366.1108 0.0490 1.0 79.0
-63.331715 366.1108 0.0491 0.0 80.0
-65.79354 370.3114 0.0491 0.0 80.0
-63.331715 366.1108 0.0492 0.0 80.0
-67.579605 368.4901 0.0492 0.0 80.0
-67.579605 368.4901 0.0493 0.0 81.0
-72.44752 368.395 0.0493 0.0 81.0
-67.579605 368.4901 0.0494 0.0 81.0
-71.82749 370.86942 0.0494 0.0 81.0
-59.083828 363.7315 0.0495 1.0 79.0
-61.545654 367.9321 0.0495 1.0 79.0
-61.545654 367.9321 0.0496 0.0 80.0
-61.545654 372.80093 0.0496 0.0 80.0
-61.545654 367.9321 0.0497 0.0 80.0
-64.00748 372.1327 0.0497 0.0 80.0
-64.00748 372.1327 0.0498 0.0 81.0
-68.25536 374.512 0.0498 0.0 81.0
-64.00748 372.1327 0.0499 0.0 81.0
-66.4693 376.33328 0.0499 0.0 81.0
0.0 262.9173 0.0500 25.0 55.0
0.0 267.78613 0.0500 25.0 55.0
0.0 267.78613 0.0501 0.0 56.0
2.461826 271.98672 0.0501 0.0 56.0
0.0 267.78613 0.0502 24.0 56.0
0.0 272.65497 0.0502 24.0 56.0
0.0 272.65497 0.0503 0.0 57.0
-2.461826 276.85556 0.0503 0.0 57.0
0.0 272.65497 0.0504 23.0 57.0
0.0 277.5238 0.0504 23.0 57.0
0.0 277.5238 0.0505 1.0 58.0
2.461826 281.7244 0.0505 1.0 58.0
2.461826 281.7244 0.0506 0.0 59.0
6.709713 284.1037 0.0506 0.0 59.0
2.461826 281.7244 0.0507 0.0 59.0
4.923652 285.925 0.0507 0.0 59.0
4.923652 285.925 0.0508 0.0 60.0
4.923652 290.79382 0.0508 0.0 60.0
4.923652 285.925 0.0509 0.0 60.0
7.385478 290.12558 0.0509 0.0 60.0
0.0 277.5238 0.0510 22.0 58.0
0.0 282.39264 0.0510 22.0 58.0
0.0 282.39264 0.0511 0.0 59.0
2.461826 286.59323 0.0511 0.0 59.0
0.0 282.39264 0.0512 21.0 59.0
0.0 287.26147 0.0512 21.0 59.0
0.0 287.26147 0.0513 0.0 60.0
-2.461826 291.46207 0.0513 0.0 60.0
0.0 287.26147 0.0514 20.0 60.0
0.0 292.1303 0.0514 20.0 60.0
0.0 292.1303 0.0515 1.0 61.0
-2.461826 296.3309 0.0515 1.0 61.0
-2.461826 296.3309 0.0516 0.0 62.0
-2.461826 301.19974 0.0516 0.0 62.0
-2.461826 296.3309 0.0517 0.0 62.0
-4.923652 300.5315 0.0517 0.0 62.0
-4.923652 300.5315 0.0518 0.0 63.0
-9.171539 302.9108 0.0518 0.0 63.0
-4.923652 300.5315 0.0519 0.0 63.0
-7.385478 304.7321 0.0519 0.0 63.0
0.0 292.1303 0.0520 19.0 61.0
0.0 296.99915 0.0520 19.0 61.0
0.0 296.99915 0.0521 0.0 62.0
2.461826 301.19974 0.0521 0.0 62.0
0.0 296.99915 0.0522 18.0 62.0
0.0 301.86798 0.0522 18.0 62.0
0.0 301.86798 0.0523 0.0 63.0
-2.461826 306.06857 0.0523 0.0 63.0
0.0 301.86798 0.0524 17.0 63.0
0.0 306.73682 0.0524 17.0 63.0
0.0 306.73682 0.0525 7.0 64.0
2.461826 310.9374 0.0525 7.0 64.0
2.461826 310.9374 0.0526 0.0 65.0
6.709713 313.3167 0.0526 0.0 65.0
2.461826 310.9374 0.0527 6.0 65.0
4.923652 315.138 0.0527 6.0 65.0
4.923652 315.138 0.0528 0.0 66.0
4.923652 320.00684 0.0528 0.0 66.0
4.923652 315.138 0.0529 5.0 66.0
7.385478 319.3386 0.0529 5.0 66.0
7.385478 319.3386 0.0530 1.0 67.0
11.633365 321.7179 0.0530 1.0 67.0
11.633365 321.7179 0.0531 0.0 68.0
16.501278 321.62277 0.0531 0.0 68.0
11.633365 321.7179 0.0532 0.0 68.0
15.881251 324.0972 0.0532 0.0 68.0
15.881251 324.0972 0.0533 0.0 69.0
18.343077 328.2978 0.0533 0.0 69.0
15.881251 324.0972 0.0534 0.0 69.0
20.129139 326.4765 0.0534 0.0 69.0
7.385478 319.3386 0.0535 4.0 67.0
9.847304 323.53918 0.0535 4.0 67.0
9.847304 323.53918 0.0536 0.0 68.0
14.095191 325.9185 0.0536 0.0 68.0
9.847304 323.53918 0.0537 3.0 68.0
12.309131 327.73978 0.0537 3.0 68.0
12.309131 327.73978 0.0538 0.0 69.0
12.309131 332.6086 0.0538 0.0 69.0
12.309131 327.73978 0.0539 2.0 69.0
14.770957 331.94037 0.0539 2.0 69.0
14.770957 331.94037 0.0540 1.0 70.0
14.770957 336.8092 0.0540 1.0 70.0
14.770957 336.8092 0.0541 0.0 71.0
17.232782 341.0098 0.0541 0.0 71.0
14.770957 336.8092 0.0542 0.0 71.0
14.770957 341.67804 0.0542 0.0 71.0
14.770957 341.67804 0.0543 0.0 72.0
12.309131 345.87863 0.0543 0.0 72.0
14.770957 341.67804 0.0544 0.0 72.0
14.770957 346.54688 0.0544 0.0 72.0
14.770957 331.94037 0.0545 1.0 70.0
17.232782 336.14096 0.0545 1.0 70.0
17.232782 336.14096 0.0546 0.0 71.0
21.480669 338.52026 0.0546 0.0 71.0
17.232782 336.14096 0.0547 0.0 71.0
19.694609 340.34155 0.0547 0.0 71.0
19.694609 340.34155 0.0548 0.0 72.0
19.694609 345.2104 0.0548 0.0 72.0
19.694609 340.34155 0.0549 0.0 72.0
22.156435 344.54214 0.0549 0.0 72.0
0.0 306.73682 0.0550 16.0 64.0
0.0 311.60565 0.0550 16.0 64.0
0.0 311.60565 0.0551 0.0 65.0
2.461826 315.80624 0.0551 0.0 65.0
0.0 311.60565 0.0552 15.0 65.0
0.0 316.4745 0.0552 15.0 65.0
0.0 316.4745 0.0553 0.0 66.0
-2.461826 320.67508 0.0553 0.0 66.0
0.0 316.4745 0.0554 14.0 66.0
0.0 321.34332 0.0554 14.0 66.0
0.0 321.34332 0.0555 1.0 67.0
2.461826 325.5439 0.0555 1.0 67.0
2.461826 325.5439 0.0556 0.0 68.0
6.709713 327.92322 0.0556 0.0 68.0
2.461826 325.5439 0.0557 0.0 68.0
4.923652 329.7445 0.0557 0.0 68.0
4.923652 329.7445 0.0558 0.0 69.0
4.923652 334.61334 0.0558 0.0 69.0
4.923652 329.7445 0.0559 0.0 69.0
7.385478 333.9451 0.0559 0.0 69.0
0.0 321.34332 0.0560 13.0 67.0
0.0 326.21216 0.0560 13.0 67.0
0.0 326.21216 0.0561 0.0 68.0
2.461826 330.41275 0.0561 0.0 68.0
0.0 326.21216 0.0562 12.0 68.0
0.0 331.081 0.0562 12.0 68.0
0.0 331.081 0.0563 0.0 69.0
-2.461826 335.2816 0.0563 0.0 69.0
0.0 331.081 0.0564 11.0 69.0
0.0 335.94983 0.0564 11.0 69.0
0.0 335.94983 0.0565 1.0 70.0
-2.461826 340.15042 0.0565 1.0 70.0
-2.461826 340.15042 0.0566 0.0 71.0
-2.461826 345.01926 0.0566 0.0 71.0
-2.461826 340.15042 0.0567 0.0 71.0
-4.923652 344.351 0.0567 0.0 71.0
-4.923652 344.351 0.0568 0.0 72.0
-9.171539 346.73032 0.0568 0.0 72.0
-4.923652 344.351 0.0569 0.0 72.0
-7.385478 348.5516 0.0569 0.0 72.0
0.0 335.94983 0.0570 10.0 70.0
0.0 340.81866 0.0570 10.0 70.0
0.0 340.81866 0.0571 0.0 71.0
2.461826 345.01926 0.0571 0.0 71.0
0.0 340.81866 0.0572 9.0 71.0
0.0 345.6875 0.0572 9.0 71.0
0.0 345.6875 0.0573 0.0 72.0
-2.461826 349.8881 0.0573 0.0 72.0
0.0 345.6875 0.0574 8.0 72.0
0.0 350.55634 0.0574 8.0 72.0
0.0 350.55634 0.0575 7.0 73.0
-2.461826 354.75693 0.0575 7.0 73.0
-2.461826 354.75693 0.0576 0.0 74.0
-2.461826 359.62576 0.0576 0.0 74.0
-2.461826 354.75693 0.0577 6.0 74.0
-4.923652 358.95752 0.0577 6.0 74.0
-4.923652 358.95752 0.0578 0.0 75.0
-9.171539 361.33682 0.0578 0.0 75.0
-4.923652 358.95752 0.0579 5.0 75.0
-7.385478 363.1581 0.0579 5.0 75.0
-7.385478 363.1581 0.0580 1.0 76.0
-7.385478 368.02695 0.0580 1.0 76.0
-7.385478 368.02695 0.0581 0.0 77.0
-4.9236517 372.22754 0.0581 0.0 77.0
-7.385478 368.02695 0.0582 0.0 77.0
-7.385478 372.89578 0.0582 0.0 77.0
-7.385478 372.89578 0.0583 0.0 78.0
-9.847304 377.09637 0.0583 0.0 78.0
-7.385478 372.89578 0.0584 0.0 78.0
-7.385478 377.76462 0.0584 0.0 78.0
-7.385478 363.1581 0.0585 4.0 76.0
-9.847304 367.3587 0.0585 4.0 76.0
-9.847304 367.3587 0.0586 0.0 77.0
-9.847304 372.22754 0.0586 0.0 77.0
-9.847304 367.3587 0.0587 3.0 77.0
-12.309131 371.5593 0.0587 3.0 77.0
-12.309131 371.5593 0.0588 0.0 78.0
-16.557018 373.9386 0.0588 0.0 78.0
-12.309131 371.5593 0.0589 2.0 78.0
-14.770957 375.7599 0.0589 2.0 78.0
-14.770957 375.7599 0.0590 1.0 79.0
-19.018845 378.1392 0.0590 1.0 79.0
-19.018845 378.1392 0.0591 0.0 80.0
-21.48067 382.33978 0.0591 0.0 80.0
-19.018845 378.1392 0.0592 0.0 80.0
-23.266731 380.5185 0.0592 0.0 80.0
-23.266731 380.5185 0.0593 0.0 81.0
-28.134644 380.42337 0.0593 0.0 81.0
-23.266731 380.5185 0.0594 0.0 81.0
-27.514618 382.8978 0.0594 0.0 81.0
-14.770957 375.7599 0.0595 1.0 79.0
-17.232782 379.96048 0.0595 1.0 79.0
-17.232782 379.96048 0.0596 0.0 80.0
-17.232782 384.8293 0.0596 0.0 80.0
-17.232782 379.96048 0.0597 0.0 80.0
-19.694609 384.16107 0.0597 0.0 80.0
-19.694609 384.16107 0.0598 0.0 81.0
-23.942495 386.54037 0.0598 0.0 81.0
-19.694609 384.16107 0.0599 0.0 81.0
-22.156435 388.36166 0.0599 0.0 81.0
0.0 350.55634 0.0600 7.0 73.0
0.0 355.42517 0.0600 7.0 73.0
0.0 355.42517 0.0601 0.0 74.0
2.461826 359.62576 0.0601 0.0 74.0
0.0 355.42517 0.0602 6.0 74.0
0.0 360.294 0.0602 6.0 74.0
0.0 360.294 0.0603 0.0 75.0
-2.461826 364.4946 0.0603 0.0 75.0
0.0 360.294 0.0604 5.0 75.0
0.0 365.16284 0.0604 5.0 75.0
0.0 365.16284 0.0605 1.0 76.0
2.461826 369.36343 0.0605 1.0 76.0
2.461826 369.36343 0.0606 0.0 77.0
6.709713 371.74274 0.0606 0.0 77.0
2.461826 369.36343 0.0607 0.0 77.0
4.923652 373.56403 0.0607 0.0 77.0
4.923652 373.56403 0.0608 0.0 78.0
4.923652 378.43286 0.0608 0.0 78.0
4.923652 373.56403 0.0609 0.0 78.0
7.385478 377.76462 0.0609 0.0 78.0
0.0 365.16284 0.0610 4.0 76.0
0.0 370.03168 0.0610 4.0 76.0
0.0 370.03168 0.0611 0.0 77.0
2.461826 374.23227 0.0611 0.0 77.0
0.0 370.03168 0.0612 3.0 77.0
0.0 374.9005 0.0612 3.0 77.0
0.0 374.9005 0.0613 0.0 78.0
-2.461826 379.1011 0.0613 0.0 78.0
0.0 374.9005 0.0614 2.0 78.0
0.0 379.76935 0.0614 2.0 78.0
0.0 379.76935 0.0615 1.0 79.0
-2.461826 383.96994 0.0615 1.0 79.0
-2.461826 383.96994 0.0616 0.0 80.0
-2.461826 388.83878 0.0616 0.0 80.0
-2.461826 383.96994 0.0617 0.0 80.0
-4.923652 388.17053 0.0617 0.0 80.0
-4.923652 388.17053 0.0618 0.0 81.0
-9.171539 390.54984 0.0618 0.0 81.0
-4.923652 388.17053 0.0619 0.0 81.0
-7.385478 392.37112 0.0619 0.0 81.0
0.0 379.76935 0.0620 1.0 79.0
0.0 384.63818 0.0620 1.0 79.0
0.0 384.63818 0.0621 0.0 80.0
2.461826 388.83878 0.0621 0.0 80.0
0.0 384.63818 0.0622 0.0 80.0
0.0 389.50702 0.0622 0.0 80.0
0.0 389.50702 0.0623 0.0 81.0
-2.461826 393.7076 0.0623 0.0 81.0
0.0 389.50702 0.0624 0.0 81.0
0.0 394.37585 0.0624 0.0 81.0
