0.0 0.0 0.00 60.0 1.0
0.0 0.3087386 0.00 60.0 1.0
0.0 0.3087386 0.01 59.0 2.0
0.0 0.6174772 0.01 59.0 2.0
0.0 0.6174772 0.02 58.0 3.0
0.0 0.92621577 0.02 58.0 3.0
0.0 0.92621577 0.03 57.0 4.0
0.0 1.2349544 0.03 57.0 4.0
0.0 1.2349544 0.04 56.0 5.0
0.0 1.543693 0.04 56.0 5.0
0.0 1.543693 0.05 55.0 6.0
0.0 1.8524315 0.05 55.0 6.0
0.0 1.8524315 0.06 54.0 7.0
0.0 2.16117 0.06 54.0 7.0
0.0 2.16117 0.07 53.0 8.0
0.0 2.4699087 0.07 53.0 8.0
0.0 2.4699087 0.08 52.0 9.0
0.0 2.7786474 0.08 52.0 9.0
0.0 2.7786474 0.09 51.0 10.0
0.0 3.0873861 0.09 51.0 10.0
0.0 3.0873861 0.010 50.0 11.0
0.0 3.3961248 0.010 50.0 11.0
0.0 3.3961248 0.011 49.0 12.0
0.0 3.7048635 0.011 49.0 12.0
0.0 3.7048635 0.012 48.0 13.0
0.0 4.0136023 0.012 48.0 13.0
0.0 4.0136023 0.013 47.0 14.0
0.0 4.322341 0.013 47.0 14.0
0.0 4.322341 0.014 46.0 15.0
0.0 4.6310797 0.014 46.0 15.0
0.0 4.6310797 0.015 45.0 16.0
0.0 4.9398184 0.015 45.0 16.0
0.0 4.9398184 0.016 28.0 17.0
0.16147253 5.202965 0.016 28.0 17.0
0.16147253 5.202965 0.017 27.0 18.0
0.32294506 5.466111 0.017 27.0 18.0
0.32294506 5.466111 0.018 26.0 19.0
0.4844176 5.7292576 0.018 26.0 19.0
0.4844176 5.7292576 0.019 25.0 20.0
0.6458901 5.992404 0.019 25.0 20.0
0.6458901 5.992404 0.020 24.0 21.0
0.8073627 6.2555504 0.020 24.0 21.0
0.8073627 6.2555504 0.021 23.0 22.0
0.96883523 6.518697 0.021 23.0 22.0
0.96883523 6.518697 0.022 22.0 23.0
1.1303078 6.781843 0.022 22.0 23.0
1.1303078 6.781843 0.023 21.0 24.0
1.2917804 7.0449896 0.023 21.0 24.0
1.2917804 7.0449896 0.024 12.0 25.0
1.5670356 7.1848254 0.024 12.0 25.0
1.5670356 7.1848254 0.025 11.0 26.0
1.8422908 7.3246613 0.025 11.0 26.0
1.8422908 7.3246613 0.026 10.0 27.0
2.117546 7.464497 0.026 10.0 27.0
2.117546 7.464497 0.027 9.0 28.0
2.3928013 7.604333 0.027 9.0 28.0
2.3928013 7.604333 0.028 4.0 29.0
2.7005444 7.5795584 0.028 4.0 29.0
2.7005444 7.5795584 0.029 3.0 30.0
3.0082874 7.554784 0.029 3.0 30.0
3.0082874 7.554784 0.030 0.0 31.0
3.2576282 7.372716 0.030 0.0 31.0
3.2576282 7.372716 0.031 0.0 32.0
3.506969 7.190648 0.031 0.0 32.0
3.0082874 7.554784 0.032 2.0 31.0
3.3160305 7.5300093 0.032 2.0 31.0
3.3160305 7.5300093 0.033 1.0 32.0
3.6237736 7.5052347 0.033 1.0 32.0
3.6237736 7.5052347 0.034 0.0 33.0
3.8731143 7.323167 0.034 0.0 33.0
3.8731143 7.323167 0.035 0.0 34.0
4.122455 7.141099 0.035 0.0 34.0
3.6237736 7.5052347 0.036 0.0 33.0
3.8990288 7.6450706 0.036 0.0 33.0
3.8990288 7.6450706 0.037 0.0 34.0
4.174284 7.7849064 0.037 0.0 34.0
2.3928013 7.604333 0.038 8.0 29.0
2.6680565 7.7441688 0.038 8.0 29.0
2.6680565 7.7441688 0.039 7.0 30.0
2.9433117 7.8840046 0.039 7.0 30.0
2.9433117 7.8840046 0.040 6.0 31.0
3.218567 8.023841 0.040 6.0 31.0
3.218567 8.023841 0.041 5.0 32.0
3.493822 8.163677 0.041 5.0 32.0
3.493822 8.163677 0.042 4.0 33.0
3.8015652 8.138903 0.042 4.0 33.0
3.8015652 8.138903 0.043 3.0 34.0
4.1093082 8.114128 0.043 3.0 34.0
4.1093082 8.114128 0.044 0.0 35.0
4.3586493 7.9320602 0.044 0.0 35.0
4.3586493 7.9320602 0.045 0.0 36.0
4.6079903 7.7499924 0.045 0.0 36.0
4.1093082 8.114128 0.046 2.0 35.0
4.4170513 8.089354 0.046 2.0 35.0
4.4170513 8.089354 0.047 1.0 36.0
4.7247944 8.064579 0.047 1.0 36.0
4.7247944 8.064579 0.048 0.0 37.0
4.9741354 7.882511 0.048 0.0 37.0
4.9741354 7.882511 0.049 0.0 38.0
5.2234764 7.7004433 0.049 0.0 38.0
4.7247944 8.064579 0.050 0.0 37.0
5.0000496 8.204415 0.050 0.0 37.0
5.0000496 8.204415 0.051 0.0 38.0
5.275305 8.344252 0.051 0.0 38.0
3.493822 8.163677 0.052 4.0 33.0
3.6552947 8.426824 0.052 4.0 33.0
3.6552947 8.426824 0.053 3.0 34.0
3.8167672 8.68997 0.053 3.0 34.0
3.8167672 8.68997 0.054 0.0 35.0
4.0920224 8.829806 0.054 0.0 35.0
4.0920224 8.829806 0.055 0.0 36.0
4.3672776 8.969643 0.055 0.0 36.0
3.8167672 8.68997 0.056 2.0 35.0
3.9782398 8.953116 0.056 2.0 35.0
3.9782398 8.953116 0.057 1.0 36.0
4.1397123 9.216263 0.057 1.0 36.0
4.1397123 9.216263 0.058 0.0 37.0
4.4149675 9.356099 0.058 0.0 37.0
4.4149675 9.356099 0.059 0.0 38.0
4.6902227 9.495935 0.059 0.0 38.0
4.1397123 9.216263 0.060 0.0 37.0
4.1397123 9.525002 0.060 0.0 37.0
4.1397123 9.525002 0.061 0.0 38.0
4.1397123 9.83374 0.061 0.0 38.0
1.2917804 7.0449896 0.062 20.0 25.0
1.4532529 7.308136 0.062 20.0 25.0
1.4532529 7.308136 0.063 19.0 26.0
1.6147255 7.5712824 0.063 19.0 26.0
1.6147255 7.5712824 0.064 18.0 27.0
1.776198 7.834429 0.064 18.0 27.0
1.776198 7.834429 0.065 17.0 28.0
1.9376706 8.097575 0.065 17.0 28.0
1.9376706 8.097575 0.066 16.0 29.0
2.099143 8.360722 0.066 16.0 29.0
2.099143 8.360722 0.067 15.0 30.0
2.2606156 8.623868 0.067 15.0 30.0
2.2606156 8.623868 0.068 14.0 31.0
2.4220881 8.887014 0.068 14.0 31.0
2.4220881 8.887014 0.069 13.0 32.0
2.5835607 9.150161 0.069 13.0 32.0
2.5835607 9.150161 0.070 12.0 33.0
2.858816 9.289997 0.070 12.0 33.0
2.858816 9.289997 0.071 11.0 34.0
3.134071 9.429833 0.071 11.0 34.0
3.134071 9.429833 0.072 10.0 35.0
3.4093263 9.56967 0.072 10.0 35.0
3.4093263 9.56967 0.073 9.0 36.0
3.6845815 9.709506 0.073 9.0 36.0
3.6845815 9.709506 0.074 4.0 37.0
3.9923246 9.6847315 0.074 4.0 37.0
3.9923246 9.6847315 0.075 3.0 38.0
4.3000674 9.659957 0.075 3.0 38.0
4.3000674 9.659957 0.076 0.0 39.0
4.5494084 9.477889 0.076 0.0 39.0
4.5494084 9.477889 0.077 0.0 40.0
4.7987494 9.295821 0.077 0.0 40.0
4.3000674 9.659957 0.078 2.0 39.0
4.6078105 9.635182 0.078 2.0 39.0
4.6078105 9.635182 0.079 1.0 40.0
4.9155536 9.610408 0.079 1.0 40.0
4.9155536 9.610408 0.080 0.0 41.0
5.1648946 9.42834 0.080 0.0 41.0
5.1648946 9.42834 0.081 0.0 42.0
5.4142356 9.246272 0.081 0.0 42.0
4.9155536 9.610408 0.082 0.0 41.0
5.190809 9.750244 0.082 0.0 41.0
5.190809 9.750244 0.083 0.0 42.0
5.466064 9.89008 0.083 0.0 42.0
3.6845815 9.709506 0.084 8.0 37.0
3.9598367 9.849342 0.084 8.0 37.0
3.9598367 9.849342 0.085 7.0 38.0
4.235092 9.989179 0.085 7.0 38.0
4.235092 9.989179 0.086 6.0 39.0
4.5103474 10.129015 0.086 6.0 39.0
4.5103474 10.129015 0.087 5.0 40.0
4.7856026 10.268851 0.087 5.0 40.0
4.7856026 10.268851 0.088 4.0 41.0
5.0933456 10.244077 0.088 4.0 41.0
5.0933456 10.244077 0.089 3.0 42.0
5.4010887 10.219302 0.089 3.0 42.0
5.4010887 10.219302 0.090 0.0 43.0
5.6504297 10.037234 0.090 0.0 43.0
5.6504297 10.037234 0.091 0.0 44.0
5.8997707 9.855166 0.091 0.0 44.0
5.4010887 10.219302 0.092 2.0 43.0
5.708832 10.194528 0.092 2.0 43.0
5.708832 10.194528 0.093 1.0 44.0
6.016575 10.169753 0.093 1.0 44.0
6.016575 10.169753 0.094 0.0 45.0
6.265916 9.987685 0.094 0.0 45.0
6.265916 9.987685 0.095 0.0 46.0
6.515257 9.805617 0.095 0.0 46.0
6.016575 10.169753 0.096 0.0 45.0
6.29183 10.309589 0.096 0.0 45.0
6.29183 10.309589 0.097 0.0 46.0
6.5670853 10.449426 0.097 0.0 46.0
4.7856026 10.268851 0.098 4.0 41.0
4.947075 10.531998 0.098 4.0 41.0
4.947075 10.531998 0.099 3.0 42.0
5.108547 10.795144 0.099 3.0 42.0
5.108547 10.795144 0.0100 0.0 43.0
5.3838024 10.93498 0.0100 0.0 43.0
5.3838024 10.93498 0.0101 0.0 44.0
5.6590576 11.074817 0.0101 0.0 44.0
5.108547 10.795144 0.0102 2.0 43.0
5.2700195 11.0582905 0.0102 2.0 43.0
5.2700195 11.0582905 0.0103 1.0 44.0
5.431492 11.321437 0.0103 1.0 44.0
5.431492 11.321437 0.0104 0.0 45.0
5.706747 11.461273 0.0104 0.0 45.0
5.706747 11.461273 0.0105 0.0 46.0
5.9820023 11.6011095 0.0105 0.0 46.0
5.431492 11.321437 0.0106 0.0 45.0
5.431492 11.630176 0.0106 0.0 45.0
5.431492 11.630176 0.0107 0.0 46.0
5.431492 11.938914 0.0107 0.0 46.0
2.5835607 9.150161 0.0108 12.0 33.0
2.5835607 9.4588995 0.0108 12.0 33.0
2.5835607 9.4588995 0.0109 11.0 34.0
2.5835607 9.767638 0.0109 11.0 34.0
2.5835607 9.767638 0.0110 10.0 35.0
2.5835607 10.076377 0.0110 10.0 35.0
2.5835607 10.076377 0.0111 9.0 36.0
2.5835607 10.385116 0.0111 9.0 36.0
2.5835607 10.385116 0.0112 4.0 37.0
2.7450333 10.648262 0.0112 4.0 37.0
2.7450333 10.648262 0.0113 3.0 38.0
2.9065058 10.911408 0.0113 3.0 38.0
2.9065058 10.911408 0.0114 0.0 39.0
3.181761 11.051245 0.0114 0.0 39.0
3.181761 11.051245 0.0115 0.0 40.0
3.4570162 11.191081 0.0115 0.0 40.0
2.9065058 10.911408 0.0116 2.0 39.0
3.0679784 11.174555 0.0116 2.0 39.0
3.0679784 11.174555 0.0117 1.0 40.0
3.229451 11.437701 0.0117 1.0 40.0
3.229451 11.437701 0.0118 0.0 41.0
3.5047061 11.577538 0.0118 0.0 41.0
3.5047061 11.577538 0.0119 0.0 42.0
3.7799613 11.717374 0.0119 0.0 42.0
3.229451 11.437701 0.0120 0.0 41.0
3.229451 11.74644 0.0120 0.0 41.0
3.229451 11.74644 0.0121 0.0 42.0
3.229451 12.055179 0.0121 0.0 42.0
2.5835607 10.385116 0.0122 8.0 37.0
2.5835607 10.693854 0.0122 8.0 37.0
2.5835607 10.693854 0.0123 7.0 38.0
2.5835607 11.002593 0.0123 7.0 38.0
2.5835607 11.002593 0.0124 6.0 39.0
2.5835607 11.311332 0.0124 6.0 39.0
2.5835607 11.311332 0.0125 5.0 40.0
2.5835607 11.62007 0.0125 5.0 40.0
2.5835607 11.62007 0.0126 4.0 41.0
2.7450333 11.883217 0.0126 4.0 41.0
2.7450333 11.883217 0.0127 3.0 42.0
2.9065058 12.146363 0.0127 3.0 42.0
2.9065058 12.146363 0.0128 0.0 43.0
3.181761 12.2862 0.0128 0.0 43.0
3.181761 12.2862 0.0129 0.0 44.0
3.4570162 12.426036 0.0129 0.0 44.0
2.9065058 12.146363 0.0130 2.0 43.0
3.0679784 12.40951 0.0130 2.0 43.0
3.0679784 12.40951 0.0131 1.0 44.0
3.229451 12.672656 0.0131 1.0 44.0
3.229451 12.672656 0.0132 0.0 45.0
3.5047061 12.812492 0.0132 0.0 45.0
3.5047061 12.812492 0.0133 0.0 46.0
3.7799613 12.952329 0.0133 0.0 46.0
3.229451 12.672656 0.0134 0.0 45.0
3.229451 12.981395 0.0134 0.0 45.0
3.229451 12.981395 0.0135 0.0 46.0
3.229451 13.290133 0.0135 0.0 46.0
2.5835607 11.62007 0.0136 4.0 41.0
2.4220881 11.883217 0.0136 4.0 41.0
2.4220881 11.883217 0.0137 3.0 42.0
2.2606156 12.146363 0.0137 3.0 42.0
2.2606156 12.146363 0.0138 0.0 43.0
2.2606156 12.455102 0.0138 0.0 43.0
2.2606156 12.455102 0.0139 0.0 44.0
2.2606156 12.763841 0.0139 0.0 44.0
2.2606156 12.146363 0.0140 2.0 43.0
2.099143 12.40951 0.0140 2.0 43.0
2.099143 12.40951 0.0141 1.0 44.0
1.9376705 12.672656 0.0141 1.0 44.0
1.9376705 12.672656 0.0142 0.0 45.0
1.9376705 12.981395 0.0142 0.0 45.0
1.9376705 12.981395 0.0143 0.0 46.0
1.9376705 13.290133 0.0143 0.0 46.0
1.9376705 12.672656 0.0144 0.0 45.0
1.6624153 12.812492 0.0144 0.0 45.0
1.6624153 12.812492 0.0145 0.0 46.0
1.3871601 12.952329 0.0145 0.0 46.0
0.0 4.9398184 0.0146 44.0 17.0
0.0 5.248557 0.0146 44.0 17.0
0.0 5.248557 0.0147 43.0 18.0
0.0 5.557296 0.0147 43.0 18.0
0.0 5.557296 0.0148 42.0 19.0
0.0 5.8660345 0.0148 42.0 19.0
0.0 5.8660345 0.0149 41.0 20.0
0.0 6.174773 0.0149 41.0 20.0
0.0 6.174773 0.0150 40.0 21.0
0.0 6.483512 0.0150 40.0 21.0
0.0 6.483512 0.0151 39.0 22.0
0.0 6.7922506 0.0151 39.0 22.0
0.0 6.7922506 0.0152 38.0 23.0
0.0 7.1009893 0.0152 38.0 23.0
0.0 7.1009893 0.0153 37.0 24.0
0.0 7.409728 0.0153 37.0 24.0
0.0 7.409728 0.0154 36.0 25.0
0.0 7.7184668 0.0154 36.0 25.0
0.0 7.7184668 0.0155 35.0 26.0
0.0 8.027205 0.0155 35.0 26.0
0.0 8.027205 0.0156 34.0 27.0
0.0 8.335944 0.0156 34.0 27.0
0.0 8.335944 0.0157 33.0 28.0
0.0 8.644683 0.0157 33.0 28.0
0.0 8.644683 0.0158 32.0 29.0
0.0 8.953422 0.0158 32.0 29.0
0.0 8.953422 0.0159 31.0 30.0
0.0 9.26216 0.0159 31.0 30.0
0.0 9.26216 0.0160 30.0 31.0
0.0 9.570899 0.0160 30.0 31.0
0.0 9.570899 0.0161 29.0 32.0
0.0 9.879638 0.0161 29.0 32.0
0.0 9.879638 0.0162 28.0 33.0
0.16147253 10.142784 0.0162 28.0 33.0
0.16147253 10.142784 0.0163 27.0 34.0
0.32294506 10.4059305 0.0163 27.0 34.0
0.32294506 10.4059305 0.0164 26.0 35.0
0.4844176 10.669077 0.0164 26.0 35.0
0.4844176 10.669077 0.0165 25.0 36.0
0.6458901 10.932223 0.0165 25.0 36.0
0.6458901 10.932223 0.0166 24.0 37.0
0.8073627 11.19537 0.0166 24.0 37.0
0.8073627 11.19537 0.0167 23.0 38.0
0.96883523 11.458516 0.0167 23.0 38.0
0.96883523 11.458516 0.0168 22.0 39.0
1.1303078 11.7216625 0.0168 22.0 39.0
1.1303078 11.7216625 0.0169 21.0 40.0
1.2917804 11.984809 0.0169 21.0 40.0
1.2917804 11.984809 0.0170 12.0 41.0
1.5670356 12.124645 0.0170 12.0 41.0
1.5670356 12.124645 0.0171 11.0 42.0
1.8422908 12.264482 0.0171 11.0 42.0
1.8422908 12.264482 0.0172 10.0 43.0
2.117546 12.404318 0.0172 10.0 43.0
2.117546 12.404318 0.0173 9.0 44.0
2.3928013 12.544154 0.0173 9.0 44.0
2.3928013 12.544154 0.0174 4.0 45.0
2.7005444 12.51938 0.0174 4.0 45.0
2.7005444 12.51938 0.0175 3.0 46.0
3.0082874 12.494605 0.0175 3.0 46.0
3.0082874 12.494605 0.0176 0.0 47.0
3.2576282 12.312537 0.0176 0.0 47.0
3.2576282 12.312537 0.0177 0.0 48.0
3.506969 12.130469 0.0177 0.0 48.0
3.0082874 12.494605 0.0178 2.0 47.0
3.3160305 12.4698305 0.0178 2.0 47.0
3.3160305 12.4698305 0.0179 1.0 48.0
3.6237736 12.445056 0.0179 1.0 48.0
3.6237736 12.445056 0.0180 0.0 49.0
3.8731143 12.262988 0.0180 0.0 49.0
3.8731143 12.262988 0.0181 0.0 50.0
4.122455 12.08092 0.0181 0.0 50.0
3.6237736 12.445056 0.0182 0.0 49.0
3.8990288 12.584892 0.0182 0.0 49.0
3.8990288 12.584892 0.0183 0.0 50.0
4.174284 12.724729 0.0183 0.0 50.0
2.3928013 12.544154 0.0184 8.0 45.0
2.6680565 12.6839905 0.0184 8.0 45.0
2.6680565 12.6839905 0.0185 7.0 46.0
2.9433117 12.823827 0.0185 7.0 46.0
2.9433117 12.823827 0.0186 6.0 47.0
3.218567 12.963663 0.0186 6.0 47.0
3.218567 12.963663 0.0187 5.0 48.0
3.493822 13.103499 0.0187 5.0 48.0
3.493822 13.103499 0.0188 4.0 49.0
3.8015652 13.078725 0.0188 4.0 49.0
3.8015652 13.078725 0.0189 3.0 50.0
4.1093082 13.05395 0.0189 3.0 50.0
4.1093082 13.05395 0.0190 0.0 51.0
4.3586493 12.871882 0.0190 0.0 51.0
4.3586493 12.871882 0.0191 0.0 52.0
4.6079903 12.689815 0.0191 0.0 52.0
4.1093082 13.05395 0.0192 2.0 51.0
4.4170513 13.029176 0.0192 2.0 51.0
4.4170513 13.029176 0.0193 1.0 52.0
4.7247944 13.004401 0.0193 1.0 52.0
4.7247944 13.004401 0.0194 0.0 53.0
4.9741354 12.822333 0.0194 0.0 53.0
4.9741354 12.822333 0.0195 0.0 54.0
5.2234764 12.640265 0.0195 0.0 54.0
4.7247944 13.004401 0.0196 0.0 53.0
5.0000496 13.1442375 0.0196 0.0 53.0
5.0000496 13.1442375 0.0197 0.0 54.0
5.275305 13.284074 0.0197 0.0 54.0
3.493822 13.103499 0.0198 4.0 49.0
3.6552947 13.366646 0.0198 4.0 49.0
3.6552947 13.366646 0.0199 3.0 50.0
3.8167672 13.629792 0.0199 3.0 50.0
3.8167672 13.629792 0.0200 0.0 51.0
4.0920224 13.769629 0.0200 0.0 51.0
4.0920224 13.769629 0.0201 0.0 52.0
4.3672776 13.909465 0.0201 0.0 52.0
3.8167672 13.629792 0.0202 2.0 51.0
3.9782398 13.892939 0.0202 2.0 51.0
3.9782398 13.892939 0.0203 1.0 52.0
4.1397123 14.156085 0.0203 1.0 52.0
4.1397123 14.156085 0.0204 0.0 53.0
4.4149675 14.295921 0.0204 0.0 53.0
4.4149675 14.295921 0.0205 0.0 54.0
4.6902227 14.435758 0.0205 0.0 54.0
4.1397123 14.156085 0.0206 0.0 53.0
4.1397123 14.464824 0.0206 0.0 53.0
4.1397123 14.464824 0.0207 0.0 54.0
4.1397123 14.773562 0.0207 0.0 54.0
1.2917804 11.984809 0.0208 20.0 41.0
1.4532529 12.247955 0.0208 20.0 41.0
1.4532529 12.247955 0.0209 19.0 42.0
1.6147255 12.511102 0.0209 19.0 42.0
1.6147255 12.511102 0.0210 18.0 43.0
1.776198 12.774248 0.0210 18.0 43.0
1.776198 12.774248 0.0211 17.0 44.0
1.9376706 13.037395 0.0211 17.0 44.0
1.9376706 13.037395 0.0212 16.0 45.0
2.099143 13.300541 0.0212 16.0 45.0
2.099143 13.300541 0.0213 15.0 46.0
2.2606156 13.563687 0.0213 15.0 46.0
2.2606156 13.563687 0.0214 14.0 47.0
2.4220881 13.826834 0.0214 14.0 47.0
2.4220881 13.826834 0.0215 13.0 48.0
2.5835607 14.08998 0.0215 13.0 48.0
2.5835607 14.08998 0.0216 12.0 49.0
2.858816 14.229816 0.0216 12.0 49.0
2.858816 14.229816 0.0217 11.0 50.0
3.134071 14.369653 0.0217 11.0 50.0
3.134071 14.369653 0.0218 10.0 51.0
3.4093263 14.509489 0.0218 10.0 51.0
3.4093263 14.509489 0.0219 9.0 52.0
3.6845815 14.649325 0.0219 9.0 52.0
3.6845815 14.649325 0.0220 4.0 53.0
3.9923246 14.624551 0.0220 4.0 53.0
3.9923246 14.624551 0.0221 3.0 54.0
4.3000674 14.599776 0.0221 3.0 54.0
4.3000674 14.599776 0.0222 0.0 55.0
4.5494084 14.417708 0.0222 0.0 55.0
4.5494084 14.417708 0.0223 0.0 56.0
4.7987494 14.235641 0.0223 0.0 56.0
4.3000674 14.599776 0.0224 2.0 55.0
4.6078105 14.575002 0.0224 2.0 55.0
4.6078105 14.575002 0.0225 1.0 56.0
4.9155536 14.550227 0.0225 1.0 56.0
4.9155536 14.550227 0.0226 0.0 57.0
5.1648946 14.368159 0.0226 0.0 57.0
5.1648946 14.368159 0.0227 0.0 58.0
5.4142356 14.186091 0.0227 0.0 58.0
4.9155536 14.550227 0.0228 0.0 57.0
5.190809 14.690063 0.0228 0.0 57.0
5.190809 14.690063 0.0229 0.0 58.0
5.466064 14.8299 0.0229 0.0 58.0
3.6845815 14.649325 0.0230 8.0 53.0
3.9598367 14.789162 0.0230 8.0 53.0
3.9598367 14.789162 0.0231 7.0 54.0
4.235092 14.928998 0.0231 7.0 54.0
4.235092 14.928998 0.0232 6.0 55.0
4.5103474 15.068834 0.0232 6.0 55.0
4.5103474 15.068834 0.0233 5.0 56.0
4.7856026 15.208671 0.0233 5.0 56.0
4.7856026 15.208671 0.0234 4.0 57.0
5.0933456 15.183896 0.0234 4.0 57.0
5.0933456 15.183896 0.0235 3.0 58.0
5.4010887 15.1591215 0.0235 3.0 58.0
5.4010887 15.1591215 0.0236 0.0 59.0
5.6504297 14.977054 0.0236 0.0 59.0
5.6504297 14.977054 0.0237 0.0 60.0
5.8997707 14.794986 0.0237 0.0 60.0
5.4010887 15.1591215 0.0238 2.0 59.0
5.708832 15.134347 0.0238 2.0 59.0
5.708832 15.134347 0.0239 1.0 60.0
6.016575 15.109572 0.0239 1.0 60.0
6.016575 15.109572 0.0240 0.0 61.0
6.265916 14.927505 0.0240 0.0 61.0
6.265916 14.927505 0.0241 0.0 62.0
6.515257 14.745437 0.0241 0.0 62.0
6.016575 15.109572 0.0242 0.0 61.0
6.29183 15.249409 0.0242 0.0 61.0
6.29183 15.249409 0.0243 0.0 62.0
6.5670853 15.389245 0.0243 0.0 62.0
4.7856026 15.208671 0.0244 4.0 57.0
4.947075 15.471817 0.0244 4.0 57.0
4.947075 15.471817 0.0245 3.0 58.0
5.108547 15.734963 0.0245 3.0 58.0
5.108547 15.734963 0.0246 0.0 59.0
5.3838024 15.8748 0.0246 0.0 59.0
5.3838024 15.8748 0.0247 0.0 60.0
5.6590576 16.014635 0.0247 0.0 60.0
5.108547 15.734963 0.0248 2.0 59.0
5.2700195 15.99811 0.0248 2.0 59.0
5.2700195 15.99811 0.0249 1.0 60.0
5.431492 16.261257 0.0249 1.0 60.0
5.431492 16.261257 0.0250 0.0 61.0
5.706747 16.401093 0.0250 0.0 61.0
5.706747 16.401093 0.0251 0.0 62.0
5.9820023 16.540928 0.0251 0.0 62.0
5.431492 16.261257 0.0252 0.0 61.0
5.431492 16.569996 0.0252 0.0 61.0
5.431492 16.569996 0.0253 0.0 62.0
5.431492 16.878735 0.0253 0.0 62.0
2.5835607 14.08998 0.0254 12.0 49.0
2.5835607 14.398719 0.0254 12.0 49.0
2.5835607 14.398719 0.0255 11.0 50.0
2.5835607 14.707458 0.0255 11.0 50.0
2.5835607 14.707458 0.0256 10.0 51.0
2.5835607 15.016196 0.0256 10.0 51.0
2.5835607 15.016196 0.0257 9.0 52.0
2.5835607 15.324935 0.0257 9.0 52.0
2.5835607 15.324935 0.0258 4.0 53.0
2.7450333 15.588081 0.0258 4.0 53.0
2.7450333 15.588081 0.0259 3.0 54.0
2.9065058 15.851228 0.0259 3.0 54.0
2.9065058 15.851228 0.0260 0.0 55.0
3.181761 15.991064 0.0260 0.0 55.0
3.181761 15.991064 0.0261 0.0 56.0
3.4570162 16.1309 0.0261 0.0 56.0
2.9065058 15.851228 0.0262 2.0 55.0
3.0679784 16.114374 0.0262 2.0 55.0
3.0679784 16.114374 0.0263 1.0 56.0
3.229451 16.377522 0.0263 1.0 56.0
3.229451 16.377522 0.0264 0.0 57.0
3.5047061 16.517357 0.0264 0.0 57.0
3.5047061 16.517357 0.0265 0.0 58.0
3.7799613 16.657192 0.0265 0.0 58.0
3.229451 16.377522 0.0266 0.0 57.0
3.229451 16.68626 0.0266 0.0 57.0
3.229451 16.68626 0.0267 0.0 58.0
3.229451 16.994999 0.0267 0.0 58.0
2.5835607 15.324935 0.0268 8.0 53.0
2.5835607 15.633674 0.0268 8.0 53.0
2.5835607 15.633674 0.0269 7.0 54.0
2.5835607 15.942412 0.0269 7.0 54.0
2.5835607 15.942412 0.0270 6.0 55.0
2.5835607 16.25115 0.0270 6.0 55.0
2.5835607 16.25115 0.0271 5.0 56.0
2.5835607 16.559889 0.0271 5.0 56.0
2.5835607 16.559889 0.0272 4.0 57.0
2.7450333 16.823036 0.0272 4.0 57.0
2.7450333 16.823036 0.0273 3.0 58.0
2.9065058 17.086184 0.0273 3.0 58.0
2.9065058 17.086184 0.0274 0.0 59.0
3.181761 17.226019 0.0274 0.0 59.0
3.181761 17.226019 0.0275 0.0 60.0
3.4570162 17.365854 0.0275 0.0 60.0
2.9065058 17.086184 0.0276 2.0 59.0
3.0679784 17.34933 0.0276 2.0 59.0
3.0679784 17.34933 0.0277 1.0 60.0
3.229451 17.612478 0.0277 1.0 60.0
3.229451 17.612478 0.0278 0.0 61.0
3.5047061 17.752314 0.0278 0.0 61.0
3.5047061 17.752314 0.0279 0.0 62.0
3.7799613 17.892149 0.0279 0.0 62.0
3.229451 17.612478 0.0280 0.0 61.0
3.229451 17.921217 0.0280 0.0 61.0
3.229451 17.921217 0.0281 0.0 62.0
3.229451 18.229956 0.0281 0.0 62.0
2.5835607 16.559889 0.0282 4.0 57.0
2.4220881 16.823036 0.0282 4.0 57.0
2.4220881 16.823036 0.0283 3.0 58.0
2.2606156 17.086184 0.0283 3.0 58.0
2.2606156 17.086184 0.0284 0.0 59.0
2.2606156 17.394922 0.0284 0.0 59.0
2.2606156 17.394922 0.0285 0.0 60.0
2.2606156 17.703661 0.0285 0.0 60.0
2.2606156 17.086184 0.0286 2.0 59.0
2.099143 17.34933 0.0286 2.0 59.0
2.099143 17.34933 0.0287 1.0 60.0
1.9376705 17.612478 0.0287 1.0 60.0
1.9376705 17.612478 0.0288 0.0 61.0
1.9376705 17.921217 0.0288 0.0 61.0
1.9376705 17.921217 0.0289 0.0 62.0
1.9376705 18.229956 0.0289 0.0 62.0
1.9376705 17.612478 0.0290 0.0 61.0
1.6624153 17.752314 0.0290 0.0 61.0
1.6624153 17.752314 0.0291 0.0 62.0
1.3871601 17.892149 0.0291 0.0 62.0
0.0 9.879638 0.0292 28.0 33.0
-0.16147253 10.142784 0.0292 28.0 33.0
-0.16147253 10.142784 0.0293 27.0 34.0
-0.32294506 10.4059305 0.0293 27.0 34.0
-0.32294506 10.4059305 0.0294 26.0 35.0
-0.4844176 10.669077 0.0294 26.0 35.0
-0.4844176 10.669077 0.0295 25.0 36.0
-0.6458901 10.932223 0.0295 25.0 36.0
-0.6458901 10.932223 0.0296 24.0 37.0
-0.8073627 11.19537 0.0296 24.0 37.0
-0.8073627 11.19537 0.0297 23.0 38.0
-0.96883523 11.458516 0.0297 23.0 38.0
-0.96883523 11.458516 0.0298 22.0 39.0
-1.1303078 11.7216625 0.0298 22.0 39.0
-1.1303078 11.7216625 0.0299 21.0 40.0
-1.2917804 11.984809 0.0299 21.0 40.0
-1.2917804 11.984809 0.0300 12.0 41.0
-1.2917804 12.293548 0.0300 12.0 41.0
-1.2917804 12.293548 0.0301 11.0 42.0
-1.2917804 12.602286 0.0301 11.0 42.0
-1.2917804 12.602286 0.0302 10.0 43.0
-1.2917804 12.911025 0.0302 10.0 43.0
-1.2917804 12.911025 0.0303 9.0 44.0
-1.2917804 13.219764 0.0303 9.0 44.0
-1.2917804 13.219764 0.0304 4.0 45.0
-1.1303078 13.48291 0.0304 4.0 45.0
-1.1303078 13.48291 0.0305 3.0 46.0
-0.96883523 13.746057 0.0305 3.0 46.0
-0.96883523 13.746057 0.0306 0.0 47.0
-0.69358003 13.885893 0.0306 0.0 47.0
-0.69358003 13.885893 0.0307 0.0 48.0
-0.41832483 14.025729 0.0307 0.0 48.0
-0.96883523 13.746057 0.0308 2.0 47.0
-0.8073627 14.009203 0.0308 2.0 47.0
-0.8073627 14.009203 0.0309 1.0 48.0
-0.6458901 14.272349 0.0309 1.0 48.0
-0.6458901 14.272349 0.0310 0.0 49.0
-0.3706349 14.412186 0.0310 0.0 49.0
-0.3706349 14.412186 0.0311 0.0 50.0
-0.09537971 14.552022 0.0311 0.0 50.0
-0.6458901 14.272349 0.0312 0.0 49.0
-0.6458901 14.581088 0.0312 0.0 49.0
-0.6458901 14.581088 0.0313 0.0 50.0
-0.6458901 14.889827 0.0313 0.0 50.0
-1.2917804 13.219764 0.0314 8.0 45.0
-1.2917804 13.528502 0.0314 8.0 45.0
-1.2917804 13.528502 0.0315 7.0 46.0
-1.2917804 13.837241 0.0315 7.0 46.0
-1.2917804 13.837241 0.0316 6.0 47.0
-1.2917804 14.14598 0.0316 6.0 47.0
-1.2917804 14.14598 0.0317 5.0 48.0
-1.2917804 14.454719 0.0317 5.0 48.0
-1.2917804 14.454719 0.0318 4.0 49.0
-1.1303078 14.717865 0.0318 4.0 49.0
-1.1303078 14.717865 0.0319 3.0 50.0
-0.96883523 14.981011 0.0319 3.0 50.0
-0.96883523 14.981011 0.0320 0.0 51.0
-0.69358003 15.120848 0.0320 0.0 51.0
-0.69358003 15.120848 0.0321 0.0 52.0
-0.41832483 15.260684 0.0321 0.0 52.0
-0.96883523 14.981011 0.0322 2.0 51.0
-0.8073627 15.244158 0.0322 2.0 51.0
-0.8073627 15.244158 0.0323 1.0 52.0
-0.6458901 15.507304 0.0323 1.0 52.0
-0.6458901 15.507304 0.0324 0.0 53.0
-0.3706349 15.6471405 0.0324 0.0 53.0
-0.3706349 15.6471405 0.0325 0.0 54.0
-0.09537971 15.786977 0.0325 0.0 54.0
-0.6458901 15.507304 0.0326 0.0 53.0
-0.6458901 15.816043 0.0326 0.0 53.0
-0.6458901 15.816043 0.0327 0.0 54.0
-0.6458901 16.12478 0.0327 0.0 54.0
-1.2917804 14.454719 0.0328 4.0 49.0
-1.4532529 14.717865 0.0328 4.0 49.0
-1.4532529 14.717865 0.0329 3.0 50.0
-1.6147255 14.981011 0.0329 3.0 50.0
-1.6147255 14.981011 0.0330 0.0 51.0
-1.6147255 15.28975 0.0330 0.0 51.0
-1.6147255 15.28975 0.0331 0.0 52.0
-1.6147255 15.598489 0.0331 0.0 52.0
-1.6147255 14.981011 0.0332 2.0 51.0
-1.776198 15.244158 0.0332 2.0 51.0
-1.776198 15.244158 0.0333 1.0 52.0
-1.9376706 15.507304 0.0333 1.0 52.0
-1.9376706 15.507304 0.0334 0.0 53.0
-1.9376706 15.816043 0.0334 0.0 53.0
-1.9376706 15.816043 0.0335 0.0 54.0
-1.9376706 16.12478 0.0335 0.0 54.0
-1.9376706 15.507304 0.0336 0.0 53.0
-2.212926 15.6471405 0.0336 0.0 53.0
-2.212926 15.6471405 0.0337 0.0 54.0
-2.488181 15.786977 0.0337 0.0 54.0
-1.2917804 11.984809 0.0338 20.0 41.0
-1.4532529 12.247955 0.0338 20.0 41.0
-1.4532529 12.247955 0.0339 19.0 42.0
-1.6147255 12.511102 0.0339 19.0 42.0
-1.6147255 12.511102 0.0340 18.0 43.0
-1.776198 12.774248 0.0340 18.0 43.0
-1.776198 12.774248 0.0341 17.0 44.0
-1.9376706 13.037395 0.0341 17.0 44.0
-1.9376706 13.037395 0.0342 16.0 45.0
-2.099143 13.300541 0.0342 16.0 45.0
-2.099143 13.300541 0.0343 15.0 46.0
-2.2606156 13.563687 0.0343 15.0 46.0
-2.2606156 13.563687 0.0344 14.0 47.0
-2.4220881 13.826834 0.0344 14.0 47.0
-2.4220881 13.826834 0.0345 13.0 48.0
-2.5835607 14.08998 0.0345 13.0 48.0
-2.5835607 14.08998 0.0346 12.0 49.0
-2.5835607 14.398719 0.0346 12.0 49.0
-2.5835607 14.398719 0.0347 11.0 50.0
-2.5835607 14.707458 0.0347 11.0 50.0
-2.5835607 14.707458 0.0348 10.0 51.0
-2.5835607 15.016196 0.0348 10.0 51.0
-2.5835607 15.016196 0.0349 9.0 52.0
-2.5835607 15.324935 0.0349 9.0 52.0
-2.5835607 15.324935 0.0350 4.0 53.0
-2.4220881 15.588081 0.0350 4.0 53.0
-2.4220881 15.588081 0.0351 3.0 54.0
-2.2606156 15.851228 0.0351 3.0 54.0
-2.2606156 15.851228 0.0352 0.0 55.0
-1.9853604 15.991064 0.0352 0.0 55.0
-1.9853604 15.991064 0.0353 0.0 56.0
-1.7101052 16.1309 0.0353 0.0 56.0
-2.2606156 15.851228 0.0354 2.0 55.0
-2.099143 16.114374 0.0354 2.0 55.0
-2.099143 16.114374 0.0355 1.0 56.0
-1.9376705 16.377522 0.0355 1.0 56.0
-1.9376705 16.377522 0.0356 0.0 57.0
-1.6624153 16.517357 0.0356 0.0 57.0
-1.6624153 16.517357 0.0357 0.0 58.0
-1.3871601 16.657192 0.0357 0.0 58.0
-1.9376705 16.377522 0.0358 0.0 57.0
-1.9376705 16.68626 0.0358 0.0 57.0
-1.9376705 16.68626 0.0359 0.0 58.0
-1.9376705 16.994999 0.0359 0.0 58.0
-2.5835607 15.324935 0.0360 8.0 53.0
-2.5835607 15.633674 0.0360 8.0 53.0
-2.5835607 15.633674 0.0361 7.0 54.0
-2.5835607 15.942412 0.0361 7.0 54.0
-2.5835607 15.942412 0.0362 6.0 55.0
-2.5835607 16.25115 0.0362 6.0 55.0
-2.5835607 16.25115 0.0363 5.0 56.0
-2.5835607 16.559889 0.0363 5.0 56.0
-2.5835607 16.559889 0.0364 4.0 57.0
-2.4220881 16.823036 0.0364 4.0 57.0
-2.4220881 16.823036 0.0365 3.0 58.0
-2.2606156 17.086184 0.0365 3.0 58.0
-2.2606156 17.086184 0.0366 0.0 59.0
-1.9853604 17.226019 0.0366 0.0 59.0
-1.9853604 17.226019 0.0367 0.0 60.0
-1.7101052 17.365854 0.0367 0.0 60.0
-2.2606156 17.086184 0.0368 2.0 59.0
-2.099143 17.34933 0.0368 2.0 59.0
-2.099143 17.34933 0.0369 1.0 60.0
-1.9376705 17.612478 0.0369 1.0 60.0
-1.9376705 17.612478 0.0370 0.0 61.0
-1.6624153 17.752314 0.0370 0.0 61.0
-1.6624153 17.752314 0.0371 0.0 62.0
-1.3871601 17.892149 0.0371 0.0 62.0
-1.9376705 17.612478 0.0372 0.0 61.0
-1.9376705 17.921217 0.0372 0.0 61.0
-1.9376705 17.921217 0.0373 0.0 62.0
-1.9376705 18.229956 0.0373 0.0 62.0
-2.5835607 16.559889 0.0374 4.0 57.0
-2.7450333 16.823036 0.0374 4.0 57.0
-2.7450333 16.823036 0.0375 3.0 58.0
-2.9065058 17.086184 0.0375 3.0 58.0
-2.9065058 17.086184 0.0376 0.0 59.0
-2.9065058 17.394922 0.0376 0.0 59.0
-2.9065058 17.394922 0.0377 0.0 60.0
-2.9065058 17.703661 0.0377 0.0 60.0
-2.9065058 17.086184 0.0378 2.0 59.0
-3.0679784 17.34933 0.0378 2.0 59.0
-3.0679784 17.34933 0.0379 1.0 60.0
-3.229451 17.612478 0.0379 1.0 60.0
-3.229451 17.612478 0.0380 0.0 61.0
-3.229451 17.921217 0.0380 0.0 61.0
-3.229451 17.921217 0.0381 0.0 62.0
-3.229451 18.229956 0.0381 0.0 62.0
-3.229451 17.612478 0.0382 0.0 61.0
-3.5047061 17.752314 0.0382 0.0 61.0
-3.5047061 17.752314 0.0383 0.0 62.0
-3.7799613 17.892149 0.0383 0.0 62.0
-2.5835607 14.08998 0.0384 12.0 49.0
-2.858816 14.229816 0.0384 12.0 49.0
-2.858816 14.229816 0.0385 11.0 50.0
-3.134071 14.369653 0.0385 11.0 50.0
-3.134071 14.369653 0.0386 10.0 51.0
-3.4093263 14.509489 0.0386 10.0 51.0
-3.4093263 14.509489 0.0387 9.0 52.0
-3.6845815 14.649325 0.0387 9.0 52.0
-3.6845815 14.649325 0.0388 4.0 53.0
-3.846054 14.912472 0.0388 4.0 53.0
-3.846054 14.912472 0.0389 3.0 54.0
-4.0075264 15.175618 0.0389 3.0 54.0
-4.0075264 15.175618 0.0390 0.0 55.0
-4.0075264 15.484357 0.0390 0.0 55.0
-4.0075264 15.484357 0.0391 0.0 56.0
-4.0075264 15.793096 0.0391 0.0 56.0
-4.0075264 15.175618 0.0392 2.0 55.0
-4.1689987 15.438765 0.0392 2.0 55.0
-4.1689987 15.438765 0.0393 1.0 56.0
-4.330471 15.701911 0.0393 1.0 56.0
-4.330471 15.701911 0.0394 0.0 57.0
-4.330471 16.010649 0.0394 0.0 57.0
-4.330471 16.010649 0.0395 0.0 58.0
-4.330471 16.319387 0.0395 0.0 58.0
-4.330471 15.701911 0.0396 0.0 57.0
-4.6057262 15.841747 0.0396 0.0 57.0
-4.6057262 15.841747 0.0397 0.0 58.0
-4.8809814 15.981584 0.0397 0.0 58.0
-3.6845815 14.649325 0.0398 8.0 53.0
-3.9598367 14.789162 0.0398 8.0 53.0
-3.9598367 14.789162 0.0399 7.0 54.0
-4.235092 14.928998 0.0399 7.0 54.0
-4.235092 14.928998 0.0400 6.0 55.0
-4.5103474 15.068834 0.0400 6.0 55.0
-4.5103474 15.068834 0.0401 5.0 56.0
-4.7856026 15.208671 0.0401 5.0 56.0
-4.7856026 15.208671 0.0402 4.0 57.0
-4.947075 15.471817 0.0402 4.0 57.0
-4.947075 15.471817 0.0403 3.0 58.0
-5.108547 15.734963 0.0403 3.0 58.0
-5.108547 15.734963 0.0404 0.0 59.0
-5.108547 16.043701 0.0404 0.0 59.0
-5.108547 16.043701 0.0405 0.0 60.0
-5.108547 16.35244 0.0405 0.0 60.0
-5.108547 15.734963 0.0406 2.0 59.0
-5.2700195 15.99811 0.0406 2.0 59.0
-5.2700195 15.99811 0.0407 1.0 60.0
-5.431492 16.261257 0.0407 1.0 60.0
-5.431492 16.261257 0.0408 0.0 61.0
-5.431492 16.569996 0.0408 0.0 61.0
-5.431492 16.569996 0.0409 0.0 62.0
-5.431492 16.878735 0.0409 0.0 62.0
-5.431492 16.261257 0.0410 0.0 61.0
-5.706747 16.401093 0.0410 0.0 61.0
-5.706747 16.401093 0.0411 0.0 62.0
-5.9820023 16.540928 0.0411 0.0 62.0
-4.7856026 15.208671 0.0412 4.0 57.0
-5.0933456 15.183896 0.0412 4.0 57.0
-5.0933456 15.183896 0.0413 3.0 58.0
-5.4010887 15.1591215 0.0413 3.0 58.0
-5.4010887 15.1591215 0.0414 0.0 59.0
-5.676344 15.298958 0.0414 0.0 59.0
-5.676344 15.298958 0.0415 0.0 60.0
-5.951599 15.438794 0.0415 0.0 60.0
-5.4010887 15.1591215 0.0416 2.0 59.0
-5.708832 15.134347 0.0416 2.0 59.0
-5.708832 15.134347 0.0417 1.0 60.0
-6.016575 15.109572 0.0417 1.0 60.0
-6.016575 15.109572 0.0418 0.0 61.0
-6.29183 15.249409 0.0418 0.0 61.0
-6.29183 15.249409 0.0419 0.0 62.0
-6.5670853 15.389245 0.0419 0.0 62.0
-6.016575 15.109572 0.0420 0.0 61.0
-6.265916 14.927505 0.0420 0.0 61.0
-6.265916 14.927505 0.0421 0.0 62.0
-6.515257 14.745437 0.0421 0.0 62.0
