0.0 0.0 0.00 29.0 1.0
0.0 4.807684 0.00 29.0 1.0
0.0 4.807684 0.01 0.0 2.0
2.2798479 9.040428 0.01 0.0 2.0
0.0 4.807684 0.02 28.0 2.0
0.0 9.615368 0.02 28.0 2.0
0.0 9.615368 0.03 0.0 3.0
2.2798479 13.848112 0.03 0.0 3.0
0.0 9.615368 0.04 0.0 3.0
0.0 14.423052 0.04 0.0 3.0
0.0 9.615368 0.05 1.0 3.0
2.2798479 13.848112 0.05 1.0 3.0
2.2798479 13.848112 0.06 0.0 4.0
6.29426 16.493546 0.06 0.0 4.0
2.2798479 13.848112 0.07 0.0 4.0
4.5596957 18.080856 0.07 0.0 4.0
4.5596957 18.080856 0.08 0.0 5.0
8.574108 20.726292 0.08 0.0 5.0
4.5596957 18.080856 0.09 0.0 5.0
6.8395433 22.3136 0.09 0.0 5.0
0.0 9.615368 0.010 27.0 3.0
0.0 14.423052 0.010 27.0 3.0
0.0 14.423052 0.011 0.0 4.0
2.2798479 18.655796 0.011 0.0 4.0
0.0 14.423052 0.012 26.0 4.0
0.0 19.230736 0.012 26.0 4.0
0.0 19.230736 0.013 0.0 5.0
2.2798479 23.46348 0.013 0.0 5.0
0.0 19.230736 0.014 0.0 5.0
0.0 24.03842 0.014 0.0 5.0
0.0 19.230736 0.015 1.0 5.0
2.2798479 23.46348 0.015 1.0 5.0
2.2798479 23.46348 0.016 0.0 6.0
6.29426 26.108913 0.016 0.0 6.0
2.2798479 23.46348 0.017 0.0 6.0
4.5596957 27.696224 0.017 0.0 6.0
4.5596957 27.696224 0.018 0.0 7.0
8.574108 30.34166 0.018 0.0 7.0
4.5596957 27.696224 0.019 0.0 7.0
6.8395433 31.928968 0.019 0.0 7.0
0.0 19.230736 0.020 1.0 5.0
0.0 24.03842 0.020 1.0 5.0
0.0 24.03842 0.021 0.0 6.0
2.2798479 28.271164 0.021 0.0 6.0
0.0 24.03842 0.022 0.0 6.0
0.0 28.846104 0.022 0.0 6.0
0.0 28.846104 0.023 0.0 7.0
2.2798479 33.078846 0.023 0.0 7.0
0.0 28.846104 0.024 0.0 7.0
0.0 33.653786 0.024 0.0 7.0
0.0 19.230736 0.025 5.0 5.0
-2.2798479 23.46348 0.025 5.0 5.0
-2.2798479 23.46348 0.026 0.0 6.0
-2.2798479 28.271164 0.026 0.0 6.0
-2.2798479 23.46348 0.027 4.0 6.0
-4.5596957 27.696224 0.027 4.0 6.0
-4.5596957 27.696224 0.028 0.0 7.0
-4.5596957 32.503906 0.028 0.0 7.0
-4.5596957 27.696224 0.029 0.0 7.0
-6.8395433 31.928968 0.029 0.0 7.0
-4.5596957 27.696224 0.030 1.0 7.0
-4.5596957 32.503906 0.030 1.0 7.0
-4.5596957 32.503906 0.031 0.0 8.0
-2.2798479 36.73665 0.031 0.0 8.0
-4.5596957 32.503906 0.032 0.0 8.0
-4.5596957 37.311592 0.032 0.0 8.0
-4.5596957 37.311592 0.033 0.0 9.0
-2.2798479 41.544334 0.033 0.0 9.0
-4.5596957 37.311592 0.034 0.0 9.0
-4.5596957 42.119278 0.034 0.0 9.0
-4.5596957 27.696224 0.035 3.0 7.0
-6.8395433 31.928968 0.035 3.0 7.0
-6.8395433 31.928968 0.036 0.0 8.0
-6.8395433 36.736652 0.036 0.0 8.0
-6.8395433 31.928968 0.037 2.0 8.0
-9.119391 36.161713 0.037 2.0 8.0
-9.119391 36.161713 0.038 0.0 9.0
-9.119391 40.9694 0.038 0.0 9.0
-9.119391 36.161713 0.039 0.0 9.0
-11.39924 40.394455 0.039 0.0 9.0
-9.119391 36.161713 0.040 1.0 9.0
-9.119391 40.9694 0.040 1.0 9.0
-9.119391 40.9694 0.041 0.0 10.0
-6.8395433 45.20214 0.041 0.0 10.0
-9.119391 40.9694 0.042 0.0 10.0
-9.119391 45.777084 0.042 0.0 10.0
-9.119391 45.777084 0.043 0.0 11.0
-6.8395433 50.009827 0.043 0.0 11.0
-9.119391 45.777084 0.044 0.0 11.0
-9.119391 50.58477 0.044 0.0 11.0
-9.119391 36.161713 0.045 1.0 9.0
-11.39924 40.394455 0.045 1.0 9.0
-11.39924 40.394455 0.046 0.0 10.0
-11.39924 45.20214 0.046 0.0 10.0
-11.39924 40.394455 0.047 0.0 10.0
-13.679088 44.627197 0.047 0.0 10.0
-13.679088 44.627197 0.048 0.0 11.0
-13.679088 49.434883 0.048 0.0 11.0
-13.679088 44.627197 0.049 0.0 11.0
-15.958936 48.85994 0.049 0.0 11.0
0.0 19.230736 0.050 25.0 5.0
0.0 24.03842 0.050 25.0 5.0
0.0 24.03842 0.051 0.0 6.0
2.2798479 28.271164 0.051 0.0 6.0
0.0 24.03842 0.052 24.0 6.0
0.0 28.846104 0.052 24.0 6.0
0.0 28.846104 0.053 0.0 7.0
2.2798479 33.078846 0.053 0.0 7.0
0.0 28.846104 0.054 0.0 7.0
0.0 33.653786 0.054 0.0 7.0
0.0 28.846104 0.055 1.0 7.0
2.2798479 33.078846 0.055 1.0 7.0
2.2798479 33.078846 0.056 0.0 8.0
6.29426 35.72428 0.056 0.0 8.0
2.2798479 33.078846 0.057 0.0 8.0
4.5596957 37.31159 0.057 0.0 8.0
4.5596957 37.31159 0.058 0.0 9.0
8.574108 39.957024 0.058 0.0 9.0
4.5596957 37.31159 0.059 0.0 9.0
6.8395433 41.54433 0.059 0.0 9.0
0.0 28.846104 0.060 23.0 7.0
0.0 33.653786 0.060 23.0 7.0
0.0 33.653786 0.061 0.0 8.0
2.2798479 37.886528 0.061 0.0 8.0
0.0 33.653786 0.062 22.0 8.0
0.0 38.46147 0.062 22.0 8.0
0.0 38.46147 0.063 0.0 9.0
2.2798479 42.694214 0.063 0.0 9.0
0.0 38.46147 0.064 0.0 9.0
0.0 43.269157 0.064 0.0 9.0
0.0 38.46147 0.065 1.0 9.0
2.2798479 42.694214 0.065 1.0 9.0
2.2798479 42.694214 0.066 0.0 10.0
6.29426 45.33965 0.066 0.0 10.0
2.2798479 42.694214 0.067 0.0 10.0
4.5596957 46.926956 0.067 0.0 10.0
4.5596957 46.926956 0.068 0.0 11.0
8.574108 49.57239 0.068 0.0 11.0
4.5596957 46.926956 0.069 0.0 11.0
6.8395433 51.1597 0.069 0.0 11.0
0.0 38.46147 0.070 1.0 9.0
0.0 43.269157 0.070 1.0 9.0
0.0 43.269157 0.071 0.0 10.0
2.2798479 47.5019 0.071 0.0 10.0
0.0 43.269157 0.072 0.0 10.0
0.0 48.076843 0.072 0.0 10.0
0.0 48.076843 0.073 0.0 11.0
2.2798479 52.309586 0.073 0.0 11.0
0.0 48.076843 0.074 0.0 11.0
0.0 52.88453 0.074 0.0 11.0
0.0 38.46147 0.075 5.0 9.0
2.2798479 42.694214 0.075 5.0 9.0
2.2798479 42.694214 0.076 0.0 10.0
6.29426 45.33965 0.076 0.0 10.0
2.2798479 42.694214 0.077 4.0 10.0
4.5596957 46.926956 0.077 4.0 10.0
4.5596957 46.926956 0.078 0.0 11.0
8.574108 49.57239 0.078 0.0 11.0
4.5596957 46.926956 0.079 0.0 11.0
6.8395433 51.1597 0.079 0.0 11.0
4.5596957 46.926956 0.080 1.0 11.0
8.574108 49.57239 0.080 1.0 11.0
8.574108 49.57239 0.081 0.0 12.0
13.362934 49.99779 0.081 0.0 12.0
8.574108 49.57239 0.082 0.0 12.0
12.58852 52.217827 0.082 0.0 12.0
12.58852 52.217827 0.083 0.0 13.0
17.377346 52.643227 0.083 0.0 13.0
12.58852 52.217827 0.084 0.0 13.0
16.602932 54.863262 0.084 0.0 13.0
4.5596957 46.926956 0.085 3.0 11.0
6.8395433 51.1597 0.085 3.0 11.0
6.8395433 51.1597 0.086 0.0 12.0
10.853955 53.805134 0.086 0.0 12.0
6.8395433 51.1597 0.087 2.0 12.0
9.119391 55.39244 0.087 2.0 12.0
9.119391 55.39244 0.088 0.0 13.0
13.133803 58.037876 0.088 0.0 13.0
9.119391 55.39244 0.089 0.0 13.0
11.39924 59.625183 0.089 0.0 13.0
9.119391 55.39244 0.090 1.0 13.0
13.133803 58.037876 0.090 1.0 13.0
13.133803 58.037876 0.091 0.0 14.0
17.92263 58.463276 0.091 0.0 14.0
13.133803 58.037876 0.092 0.0 14.0
17.148216 60.68331 0.092 0.0 14.0
17.148216 60.68331 0.093 0.0 15.0
21.937042 61.10871 0.093 0.0 15.0
17.148216 60.68331 0.094 0.0 15.0
21.162628 63.328747 0.094 0.0 15.0
9.119391 55.39244 0.095 1.0 13.0
11.39924 59.625183 0.095 1.0 13.0
11.39924 59.625183 0.096 0.0 14.0
15.413651 62.27062 0.096 0.0 14.0
11.39924 59.625183 0.097 0.0 14.0
13.679088 63.857925 0.097 0.0 14.0
13.679088 63.857925 0.098 0.0 15.0
17.6935 66.50336 0.098 0.0 15.0
13.679088 63.857925 0.099 0.0 15.0
15.958936 68.09067 0.099 0.0 15.0
0.0 38.46147 0.0100 5.0 9.0
0.0 43.269157 0.0100 5.0 9.0
0.0 43.269157 0.0101 0.0 10.0
2.2798479 47.5019 0.0101 0.0 10.0
0.0 43.269157 0.0102 4.0 10.0
0.0 48.076843 0.0102 4.0 10.0
0.0 48.076843 0.0103 0.0 11.0
2.2798479 52.309586 0.0103 0.0 11.0
0.0 48.076843 0.0104 0.0 11.0
0.0 52.88453 0.0104 0.0 11.0
0.0 48.076843 0.0105 1.0 11.0
2.2798479 52.309586 0.0105 1.0 11.0
2.2798479 52.309586 0.0106 0.0 12.0
6.29426 54.95502 0.0106 0.0 12.0
2.2798479 52.309586 0.0107 0.0 12.0
4.5596957 56.542328 0.0107 0.0 12.0
4.5596957 56.542328 0.0108 0.0 13.0
8.574108 59.187763 0.0108 0.0 13.0
4.5596957 56.542328 0.0109 0.0 13.0
6.8395433 60.77507 0.0109 0.0 13.0
0.0 48.076843 0.0110 3.0 11.0
0.0 52.88453 0.0110 3.0 11.0
0.0 52.88453 0.0111 0.0 12.0
2.2798479 57.11727 0.0111 0.0 12.0
0.0 52.88453 0.0112 2.0 12.0
0.0 57.692215 0.0112 2.0 12.0
0.0 57.692215 0.0113 0.0 13.0
2.2798479 61.924957 0.0113 0.0 13.0
0.0 57.692215 0.0114 0.0 13.0
0.0 62.4999 0.0114 0.0 13.0
0.0 57.692215 0.0115 1.0 13.0
2.2798479 61.924957 0.0115 1.0 13.0
2.2798479 61.924957 0.0116 0.0 14.0
6.29426 64.57039 0.0116 0.0 14.0
2.2798479 61.924957 0.0117 0.0 14.0
4.5596957 66.1577 0.0117 0.0 14.0
4.5596957 66.1577 0.0118 0.0 15.0
8.574108 68.80313 0.0118 0.0 15.0
4.5596957 66.1577 0.0119 0.0 15.0
6.8395433 70.39044 0.0119 0.0 15.0
0.0 57.692215 0.0120 1.0 13.0
0.0 62.4999 0.0120 1.0 13.0
0.0 62.4999 0.0121 0.0 14.0
2.2798479 66.73264 0.0121 0.0 14.0
0.0 62.4999 0.0122 0.0 14.0
0.0 67.30759 0.0122 0.0 14.0
0.0 67.30759 0.0123 0.0 15.0
2.2798479 71.54033 0.0123 0.0 15.0
0.0 67.30759 0.0124 0.0 15.0
0.0 72.11527 0.0124 0.0 15.0
0.0 38.46147 0.0125 13.0 9.0
-2.2798479 42.694214 0.0125 13.0 9.0
-2.2798479 42.694214 0.0126 0.0 10.0
-2.2798479 47.5019 0.0126 0.0 10.0
-2.2798479 42.694214 0.0127 12.0 10.0
-4.5596957 46.926956 0.0127 12.0 10.0
-4.5596957 46.926956 0.0128 0.0 11.0
-4.5596957 51.734642 0.0128 0.0 11.0
-4.5596957 46.926956 0.0129 0.0 11.0
-6.8395433 51.1597 0.0129 0.0 11.0
-4.5596957 46.926956 0.0130 1.0 11.0
-4.5596957 51.734642 0.0130 1.0 11.0
-4.5596957 51.734642 0.0131 0.0 12.0
-2.2798479 55.967384 0.0131 0.0 12.0
-4.5596957 51.734642 0.0132 0.0 12.0
-4.5596957 56.542328 0.0132 0.0 12.0
-4.5596957 56.542328 0.0133 0.0 13.0
-2.2798479 60.77507 0.0133 0.0 13.0
-4.5596957 56.542328 0.0134 0.0 13.0
-4.5596957 61.350014 0.0134 0.0 13.0
-4.5596957 46.926956 0.0135 11.0 11.0
-6.8395433 51.1597 0.0135 11.0 11.0
-6.8395433 51.1597 0.0136 0.0 12.0
-6.8395433 55.967384 0.0136 0.0 12.0
-6.8395433 51.1597 0.0137 10.0 12.0
-9.119391 55.39244 0.0137 10.0 12.0
-9.119391 55.39244 0.0138 0.0 13.0
-9.119391 60.200127 0.0138 0.0 13.0
-9.119391 55.39244 0.0139 0.0 13.0
-11.39924 59.625183 0.0139 0.0 13.0
-9.119391 55.39244 0.0140 1.0 13.0
-9.119391 60.200127 0.0140 1.0 13.0
-9.119391 60.200127 0.0141 0.0 14.0
-6.8395433 64.43287 0.0141 0.0 14.0
-9.119391 60.200127 0.0142 0.0 14.0
-9.119391 65.00781 0.0142 0.0 14.0
-9.119391 65.00781 0.0143 0.0 15.0
-6.8395433 69.240555 0.0143 0.0 15.0
-9.119391 65.00781 0.0144 0.0 15.0
-9.119391 69.8155 0.0144 0.0 15.0
-9.119391 55.39244 0.0145 1.0 13.0
-11.39924 59.625183 0.0145 1.0 13.0
-11.39924 59.625183 0.0146 0.0 14.0
-11.39924 64.43287 0.0146 0.0 14.0
-11.39924 59.625183 0.0147 0.0 14.0
-13.679088 63.857925 0.0147 0.0 14.0
-13.679088 63.857925 0.0148 0.0 15.0
-13.679088 68.66561 0.0148 0.0 15.0
-13.679088 63.857925 0.0149 0.0 15.0
-15.958936 68.09067 0.0149 0.0 15.0
-9.119391 55.39244 0.0150 5.0 13.0
-13.133803 58.037876 0.0150 5.0 13.0
-13.133803 58.037876 0.0151 0.0 14.0
-15.413651 62.27062 0.0151 0.0 14.0
-13.133803 58.037876 0.0152 4.0 14.0
-17.148216 60.68331 0.0152 4.0 14.0
-17.148216 60.68331 0.0153 0.0 15.0
-19.428064 64.91605 0.0153 0.0 15.0
-17.148216 60.68331 0.0154 0.0 15.0
-21.162628 63.328747 0.0154 0.0 15.0
-17.148216 60.68331 0.0155 1.0 15.0
-19.428064 64.91605 0.0155 1.0 15.0
-19.428064 64.91605 0.0156 0.0 16.0
-19.428064 69.72374 0.0156 0.0 16.0
-19.428064 64.91605 0.0157 0.0 16.0
-21.707912 69.148796 0.0157 0.0 16.0
-21.707912 69.148796 0.0158 0.0 17.0
-21.707912 73.95648 0.0158 0.0 17.0
-21.707912 69.148796 0.0159 0.0 17.0
-23.98776 73.38154 0.0159 0.0 17.0
-17.148216 60.68331 0.0160 3.0 15.0
-21.162628 63.328747 0.0160 3.0 15.0
-21.162628 63.328747 0.0161 0.0 16.0
-23.442476 67.56149 0.0161 0.0 16.0
-21.162628 63.328747 0.0162 2.0 16.0
-25.17704 65.97418 0.0162 2.0 16.0
-25.17704 65.97418 0.0163 0.0 17.0
-27.456888 70.206924 0.0163 0.0 17.0
-25.17704 65.97418 0.0164 0.0 17.0
-29.191452 68.61961 0.0164 0.0 17.0
-25.17704 65.97418 0.0165 1.0 17.0
-27.456888 70.206924 0.0165 1.0 17.0
-27.456888 70.206924 0.0166 0.0 18.0
-27.456888 75.01461 0.0166 0.0 18.0
-27.456888 70.206924 0.0167 0.0 18.0
-29.736736 74.43967 0.0167 0.0 18.0
-29.736736 74.43967 0.0168 0.0 19.0
-29.736736 79.24735 0.0168 0.0 19.0
-29.736736 74.43967 0.0169 0.0 19.0
-32.016582 78.67241 0.0169 0.0 19.0
-25.17704 65.97418 0.0170 1.0 17.0
-29.191452 68.61961 0.0170 1.0 17.0
-29.191452 68.61961 0.0171 0.0 18.0
-31.4713 72.852356 0.0171 0.0 18.0
-29.191452 68.61961 0.0172 0.0 18.0
-33.205864 71.265045 0.0172 0.0 18.0
-33.205864 71.265045 0.0173 0.0 19.0
-35.48571 75.49779 0.0173 0.0 19.0
-33.205864 71.265045 0.0174 0.0 19.0
-37.220276 73.91048 0.0174 0.0 19.0
-9.119391 55.39244 0.0175 9.0 13.0
-11.39924 59.625183 0.0175 9.0 13.0
-11.39924 59.625183 0.0176 0.0 14.0
-11.39924 64.43287 0.0176 0.0 14.0
-11.39924 59.625183 0.0177 8.0 14.0
-13.679088 63.857925 0.0177 8.0 14.0
-13.679088 63.857925 0.0178 0.0 15.0
-13.679088 68.66561 0.0178 0.0 15.0
-13.679088 63.857925 0.0179 0.0 15.0
-15.958936 68.09067 0.0179 0.0 15.0
-13.679088 63.857925 0.0180 1.0 15.0
-13.679088 68.66561 0.0180 1.0 15.0
-13.679088 68.66561 0.0181 0.0 16.0
-11.39924 72.89835 0.0181 0.0 16.0
-13.679088 68.66561 0.0182 0.0 16.0
-13.679088 73.4733 0.0182 0.0 16.0
-13.679088 73.4733 0.0183 0.0 17.0
-11.39924 77.70604 0.0183 0.0 17.0
-13.679088 73.4733 0.0184 0.0 17.0
-13.679088 78.28098 0.0184 0.0 17.0
-13.679088 63.857925 0.0185 7.0 15.0
-15.958936 68.09067 0.0185 7.0 15.0
-15.958936 68.09067 0.0186 0.0 16.0
-15.958936 72.89835 0.0186 0.0 16.0
-15.958936 68.09067 0.0187 6.0 16.0
-18.238783 72.32341 0.0187 6.0 16.0
-18.238783 72.32341 0.0188 0.0 17.0
-18.238783 77.131096 0.0188 0.0 17.0
-18.238783 72.32341 0.0189 0.0 17.0
-20.518631 76.55615 0.0189 0.0 17.0
-18.238783 72.32341 0.0190 1.0 17.0
-18.238783 77.131096 0.0190 1.0 17.0
-18.238783 77.131096 0.0191 0.0 18.0
-15.958935 81.36384 0.0191 0.0 18.0
-18.238783 77.131096 0.0192 0.0 18.0
-18.238783 81.93878 0.0192 0.0 18.0
-18.238783 81.93878 0.0193 0.0 19.0
-15.958935 86.171524 0.0193 0.0 19.0
-18.238783 81.93878 0.0194 0.0 19.0
-18.238783 86.74647 0.0194 0.0 19.0
-18.238783 72.32341 0.0195 1.0 17.0
-20.518631 76.55615 0.0195 1.0 17.0
-20.518631 76.55615 0.0196 0.0 18.0
-20.518631 81.36384 0.0196 0.0 18.0
-20.518631 76.55615 0.0197 0.0 18.0
-22.79848 80.788895 0.0197 0.0 18.0
-22.79848 80.788895 0.0198 0.0 19.0
-22.79848 85.59658 0.0198 0.0 19.0
-22.79848 80.788895 0.0199 0.0 19.0
-25.078327 85.02164 0.0199 0.0 19.0
-18.238783 72.32341 0.0200 5.0 17.0
-18.238783 77.131096 0.0200 5.0 17.0
-18.238783 77.131096 0.0201 0.0 18.0
-15.958935 81.36384 0.0201 0.0 18.0
-18.238783 77.131096 0.0202 4.0 18.0
-18.238783 81.93878 0.0202 4.0 18.0
-18.238783 81.93878 0.0203 0.0 19.0
-15.958935 86.171524 0.0203 0.0 19.0
-18.238783 81.93878 0.0204 0.0 19.0
-18.238783 86.74647 0.0204 0.0 19.0
-18.238783 81.93878 0.0205 1.0 19.0
-15.958935 86.171524 0.0205 1.0 19.0
-15.958935 86.171524 0.0206 0.0 20.0
-11.944523 88.816956 0.0206 0.0 20.0
-15.958935 86.171524 0.0207 0.0 20.0
-13.679087 90.40427 0.0207 0.0 20.0
-13.679087 90.40427 0.0208 0.0 21.0
-9.664675 93.0497 0.0208 0.0 21.0
-13.679087 90.40427 0.0209 0.0 21.0
-11.399239 94.63701 0.0209 0.0 21.0
-18.238783 81.93878 0.0210 3.0 19.0
-18.238783 86.74647 0.0210 3.0 19.0
-18.238783 86.74647 0.0211 0.0 20.0
-15.958935 90.97921 0.0211 0.0 20.0
-18.238783 86.74647 0.0212 2.0 20.0
-18.238783 91.55415 0.0212 2.0 20.0
-18.238783 91.55415 0.0213 0.0 21.0
-15.958935 95.786896 0.0213 0.0 21.0
-18.238783 91.55415 0.0214 0.0 21.0
-18.238783 96.36184 0.0214 0.0 21.0
-18.238783 91.55415 0.0215 1.0 21.0
-15.958935 95.786896 0.0215 1.0 21.0
-15.958935 95.786896 0.0216 0.0 22.0
-11.944523 98.43233 0.0216 0.0 22.0
-15.958935 95.786896 0.0217 0.0 22.0
-13.679087 100.01964 0.0217 0.0 22.0
-13.679087 100.01964 0.0218 0.0 23.0
-9.664675 102.66507 0.0218 0.0 23.0
-13.679087 100.01964 0.0219 0.0 23.0
-11.399239 104.25238 0.0219 0.0 23.0
-18.238783 91.55415 0.0220 1.0 21.0
-18.238783 96.36184 0.0220 1.0 21.0
-18.238783 96.36184 0.0221 0.0 22.0
-15.958935 100.59458 0.0221 0.0 22.0
-18.238783 96.36184 0.0222 0.0 22.0
-18.238783 101.169525 0.0222 0.0 22.0
-18.238783 101.169525 0.0223 0.0 23.0
-15.958935 105.40227 0.0223 0.0 23.0
-18.238783 101.169525 0.0224 0.0 23.0
-18.238783 105.97721 0.0224 0.0 23.0
-18.238783 72.32341 0.0225 5.0 17.0
-20.518631 76.55615 0.0225 5.0 17.0
-20.518631 76.55615 0.0226 0.0 18.0
-20.518631 81.36384 0.0226 0.0 18.0
-20.518631 76.55615 0.0227 4.0 18.0
-22.79848 80.788895 0.0227 4.0 18.0
-22.79848 80.788895 0.0228 0.0 19.0
-22.79848 85.59658 0.0228 0.0 19.0
-22.79848 80.788895 0.0229 0.0 19.0
-25.078327 85.02164 0.0229 0.0 19.0
-22.79848 80.788895 0.0230 1.0 19.0
-22.79848 85.59658 0.0230 1.0 19.0
-22.79848 85.59658 0.0231 0.0 20.0
-20.518631 89.82932 0.0231 0.0 20.0
-22.79848 85.59658 0.0232 0.0 20.0
-22.79848 90.40427 0.0232 0.0 20.0
-22.79848 90.40427 0.0233 0.0 21.0
-20.518631 94.63701 0.0233 0.0 21.0
-22.79848 90.40427 0.0234 0.0 21.0
-22.79848 95.21195 0.0234 0.0 21.0
-22.79848 80.788895 0.0235 3.0 19.0
-25.078327 85.02164 0.0235 3.0 19.0
-25.078327 85.02164 0.0236 0.0 20.0
-25.078327 89.82932 0.0236 0.0 20.0
-25.078327 85.02164 0.0237 2.0 20.0
-27.358175 89.25438 0.0237 2.0 20.0
-27.358175 89.25438 0.0238 0.0 21.0
-27.358175 94.062065 0.0238 0.0 21.0
-27.358175 89.25438 0.0239 0.0 21.0
-29.638023 93.48712 0.0239 0.0 21.0
-27.358175 89.25438 0.0240 1.0 21.0
-27.358175 94.062065 0.0240 1.0 21.0
-27.358175 94.062065 0.0241 0.0 22.0
-25.078327 98.29481 0.0241 0.0 22.0
-27.358175 94.062065 0.0242 0.0 22.0
-27.358175 98.86975 0.0242 0.0 22.0
-27.358175 98.86975 0.0243 0.0 23.0
-25.078327 103.10249 0.0243 0.0 23.0
-27.358175 98.86975 0.0244 0.0 23.0
-27.358175 103.67744 0.0244 0.0 23.0
-27.358175 89.25438 0.0245 1.0 21.0
-29.638023 93.48712 0.0245 1.0 21.0
-29.638023 93.48712 0.0246 0.0 22.0
-29.638023 98.29481 0.0246 0.0 22.0
-29.638023 93.48712 0.0247 0.0 22.0
-31.917871 97.719864 0.0247 0.0 22.0
-31.917871 97.719864 0.0248 0.0 23.0
-31.917871 102.52755 0.0248 0.0 23.0
-31.917871 97.719864 0.0249 0.0 23.0
-34.19772 101.95261 0.0249 0.0 23.0
0.0 38.46147 0.0250 21.0 9.0
0.0 43.269157 0.0250 21.0 9.0
0.0 43.269157 0.0251 0.0 10.0
2.2798479 47.5019 0.0251 0.0 10.0
0.0 43.269157 0.0252 20.0 10.0
0.0 48.076843 0.0252 20.0 10.0
0.0 48.076843 0.0253 0.0 11.0
2.2798479 52.309586 0.0253 0.0 11.0
0.0 48.076843 0.0254 0.0 11.0
0.0 52.88453 0.0254 0.0 11.0
0.0 48.076843 0.0255 1.0 11.0
2.2798479 52.309586 0.0255 1.0 11.0
2.2798479 52.309586 0.0256 0.0 12.0
6.29426 54.95502 0.0256 0.0 12.0
2.2798479 52.309586 0.0257 0.0 12.0
4.5596957 56.542328 0.0257 0.0 12.0
4.5596957 56.542328 0.0258 0.0 13.0
8.574108 59.187763 0.0258 0.0 13.0
4.5596957 56.542328 0.0259 0.0 13.0
6.8395433 60.77507 0.0259 0.0 13.0
0.0 48.076843 0.0260 19.0 11.0
0.0 52.88453 0.0260 19.0 11.0
0.0 52.88453 0.0261 0.0 12.0
2.2798479 57.11727 0.0261 0.0 12.0
0.0 52.88453 0.0262 18.0 12.0
0.0 57.692215 0.0262 18.0 12.0
0.0 57.692215 0.0263 0.0 13.0
2.2798479 61.924957 0.0263 0.0 13.0
0.0 57.692215 0.0264 0.0 13.0
0.0 62.4999 0.0264 0.0 13.0
0.0 57.692215 0.0265 1.0 13.0
2.2798479 61.924957 0.0265 1.0 13.0
2.2798479 61.924957 0.0266 0.0 14.0
6.29426 64.57039 0.0266 0.0 14.0
2.2798479 61.924957 0.0267 0.0 14.0
4.5596957 66.1577 0.0267 0.0 14.0
4.5596957 66.1577 0.0268 0.0 15.0
8.574108 68.80313 0.0268 0.0 15.0
4.5596957 66.1577 0.0269 0.0 15.0
6.8395433 70.39044 0.0269 0.0 15.0
0.0 57.692215 0.0270 1.0 13.0
0.0 62.4999 0.0270 1.0 13.0
0.0 62.4999 0.0271 0.0 14.0
2.2798479 66.73264 0.0271 0.0 14.0
0.0 62.4999 0.0272 0.0 14.0
0.0 67.30759 0.0272 0.0 14.0
0.0 67.30759 0.0273 0.0 15.0
2.2798479 71.54033 0.0273 0.0 15.0
0.0 67.30759 0.0274 0.0 15.0
0.0 72.11527 0.0274 0.0 15.0
0.0 57.692215 0.0275 5.0 13.0
-2.2798479 61.924957 0.0275 5.0 13.0
-2.2798479 61.924957 0.0276 0.0 14.0
-2.2798479 66.73264 0.0276 0.0 14.0
-2.2798479 61.924957 0.0277 4.0 14.0
-4.5596957 66.1577 0.0277 4.0 14.0
-4.5596957 66.1577 0.0278 0.0 15.0
-4.5596957 70.965385 0.0278 0.0 15.0
-4.5596957 66.1577 0.0279 0.0 15.0
-6.8395433 70.39044 0.0279 0.0 15.0
-4.5596957 66.1577 0.0280 1.0 15.0
-4.5596957 70.965385 0.0280 1.0 15.0
-4.5596957 70.965385 0.0281 0.0 16.0
-2.2798479 75.19813 0.0281 0.0 16.0
-4.5596957 70.965385 0.0282 0.0 16.0
-4.5596957 75.77307 0.0282 0.0 16.0
-4.5596957 75.77307 0.0283 0.0 17.0
-2.2798479 80.00581 0.0283 0.0 17.0
-4.5596957 75.77307 0.0284 0.0 17.0
-4.5596957 80.58076 0.0284 0.0 17.0
-4.5596957 66.1577 0.0285 3.0 15.0
-6.8395433 70.39044 0.0285 3.0 15.0
-6.8395433 70.39044 0.0286 0.0 16.0
-6.8395433 75.19813 0.0286 0.0 16.0
-6.8395433 70.39044 0.0287 2.0 16.0
-9.119391 74.623184 0.0287 2.0 16.0
-9.119391 74.623184 0.0288 0.0 17.0
-9.119391 79.43087 0.0288 0.0 17.0
-9.119391 74.623184 0.0289 0.0 17.0
-11.39924 78.85593 0.0289 0.0 17.0
-9.119391 74.623184 0.0290 1.0 17.0
-9.119391 79.43087 0.0290 1.0 17.0
-9.119391 79.43087 0.0291 0.0 18.0
-6.8395433 83.66361 0.0291 0.0 18.0
-9.119391 79.43087 0.0292 0.0 18.0
-9.119391 84.238556 0.0292 0.0 18.0
-9.119391 84.238556 0.0293 0.0 19.0
-6.8395433 88.4713 0.0293 0.0 19.0
-9.119391 84.238556 0.0294 0.0 19.0
-9.119391 89.04624 0.0294 0.0 19.0
-9.119391 74.623184 0.0295 1.0 17.0
-11.39924 78.85593 0.0295 1.0 17.0
-11.39924 78.85593 0.0296 0.0 18.0
-11.39924 83.66361 0.0296 0.0 18.0
-11.39924 78.85593 0.0297 0.0 18.0
-13.679088 83.08867 0.0297 0.0 18.0
-13.679088 83.08867 0.0298 0.0 19.0
-13.679088 87.896355 0.0298 0.0 19.0
-13.679088 83.08867 0.0299 0.0 19.0
-15.958936 87.32141 0.0299 0.0 19.0
0.0 57.692215 0.0300 17.0 13.0
0.0 62.4999 0.0300 17.0 13.0
0.0 62.4999 0.0301 0.0 14.0
2.2798479 66.73264 0.0301 0.0 14.0
0.0 62.4999 0.0302 16.0 14.0
0.0 67.30759 0.0302 16.0 14.0
0.0 67.30759 0.0303 0.0 15.0
2.2798479 71.54033 0.0303 0.0 15.0
0.0 67.30759 0.0304 0.0 15.0
0.0 72.11527 0.0304 0.0 15.0
0.0 67.30759 0.0305 1.0 15.0
2.2798479 71.54033 0.0305 1.0 15.0
2.2798479 71.54033 0.0306 0.0 16.0
6.29426 74.18576 0.0306 0.0 16.0
2.2798479 71.54033 0.0307 0.0 16.0
4.5596957 75.77307 0.0307 0.0 16.0
4.5596957 75.77307 0.0308 0.0 17.0
8.574108 78.4185 0.0308 0.0 17.0
4.5596957 75.77307 0.0309 0.0 17.0
6.8395433 80.00581 0.0309 0.0 17.0
0.0 67.30759 0.0310 15.0 15.0
0.0 72.11527 0.0310 15.0 15.0
0.0 72.11527 0.0311 0.0 16.0
2.2798479 76.348015 0.0311 0.0 16.0
0.0 72.11527 0.0312 14.0 16.0
0.0 76.92296 0.0312 14.0 16.0
0.0 76.92296 0.0313 0.0 17.0
2.2798479 81.1557 0.0313 0.0 17.0
0.0 76.92296 0.0314 0.0 17.0
0.0 81.730644 0.0314 0.0 17.0
0.0 76.92296 0.0315 1.0 17.0
2.2798479 81.1557 0.0315 1.0 17.0
2.2798479 81.1557 0.0316 0.0 18.0
6.29426 83.80113 0.0316 0.0 18.0
2.2798479 81.1557 0.0317 0.0 18.0
4.5596957 85.38844 0.0317 0.0 18.0
4.5596957 85.38844 0.0318 0.0 19.0
8.574108 88.033875 0.0318 0.0 19.0
4.5596957 85.38844 0.0319 0.0 19.0
6.8395433 89.621185 0.0319 0.0 19.0
0.0 76.92296 0.0320 1.0 17.0
0.0 81.730644 0.0320 1.0 17.0
0.0 81.730644 0.0321 0.0 18.0
2.2798479 85.96339 0.0321 0.0 18.0
0.0 81.730644 0.0322 0.0 18.0
0.0 86.53833 0.0322 0.0 18.0
0.0 86.53833 0.0323 0.0 19.0
2.2798479 90.77107 0.0323 0.0 19.0
0.0 86.53833 0.0324 0.0 19.0
0.0 91.346016 0.0324 0.0 19.0
0.0 76.92296 0.0325 5.0 17.0
2.2798479 81.1557 0.0325 5.0 17.0
2.2798479 81.1557 0.0326 0.0 18.0
6.29426 83.80113 0.0326 0.0 18.0
2.2798479 81.1557 0.0327 4.0 18.0
4.5596957 85.38844 0.0327 4.0 18.0
4.5596957 85.38844 0.0328 0.0 19.0
8.574108 88.033875 0.0328 0.0 19.0
4.5596957 85.38844 0.0329 0.0 19.0
6.8395433 89.621185 0.0329 0.0 19.0
4.5596957 85.38844 0.0330 1.0 19.0
8.574108 88.033875 0.0330 1.0 19.0
8.574108 88.033875 0.0331 0.0 20.0
13.362934 88.459274 0.0331 0.0 20.0
8.574108 88.033875 0.0332 0.0 20.0
12.58852 90.679306 0.0332 0.0 20.0
12.58852 90.679306 0.0333 0.0 21.0
17.377346 91.104706 0.0333 0.0 21.0
12.58852 90.679306 0.0334 0.0 21.0
16.602932 93.32474 0.0334 0.0 21.0
4.5596957 85.38844 0.0335 3.0 19.0
6.8395433 89.621185 0.0335 3.0 19.0
6.8395433 89.621185 0.0336 0.0 20.0
10.853955 92.26662 0.0336 0.0 20.0
6.8395433 89.621185 0.0337 2.0 20.0
9.119391 93.85393 0.0337 2.0 20.0
9.119391 93.85393 0.0338 0.0 21.0
13.133803 96.49936 0.0338 0.0 21.0
9.119391 93.85393 0.0339 0.0 21.0
11.39924 98.08667 0.0339 0.0 21.0
9.119391 93.85393 0.0340 1.0 21.0
13.133803 96.49936 0.0340 1.0 21.0
13.133803 96.49936 0.0341 0.0 22.0
17.92263 96.92476 0.0341 0.0 22.0
13.133803 96.49936 0.0342 0.0 22.0
17.148216 99.14479 0.0342 0.0 22.0
17.148216 99.14479 0.0343 0.0 23.0
21.937042 99.57019 0.0343 0.0 23.0
17.148216 99.14479 0.0344 0.0 23.0
21.162628 101.79022 0.0344 0.0 23.0
9.119391 93.85393 0.0345 1.0 21.0
11.39924 98.08667 0.0345 1.0 21.0
11.39924 98.08667 0.0346 0.0 22.0
15.413651 100.7321 0.0346 0.0 22.0
11.39924 98.08667 0.0347 0.0 22.0
13.679088 102.31941 0.0347 0.0 22.0
13.679088 102.31941 0.0348 0.0 23.0
17.6935 104.96484 0.0348 0.0 23.0
13.679088 102.31941 0.0349 0.0 23.0
15.958936 106.552155 0.0349 0.0 23.0
0.0 76.92296 0.0350 5.0 17.0
0.0 81.730644 0.0350 5.0 17.0
0.0 81.730644 0.0351 0.0 18.0
2.2798479 85.96339 0.0351 0.0 18.0
0.0 81.730644 0.0352 4.0 18.0
0.0 86.53833 0.0352 4.0 18.0
0.0 86.53833 0.0353 0.0 19.0
2.2798479 90.77107 0.0353 0.0 19.0
0.0 86.53833 0.0354 0.0 19.0
0.0 91.346016 0.0354 0.0 19.0
0.0 86.53833 0.0355 1.0 19.0
2.2798479 90.77107 0.0355 1.0 19.0
2.2798479 90.77107 0.0356 0.0 20.0
6.29426 93.416504 0.0356 0.0 20.0
2.2798479 90.77107 0.0357 0.0 20.0
4.5596957 95.003815 0.0357 0.0 20.0
4.5596957 95.003815 0.0358 0.0 21.0
8.574108 97.64925 0.0358 0.0 21.0
4.5596957 95.003815 0.0359 0.0 21.0
6.8395433 99.23656 0.0359 0.0 21.0
0.0 86.53833 0.0360 3.0 19.0
0.0 91.346016 0.0360 3.0 19.0
0.0 91.346016 0.0361 0.0 20.0
2.2798479 95.57876 0.0361 0.0 20.0
0.0 91.346016 0.0362 2.0 20.0
0.0 96.1537 0.0362 2.0 20.0
0.0 96.1537 0.0363 0.0 21.0
2.2798479 100.386444 0.0363 0.0 21.0
0.0 96.1537 0.0364 0.0 21.0
0.0 100.96139 0.0364 0.0 21.0
0.0 96.1537 0.0365 1.0 21.0
2.2798479 100.386444 0.0365 1.0 21.0
2.2798479 100.386444 0.0366 0.0 22.0
6.29426 103.031876 0.0366 0.0 22.0
2.2798479 100.386444 0.0367 0.0 22.0
4.5596957 104.61919 0.0367 0.0 22.0
4.5596957 104.61919 0.0368 0.0 23.0
8.574108 107.26462 0.0368 0.0 23.0
4.5596957 104.61919 0.0369 0.0 23.0
6.8395433 108.85193 0.0369 0.0 23.0
0.0 96.1537 0.0370 1.0 21.0
0.0 100.96139 0.0370 1.0 21.0
0.0 100.96139 0.0371 0.0 22.0
2.2798479 105.19413 0.0371 0.0 22.0
0.0 100.96139 0.0372 0.0 22.0
0.0 105.76907 0.0372 0.0 22.0
0.0 105.76907 0.0373 0.0 23.0
2.2798479 110.001816 0.0373 0.0 23.0
0.0 105.76907 0.0374 0.0 23.0
0.0 110.57676 0.0374 0.0 23.0
0.0 76.92296 0.0375 13.0 17.0
2.2798479 81.1557 0.0375 13.0 17.0
2.2798479 81.1557 0.0376 0.0 18.0
6.29426 83.80113 0.0376 0.0 18.0
2.2798479 81.1557 0.0377 12.0 18.0
4.5596957 85.38844 0.0377 12.0 18.0
4.5596957 85.38844 0.0378 0.0 19.0
8.574108 88.033875 0.0378 0.0 19.0
4.5596957 85.38844 0.0379 0.0 19.0
6.8395433 89.621185 0.0379 0.0 19.0
4.5596957 85.38844 0.0380 1.0 19.0
8.574108 88.033875 0.0380 1.0 19.0
8.574108 88.033875 0.0381 0.0 20.0
13.362934 88.459274 0.0381 0.0 20.0
8.574108 88.033875 0.0382 0.0 20.0
12.58852 90.679306 0.0382 0.0 20.0
12.58852 90.679306 0.0383 0.0 21.0
17.377346 91.104706 0.0383 0.0 21.0
12.58852 90.679306 0.0384 0.0 21.0
16.602932 93.32474 0.0384 0.0 21.0
4.5596957 85.38844 0.0385 11.0 19.0
6.8395433 89.621185 0.0385 11.0 19.0
6.8395433 89.621185 0.0386 0.0 20.0
10.853955 92.26662 0.0386 0.0 20.0
6.8395433 89.621185 0.0387 10.0 20.0
9.119391 93.85393 0.0387 10.0 20.0
9.119391 93.85393 0.0388 0.0 21.0
13.133803 96.49936 0.0388 0.0 21.0
9.119391 93.85393 0.0389 0.0 21.0
11.39924 98.08667 0.0389 0.0 21.0
9.119391 93.85393 0.0390 1.0 21.0
13.133803 96.49936 0.0390 1.0 21.0
13.133803 96.49936 0.0391 0.0 22.0
17.92263 96.92476 0.0391 0.0 22.0
13.133803 96.49936 0.0392 0.0 22.0
17.148216 99.14479 0.0392 0.0 22.0
17.148216 99.14479 0.0393 0.0 23.0
21.937042 99.57019 0.0393 0.0 23.0
17.148216 99.14479 0.0394 0.0 23.0
21.162628 101.79022 0.0394 0.0 23.0
9.119391 93.85393 0.0395 1.0 21.0
11.39924 98.08667 0.0395 1.0 21.0
11.39924 98.08667 0.0396 0.0 22.0
15.413651 100.7321 0.0396 0.0 22.0
11.39924 98.08667 0.0397 0.0 22.0
13.679088 102.31941 0.0397 0.0 22.0
13.679088 102.31941 0.0398 0.0 23.0
17.6935 104.96484 0.0398 0.0 23.0
13.679088 102.31941 0.0399 0.0 23.0
15.958936 106.552155 0.0399 0.0 23.0
9.119391 93.85393 0.0400 5.0 21.0
9.119391 98.66161 0.0400 5.0 21.0
9.119391 98.66161 0.0401 0.0 22.0
11.39924 102.894356 0.0401 0.0 22.0
9.119391 98.66161 0.0402 4.0 22.0
9.119391 103.4693 0.0402 4.0 22.0
9.119391 103.4693 0.0403 0.0 23.0
11.39924 107.70204 0.0403 0.0 23.0
9.119391 103.4693 0.0404 0.0 23.0
9.119391 108.276985 0.0404 0.0 23.0
9.119391 103.4693 0.0405 1.0 23.0
11.39924 107.70204 0.0405 1.0 23.0
11.39924 107.70204 0.0406 0.0 24.0
15.413651 110.34747 0.0406 0.0 24.0
11.39924 107.70204 0.0407 0.0 24.0
13.679088 111.934784 0.0407 0.0 24.0
13.679088 111.934784 0.0408 0.0 25.0
17.6935 114.580215 0.0408 0.0 25.0
13.679088 111.934784 0.0409 0.0 25.0
15.958936 116.16753 0.0409 0.0 25.0
9.119391 103.4693 0.0410 3.0 23.0
9.119391 108.276985 0.0410 3.0 23.0
9.119391 108.276985 0.0411 0.0 24.0
11.39924 112.50973 0.0411 0.0 24.0
9.119391 108.276985 0.0412 2.0 24.0
9.119391 113.08467 0.0412 2.0 24.0
9.119391 113.08467 0.0413 0.0 25.0
11.39924 117.31741 0.0413 0.0 25.0
9.119391 113.08467 0.0414 0.0 25.0
9.119391 117.89236 0.0414 0.0 25.0
9.119391 113.08467 0.0415 1.0 25.0
11.39924 117.31741 0.0415 1.0 25.0
11.39924 117.31741 0.0416 0.0 26.0
15.413651 119.962845 0.0416 0.0 26.0
11.39924 117.31741 0.0417 0.0 26.0
13.679088 121.550156 0.0417 0.0 26.0
13.679088 121.550156 0.0418 0.0 27.0
17.6935 124.19559 0.0418 0.0 27.0
13.679088 121.550156 0.0419 0.0 27.0
15.958936 125.7829 0.0419 0.0 27.0
9.119391 113.08467 0.0420 1.0 25.0
9.119391 117.89236 0.0420 1.0 25.0
9.119391 117.89236 0.0421 0.0 26.0
11.39924 122.1251 0.0421 0.0 26.0
9.119391 117.89236 0.0422 0.0 26.0
9.119391 122.70004 0.0422 0.0 26.0
9.119391 122.70004 0.0423 0.0 27.0
11.39924 126.932785 0.0423 0.0 27.0
9.119391 122.70004 0.0424 0.0 27.0
9.119391 127.50773 0.0424 0.0 27.0
9.119391 93.85393 0.0425 9.0 21.0
11.39924 98.08667 0.0425 9.0 21.0
11.39924 98.08667 0.0426 0.0 22.0
15.413651 100.7321 0.0426 0.0 22.0
11.39924 98.08667 0.0427 8.0 22.0
13.679088 102.31941 0.0427 8.0 22.0
13.679088 102.31941 0.0428 0.0 23.0
17.6935 104.96484 0.0428 0.0 23.0
13.679088 102.31941 0.0429 0.0 23.0
15.958936 106.552155 0.0429 0.0 23.0
13.679088 102.31941 0.0430 1.0 23.0
17.6935 104.96484 0.0430 1.0 23.0
17.6935 104.96484 0.0431 0.0 24.0
22.482327 105.39024 0.0431 0.0 24.0
17.6935 104.96484 0.0432 0.0 24.0
21.707912 107.610275 0.0432 0.0 24.0
21.707912 107.610275 0.0433 0.0 25.0
26.496738 108.035675 0.0433 0.0 25.0
21.707912 107.610275 0.0434 0.0 25.0
25.722324 110.25571 0.0434 0.0 25.0
13.679088 102.31941 0.0435 7.0 23.0
15.958936 106.552155 0.0435 7.0 23.0
15.958936 106.552155 0.0436 0.0 24.0
19.973347 109.197586 0.0436 0.0 24.0
15.958936 106.552155 0.0437 6.0 24.0
18.238783 110.7849 0.0437 6.0 24.0
18.238783 110.7849 0.0438 0.0 25.0
22.253195 113.43033 0.0438 0.0 25.0
18.238783 110.7849 0.0439 0.0 25.0
20.518631 115.01764 0.0439 0.0 25.0
18.238783 110.7849 0.0440 1.0 25.0
22.253195 113.43033 0.0440 1.0 25.0
22.253195 113.43033 0.0441 0.0 26.0
27.04202 113.85573 0.0441 0.0 26.0
22.253195 113.43033 0.0442 0.0 26.0
26.267607 116.07576 0.0442 0.0 26.0
26.267607 116.07576 0.0443 0.0 27.0
31.056433 116.50116 0.0443 0.0 27.0
26.267607 116.07576 0.0444 0.0 27.0
30.282019 118.72119 0.0444 0.0 27.0
18.238783 110.7849 0.0445 1.0 25.0
20.518631 115.01764 0.0445 1.0 25.0
20.518631 115.01764 0.0446 0.0 26.0
24.533043 117.66307 0.0446 0.0 26.0
20.518631 115.01764 0.0447 0.0 26.0
22.79848 119.25038 0.0447 0.0 26.0
22.79848 119.25038 0.0448 0.0 27.0
26.812891 121.89581 0.0448 0.0 27.0
22.79848 119.25038 0.0449 0.0 27.0
25.078327 123.48312 0.0449 0.0 27.0
18.238783 110.7849 0.0450 5.0 25.0
22.253195 113.43033 0.0450 5.0 25.0
22.253195 113.43033 0.0451 0.0 26.0
27.04202 113.85573 0.0451 0.0 26.0
22.253195 113.43033 0.0452 4.0 26.0
26.267607 116.07576 0.0452 4.0 26.0
26.267607 116.07576 0.0453 0.0 27.0
31.056433 116.50116 0.0453 0.0 27.0
26.267607 116.07576 0.0454 0.0 27.0
30.282019 118.72119 0.0454 0.0 27.0
26.267607 116.07576 0.0455 1.0 27.0
31.056433 116.50116 0.0455 1.0 27.0
31.056433 116.50116 0.0456 0.0 28.0
35.474304 114.60478 0.0456 0.0 28.0
31.056433 116.50116 0.0457 0.0 28.0
35.84526 116.92656 0.0457 0.0 28.0
35.84526 116.92656 0.0458 0.0 29.0
40.26313 115.03018 0.0458 0.0 29.0
35.84526 116.92656 0.0459 0.0 29.0
40.634087 117.35196 0.0459 0.0 29.0
26.267607 116.07576 0.0460 3.0 27.0
30.282019 118.72119 0.0460 3.0 27.0
30.282019 118.72119 0.0461 0.0 28.0
35.070847 119.14659 0.0461 0.0 28.0
30.282019 118.72119 0.0462 2.0 28.0
34.296432 121.36662 0.0462 2.0 28.0
34.296432 121.36662 0.0463 0.0 29.0
39.08526 121.79202 0.0463 0.0 29.0
34.296432 121.36662 0.0464 0.0 29.0
38.310844 124.012054 0.0464 0.0 29.0
34.296432 121.36662 0.0465 1.0 29.0
39.08526 121.79202 0.0465 1.0 29.0
39.08526 121.79202 0.0466 0.0 30.0
43.503128 119.895645 0.0466 0.0 30.0
39.08526 121.79202 0.0467 0.0 30.0
43.874084 122.21742 0.0467 0.0 30.0
43.874084 122.21742 0.0468 0.0 31.0
48.291954 120.321045 0.0468 0.0 31.0
43.874084 122.21742 0.0469 0.0 31.0
48.66291 122.64282 0.0469 0.0 31.0
34.296432 121.36662 0.0470 1.0 29.0
38.310844 124.012054 0.0470 1.0 29.0
38.310844 124.012054 0.0471 0.0 30.0
43.09967 124.437454 0.0471 0.0 30.0
38.310844 124.012054 0.0472 0.0 30.0
42.325256 126.657486 0.0472 0.0 30.0
42.325256 126.657486 0.0473 0.0 31.0
47.114082 127.082886 0.0473 0.0 31.0
42.325256 126.657486 0.0474 0.0 31.0
46.33967 129.30292 0.0474 0.0 31.0
18.238783 110.7849 0.0475 5.0 25.0
20.518631 115.01764 0.0475 5.0 25.0
20.518631 115.01764 0.0476 0.0 26.0
24.533043 117.66307 0.0476 0.0 26.0
20.518631 115.01764 0.0477 4.0 26.0
22.79848 119.25038 0.0477 4.0 26.0
22.79848 119.25038 0.0478 0.0 27.0
26.812891 121.89581 0.0478 0.0 27.0
22.79848 119.25038 0.0479 0.0 27.0
25.078327 123.48312 0.0479 0.0 27.0
22.79848 119.25038 0.0480 1.0 27.0
26.812891 121.89581 0.0480 1.0 27.0
26.812891 121.89581 0.0481 0.0 28.0
31.601717 122.32121 0.0481 0.0 28.0
26.812891 121.89581 0.0482 0.0 28.0
30.827303 124.541245 0.0482 0.0 28.0
30.827303 124.541245 0.0483 0.0 29.0
35.61613 124.966644 0.0483 0.0 29.0
30.827303 124.541245 0.0484 0.0 29.0
34.841713 127.186676 0.0484 0.0 29.0
22.79848 119.25038 0.0485 3.0 27.0
25.078327 123.48312 0.0485 3.0 27.0
25.078327 123.48312 0.0486 0.0 28.0
29.09274 126.128555 0.0486 0.0 28.0
25.078327 123.48312 0.0487 2.0 28.0
27.358175 127.715866 0.0487 2.0 28.0
27.358175 127.715866 0.0488 0.0 29.0
31.372587 130.3613 0.0488 0.0 29.0
27.358175 127.715866 0.0489 0.0 29.0
29.638023 131.94861 0.0489 0.0 29.0
27.358175 127.715866 0.0490 1.0 29.0
31.372587 130.3613 0.0490 1.0 29.0
31.372587 130.3613 0.0491 0.0 30.0
36.161415 130.7867 0.0491 0.0 30.0
31.372587 130.3613 0.0492 0.0 30.0
35.387 133.00673 0.0492 0.0 30.0
35.387 133.00673 0.0493 0.0 31.0
40.175827 133.43213 0.0493 0.0 31.0
35.387 133.00673 0.0494 0.0 31.0
39.401413 135.65216 0.0494 0.0 31.0
27.358175 127.715866 0.0495 1.0 29.0
29.638023 131.94861 0.0495 1.0 29.0
29.638023 131.94861 0.0496 0.0 30.0
33.652435 134.59404 0.0496 0.0 30.0
29.638023 131.94861 0.0497 0.0 30.0
31.917871 136.18135 0.0497 0.0 30.0
31.917871 136.18135 0.0498 0.0 31.0
35.93228 138.82678 0.0498 0.0 31.0
31.917871 136.18135 0.0499 0.0 31.0
34.19772 140.4141 0.0499 0.0 31.0
0.0 76.92296 0.0500 13.0 17.0
0.0 81.730644 0.0500 13.0 17.0
0.0 81.730644 0.0501 0.0 18.0
2.2798479 85.96339 0.0501 0.0 18.0
0.0 81.730644 0.0502 12.0 18.0
0.0 86.53833 0.0502 12.0 18.0
0.0 86.53833 0.0503 0.0 19.0
2.2798479 90.77107 0.0503 0.0 19.0
0.0 86.53833 0.0504 0.0 19.0
0.0 91.346016 0.0504 0.0 19.0
0.0 86.53833 0.0505 1.0 19.0
2.2798479 90.77107 0.0505 1.0 19.0
2.2798479 90.77107 0.0506 0.0 20.0
6.29426 93.416504 0.0506 0.0 20.0
2.2798479 90.77107 0.0507 0.0 20.0
4.5596957 95.003815 0.0507 0.0 20.0
4.5596957 95.003815 0.0508 0.0 21.0
8.574108 97.64925 0.0508 0.0 21.0
4.5596957 95.003815 0.0509 0.0 21.0
6.8395433 99.23656 0.0509 0.0 21.0
0.0 86.53833 0.0510 11.0 19.0
0.0 91.346016 0.0510 11.0 19.0
0.0 91.346016 0.0511 0.0 20.0
2.2798479 95.57876 0.0511 0.0 20.0
0.0 91.346016 0.0512 10.0 20.0
0.0 96.1537 0.0512 10.0 20.0
0.0 96.1537 0.0513 0.0 21.0
2.2798479 100.386444 0.0513 0.0 21.0
0.0 96.1537 0.0514 0.0 21.0
0.0 100.96139 0.0514 0.0 21.0
0.0 96.1537 0.0515 1.0 21.0
2.2798479 100.386444 0.0515 1.0 21.0
2.2798479 100.386444 0.0516 0.0 22.0
6.29426 103.031876 0.0516 0.0 22.0
2.2798479 100.386444 0.0517 0.0 22.0
4.5596957 104.61919 0.0517 0.0 22.0
4.5596957 104.61919 0.0518 0.0 23.0
8.574108 107.26462 0.0518 0.0 23.0
4.5596957 104.61919 0.0519 0.0 23.0
6.8395433 108.85193 0.0519 0.0 23.0
0.0 96.1537 0.0520 1.0 21.0
0.0 100.96139 0.0520 1.0 21.0
0.0 100.96139 0.0521 0.0 22.0
2.2798479 105.19413 0.0521 0.0 22.0
0.0 100.96139 0.0522 0.0 22.0
0.0 105.76907 0.0522 0.0 22.0
0.0 105.76907 0.0523 0.0 23.0
2.2798479 110.001816 0.0523 0.0 23.0
0.0 105.76907 0.0524 0.0 23.0
0.0 110.57676 0.0524 0.0 23.0
0.0 96.1537 0.0525 5.0 21.0
-2.2798479 100.386444 0.0525 5.0 21.0
-2.2798479 100.386444 0.0526 0.0 22.0
-2.2798479 105.19413 0.0526 0.0 22.0
-2.2798479 100.386444 0.0527 4.0 22.0
-4.5596957 104.61919 0.0527 4.0 22.0
-4.5596957 104.61919 0.0528 0.0 23.0
-4.5596957 109.42687 0.0528 0.0 23.0
-4.5596957 104.61919 0.0529 0.0 23.0
-6.8395433 108.85193 0.0529 0.0 23.0
-4.5596957 104.61919 0.0530 1.0 23.0
-4.5596957 109.42687 0.0530 1.0 23.0
-4.5596957 109.42687 0.0531 0.0 24.0
-2.2798479 113.659615 0.0531 0.0 24.0
-4.5596957 109.42687 0.0532 0.0 24.0
-4.5596957 114.23456 0.0532 0.0 24.0
-4.5596957 114.23456 0.0533 0.0 25.0
-2.2798479 118.4673 0.0533 0.0 25.0
-4.5596957 114.23456 0.0534 0.0 25.0
-4.5596957 119.042244 0.0534 0.0 25.0
-4.5596957 104.61919 0.0535 3.0 23.0
-6.8395433 108.85193 0.0535 3.0 23.0
-6.8395433 108.85193 0.0536 0.0 24.0
-6.8395433 113.659615 0.0536 0.0 24.0
-6.8395433 108.85193 0.0537 2.0 24.0
-9.119391 113.08467 0.0537 2.0 24.0
-9.119391 113.08467 0.0538 0.0 25.0
-9.119391 117.89236 0.0538 0.0 25.0
-9.119391 113.08467 0.0539 0.0 25.0
-11.39924 117.31741 0.0539 0.0 25.0
-9.119391 113.08467 0.0540 1.0 25.0
-9.119391 117.89236 0.0540 1.0 25.0
-9.119391 117.89236 0.0541 0.0 26.0
-6.8395433 122.1251 0.0541 0.0 26.0
-9.119391 117.89236 0.0542 0.0 26.0
-9.119391 122.70004 0.0542 0.0 26.0
-9.119391 122.70004 0.0543 0.0 27.0
-6.8395433 126.932785 0.0543 0.0 27.0
-9.119391 122.70004 0.0544 0.0 27.0
-9.119391 127.50773 0.0544 0.0 27.0
-9.119391 113.08467 0.0545 1.0 25.0
-11.39924 117.31741 0.0545 1.0 25.0
-11.39924 117.31741 0.0546 0.0 26.0
-11.39924 122.1251 0.0546 0.0 26.0
-11.39924 117.31741 0.0547 0.0 26.0
-13.679088 121.550156 0.0547 0.0 26.0
-13.679088 121.550156 0.0548 0.0 27.0
-13.679088 126.35784 0.0548 0.0 27.0
-13.679088 121.550156 0.0549 0.0 27.0
-15.958936 125.7829 0.0549 0.0 27.0
0.0 96.1537 0.0550 9.0 21.0
0.0 100.96139 0.0550 9.0 21.0
0.0 100.96139 0.0551 0.0 22.0
2.2798479 105.19413 0.0551 0.0 22.0
0.0 100.96139 0.0552 8.0 22.0
0.0 105.76907 0.0552 8.0 22.0
0.0 105.76907 0.0553 0.0 23.0
2.2798479 110.001816 0.0553 0.0 23.0
0.0 105.76907 0.0554 0.0 23.0
0.0 110.57676 0.0554 0.0 23.0
0.0 105.76907 0.0555 1.0 23.0
2.2798479 110.001816 0.0555 1.0 23.0
2.2798479 110.001816 0.0556 0.0 24.0
6.29426 112.64725 0.0556 0.0 24.0
2.2798479 110.001816 0.0557 0.0 24.0
4.5596957 114.23456 0.0557 0.0 24.0
4.5596957 114.23456 0.0558 0.0 25.0
8.574108 116.87999 0.0558 0.0 25.0
4.5596957 114.23456 0.0559 0.0 25.0
6.8395433 118.4673 0.0559 0.0 25.0
0.0 105.76907 0.0560 7.0 23.0
0.0 110.57676 0.0560 7.0 23.0
0.0 110.57676 0.0561 0.0 24.0
2.2798479 114.8095 0.0561 0.0 24.0
0.0 110.57676 0.0562 6.0 24.0
0.0 115.384445 0.0562 6.0 24.0
0.0 115.384445 0.0563 0.0 25.0
2.2798479 119.61719 0.0563 0.0 25.0
0.0 115.384445 0.0564 0.0 25.0
0.0 120.19213 0.0564 0.0 25.0
0.0 115.384445 0.0565 1.0 25.0
2.2798479 119.61719 0.0565 1.0 25.0
2.2798479 119.61719 0.0566 0.0 26.0
6.29426 122.26262 0.0566 0.0 26.0
2.2798479 119.61719 0.0567 0.0 26.0
4.5596957 123.84993 0.0567 0.0 26.0
4.5596957 123.84993 0.0568 0.0 27.0
8.574108 126.49536 0.0568 0.0 27.0
4.5596957 123.84993 0.0569 0.0 27.0
6.8395433 128.08267 0.0569 0.0 27.0
0.0 115.384445 0.0570 1.0 25.0
0.0 120.19213 0.0570 1.0 25.0
0.0 120.19213 0.0571 0.0 26.0
2.2798479 124.42487 0.0571 0.0 26.0
0.0 120.19213 0.0572 0.0 26.0
0.0 124.99982 0.0572 0.0 26.0
0.0 124.99982 0.0573 0.0 27.0
2.2798479 129.23256 0.0573 0.0 27.0
0.0 124.99982 0.0574 0.0 27.0
0.0 129.8075 0.0574 0.0 27.0
0.0 115.384445 0.0575 5.0 25.0
2.2798479 119.61719 0.0575 5.0 25.0
2.2798479 119.61719 0.0576 0.0 26.0
6.29426 122.26262 0.0576 0.0 26.0
2.2798479 119.61719 0.0577 4.0 26.0
4.5596957 123.84993 0.0577 4.0 26.0
4.5596957 123.84993 0.0578 0.0 27.0
8.574108 126.49536 0.0578 0.0 27.0
4.5596957 123.84993 0.0579 0.0 27.0
6.8395433 128.08267 0.0579 0.0 27.0
4.5596957 123.84993 0.0580 1.0 27.0
8.574108 126.49536 0.0580 1.0 27.0
8.574108 126.49536 0.0581 0.0 28.0
13.362934 126.92076 0.0581 0.0 28.0
8.574108 126.49536 0.0582 0.0 28.0
12.58852 129.1408 0.0582 0.0 28.0
12.58852 129.1408 0.0583 0.0 29.0
17.377346 129.5662 0.0583 0.0 29.0
12.58852 129.1408 0.0584 0.0 29.0
16.602932 131.78622 0.0584 0.0 29.0
4.5596957 123.84993 0.0585 3.0 27.0
6.8395433 128.08267 0.0585 3.0 27.0
6.8395433 128.08267 0.0586 0.0 28.0
10.853955 130.7281 0.0586 0.0 28.0
6.8395433 128.08267 0.0587 2.0 28.0
9.119391 132.31541 0.0587 2.0 28.0
9.119391 132.31541 0.0588 0.0 29.0
13.133803 134.96085 0.0588 0.0 29.0
9.119391 132.31541 0.0589 0.0 29.0
11.39924 136.54816 0.0589 0.0 29.0
9.119391 132.31541 0.0590 1.0 29.0
13.133803 134.96085 0.0590 1.0 29.0
13.133803 134.96085 0.0591 0.0 30.0
17.92263 135.38625 0.0591 0.0 30.0
13.133803 134.96085 0.0592 0.0 30.0
17.148216 137.60628 0.0592 0.0 30.0
17.148216 137.60628 0.0593 0.0 31.0
21.937042 138.03168 0.0593 0.0 31.0
17.148216 137.60628 0.0594 0.0 31.0
21.162628 140.25171 0.0594 0.0 31.0
9.119391 132.31541 0.0595 1.0 29.0
11.39924 136.54816 0.0595 1.0 29.0
11.39924 136.54816 0.0596 0.0 30.0
15.413651 139.19359 0.0596 0.0 30.0
11.39924 136.54816 0.0597 0.0 30.0
13.679088 140.7809 0.0597 0.0 30.0
13.679088 140.7809 0.0598 0.0 31.0
17.6935 143.42633 0.0598 0.0 31.0
13.679088 140.7809 0.0599 0.0 31.0
15.958936 145.01364 0.0599 0.0 31.0
0.0 115.384445 0.0600 5.0 25.0
0.0 120.19213 0.0600 5.0 25.0
0.0 120.19213 0.0601 0.0 26.0
2.2798479 124.42487 0.0601 0.0 26.0
0.0 120.19213 0.0602 4.0 26.0
0.0 124.99982 0.0602 4.0 26.0
0.0 124.99982 0.0603 0.0 27.0
2.2798479 129.23256 0.0603 0.0 27.0
0.0 124.99982 0.0604 0.0 27.0
0.0 129.8075 0.0604 0.0 27.0
0.0 124.99982 0.0605 1.0 27.0
2.2798479 129.23256 0.0605 1.0 27.0
2.2798479 129.23256 0.0606 0.0 28.0
6.29426 131.87799 0.0606 0.0 28.0
2.2798479 129.23256 0.0607 0.0 28.0
4.5596957 133.4653 0.0607 0.0 28.0
4.5596957 133.4653 0.0608 0.0 29.0
8.574108 136.11073 0.0608 0.0 29.0
4.5596957 133.4653 0.0609 0.0 29.0
6.8395433 137.69804 0.0609 0.0 29.0
0.0 124.99982 0.0610 3.0 27.0
0.0 129.8075 0.0610 3.0 27.0
0.0 129.8075 0.0611 0.0 28.0
2.2798479 134.04024 0.0611 0.0 28.0
0.0 129.8075 0.0612 2.0 28.0
0.0 134.61517 0.0612 2.0 28.0
0.0 134.61517 0.0613 0.0 29.0
2.2798479 138.84792 0.0613 0.0 29.0
0.0 134.61517 0.0614 0.0 29.0
0.0 139.42285 0.0614 0.0 29.0
0.0 134.61517 0.0615 1.0 29.0
2.2798479 138.84792 0.0615 1.0 29.0
2.2798479 138.84792 0.0616 0.0 30.0
6.29426 141.49335 0.0616 0.0 30.0
2.2798479 138.84792 0.0617 0.0 30.0
4.5596957 143.08066 0.0617 0.0 30.0
4.5596957 143.08066 0.0618 0.0 31.0
8.574108 145.72609 0.0618 0.0 31.0
4.5596957 143.08066 0.0619 0.0 31.0
6.8395433 147.3134 0.0619 0.0 31.0
0.0 134.61517 0.0620 1.0 29.0
0.0 139.42285 0.0620 1.0 29.0
0.0 139.42285 0.0621 0.0 30.0
2.2798479 143.6556 0.0621 0.0 30.0
0.0 139.42285 0.0622 0.0 30.0
0.0 144.23053 0.0622 0.0 30.0
0.0 144.23053 0.0623 0.0 31.0
2.2798479 148.46327 0.0623 0.0 31.0
0.0 144.23053 0.0624 0.0 31.0
0.0 149.03821 0.0624 0.0 31.0
