0.0 0.0 0.00 43.0 1.0
0.0 1.4755154 0.00 43.0 1.0
0.0 1.4755154 0.01 42.0 2.0
0.0 2.9510307 0.01 42.0 2.0
0.0 2.9510307 0.02 41.0 3.0
0.0 4.426546 0.02 41.0 3.0
0.0 4.426546 0.03 40.0 4.0
0.0 5.9020615 0.03 40.0 4.0
0.0 5.9020615 0.04 39.0 5.0
0.0 7.377577 0.04 39.0 5.0
0.0 7.377577 0.05 38.0 6.0
0.0 8.853092 0.05 38.0 6.0
0.0 8.853092 0.06 37.0 7.0
0.0 10.328608 0.06 37.0 7.0
0.0 10.328608 0.07 36.0 8.0
0.0 11.804123 0.07 36.0 8.0
0.0 11.804123 0.08 19.0 9.0
0.705228 13.100194 0.08 19.0 9.0
0.705228 13.100194 0.09 18.0 10.0
1.410456 14.396265 0.09 18.0 10.0
1.410456 14.396265 0.010 17.0 11.0
2.115684 15.692336 0.010 17.0 11.0
2.115684 15.692336 0.011 16.0 12.0
2.820912 16.988407 0.011 16.0 12.0
2.820912 16.988407 0.012 7.0 13.0
4.0598354 17.78979 0.012 7.0 13.0
4.0598354 17.78979 0.013 6.0 14.0
5.298759 18.591171 0.013 6.0 14.0
5.298759 18.591171 0.014 1.0 15.0
6.770035 18.702946 0.014 1.0 15.0
6.770035 18.702946 0.015 0.0 16.0
8.24131 18.81472 0.015 0.0 16.0
8.24131 18.81472 0.016 0.0 17.0
9.480233 19.616102 0.016 0.0 17.0
5.298759 18.591171 0.017 1.0 15.0
6.5376825 19.392553 0.017 1.0 15.0
6.5376825 19.392553 0.018 0.0 16.0
7.776606 20.193935 0.018 0.0 16.0
7.776606 20.193935 0.019 0.0 17.0
8.481834 21.490005 0.019 0.0 17.0
5.298759 18.591171 0.020 5.0 15.0
6.5376825 19.392553 0.020 5.0 15.0
6.5376825 19.392553 0.021 4.0 16.0
7.776606 20.193935 0.021 4.0 16.0
7.776606 20.193935 0.022 3.0 17.0
8.481834 21.490005 0.022 3.0 17.0
8.481834 21.490005 0.023 2.0 18.0
9.187062 22.786076 0.023 2.0 18.0
9.187062 22.786076 0.024 1.0 19.0
9.89229 24.082146 0.024 1.0 19.0
9.89229 24.082146 0.025 0.0 20.0
10.597518 25.378216 0.025 0.0 20.0
10.597518 25.378216 0.026 0.0 21.0
10.597518 26.853731 0.026 0.0 21.0
7.776606 20.193935 0.027 1.0 17.0
9.247882 20.30571 0.027 1.0 17.0
9.247882 20.30571 0.028 0.0 18.0
10.719157 20.417484 0.028 0.0 18.0
10.719157 20.417484 0.029 0.0 19.0
11.95808 21.218866 0.029 0.0 19.0
2.820912 16.988407 0.030 7.0 13.0
3.5261397 18.284477 0.030 7.0 13.0
3.5261397 18.284477 0.031 6.0 14.0
4.2313676 19.580547 0.031 6.0 14.0
4.2313676 19.580547 0.032 1.0 15.0
5.470291 20.38193 0.032 1.0 15.0
5.470291 20.38193 0.033 0.0 16.0
6.7092147 21.183311 0.033 0.0 16.0
6.7092147 21.183311 0.034 0.0 17.0
7.414443 22.479382 0.034 0.0 17.0
4.2313676 19.580547 0.035 1.0 15.0
4.9365954 20.876617 0.035 1.0 15.0
4.9365954 20.876617 0.036 0.0 16.0
5.6418233 22.172688 0.036 0.0 16.0
5.6418233 22.172688 0.037 0.0 17.0
5.6418233 23.648203 0.037 0.0 17.0
4.2313676 19.580547 0.038 5.0 15.0
4.9365954 20.876617 0.038 5.0 15.0
4.9365954 20.876617 0.039 4.0 16.0
5.6418233 22.172688 0.039 4.0 16.0
5.6418233 22.172688 0.040 3.0 17.0
5.6418233 23.648203 0.040 3.0 17.0
5.6418233 23.648203 0.041 2.0 18.0
5.6418233 25.123718 0.041 2.0 18.0
5.6418233 25.123718 0.042 1.0 19.0
5.6418233 26.599234 0.042 1.0 19.0
5.6418233 26.599234 0.043 0.0 20.0
5.6418233 28.074749 0.043 0.0 20.0
5.6418233 28.074749 0.044 0.0 21.0
4.9365954 29.37082 0.044 0.0 21.0
5.6418233 22.172688 0.045 1.0 17.0
6.880747 22.97407 0.045 1.0 17.0
6.880747 22.97407 0.046 0.0 18.0
8.11967 23.775452 0.046 0.0 18.0
8.11967 23.775452 0.047 0.0 19.0
8.824898 25.071522 0.047 0.0 19.0
2.820912 16.988407 0.048 15.0 13.0
3.5261397 18.284477 0.048 15.0 13.0
3.5261397 18.284477 0.049 14.0 14.0
4.2313676 19.580547 0.049 14.0 14.0
4.2313676 19.580547 0.050 13.0 15.0
4.9365954 20.876617 0.050 13.0 15.0
4.9365954 20.876617 0.051 12.0 16.0
5.6418233 22.172688 0.051 12.0 16.0
5.6418233 22.172688 0.052 11.0 17.0
5.6418233 23.648203 0.052 11.0 17.0
5.6418233 23.648203 0.053 10.0 18.0
5.6418233 25.123718 0.053 10.0 18.0
5.6418233 25.123718 0.054 9.0 19.0
5.6418233 26.599234 0.054 9.0 19.0
5.6418233 26.599234 0.055 8.0 20.0
5.6418233 28.074749 0.055 8.0 20.0
5.6418233 28.074749 0.056 7.0 21.0
5.6418233 29.550264 0.056 7.0 21.0
5.6418233 29.550264 0.057 6.0 22.0
5.6418233 31.02578 0.057 6.0 22.0
5.6418233 31.02578 0.058 1.0 23.0
6.347051 32.32185 0.058 1.0 23.0
6.347051 32.32185 0.059 0.0 24.0
7.052279 33.61792 0.059 0.0 24.0
7.052279 33.61792 0.060 0.0 25.0
7.052279 35.093437 0.060 0.0 25.0
5.6418233 31.02578 0.061 1.0 23.0
5.6418233 32.501297 0.061 1.0 23.0
5.6418233 32.501297 0.062 0.0 24.0
5.6418233 33.976814 0.062 0.0 24.0
5.6418233 33.976814 0.063 0.0 25.0
4.9365954 35.272884 0.063 0.0 25.0
5.6418233 31.02578 0.064 5.0 23.0
5.6418233 32.501297 0.064 5.0 23.0
5.6418233 32.501297 0.065 4.0 24.0
5.6418233 33.976814 0.065 4.0 24.0
5.6418233 33.976814 0.066 3.0 25.0
4.9365954 35.272884 0.066 3.0 25.0
4.9365954 35.272884 0.067 2.0 26.0
4.2313676 36.568954 0.067 2.0 26.0
4.2313676 36.568954 0.068 1.0 27.0
3.5261397 37.865025 0.068 1.0 27.0
3.5261397 37.865025 0.069 0.0 28.0
2.820912 39.161095 0.069 0.0 28.0
2.820912 39.161095 0.070 0.0 29.0
1.5819885 39.96248 0.070 0.0 29.0
5.6418233 33.976814 0.071 1.0 25.0
6.347051 35.272884 0.071 1.0 25.0
6.347051 35.272884 0.072 0.0 26.0
7.052279 36.568954 0.072 0.0 26.0
7.052279 36.568954 0.073 0.0 27.0
7.052279 38.04447 0.073 0.0 27.0
5.6418233 22.172688 0.074 7.0 17.0
6.880747 22.97407 0.074 7.0 17.0
6.880747 22.97407 0.075 6.0 18.0
8.11967 23.775452 0.075 6.0 18.0
8.11967 23.775452 0.076 1.0 19.0
9.590945 23.887226 0.076 1.0 19.0
9.590945 23.887226 0.077 0.0 20.0
11.062221 23.999 0.077 0.0 20.0
11.062221 23.999 0.078 0.0 21.0
12.301144 24.800383 0.078 0.0 21.0
8.11967 23.775452 0.079 1.0 19.0
9.358593 24.576834 0.079 1.0 19.0
9.358593 24.576834 0.080 0.0 20.0
10.597516 25.378216 0.080 0.0 20.0
10.597516 25.378216 0.081 0.0 21.0
11.302744 26.674286 0.081 0.0 21.0
8.11967 23.775452 0.082 5.0 19.0
9.358593 24.576834 0.082 5.0 19.0
9.358593 24.576834 0.083 4.0 20.0
10.597516 25.378216 0.083 4.0 20.0
10.597516 25.378216 0.084 3.0 21.0
11.302744 26.674286 0.084 3.0 21.0
11.302744 26.674286 0.085 2.0 22.0
12.007972 27.970356 0.085 2.0 22.0
12.007972 27.970356 0.086 1.0 23.0
12.7132 29.266426 0.086 1.0 23.0
12.7132 29.266426 0.087 0.0 24.0
13.418427 30.562496 0.087 0.0 24.0
13.418427 30.562496 0.088 0.0 25.0
13.418427 32.03801 0.088 0.0 25.0
10.597516 25.378216 0.089 1.0 21.0
12.068791 25.48999 0.089 1.0 21.0
12.068791 25.48999 0.090 0.0 22.0
13.540067 25.601765 0.090 0.0 22.0
13.540067 25.601765 0.091 0.0 23.0
14.77899 26.403147 0.091 0.0 23.0
0.0 11.804123 0.092 19.0 9.0
0.0 13.279638 0.092 19.0 9.0
0.0 13.279638 0.093 18.0 10.0
0.0 14.755154 0.093 18.0 10.0
0.0 14.755154 0.094 17.0 11.0
0.0 16.230669 0.094 17.0 11.0
0.0 16.230669 0.095 16.0 12.0
0.0 17.706184 0.095 16.0 12.0
0.0 17.706184 0.096 7.0 13.0
0.705228 19.002254 0.096 7.0 13.0
0.705228 19.002254 0.097 6.0 14.0
1.410456 20.298325 0.097 6.0 14.0
1.410456 20.298325 0.098 1.0 15.0
2.6493793 21.099707 0.098 1.0 15.0
2.6493793 21.099707 0.099 0.0 16.0
3.8883028 21.901089 0.099 0.0 16.0
3.8883028 21.901089 0.0100 0.0 17.0
4.5935307 23.197159 0.0100 0.0 17.0
1.410456 20.298325 0.0101 1.0 15.0
2.115684 21.594395 0.0101 1.0 15.0
2.115684 21.594395 0.0102 0.0 16.0
2.820912 22.890465 0.0102 0.0 16.0
2.820912 22.890465 0.0103 0.0 17.0
2.820912 24.36598 0.0103 0.0 17.0
1.410456 20.298325 0.0104 5.0 15.0
2.115684 21.594395 0.0104 5.0 15.0
2.115684 21.594395 0.0105 4.0 16.0
2.820912 22.890465 0.0105 4.0 16.0
2.820912 22.890465 0.0106 3.0 17.0
2.820912 24.36598 0.0106 3.0 17.0
2.820912 24.36598 0.0107 2.0 18.0
2.820912 25.841496 0.0107 2.0 18.0
2.820912 25.841496 0.0108 1.0 19.0
2.820912 27.31701 0.0108 1.0 19.0
2.820912 27.31701 0.0109 0.0 20.0
2.820912 28.792526 0.0109 0.0 20.0
2.820912 28.792526 0.0110 0.0 21.0
2.115684 30.088596 0.0110 0.0 21.0
2.820912 22.890465 0.0111 1.0 17.0
4.0598354 23.691847 0.0111 1.0 17.0
4.0598354 23.691847 0.0112 0.0 18.0
5.298759 24.493229 0.0112 0.0 18.0
5.298759 24.493229 0.0113 0.0 19.0
6.0039873 25.789299 0.0113 0.0 19.0
0.0 17.706184 0.0114 7.0 13.0
0.0 19.1817 0.0114 7.0 13.0
0.0 19.1817 0.0115 6.0 14.0
0.0 20.657215 0.0115 6.0 14.0
0.0 20.657215 0.0116 1.0 15.0
0.705228 21.953285 0.0116 1.0 15.0
0.705228 21.953285 0.0117 0.0 16.0
1.410456 23.249355 0.0117 0.0 16.0
1.410456 23.249355 0.0118 0.0 17.0
1.410456 24.72487 0.0118 0.0 17.0
0.0 20.657215 0.0119 1.0 15.0
0.0 22.13273 0.0119 1.0 15.0
0.0 22.13273 0.0120 0.0 16.0
0.0 23.608246 0.0120 0.0 16.0
0.0 23.608246 0.0121 0.0 17.0
-0.705228 24.904316 0.0121 0.0 17.0
0.0 20.657215 0.0122 5.0 15.0
0.0 22.13273 0.0122 5.0 15.0
0.0 22.13273 0.0123 4.0 16.0
0.0 23.608246 0.0123 4.0 16.0
0.0 23.608246 0.0124 3.0 17.0
-0.705228 24.904316 0.0124 3.0 17.0
-0.705228 24.904316 0.0125 2.0 18.0
-1.410456 26.200386 0.0125 2.0 18.0
-1.410456 26.200386 0.0126 1.0 19.0
-2.115684 27.496456 0.0126 1.0 19.0
-2.115684 27.496456 0.0127 0.0 20.0
-2.820912 28.792526 0.0127 0.0 20.0
-2.820912 28.792526 0.0128 0.0 21.0
-4.0598354 29.593908 0.0128 0.0 21.0
0.0 23.608246 0.0129 1.0 17.0
0.705228 24.904316 0.0129 1.0 17.0
0.705228 24.904316 0.0130 0.0 18.0
1.410456 26.200386 0.0130 0.0 18.0
1.410456 26.200386 0.0131 0.0 19.0
1.410456 27.675901 0.0131 0.0 19.0
0.0 17.706184 0.0132 15.0 13.0
0.0 19.1817 0.0132 15.0 13.0
0.0 19.1817 0.0133 14.0 14.0
0.0 20.657215 0.0133 14.0 14.0
0.0 20.657215 0.0134 13.0 15.0
0.0 22.13273 0.0134 13.0 15.0
0.0 22.13273 0.0135 12.0 16.0
0.0 23.608246 0.0135 12.0 16.0
0.0 23.608246 0.0136 11.0 17.0
-0.705228 24.904316 0.0136 11.0 17.0
-0.705228 24.904316 0.0137 10.0 18.0
-1.410456 26.200386 0.0137 10.0 18.0
-1.410456 26.200386 0.0138 9.0 19.0
-2.115684 27.496456 0.0138 9.0 19.0
-2.115684 27.496456 0.0139 8.0 20.0
-2.820912 28.792526 0.0139 8.0 20.0
-2.820912 28.792526 0.0140 7.0 21.0
-3.5261397 30.088596 0.0140 7.0 21.0
-3.5261397 30.088596 0.0141 6.0 22.0
-4.2313676 31.384666 0.0141 6.0 22.0
-4.2313676 31.384666 0.0142 1.0 23.0
-4.2313676 32.860184 0.0142 1.0 23.0
-4.2313676 32.860184 0.0143 0.0 24.0
-4.2313676 34.3357 0.0143 0.0 24.0
-4.2313676 34.3357 0.0144 0.0 25.0
-4.9365954 35.63177 0.0144 0.0 25.0
-4.2313676 31.384666 0.0145 1.0 23.0
-4.9365954 32.680737 0.0145 1.0 23.0
-4.9365954 32.680737 0.0146 0.0 24.0
-5.6418233 33.976807 0.0146 0.0 24.0
-5.6418233 33.976807 0.0147 0.0 25.0
-6.880747 34.77819 0.0147 0.0 25.0
-4.2313676 31.384666 0.0148 5.0 23.0
-4.9365954 32.680737 0.0148 5.0 23.0
-4.9365954 32.680737 0.0149 4.0 24.0
-5.6418233 33.976807 0.0149 4.0 24.0
-5.6418233 33.976807 0.0150 3.0 25.0
-6.880747 34.77819 0.0150 3.0 25.0
-6.880747 34.77819 0.0151 2.0 26.0
-8.11967 35.579575 0.0151 2.0 26.0
-8.11967 35.579575 0.0152 1.0 27.0
-9.358593 36.38096 0.0152 1.0 27.0
-9.358593 36.38096 0.0153 0.0 28.0
-10.597516 37.182343 0.0153 0.0 28.0
-10.597516 37.182343 0.0154 0.0 29.0
-12.068791 37.294117 0.0154 0.0 29.0
-5.6418233 33.976807 0.0155 1.0 25.0
-5.6418233 35.452324 0.0155 1.0 25.0
-5.6418233 35.452324 0.0156 0.0 26.0
-5.6418233 36.92784 0.0156 0.0 26.0
-5.6418233 36.92784 0.0157 0.0 27.0
-6.347051 38.22391 0.0157 0.0 27.0
0.0 23.608246 0.0158 7.0 17.0
0.705228 24.904316 0.0158 7.0 17.0
0.705228 24.904316 0.0159 6.0 18.0
1.410456 26.200386 0.0159 6.0 18.0
1.410456 26.200386 0.0160 1.0 19.0
2.6493793 27.001768 0.0160 1.0 19.0
2.6493793 27.001768 0.0161 0.0 20.0
3.8883028 27.80315 0.0161 0.0 20.0
3.8883028 27.80315 0.0162 0.0 21.0
4.5935307 29.09922 0.0162 0.0 21.0
1.410456 26.200386 0.0163 1.0 19.0
2.115684 27.496456 0.0163 1.0 19.0
2.115684 27.496456 0.0164 0.0 20.0
2.820912 28.792526 0.0164 0.0 20.0
2.820912 28.792526 0.0165 0.0 21.0
2.820912 30.268042 0.0165 0.0 21.0
1.410456 26.200386 0.0166 5.0 19.0
2.115684 27.496456 0.0166 5.0 19.0
2.115684 27.496456 0.0167 4.0 20.0
2.820912 28.792526 0.0167 4.0 20.0
2.820912 28.792526 0.0168 3.0 21.0
2.820912 30.268042 0.0168 3.0 21.0
2.820912 30.268042 0.0169 2.0 22.0
2.820912 31.743557 0.0169 2.0 22.0
2.820912 31.743557 0.0170 1.0 23.0
2.820912 33.21907 0.0170 1.0 23.0
2.820912 33.21907 0.0171 0.0 24.0
2.820912 34.694588 0.0171 0.0 24.0
2.820912 34.694588 0.0172 0.0 25.0
2.115684 35.990658 0.0172 0.0 25.0
2.820912 28.792526 0.0173 1.0 21.0
4.0598354 29.593908 0.0173 1.0 21.0
4.0598354 29.593908 0.0174 0.0 22.0
5.298759 30.39529 0.0174 0.0 22.0
5.298759 30.39529 0.0175 0.0 23.0
6.0039873 31.69136 0.0175 0.0 23.0
0.0 11.804123 0.0176 35.0 9.0
0.0 13.279638 0.0176 35.0 9.0
0.0 13.279638 0.0177 34.0 10.0
0.0 14.755154 0.0177 34.0 10.0
0.0 14.755154 0.0178 33.0 11.0
0.0 16.230669 0.0178 33.0 11.0
0.0 16.230669 0.0179 32.0 12.0
0.0 17.706184 0.0179 32.0 12.0
0.0 17.706184 0.0180 31.0 13.0
0.0 19.1817 0.0180 31.0 13.0
0.0 19.1817 0.0181 30.0 14.0
0.0 20.657215 0.0181 30.0 14.0
0.0 20.657215 0.0182 29.0 15.0
0.0 22.13273 0.0182 29.0 15.0
0.0 22.13273 0.0183 28.0 16.0
0.0 23.608246 0.0183 28.0 16.0
0.0 23.608246 0.0184 27.0 17.0
-0.705228 24.904316 0.0184 27.0 17.0
-0.705228 24.904316 0.0185 26.0 18.0
-1.410456 26.200386 0.0185 26.0 18.0
-1.410456 26.200386 0.0186 25.0 19.0
-2.115684 27.496456 0.0186 25.0 19.0
-2.115684 27.496456 0.0187 24.0 20.0
-2.820912 28.792526 0.0187 24.0 20.0
-2.820912 28.792526 0.0188 23.0 21.0
-3.5261397 30.088596 0.0188 23.0 21.0
-3.5261397 30.088596 0.0189 22.0 22.0
-4.2313676 31.384666 0.0189 22.0 22.0
-4.2313676 31.384666 0.0190 21.0 23.0
-4.9365954 32.680737 0.0190 21.0 23.0
-4.9365954 32.680737 0.0191 20.0 24.0
-5.6418233 33.976807 0.0191 20.0 24.0
-5.6418233 33.976807 0.0192 19.0 25.0
-6.347051 35.272877 0.0192 19.0 25.0
-6.347051 35.272877 0.0193 18.0 26.0
-7.052279 36.568947 0.0193 18.0 26.0
-7.052279 36.568947 0.0194 17.0 27.0
-7.757507 37.865017 0.0194 17.0 27.0
-7.757507 37.865017 0.0195 16.0 28.0
-8.462735 39.161087 0.0195 16.0 28.0
-8.462735 39.161087 0.0196 7.0 29.0
-8.462735 40.636604 0.0196 7.0 29.0
-8.462735 40.636604 0.0197 6.0 30.0
-8.462735 42.11212 0.0197 6.0 30.0
-8.462735 42.11212 0.0198 1.0 31.0
-7.7575073 43.40819 0.0198 1.0 31.0
-7.7575073 43.40819 0.0199 0.0 32.0
-7.0522795 44.70426 0.0199 0.0 32.0
-7.0522795 44.70426 0.0200 0.0 33.0
-7.0522795 46.17978 0.0200 0.0 33.0
-8.462735 42.11212 0.0201 1.0 31.0
-8.462735 43.58764 0.0201 1.0 31.0
-8.462735 43.58764 0.0202 0.0 32.0
-8.462735 45.063156 0.0202 0.0 32.0
-8.462735 45.063156 0.0203 0.0 33.0
-9.167963 46.359226 0.0203 0.0 33.0
-8.462735 42.11212 0.0204 5.0 31.0
-8.462735 43.58764 0.0204 5.0 31.0
-8.462735 43.58764 0.0205 4.0 32.0
-8.462735 45.063156 0.0205 4.0 32.0
-8.462735 45.063156 0.0206 3.0 33.0
-9.167963 46.359226 0.0206 3.0 33.0
-9.167963 46.359226 0.0207 2.0 34.0
-9.873191 47.655296 0.0207 2.0 34.0
-9.873191 47.655296 0.0208 1.0 35.0
-10.578419 48.951366 0.0208 1.0 35.0
-10.578419 48.951366 0.0209 0.0 36.0
-11.283647 50.247437 0.0209 0.0 36.0
-11.283647 50.247437 0.0210 0.0 37.0
-12.52257 51.04882 0.0210 0.0 37.0
-8.462735 45.063156 0.0211 1.0 33.0
-7.7575073 46.359226 0.0211 1.0 33.0
-7.7575073 46.359226 0.0212 0.0 34.0
-7.0522795 47.655296 0.0212 0.0 34.0
-7.0522795 47.655296 0.0213 0.0 35.0
-7.0522795 49.130814 0.0213 0.0 35.0
-8.462735 39.161087 0.0214 7.0 29.0
-9.167963 40.457157 0.0214 7.0 29.0
-9.167963 40.457157 0.0215 6.0 30.0
-9.873191 41.753227 0.0215 6.0 30.0
-9.873191 41.753227 0.0216 1.0 31.0
-9.873191 43.228745 0.0216 1.0 31.0
-9.873191 43.228745 0.0217 0.0 32.0
-9.873191 44.70426 0.0217 0.0 32.0
-9.873191 44.70426 0.0218 0.0 33.0
-10.578419 46.00033 0.0218 0.0 33.0
-9.873191 41.753227 0.0219 1.0 31.0
-10.578419 43.049297 0.0219 1.0 31.0
-10.578419 43.049297 0.0220 0.0 32.0
-11.283647 44.345367 0.0220 0.0 32.0
-11.283647 44.345367 0.0221 0.0 33.0
-12.52257 45.14675 0.0221 0.0 33.0
-9.873191 41.753227 0.0222 5.0 31.0
-10.578419 43.049297 0.0222 5.0 31.0
-10.578419 43.049297 0.0223 4.0 32.0
-11.283647 44.345367 0.0223 4.0 32.0
-11.283647 44.345367 0.0224 3.0 33.0
-12.52257 45.14675 0.0224 3.0 33.0
-12.52257 45.14675 0.0225 2.0 34.0
-13.761493 45.948135 0.0225 2.0 34.0
-13.761493 45.948135 0.0226 1.0 35.0
-15.000416 46.74952 0.0226 1.0 35.0
-15.000416 46.74952 0.0227 0.0 36.0
-16.23934 47.550903 0.0227 0.0 36.0
-16.23934 47.550903 0.0228 0.0 37.0
-17.710615 47.662678 0.0228 0.0 37.0
-11.283647 44.345367 0.0229 1.0 33.0
-11.283647 45.820885 0.0229 1.0 33.0
-11.283647 45.820885 0.0230 0.0 34.0
-11.283647 47.296402 0.0230 0.0 34.0
-11.283647 47.296402 0.0231 0.0 35.0
-11.988874 48.592472 0.0231 0.0 35.0
-8.462735 39.161087 0.0232 15.0 29.0
-9.167963 40.457157 0.0232 15.0 29.0
-9.167963 40.457157 0.0233 14.0 30.0
-9.873191 41.753227 0.0233 14.0 30.0
-9.873191 41.753227 0.0234 13.0 31.0
-10.578419 43.049297 0.0234 13.0 31.0
-10.578419 43.049297 0.0235 12.0 32.0
-11.283647 44.345367 0.0235 12.0 32.0
-11.283647 44.345367 0.0236 11.0 33.0
-12.52257 45.14675 0.0236 11.0 33.0
-12.52257 45.14675 0.0237 10.0 34.0
-13.761493 45.948135 0.0237 10.0 34.0
-13.761493 45.948135 0.0238 9.0 35.0
-15.000416 46.74952 0.0238 9.0 35.0
-15.000416 46.74952 0.0239 8.0 36.0
-16.23934 47.550903 0.0239 8.0 36.0
-16.23934 47.550903 0.0240 7.0 37.0
-17.478264 48.352287 0.0240 7.0 37.0
-17.478264 48.352287 0.0241 6.0 38.0
-18.717188 49.15367 0.0241 6.0 38.0
-18.717188 49.15367 0.0242 1.0 39.0
-19.422417 50.44974 0.0242 1.0 39.0
-19.422417 50.44974 0.0243 0.0 40.0
-20.127645 51.74581 0.0243 0.0 40.0
-20.127645 51.74581 0.0244 0.0 41.0
-21.36657 52.547195 0.0244 0.0 41.0
-18.717188 49.15367 0.0245 1.0 39.0
-19.956112 49.955055 0.0245 1.0 39.0
-19.956112 49.955055 0.0246 0.0 40.0
-21.195036 50.75644 0.0246 0.0 40.0
-21.195036 50.75644 0.0247 0.0 41.0
-22.666311 50.868214 0.0247 0.0 41.0
-18.717188 49.15367 0.0248 5.0 39.0
-19.956112 49.955055 0.0248 5.0 39.0
-19.956112 49.955055 0.0249 4.0 40.0
-21.195036 50.75644 0.0249 4.0 40.0
-21.195036 50.75644 0.0250 3.0 41.0
-22.666311 50.868214 0.0250 3.0 41.0
-22.666311 50.868214 0.0251 2.0 42.0
-24.137587 50.97999 0.0251 2.0 42.0
-24.137587 50.97999 0.0252 1.0 43.0
-25.608862 51.091763 0.0252 1.0 43.0
-25.608862 51.091763 0.0253 0.0 44.0
-27.080137 51.203537 0.0253 0.0 44.0
-27.080137 51.203537 0.0254 0.0 45.0
-28.425907 50.59852 0.0254 0.0 45.0
-21.195036 50.75644 0.0255 1.0 41.0
-21.900265 52.05251 0.0255 1.0 41.0
-21.900265 52.05251 0.0256 0.0 42.0
-22.605494 53.34858 0.0256 0.0 42.0
-22.605494 53.34858 0.0257 0.0 43.0
-23.844418 54.149963 0.0257 0.0 43.0
-11.283647 44.345367 0.0258 7.0 33.0
-11.283647 45.820885 0.0258 7.0 33.0
-11.283647 45.820885 0.0259 6.0 34.0
-11.283647 47.296402 0.0259 6.0 34.0
-11.283647 47.296402 0.0260 1.0 35.0
-10.578419 48.592472 0.0260 1.0 35.0
-10.578419 48.592472 0.0261 0.0 36.0
-9.873191 49.888542 0.0261 0.0 36.0
-9.873191 49.888542 0.0262 0.0 37.0
-9.873191 51.36406 0.0262 0.0 37.0
-11.283647 47.296402 0.0263 1.0 35.0
-11.283647 48.77192 0.0263 1.0 35.0
-11.283647 48.77192 0.0264 0.0 36.0
-11.283647 50.247437 0.0264 0.0 36.0
-11.283647 50.247437 0.0265 0.0 37.0
-11.988874 51.543507 0.0265 0.0 37.0
-11.283647 47.296402 0.0266 5.0 35.0
-11.283647 48.77192 0.0266 5.0 35.0
-11.283647 48.77192 0.0267 4.0 36.0
-11.283647 50.247437 0.0267 4.0 36.0
-11.283647 50.247437 0.0268 3.0 37.0
-11.988874 51.543507 0.0268 3.0 37.0
-11.988874 51.543507 0.0269 2.0 38.0
-12.694102 52.839577 0.0269 2.0 38.0
-12.694102 52.839577 0.0270 1.0 39.0
-13.39933 54.135647 0.0270 1.0 39.0
-13.39933 54.135647 0.0271 0.0 40.0
-14.104558 55.431717 0.0271 0.0 40.0
-14.104558 55.431717 0.0272 0.0 41.0
-15.343481 56.2331 0.0272 0.0 41.0
-11.283647 50.247437 0.0273 1.0 37.0
-10.578419 51.543507 0.0273 1.0 37.0
-10.578419 51.543507 0.0274 0.0 38.0
-9.873191 52.839577 0.0274 0.0 38.0
-9.873191 52.839577 0.0275 0.0 39.0
-9.873191 54.315094 0.0275 0.0 39.0
0.0 23.608246 0.0276 19.0 17.0
0.705228 24.904316 0.0276 19.0 17.0
0.705228 24.904316 0.0277 18.0 18.0
1.410456 26.200386 0.0277 18.0 18.0
1.410456 26.200386 0.0278 17.0 19.0
2.115684 27.496456 0.0278 17.0 19.0
2.115684 27.496456 0.0279 16.0 20.0
2.820912 28.792526 0.0279 16.0 20.0
2.820912 28.792526 0.0280 7.0 21.0
4.0598354 29.593908 0.0280 7.0 21.0
4.0598354 29.593908 0.0281 6.0 22.0
5.298759 30.39529 0.0281 6.0 22.0
5.298759 30.39529 0.0282 1.0 23.0
6.770035 30.507065 0.0282 1.0 23.0
6.770035 30.507065 0.0283 0.0 24.0
8.24131 30.61884 0.0283 0.0 24.0
8.24131 30.61884 0.0284 0.0 25.0
9.480233 31.420221 0.0284 0.0 25.0
5.298759 30.39529 0.0285 1.0 23.0
6.5376825 31.196672 0.0285 1.0 23.0
6.5376825 31.196672 0.0286 0.0 24.0
7.776606 31.998055 0.0286 0.0 24.0
7.776606 31.998055 0.0287 0.0 25.0
8.481834 33.294125 0.0287 0.0 25.0
5.298759 30.39529 0.0288 5.0 23.0
6.5376825 31.196672 0.0288 5.0 23.0
6.5376825 31.196672 0.0289 4.0 24.0
7.776606 31.998055 0.0289 4.0 24.0
7.776606 31.998055 0.0290 3.0 25.0
8.481834 33.294125 0.0290 3.0 25.0
8.481834 33.294125 0.0291 2.0 26.0
9.187062 34.590195 0.0291 2.0 26.0
9.187062 34.590195 0.0292 1.0 27.0
9.89229 35.886265 0.0292 1.0 27.0
9.89229 35.886265 0.0293 0.0 28.0
10.597518 37.182335 0.0293 0.0 28.0
10.597518 37.182335 0.0294 0.0 29.0
10.597518 38.657852 0.0294 0.0 29.0
7.776606 31.998055 0.0295 1.0 25.0
9.247882 32.10983 0.0295 1.0 25.0
9.247882 32.10983 0.0296 0.0 26.0
10.719157 32.221603 0.0296 0.0 26.0
10.719157 32.221603 0.0297 0.0 27.0
11.95808 33.022987 0.0297 0.0 27.0
2.820912 28.792526 0.0298 7.0 21.0
3.5261397 30.088596 0.0298 7.0 21.0
3.5261397 30.088596 0.0299 6.0 22.0
4.2313676 31.384666 0.0299 6.0 22.0
4.2313676 31.384666 0.0300 1.0 23.0
5.470291 32.18605 0.0300 1.0 23.0
5.470291 32.18605 0.0301 0.0 24.0
6.7092147 32.987434 0.0301 0.0 24.0
6.7092147 32.987434 0.0302 0.0 25.0
7.414443 34.283504 0.0302 0.0 25.0
4.2313676 31.384666 0.0303 1.0 23.0
4.9365954 32.680737 0.0303 1.0 23.0
4.9365954 32.680737 0.0304 0.0 24.0
5.6418233 33.976807 0.0304 0.0 24.0
5.6418233 33.976807 0.0305 0.0 25.0
5.6418233 35.452324 0.0305 0.0 25.0
4.2313676 31.384666 0.0306 5.0 23.0
4.9365954 32.680737 0.0306 5.0 23.0
4.9365954 32.680737 0.0307 4.0 24.0
5.6418233 33.976807 0.0307 4.0 24.0
5.6418233 33.976807 0.0308 3.0 25.0
5.6418233 35.452324 0.0308 3.0 25.0
5.6418233 35.452324 0.0309 2.0 26.0
5.6418233 36.92784 0.0309 2.0 26.0
5.6418233 36.92784 0.0310 1.0 27.0
5.6418233 38.40336 0.0310 1.0 27.0
5.6418233 38.40336 0.0311 0.0 28.0
5.6418233 39.878876 0.0311 0.0 28.0
5.6418233 39.878876 0.0312 0.0 29.0
4.9365954 41.174946 0.0312 0.0 29.0
5.6418233 33.976807 0.0313 1.0 25.0
6.880747 34.77819 0.0313 1.0 25.0
6.880747 34.77819 0.0314 0.0 26.0
8.11967 35.579575 0.0314 0.0 26.0
8.11967 35.579575 0.0315 0.0 27.0
8.824898 36.875645 0.0315 0.0 27.0
2.820912 28.792526 0.0316 15.0 21.0
3.5261397 30.088596 0.0316 15.0 21.0
3.5261397 30.088596 0.0317 14.0 22.0
4.2313676 31.384666 0.0317 14.0 22.0
4.2313676 31.384666 0.0318 13.0 23.0
4.9365954 32.680737 0.0318 13.0 23.0
4.9365954 32.680737 0.0319 12.0 24.0
5.6418233 33.976807 0.0319 12.0 24.0
5.6418233 33.976807 0.0320 11.0 25.0
5.6418233 35.452324 0.0320 11.0 25.0
5.6418233 35.452324 0.0321 10.0 26.0
5.6418233 36.92784 0.0321 10.0 26.0
5.6418233 36.92784 0.0322 9.0 27.0
5.6418233 38.40336 0.0322 9.0 27.0
5.6418233 38.40336 0.0323 8.0 28.0
5.6418233 39.878876 0.0323 8.0 28.0
5.6418233 39.878876 0.0324 7.0 29.0
5.6418233 41.354393 0.0324 7.0 29.0
5.6418233 41.354393 0.0325 6.0 30.0
5.6418233 42.82991 0.0325 6.0 30.0
5.6418233 42.82991 0.0326 1.0 31.0
6.347051 44.12598 0.0326 1.0 31.0
6.347051 44.12598 0.0327 0.0 32.0
7.052279 45.42205 0.0327 0.0 32.0
7.052279 45.42205 0.0328 0.0 33.0
7.052279 46.897568 0.0328 0.0 33.0
5.6418233 42.82991 0.0329 1.0 31.0
5.6418233 44.305428 0.0329 1.0 31.0
5.6418233 44.305428 0.0330 0.0 32.0
5.6418233 45.780945 0.0330 0.0 32.0
5.6418233 45.780945 0.0331 0.0 33.0
4.9365954 47.077015 0.0331 0.0 33.0
5.6418233 42.82991 0.0332 5.0 31.0
5.6418233 44.305428 0.0332 5.0 31.0
5.6418233 44.305428 0.0333 4.0 32.0
5.6418233 45.780945 0.0333 4.0 32.0
5.6418233 45.780945 0.0334 3.0 33.0
4.9365954 47.077015 0.0334 3.0 33.0
4.9365954 47.077015 0.0335 2.0 34.0
4.2313676 48.373085 0.0335 2.0 34.0
4.2313676 48.373085 0.0336 1.0 35.0
3.5261397 49.669155 0.0336 1.0 35.0
3.5261397 49.669155 0.0337 0.0 36.0
2.820912 50.965225 0.0337 0.0 36.0
2.820912 50.965225 0.0338 0.0 37.0
1.5819885 51.76661 0.0338 0.0 37.0
5.6418233 45.780945 0.0339 1.0 33.0
6.347051 47.077015 0.0339 1.0 33.0
6.347051 47.077015 0.0340 0.0 34.0
7.052279 48.373085 0.0340 0.0 34.0
7.052279 48.373085 0.0341 0.0 35.0
7.052279 49.848602 0.0341 0.0 35.0
5.6418233 33.976807 0.0342 7.0 25.0
6.880747 34.77819 0.0342 7.0 25.0
6.880747 34.77819 0.0343 6.0 26.0
8.11967 35.579575 0.0343 6.0 26.0
8.11967 35.579575 0.0344 1.0 27.0
9.590945 35.69135 0.0344 1.0 27.0
9.590945 35.69135 0.0345 0.0 28.0
11.062221 35.803123 0.0345 0.0 28.0
11.062221 35.803123 0.0346 0.0 29.0
12.301144 36.604507 0.0346 0.0 29.0
8.11967 35.579575 0.0347 1.0 27.0
9.358593 36.38096 0.0347 1.0 27.0
9.358593 36.38096 0.0348 0.0 28.0
10.597516 37.182343 0.0348 0.0 28.0
10.597516 37.182343 0.0349 0.0 29.0
11.302744 38.478413 0.0349 0.0 29.0
8.11967 35.579575 0.0350 5.0 27.0
9.358593 36.38096 0.0350 5.0 27.0
9.358593 36.38096 0.0351 4.0 28.0
10.597516 37.182343 0.0351 4.0 28.0
10.597516 37.182343 0.0352 3.0 29.0
11.302744 38.478413 0.0352 3.0 29.0
11.302744 38.478413 0.0353 2.0 30.0
12.007972 39.774483 0.0353 2.0 30.0
12.007972 39.774483 0.0354 1.0 31.0
12.7132 41.070553 0.0354 1.0 31.0
12.7132 41.070553 0.0355 0.0 32.0
13.418427 42.366623 0.0355 0.0 32.0
13.418427 42.366623 0.0356 0.0 33.0
13.418427 43.84214 0.0356 0.0 33.0
10.597516 37.182343 0.0357 1.0 29.0
12.068791 37.294117 0.0357 1.0 29.0
12.068791 37.294117 0.0358 0.0 30.0
13.540067 37.40589 0.0358 0.0 30.0
13.540067 37.40589 0.0359 0.0 31.0
14.77899 38.207275 0.0359 0.0 31.0
