0.0 0.0 0.00 11.0 1.0
0.0 1.7697911 0.00 11.0 1.0
0.0 1.7697911 0.01 10.0 2.0
0.0 3.5395823 0.01 10.0 2.0
0.0 3.5395823 0.02 1.0 3.0
0.0 5.3093734 0.02 1.0 3.0
0.0 5.3093734 0.03 0.0 4.0
-1.1781483 6.6300273 0.03 0.0 4.0
-1.1781483 6.6300273 0.04 0.0 5.0
-2.9364648 6.831234 0.04 0.0 5.0
0.0 3.5395823 0.05 1.0 3.0
-1.4460344 2.519217 0.05 1.0 3.0
-1.4460344 2.519217 0.06 0.0 4.0
-3.204351 2.7204237 0.06 0.0 4.0
-3.204351 2.7204237 0.07 0.0 5.0
-4.382499 4.0410776 0.07 0.0 5.0
0.0 3.5395823 0.08 9.0 3.0
-1.7583164 3.740789 0.08 9.0 3.0
-1.7583164 3.740789 0.09 8.0 4.0
-3.5166328 3.9419956 0.09 8.0 4.0
-3.5166328 3.9419956 0.010 1.0 5.0
-5.274949 4.1432023 0.010 1.0 5.0
-5.274949 4.1432023 0.011 0.0 6.0
-6.7209835 3.122837 0.011 0.0 6.0
-6.7209835 3.122837 0.012 0.0 7.0
-7.1207876 1.3987961 0.012 0.0 7.0
-3.5166328 3.9419956 0.013 1.0 5.0
-2.667282 2.389332 0.013 1.0 5.0
-2.667282 2.389332 0.014 0.0 6.0
-3.0670862 0.6652911 0.014 0.0 6.0
-3.0670862 0.6652911 0.015 0.0 7.0
-4.5131207 -0.35507405 0.015 0.0 7.0
-3.5166328 3.9419956 0.016 7.0 5.0
-3.9164367 2.2179546 0.016 7.0 5.0
-3.9164367 2.2179546 0.017 6.0 6.0
-4.316241 0.49391365 0.017 6.0 6.0
-4.316241 0.49391365 0.018 1.0 7.0
-4.716045 -1.2301273 0.018 1.0 7.0
-4.716045 -1.2301273 0.019 0.0 8.0
-3.8666942 -2.782791 0.019 0.0 8.0
-3.8666942 -2.782791 0.020 0.0 9.0
-2.1992848 -3.376008 0.020 0.0 9.0
-4.316241 0.49391365 0.021 1.0 7.0
-2.677082 1.161236 0.021 1.0 7.0
-2.677082 1.161236 0.022 0.0 8.0
-1.0096726 0.568019 0.022 0.0 8.0
-1.0096726 0.568019 0.023 0.0 9.0
-0.16032195 -0.9846446 0.023 0.0 9.0
-4.316241 0.49391365 0.024 5.0 7.0
-2.677082 1.161236 0.024 5.0 7.0
-2.677082 1.161236 0.025 4.0 8.0
-1.0379233 1.8285584 0.025 4.0 8.0
-1.0379233 1.8285584 0.026 1.0 9.0
0.6012354 2.4958808 0.026 1.0 9.0
0.6012354 2.4958808 0.027 0.0 10.0
1.3801731 4.0850368 0.027 0.0 10.0
1.3801731 4.0850368 0.028 0.0 11.0
0.9035325 5.7894354 0.028 0.0 11.0
-1.0379233 1.8285584 0.029 1.0 9.0
-2.5282187 2.783116 0.029 1.0 9.0
-2.5282187 2.783116 0.030 0.0 10.0
-3.0048594 4.4875145 0.030 0.0 10.0
-3.0048594 4.4875145 0.031 0.0 11.0
-2.2259216 6.0766706 0.031 0.0 11.0
-1.0379233 1.8285584 0.032 3.0 9.0
-2.5282187 2.783116 0.032 3.0 9.0
-2.5282187 2.783116 0.033 2.0 10.0
-4.018514 3.7376738 0.033 2.0 10.0
-4.018514 3.7376738 0.034 1.0 11.0
-5.50881 4.6922307 0.034 1.0 11.0
-5.50881 4.6922307 0.035 0.0 12.0
-7.2563467 4.4124517 0.035 0.0 12.0
-7.2563467 4.4124517 0.036 0.0 13.0
-8.374146 3.0403419 0.036 0.0 13.0
-4.018514 3.7376738 0.037 1.0 11.0
-3.9392273 1.9696596 0.037 1.0 11.0
-3.9392273 1.9696596 0.038 0.0 12.0
-5.057027 0.5975498 0.038 0.0 12.0
-5.057027 0.5975498 0.039 0.0 13.0
-6.8045635 0.31777087 0.039 0.0 13.0
-3.5166328 3.9419956 0.040 7.0 5.0
-1.8774741 4.609318 0.040 7.0 5.0
-1.8774741 4.609318 0.041 6.0 6.0
-0.23831534 5.27664 0.041 6.0 6.0
-0.23831534 5.27664 0.042 1.0 7.0
1.4008434 5.943962 0.042 1.0 7.0
1.4008434 5.943962 0.043 0.0 8.0
2.179781 7.5331182 0.043 0.0 8.0
2.179781 7.5331182 0.044 0.0 9.0
1.7031404 9.237516 0.044 0.0 9.0
-0.23831534 5.27664 0.045 1.0 7.0
-1.7286109 6.2311974 0.045 1.0 7.0
-1.7286109 6.2311974 0.046 0.0 8.0
-2.2052515 7.935596 0.046 0.0 8.0
-2.2052515 7.935596 0.047 0.0 9.0
-1.4263138 9.524752 0.047 0.0 9.0
-0.23831534 5.27664 0.048 5.0 7.0
0.54062235 6.865796 0.048 5.0 7.0
0.54062235 6.865796 0.049 4.0 8.0
1.31956 8.454952 0.049 4.0 8.0
1.31956 8.454952 0.050 1.0 9.0
2.0984979 10.044108 0.050 1.0 9.0
2.0984979 10.044108 0.051 0.0 10.0
1.6218573 11.748507 0.051 0.0 10.0
1.6218573 11.748507 0.052 0.0 11.0
0.13156176 12.703064 0.052 0.0 11.0
1.31956 8.454952 0.053 1.0 9.0
-0.4279766 8.175174 0.053 1.0 9.0
-0.4279766 8.175174 0.054 0.0 10.0
-1.9182725 9.12973 0.054 0.0 10.0
-1.9182725 9.12973 0.055 0.0 11.0
-2.394914 10.834128 0.055 0.0 11.0
1.31956 8.454952 0.056 3.0 9.0
0.84291947 10.15935 0.056 3.0 9.0
0.84291947 10.15935 0.057 2.0 10.0
0.3662789 11.863749 0.057 2.0 10.0
0.3662789 11.863749 0.058 1.0 11.0
-0.110361695 13.568147 0.058 1.0 11.0
-0.110361695 13.568147 0.059 0.0 12.0
-1.6006572 14.522704 0.059 0.0 12.0
-1.6006572 14.522704 0.060 0.0 13.0
-3.348194 14.242926 0.060 0.0 13.0
0.3662789 11.863749 0.061 1.0 11.0
-0.7515205 10.491639 0.061 1.0 11.0
-0.7515205 10.491639 0.062 0.0 12.0
-2.4990573 10.211861 0.062 0.0 12.0
-2.4990573 10.211861 0.063 0.0 13.0
-3.9893532 11.166417 0.063 0.0 13.0
