0.0 0.0 0.00 43.0 1.0
0.0 2.0941854 0.00 43.0 1.0
0.0 2.0941854 0.01 42.0 2.0
0.0 4.1883707 0.01 42.0 2.0
0.0 4.1883707 0.02 41.0 3.0
0.0 6.282556 0.02 41.0 3.0
0.0 6.282556 0.03 40.0 4.0
0.0 8.376741 0.03 40.0 4.0
0.0 8.376741 0.04 39.0 5.0
0.0 10.470926 0.04 39.0 5.0
0.0 10.470926 0.05 38.0 6.0
0.0 12.565111 0.05 38.0 6.0
0.0 12.565111 0.06 37.0 7.0
0.0 14.659296 0.06 37.0 7.0
0.0 14.659296 0.07 36.0 8.0
0.0 16.75348 0.07 36.0 8.0
0.0 16.75348 0.08 19.0 9.0
1.0555425 18.562193 0.08 19.0 9.0
1.0555425 18.562193 0.09 18.0 10.0
2.111085 20.370905 0.09 18.0 10.0
2.111085 20.370905 0.010 17.0 11.0
3.1666274 22.179617 0.010 17.0 11.0
3.1666274 22.179617 0.011 16.0 12.0
4.22217 23.988329 0.011 16.0 12.0
4.22217 23.988329 0.012 7.0 13.0
6.045479 25.018454 0.012 7.0 13.0
6.045479 25.018454 0.013 6.0 14.0
7.868788 26.048578 0.013 6.0 14.0
7.868788 26.048578 0.014 1.0 15.0
9.962769 26.019268 0.014 1.0 15.0
9.962769 26.019268 0.015 0.0 16.0
12.056749 25.989958 0.015 0.0 16.0
12.056749 25.989958 0.016 0.0 17.0
13.850512 24.909204 0.016 0.0 17.0
7.868788 26.048578 0.017 1.0 15.0
9.66255 24.967825 0.017 1.0 15.0
9.66255 24.967825 0.018 0.0 16.0
11.456312 23.887072 0.018 0.0 16.0
11.456312 23.887072 0.019 0.0 17.0
12.460817 22.049524 0.019 0.0 17.0
7.868788 26.048578 0.020 5.0 15.0
9.692097 27.078703 0.020 5.0 15.0
9.692097 27.078703 0.021 4.0 16.0
11.515406 28.108828 0.021 4.0 16.0
11.515406 28.108828 0.022 3.0 17.0
13.609386 28.079517 0.022 3.0 17.0
13.609386 28.079517 0.023 2.0 18.0
15.703367 28.050207 0.023 2.0 18.0
15.703367 28.050207 0.024 1.0 19.0
17.797348 28.020897 0.024 1.0 19.0
17.797348 28.020897 0.025 0.0 20.0
19.891329 27.991587 0.025 0.0 20.0
19.891329 27.991587 0.026 0.0 21.0
21.685091 26.910833 0.026 0.0 21.0
11.515406 28.108828 0.027 1.0 17.0
13.609386 28.079517 0.027 1.0 17.0
13.609386 28.079517 0.028 0.0 18.0
15.703367 28.050207 0.028 0.0 18.0
15.703367 28.050207 0.029 0.0 19.0
17.49713 26.969454 0.029 0.0 19.0
4.22217 23.988329 0.030 7.0 13.0
5.2777123 25.79704 0.030 7.0 13.0
5.2777123 25.79704 0.031 6.0 14.0
6.333255 27.605753 0.031 6.0 14.0
6.333255 27.605753 0.032 1.0 15.0
8.156564 28.635878 0.032 1.0 15.0
8.156564 28.635878 0.033 0.0 16.0
9.979873 29.666002 0.033 0.0 16.0
9.979873 29.666002 0.034 0.0 17.0
12.073853 29.636692 0.034 0.0 17.0
6.333255 27.605753 0.035 1.0 15.0
8.427235 27.576443 0.035 1.0 15.0
8.427235 27.576443 0.036 0.0 16.0
10.521215 27.547132 0.036 0.0 16.0
10.521215 27.547132 0.037 0.0 17.0
12.314978 26.46638 0.037 0.0 17.0
6.333255 27.605753 0.038 5.0 15.0
7.3887973 29.414465 0.038 5.0 15.0
7.3887973 29.414465 0.039 4.0 16.0
8.44434 31.223177 0.039 4.0 16.0
8.44434 31.223177 0.040 3.0 17.0
10.267649 32.253304 0.040 3.0 17.0
10.267649 32.253304 0.041 2.0 18.0
12.090958 33.28343 0.041 2.0 18.0
12.090958 33.28343 0.042 1.0 19.0
13.914267 34.313553 0.042 1.0 19.0
13.914267 34.313553 0.043 0.0 20.0
15.737576 35.343678 0.043 0.0 20.0
15.737576 35.343678 0.044 0.0 21.0
17.831556 35.31437 0.044 0.0 21.0
8.44434 31.223177 0.045 1.0 17.0
10.267649 32.253304 0.045 1.0 17.0
10.267649 32.253304 0.046 0.0 18.0
12.090958 33.28343 0.046 0.0 18.0
12.090958 33.28343 0.047 0.0 19.0
14.184938 33.25412 0.047 0.0 19.0
4.22217 23.988329 0.048 15.0 13.0
5.2777123 25.79704 0.048 15.0 13.0
5.2777123 25.79704 0.049 14.0 14.0
6.333255 27.605753 0.049 14.0 14.0
6.333255 27.605753 0.050 13.0 15.0
7.3887973 29.414465 0.050 13.0 15.0
7.3887973 29.414465 0.051 12.0 16.0
8.44434 31.223177 0.051 12.0 16.0
8.44434 31.223177 0.052 11.0 17.0
8.44434 33.317364 0.052 11.0 17.0
8.44434 33.317364 0.053 10.0 18.0
8.44434 35.41155 0.053 10.0 18.0
8.44434 35.41155 0.054 9.0 19.0
8.44434 37.505733 0.054 9.0 19.0
8.44434 37.505733 0.055 8.0 20.0
8.44434 39.59992 0.055 8.0 20.0
8.44434 39.59992 0.056 7.0 21.0
8.44434 41.694103 0.056 7.0 21.0
8.44434 41.694103 0.057 6.0 22.0
8.44434 43.78829 0.057 6.0 22.0
8.44434 43.78829 0.058 1.0 23.0
9.499882 45.597 0.058 1.0 23.0
9.499882 45.597 0.059 0.0 24.0
10.555424 47.405712 0.059 0.0 24.0
10.555424 47.405712 0.060 0.0 25.0
12.378733 48.435837 0.060 0.0 25.0
8.44434 43.78829 0.061 1.0 23.0
10.267649 44.818413 0.061 1.0 23.0
10.267649 44.818413 0.062 0.0 24.0
12.090958 45.848537 0.062 0.0 24.0
12.090958 45.848537 0.063 0.0 25.0
14.184938 45.81923 0.063 0.0 25.0
8.44434 43.78829 0.064 5.0 23.0
8.44434 45.882473 0.064 5.0 23.0
8.44434 45.882473 0.065 4.0 24.0
8.44434 47.976658 0.065 4.0 24.0
8.44434 47.976658 0.066 3.0 25.0
9.499882 49.78537 0.066 3.0 25.0
9.499882 49.78537 0.067 2.0 26.0
10.555424 51.59408 0.067 2.0 26.0
10.555424 51.59408 0.068 1.0 27.0
11.610966 53.402794 0.068 1.0 27.0
11.610966 53.402794 0.069 0.0 28.0
12.666508 55.211506 0.069 0.0 28.0
12.666508 55.211506 0.070 0.0 29.0
14.489817 56.24163 0.070 0.0 29.0
8.44434 47.976658 0.071 1.0 25.0
9.499882 49.78537 0.071 1.0 25.0
9.499882 49.78537 0.072 0.0 26.0
10.555424 51.59408 0.072 0.0 26.0
10.555424 51.59408 0.073 0.0 27.0
12.378733 52.624207 0.073 0.0 27.0
8.44434 31.223177 0.074 7.0 17.0
10.267649 32.253304 0.074 7.0 17.0
10.267649 32.253304 0.075 6.0 18.0
12.090958 33.28343 0.075 6.0 18.0
12.090958 33.28343 0.076 1.0 19.0
14.184938 33.25412 0.076 1.0 19.0
14.184938 33.25412 0.077 0.0 20.0
16.27892 33.22481 0.077 0.0 20.0
16.27892 33.22481 0.078 0.0 21.0
18.072681 32.14406 0.078 0.0 21.0
12.090958 33.28343 0.079 1.0 19.0
13.88472 32.202675 0.079 1.0 19.0
13.88472 32.202675 0.080 0.0 20.0
15.678482 31.121922 0.080 0.0 20.0
15.678482 31.121922 0.081 0.0 21.0
16.682987 29.284374 0.081 0.0 21.0
12.090958 33.28343 0.082 5.0 19.0
13.914267 34.313553 0.082 5.0 19.0
13.914267 34.313553 0.083 4.0 20.0
15.737576 35.343678 0.083 4.0 20.0
15.737576 35.343678 0.084 3.0 21.0
17.831556 35.31437 0.084 3.0 21.0
17.831556 35.31437 0.085 2.0 22.0
19.925537 35.28506 0.085 2.0 22.0
19.925537 35.28506 0.086 1.0 23.0
22.019518 35.255753 0.086 1.0 23.0
22.019518 35.255753 0.087 0.0 24.0
24.113499 35.226444 0.087 0.0 24.0
24.113499 35.226444 0.088 0.0 25.0
25.90726 34.14569 0.088 0.0 25.0
15.737576 35.343678 0.089 1.0 21.0
17.831556 35.31437 0.089 1.0 21.0
17.831556 35.31437 0.090 0.0 22.0
19.925537 35.28506 0.090 0.0 22.0
19.925537 35.28506 0.091 0.0 23.0
21.7193 34.204308 0.091 0.0 23.0
0.0 16.75348 0.092 19.0 9.0
0.0 18.847666 0.092 19.0 9.0
0.0 18.847666 0.093 18.0 10.0
0.0 20.94185 0.093 18.0 10.0
0.0 20.94185 0.094 17.0 11.0
0.0 23.036036 0.094 17.0 11.0
0.0 23.036036 0.095 16.0 12.0
0.0 25.13022 0.095 16.0 12.0
0.0 25.13022 0.096 7.0 13.0
1.0555425 26.938932 0.096 7.0 13.0
1.0555425 26.938932 0.097 6.0 14.0
2.111085 28.747644 0.097 6.0 14.0
2.111085 28.747644 0.098 1.0 15.0
3.934394 29.77777 0.098 1.0 15.0
3.934394 29.77777 0.099 0.0 16.0
5.757703 30.807894 0.099 0.0 16.0
5.757703 30.807894 0.0100 0.0 17.0
7.851683 30.778584 0.0100 0.0 17.0
2.111085 28.747644 0.0101 1.0 15.0
4.2050653 28.718334 0.0101 1.0 15.0
4.2050653 28.718334 0.0102 0.0 16.0
6.2990456 28.689024 0.0102 0.0 16.0
6.2990456 28.689024 0.0103 0.0 17.0
8.092808 27.60827 0.0103 0.0 17.0
2.111085 28.747644 0.0104 5.0 15.0
3.1666274 30.556356 0.0104 5.0 15.0
3.1666274 30.556356 0.0105 4.0 16.0
4.22217 32.36507 0.0105 4.0 16.0
4.22217 32.36507 0.0106 3.0 17.0
6.045479 33.395195 0.0106 3.0 17.0
6.045479 33.395195 0.0107 2.0 18.0
7.868788 34.42532 0.0107 2.0 18.0
7.868788 34.42532 0.0108 1.0 19.0
9.692097 35.455444 0.0108 1.0 19.0
9.692097 35.455444 0.0109 0.0 20.0
11.515406 36.48557 0.0109 0.0 20.0
11.515406 36.48557 0.0110 0.0 21.0
13.609386 36.45626 0.0110 0.0 21.0
4.22217 32.36507 0.0111 1.0 17.0
6.045479 33.395195 0.0111 1.0 17.0
6.045479 33.395195 0.0112 0.0 18.0
7.868788 34.42532 0.0112 0.0 18.0
7.868788 34.42532 0.0113 0.0 19.0
9.962769 34.39601 0.0113 0.0 19.0
0.0 25.13022 0.0114 7.0 13.0
0.0 27.224405 0.0114 7.0 13.0
0.0 27.224405 0.0115 6.0 14.0
0.0 29.31859 0.0115 6.0 14.0
0.0 29.31859 0.0116 1.0 15.0
1.0555425 31.127302 0.0116 1.0 15.0
1.0555425 31.127302 0.0117 0.0 16.0
2.111085 32.936016 0.0117 0.0 16.0
2.111085 32.936016 0.0118 0.0 17.0
3.934394 33.96614 0.0118 0.0 17.0
0.0 29.31859 0.0119 1.0 15.0
1.8233088 30.348715 0.0119 1.0 15.0
1.8233088 30.348715 0.0120 0.0 16.0
3.6466177 31.37884 0.0120 0.0 16.0
3.6466177 31.37884 0.0121 0.0 17.0
5.7405977 31.34953 0.0121 0.0 17.0
0.0 29.31859 0.0122 5.0 15.0
0.0 31.412775 0.0122 5.0 15.0
0.0 31.412775 0.0123 4.0 16.0
0.0 33.50696 0.0123 4.0 16.0
0.0 33.50696 0.0124 3.0 17.0
1.0555425 35.315674 0.0124 3.0 17.0
1.0555425 35.315674 0.0125 2.0 18.0
2.111085 37.124386 0.0125 2.0 18.0
2.111085 37.124386 0.0126 1.0 19.0
3.1666274 38.933098 0.0126 1.0 19.0
3.1666274 38.933098 0.0127 0.0 20.0
4.22217 40.74181 0.0127 0.0 20.0
4.22217 40.74181 0.0128 0.0 21.0
6.045479 41.771935 0.0128 0.0 21.0
0.0 33.50696 0.0129 1.0 17.0
1.0555425 35.315674 0.0129 1.0 17.0
1.0555425 35.315674 0.0130 0.0 18.0
2.111085 37.124386 0.0130 0.0 18.0
2.111085 37.124386 0.0131 0.0 19.0
3.934394 38.15451 0.0131 0.0 19.0
0.0 25.13022 0.0132 15.0 13.0
0.0 27.224405 0.0132 15.0 13.0
0.0 27.224405 0.0133 14.0 14.0
0.0 29.31859 0.0133 14.0 14.0
0.0 29.31859 0.0134 13.0 15.0
0.0 31.412775 0.0134 13.0 15.0
0.0 31.412775 0.0135 12.0 16.0
0.0 33.50696 0.0135 12.0 16.0
0.0 33.50696 0.0136 11.0 17.0
-1.0555425 35.315674 0.0136 11.0 17.0
-1.0555425 35.315674 0.0137 10.0 18.0
-2.111085 37.124386 0.0137 10.0 18.0
-2.111085 37.124386 0.0138 9.0 19.0
-3.1666274 38.933098 0.0138 9.0 19.0
-3.1666274 38.933098 0.0139 8.0 20.0
-4.22217 40.74181 0.0139 8.0 20.0
-4.22217 40.74181 0.0140 7.0 21.0
-5.2777123 42.55052 0.0140 7.0 21.0
-5.2777123 42.55052 0.0141 6.0 22.0
-6.333255 44.359234 0.0141 6.0 22.0
-6.333255 44.359234 0.0142 1.0 23.0
-6.333255 46.45342 0.0142 1.0 23.0
-6.333255 46.45342 0.0143 0.0 24.0
-6.333255 48.547604 0.0143 0.0 24.0
-6.333255 48.547604 0.0144 0.0 25.0
-5.2777123 50.356316 0.0144 0.0 25.0
-6.333255 44.359234 0.0145 1.0 23.0
-5.2777123 46.167946 0.0145 1.0 23.0
-5.2777123 46.167946 0.0146 0.0 24.0
-4.22217 47.976658 0.0146 0.0 24.0
-4.22217 47.976658 0.0147 0.0 25.0
-2.398861 49.006783 0.0147 0.0 25.0
-6.333255 44.359234 0.0148 5.0 23.0
-7.3887973 46.167946 0.0148 5.0 23.0
-7.3887973 46.167946 0.0149 4.0 24.0
-8.44434 47.976658 0.0149 4.0 24.0
-8.44434 47.976658 0.0150 3.0 25.0
-8.44434 50.070843 0.0150 3.0 25.0
-8.44434 50.070843 0.0151 2.0 26.0
-8.44434 52.165028 0.0151 2.0 26.0
-8.44434 52.165028 0.0152 1.0 27.0
-8.44434 54.259212 0.0152 1.0 27.0
-8.44434 54.259212 0.0153 0.0 28.0
-8.44434 56.353397 0.0153 0.0 28.0
-8.44434 56.353397 0.0154 0.0 29.0
-7.3887973 58.16211 0.0154 0.0 29.0
-8.44434 47.976658 0.0155 1.0 25.0
-8.44434 50.070843 0.0155 1.0 25.0
-8.44434 50.070843 0.0156 0.0 26.0
-8.44434 52.165028 0.0156 0.0 26.0
-8.44434 52.165028 0.0157 0.0 27.0
-7.3887973 53.97374 0.0157 0.0 27.0
0.0 33.50696 0.0158 7.0 17.0
1.0555425 35.315674 0.0158 7.0 17.0
1.0555425 35.315674 0.0159 6.0 18.0
2.111085 37.124386 0.0159 6.0 18.0
2.111085 37.124386 0.0160 1.0 19.0
3.934394 38.15451 0.0160 1.0 19.0
3.934394 38.15451 0.0161 0.0 20.0
5.757703 39.184635 0.0161 0.0 20.0
5.757703 39.184635 0.0162 0.0 21.0
7.851683 39.155327 0.0162 0.0 21.0
2.111085 37.124386 0.0163 1.0 19.0
4.2050653 37.095078 0.0163 1.0 19.0
4.2050653 37.095078 0.0164 0.0 20.0
6.2990456 37.06577 0.0164 0.0 20.0
6.2990456 37.06577 0.0165 0.0 21.0
8.092808 35.985016 0.0165 0.0 21.0
2.111085 37.124386 0.0166 5.0 19.0
3.1666274 38.933098 0.0166 5.0 19.0
3.1666274 38.933098 0.0167 4.0 20.0
4.22217 40.74181 0.0167 4.0 20.0
4.22217 40.74181 0.0168 3.0 21.0
6.045479 41.771935 0.0168 3.0 21.0
6.045479 41.771935 0.0169 2.0 22.0
7.868788 42.80206 0.0169 2.0 22.0
7.868788 42.80206 0.0170 1.0 23.0
9.692097 43.832184 0.0170 1.0 23.0
9.692097 43.832184 0.0171 0.0 24.0
11.515406 44.86231 0.0171 0.0 24.0
11.515406 44.86231 0.0172 0.0 25.0
13.609386 44.833 0.0172 0.0 25.0
4.22217 40.74181 0.0173 1.0 21.0
6.045479 41.771935 0.0173 1.0 21.0
6.045479 41.771935 0.0174 0.0 22.0
7.868788 42.80206 0.0174 0.0 22.0
7.868788 42.80206 0.0175 0.0 23.0
9.962769 42.77275 0.0175 0.0 23.0
0.0 16.75348 0.0176 35.0 9.0
0.0 18.847666 0.0176 35.0 9.0
0.0 18.847666 0.0177 34.0 10.0
0.0 20.94185 0.0177 34.0 10.0
0.0 20.94185 0.0178 33.0 11.0
0.0 23.036036 0.0178 33.0 11.0
0.0 23.036036 0.0179 32.0 12.0
0.0 25.13022 0.0179 32.0 12.0
0.0 25.13022 0.0180 31.0 13.0
0.0 27.224405 0.0180 31.0 13.0
0.0 27.224405 0.0181 30.0 14.0
0.0 29.31859 0.0181 30.0 14.0
0.0 29.31859 0.0182 29.0 15.0
0.0 31.412775 0.0182 29.0 15.0
0.0 31.412775 0.0183 28.0 16.0
0.0 33.50696 0.0183 28.0 16.0
0.0 33.50696 0.0184 27.0 17.0
-1.0555425 35.315674 0.0184 27.0 17.0
-1.0555425 35.315674 0.0185 26.0 18.0
-2.111085 37.124386 0.0185 26.0 18.0
-2.111085 37.124386 0.0186 25.0 19.0
-3.1666274 38.933098 0.0186 25.0 19.0
-3.1666274 38.933098 0.0187 24.0 20.0
-4.22217 40.74181 0.0187 24.0 20.0
-4.22217 40.74181 0.0188 23.0 21.0
-5.2777123 42.55052 0.0188 23.0 21.0
-5.2777123 42.55052 0.0189 22.0 22.0
-6.333255 44.359234 0.0189 22.0 22.0
-6.333255 44.359234 0.0190 21.0 23.0
-7.3887973 46.167946 0.0190 21.0 23.0
-7.3887973 46.167946 0.0191 20.0 24.0
-8.44434 47.976658 0.0191 20.0 24.0
-8.44434 47.976658 0.0192 19.0 25.0
-9.499882 49.78537 0.0192 19.0 25.0
-9.499882 49.78537 0.0193 18.0 26.0
-10.555424 51.59408 0.0193 18.0 26.0
-10.555424 51.59408 0.0194 17.0 27.0
-11.610966 53.402794 0.0194 17.0 27.0
-11.610966 53.402794 0.0195 16.0 28.0
-12.666508 55.211506 0.0195 16.0 28.0
-12.666508 55.211506 0.0196 7.0 29.0
-12.666508 57.30569 0.0196 7.0 29.0
-12.666508 57.30569 0.0197 6.0 30.0
-12.666508 59.399876 0.0197 6.0 30.0
-12.666508 59.399876 0.0198 1.0 31.0
-11.610966 61.208588 0.0198 1.0 31.0
-11.610966 61.208588 0.0199 0.0 32.0
-10.555424 63.0173 0.0199 0.0 32.0
-10.555424 63.0173 0.0200 0.0 33.0
-8.732115 64.047424 0.0200 0.0 33.0
-12.666508 59.399876 0.0201 1.0 31.0
-10.843199 60.43 0.0201 1.0 31.0
-10.843199 60.43 0.0202 0.0 32.0
-9.01989 61.460125 0.0202 0.0 32.0
-9.01989 61.460125 0.0203 0.0 33.0
-6.9259095 61.430817 0.0203 0.0 33.0
-12.666508 59.399876 0.0204 5.0 31.0
-12.666508 61.49406 0.0204 5.0 31.0
-12.666508 61.49406 0.0205 4.0 32.0
-12.666508 63.588245 0.0205 4.0 32.0
-12.666508 63.588245 0.0206 3.0 33.0
-11.610966 65.39696 0.0206 3.0 33.0
-11.610966 65.39696 0.0207 2.0 34.0
-10.555424 67.20567 0.0207 2.0 34.0
-10.555424 67.20567 0.0208 1.0 35.0
-9.499882 69.01439 0.0208 1.0 35.0
-9.499882 69.01439 0.0209 0.0 36.0
-8.44434 70.823105 0.0209 0.0 36.0
-8.44434 70.823105 0.0210 0.0 37.0
-6.621031 71.85323 0.0210 0.0 37.0
-12.666508 63.588245 0.0211 1.0 33.0
-11.610966 65.39696 0.0211 1.0 33.0
-11.610966 65.39696 0.0212 0.0 34.0
-10.555424 67.20567 0.0212 0.0 34.0
-10.555424 67.20567 0.0213 0.0 35.0
-8.732115 68.2358 0.0213 0.0 35.0
-12.666508 55.211506 0.0214 7.0 29.0
-13.72205 57.020218 0.0214 7.0 29.0
-13.72205 57.020218 0.0215 6.0 30.0
-14.777592 58.82893 0.0215 6.0 30.0
-14.777592 58.82893 0.0216 1.0 31.0
-14.777592 60.923115 0.0216 1.0 31.0
-14.777592 60.923115 0.0217 0.0 32.0
-14.777592 63.0173 0.0217 0.0 32.0
-14.777592 63.0173 0.0218 0.0 33.0
-13.72205 64.82601 0.0218 0.0 33.0
-14.777592 58.82893 0.0219 1.0 31.0
-13.72205 60.63764 0.0219 1.0 31.0
-13.72205 60.63764 0.0220 0.0 32.0
-12.666508 62.446354 0.0220 0.0 32.0
-12.666508 62.446354 0.0221 0.0 33.0
-10.843199 63.47648 0.0221 0.0 33.0
-14.777592 58.82893 0.0222 5.0 31.0
-15.833134 60.63764 0.0222 5.0 31.0
-15.833134 60.63764 0.0223 4.0 32.0
-16.888676 62.446354 0.0223 4.0 32.0
-16.888676 62.446354 0.0224 3.0 33.0
-16.888676 64.54054 0.0224 3.0 33.0
-16.888676 64.54054 0.0225 2.0 34.0
-16.888676 66.63473 0.0225 2.0 34.0
-16.888676 66.63473 0.0226 1.0 35.0
-16.888676 68.72891 0.0226 1.0 35.0
-16.888676 68.72891 0.0227 0.0 36.0
-16.888676 70.8231 0.0227 0.0 36.0
-16.888676 70.8231 0.0228 0.0 37.0
-15.833134 72.63181 0.0228 0.0 37.0
-16.888676 62.446354 0.0229 1.0 33.0
-16.888676 64.54054 0.0229 1.0 33.0
-16.888676 64.54054 0.0230 0.0 34.0
-16.888676 66.63473 0.0230 0.0 34.0
-16.888676 66.63473 0.0231 0.0 35.0
-15.833134 68.44344 0.0231 0.0 35.0
-12.666508 55.211506 0.0232 15.0 29.0
-13.72205 57.020218 0.0232 15.0 29.0
-13.72205 57.020218 0.0233 14.0 30.0
-14.777592 58.82893 0.0233 14.0 30.0
-14.777592 58.82893 0.0234 13.0 31.0
-15.833134 60.63764 0.0234 13.0 31.0
-15.833134 60.63764 0.0235 12.0 32.0
-16.888676 62.446354 0.0235 12.0 32.0
-16.888676 62.446354 0.0236 11.0 33.0
-18.711985 63.47648 0.0236 11.0 33.0
-18.711985 63.47648 0.0237 10.0 34.0
-20.535294 64.50661 0.0237 10.0 34.0
-20.535294 64.50661 0.0238 9.0 35.0
-22.358603 65.536736 0.0238 9.0 35.0
-22.358603 65.536736 0.0239 8.0 36.0
-24.181911 66.566864 0.0239 8.0 36.0
-24.181911 66.566864 0.0240 7.0 37.0
-26.00522 67.59699 0.0240 7.0 37.0
-26.00522 67.59699 0.0241 6.0 38.0
-27.82853 68.62712 0.0241 6.0 38.0
-27.82853 68.62712 0.0242 1.0 39.0
-28.884071 70.43584 0.0242 1.0 39.0
-28.884071 70.43584 0.0243 0.0 40.0
-29.939613 72.24455 0.0243 0.0 40.0
-29.939613 72.24455 0.0244 0.0 41.0
-29.939613 74.33874 0.0244 0.0 41.0
-27.82853 68.62712 0.0245 1.0 39.0
-27.82853 70.721306 0.0245 1.0 39.0
-27.82853 70.721306 0.0246 0.0 40.0
-27.82853 72.81549 0.0246 0.0 40.0
-27.82853 72.81549 0.0247 0.0 41.0
-26.772987 74.62421 0.0247 0.0 41.0
-27.82853 68.62712 0.0248 5.0 39.0
-29.651838 69.65725 0.0248 5.0 39.0
-29.651838 69.65725 0.0249 4.0 40.0
-31.475147 70.68738 0.0249 4.0 40.0
-31.475147 70.68738 0.0250 3.0 41.0
-32.53069 72.49609 0.0250 3.0 41.0
-32.53069 72.49609 0.0251 2.0 42.0
-33.58623 74.30481 0.0251 2.0 42.0
-33.58623 74.30481 0.0252 1.0 43.0
-34.641773 76.113525 0.0252 1.0 43.0
-34.641773 76.113525 0.0253 0.0 44.0
-35.697315 77.92224 0.0253 0.0 44.0
-35.697315 77.92224 0.0254 0.0 45.0
-35.697315 80.016426 0.0254 0.0 45.0
-31.475147 70.68738 0.0255 1.0 41.0
-32.53069 72.49609 0.0255 1.0 41.0
-32.53069 72.49609 0.0256 0.0 42.0
-33.58623 74.30481 0.0256 0.0 42.0
-33.58623 74.30481 0.0257 0.0 43.0
-33.58623 76.398994 0.0257 0.0 43.0
-16.888676 62.446354 0.0258 7.0 33.0
-16.888676 64.54054 0.0258 7.0 33.0
-16.888676 64.54054 0.0259 6.0 34.0
-16.888676 66.63473 0.0259 6.0 34.0
-16.888676 66.63473 0.0260 1.0 35.0
-15.833134 68.44344 0.0260 1.0 35.0
-15.833134 68.44344 0.0261 0.0 36.0
-14.777592 70.25216 0.0261 0.0 36.0
-14.777592 70.25216 0.0262 0.0 37.0
-12.954283 71.28229 0.0262 0.0 37.0
-16.888676 66.63473 0.0263 1.0 35.0
-15.065367 67.664856 0.0263 1.0 35.0
-15.065367 67.664856 0.0264 0.0 36.0
-13.242058 68.694984 0.0264 0.0 36.0
-13.242058 68.694984 0.0265 0.0 37.0
-11.148077 68.66567 0.0265 0.0 37.0
-16.888676 66.63473 0.0266 5.0 35.0
-16.888676 68.72891 0.0266 5.0 35.0
-16.888676 68.72891 0.0267 4.0 36.0
-16.888676 70.8231 0.0267 4.0 36.0
-16.888676 70.8231 0.0268 3.0 37.0
-15.833134 72.63181 0.0268 3.0 37.0
-15.833134 72.63181 0.0269 2.0 38.0
-14.777592 74.44053 0.0269 2.0 38.0
-14.777592 74.44053 0.0270 1.0 39.0
-13.72205 76.249245 0.0270 1.0 39.0
-13.72205 76.249245 0.0271 0.0 40.0
-12.666508 78.05796 0.0271 0.0 40.0
-12.666508 78.05796 0.0272 0.0 41.0
-10.843199 79.08809 0.0272 0.0 41.0
-16.888676 70.8231 0.0273 1.0 37.0
-15.833134 72.63181 0.0273 1.0 37.0
-15.833134 72.63181 0.0274 0.0 38.0
-14.777592 74.44053 0.0274 0.0 38.0
-14.777592 74.44053 0.0275 0.0 39.0
-12.954283 75.47066 0.0275 0.0 39.0
0.0 33.50696 0.0276 19.0 17.0
1.0555425 35.315674 0.0276 19.0 17.0
1.0555425 35.315674 0.0277 18.0 18.0
2.111085 37.124386 0.0277 18.0 18.0
2.111085 37.124386 0.0278 17.0 19.0
3.1666274 38.933098 0.0278 17.0 19.0
3.1666274 38.933098 0.0279 16.0 20.0
4.22217 40.74181 0.0279 16.0 20.0
4.22217 40.74181 0.0280 7.0 21.0
6.045479 41.771935 0.0280 7.0 21.0
6.045479 41.771935 0.0281 6.0 22.0
7.868788 42.80206 0.0281 6.0 22.0
7.868788 42.80206 0.0282 1.0 23.0
9.962769 42.77275 0.0282 1.0 23.0
9.962769 42.77275 0.0283 0.0 24.0
12.056749 42.743443 0.0283 0.0 24.0
12.056749 42.743443 0.0284 0.0 25.0
13.850512 41.66269 0.0284 0.0 25.0
7.868788 42.80206 0.0285 1.0 23.0
9.66255 41.721306 0.0285 1.0 23.0
9.66255 41.721306 0.0286 0.0 24.0
11.456312 40.640553 0.0286 0.0 24.0
11.456312 40.640553 0.0287 0.0 25.0
12.460817 38.803005 0.0287 0.0 25.0
7.868788 42.80206 0.0288 5.0 23.0
9.692097 43.832184 0.0288 5.0 23.0
9.692097 43.832184 0.0289 4.0 24.0
11.515406 44.86231 0.0289 4.0 24.0
11.515406 44.86231 0.0290 3.0 25.0
13.609386 44.833 0.0290 3.0 25.0
13.609386 44.833 0.0291 2.0 26.0
15.703367 44.80369 0.0291 2.0 26.0
15.703367 44.80369 0.0292 1.0 27.0
17.797348 44.774384 0.0292 1.0 27.0
17.797348 44.774384 0.0293 0.0 28.0
19.891329 44.745075 0.0293 0.0 28.0
19.891329 44.745075 0.0294 0.0 29.0
21.685091 43.66432 0.0294 0.0 29.0
11.515406 44.86231 0.0295 1.0 25.0
13.609386 44.833 0.0295 1.0 25.0
13.609386 44.833 0.0296 0.0 26.0
15.703367 44.80369 0.0296 0.0 26.0
15.703367 44.80369 0.0297 0.0 27.0
17.49713 43.72294 0.0297 0.0 27.0
4.22217 40.74181 0.0298 7.0 21.0
5.2777123 42.55052 0.0298 7.0 21.0
5.2777123 42.55052 0.0299 6.0 22.0
6.333255 44.359234 0.0299 6.0 22.0
6.333255 44.359234 0.0300 1.0 23.0
8.156564 45.38936 0.0300 1.0 23.0
8.156564 45.38936 0.0301 0.0 24.0
9.979873 46.419483 0.0301 0.0 24.0
9.979873 46.419483 0.0302 0.0 25.0
12.073853 46.390175 0.0302 0.0 25.0
6.333255 44.359234 0.0303 1.0 23.0
8.427235 44.329926 0.0303 1.0 23.0
8.427235 44.329926 0.0304 0.0 24.0
10.521215 44.300617 0.0304 0.0 24.0
10.521215 44.300617 0.0305 0.0 25.0
12.314978 43.219864 0.0305 0.0 25.0
6.333255 44.359234 0.0306 5.0 23.0
7.3887973 46.167946 0.0306 5.0 23.0
7.3887973 46.167946 0.0307 4.0 24.0
8.44434 47.976658 0.0307 4.0 24.0
8.44434 47.976658 0.0308 3.0 25.0
10.267649 49.006783 0.0308 3.0 25.0
10.267649 49.006783 0.0309 2.0 26.0
12.090958 50.036907 0.0309 2.0 26.0
12.090958 50.036907 0.0310 1.0 27.0
13.914267 51.06703 0.0310 1.0 27.0
13.914267 51.06703 0.0311 0.0 28.0
15.737576 52.097157 0.0311 0.0 28.0
15.737576 52.097157 0.0312 0.0 29.0
17.831556 52.06785 0.0312 0.0 29.0
8.44434 47.976658 0.0313 1.0 25.0
10.267649 49.006783 0.0313 1.0 25.0
10.267649 49.006783 0.0314 0.0 26.0
12.090958 50.036907 0.0314 0.0 26.0
12.090958 50.036907 0.0315 0.0 27.0
14.184938 50.0076 0.0315 0.0 27.0
4.22217 40.74181 0.0316 15.0 21.0
5.2777123 42.55052 0.0316 15.0 21.0
5.2777123 42.55052 0.0317 14.0 22.0
6.333255 44.359234 0.0317 14.0 22.0
6.333255 44.359234 0.0318 13.0 23.0
7.3887973 46.167946 0.0318 13.0 23.0
7.3887973 46.167946 0.0319 12.0 24.0
8.44434 47.976658 0.0319 12.0 24.0
8.44434 47.976658 0.0320 11.0 25.0
8.44434 50.070843 0.0320 11.0 25.0
8.44434 50.070843 0.0321 10.0 26.0
8.44434 52.165028 0.0321 10.0 26.0
8.44434 52.165028 0.0322 9.0 27.0
8.44434 54.259212 0.0322 9.0 27.0
8.44434 54.259212 0.0323 8.0 28.0
8.44434 56.353397 0.0323 8.0 28.0
8.44434 56.353397 0.0324 7.0 29.0
8.44434 58.447582 0.0324 7.0 29.0
8.44434 58.447582 0.0325 6.0 30.0
8.44434 60.541767 0.0325 6.0 30.0
8.44434 60.541767 0.0326 1.0 31.0
9.499882 62.35048 0.0326 1.0 31.0
9.499882 62.35048 0.0327 0.0 32.0
10.555424 64.159195 0.0327 0.0 32.0
10.555424 64.159195 0.0328 0.0 33.0
12.378733 65.18932 0.0328 0.0 33.0
8.44434 60.541767 0.0329 1.0 31.0
10.267649 61.57189 0.0329 1.0 31.0
10.267649 61.57189 0.0330 0.0 32.0
12.090958 62.602016 0.0330 0.0 32.0
12.090958 62.602016 0.0331 0.0 33.0
14.184938 62.57271 0.0331 0.0 33.0
8.44434 60.541767 0.0332 5.0 31.0
8.44434 62.635952 0.0332 5.0 31.0
8.44434 62.635952 0.0333 4.0 32.0
8.44434 64.73014 0.0333 4.0 32.0
8.44434 64.73014 0.0334 3.0 33.0
9.499882 66.53886 0.0334 3.0 33.0
9.499882 66.53886 0.0335 2.0 34.0
10.555424 68.34757 0.0335 2.0 34.0
10.555424 68.34757 0.0336 1.0 35.0
11.610966 70.15629 0.0336 1.0 35.0
11.610966 70.15629 0.0337 0.0 36.0
12.666508 71.965004 0.0337 0.0 36.0
12.666508 71.965004 0.0338 0.0 37.0
14.489817 72.99513 0.0338 0.0 37.0
8.44434 64.73014 0.0339 1.0 33.0
9.499882 66.53886 0.0339 1.0 33.0
9.499882 66.53886 0.0340 0.0 34.0
10.555424 68.34757 0.0340 0.0 34.0
10.555424 68.34757 0.0341 0.0 35.0
12.378733 69.3777 0.0341 0.0 35.0
8.44434 47.976658 0.0342 7.0 25.0
10.267649 49.006783 0.0342 7.0 25.0
10.267649 49.006783 0.0343 6.0 26.0
12.090958 50.036907 0.0343 6.0 26.0
12.090958 50.036907 0.0344 1.0 27.0
14.184938 50.0076 0.0344 1.0 27.0
14.184938 50.0076 0.0345 0.0 28.0
16.27892 49.97829 0.0345 0.0 28.0
16.27892 49.97829 0.0346 0.0 29.0
18.072681 48.897537 0.0346 0.0 29.0
12.090958 50.036907 0.0347 1.0 27.0
13.88472 48.956154 0.0347 1.0 27.0
13.88472 48.956154 0.0348 0.0 28.0
15.678482 47.8754 0.0348 0.0 28.0
15.678482 47.8754 0.0349 0.0 29.0
16.682987 46.037853 0.0349 0.0 29.0
12.090958 50.036907 0.0350 5.0 27.0
13.914267 51.06703 0.0350 5.0 27.0
13.914267 51.06703 0.0351 4.0 28.0
15.737576 52.097157 0.0351 4.0 28.0
15.737576 52.097157 0.0352 3.0 29.0
17.831556 52.06785 0.0352 3.0 29.0
17.831556 52.06785 0.0353 2.0 30.0
19.925537 52.03854 0.0353 2.0 30.0
19.925537 52.03854 0.0354 1.0 31.0
22.019518 52.00923 0.0354 1.0 31.0
22.019518 52.00923 0.0355 0.0 32.0
24.113499 51.979923 0.0355 0.0 32.0
24.113499 51.979923 0.0356 0.0 33.0
25.90726 50.89917 0.0356 0.0 33.0
15.737576 52.097157 0.0357 1.0 29.0
17.831556 52.06785 0.0357 1.0 29.0
17.831556 52.06785 0.0358 0.0 30.0
19.925537 52.03854 0.0358 0.0 30.0
19.925537 52.03854 0.0359 0.0 31.0
21.7193 50.957787 0.0359 0.0 31.0
