0.0 0.0 0.00 29.0 1.0
0.0 4.0970507 0.00 29.0 1.0
0.0 4.0970507 0.01 0.0 2.0
-1.309463 7.979206 0.01 0.0 2.0
0.0 4.0970507 0.02 28.0 2.0
0.0 8.194101 0.02 28.0 2.0
0.0 8.194101 0.03 0.0 3.0
1.309463 12.076257 0.03 0.0 3.0
0.0 8.194101 0.04 0.0 3.0
0.0 12.291152 0.04 0.0 3.0
0.0 8.194101 0.05 1.0 3.0
-1.309463 12.076257 0.05 1.0 3.0
-1.309463 12.076257 0.06 0.0 4.0
-3.7910233 15.336269 0.06 0.0 4.0
-1.309463 12.076257 0.07 0.0 4.0
-2.618926 15.958412 0.07 0.0 4.0
-2.618926 15.958412 0.08 0.0 5.0
-2.618926 20.055462 0.08 0.0 5.0
-2.618926 15.958412 0.09 0.0 5.0
-3.928389 19.840569 0.09 0.0 5.0
0.0 8.194101 0.010 27.0 3.0
0.0 12.291152 0.010 27.0 3.0
0.0 12.291152 0.011 0.0 4.0
-1.309463 16.173307 0.011 0.0 4.0
0.0 12.291152 0.012 26.0 4.0
0.0 16.388203 0.012 26.0 4.0
0.0 16.388203 0.013 0.0 5.0
1.309463 20.270359 0.013 0.0 5.0
0.0 16.388203 0.014 0.0 5.0
0.0 20.485252 0.014 0.0 5.0
0.0 16.388203 0.015 1.0 5.0
1.309463 20.270359 0.015 1.0 5.0
1.309463 20.270359 0.016 0.0 6.0
1.309463 24.367409 0.016 0.0 6.0
1.309463 20.270359 0.017 0.0 6.0
2.618926 24.152515 0.017 0.0 6.0
2.618926 24.152515 0.018 0.0 7.0
5.1004863 27.412529 0.018 0.0 7.0
2.618926 24.152515 0.019 0.0 7.0
3.928389 28.034672 0.019 0.0 7.0
0.0 16.388203 0.020 1.0 5.0
0.0 20.485252 0.020 1.0 5.0
0.0 20.485252 0.021 0.0 6.0
-1.309463 24.367409 0.021 0.0 6.0
0.0 20.485252 0.022 0.0 6.0
0.0 24.582302 0.022 0.0 6.0
0.0 24.582302 0.023 0.0 7.0
1.309463 28.464458 0.023 0.0 7.0
0.0 24.582302 0.024 0.0 7.0
0.0 28.679352 0.024 0.0 7.0
0.0 16.388203 0.025 5.0 5.0
1.309463 20.270359 0.025 5.0 5.0
1.309463 20.270359 0.026 0.0 6.0
1.309463 24.367409 0.026 0.0 6.0
1.309463 20.270359 0.027 4.0 6.0
2.618926 24.152515 0.027 4.0 6.0
2.618926 24.152515 0.028 0.0 7.0
5.1004863 27.412529 0.028 0.0 7.0
2.618926 24.152515 0.029 0.0 7.0
3.928389 28.034672 0.029 0.0 7.0
2.618926 24.152515 0.030 1.0 7.0
2.618926 28.249565 0.030 1.0 7.0
2.618926 28.249565 0.031 0.0 8.0
1.309463 32.13172 0.031 0.0 8.0
2.618926 28.249565 0.032 0.0 8.0
2.618926 32.346615 0.032 0.0 8.0
2.618926 32.346615 0.033 0.0 9.0
3.928389 36.22877 0.033 0.0 9.0
2.618926 32.346615 0.034 0.0 9.0
2.618926 36.443665 0.034 0.0 9.0
2.618926 24.152515 0.035 3.0 7.0
3.928389 28.034672 0.035 3.0 7.0
3.928389 28.034672 0.036 0.0 8.0
3.928389 32.13172 0.036 0.0 8.0
3.928389 28.034672 0.037 2.0 8.0
5.237852 31.916828 0.037 2.0 8.0
5.237852 31.916828 0.038 0.0 9.0
7.7194123 35.17684 0.038 0.0 9.0
5.237852 31.916828 0.039 0.0 9.0
6.547315 35.798985 0.039 0.0 9.0
5.237852 31.916828 0.040 1.0 9.0
7.7194123 35.17684 0.040 1.0 9.0
7.7194123 35.17684 0.041 0.0 10.0
9.028875 39.059 0.041 0.0 10.0
7.7194123 35.17684 0.042 0.0 10.0
10.200973 38.436855 0.042 0.0 10.0
10.200973 38.436855 0.043 0.0 11.0
13.594308 40.732742 0.043 0.0 11.0
10.200973 38.436855 0.044 0.0 11.0
12.682533 41.69687 0.044 0.0 11.0
5.237852 31.916828 0.045 1.0 9.0
6.547315 35.798985 0.045 1.0 9.0
6.547315 35.798985 0.046 0.0 10.0
6.547315 39.896034 0.046 0.0 10.0
6.547315 35.798985 0.047 0.0 10.0
7.856778 39.68114 0.047 0.0 10.0
7.856778 39.68114 0.048 0.0 11.0
10.338339 42.941154 0.048 0.0 11.0
7.856778 39.68114 0.049 0.0 11.0
9.166241 43.563297 0.049 0.0 11.0
0.0 16.388203 0.050 25.0 5.0
0.0 20.485252 0.050 25.0 5.0
0.0 20.485252 0.051 0.0 6.0
-1.309463 24.367409 0.051 0.0 6.0
0.0 20.485252 0.052 24.0 6.0
0.0 24.582302 0.052 24.0 6.0
0.0 24.582302 0.053 0.0 7.0
1.309463 28.464458 0.053 0.0 7.0
0.0 24.582302 0.054 0.0 7.0
0.0 28.679352 0.054 0.0 7.0
0.0 24.582302 0.055 1.0 7.0
-1.309463 28.464458 0.055 1.0 7.0
-1.309463 28.464458 0.056 0.0 8.0
-3.7910233 31.724472 0.056 0.0 8.0
-1.309463 28.464458 0.057 0.0 8.0
-2.618926 32.346615 0.057 0.0 8.0
-2.618926 32.346615 0.058 0.0 9.0
-2.618926 36.443665 0.058 0.0 9.0
-2.618926 32.346615 0.059 0.0 9.0
-3.928389 36.22877 0.059 0.0 9.0
0.0 24.582302 0.060 23.0 7.0
0.0 28.679352 0.060 23.0 7.0
0.0 28.679352 0.061 0.0 8.0
-1.309463 32.56151 0.061 0.0 8.0
0.0 28.679352 0.062 22.0 8.0
0.0 32.7764 0.062 22.0 8.0
0.0 32.7764 0.063 0.0 9.0
1.309463 36.658558 0.063 0.0 9.0
0.0 32.7764 0.064 0.0 9.0
0.0 36.87345 0.064 0.0 9.0
0.0 32.7764 0.065 1.0 9.0
1.309463 36.658558 0.065 1.0 9.0
1.309463 36.658558 0.066 0.0 10.0
1.309463 40.755608 0.066 0.0 10.0
1.309463 36.658558 0.067 0.0 10.0
2.618926 40.540714 0.067 0.0 10.0
2.618926 40.540714 0.068 0.0 11.0
5.1004863 43.800728 0.068 0.0 11.0
2.618926 40.540714 0.069 0.0 11.0
3.928389 44.42287 0.069 0.0 11.0
0.0 32.7764 0.070 1.0 9.0
0.0 36.87345 0.070 1.0 9.0
0.0 36.87345 0.071 0.0 10.0
-1.309463 40.755608 0.071 0.0 10.0
0.0 36.87345 0.072 0.0 10.0
0.0 40.9705 0.072 0.0 10.0
0.0 40.9705 0.073 0.0 11.0
1.309463 44.852657 0.073 0.0 11.0
0.0 40.9705 0.074 0.0 11.0
0.0 45.06755 0.074 0.0 11.0
0.0 32.7764 0.075 5.0 9.0
1.309463 36.658558 0.075 5.0 9.0
1.309463 36.658558 0.076 0.0 10.0
1.309463 40.755608 0.076 0.0 10.0
1.309463 36.658558 0.077 4.0 10.0
2.618926 40.540714 0.077 4.0 10.0
2.618926 40.540714 0.078 0.0 11.0
5.1004863 43.800728 0.078 0.0 11.0
2.618926 40.540714 0.079 0.0 11.0
3.928389 44.42287 0.079 0.0 11.0
2.618926 40.540714 0.080 1.0 11.0
2.618926 44.637764 0.080 1.0 11.0
2.618926 44.637764 0.081 0.0 12.0
1.309463 48.51992 0.081 0.0 12.0
2.618926 44.637764 0.082 0.0 12.0
2.618926 48.734814 0.082 0.0 12.0
2.618926 48.734814 0.083 0.0 13.0
3.928389 52.61697 0.083 0.0 13.0
2.618926 48.734814 0.084 0.0 13.0
2.618926 52.831863 0.084 0.0 13.0
2.618926 40.540714 0.085 3.0 11.0
3.928389 44.42287 0.085 3.0 11.0
3.928389 44.42287 0.086 0.0 12.0
3.928389 48.51992 0.086 0.0 12.0
3.928389 44.42287 0.087 2.0 12.0
5.237852 48.305027 0.087 2.0 12.0
5.237852 48.305027 0.088 0.0 13.0
7.7194123 51.56504 0.088 0.0 13.0
5.237852 48.305027 0.089 0.0 13.0
6.547315 52.187183 0.089 0.0 13.0
5.237852 48.305027 0.090 1.0 13.0
7.7194123 51.56504 0.090 1.0 13.0
7.7194123 51.56504 0.091 0.0 14.0
9.028875 55.447197 0.091 0.0 14.0
7.7194123 51.56504 0.092 0.0 14.0
10.200973 54.825054 0.092 0.0 14.0
10.200973 54.825054 0.093 0.0 15.0
13.594308 57.12094 0.093 0.0 15.0
10.200973 54.825054 0.094 0.0 15.0
12.682533 58.085068 0.094 0.0 15.0
5.237852 48.305027 0.095 1.0 13.0
6.547315 52.187183 0.095 1.0 13.0
6.547315 52.187183 0.096 0.0 14.0
6.547315 56.284233 0.096 0.0 14.0
6.547315 52.187183 0.097 0.0 14.0
7.856778 56.06934 0.097 0.0 14.0
7.856778 56.06934 0.098 0.0 15.0
10.338339 59.329353 0.098 0.0 15.0
7.856778 56.06934 0.099 0.0 15.0
9.166241 59.951496 0.099 0.0 15.0
0.0 32.7764 0.0100 5.0 9.0
0.0 36.87345 0.0100 5.0 9.0
0.0 36.87345 0.0101 0.0 10.0
-1.309463 40.755608 0.0101 0.0 10.0
0.0 36.87345 0.0102 4.0 10.0
0.0 40.9705 0.0102 4.0 10.0
0.0 40.9705 0.0103 0.0 11.0
1.309463 44.852657 0.0103 0.0 11.0
0.0 40.9705 0.0104 0.0 11.0
0.0 45.06755 0.0104 0.0 11.0
0.0 40.9705 0.0105 1.0 11.0
-1.309463 44.852657 0.0105 1.0 11.0
-1.309463 44.852657 0.0106 0.0 12.0
-3.7910233 48.11267 0.0106 0.0 12.0
-1.309463 44.852657 0.0107 0.0 12.0
-2.618926 48.734814 0.0107 0.0 12.0
-2.618926 48.734814 0.0108 0.0 13.0
-2.618926 52.831863 0.0108 0.0 13.0
-2.618926 48.734814 0.0109 0.0 13.0
-3.928389 52.61697 0.0109 0.0 13.0
0.0 40.9705 0.0110 3.0 11.0
0.0 45.06755 0.0110 3.0 11.0
0.0 45.06755 0.0111 0.0 12.0
-1.309463 48.949707 0.0111 0.0 12.0
0.0 45.06755 0.0112 2.0 12.0
0.0 49.1646 0.0112 2.0 12.0
0.0 49.1646 0.0113 0.0 13.0
1.309463 53.046757 0.0113 0.0 13.0
0.0 49.1646 0.0114 0.0 13.0
0.0 53.26165 0.0114 0.0 13.0
0.0 49.1646 0.0115 1.0 13.0
1.309463 53.046757 0.0115 1.0 13.0
1.309463 53.046757 0.0116 0.0 14.0
1.309463 57.143806 0.0116 0.0 14.0
1.309463 53.046757 0.0117 0.0 14.0
2.618926 56.928913 0.0117 0.0 14.0
2.618926 56.928913 0.0118 0.0 15.0
5.1004863 60.188927 0.0118 0.0 15.0
2.618926 56.928913 0.0119 0.0 15.0
3.928389 60.81107 0.0119 0.0 15.0
0.0 49.1646 0.0120 1.0 13.0
0.0 53.26165 0.0120 1.0 13.0
0.0 53.26165 0.0121 0.0 14.0
-1.309463 57.143806 0.0121 0.0 14.0
0.0 53.26165 0.0122 0.0 14.0
0.0 57.3587 0.0122 0.0 14.0
0.0 57.3587 0.0123 0.0 15.0
1.309463 61.240856 0.0123 0.0 15.0
0.0 57.3587 0.0124 0.0 15.0
0.0 61.45575 0.0124 0.0 15.0
0.0 32.7764 0.0125 13.0 9.0
-1.309463 36.658558 0.0125 13.0 9.0
-1.309463 36.658558 0.0126 0.0 10.0
-3.7910233 39.91857 0.0126 0.0 10.0
-1.309463 36.658558 0.0127 12.0 10.0
-2.618926 40.540714 0.0127 12.0 10.0
-2.618926 40.540714 0.0128 0.0 11.0
-2.618926 44.637764 0.0128 0.0 11.0
-2.618926 40.540714 0.0129 0.0 11.0
-3.928389 44.42287 0.0129 0.0 11.0
-2.618926 40.540714 0.0130 1.0 11.0
-5.1004863 43.800728 0.0130 1.0 11.0
-5.1004863 43.800728 0.0131 0.0 12.0
-8.493822 46.096615 0.0131 0.0 12.0
-5.1004863 43.800728 0.0132 0.0 12.0
-7.5820465 47.06074 0.0132 0.0 12.0
-7.5820465 47.06074 0.0133 0.0 13.0
-8.89151 50.942898 0.0133 0.0 13.0
-7.5820465 47.06074 0.0134 0.0 13.0
-10.063606 50.320755 0.0134 0.0 13.0
-2.618926 40.540714 0.0135 11.0 11.0
-3.928389 44.42287 0.0135 11.0 11.0
-3.928389 44.42287 0.0136 0.0 12.0
-6.4099493 47.682884 0.0136 0.0 12.0
-3.928389 44.42287 0.0137 10.0 12.0
-5.237852 48.305027 0.0137 10.0 12.0
-5.237852 48.305027 0.0138 0.0 13.0
-5.237852 52.402077 0.0138 0.0 13.0
-5.237852 48.305027 0.0139 0.0 13.0
-6.547315 52.187183 0.0139 0.0 13.0
-5.237852 48.305027 0.0140 1.0 13.0
-5.237852 52.402077 0.0140 1.0 13.0
-5.237852 52.402077 0.0141 0.0 14.0
-6.547315 56.284233 0.0141 0.0 14.0
-5.237852 52.402077 0.0142 0.0 14.0
-5.237852 56.499126 0.0142 0.0 14.0
-5.237852 56.499126 0.0143 0.0 15.0
-3.928389 60.381283 0.0143 0.0 15.0
-5.237852 56.499126 0.0144 0.0 15.0
-5.237852 60.596176 0.0144 0.0 15.0
-5.237852 48.305027 0.0145 1.0 13.0
-6.547315 52.187183 0.0145 1.0 13.0
-6.547315 52.187183 0.0146 0.0 14.0
-9.028875 55.447197 0.0146 0.0 14.0
-6.547315 52.187183 0.0147 0.0 14.0
-7.856778 56.06934 0.0147 0.0 14.0
-7.856778 56.06934 0.0148 0.0 15.0
-7.856778 60.16639 0.0148 0.0 15.0
-7.856778 56.06934 0.0149 0.0 15.0
-9.166241 59.951496 0.0149 0.0 15.0
-5.237852 48.305027 0.0150 5.0 13.0
-5.237852 52.402077 0.0150 5.0 13.0
-5.237852 52.402077 0.0151 0.0 14.0
-6.547315 56.284233 0.0151 0.0 14.0
-5.237852 52.402077 0.0152 4.0 14.0
-5.237852 56.499126 0.0152 4.0 14.0
-5.237852 56.499126 0.0153 0.0 15.0
-3.928389 60.381283 0.0153 0.0 15.0
-5.237852 56.499126 0.0154 0.0 15.0
-5.237852 60.596176 0.0154 0.0 15.0
-5.237852 56.499126 0.0155 1.0 15.0
-6.547315 60.381283 0.0155 1.0 15.0
-6.547315 60.381283 0.0156 0.0 16.0
-9.028875 63.641296 0.0156 0.0 16.0
-6.547315 60.381283 0.0157 0.0 16.0
-7.856778 64.263435 0.0157 0.0 16.0
-7.856778 64.263435 0.0158 0.0 17.0
-7.856778 68.36049 0.0158 0.0 17.0
-7.856778 64.263435 0.0159 0.0 17.0
-9.166241 68.14559 0.0159 0.0 17.0
-5.237852 56.499126 0.0160 3.0 15.0
-5.237852 60.596176 0.0160 3.0 15.0
-5.237852 60.596176 0.0161 0.0 16.0
-6.547315 64.47833 0.0161 0.0 16.0
-5.237852 60.596176 0.0162 2.0 16.0
-5.237852 64.69323 0.0162 2.0 16.0
-5.237852 64.69323 0.0163 0.0 17.0
-3.928389 68.575386 0.0163 0.0 17.0
-5.237852 64.69323 0.0164 0.0 17.0
-5.237852 68.79028 0.0164 0.0 17.0
-5.237852 64.69323 0.0165 1.0 17.0
-3.928389 68.575386 0.0165 1.0 17.0
-3.928389 68.575386 0.0166 0.0 18.0
-3.928389 72.67244 0.0166 0.0 18.0
-3.928389 68.575386 0.0167 0.0 18.0
-2.618926 72.45754 0.0167 0.0 18.0
-2.618926 72.45754 0.0168 0.0 19.0
-0.13736582 75.71755 0.0168 0.0 19.0
-2.618926 72.45754 0.0169 0.0 19.0
-1.309463 76.3397 0.0169 0.0 19.0
-5.237852 64.69323 0.0170 1.0 17.0
-5.237852 68.79028 0.0170 1.0 17.0
-5.237852 68.79028 0.0171 0.0 18.0
-6.547315 72.67244 0.0171 0.0 18.0
-5.237852 68.79028 0.0172 0.0 18.0
-5.237852 72.88734 0.0172 0.0 18.0
-5.237852 72.88734 0.0173 0.0 19.0
-3.928389 76.76949 0.0173 0.0 19.0
-5.237852 72.88734 0.0174 0.0 19.0
-5.237852 76.98439 0.0174 0.0 19.0
-5.237852 48.305027 0.0175 9.0 13.0
-6.547315 52.187183 0.0175 9.0 13.0
-6.547315 52.187183 0.0176 0.0 14.0
-9.028875 55.447197 0.0176 0.0 14.0
-6.547315 52.187183 0.0177 8.0 14.0
-7.856778 56.06934 0.0177 8.0 14.0
-7.856778 56.06934 0.0178 0.0 15.0
-7.856778 60.16639 0.0178 0.0 15.0
-7.856778 56.06934 0.0179 0.0 15.0
-9.166241 59.951496 0.0179 0.0 15.0
-7.856778 56.06934 0.0180 1.0 15.0
-10.338339 59.329353 0.0180 1.0 15.0
-10.338339 59.329353 0.0181 0.0 16.0
-13.731674 61.62524 0.0181 0.0 16.0
-10.338339 59.329353 0.0182 0.0 16.0
-12.819899 62.589367 0.0182 0.0 16.0
-12.819899 62.589367 0.0183 0.0 17.0
-14.129362 66.47152 0.0183 0.0 17.0
-12.819899 62.589367 0.0184 0.0 17.0
-15.301458 65.84938 0.0184 0.0 17.0
-7.856778 56.06934 0.0185 7.0 15.0
-9.166241 59.951496 0.0185 7.0 15.0
-9.166241 59.951496 0.0186 0.0 16.0
-11.6478 63.21151 0.0186 0.0 16.0
-9.166241 59.951496 0.0187 6.0 16.0
-10.475704 63.833652 0.0187 6.0 16.0
-10.475704 63.833652 0.0188 0.0 17.0
-10.475704 67.9307 0.0188 0.0 17.0
-10.475704 63.833652 0.0189 0.0 17.0
-11.785168 67.715805 0.0189 0.0 17.0
-10.475704 63.833652 0.0190 1.0 17.0
-10.475704 67.9307 0.0190 1.0 17.0
-10.475704 67.9307 0.0191 0.0 18.0
-11.785168 71.81286 0.0191 0.0 18.0
-10.475704 67.9307 0.0192 0.0 18.0
-10.475704 72.027756 0.0192 0.0 18.0
-10.475704 72.027756 0.0193 0.0 19.0
-9.166241 75.90991 0.0193 0.0 19.0
-10.475704 72.027756 0.0194 0.0 19.0
-10.475704 76.12481 0.0194 0.0 19.0
-10.475704 63.833652 0.0195 1.0 17.0
-11.785168 67.715805 0.0195 1.0 17.0
-11.785168 67.715805 0.0196 0.0 18.0
-14.266727 70.975815 0.0196 0.0 18.0
-11.785168 67.715805 0.0197 0.0 18.0
-13.094631 71.59796 0.0197 0.0 18.0
-13.094631 71.59796 0.0198 0.0 19.0
-13.094631 75.695015 0.0198 0.0 19.0
-13.094631 71.59796 0.0199 0.0 19.0
-14.404095 75.48012 0.0199 0.0 19.0
-10.475704 63.833652 0.0200 5.0 17.0
-10.475704 67.9307 0.0200 5.0 17.0
-10.475704 67.9307 0.0201 0.0 18.0
-11.785168 71.81286 0.0201 0.0 18.0
-10.475704 67.9307 0.0202 4.0 18.0
-10.475704 72.027756 0.0202 4.0 18.0
-10.475704 72.027756 0.0203 0.0 19.0
-9.166241 75.90991 0.0203 0.0 19.0
-10.475704 72.027756 0.0204 0.0 19.0
-10.475704 76.12481 0.0204 0.0 19.0
-10.475704 72.027756 0.0205 1.0 19.0
-11.785168 75.90991 0.0205 1.0 19.0
-11.785168 75.90991 0.0206 0.0 20.0
-14.266727 79.16992 0.0206 0.0 20.0
-11.785168 75.90991 0.0207 0.0 20.0
-13.094631 79.79207 0.0207 0.0 20.0
-13.094631 79.79207 0.0208 0.0 21.0
-13.094631 83.88912 0.0208 0.0 21.0
-13.094631 79.79207 0.0209 0.0 21.0
-14.404095 83.674225 0.0209 0.0 21.0
-10.475704 72.027756 0.0210 3.0 19.0
-10.475704 76.12481 0.0210 3.0 19.0
-10.475704 76.12481 0.0211 0.0 20.0
-11.785168 80.006966 0.0211 0.0 20.0
-10.475704 76.12481 0.0212 2.0 20.0
-10.475704 80.22186 0.0212 2.0 20.0
-10.475704 80.22186 0.0213 0.0 21.0
-9.166241 84.10402 0.0213 0.0 21.0
-10.475704 80.22186 0.0214 0.0 21.0
-10.475704 84.31892 0.0214 0.0 21.0
-10.475704 80.22186 0.0215 1.0 21.0
-9.166241 84.10402 0.0215 1.0 21.0
-9.166241 84.10402 0.0216 0.0 22.0
-9.166241 88.20107 0.0216 0.0 22.0
-9.166241 84.10402 0.0217 0.0 22.0
-7.8567777 87.986176 0.0217 0.0 22.0
-7.8567777 87.986176 0.0218 0.0 23.0
-5.3752174 91.246185 0.0218 0.0 23.0
-7.8567777 87.986176 0.0219 0.0 23.0
-6.5473146 91.86833 0.0219 0.0 23.0
-10.475704 80.22186 0.0220 1.0 21.0
-10.475704 84.31892 0.0220 1.0 21.0
-10.475704 84.31892 0.0221 0.0 22.0
-11.785168 88.20107 0.0221 0.0 22.0
-10.475704 84.31892 0.0222 0.0 22.0
-10.475704 88.41597 0.0222 0.0 22.0
-10.475704 88.41597 0.0223 0.0 23.0
-9.166241 92.29813 0.0223 0.0 23.0
-10.475704 88.41597 0.0224 0.0 23.0
-10.475704 92.51302 0.0224 0.0 23.0
-10.475704 63.833652 0.0225 5.0 17.0
-11.785168 67.715805 0.0225 5.0 17.0
-11.785168 67.715805 0.0226 0.0 18.0
-14.266727 70.975815 0.0226 0.0 18.0
-11.785168 67.715805 0.0227 4.0 18.0
-13.094631 71.59796 0.0227 4.0 18.0
-13.094631 71.59796 0.0228 0.0 19.0
-13.094631 75.695015 0.0228 0.0 19.0
-13.094631 71.59796 0.0229 0.0 19.0
-14.404095 75.48012 0.0229 0.0 19.0
-13.094631 71.59796 0.0230 1.0 19.0
-15.576191 74.85797 0.0230 1.0 19.0
-15.576191 74.85797 0.0231 0.0 20.0
-18.969526 77.153854 0.0231 0.0 20.0
-15.576191 74.85797 0.0232 0.0 20.0
-18.05775 78.11798 0.0232 0.0 20.0
-18.05775 78.11798 0.0233 0.0 21.0
-19.367214 82.00014 0.0233 0.0 21.0
-18.05775 78.11798 0.0234 0.0 21.0
-20.53931 81.37799 0.0234 0.0 21.0
-13.094631 71.59796 0.0235 3.0 19.0
-14.404095 75.48012 0.0235 3.0 19.0
-14.404095 75.48012 0.0236 0.0 20.0
-16.885654 78.74013 0.0236 0.0 20.0
-14.404095 75.48012 0.0237 2.0 20.0
-15.713558 79.362274 0.0237 2.0 20.0
-15.713558 79.362274 0.0238 0.0 21.0
-15.713558 83.45933 0.0238 0.0 21.0
-15.713558 79.362274 0.0239 0.0 21.0
-17.023022 83.24443 0.0239 0.0 21.0
-15.713558 79.362274 0.0240 1.0 21.0
-15.713558 83.45933 0.0240 1.0 21.0
-15.713558 83.45933 0.0241 0.0 22.0
-17.023022 87.341484 0.0241 0.0 22.0
-15.713558 83.45933 0.0242 0.0 22.0
-15.713558 87.55638 0.0242 0.0 22.0
-15.713558 87.55638 0.0243 0.0 23.0
-14.404095 91.43854 0.0243 0.0 23.0
-15.713558 87.55638 0.0244 0.0 23.0
-15.713558 91.653435 0.0244 0.0 23.0
-15.713558 79.362274 0.0245 1.0 21.0
-17.023022 83.24443 0.0245 1.0 21.0
-17.023022 83.24443 0.0246 0.0 22.0
-19.504581 86.50444 0.0246 0.0 22.0
-17.023022 83.24443 0.0247 0.0 22.0
-18.332485 87.12659 0.0247 0.0 22.0
-18.332485 87.12659 0.0248 0.0 23.0
-18.332485 91.22364 0.0248 0.0 23.0
-18.332485 87.12659 0.0249 0.0 23.0
-19.641949 91.00874 0.0249 0.0 23.0
0.0 32.7764 0.0250 21.0 9.0
0.0 36.87345 0.0250 21.0 9.0
0.0 36.87345 0.0251 0.0 10.0
-1.309463 40.755608 0.0251 0.0 10.0
0.0 36.87345 0.0252 20.0 10.0
0.0 40.9705 0.0252 20.0 10.0
0.0 40.9705 0.0253 0.0 11.0
1.309463 44.852657 0.0253 0.0 11.0
0.0 40.9705 0.0254 0.0 11.0
0.0 45.06755 0.0254 0.0 11.0
0.0 40.9705 0.0255 1.0 11.0
-1.309463 44.852657 0.0255 1.0 11.0
-1.309463 44.852657 0.0256 0.0 12.0
-3.7910233 48.11267 0.0256 0.0 12.0
-1.309463 44.852657 0.0257 0.0 12.0
-2.618926 48.734814 0.0257 0.0 12.0
-2.618926 48.734814 0.0258 0.0 13.0
-2.618926 52.831863 0.0258 0.0 13.0
-2.618926 48.734814 0.0259 0.0 13.0
-3.928389 52.61697 0.0259 0.0 13.0
0.0 40.9705 0.0260 19.0 11.0
0.0 45.06755 0.0260 19.0 11.0
0.0 45.06755 0.0261 0.0 12.0
-1.309463 48.949707 0.0261 0.0 12.0
0.0 45.06755 0.0262 18.0 12.0
0.0 49.1646 0.0262 18.0 12.0
0.0 49.1646 0.0263 0.0 13.0
1.309463 53.046757 0.0263 0.0 13.0
0.0 49.1646 0.0264 0.0 13.0
0.0 53.26165 0.0264 0.0 13.0
0.0 49.1646 0.0265 1.0 13.0
1.309463 53.046757 0.0265 1.0 13.0
1.309463 53.046757 0.0266 0.0 14.0
1.309463 57.143806 0.0266 0.0 14.0
1.309463 53.046757 0.0267 0.0 14.0
2.618926 56.928913 0.0267 0.0 14.0
2.618926 56.928913 0.0268 0.0 15.0
5.1004863 60.188927 0.0268 0.0 15.0
2.618926 56.928913 0.0269 0.0 15.0
3.928389 60.81107 0.0269 0.0 15.0
0.0 49.1646 0.0270 1.0 13.0
0.0 53.26165 0.0270 1.0 13.0
0.0 53.26165 0.0271 0.0 14.0
-1.309463 57.143806 0.0271 0.0 14.0
0.0 53.26165 0.0272 0.0 14.0
0.0 57.3587 0.0272 0.0 14.0
0.0 57.3587 0.0273 0.0 15.0
1.309463 61.240856 0.0273 0.0 15.0
0.0 57.3587 0.0274 0.0 15.0
0.0 61.45575 0.0274 0.0 15.0
0.0 49.1646 0.0275 5.0 13.0
1.309463 53.046757 0.0275 5.0 13.0
1.309463 53.046757 0.0276 0.0 14.0
1.309463 57.143806 0.0276 0.0 14.0
1.309463 53.046757 0.0277 4.0 14.0
2.618926 56.928913 0.0277 4.0 14.0
2.618926 56.928913 0.0278 0.0 15.0
5.1004863 60.188927 0.0278 0.0 15.0
2.618926 56.928913 0.0279 0.0 15.0
3.928389 60.81107 0.0279 0.0 15.0
2.618926 56.928913 0.0280 1.0 15.0
2.618926 61.025963 0.0280 1.0 15.0
2.618926 61.025963 0.0281 0.0 16.0
1.309463 64.90812 0.0281 0.0 16.0
2.618926 61.025963 0.0282 0.0 16.0
2.618926 65.12302 0.0282 0.0 16.0
2.618926 65.12302 0.0283 0.0 17.0
3.928389 69.00517 0.0283 0.0 17.0
2.618926 65.12302 0.0284 0.0 17.0
2.618926 69.22007 0.0284 0.0 17.0
2.618926 56.928913 0.0285 3.0 15.0
3.928389 60.81107 0.0285 3.0 15.0
3.928389 60.81107 0.0286 0.0 16.0
3.928389 64.90812 0.0286 0.0 16.0
3.928389 60.81107 0.0287 2.0 16.0
5.237852 64.69322 0.0287 2.0 16.0
5.237852 64.69322 0.0288 0.0 17.0
7.7194123 67.95323 0.0288 0.0 17.0
5.237852 64.69322 0.0289 0.0 17.0
6.547315 68.57538 0.0289 0.0 17.0
5.237852 64.69322 0.0290 1.0 17.0
7.7194123 67.95323 0.0290 1.0 17.0
7.7194123 67.95323 0.0291 0.0 18.0
9.028875 71.83539 0.0291 0.0 18.0
7.7194123 67.95323 0.0292 0.0 18.0
10.200973 71.21324 0.0292 0.0 18.0
10.200973 71.21324 0.0293 0.0 19.0
13.594308 73.509125 0.0293 0.0 19.0
10.200973 71.21324 0.0294 0.0 19.0
12.682533 74.47325 0.0294 0.0 19.0
5.237852 64.69322 0.0295 1.0 17.0
6.547315 68.57538 0.0295 1.0 17.0
6.547315 68.57538 0.0296 0.0 18.0
6.547315 72.67243 0.0296 0.0 18.0
6.547315 68.57538 0.0297 0.0 18.0
7.856778 72.457535 0.0297 0.0 18.0
7.856778 72.457535 0.0298 0.0 19.0
10.338339 75.717545 0.0298 0.0 19.0
7.856778 72.457535 0.0299 0.0 19.0
9.166241 76.33969 0.0299 0.0 19.0
0.0 49.1646 0.0300 17.0 13.0
0.0 53.26165 0.0300 17.0 13.0
0.0 53.26165 0.0301 0.0 14.0
-1.309463 57.143806 0.0301 0.0 14.0
0.0 53.26165 0.0302 16.0 14.0
0.0 57.3587 0.0302 16.0 14.0
0.0 57.3587 0.0303 0.0 15.0
1.309463 61.240856 0.0303 0.0 15.0
0.0 57.3587 0.0304 0.0 15.0
0.0 61.45575 0.0304 0.0 15.0
0.0 57.3587 0.0305 1.0 15.0
-1.309463 61.240856 0.0305 1.0 15.0
-1.309463 61.240856 0.0306 0.0 16.0
-3.7910233 64.50087 0.0306 0.0 16.0
-1.309463 61.240856 0.0307 0.0 16.0
-2.618926 65.12301 0.0307 0.0 16.0
-2.618926 65.12301 0.0308 0.0 17.0
-2.618926 69.22006 0.0308 0.0 17.0
-2.618926 65.12301 0.0309 0.0 17.0
-3.928389 69.005165 0.0309 0.0 17.0
0.0 57.3587 0.0310 15.0 15.0
0.0 61.45575 0.0310 15.0 15.0
0.0 61.45575 0.0311 0.0 16.0
-1.309463 65.337906 0.0311 0.0 16.0
0.0 61.45575 0.0312 14.0 16.0
0.0 65.5528 0.0312 14.0 16.0
0.0 65.5528 0.0313 0.0 17.0
1.309463 69.43496 0.0313 0.0 17.0
0.0 65.5528 0.0314 0.0 17.0
0.0 69.64986 0.0314 0.0 17.0
0.0 65.5528 0.0315 1.0 17.0
1.309463 69.43496 0.0315 1.0 17.0
1.309463 69.43496 0.0316 0.0 18.0
1.309463 73.53201 0.0316 0.0 18.0
1.309463 69.43496 0.0317 0.0 18.0
2.618926 73.317116 0.0317 0.0 18.0
2.618926 73.317116 0.0318 0.0 19.0
5.1004863 76.577126 0.0318 0.0 19.0
2.618926 73.317116 0.0319 0.0 19.0
3.928389 77.19927 0.0319 0.0 19.0
0.0 65.5528 0.0320 1.0 17.0
0.0 69.64986 0.0320 1.0 17.0
0.0 69.64986 0.0321 0.0 18.0
-1.309463 73.53201 0.0321 0.0 18.0
0.0 69.64986 0.0322 0.0 18.0
0.0 73.74691 0.0322 0.0 18.0
0.0 73.74691 0.0323 0.0 19.0
1.309463 77.62907 0.0323 0.0 19.0
0.0 73.74691 0.0324 0.0 19.0
0.0 77.84396 0.0324 0.0 19.0
0.0 65.5528 0.0325 5.0 17.0
1.309463 69.43496 0.0325 5.0 17.0
1.309463 69.43496 0.0326 0.0 18.0
1.309463 73.53201 0.0326 0.0 18.0
1.309463 69.43496 0.0327 4.0 18.0
2.618926 73.317116 0.0327 4.0 18.0
2.618926 73.317116 0.0328 0.0 19.0
5.1004863 76.577126 0.0328 0.0 19.0
2.618926 73.317116 0.0329 0.0 19.0
3.928389 77.19927 0.0329 0.0 19.0
2.618926 73.317116 0.0330 1.0 19.0
2.618926 77.41417 0.0330 1.0 19.0
2.618926 77.41417 0.0331 0.0 20.0
1.309463 81.296326 0.0331 0.0 20.0
2.618926 77.41417 0.0332 0.0 20.0
2.618926 81.51122 0.0332 0.0 20.0
2.618926 81.51122 0.0333 0.0 21.0
3.928389 85.39338 0.0333 0.0 21.0
2.618926 81.51122 0.0334 0.0 21.0
2.618926 85.60828 0.0334 0.0 21.0
2.618926 73.317116 0.0335 3.0 19.0
3.928389 77.19927 0.0335 3.0 19.0
3.928389 77.19927 0.0336 0.0 20.0
3.928389 81.296326 0.0336 0.0 20.0
3.928389 77.19927 0.0337 2.0 20.0
5.237852 81.08143 0.0337 2.0 20.0
5.237852 81.08143 0.0338 0.0 21.0
7.7194123 84.34144 0.0338 0.0 21.0
5.237852 81.08143 0.0339 0.0 21.0
6.547315 84.963585 0.0339 0.0 21.0
5.237852 81.08143 0.0340 1.0 21.0
7.7194123 84.34144 0.0340 1.0 21.0
7.7194123 84.34144 0.0341 0.0 22.0
9.028875 88.223595 0.0341 0.0 22.0
7.7194123 84.34144 0.0342 0.0 22.0
10.200973 87.60145 0.0342 0.0 22.0
10.200973 87.60145 0.0343 0.0 23.0
13.594308 89.89734 0.0343 0.0 23.0
10.200973 87.60145 0.0344 0.0 23.0
12.682533 90.86146 0.0344 0.0 23.0
5.237852 81.08143 0.0345 1.0 21.0
6.547315 84.963585 0.0345 1.0 21.0
6.547315 84.963585 0.0346 0.0 22.0
6.547315 89.06064 0.0346 0.0 22.0
6.547315 84.963585 0.0347 0.0 22.0
7.856778 88.84574 0.0347 0.0 22.0
7.856778 88.84574 0.0348 0.0 23.0
10.338339 92.10575 0.0348 0.0 23.0
7.856778 88.84574 0.0349 0.0 23.0
9.166241 92.7279 0.0349 0.0 23.0
0.0 65.5528 0.0350 5.0 17.0
0.0 69.64986 0.0350 5.0 17.0
0.0 69.64986 0.0351 0.0 18.0
-1.309463 73.53201 0.0351 0.0 18.0
0.0 69.64986 0.0352 4.0 18.0
0.0 73.74691 0.0352 4.0 18.0
0.0 73.74691 0.0353 0.0 19.0
1.309463 77.62907 0.0353 0.0 19.0
0.0 73.74691 0.0354 0.0 19.0
0.0 77.84396 0.0354 0.0 19.0
0.0 73.74691 0.0355 1.0 19.0
-1.309463 77.62907 0.0355 1.0 19.0
-1.309463 77.62907 0.0356 0.0 20.0
-3.7910233 80.88908 0.0356 0.0 20.0
-1.309463 77.62907 0.0357 0.0 20.0
-2.618926 81.51122 0.0357 0.0 20.0
-2.618926 81.51122 0.0358 0.0 21.0
-2.618926 85.60828 0.0358 0.0 21.0
-2.618926 81.51122 0.0359 0.0 21.0
-3.928389 85.39338 0.0359 0.0 21.0
0.0 73.74691 0.0360 3.0 19.0
0.0 77.84396 0.0360 3.0 19.0
0.0 77.84396 0.0361 0.0 20.0
-1.309463 81.72612 0.0361 0.0 20.0
0.0 77.84396 0.0362 2.0 20.0
0.0 81.94102 0.0362 2.0 20.0
0.0 81.94102 0.0363 0.0 21.0
1.309463 85.82317 0.0363 0.0 21.0
0.0 81.94102 0.0364 0.0 21.0
0.0 86.03807 0.0364 0.0 21.0
0.0 81.94102 0.0365 1.0 21.0
1.309463 85.82317 0.0365 1.0 21.0
1.309463 85.82317 0.0366 0.0 22.0
1.309463 89.92023 0.0366 0.0 22.0
1.309463 85.82317 0.0367 0.0 22.0
2.618926 89.70533 0.0367 0.0 22.0
2.618926 89.70533 0.0368 0.0 23.0
5.1004863 92.96534 0.0368 0.0 23.0
2.618926 89.70533 0.0369 0.0 23.0
3.928389 93.58749 0.0369 0.0 23.0
0.0 81.94102 0.0370 1.0 21.0
0.0 86.03807 0.0370 1.0 21.0
0.0 86.03807 0.0371 0.0 22.0
-1.309463 89.92023 0.0371 0.0 22.0
0.0 86.03807 0.0372 0.0 22.0
0.0 90.135124 0.0372 0.0 22.0
0.0 90.135124 0.0373 0.0 23.0
1.309463 94.01728 0.0373 0.0 23.0
0.0 90.135124 0.0374 0.0 23.0
0.0 94.23218 0.0374 0.0 23.0
0.0 65.5528 0.0375 13.0 17.0
1.309463 69.43496 0.0375 13.0 17.0
1.309463 69.43496 0.0376 0.0 18.0
1.309463 73.53201 0.0376 0.0 18.0
1.309463 69.43496 0.0377 12.0 18.0
2.618926 73.317116 0.0377 12.0 18.0
2.618926 73.317116 0.0378 0.0 19.0
5.1004863 76.577126 0.0378 0.0 19.0
2.618926 73.317116 0.0379 0.0 19.0
3.928389 77.19927 0.0379 0.0 19.0
2.618926 73.317116 0.0380 1.0 19.0
2.618926 77.41417 0.0380 1.0 19.0
2.618926 77.41417 0.0381 0.0 20.0
1.309463 81.296326 0.0381 0.0 20.0
2.618926 77.41417 0.0382 0.0 20.0
2.618926 81.51122 0.0382 0.0 20.0
2.618926 81.51122 0.0383 0.0 21.0
3.928389 85.39338 0.0383 0.0 21.0
2.618926 81.51122 0.0384 0.0 21.0
2.618926 85.60828 0.0384 0.0 21.0
2.618926 73.317116 0.0385 11.0 19.0
3.928389 77.19927 0.0385 11.0 19.0
3.928389 77.19927 0.0386 0.0 20.0
3.928389 81.296326 0.0386 0.0 20.0
3.928389 77.19927 0.0387 10.0 20.0
5.237852 81.08143 0.0387 10.0 20.0
5.237852 81.08143 0.0388 0.0 21.0
7.7194123 84.34144 0.0388 0.0 21.0
5.237852 81.08143 0.0389 0.0 21.0
6.547315 84.963585 0.0389 0.0 21.0
5.237852 81.08143 0.0390 1.0 21.0
7.7194123 84.34144 0.0390 1.0 21.0
7.7194123 84.34144 0.0391 0.0 22.0
9.028875 88.223595 0.0391 0.0 22.0
7.7194123 84.34144 0.0392 0.0 22.0
10.200973 87.60145 0.0392 0.0 22.0
10.200973 87.60145 0.0393 0.0 23.0
13.594308 89.89734 0.0393 0.0 23.0
10.200973 87.60145 0.0394 0.0 23.0
12.682533 90.86146 0.0394 0.0 23.0
5.237852 81.08143 0.0395 1.0 21.0
6.547315 84.963585 0.0395 1.0 21.0
6.547315 84.963585 0.0396 0.0 22.0
6.547315 89.06064 0.0396 0.0 22.0
6.547315 84.963585 0.0397 0.0 22.0
7.856778 88.84574 0.0397 0.0 22.0
7.856778 88.84574 0.0398 0.0 23.0
10.338339 92.10575 0.0398 0.0 23.0
7.856778 88.84574 0.0399 0.0 23.0
9.166241 92.7279 0.0399 0.0 23.0
5.237852 81.08143 0.0400 5.0 21.0
7.7194123 84.34144 0.0400 5.0 21.0
7.7194123 84.34144 0.0401 0.0 22.0
9.028875 88.223595 0.0401 0.0 22.0
7.7194123 84.34144 0.0402 4.0 22.0
10.200973 87.60145 0.0402 4.0 22.0
10.200973 87.60145 0.0403 0.0 23.0
13.594308 89.89734 0.0403 0.0 23.0
10.200973 87.60145 0.0404 0.0 23.0
12.682533 90.86146 0.0404 0.0 23.0
10.200973 87.60145 0.0405 1.0 23.0
11.510435 91.483604 0.0405 1.0 23.0
11.510435 91.483604 0.0406 0.0 24.0
11.510435 95.58066 0.0406 0.0 24.0
11.510435 91.483604 0.0407 0.0 24.0
12.819899 95.36576 0.0407 0.0 24.0
12.819899 95.36576 0.0408 0.0 25.0
15.301458 98.62577 0.0408 0.0 25.0
12.819899 95.36576 0.0409 0.0 25.0
14.129362 99.24792 0.0409 0.0 25.0
10.200973 87.60145 0.0410 3.0 23.0
12.682533 90.86146 0.0410 3.0 23.0
12.682533 90.86146 0.0411 0.0 24.0
13.991997 94.743614 0.0411 0.0 24.0
12.682533 90.86146 0.0412 2.0 24.0
15.164093 94.12147 0.0412 2.0 24.0
15.164093 94.12147 0.0413 0.0 25.0
18.557428 96.41736 0.0413 0.0 25.0
15.164093 94.12147 0.0414 0.0 25.0
17.645653 97.38148 0.0414 0.0 25.0
15.164093 94.12147 0.0415 1.0 25.0
18.557428 96.41736 0.0415 1.0 25.0
18.557428 96.41736 0.0416 0.0 26.0
21.038988 99.67737 0.0416 0.0 26.0
18.557428 96.41736 0.0417 0.0 26.0
21.950764 98.71324 0.0417 0.0 26.0
21.950764 98.71324 0.0418 0.0 27.0
25.899906 99.80416 0.0418 0.0 27.0
21.950764 98.71324 0.0419 0.0 27.0
25.344099 101.009125 0.0419 0.0 27.0
15.164093 94.12147 0.0420 1.0 25.0
17.645653 97.38148 0.0420 1.0 25.0
17.645653 97.38148 0.0421 0.0 26.0
18.955116 101.26363 0.0421 0.0 26.0
17.645653 97.38148 0.0422 0.0 26.0
20.127213 100.64149 0.0422 0.0 26.0
20.127213 100.64149 0.0423 0.0 27.0
23.520548 102.93738 0.0423 0.0 27.0
20.127213 100.64149 0.0424 0.0 27.0
22.608772 103.9015 0.0424 0.0 27.0
5.237852 81.08143 0.0425 9.0 21.0
6.547315 84.963585 0.0425 9.0 21.0
6.547315 84.963585 0.0426 0.0 22.0
6.547315 89.06064 0.0426 0.0 22.0
6.547315 84.963585 0.0427 8.0 22.0
7.856778 88.84574 0.0427 8.0 22.0
7.856778 88.84574 0.0428 0.0 23.0
10.338339 92.10575 0.0428 0.0 23.0
7.856778 88.84574 0.0429 0.0 23.0
9.166241 92.7279 0.0429 0.0 23.0
7.856778 88.84574 0.0430 1.0 23.0
7.856778 92.942795 0.0430 1.0 23.0
7.856778 92.942795 0.0431 0.0 24.0
6.547315 96.82495 0.0431 0.0 24.0
7.856778 92.942795 0.0432 0.0 24.0
7.856778 97.03985 0.0432 0.0 24.0
7.856778 97.03985 0.0433 0.0 25.0
9.166241 100.922005 0.0433 0.0 25.0
7.856778 97.03985 0.0434 0.0 25.0
7.856778 101.1369 0.0434 0.0 25.0
7.856778 88.84574 0.0435 7.0 23.0
9.166241 92.7279 0.0435 7.0 23.0
9.166241 92.7279 0.0436 0.0 24.0
9.166241 96.82495 0.0436 0.0 24.0
9.166241 92.7279 0.0437 6.0 24.0
10.475704 96.610054 0.0437 6.0 24.0
10.475704 96.610054 0.0438 0.0 25.0
12.957264 99.87006 0.0438 0.0 25.0
10.475704 96.610054 0.0439 0.0 25.0
11.785168 100.49221 0.0439 0.0 25.0
10.475704 96.610054 0.0440 1.0 25.0
12.957264 99.87006 0.0440 1.0 25.0
12.957264 99.87006 0.0441 0.0 26.0
14.266727 103.75222 0.0441 0.0 26.0
12.957264 99.87006 0.0442 0.0 26.0
15.438824 103.13007 0.0442 0.0 26.0
15.438824 103.13007 0.0443 0.0 27.0
18.832159 105.425964 0.0443 0.0 27.0
15.438824 103.13007 0.0444 0.0 27.0
17.920383 106.39008 0.0444 0.0 27.0
10.475704 96.610054 0.0445 1.0 25.0
11.785168 100.49221 0.0445 1.0 25.0
11.785168 100.49221 0.0446 0.0 26.0
11.785168 104.589264 0.0446 0.0 26.0
11.785168 100.49221 0.0447 0.0 26.0
13.094631 104.37437 0.0447 0.0 26.0
13.094631 104.37437 0.0448 0.0 27.0
15.576191 107.63438 0.0448 0.0 27.0
13.094631 104.37437 0.0449 0.0 27.0
14.404095 108.25652 0.0449 0.0 27.0
10.475704 96.610054 0.0450 5.0 25.0
12.957264 99.87006 0.0450 5.0 25.0
12.957264 99.87006 0.0451 0.0 26.0
14.266727 103.75222 0.0451 0.0 26.0
12.957264 99.87006 0.0452 4.0 26.0
15.438824 103.13007 0.0452 4.0 26.0
15.438824 103.13007 0.0453 0.0 27.0
18.832159 105.425964 0.0453 0.0 27.0
15.438824 103.13007 0.0454 0.0 27.0
17.920383 106.39008 0.0454 0.0 27.0
15.438824 103.13007 0.0455 1.0 27.0
16.748287 107.01223 0.0455 1.0 27.0
16.748287 107.01223 0.0456 0.0 28.0
16.748287 111.10928 0.0456 0.0 28.0
16.748287 107.01223 0.0457 0.0 28.0
18.05775 110.89439 0.0457 0.0 28.0
18.05775 110.89439 0.0458 0.0 29.0
20.53931 114.154396 0.0458 0.0 29.0
18.05775 110.89439 0.0459 0.0 29.0
19.367214 114.77654 0.0459 0.0 29.0
15.438824 103.13007 0.0460 3.0 27.0
17.920383 106.39008 0.0460 3.0 27.0
17.920383 106.39008 0.0461 0.0 28.0
19.229847 110.27224 0.0461 0.0 28.0
17.920383 106.39008 0.0462 2.0 28.0
20.401943 109.65009 0.0462 2.0 28.0
20.401943 109.65009 0.0463 0.0 29.0
23.795279 111.945984 0.0463 0.0 29.0
20.401943 109.65009 0.0464 0.0 29.0
22.883503 112.9101 0.0464 0.0 29.0
20.401943 109.65009 0.0465 1.0 29.0
23.795279 111.945984 0.0465 1.0 29.0
23.795279 111.945984 0.0466 0.0 30.0
26.276838 115.20599 0.0466 0.0 30.0
23.795279 111.945984 0.0467 0.0 30.0
27.188614 114.24187 0.0467 0.0 30.0
27.188614 114.24187 0.0468 0.0 31.0
31.137756 115.33279 0.0468 0.0 31.0
27.188614 114.24187 0.0469 0.0 31.0
30.58195 116.53775 0.0469 0.0 31.0
20.401943 109.65009 0.0470 1.0 29.0
22.883503 112.9101 0.0470 1.0 29.0
22.883503 112.9101 0.0471 0.0 30.0
24.192966 116.79226 0.0471 0.0 30.0
22.883503 112.9101 0.0472 0.0 30.0
25.365063 116.17011 0.0472 0.0 30.0
25.365063 116.17011 0.0473 0.0 31.0
28.758398 118.466 0.0473 0.0 31.0
25.365063 116.17011 0.0474 0.0 31.0
27.846622 119.43012 0.0474 0.0 31.0
10.475704 96.610054 0.0475 5.0 25.0
11.785168 100.49221 0.0475 5.0 25.0
11.785168 100.49221 0.0476 0.0 26.0
11.785168 104.589264 0.0476 0.0 26.0
11.785168 100.49221 0.0477 4.0 26.0
13.094631 104.37437 0.0477 4.0 26.0
13.094631 104.37437 0.0478 0.0 27.0
15.576191 107.63438 0.0478 0.0 27.0
13.094631 104.37437 0.0479 0.0 27.0
14.404095 108.25652 0.0479 0.0 27.0
13.094631 104.37437 0.0480 1.0 27.0
13.094631 108.47142 0.0480 1.0 27.0
13.094631 108.47142 0.0481 0.0 28.0
11.785168 112.35358 0.0481 0.0 28.0
13.094631 108.47142 0.0482 0.0 28.0
13.094631 112.568474 0.0482 0.0 28.0
13.094631 112.568474 0.0483 0.0 29.0
14.404095 116.45063 0.0483 0.0 29.0
13.094631 112.568474 0.0484 0.0 29.0
13.094631 116.66553 0.0484 0.0 29.0
13.094631 104.37437 0.0485 3.0 27.0
14.404095 108.25652 0.0485 3.0 27.0
14.404095 108.25652 0.0486 0.0 28.0
14.404095 112.35358 0.0486 0.0 28.0
14.404095 108.25652 0.0487 2.0 28.0
15.713558 112.13868 0.0487 2.0 28.0
15.713558 112.13868 0.0488 0.0 29.0
18.195118 115.39869 0.0488 0.0 29.0
15.713558 112.13868 0.0489 0.0 29.0
17.023022 116.020836 0.0489 0.0 29.0
15.713558 112.13868 0.0490 1.0 29.0
18.195118 115.39869 0.0490 1.0 29.0
18.195118 115.39869 0.0491 0.0 30.0
19.504581 119.280846 0.0491 0.0 30.0
18.195118 115.39869 0.0492 0.0 30.0
20.676678 118.6587 0.0492 0.0 30.0
20.676678 118.6587 0.0493 0.0 31.0
24.070013 120.95459 0.0493 0.0 31.0
20.676678 118.6587 0.0494 0.0 31.0
23.158237 121.91871 0.0494 0.0 31.0
15.713558 112.13868 0.0495 1.0 29.0
17.023022 116.020836 0.0495 1.0 29.0
17.023022 116.020836 0.0496 0.0 30.0
17.023022 120.11789 0.0496 0.0 30.0
17.023022 116.020836 0.0497 0.0 30.0
18.332485 119.90299 0.0497 0.0 30.0
18.332485 119.90299 0.0498 0.0 31.0
20.814045 123.163 0.0498 0.0 31.0
18.332485 119.90299 0.0499 0.0 31.0
19.641949 123.78515 0.0499 0.0 31.0
0.0 65.5528 0.0500 13.0 17.0
0.0 69.64986 0.0500 13.0 17.0
0.0 69.64986 0.0501 0.0 18.0
-1.309463 73.53201 0.0501 0.0 18.0
0.0 69.64986 0.0502 12.0 18.0
0.0 73.74691 0.0502 12.0 18.0
0.0 73.74691 0.0503 0.0 19.0
1.309463 77.62907 0.0503 0.0 19.0
0.0 73.74691 0.0504 0.0 19.0
0.0 77.84396 0.0504 0.0 19.0
0.0 73.74691 0.0505 1.0 19.0
-1.309463 77.62907 0.0505 1.0 19.0
-1.309463 77.62907 0.0506 0.0 20.0
-3.7910233 80.88908 0.0506 0.0 20.0
-1.309463 77.62907 0.0507 0.0 20.0
-2.618926 81.51122 0.0507 0.0 20.0
-2.618926 81.51122 0.0508 0.0 21.0
-2.618926 85.60828 0.0508 0.0 21.0
-2.618926 81.51122 0.0509 0.0 21.0
-3.928389 85.39338 0.0509 0.0 21.0
0.0 73.74691 0.0510 11.0 19.0
0.0 77.84396 0.0510 11.0 19.0
0.0 77.84396 0.0511 0.0 20.0
-1.309463 81.72612 0.0511 0.0 20.0
0.0 77.84396 0.0512 10.0 20.0
0.0 81.94102 0.0512 10.0 20.0
0.0 81.94102 0.0513 0.0 21.0
1.309463 85.82317 0.0513 0.0 21.0
0.0 81.94102 0.0514 0.0 21.0
0.0 86.03807 0.0514 0.0 21.0
0.0 81.94102 0.0515 1.0 21.0
1.309463 85.82317 0.0515 1.0 21.0
1.309463 85.82317 0.0516 0.0 22.0
1.309463 89.92023 0.0516 0.0 22.0
1.309463 85.82317 0.0517 0.0 22.0
2.618926 89.70533 0.0517 0.0 22.0
2.618926 89.70533 0.0518 0.0 23.0
5.1004863 92.96534 0.0518 0.0 23.0
2.618926 89.70533 0.0519 0.0 23.0
3.928389 93.58749 0.0519 0.0 23.0
0.0 81.94102 0.0520 1.0 21.0
0.0 86.03807 0.0520 1.0 21.0
0.0 86.03807 0.0521 0.0 22.0
-1.309463 89.92023 0.0521 0.0 22.0
0.0 86.03807 0.0522 0.0 22.0
0.0 90.135124 0.0522 0.0 22.0
0.0 90.135124 0.0523 0.0 23.0
1.309463 94.01728 0.0523 0.0 23.0
0.0 90.135124 0.0524 0.0 23.0
0.0 94.23218 0.0524 0.0 23.0
0.0 81.94102 0.0525 5.0 21.0
1.309463 85.82317 0.0525 5.0 21.0
1.309463 85.82317 0.0526 0.0 22.0
1.309463 89.92023 0.0526 0.0 22.0
1.309463 85.82317 0.0527 4.0 22.0
2.618926 89.70533 0.0527 4.0 22.0
2.618926 89.70533 0.0528 0.0 23.0
5.1004863 92.96534 0.0528 0.0 23.0
2.618926 89.70533 0.0529 0.0 23.0
3.928389 93.58749 0.0529 0.0 23.0
2.618926 89.70533 0.0530 1.0 23.0
2.618926 93.80238 0.0530 1.0 23.0
2.618926 93.80238 0.0531 0.0 24.0
1.309463 97.68454 0.0531 0.0 24.0
2.618926 93.80238 0.0532 0.0 24.0
2.618926 97.89944 0.0532 0.0 24.0
2.618926 97.89944 0.0533 0.0 25.0
3.928389 101.78159 0.0533 0.0 25.0
2.618926 97.89944 0.0534 0.0 25.0
2.618926 101.99649 0.0534 0.0 25.0
2.618926 89.70533 0.0535 3.0 23.0
3.928389 93.58749 0.0535 3.0 23.0
3.928389 93.58749 0.0536 0.0 24.0
3.928389 97.68454 0.0536 0.0 24.0
3.928389 93.58749 0.0537 2.0 24.0
5.237852 97.46964 0.0537 2.0 24.0
5.237852 97.46964 0.0538 0.0 25.0
7.7194123 100.72965 0.0538 0.0 25.0
5.237852 97.46964 0.0539 0.0 25.0
6.547315 101.3518 0.0539 0.0 25.0
5.237852 97.46964 0.0540 1.0 25.0
7.7194123 100.72965 0.0540 1.0 25.0
7.7194123 100.72965 0.0541 0.0 26.0
9.028875 104.61181 0.0541 0.0 26.0
7.7194123 100.72965 0.0542 0.0 26.0
10.200973 103.98966 0.0542 0.0 26.0
10.200973 103.98966 0.0543 0.0 27.0
13.594308 106.28555 0.0543 0.0 27.0
10.200973 103.98966 0.0544 0.0 27.0
12.682533 107.24967 0.0544 0.0 27.0
5.237852 97.46964 0.0545 1.0 25.0
6.547315 101.3518 0.0545 1.0 25.0
6.547315 101.3518 0.0546 0.0 26.0
6.547315 105.44885 0.0546 0.0 26.0
6.547315 101.3518 0.0547 0.0 26.0
7.856778 105.233955 0.0547 0.0 26.0
7.856778 105.233955 0.0548 0.0 27.0
10.338339 108.493965 0.0548 0.0 27.0
7.856778 105.233955 0.0549 0.0 27.0
9.166241 109.11611 0.0549 0.0 27.0
0.0 81.94102 0.0550 9.0 21.0
0.0 86.03807 0.0550 9.0 21.0
0.0 86.03807 0.0551 0.0 22.0
-1.309463 89.92023 0.0551 0.0 22.0
0.0 86.03807 0.0552 8.0 22.0
0.0 90.135124 0.0552 8.0 22.0
0.0 90.135124 0.0553 0.0 23.0
1.309463 94.01728 0.0553 0.0 23.0
0.0 90.135124 0.0554 0.0 23.0
0.0 94.23218 0.0554 0.0 23.0
0.0 90.135124 0.0555 1.0 23.0
-1.309463 94.01728 0.0555 1.0 23.0
-1.309463 94.01728 0.0556 0.0 24.0
-3.7910233 97.27729 0.0556 0.0 24.0
-1.309463 94.01728 0.0557 0.0 24.0
-2.618926 97.89944 0.0557 0.0 24.0
-2.618926 97.89944 0.0558 0.0 25.0
-2.618926 101.99649 0.0558 0.0 25.0
-2.618926 97.89944 0.0559 0.0 25.0
-3.928389 101.78159 0.0559 0.0 25.0
0.0 90.135124 0.0560 7.0 23.0
0.0 94.23218 0.0560 7.0 23.0
0.0 94.23218 0.0561 0.0 24.0
-1.309463 98.114334 0.0561 0.0 24.0
0.0 94.23218 0.0562 6.0 24.0
0.0 98.32923 0.0562 6.0 24.0
0.0 98.32923 0.0563 0.0 25.0
1.309463 102.21139 0.0563 0.0 25.0
0.0 98.32923 0.0564 0.0 25.0
0.0 102.426285 0.0564 0.0 25.0
0.0 98.32923 0.0565 1.0 25.0
1.309463 102.21139 0.0565 1.0 25.0
1.309463 102.21139 0.0566 0.0 26.0
1.309463 106.30844 0.0566 0.0 26.0
1.309463 102.21139 0.0567 0.0 26.0
2.618926 106.093544 0.0567 0.0 26.0
2.618926 106.093544 0.0568 0.0 27.0
5.1004863 109.35355 0.0568 0.0 27.0
2.618926 106.093544 0.0569 0.0 27.0
3.928389 109.9757 0.0569 0.0 27.0
0.0 98.32923 0.0570 1.0 25.0
0.0 102.426285 0.0570 1.0 25.0
0.0 102.426285 0.0571 0.0 26.0
-1.309463 106.30844 0.0571 0.0 26.0
0.0 102.426285 0.0572 0.0 26.0
0.0 106.52334 0.0572 0.0 26.0
0.0 106.52334 0.0573 0.0 27.0
1.309463 110.405495 0.0573 0.0 27.0
0.0 106.52334 0.0574 0.0 27.0
0.0 110.62039 0.0574 0.0 27.0
0.0 98.32923 0.0575 5.0 25.0
1.309463 102.21139 0.0575 5.0 25.0
1.309463 102.21139 0.0576 0.0 26.0
1.309463 106.30844 0.0576 0.0 26.0
1.309463 102.21139 0.0577 4.0 26.0
2.618926 106.093544 0.0577 4.0 26.0
2.618926 106.093544 0.0578 0.0 27.0
5.1004863 109.35355 0.0578 0.0 27.0
2.618926 106.093544 0.0579 0.0 27.0
3.928389 109.9757 0.0579 0.0 27.0
2.618926 106.093544 0.0580 1.0 27.0
2.618926 110.1906 0.0580 1.0 27.0
2.618926 110.1906 0.0581 0.0 28.0
1.309463 114.072754 0.0581 0.0 28.0
2.618926 110.1906 0.0582 0.0 28.0
2.618926 114.28765 0.0582 0.0 28.0
2.618926 114.28765 0.0583 0.0 29.0
3.928389 118.16981 0.0583 0.0 29.0
2.618926 114.28765 0.0584 0.0 29.0
2.618926 118.384705 0.0584 0.0 29.0
2.618926 106.093544 0.0585 3.0 27.0
3.928389 109.9757 0.0585 3.0 27.0
3.928389 109.9757 0.0586 0.0 28.0
3.928389 114.072754 0.0586 0.0 28.0
3.928389 109.9757 0.0587 2.0 28.0
5.237852 113.85786 0.0587 2.0 28.0
5.237852 113.85786 0.0588 0.0 29.0
7.7194123 117.11787 0.0588 0.0 29.0
5.237852 113.85786 0.0589 0.0 29.0
6.547315 117.74001 0.0589 0.0 29.0
5.237852 113.85786 0.0590 1.0 29.0
7.7194123 117.11787 0.0590 1.0 29.0
7.7194123 117.11787 0.0591 0.0 30.0
9.028875 121.00002 0.0591 0.0 30.0
7.7194123 117.11787 0.0592 0.0 30.0
10.200973 120.37788 0.0592 0.0 30.0
10.200973 120.37788 0.0593 0.0 31.0
13.594308 122.67377 0.0593 0.0 31.0
10.200973 120.37788 0.0594 0.0 31.0
12.682533 123.637886 0.0594 0.0 31.0
5.237852 113.85786 0.0595 1.0 29.0
6.547315 117.74001 0.0595 1.0 29.0
6.547315 117.74001 0.0596 0.0 30.0
6.547315 121.83707 0.0596 0.0 30.0
6.547315 117.74001 0.0597 0.0 30.0
7.856778 121.62217 0.0597 0.0 30.0
7.856778 121.62217 0.0598 0.0 31.0
10.338339 124.88218 0.0598 0.0 31.0
7.856778 121.62217 0.0599 0.0 31.0
9.166241 125.504326 0.0599 0.0 31.0
0.0 98.32923 0.0600 5.0 25.0
0.0 102.426285 0.0600 5.0 25.0
0.0 102.426285 0.0601 0.0 26.0
-1.309463 106.30844 0.0601 0.0 26.0
0.0 102.426285 0.0602 4.0 26.0
0.0 106.52334 0.0602 4.0 26.0
0.0 106.52334 0.0603 0.0 27.0
1.309463 110.405495 0.0603 0.0 27.0
0.0 106.52334 0.0604 0.0 27.0
0.0 110.62039 0.0604 0.0 27.0
0.0 106.52334 0.0605 1.0 27.0
-1.309463 110.405495 0.0605 1.0 27.0
-1.309463 110.405495 0.0606 0.0 28.0
-3.7910233 113.665504 0.0606 0.0 28.0
-1.309463 110.405495 0.0607 0.0 28.0
-2.618926 114.28765 0.0607 0.0 28.0
-2.618926 114.28765 0.0608 0.0 29.0
-2.618926 118.384705 0.0608 0.0 29.0
-2.618926 114.28765 0.0609 0.0 29.0
-3.928389 118.16981 0.0609 0.0 29.0
0.0 106.52334 0.0610 3.0 27.0
0.0 110.62039 0.0610 3.0 27.0
0.0 110.62039 0.0611 0.0 28.0
-1.309463 114.50255 0.0611 0.0 28.0
0.0 110.62039 0.0612 2.0 28.0
0.0 114.717445 0.0612 2.0 28.0
0.0 114.717445 0.0613 0.0 29.0
1.309463 118.5996 0.0613 0.0 29.0
0.0 114.717445 0.0614 0.0 29.0
0.0 118.8145 0.0614 0.0 29.0
0.0 114.717445 0.0615 1.0 29.0
1.309463 118.5996 0.0615 1.0 29.0
1.309463 118.5996 0.0616 0.0 30.0
1.309463 122.696655 0.0616 0.0 30.0
1.309463 118.5996 0.0617 0.0 30.0
2.618926 122.48176 0.0617 0.0 30.0
2.618926 122.48176 0.0618 0.0 31.0
5.1004863 125.74177 0.0618 0.0 31.0
2.618926 122.48176 0.0619 0.0 31.0
3.928389 126.363914 0.0619 0.0 31.0
0.0 114.717445 0.0620 1.0 29.0
0.0 118.8145 0.0620 1.0 29.0
0.0 118.8145 0.0621 0.0 30.0
-1.309463 122.696655 0.0621 0.0 30.0
0.0 118.8145 0.0622 0.0 30.0
0.0 122.91155 0.0622 0.0 30.0
0.0 122.91155 0.0623 0.0 31.0
1.309463 126.79371 0.0623 0.0 31.0
0.0 122.91155 0.0624 0.0 31.0
0.0 127.008606 0.0624 0.0 31.0
