0.0 0.0 0.00 11.0 1.0
-1.2053398 1.5192225 0.00 11.0 1.0
-1.2053398 1.5192225 0.01 10.0 2.0
-2.4106796 3.038445 0.01 10.0 2.0
-2.4106796 3.038445 0.02 1.0 3.0
-3.6160192 4.5576677 0.02 1.0 3.0
-3.6160192 4.5576677 0.03 0.0 4.0
-5.419485 5.2706833 0.03 0.0 4.0
-5.419485 5.2706833 0.04 0.0 5.0
-7.33784 4.9864397 0.04 0.0 5.0
-2.4106796 3.038445 0.05 1.0 3.0
-3.929902 1.8331052 0.05 1.0 3.0
-3.929902 1.8331052 0.06 0.0 4.0
-5.848257 1.5488615 0.06 0.0 4.0
-5.848257 1.5488615 0.07 0.0 5.0
-7.651723 2.2618768 0.07 0.0 5.0
-2.4106796 3.038445 0.08 9.0 3.0
-4.329035 2.7542014 0.08 9.0 3.0
-4.329035 2.7542014 0.09 8.0 4.0
-6.24739 2.4699578 0.09 8.0 4.0
-6.24739 2.4699578 0.010 1.0 5.0
-8.165745 2.1857142 0.010 1.0 5.0
-8.165745 2.1857142 0.011 0.0 6.0
-9.684967 0.98037446 0.011 0.0 6.0
-9.684967 0.98037446 0.012 0.0 7.0
-10.397982 -0.82309175 0.012 0.0 7.0
-6.24739 2.4699578 0.013 1.0 5.0
-5.963146 0.5516027 0.013 1.0 5.0
-5.963146 0.5516027 0.014 0.0 6.0
-6.6761613 -1.2518635 0.014 0.0 6.0
-6.6761613 -1.2518635 0.015 0.0 7.0
-8.195383 -2.4572036 0.015 0.0 7.0
-6.24739 2.4699578 0.016 7.0 5.0
-8.165745 2.1857138 0.016 7.0 5.0
-8.165745 2.1857138 0.017 6.0 6.0
-10.0841 1.9014696 0.017 6.0 6.0
-10.0841 1.9014696 0.018 1.0 7.0
-12.002455 1.6172254 0.018 1.0 7.0
-12.002455 1.6172254 0.019 0.0 8.0
-13.521677 0.41188526 0.019 0.0 8.0
-13.521677 0.41188526 0.020 0.0 9.0
-14.234692 -1.3915809 0.020 0.0 9.0
-10.0841 1.9014696 0.021 1.0 7.0
-9.799856 -0.016885519 0.021 1.0 7.0
-9.799856 -0.016885519 0.022 0.0 8.0
-10.512871 -1.8203517 0.022 0.0 8.0
-10.512871 -1.8203517 0.023 0.0 9.0
-12.032093 -3.025692 0.023 0.0 9.0
-10.0841 1.9014696 0.024 5.0 7.0
-9.799856 -0.016885519 0.024 5.0 7.0
-9.799856 -0.016885519 0.025 4.0 8.0
-9.515613 -1.9352406 0.025 4.0 8.0
-9.515613 -1.9352406 0.026 1.0 9.0
-9.231369 -3.8535957 0.026 1.0 9.0
-9.231369 -3.8535957 0.027 0.0 10.0
-8.02603 -5.372818 0.027 0.0 10.0
-8.02603 -5.372818 0.028 0.0 11.0
-6.2225637 -6.0858335 0.028 0.0 11.0
-9.515613 -1.9352406 0.029 1.0 9.0
-7.5972576 -1.6509974 0.029 1.0 9.0
-7.5972576 -1.6509974 0.030 0.0 10.0
-5.793792 -2.364013 0.030 0.0 10.0
-5.793792 -2.364013 0.031 0.0 11.0
-4.588452 -3.8832355 0.031 0.0 11.0
-9.515613 -1.9352406 0.032 3.0 9.0
-7.5972576 -1.6509974 0.032 3.0 9.0
-7.5972576 -1.6509974 0.033 2.0 10.0
-5.6789026 -1.3667543 0.033 2.0 10.0
-5.6789026 -1.3667543 0.034 1.0 11.0
-3.7605474 -1.0825112 0.034 1.0 11.0
-3.7605474 -1.0825112 0.035 0.0 12.0
-2.2413244 0.122828126 0.035 0.0 12.0
-2.2413244 0.122828126 0.036 0.0 13.0
-1.5283082 1.9262938 0.036 0.0 13.0
-5.6789026 -1.3667543 0.037 1.0 11.0
-5.9631453 0.55160105 0.037 1.0 11.0
-5.9631453 0.55160105 0.038 0.0 12.0
-5.250129 2.3550668 0.038 0.0 12.0
-5.250129 2.3550668 0.039 0.0 13.0
-3.7309065 3.5604062 0.039 0.0 13.0
-6.24739 2.4699578 0.040 7.0 5.0
-5.963146 0.5516027 0.040 7.0 5.0
-5.963146 0.5516027 0.041 6.0 6.0
-5.6789026 -1.3667524 0.041 6.0 6.0
-5.6789026 -1.3667524 0.042 1.0 7.0
-5.394659 -3.2851076 0.042 1.0 7.0
-5.394659 -3.2851076 0.043 0.0 8.0
-4.189319 -4.80433 0.043 0.0 8.0
-4.189319 -4.80433 0.044 0.0 9.0
-2.3858533 -5.5173454 0.044 0.0 9.0
-5.6789026 -1.3667524 0.045 1.0 7.0
-3.7605474 -1.0825093 0.045 1.0 7.0
-3.7605474 -1.0825093 0.046 0.0 8.0
-1.9570814 -1.7955248 0.046 0.0 8.0
-1.9570814 -1.7955248 0.047 0.0 9.0
-0.75174165 -3.3147473 0.047 0.0 9.0
-5.6789026 -1.3667524 0.048 5.0 7.0
-4.4735627 -2.885975 0.048 5.0 7.0
-4.4735627 -2.885975 0.049 4.0 8.0
-3.2682228 -4.405197 0.049 4.0 8.0
-3.2682228 -4.405197 0.050 1.0 9.0
-2.062883 -5.9244194 0.050 1.0 9.0
-2.062883 -5.9244194 0.051 0.0 10.0
-0.25941694 -6.637435 0.051 0.0 10.0
-0.25941694 -6.637435 0.052 0.0 11.0
1.6589383 -6.353192 0.052 0.0 11.0
-3.2682228 -4.405197 0.053 1.0 9.0
-1.749 -3.1998577 0.053 1.0 9.0
-1.749 -3.1998577 0.054 0.0 10.0
0.16935527 -2.9156146 0.054 0.0 10.0
0.16935527 -2.9156146 0.055 0.0 11.0
1.9728212 -3.6286302 0.055 0.0 11.0
-3.2682228 -4.405197 0.056 3.0 9.0
-1.4647568 -5.1182127 0.056 3.0 9.0
-1.4647568 -5.1182127 0.057 2.0 10.0
0.33870912 -5.8312283 0.057 2.0 10.0
0.33870912 -5.8312283 0.058 1.0 11.0
2.1421752 -6.544244 0.058 1.0 11.0
2.1421752 -6.544244 0.059 0.0 12.0
4.0605307 -6.2600007 0.059 0.0 12.0
4.0605307 -6.2600007 0.060 0.0 13.0
5.5797534 -5.0546613 0.060 0.0 13.0
0.33870912 -5.8312283 0.061 1.0 11.0
1.0517254 -4.0277624 0.061 1.0 11.0
1.0517254 -4.0277624 0.062 0.0 12.0
2.5709481 -2.822423 0.062 0.0 12.0
2.5709481 -2.822423 0.063 0.0 13.0
4.4893036 -2.5381799 0.063 0.0 13.0
