0.0 0.0 0.00 43.0 1.0
0.0 3.203993 0.00 43.0 1.0
0.0 3.203993 0.01 42.0 2.0
0.0 6.407986 0.01 42.0 2.0
0.0 6.407986 0.02 41.0 3.0
0.0 9.6119795 0.02 41.0 3.0
0.0 9.6119795 0.03 40.0 4.0
0.0 12.815972 0.03 40.0 4.0
0.0 12.815972 0.04 39.0 5.0
0.0 16.019966 0.04 39.0 5.0
0.0 16.019966 0.05 38.0 6.0
0.0 19.223959 0.05 38.0 6.0
0.0 19.223959 0.06 37.0 7.0
0.0 22.427952 0.06 37.0 7.0
0.0 22.427952 0.07 36.0 8.0
0.0 25.631945 0.07 36.0 8.0
0.0 25.631945 0.08 19.0 9.0
1.6170607 28.397932 0.08 19.0 9.0
1.6170607 28.397932 0.09 18.0 10.0
3.2341213 31.16392 0.09 18.0 10.0
3.2341213 31.16392 0.010 17.0 11.0
4.851182 33.92991 0.010 17.0 11.0
4.851182 33.92991 0.011 16.0 12.0
6.4682426 36.695896 0.011 16.0 12.0
6.4682426 36.695896 0.012 7.0 13.0
9.26024 38.267624 0.012 7.0 13.0
9.26024 38.267624 0.013 6.0 14.0
12.052237 39.83935 0.013 6.0 14.0
12.052237 39.83935 0.014 1.0 15.0
15.255803 39.787086 0.014 1.0 15.0
15.255803 39.787086 0.015 0.0 16.0
18.45937 39.73482 0.015 0.0 16.0
18.45937 39.73482 0.016 0.0 17.0
21.198612 38.072857 0.016 0.0 17.0
12.052237 39.83935 0.017 1.0 15.0
14.791479 38.177387 0.017 1.0 15.0
14.791479 38.177387 0.018 0.0 16.0
17.530722 36.515423 0.018 0.0 16.0
17.530722 36.515423 0.019 0.0 17.0
19.056696 33.69816 0.019 0.0 17.0
12.052237 39.83935 0.020 5.0 15.0
14.8442335 41.41108 0.020 5.0 15.0
14.8442335 41.41108 0.021 4.0 16.0
17.63623 42.982807 0.021 4.0 16.0
17.63623 42.982807 0.022 3.0 17.0
20.839798 42.930542 0.022 3.0 17.0
20.839798 42.930542 0.023 2.0 18.0
24.043365 42.878277 0.023 2.0 18.0
24.043365 42.878277 0.024 1.0 19.0
27.246933 42.82601 0.024 1.0 19.0
27.246933 42.82601 0.025 0.0 20.0
30.4505 42.773746 0.025 0.0 20.0
30.4505 42.773746 0.026 0.0 21.0
33.189743 41.111782 0.026 0.0 21.0
17.63623 42.982807 0.027 1.0 17.0
20.839798 42.930542 0.027 1.0 17.0
20.839798 42.930542 0.028 0.0 18.0
24.043365 42.878277 0.028 0.0 18.0
24.043365 42.878277 0.029 0.0 19.0
26.782608 41.216312 0.029 0.0 19.0
6.4682426 36.695896 0.030 7.0 13.0
9.671809 36.64363 0.030 7.0 13.0
9.671809 36.64363 0.031 6.0 14.0
12.875376 36.591366 0.031 6.0 14.0
12.875376 36.591366 0.032 1.0 15.0
15.614618 34.9294 0.032 1.0 15.0
15.614618 34.9294 0.033 0.0 16.0
18.35386 33.267437 0.033 0.0 16.0
18.35386 33.267437 0.034 0.0 17.0
19.879835 30.450174 0.034 0.0 17.0
12.875376 36.591366 0.035 1.0 15.0
14.401351 33.7741 0.035 1.0 15.0
14.401351 33.7741 0.036 0.0 16.0
15.927326 30.956839 0.036 0.0 16.0
15.927326 30.956839 0.037 0.0 17.0
15.822814 27.75455 0.037 0.0 17.0
12.875376 36.591366 0.038 5.0 15.0
16.078943 36.5391 0.038 5.0 15.0
16.078943 36.5391 0.039 4.0 16.0
19.28251 36.486835 0.039 4.0 16.0
19.28251 36.486835 0.040 3.0 17.0
22.021753 34.82487 0.040 3.0 17.0
22.021753 34.82487 0.041 2.0 18.0
24.760996 33.162907 0.041 2.0 18.0
24.760996 33.162907 0.042 1.0 19.0
27.500238 31.500942 0.042 1.0 19.0
27.500238 31.500942 0.043 0.0 20.0
30.239481 29.838978 0.043 0.0 20.0
30.239481 29.838978 0.044 0.0 21.0
31.765455 27.021715 0.044 0.0 21.0
19.28251 36.486835 0.045 1.0 17.0
22.021753 34.82487 0.045 1.0 17.0
22.021753 34.82487 0.046 0.0 18.0
24.760996 33.162907 0.046 0.0 18.0
24.760996 33.162907 0.047 0.0 19.0
26.28697 30.345644 0.047 0.0 19.0
6.4682426 36.695896 0.048 15.0 13.0
8.085303 39.461884 0.048 15.0 13.0
8.085303 39.461884 0.049 14.0 14.0
9.702364 42.22787 0.049 14.0 14.0
9.702364 42.22787 0.050 13.0 15.0
11.319425 44.99386 0.050 13.0 15.0
11.319425 44.99386 0.051 12.0 16.0
12.936485 47.759846 0.051 12.0 16.0
12.936485 47.759846 0.052 11.0 17.0
15.728482 49.331573 0.052 11.0 17.0
15.728482 49.331573 0.053 10.0 18.0
18.52048 50.9033 0.053 10.0 18.0
18.52048 50.9033 0.054 9.0 19.0
21.312477 52.47503 0.054 9.0 19.0
21.312477 52.47503 0.055 8.0 20.0
24.104473 54.046757 0.055 8.0 20.0
24.104473 54.046757 0.056 7.0 21.0
26.89647 55.618484 0.056 7.0 21.0
26.89647 55.618484 0.057 6.0 22.0
29.688465 57.190212 0.057 6.0 22.0
29.688465 57.190212 0.058 1.0 23.0
32.892033 57.137947 0.058 1.0 23.0
32.892033 57.137947 0.059 0.0 24.0
36.0956 57.085682 0.059 0.0 24.0
36.0956 57.085682 0.060 0.0 25.0
38.834843 55.423717 0.060 0.0 25.0
29.688465 57.190212 0.061 1.0 23.0
32.427708 55.528248 0.061 1.0 23.0
32.427708 55.528248 0.062 0.0 24.0
35.16695 53.866283 0.062 0.0 24.0
35.16695 53.866283 0.063 0.0 25.0
36.692924 51.04902 0.063 0.0 25.0
29.688465 57.190212 0.064 5.0 23.0
32.48046 58.76194 0.064 5.0 23.0
32.48046 58.76194 0.065 4.0 24.0
35.272457 60.333668 0.065 4.0 24.0
35.272457 60.333668 0.066 3.0 25.0
38.476025 60.281403 0.066 3.0 25.0
38.476025 60.281403 0.067 2.0 26.0
41.679592 60.229137 0.067 2.0 26.0
41.679592 60.229137 0.068 1.0 27.0
44.88316 60.176872 0.068 1.0 27.0
44.88316 60.176872 0.069 0.0 28.0
48.086727 60.124607 0.069 0.0 28.0
48.086727 60.124607 0.070 0.0 29.0
50.82597 58.462643 0.070 0.0 29.0
35.272457 60.333668 0.071 1.0 25.0
38.476025 60.281403 0.071 1.0 25.0
38.476025 60.281403 0.072 0.0 26.0
41.679592 60.229137 0.072 0.0 26.0
41.679592 60.229137 0.073 0.0 27.0
44.418835 58.567173 0.073 0.0 27.0
12.936485 47.759846 0.074 7.0 17.0
15.728482 49.331573 0.074 7.0 17.0
15.728482 49.331573 0.075 6.0 18.0
18.52048 50.9033 0.075 6.0 18.0
18.52048 50.9033 0.076 1.0 19.0
21.724047 50.851036 0.076 1.0 19.0
21.724047 50.851036 0.077 0.0 20.0
24.927614 50.79877 0.077 0.0 20.0
24.927614 50.79877 0.078 0.0 21.0
27.666857 49.136806 0.078 0.0 21.0
18.52048 50.9033 0.079 1.0 19.0
21.259722 49.241337 0.079 1.0 19.0
21.259722 49.241337 0.080 0.0 20.0
23.998964 47.579372 0.080 0.0 20.0
23.998964 47.579372 0.081 0.0 21.0
25.524939 44.762108 0.081 0.0 21.0
18.52048 50.9033 0.082 5.0 19.0
21.312477 52.47503 0.082 5.0 19.0
21.312477 52.47503 0.083 4.0 20.0
24.104475 54.046757 0.083 4.0 20.0
24.104475 54.046757 0.084 3.0 21.0
27.308043 53.99449 0.084 3.0 21.0
27.308043 53.99449 0.085 2.0 22.0
30.51161 53.942226 0.085 2.0 22.0
30.51161 53.942226 0.086 1.0 23.0
33.715176 53.88996 0.086 1.0 23.0
33.715176 53.88996 0.087 0.0 24.0
36.918743 53.837696 0.087 0.0 24.0
36.918743 53.837696 0.088 0.0 25.0
39.657986 52.17573 0.088 0.0 25.0
24.104475 54.046757 0.089 1.0 21.0
27.308043 53.99449 0.089 1.0 21.0
27.308043 53.99449 0.090 0.0 22.0
30.51161 53.942226 0.090 0.0 22.0
30.51161 53.942226 0.091 0.0 23.0
33.25085 52.280262 0.091 0.0 23.0
0.0 25.631945 0.092 19.0 9.0
0.0 28.835938 0.092 19.0 9.0
0.0 28.835938 0.093 18.0 10.0
0.0 32.039932 0.093 18.0 10.0
0.0 32.039932 0.094 17.0 11.0
0.0 35.243927 0.094 17.0 11.0
0.0 35.243927 0.095 16.0 12.0
0.0 38.44792 0.095 16.0 12.0
0.0 38.44792 0.096 7.0 13.0
1.6170607 41.21391 0.096 7.0 13.0
1.6170607 41.21391 0.097 6.0 14.0
3.2341213 43.979897 0.097 6.0 14.0
3.2341213 43.979897 0.098 1.0 15.0
6.0261183 45.551624 0.098 1.0 15.0
6.0261183 45.551624 0.099 0.0 16.0
8.818115 47.123352 0.099 0.0 16.0
8.818115 47.123352 0.0100 0.0 17.0
12.021682 47.071087 0.0100 0.0 17.0
3.2341213 43.979897 0.0101 1.0 15.0
6.437688 43.92763 0.0101 1.0 15.0
6.437688 43.92763 0.0102 0.0 16.0
9.641254 43.875366 0.0102 0.0 16.0
9.641254 43.875366 0.0103 0.0 17.0
12.380497 42.2134 0.0103 0.0 17.0
3.2341213 43.979897 0.0104 5.0 15.0
4.851182 46.745884 0.0104 5.0 15.0
4.851182 46.745884 0.0105 4.0 16.0
6.4682426 49.51187 0.0105 4.0 16.0
6.4682426 49.51187 0.0106 3.0 17.0
9.26024 51.0836 0.0106 3.0 17.0
9.26024 51.0836 0.0107 2.0 18.0
12.052237 52.655327 0.0107 2.0 18.0
12.052237 52.655327 0.0108 1.0 19.0
14.8442335 54.227055 0.0108 1.0 19.0
14.8442335 54.227055 0.0109 0.0 20.0
17.63623 55.798782 0.0109 0.0 20.0
17.63623 55.798782 0.0110 0.0 21.0
20.839798 55.746517 0.0110 0.0 21.0
6.4682426 49.51187 0.0111 1.0 17.0
9.26024 51.0836 0.0111 1.0 17.0
9.26024 51.0836 0.0112 0.0 18.0
12.052237 52.655327 0.0112 0.0 18.0
12.052237 52.655327 0.0113 0.0 19.0
15.255803 52.60306 0.0113 0.0 19.0
0.0 38.44792 0.0114 7.0 13.0
2.791997 40.01965 0.0114 7.0 13.0
2.791997 40.01965 0.0115 6.0 14.0
5.583994 41.591377 0.0115 6.0 14.0
5.583994 41.591377 0.0116 1.0 15.0
8.78756 41.539112 0.0116 1.0 15.0
8.78756 41.539112 0.0117 0.0 16.0
11.991127 41.486847 0.0117 0.0 16.0
11.991127 41.486847 0.0118 0.0 17.0
14.73037 39.824883 0.0118 0.0 17.0
5.583994 41.591377 0.0119 1.0 15.0
8.323236 39.929413 0.0119 1.0 15.0
8.323236 39.929413 0.0120 0.0 16.0
11.062479 38.26745 0.0120 0.0 16.0
11.062479 38.26745 0.0121 0.0 17.0
12.588454 35.450184 0.0121 0.0 17.0
5.583994 41.591377 0.0122 5.0 15.0
8.375991 43.163105 0.0122 5.0 15.0
8.375991 43.163105 0.0123 4.0 16.0
11.167988 44.734833 0.0123 4.0 16.0
11.167988 44.734833 0.0124 3.0 17.0
14.371554 44.682568 0.0124 3.0 17.0
14.371554 44.682568 0.0125 2.0 18.0
17.57512 44.630302 0.0125 2.0 18.0
17.57512 44.630302 0.0126 1.0 19.0
20.778688 44.578037 0.0126 1.0 19.0
20.778688 44.578037 0.0127 0.0 20.0
23.982256 44.525772 0.0127 0.0 20.0
23.982256 44.525772 0.0128 0.0 21.0
26.721498 42.863808 0.0128 0.0 21.0
11.167988 44.734833 0.0129 1.0 17.0
14.371554 44.682568 0.0129 1.0 17.0
14.371554 44.682568 0.0130 0.0 18.0
17.57512 44.630302 0.0130 0.0 18.0
17.57512 44.630302 0.0131 0.0 19.0
20.314363 42.968338 0.0131 0.0 19.0
0.0 38.44792 0.0132 15.0 13.0
0.0 41.651917 0.0132 15.0 13.0
0.0 41.651917 0.0133 14.0 14.0
0.0 44.85591 0.0133 14.0 14.0
0.0 44.85591 0.0134 13.0 15.0
0.0 48.059906 0.0134 13.0 15.0
0.0 48.059906 0.0135 12.0 16.0
0.0 51.2639 0.0135 12.0 16.0
0.0 51.2639 0.0136 11.0 17.0
1.6170607 54.02989 0.0136 11.0 17.0
1.6170607 54.02989 0.0137 10.0 18.0
3.2341213 56.795876 0.0137 10.0 18.0
3.2341213 56.795876 0.0138 9.0 19.0
4.851182 59.561863 0.0138 9.0 19.0
4.851182 59.561863 0.0139 8.0 20.0
6.4682426 62.32785 0.0139 8.0 20.0
6.4682426 62.32785 0.0140 7.0 21.0
8.085303 65.09384 0.0140 7.0 21.0
8.085303 65.09384 0.0141 6.0 22.0
9.702364 67.85983 0.0141 6.0 22.0
9.702364 67.85983 0.0142 1.0 23.0
12.494361 69.43156 0.0142 1.0 23.0
12.494361 69.43156 0.0143 0.0 24.0
15.286358 71.00328 0.0143 0.0 24.0
15.286358 71.00328 0.0144 0.0 25.0
18.489925 70.95102 0.0144 0.0 25.0
9.702364 67.85983 0.0145 1.0 23.0
12.9059305 67.80757 0.0145 1.0 23.0
12.9059305 67.80757 0.0146 0.0 24.0
16.109497 67.75531 0.0146 0.0 24.0
16.109497 67.75531 0.0147 0.0 25.0
18.84874 66.093346 0.0147 0.0 25.0
9.702364 67.85983 0.0148 5.0 23.0
11.319425 70.625824 0.0148 5.0 23.0
11.319425 70.625824 0.0149 4.0 24.0
12.936485 73.391815 0.0149 4.0 24.0
12.936485 73.391815 0.0150 3.0 25.0
15.728482 74.96354 0.0150 3.0 25.0
15.728482 74.96354 0.0151 2.0 26.0
18.52048 76.53526 0.0151 2.0 26.0
18.52048 76.53526 0.0152 1.0 27.0
21.312477 78.10699 0.0152 1.0 27.0
21.312477 78.10699 0.0153 0.0 28.0
24.104475 79.67871 0.0153 0.0 28.0
24.104475 79.67871 0.0154 0.0 29.0
27.308043 79.62645 0.0154 0.0 29.0
12.936485 73.391815 0.0155 1.0 25.0
15.728482 74.96354 0.0155 1.0 25.0
15.728482 74.96354 0.0156 0.0 26.0
18.52048 76.53526 0.0156 0.0 26.0
18.52048 76.53526 0.0157 0.0 27.0
21.724047 76.483 0.0157 0.0 27.0
0.0 51.2639 0.0158 7.0 17.0
1.6170607 54.02989 0.0158 7.0 17.0
1.6170607 54.02989 0.0159 6.0 18.0
3.2341213 56.795876 0.0159 6.0 18.0
3.2341213 56.795876 0.0160 1.0 19.0
6.0261183 58.367603 0.0160 1.0 19.0
6.0261183 58.367603 0.0161 0.0 20.0
8.818115 59.93933 0.0161 0.0 20.0
8.818115 59.93933 0.0162 0.0 21.0
12.021682 59.887066 0.0162 0.0 21.0
3.2341213 56.795876 0.0163 1.0 19.0
6.437688 56.74361 0.0163 1.0 19.0
6.437688 56.74361 0.0164 0.0 20.0
9.641254 56.691345 0.0164 0.0 20.0
9.641254 56.691345 0.0165 0.0 21.0
12.380497 55.02938 0.0165 0.0 21.0
3.2341213 56.795876 0.0166 5.0 19.0
4.851182 59.561863 0.0166 5.0 19.0
4.851182 59.561863 0.0167 4.0 20.0
6.4682426 62.32785 0.0167 4.0 20.0
6.4682426 62.32785 0.0168 3.0 21.0
9.26024 63.89958 0.0168 3.0 21.0
9.26024 63.89958 0.0169 2.0 22.0
12.052237 65.471306 0.0169 2.0 22.0
12.052237 65.471306 0.0170 1.0 23.0
14.8442335 67.04303 0.0170 1.0 23.0
14.8442335 67.04303 0.0171 0.0 24.0
17.63623 68.61475 0.0171 0.0 24.0
17.63623 68.61475 0.0172 0.0 25.0
20.839798 68.56249 0.0172 0.0 25.0
6.4682426 62.32785 0.0173 1.0 21.0
9.26024 63.89958 0.0173 1.0 21.0
9.26024 63.89958 0.0174 0.0 22.0
12.052237 65.471306 0.0174 0.0 22.0
12.052237 65.471306 0.0175 0.0 23.0
15.255803 65.419044 0.0175 0.0 23.0
0.0 25.631945 0.0176 35.0 9.0
0.0 28.835938 0.0176 35.0 9.0
0.0 28.835938 0.0177 34.0 10.0
0.0 32.039932 0.0177 34.0 10.0
0.0 32.039932 0.0178 33.0 11.0
0.0 35.243927 0.0178 33.0 11.0
0.0 35.243927 0.0179 32.0 12.0
0.0 38.44792 0.0179 32.0 12.0
0.0 38.44792 0.0180 31.0 13.0
0.0 41.651917 0.0180 31.0 13.0
0.0 41.651917 0.0181 30.0 14.0
0.0 44.85591 0.0181 30.0 14.0
0.0 44.85591 0.0182 29.0 15.0
0.0 48.059906 0.0182 29.0 15.0
0.0 48.059906 0.0183 28.0 16.0
0.0 51.2639 0.0183 28.0 16.0
0.0 51.2639 0.0184 27.0 17.0
-1.6170607 54.02989 0.0184 27.0 17.0
-1.6170607 54.02989 0.0185 26.0 18.0
-3.2341213 56.795876 0.0185 26.0 18.0
-3.2341213 56.795876 0.0186 25.0 19.0
-4.851182 59.561863 0.0186 25.0 19.0
-4.851182 59.561863 0.0187 24.0 20.0
-6.4682426 62.32785 0.0187 24.0 20.0
-6.4682426 62.32785 0.0188 23.0 21.0
-8.085303 65.09384 0.0188 23.0 21.0
-8.085303 65.09384 0.0189 22.0 22.0
-9.702364 67.85983 0.0189 22.0 22.0
-9.702364 67.85983 0.0190 21.0 23.0
-11.319425 70.625824 0.0190 21.0 23.0
-11.319425 70.625824 0.0191 20.0 24.0
-12.936485 73.391815 0.0191 20.0 24.0
-12.936485 73.391815 0.0192 19.0 25.0
-14.553546 76.15781 0.0192 19.0 25.0
-14.553546 76.15781 0.0193 18.0 26.0
-16.170607 78.9238 0.0193 18.0 26.0
-16.170607 78.9238 0.0194 17.0 27.0
-17.787666 81.68979 0.0194 17.0 27.0
-17.787666 81.68979 0.0195 16.0 28.0
-19.404728 84.45578 0.0195 16.0 28.0
-19.404728 84.45578 0.0196 7.0 29.0
-19.404728 87.659775 0.0196 7.0 29.0
-19.404728 87.659775 0.0197 6.0 30.0
-19.404728 90.86377 0.0197 6.0 30.0
-19.404728 90.86377 0.0198 1.0 31.0
-17.787666 93.62976 0.0198 1.0 31.0
-17.787666 93.62976 0.0199 0.0 32.0
-16.170605 96.39575 0.0199 0.0 32.0
-16.170605 96.39575 0.0200 0.0 33.0
-13.378608 97.967476 0.0200 0.0 33.0
-19.404728 90.86377 0.0201 1.0 31.0
-16.612732 92.43549 0.0201 1.0 31.0
-16.612732 92.43549 0.0202 0.0 32.0
-13.820735 94.00722 0.0202 0.0 32.0
-13.820735 94.00722 0.0203 0.0 33.0
-10.617168 93.954956 0.0203 0.0 33.0
-19.404728 90.86377 0.0204 5.0 31.0
-19.404728 94.067764 0.0204 5.0 31.0
-19.404728 94.067764 0.0205 4.0 32.0
-19.404728 97.27176 0.0205 4.0 32.0
-19.404728 97.27176 0.0206 3.0 33.0
-17.787666 100.03775 0.0206 3.0 33.0
-17.787666 100.03775 0.0207 2.0 34.0
-16.170605 102.80374 0.0207 2.0 34.0
-16.170605 102.80374 0.0208 1.0 35.0
-14.553544 105.56973 0.0208 1.0 35.0
-14.553544 105.56973 0.0209 0.0 36.0
-12.936483 108.335724 0.0209 0.0 36.0
-12.936483 108.335724 0.0210 0.0 37.0
-10.144486 109.90745 0.0210 0.0 37.0
-19.404728 97.27176 0.0211 1.0 33.0
-17.787666 100.03775 0.0211 1.0 33.0
-17.787666 100.03775 0.0212 0.0 34.0
-16.170605 102.80374 0.0212 0.0 34.0
-16.170605 102.80374 0.0213 0.0 35.0
-13.378608 104.375465 0.0213 0.0 35.0
-19.404728 84.45578 0.0214 7.0 29.0
-17.787666 87.22177 0.0214 7.0 29.0
-17.787666 87.22177 0.0215 6.0 30.0
-16.170605 89.98776 0.0215 6.0 30.0
-16.170605 89.98776 0.0216 1.0 31.0
-13.378608 91.55949 0.0216 1.0 31.0
-13.378608 91.55949 0.0217 0.0 32.0
-10.586611 93.13121 0.0217 0.0 32.0
-10.586611 93.13121 0.0218 0.0 33.0
-7.3830442 93.07895 0.0218 0.0 33.0
-16.170605 89.98776 0.0219 1.0 31.0
-12.967038 89.9355 0.0219 1.0 31.0
-12.967038 89.9355 0.0220 0.0 32.0
-9.763472 89.88324 0.0220 0.0 32.0
-9.763472 89.88324 0.0221 0.0 33.0
-7.0242295 88.221275 0.0221 0.0 33.0
-16.170605 89.98776 0.0222 5.0 31.0
-14.553544 92.75375 0.0222 5.0 31.0
-14.553544 92.75375 0.0223 4.0 32.0
-12.936483 95.519745 0.0223 4.0 32.0
-12.936483 95.519745 0.0224 3.0 33.0
-10.144486 97.09147 0.0224 3.0 33.0
-10.144486 97.09147 0.0225 2.0 34.0
-7.3524895 98.66319 0.0225 2.0 34.0
-7.3524895 98.66319 0.0226 1.0 35.0
-4.5604925 100.23492 0.0226 1.0 35.0
-4.5604925 100.23492 0.0227 0.0 36.0
-1.7684953 101.80664 0.0227 0.0 36.0
-1.7684953 101.80664 0.0228 0.0 37.0
1.4350715 101.75438 0.0228 0.0 37.0
-12.936483 95.519745 0.0229 1.0 33.0
-10.144486 97.09147 0.0229 1.0 33.0
-10.144486 97.09147 0.0230 0.0 34.0
-7.3524895 98.66319 0.0230 0.0 34.0
-7.3524895 98.66319 0.0231 0.0 35.0
-4.148923 98.61093 0.0231 0.0 35.0
-19.404728 84.45578 0.0232 15.0 29.0
-21.02179 87.22177 0.0232 15.0 29.0
-21.02179 87.22177 0.0233 14.0 30.0
-22.638851 89.98776 0.0233 14.0 30.0
-22.638851 89.98776 0.0234 13.0 31.0
-24.255913 92.75375 0.0234 13.0 31.0
-24.255913 92.75375 0.0235 12.0 32.0
-25.872974 95.519745 0.0235 12.0 32.0
-25.872974 95.519745 0.0236 11.0 33.0
-25.872974 98.72374 0.0236 11.0 33.0
-25.872974 98.72374 0.0237 10.0 34.0
-25.872974 101.927734 0.0237 10.0 34.0
-25.872974 101.927734 0.0238 9.0 35.0
-25.872974 105.13173 0.0238 9.0 35.0
-25.872974 105.13173 0.0239 8.0 36.0
-25.872974 108.335724 0.0239 8.0 36.0
-25.872974 108.335724 0.0240 7.0 37.0
-25.872974 111.53972 0.0240 7.0 37.0
-25.872974 111.53972 0.0241 6.0 38.0
-25.872974 114.74371 0.0241 6.0 38.0
-25.872974 114.74371 0.0242 1.0 39.0
-24.255913 117.509705 0.0242 1.0 39.0
-24.255913 117.509705 0.0243 0.0 40.0
-22.638851 120.275696 0.0243 0.0 40.0
-22.638851 120.275696 0.0244 0.0 41.0
-19.846855 121.84742 0.0244 0.0 41.0
-25.872974 114.74371 0.0245 1.0 39.0
-23.080978 116.31544 0.0245 1.0 39.0
-23.080978 116.31544 0.0246 0.0 40.0
-20.28898 117.88716 0.0246 0.0 40.0
-20.28898 117.88716 0.0247 0.0 41.0
-17.085413 117.8349 0.0247 0.0 41.0
-25.872974 114.74371 0.0248 5.0 39.0
-25.872974 117.94771 0.0248 5.0 39.0
-25.872974 117.94771 0.0249 4.0 40.0
-25.872974 121.1517 0.0249 4.0 40.0
-25.872974 121.1517 0.0250 3.0 41.0
-24.255913 123.917694 0.0250 3.0 41.0
-24.255913 123.917694 0.0251 2.0 42.0
-22.638851 126.683685 0.0251 2.0 42.0
-22.638851 126.683685 0.0252 1.0 43.0
-21.02179 129.44968 0.0252 1.0 43.0
-21.02179 129.44968 0.0253 0.0 44.0
-19.404728 132.21567 0.0253 0.0 44.0
-19.404728 132.21567 0.0254 0.0 45.0
-16.612732 133.7874 0.0254 0.0 45.0
-25.872974 121.1517 0.0255 1.0 41.0
-24.255913 123.917694 0.0255 1.0 41.0
-24.255913 123.917694 0.0256 0.0 42.0
-22.638851 126.683685 0.0256 0.0 42.0
-22.638851 126.683685 0.0257 0.0 43.0
-19.846855 128.25542 0.0257 0.0 43.0
-25.872974 95.519745 0.0258 7.0 33.0
-25.872974 98.72374 0.0258 7.0 33.0
-25.872974 98.72374 0.0259 6.0 34.0
-25.872974 101.927734 0.0259 6.0 34.0
-25.872974 101.927734 0.0260 1.0 35.0
-24.255913 104.693726 0.0260 1.0 35.0
-24.255913 104.693726 0.0261 0.0 36.0
-22.638851 107.45972 0.0261 0.0 36.0
-22.638851 107.45972 0.0262 0.0 37.0
-19.846855 109.03144 0.0262 0.0 37.0
-25.872974 101.927734 0.0263 1.0 35.0
-23.080978 103.49946 0.0263 1.0 35.0
-23.080978 103.49946 0.0264 0.0 36.0
-20.28898 105.07118 0.0264 0.0 36.0
-20.28898 105.07118 0.0265 0.0 37.0
-17.085413 105.01892 0.0265 0.0 37.0
-25.872974 101.927734 0.0266 5.0 35.0
-25.872974 105.13173 0.0266 5.0 35.0
-25.872974 105.13173 0.0267 4.0 36.0
-25.872974 108.335724 0.0267 4.0 36.0
-25.872974 108.335724 0.0268 3.0 37.0
-24.255913 111.101715 0.0268 3.0 37.0
-24.255913 111.101715 0.0269 2.0 38.0
-22.638851 113.86771 0.0269 2.0 38.0
-22.638851 113.86771 0.0270 1.0 39.0
-21.02179 116.6337 0.0270 1.0 39.0
-21.02179 116.6337 0.0271 0.0 40.0
-19.404728 119.39969 0.0271 0.0 40.0
-19.404728 119.39969 0.0272 0.0 41.0
-16.612732 120.97141 0.0272 0.0 41.0
-25.872974 108.335724 0.0273 1.0 37.0
-24.255913 111.101715 0.0273 1.0 37.0
-24.255913 111.101715 0.0274 0.0 38.0
-22.638851 113.86771 0.0274 0.0 38.0
-22.638851 113.86771 0.0275 0.0 39.0
-19.846855 115.43943 0.0275 0.0 39.0
0.0 51.2639 0.0276 19.0 17.0
1.6170607 54.02989 0.0276 19.0 17.0
1.6170607 54.02989 0.0277 18.0 18.0
3.2341213 56.795876 0.0277 18.0 18.0
3.2341213 56.795876 0.0278 17.0 19.0
4.851182 59.561863 0.0278 17.0 19.0
4.851182 59.561863 0.0279 16.0 20.0
6.4682426 62.32785 0.0279 16.0 20.0
6.4682426 62.32785 0.0280 7.0 21.0
9.26024 63.89958 0.0280 7.0 21.0
9.26024 63.89958 0.0281 6.0 22.0
12.052237 65.471306 0.0281 6.0 22.0
12.052237 65.471306 0.0282 1.0 23.0
15.255803 65.419044 0.0282 1.0 23.0
15.255803 65.419044 0.0283 0.0 24.0
18.45937 65.36678 0.0283 0.0 24.0
18.45937 65.36678 0.0284 0.0 25.0
21.198612 63.70482 0.0284 0.0 25.0
12.052237 65.471306 0.0285 1.0 23.0
14.791479 63.80934 0.0285 1.0 23.0
14.791479 63.80934 0.0286 0.0 24.0
17.530722 62.147377 0.0286 0.0 24.0
17.530722 62.147377 0.0287 0.0 25.0
19.056696 59.330112 0.0287 0.0 25.0
12.052237 65.471306 0.0288 5.0 23.0
14.8442335 67.04303 0.0288 5.0 23.0
14.8442335 67.04303 0.0289 4.0 24.0
17.63623 68.61475 0.0289 4.0 24.0
17.63623 68.61475 0.0290 3.0 25.0
20.839798 68.56249 0.0290 3.0 25.0
20.839798 68.56249 0.0291 2.0 26.0
24.043365 68.51023 0.0291 2.0 26.0
24.043365 68.51023 0.0292 1.0 27.0
27.246933 68.45797 0.0292 1.0 27.0
27.246933 68.45797 0.0293 0.0 28.0
30.4505 68.40571 0.0293 0.0 28.0
30.4505 68.40571 0.0294 0.0 29.0
33.189743 66.743744 0.0294 0.0 29.0
17.63623 68.61475 0.0295 1.0 25.0
20.839798 68.56249 0.0295 1.0 25.0
20.839798 68.56249 0.0296 0.0 26.0
24.043365 68.51023 0.0296 0.0 26.0
24.043365 68.51023 0.0297 0.0 27.0
26.782608 66.84827 0.0297 0.0 27.0
6.4682426 62.32785 0.0298 7.0 21.0
9.671809 62.275585 0.0298 7.0 21.0
9.671809 62.275585 0.0299 6.0 22.0
12.875376 62.22332 0.0299 6.0 22.0
12.875376 62.22332 0.0300 1.0 23.0
15.614618 60.561356 0.0300 1.0 23.0
15.614618 60.561356 0.0301 0.0 24.0
18.35386 58.89939 0.0301 0.0 24.0
18.35386 58.89939 0.0302 0.0 25.0
19.879835 56.082127 0.0302 0.0 25.0
12.875376 62.22332 0.0303 1.0 23.0
14.401351 59.406055 0.0303 1.0 23.0
14.401351 59.406055 0.0304 0.0 24.0
15.927326 56.58879 0.0304 0.0 24.0
15.927326 56.58879 0.0305 0.0 25.0
15.822814 53.3865 0.0305 0.0 25.0
12.875376 62.22332 0.0306 5.0 23.0
16.078943 62.171055 0.0306 5.0 23.0
16.078943 62.171055 0.0307 4.0 24.0
19.28251 62.11879 0.0307 4.0 24.0
19.28251 62.11879 0.0308 3.0 25.0
22.021753 60.456825 0.0308 3.0 25.0
22.021753 60.456825 0.0309 2.0 26.0
24.760996 58.79486 0.0309 2.0 26.0
24.760996 58.79486 0.0310 1.0 27.0
27.500238 57.132896 0.0310 1.0 27.0
27.500238 57.132896 0.0311 0.0 28.0
30.239481 55.470932 0.0311 0.0 28.0
30.239481 55.470932 0.0312 0.0 29.0
31.765455 52.653667 0.0312 0.0 29.0
19.28251 62.11879 0.0313 1.0 25.0
22.021753 60.456825 0.0313 1.0 25.0
22.021753 60.456825 0.0314 0.0 26.0
24.760996 58.79486 0.0314 0.0 26.0
24.760996 58.79486 0.0315 0.0 27.0
26.28697 55.977596 0.0315 0.0 27.0
6.4682426 62.32785 0.0316 15.0 21.0
8.085303 65.09384 0.0316 15.0 21.0
8.085303 65.09384 0.0317 14.0 22.0
9.702364 67.85983 0.0317 14.0 22.0
9.702364 67.85983 0.0318 13.0 23.0
11.319425 70.625824 0.0318 13.0 23.0
11.319425 70.625824 0.0319 12.0 24.0
12.936485 73.391815 0.0319 12.0 24.0
12.936485 73.391815 0.0320 11.0 25.0
15.728482 74.96354 0.0320 11.0 25.0
15.728482 74.96354 0.0321 10.0 26.0
18.52048 76.53526 0.0321 10.0 26.0
18.52048 76.53526 0.0322 9.0 27.0
21.312477 78.10699 0.0322 9.0 27.0
21.312477 78.10699 0.0323 8.0 28.0
24.104473 79.67871 0.0323 8.0 28.0
24.104473 79.67871 0.0324 7.0 29.0
26.89647 81.250435 0.0324 7.0 29.0
26.89647 81.250435 0.0325 6.0 30.0
29.688465 82.82216 0.0325 6.0 30.0
29.688465 82.82216 0.0326 1.0 31.0
32.892033 82.7699 0.0326 1.0 31.0
32.892033 82.7699 0.0327 0.0 32.0
36.0956 82.717636 0.0327 0.0 32.0
36.0956 82.717636 0.0328 0.0 33.0
38.834843 81.05567 0.0328 0.0 33.0
29.688465 82.82216 0.0329 1.0 31.0
32.427708 81.160194 0.0329 1.0 31.0
32.427708 81.160194 0.0330 0.0 32.0
35.16695 79.49823 0.0330 0.0 32.0
35.16695 79.49823 0.0331 0.0 33.0
36.692924 76.68097 0.0331 0.0 33.0
29.688465 82.82216 0.0332 5.0 31.0
32.48046 84.39388 0.0332 5.0 31.0
32.48046 84.39388 0.0333 4.0 32.0
35.272457 85.96561 0.0333 4.0 32.0
35.272457 85.96561 0.0334 3.0 33.0
38.476025 85.913345 0.0334 3.0 33.0
38.476025 85.913345 0.0335 2.0 34.0
41.679592 85.861084 0.0335 2.0 34.0
41.679592 85.861084 0.0336 1.0 35.0
44.88316 85.80882 0.0336 1.0 35.0
44.88316 85.80882 0.0337 0.0 36.0
48.086727 85.75656 0.0337 0.0 36.0
48.086727 85.75656 0.0338 0.0 37.0
50.82597 84.0946 0.0338 0.0 37.0
35.272457 85.96561 0.0339 1.0 33.0
38.476025 85.913345 0.0339 1.0 33.0
38.476025 85.913345 0.0340 0.0 34.0
41.679592 85.861084 0.0340 0.0 34.0
41.679592 85.861084 0.0341 0.0 35.0
44.418835 84.19912 0.0341 0.0 35.0
12.936485 73.391815 0.0342 7.0 25.0
15.728482 74.96354 0.0342 7.0 25.0
15.728482 74.96354 0.0343 6.0 26.0
18.52048 76.53526 0.0343 6.0 26.0
18.52048 76.53526 0.0344 1.0 27.0
21.724047 76.483 0.0344 1.0 27.0
21.724047 76.483 0.0345 0.0 28.0
24.927614 76.43074 0.0345 0.0 28.0
24.927614 76.43074 0.0346 0.0 29.0
27.666857 74.768776 0.0346 0.0 29.0
18.52048 76.53526 0.0347 1.0 27.0
21.259722 74.8733 0.0347 1.0 27.0
21.259722 74.8733 0.0348 0.0 28.0
23.998964 73.211334 0.0348 0.0 28.0
23.998964 73.211334 0.0349 0.0 29.0
25.524939 70.39407 0.0349 0.0 29.0
18.52048 76.53526 0.0350 5.0 27.0
21.312477 78.10699 0.0350 5.0 27.0
21.312477 78.10699 0.0351 4.0 28.0
24.104475 79.67871 0.0351 4.0 28.0
24.104475 79.67871 0.0352 3.0 29.0
27.308043 79.62645 0.0352 3.0 29.0
27.308043 79.62645 0.0353 2.0 30.0
30.51161 79.57419 0.0353 2.0 30.0
30.51161 79.57419 0.0354 1.0 31.0
33.715176 79.52193 0.0354 1.0 31.0
33.715176 79.52193 0.0355 0.0 32.0
36.918743 79.469666 0.0355 0.0 32.0
36.918743 79.469666 0.0356 0.0 33.0
39.657986 77.8077 0.0356 0.0 33.0
24.104475 79.67871 0.0357 1.0 29.0
27.308043 79.62645 0.0357 1.0 29.0
27.308043 79.62645 0.0358 0.0 30.0
30.51161 79.57419 0.0358 0.0 30.0
30.51161 79.57419 0.0359 0.0 31.0
33.25085 77.912224 0.0359 0.0 31.0
