0.0 0.0 0.00 11.0 1.0
0.0 1.5729437 0.00 11.0 1.0
0.0 1.5729437 0.01 10.0 2.0
0.0 3.1458874 0.01 10.0 2.0
0.0 3.1458874 0.02 1.0 3.0
0.0 4.718831 0.02 1.0 3.0
0.0 4.718831 0.03 0.0 4.0
-1.0850966 5.857566 0.03 0.0 4.0
-1.0850966 5.857566 0.04 0.0 5.0
-2.6562114 5.9334 0.04 0.0 5.0
0.0 3.1458874 0.05 1.0 3.0
-1.1897248 2.1169527 0.05 1.0 3.0
-1.1897248 2.1169527 0.06 0.0 4.0
-2.7608395 2.1927865 0.06 0.0 4.0
-2.7608395 2.1927865 0.07 0.0 5.0
-3.8459363 3.3315213 0.07 0.0 5.0
0.0 3.1458874 0.08 9.0 3.0
-1.5711147 3.2217214 0.08 9.0 3.0
-1.5711147 3.2217214 0.09 8.0 4.0
-3.1422293 3.2975554 0.09 8.0 4.0
-3.1422293 3.2975554 0.010 1.0 5.0
-4.713344 3.3733892 0.010 1.0 5.0
-4.713344 3.3733892 0.011 0.0 6.0
-5.903069 2.3444545 0.011 0.0 6.0
-5.903069 2.3444545 0.012 0.0 7.0
-6.0545607 0.778823 0.012 0.0 7.0
-3.1422293 3.2975554 0.013 1.0 5.0
-2.1718497 2.0596073 0.013 1.0 5.0
-2.1718497 2.0596073 0.014 0.0 6.0
-2.3233414 0.49397576 0.014 0.0 6.0
-2.3233414 0.49397576 0.015 0.0 7.0
-3.5130663 -0.53495896 0.015 0.0 7.0
-3.1422293 3.2975554 0.016 7.0 5.0
-3.293721 1.7319239 0.016 7.0 5.0
-3.293721 1.7319239 0.017 6.0 6.0
-3.4452126 0.16629243 0.017 6.0 6.0
-3.4452126 0.16629243 0.018 1.0 7.0
-3.5967042 -1.3993391 0.018 1.0 7.0
-3.5967042 -1.3993391 0.019 0.0 8.0
-2.6263247 -2.6372871 0.019 0.0 8.0
-2.6263247 -2.6372871 0.020 0.0 9.0
-1.0698174 -2.8640847 0.020 0.0 9.0
-3.4452126 0.16629243 0.021 1.0 7.0
-2.1619203 1.0758598 0.021 1.0 7.0
-2.1619203 1.0758598 0.022 0.0 8.0
-0.6054131 0.8490623 0.022 0.0 8.0
-0.6054131 0.8490623 0.023 0.0 9.0
0.3649664 -0.38888586 0.023 0.0 9.0
-3.4452126 0.16629243 0.024 5.0 7.0
-2.1619203 1.0758598 0.024 5.0 7.0
-2.1619203 1.0758598 0.025 4.0 8.0
-0.878628 1.9854271 0.025 4.0 8.0
-0.878628 1.9854271 0.026 1.0 9.0
0.40466428 2.8949945 0.026 1.0 9.0
0.40466428 2.8949945 0.027 0.0 10.0
0.70624 4.4387574 0.027 0.0 10.0
0.70624 4.4387574 0.028 0.0 11.0
-0.14039981 5.764409 0.028 0.0 11.0
-0.878628 1.9854271 0.029 1.0 9.0
-2.4060562 2.3610797 0.029 1.0 9.0
-2.4060562 2.3610797 0.030 0.0 10.0
-3.252696 3.6867316 0.030 0.0 10.0
-3.252696 3.6867316 0.031 0.0 11.0
-2.9511204 5.2304945 0.031 0.0 11.0
-0.878628 1.9854271 0.032 3.0 9.0
-2.4060562 2.3610797 0.032 3.0 9.0
-2.4060562 2.3610797 0.033 2.0 10.0
-3.9334843 2.7367322 0.033 2.0 10.0
-3.9334843 2.7367322 0.034 1.0 11.0
-5.4609127 3.112384 0.034 1.0 11.0
-5.4609127 3.112384 0.035 0.0 12.0
-6.825841 2.3306403 0.035 0.0 12.0
-6.825841 2.3306403 0.036 0.0 13.0
-7.274696 0.823099 0.036 0.0 13.0
-3.9334843 2.7367322 0.037 1.0 11.0
-3.218455 1.3357022 0.037 1.0 11.0
-3.218455 1.3357022 0.038 0.0 12.0
-3.6673102 -0.17183912 0.038 0.0 12.0
-3.6673102 -0.17183912 0.039 0.0 13.0
-5.032238 -0.953583 0.039 0.0 13.0
-3.1422293 3.2975554 0.040 7.0 5.0
-1.858937 4.207123 0.040 7.0 5.0
-1.858937 4.207123 0.041 6.0 6.0
-0.57564473 5.11669 0.041 6.0 6.0
-0.57564473 5.11669 0.042 1.0 7.0
0.70764756 6.0262575 0.042 1.0 7.0
0.70764756 6.0262575 0.043 0.0 8.0
1.0092232 7.5700207 0.043 0.0 8.0
1.0092232 7.5700207 0.044 0.0 9.0
0.16258341 8.895673 0.044 0.0 9.0
-0.57564473 5.11669 0.045 1.0 7.0
-2.103073 5.492343 0.045 1.0 7.0
-2.103073 5.492343 0.046 0.0 8.0
-2.9497128 6.817995 0.046 0.0 8.0
-2.9497128 6.817995 0.047 0.0 9.0
-2.648137 8.361758 0.047 0.0 9.0
-0.57564473 5.11669 0.048 5.0 7.0
-0.274069 6.660453 0.048 5.0 7.0
-0.274069 6.660453 0.049 4.0 8.0
0.02750671 8.204216 0.049 4.0 8.0
0.02750671 8.204216 0.050 1.0 9.0
0.32908243 9.747979 0.050 1.0 9.0
0.32908243 9.747979 0.051 0.0 10.0
-0.5175574 11.073631 0.051 0.0 10.0
-0.5175574 11.073631 0.052 0.0 11.0
-2.0449855 11.449284 0.052 0.0 11.0
0.02750671 8.204216 0.053 1.0 9.0
-1.3374213 7.422472 0.053 1.0 9.0
-1.3374213 7.422472 0.054 0.0 10.0
-2.8648496 7.798124 0.054 0.0 10.0
-2.8648496 7.798124 0.055 0.0 11.0
-3.7114902 9.1237755 0.055 0.0 11.0
0.02750671 8.204216 0.056 3.0 9.0
-0.8191331 9.529868 0.056 3.0 9.0
-0.8191331 9.529868 0.057 2.0 10.0
-1.6657729 10.85552 0.057 2.0 10.0
-1.6657729 10.85552 0.058 1.0 11.0
-2.5124128 12.181172 0.058 1.0 11.0
-2.5124128 12.181172 0.059 0.0 12.0
-4.0398407 12.556825 0.059 0.0 12.0
-4.0398407 12.556825 0.060 0.0 13.0
-5.404769 11.775081 0.060 0.0 13.0
-1.6657729 10.85552 0.061 1.0 11.0
-2.114628 9.347979 0.061 1.0 11.0
-2.114628 9.347979 0.062 0.0 12.0
-3.479556 8.566235 0.062 0.0 12.0
-3.479556 8.566235 0.063 0.0 13.0
-5.0069847 8.941887 0.063 0.0 13.0
